-23
-26
-38
-40
-35
-31
-23
-19
-12
-2
8
13
15
21
20
12
11
7
2
4
2
-3
3
12
9
9
23
27
25
29
35
38
35
26
14
21
19
4
-10
-4
8
4
11
3
2
11
16
17
13
15
13
9
-2
-5
-13
-20
-30
-41
-42
-37
-31
-33
-27
-12
0
7
13
13
10
11
11
7
-5
3
9
4
8
16
23
0
-25
-13
-3
-9
-18
-17
-8
-12
-5
16
22
12
7
-3
-14
-11
-22
-48
-74
-86
-77
-82
-75
-33
12
60
102
107
107
105
67
19
-5
-20
-54
-74
-64
-51
-39
-20
-4
7
26
34
30
54
55
40
21
8
-9
-23
-33
-40
-35
-16
-12
-14
-2
2
6
-17
-22
-21
-20
-20
-33
-32
-1
25
24
20
-7
-40
-74
-88
-98
-85
-63
-54
-5
56
70
66
70
50
16
0
-4
-7
14
22
31
63
89
66
22
-13
-38
-33
-18
-12
14
75
104
105
135
152
115
61
26
9
1
-24
-62
-79
-46
-19
-44
-41
-3
10
14
14
25
57
68
38
39
80
85
74
61
51
18
-13
-33
-74
-60
-47
-42
-35
9
58
64
63
28
4
-2
-35
-81
-109
-105
-85
-77
-76
-62
-46
-51
-74
-73
-63
-95
-107
-68
-35
-25
1
2
29
60
58
24
-6
-53
-96
-128
-123
-115
-119
-109
-120
-129
-140
-130
-150
-161
-153
-155
-146
-136
-145
-128
-78
-31
32
139
233
277
310
346
342
315
274
213
172
148
114
111
154
192
204
220
237
226
214
188
170
158
130
124
123
107
88
56
53
76
65
35
35
35
80
121
112
102
60
-1
-35
-68
-158
-245
-287
-317
-362
-342
-279
-247
-172
-103
-91
-127
-101
-112
-186
-225
-209
-165
-142
-108
-138
-157
-125
-58
-60
-93
-101
-114
-104
-143
-343
-583
-820
-1265
-1765
-1998
-1912
-1653
-1092
-225
803
1701
2283
2475
2440
2255
1672
741
-99
-639
-1000
-1135
-1098
-831
-335
306
829
1002
1115
1173
1133
972
755
525
405
532
716
750
750
822
652
173
-372
-648
-716
-593
-216
342
1110
1892
2344
2454
2407
1963
1125
75
-896
-1699
-2192
-2464
-2473
-2147
-1604
-969
-525
-6
541
1027
1326
1415
1486
1445
1174
543
-234
-967
-1701
-2568
-3166
-3446
-3457
-3295
-2949
-2083
-1046
-119
556
1135
1673
2115
2065
1661
1141
757
442
-3
-405
-774
-1090
-1453
-1722
-2117
-4440
-8825
-11454
-8979
-3813
-145
1018
2384
6242
10633
11602
8595
4931
2805
1344
-1136
-4087
-6222
-5865
-3417
-945
188
913
2510
4253
4796
3419
1764
1514
2584
2692
1038
-178
805
2971
3995
2802
368
-869
-802
-1378
-2909
-3526
-3156
-2178
-329
2324
4837
6089
5448
3705
2738
2484
1173
-1789
-4824
-6711
-7107
-6406
-5156
-3971
-2782
-1458
-148
1531
3537
4656
4509
3653
2742
2359
2203
1433
-400
-2652
-4338
-5129
-5201
-4955
-4910
-4855
-3927
-1898
482
2575
4012
4721
5019
4884
4394
3589
2292
128
-2300
-3893
-4359
-4127
-4008
-4114
-3908
-2787
-992
757
2065
2718
2904
3092
3277
3038
2153
851
-285
-1092
-1686
-2351
-4137
-7120
-9256
-8382
-5603
-2851
-771
1321
4238
7161
8600
8108
6880
5305
3255
795
-1202
-2636
-3450
-3434
-2949
-2095
-725
853
1705
1887
1811
2216
2961
3376
3137
2683
2735
3024
2875
2408
1743
565
-693
-1861
-2535
-2666
-2482
-2464
-2142
-757
1361
3208
3808
3370
2485
1962
1674
901
-461
-1950
-3233
-3972
-3883
-3275
-2691
-2526
-2361
-1926
-805
742
1905
2304
2261
2129
2063
1933
1280
-97
-1827
-3332
-4375
-4676
-4307
-3697
-3181
-2402
-1086
632
2138
2978
3114
2895
2616
2118
1327
474
-385
-1076
-1470
-1807
-2056
-2218
-2388
-2446
-2048
-1269
-240
607
1368
886
-2599
-7021
-7903
-4699
-1488
-328
68
2397
6326
8717
7447
4543
2646
1797
247
-1842
-3194
-3340
-1859
192
1765
2669
3819
4607
4180
2750
1292
534
440
-78
-1461
-1953
-463
1350
1758
1849
2047
1838
1035
236
122
452
312
-464
77
2327
4244
4094
2487
708
-606
-1598
-2712
-4006
-5153
-5801
-6195
-5469
-3639
-1746
-786
-387
308
1253
2457
3332
3659
3308
2608
1801
1153
612
-766
-2914
-4861
-5715
-5515
-4909
-4319
-3390
-1892
-229
1154
2302
3383
3835
3567
2985
2446
2142
1646
551
-593
-969
-979
-917
-863
-909
-1024
-1053
-756
-150
796
1451
1492
1625
1900
1665
397
-1742
-4893
-8202
-9606
-7950
-4701
-1710
500
2837
5943
8716
9296
7408
4933
3096
1418
-652
-2600
-3699
-3280
-1778
-559
-23
408
997
1150
493
-473
-880
-203
1010
1690
1937
2776
4132
5072
4744
3286
1424
-416
-2138
-3466
-4679
-5875
-6005
-3899
-870
1721
3773
4817
4944
4466
3525
1712
-355
-2097
-3852
-5213
-5014
-3966
-3109
-2290
-1442
-613
420
1824
2623
2777
2935
3007
2650
2418
2308
1579
177
-1644
-3514
-4777
-4906
-4786
-4743
-3945
-2060
191
2374
4212
5321
5778
5459
4514
3218
1785
121
-1802
-3453
-4342
-4573
-4446
-4020
-3339
-2420
-1534
-672
369
1623
2623
3122
3019
2396
1429
-583
-4342
-8598
-10577
-9126
-6237
-3943
-2041
675
4536
7713
8425
7079
5380
4039
2609
861
-838
-1870
-1538
-154
1074
1447
1352
1483
1474
680
-813
-1927
-1775
-851
-155
550
2045
4179
5941
6672
6228
5093
3534
1553
-983
-3574
-5350
-5795
-5224
-4018
-1813
861
2730
3218
3499
3526
2600
767
-1275
-3316
-4845
-5304
-4589
-3119
-1603
-495
169
1301
2469
2823
2311
1795
1104
448
565
1141
1098
-66
-1368
-2277
-2759
-3468
-4476
-5192
-4805
-3800
-2630
-826
1436
3409
4655
5318
5348
4802
3630
1700
-837
-3049
-4115
-4265
-4011
-3691
-3449
-2903
-1746
-414
767
1616
1997
1987
1993
2204
2314
1967
1510
1205
1236
347
-3382
-8951
-11902
-10239
-6884
-4617
-3060
-1
4959
9528
11066
10346
9260
8033
5491
1980
-1046
-3023
-3767
-3524
-2793
-2145
-1233
-10
938
1356
1023
581
928
1491
1289
747
1454
2857
3535
3352
2810
2122
1103
-513
-2424
-3650
-4325
-5005
-5060
-3551
-1219
740
2029
2735
3165
3885
4264
3353
1643
-420
-2943
-5054
-5710
-5395
-4807
-4186
-3422
-1986
446
2761
3967
4300
4457
4244
3585
3115
2341
656
-1737
-4006
-5332
-5289
-4711
-4594
-4387
-3229
-1253
838
2992
4868
5866
5737
4931
4069
3436
2398
182
-2323
-3714
-3908
-4202
-4843
-5024
-4459
-3317
-1820
-198
1478
3023
4001
4601
4850
4383
2761
512
-1293
-2989
-5635
-9360
-11997
-11202
-7713
-4131
-1586
1093
5013
9065
11006
10269
8278
6529
4855
2599
-77
-2160
-3212
-3353
-3023
-2736
-2306
-1483
-523
-9
-197
-564
-212
1015
2134
2457
2690
3896
5385
5869
4941
3291
1685
-87
-2267
-4442
-5633
-5660
-5102
-4114
-1960
1263
3975
4665
4109
4034
4086
2910
875
-1275
-3474
-5005
-5543
-5068
-3804
-2603
-2139
-1117
1309
3554
4125
3830
3787
3590
2825
1945
1283
604
-578
-2514
-4231
-4812
-4963
-5382
-5526
-4806
-3375
-1869
-33
2050
3879
5127
5560
5445
5203
4492
2459
-244
-2283
-3368
-4115
-4949
-5777
-6021
-5284
-3830
-2127
-411
1238
2405
3067
3831
4549
4631
3678
2207
939
229
-303
-1006
-1454
-2754
-6360
-10549
-11333
-8195
-4423
-2143
-501
2708
7317
10647
10868
9130
7379
5532
2834
156
-1804
-3213
-3900
-3967
-3404
-2285
-1140
-742
-784
-437
230
874
1508
2172
2577
3005
3652
4044
4141
4166
3048
709
-1222
-2098
-2810
-3618
-4163
-4231
-3039
-530
1889
3346
3963
3749
3370
3530
3432
2099
52
-1531
-2537
-3141
-3264
-3289
-3699
-4422
-4819
-4123
-2075
235
1607
2453
3575
4726
5299
5093
3898
1559
-1113
-3162
-4243
-4618
-4837
-5213
-5144
-4039
-2301
-484
1035
1831
1995
2043
2363
2987
3684
3686
2692
1622
952
560
-33
-1178
-2895
-4397
-4861
-4362
-3229
-1957
-861
14
1028
2228
3038
2964
1953
314
-2155
-5803
-9211
-9735
-7067
-3613
-1201
617
3379
6799
8863
7964
5346
3074
1615
311
-1259
-2043
-1690
-422
1092
1974
2140
1937
1336
53
-1452
-2454
-2672
-2158
-1290
-194
1444
3776
5771
6406
6104
5239
3632
1361
-952
-2765
-3647
-3743
-3588
-2860
-889
1483
3020
2908
1632
764
626
502
172
-559
-1694
-2316
-2218
-1796
-1383
-1257
-1885
-2699
-2590
-1365
137
1099
1830
2588
3510
4369
4338
3024
1015
-1245
-3521
-4967
-5348
-5180
-5089
-4835
-3876
-1898
531
2687
3991
4609
4934
4660
4189
3565
2409
896
-443
-1420
-1936
-2321
-2965
-3883
-4612
-4825
-4381
-3151
-1571
-256
656
1358
2209
3206
3806
3387
2301
1451
1195
816
-1139
-4569
-8251
-11105
-11973
-10384
-7068
-3458
-13
3414
6934
9729
10843
10080
8315
6133
3549
730
-1445
-2431
-2825
-2914
-2661
-1819
-618
208
508
723
1187
1633
1933
2203
2502
2597
2551
2762
3150
3288
3018
2017
587
-579
-1468
-2392
-3117
-3172
-2534
-1337
-401
635
1815
2701
3005
2941
2463
1465
108
-1650
-3330
-4545
-5331
-5815
-5515
-4520
-3012
-1259
992
3480
5494
6569
6481
5648
4389
2850
717
-1834
-4150
-5770
-6392
-6243
-5650
-4790
-3628
-2059
-476
836
2226
3549
4649
5463
5727
5406
4958
4349
3010
897
-1526
-4019
-6089
-7207
-7793
-7740
-6788
-5082
-3061
-859
1477
3419
4621
4916
4458
3701
2704
1499
89
-1051
-1774
-1968
-1739
-2715
-5818
-9933
-11709
-10283
-6808
-3669
-901
2711
7356
11047
12180
11603
10357
8208
4633
792
-2465
-4393
-5274
-5446
-4652
-2863
-609
1175
2576
3641
4126
3926
3413
2701
1891
1482
1344
1200
1087
1062
919
560
-100
-778
-1412
-2213
-3264
-3893
-3235
-1097
1389
3149
3952
4292
4224
3572
2401
786
-864
-2568
-4285
-5719
-5767
-4592
-3263
-2408
-1519
415
2926
5004
5736
5390
4632
3664
2488
1274
127
-1533
-3842
-6023
-6922
-6305
-5260
-4240
-3105
-1333
928
3090
4640
5530
5720
4887
3582
2325
1181
-428
-2630
-4748
-6170
-6742
-6978
-6861
-6167
-5039
-3817
-2404
-403
1839
3755
4518
4452
4319
4197
3457
1868
56
-1319
-2366
-3497
-4474
-5420
-6559
-8299
-9553
-8836
-5620
-1566
1915
5032
8088
10883
12243
11775
9791
7104
4021
869
-2152
-4219
-5184
-5197
-4244
-2718
-1049
318
1623
2812
3522
3707
3581
3671
3920
4063
3943
3707
3718
3397
2187
468
-1676
-3939
-5543
-6189
-6271
-5821
-4366
-1967
805
3106
4195
4406
4592
4575
3824
2437
712
-970
-2214
-3168
-3687
-3589
-3338
-3154
-3207
-2900
-1860
-512
799
1589
1963
2296
2584
2702
2585
2129
888
-1016
-2812
-3679
-3704
-3732
-3995
-3818
-2672
-807
1032
2477
3594
4114
3635
2531
1425
573
-193
-1531
-3105
-3994
-4267
-4314
-4402
-4246
-3668
-2750
-1613
-470
911
2280
2978
3006
3129
3332
3186
2427
1243
-180
-1348
-2191
-2319
-2263
-3627
-6325
-8921
-9380
-7441
-4157
-1390
1333
4685
8310
10866
11481
10488
8338
5216
1708
-1309
-3677
-4921
-5549
-5450
-4032
-1824
223
1704
2855
3657
4077
3924
3467
3104
2820
2508
2030
1596
1658
1235
-127
-1717
-3044
-3795
-4014
-4069
-4258
-3556
-1621
706
2875
4864
6035
6247
6009
5584
4453
2670
509
-2083
-4193
-5321
-5835
-5841
-5715
-5350
-4619
-2808
61
2816
4619
5351
5414
5053
4666
3910
2614
530
-2096
-4700
-6053
-5803
-5105
-4769
-4663
-3764
-1940
284
1950
2699
2931
2869
2507
1950
1545
844
-514
-2180
-3342
-3594
-3673
-3827
-4194
-4426
-4022
-3066
-1718
-253
1148
2013
2649
3408
3951
3873
3090
1773
268
-1011
-1766
-2352
-2724
-3447
-4888
-6327
-7239
-7142
-5596
-2618
594
3505
6029
8378
9966
10278
9068
6596
3508
618
-1878
-3745
-4330
-4242
-3710
-2624
-1060
523
1775
2651
3121
3379
3473
3492
3299
3021
2613
2063
1676
1456
1065
329
-616
-1760
-2760
-2983
-2680
-2342
-2107
-1684
-953
394
1961
3288
3829
3697
3349
2716
1910
892
-663
-2327
-3444
-4070
-4199
-4088
-3552
-2675
-1173
668
2325
3232
3383
3147
2679
1929
897
-142
-1157
-2106
-3017
-3307
-2886
-1993
-1360
-1254
-927
-237
623
974
865
579
235
-296
-866
-1058
-1191
-1563
-2275
-2793
-2927
-2793
-2740
-2872
-2964
-2632
-1785
-787
204
992
1609
2136
2706
2989
2896
2320
1011
-744
-2089
-2692
-2782
-2343
-2056
-3105
-4943
-6358
-6638
-5621
-3163
-473
1843
4331
7036
9024
9540
8754
6835
4269
1832
-321
-2252
-3408
-4001
-3975
-2887
-958
910
2047
2764
3288
3856
4494
4825
4574
3876
2954
1952
1097
538
-273
-1392
-2208
-2789
-3101
-2750
-2000
-1510
-1108
-611
445
2347
4164
4820
4932
4983
4978
4503
3338
1654
-581
-2753
-4578
-5971
-6672
-6822
-6569
-5563
-3361
-334
2455
4158
4910
5383
5823
5626
4226
2114
-285
-2698
-4812
-5943
-6003
-5793
-5643
-5455
-4612
-3094
-1654
-848
-370
305
936
1492
2064
2593
2506
1594
231
-940
-1784
-2737
-4055
-5530
-6246
-5847
-4510
-2866
-1064
851
2510
3847
4920
5505
5143
3994
2255
715
-377
-1576
-2903
-3832
-4235
-4816
-5684
-6729
-6915
-5512
-2639
264
2806
5438
7940
9724
10071
9014
7021
4764
2362
-131
-2482
-3984
-4541
-4239
-3186
-1716
-262
976
2033
2945
3771
4630
5019
4730
4151
3661
3063
2274
1318
41
-1359
-2603
-3704
-4291
-4082
-3437
-2927
-2007
-294
1947
3967
5008
5303
5202
4627
3555
2447
1013
-334
-1639
-3190
-4434
-4978
-5108
-4980
-4456
-3504
-1960
12
1983
3486
4526
5145
5057
4151
2674
889
-1182
-3199
-4956
-6204
-6774
-6703
-6197
-5224
-3803
-2123
-397
1138
2306
2823
2795
2615
2569
2355
1564
85
-1511
-2557
-3413
-4292
-4976
-5220
-5021
-4333
-3153
-1625
294
1985
2973
3871
5049
5584
5051
3784
2172
529
-798
-1930
-2800
-2827
-2221
-2553
-4336
-5963
-6784
-6530
-4918
-2419
92
2991
6130
8477
9536
9471
8354
6316
3633
629
-2322
-4542
-5384
-5327
-4290
-2401
-494
1159
2764
4207
5103
5640
5620
5190
4487
3356
1935
602
-360
-1150
-2211
-3026
-3427
-3431
-2838
-2247
-1945
-936
657
1958
3443
5167
5755
5536
5278
4614
3697
2566
695
-1887
-4110
-5633
-6800
-7526
-7063
-5887
-4436
-2490
-95
2160
4100
5251
5368
5044
4447
3174
1287
-608
-2489
-4412
-5851
-6425
-6411
-5935
-5182
-4410
-3279
-1546
142
1160
1691
2093
2469
2857
2899
2153
1114
228
-667
-1546
-2164
-2730
-3424
-3866
-3765
-3035
-1705
-254
1191
2401
3342
4004
4409
4394
3615
2117
477
-677
-1440
-2049
-2873
-3732
-4181
-4653
-5379
-6043
-6411
-6039
-4329
-1398
1563
3954
5761
7236
7993
7936
6668
4469
1867
-447
-2436
-3685
-3857
-3499
-2605
-1316
336
1956
3176
4006
4281
4368
4343
4061
3419
2659
1909
1157
647
385
49
-412
-921
-1228
-1186
-782
-244
182
709
1468
2561
3295
3295
3131
2993
2327
1356
686
-395
-1770
-2921
-3986
-4641
-4384
-3840
-3209
-2070
-465
1109
2552
3843
4243
3631
2341
914
-529
-1799
-2807
-3798
-4459
-4472
-4203
-3654
-2888
-2073
-1383
-886
-514
-240
-32
316
498
775
1342
1576
1128
333
-492
-1344
-2234
-3223
-4243
-4746
-4436
-3722
-2672
-1057
655
1969
2908
3482
3595
3361
2639
1154
-640
-1971
-2796
-3228
-3049
-2394
-1559
-336
326
-763
-2893
-4654
-5484
-5367
-4032
-2156
145
2827
5511
7374
8242
7965
6383
4081
1797
-317
-2331
-3246
-3141
-2128
-604
1034
2508
3796
4719
4921
4888
4740
4073
2980
2019
1443
1129
893
616
-46
-685
-1019
-1279
-1537
-1471
-1482
-1797
-1118
675
2534
3829
4940
5176
4752
4355
3263
1332
-560
-2383
-4226
-5192
-5021
-4246
-3423
-2624
-1949
-1169
-82
780
774
325
118
18
40
348
344
-148
-663
-1296
-1987
-2675
-3268
-3932
-4498
-4492
-3788
-2786
-1458
-5
1025
1945
2765
3167
2929
2153
807
-723
-2058
-3152
-3804
-4037
-3974
-3656
-3043
-1920
-656
492
1526
2264
2731
2982
2715
1927
956
-123
-1082
-1842
-2148
-2576
-3255
-3937
-4768
-5599
-6099
-6014
-5031
-2778
199
3048
5613
7766
9043
9231
8262
6418
4300
2021
-329
-2590
-3850
-3852
-3087
-1956
-544
1090
2668
4113
5277
6163
6778
6739
5918
4487
3216
2054
641
-734
-1968
-3080
-3749
-3898
-3713
-3250
-2503
-1534
-170
1493
2849
3996
4860
4909
4299
3842
2908
1236
-597
-2542
-4605
-6007
-6709
-6857
-6185
-4823
-3325
-1878
159
2382
4060
4941
5018
4505
3702
2760
1293
-556
-2404
-4244
-5672
-6353
-6402
-6198
-5619
-4576
-3002
-1133
806
2281
3052
3726
4171
3994
3558
3040
2071
494
-1383
-2994
-3833
-4244
-4888
-5397
-5215
-4278
-2984
-1441
454
2241
3489
4172
4415
4273
3548
1976
-69
-1748
-2970
-3626
-3793
-3530
-3321
-3195
-3109
-3136
-3274
-3569
-3825
-3397
-1355
1268
3315
4727
5884
6840
7134
6349
4513
2236
98
-1540
-2753
-2911
-2150
-968
596
2346
4121
5573
6311
6272
5668
4708
3407
2120
1042
-14
-1064
-1904
-2126
-1994
-1807
-1586
-1311
-914
-233
673
1613
2349
2599
2789
3142
3660
3580
2909
1921
608
-812
-2116
-3462
-4748
-5427
-5474
-4884
-3722
-2123
-568
873
2171
3042
3419
3361
2807
1761
640
-332
-1386
-2396
-3155
-3820
-4359
-4646
-4567
-4073
-3255
-2385
-1609
-688
418
1344
1944
2331
2474
2375
2018
1160
-171
-1561
-2700
-3575
-4149
-4332
-4169
-3697
-2935
-1847
-541
820
1884
2424
2456
2290
2018
1437
493
-488
-1341
-1858
-1953
-1786
-1417
-1095
-1136
-1343
-1740
-2510
-3405
-4228
-4408
-3354
-1095
1203
3226
4930
6244
6817
6579
5577
4082
2379
701
-466
-898
-414
422
1497
2806
3933
4635
4933
4819
4146
3108
1821
725
-103
-858
-1295
-1444
-1278
-877
-443
-15
412
610
646
909
1239
1596
1855
1881
1839
1707
1255
456
-332
-1200
-2096
-2752
-3268
-3492
-3414
-3184
-2947
-2344
-1351
-368
454
983
1451
1818
2050
1944
1409
738
-61
-1006
-1960
-2649
-3097
-3584
-3876
-3722
-3127
-2296
-1393
-467
605
1539
2093
2353
2506
2492
2004
1068
129
-674
-1544
-2343
-2881
-3023
-2921
-2699
-2357
-1983
-1438
-930
-616
-204
259
583
487
190
-68
-352
-565
-798
-919
-860
-697
-590
-346
150
408
-30
-740
-1403
-2323
-3413
-4248
-4645
-4186
-2709
-761
1272
3239
5060
6090
6303
5800
4772
3528
2508
1908
1530
1540
1816
2253
2821
3176
2932
2280
1546
735
-209
-840
-1037
-1007
-848
-443
291
1265
2276
2699
2614
2493
2254
1697
969
104
-637
-855
-667
-651
-518
-304
-194
-70
59
-8
-55
-80
-96
-234
-450
-641
-835
-975
-867
-837
-927
-729
-407
-11
301
366
104
-349
-725
-1046
-1423
-1835
-2084
-2339
-2449
-2228
-1889
-1458
-1141
-859
-525
-87
316
489
454
177
-267
-758
-1177
-1439
-1596
-1772
-2101
-2375
-2470
-2399
-2322
-2313
-2196
-1838
-1245
-459
434
1070
1457
1707
1735
1573
1177
462
-527
-1306
-1652
-1562
-1096
-491
14
346
315
-308
-1236
-2348
-3262
-3632
-2775
-983
885
2712
4422
5912
6686
6679
5713
4243
2666
1148
-357
-1084
-865
-307
439
1287
2171
2892
3380
3128
2341
1503
656
-165
-758
-889
-655
-221
262
849
1407
1747
1572
984
382
85
23
-12
-129
50
445
748
1002
1477
1863
1832
1614
1252
604
-291
-1034
-1695
-2065
-2203
-2097
-1862
-1297
-628
-336
-134
124
20
-499
-1026
-1281
-1438
-1562
-1643
-1677
-1443
-1199
-1147
-1201
-1123
-1114
-1304
-1471
-1428
-1350
-1375
-1234
-1146
-1089
-1061
-1248
-1650
-1997
-2261
-2496
-2526
-2358
-1957
-1624
-1278
-876
-410
202
559
447
192
239
185
-48
-443
-791
-960
-888
-669
-216
462
1219
1840
2269
2347
1810
409
-1459
-2989
-3952
-4383
-3998
-2546
-452
1811
3728
5487
6660
7094
6434
5165
3729
2418
1253
304
53
367
1153
1899
2290
2626
2760
2502
1917
1203
582
96
-186
-152
218
690
1269
1786
2123
2140
1604
908
359
-264
-994
-1483
-1914
-1912
-1123
88
1070
1921
2670
2973
2833
2388
1226
-281
-1627
-2826
-3806
-4235
-4086
-3651
-2741
-1611
-833
-640
-649
-808
-1165
-1478
-1656
-1662
-1395
-853
-311
113
229
-124
-901
-1754
-2389
-3083
-3500
-3501
-3240
-2617
-1669
-720
-25
438
569
314
-14
-333
-698
-1006
-1123
-1046
-744
-300
99
371
495
331
-79
-512
-819
-1112
-1379
-1353
-1052
-377
358
1006
1580
2074
2547
2757
2624
1977
827
-953
-2985
-4465
-5284
-5566
-5118
-3291
-784
1851
4157
5810
6868
7041
6226
4761
3195
1922
785
-109
-243
318
1070
1716
2108
2299
2299
2125
1677
1223
900
737
780
1000
1443
1949
2291
2406
2134
1686
1152
238
-996
-1913
-2240
-2186
-1608
-552
616
1604
2528
3198
3407
3207
2795
1744
358
-836
-2142
-3256
-3849
-4292
-4573
-4556
-4137
-3726
-3204
-2461
-1919
-1508
-1000
-185
696
1401
1869
1966
1509
637
-585
-1807
-2795
-3832
-4738
-5186
-4787
-3811
-2695
-1560
-484
499
1200
1524
1536
1399
925
181
-346
-498
-455
-495
-763
-1128
-1549
-2022
-2442
-2684
-2767
-2492
-1868
-974
-25
969
1955
2707
3270
3497
3470
2952
2155
1278
398
-389
-1316
-2219
-3267
-4159
-4654
-4486
-3896
-2797
-756
1771
4146
6047
7368
8041
8061
7048
5357
3429
1741
323
-931
-1577
-1521
-922
-99
805
1643
2242
2606
2789
2827
2746
2580
2265
1869
1597
1302
867
208
-546
-1623
-2674
-3255
-3389
-3337
-2853
-1768
-687
583
2222
3599
4218
4498
4316
3426
2263
857
-1108
-2902
-4356
-5684
-6614
-6671
-6268
-5800
-4884
-3540
-2005
-444
1163
2339
3200
3872
4130
3744
2977
1866
302
-1334
-2893
-4200
-5172
-5475
-5218
-4621
-3645
-2364
-1101
43
1121
1909
2310
2311
1947
1345
806
178
-444
-943
-1517
-2187
-2914
-3465
-3702
-3784
-3684
-3176
-2240
-998
381
1791
3039
3946
4187
3817
3185
2287
1154
23
-963
-1605
-1739
-1649
-1637
-1696
-1767
-2096
-2362
-2208
-1909
-1414
14
2102
4082
5669
6592
6947
6635
5477
3700
1682
1
-1181
-1936
-1891
-930
412
1913
3360
4510
5125
5155
4700
3871
2828
1534
402
-369
-956
-1445
-1774
-1802
-1787
-1956
-2009
-1945
-1566
-976
-131
772
2086
3322
3655
3968
4379
3941
2510
1311
-223
-2105
-3799
-5301
-6634
-7023
-6692
-6265
-5248
-3413
-1538
-199
1319
2598
3350
3657
3510
2791
1894
1045
-134
-1533
-2611
-3486
-4447
-5119
-5298
-5187
-4864
-3988
-2951
-1852
-502
771
1508
2082
2594
2513
2087
1541
647
-616
-1853
-2942
-3702
-4123
-4387
-4407
-3950
-2979
-1840
-449
1055
2411
3445
4098
4344
4151
3539
2564
1229
99
-662
-1295
-1652
-1664
-1341
-799
-236
-15
-74
-541
-1086
-1243
-968
-346
897
2504
4001
5146
5831
5987
5393
4172
2539
846
-488
-1122
-1148
-573
542
1890
3257
4493
5014
4768
4105
3118
1901
489
-808
-1624
-2122
-2453
-2424
-2100
-1561
-1047
-766
-618
-248
263
726
1197
1792
2468
2792
2651
2694
2757
2211
1065
-257
-1797
-3125
-4130
-5101
-5642
-5447
-4908
-4240
-3052
-1347
229
1360
2224
2764
2873
2666
1976
929
-72
-1076
-2181
-3157
-3784
-4266
-4635
-4797
-4617
-4104
-3371
-2548
-1685
-585
605
1500
2036
2259
2000
1291
379
-589
-1696
-2760
-3674
-4297
-4405
-4219
-3802
-3031
-1975
-730
539
1843
2989
3659
3962
3842
3457
2974
2287
1384
483
-163
-554
-713
-735
-707
-583
-437
-77
313
591
575
406
334
754
1205
1596
2286
3129
3764
3892
3765
3556
3160
2415
1513
785
734
1233
1726
2094
2523
2932
3063
2931
2527
1945
1238
213
-798
-1404
-1563
-1581
-1651
-1586
-1362
-1155
-989
-878
-474
-74
-39
130
783
1303
1393
1534
1590
1559
1373
711
-232
-1027
-1693
-2506
-3267
-3701
-3694
-3626
-3093
-2305
-1535
-681
-43
435
711
885
709
194
-368
-736
-1018
-1344
-1693
-2050
-2478
-2731
-2973
-3159
-2954
-2732
-2398
-1835
-979
-9
728
1107
1205
1097
751
117
-717
-1544
-2252
-2744
-2940
-2737
-2277
-1712
-1078
-464
186
756
1286
1663
1863
1958
1875
1862
1761
1507
1075
677
244
-163
-400
-492
-484
-353
18
615
1457
2109
2354
2247
1691
944
373
-58
-550
-522
145
985
1795
2552
3144
3598
3728
3534
3078
2513
1994
1460
1243
1365
1534
1533
1548
1411
1043
697
362
-78
-613
-1049
-1390
-1560
-1441
-1176
-897
-602
-232
155
366
531
722
849
754
591
587
711
677
450
289
74
-15
-228
-603
-1068
-1528
-1985
-2439
-2789
-2943
-2889
-2802
-2358
-1755
-1152
-684
-343
-112
-9
35
-106
-475
-856
-1339
-1906
-2270
-2471
-2477
-2518
-2501
-2250
-1802
-1367
-1001
-716
-481
-240
-125
-56
-47
-183
-493
-733
-814
-848
-979
-1086
-1077
-886
-613
-357
-78
333
792
1208
1659
2258
2587
2432
2047
1547
1050
578
99
-288
-354
-81
283
711
1274
1849
2091
2002
1719
1120
158
-774
-1250
-1439
-1199
-442
803
2285
3369
3893
4110
4020
3430
2429
1289
459
20
-148
80
594
1337
1901
2033
1857
1522
1032
238
-609
-1280
-1595
-1548
-1312
-961
-516
79
498
448
431
400
40
-245
-127
-49
126
968
1700
1882
2161
2104
1373
650
-194
-1445
-2741
-3606
-4230
-4551
-4145
-3490
-3006
-2261
-1397
-866
-549
-347
-258
-428
-504
-465
-493
-537
-591
-943
-1393
-1626
-1890
-2330
-2591
-2615
-2660
-2436
-1879
-1242
-634
-108
284
618
975
1061
784
499
230
-104
-423
-582
-613
-547
-437
-321
-41
351
712
966
1110
1330
1519
1474
1212
972
796
624
539
568
803
1098
1362
1520
1849
2156
2158
1990
1655
1183
263
-981
-1976
-2421
-2442
-2260
-1632
-308
1408
2750
3496
3848
3971
3567
2739
1781
1117
760
589
707
1093
1434
1647
1554
1244
918
428
-204
-797
-1126
-1219
-1082
-753
-364
7
235
362
347
345
126
-175
-137
22
210
413
701
972
1170
1144
623
-42
-594
-1232
-1968
-2649
-3108
-3335
-3315
-3206
-3088
-2856
-2506
-2205
-1971
-1537
-968
-554
-239
106
457
673
654
419
-99
-736
-1357
-1969
-2383
-2634
-2812
-2765
-2417
-1836
-1131
-398
237
731
1038
1079
1025
890
653
351
67
-33
-121
-230
-280
-258
-210
-81
54
208
428
645
828
921
1130
1256
1210
1153
1207
1232
1147
1036
1053
1110
1085
854
637
824
958
999
914
709
-6
-876
-1384
-1384
-1387
-1235
-625
593
1988
2964
3440
3770
3962
3623
2961
2260
1807
1375
964
739
877
1217
1379
1252
986
733
312
-336
-982
-1437
-1642
-1617
-1456
-1253
-918
-497
-229
-127
24
408
591
350
263
455
329
14
-22
-7
-317
-552
-699
-1181
-1442
-1854
-2656
-3316
-3525
-3827
-3918
-3530
-2851
-2375
-1638
-628
147
728
1111
1256
1129
977
638
87
-484
-1059
-1737
-2157
-2313
-2364
-2354
-2222
-1841
-1539
-1113
-516
-62
351
821
1072
1244
1452
1461
1210
892
604
314
-6
-319
-626
-736
-751
-707
-515
-179
211
495
768
1090
1295
1303
1289
1336
1335
1340
1382
1468
1675
1730
1653
1578
1584
1614
1466
1247
937
359
-421
-1309
-1862
-1898
-1652
-1292
-686
260
1381
2281
2859
3266
3431
3307
3031
2739
2494
2174
1674
1293
940
590
60
-701
-1341
-1934
-2315
-2461
-2321
-1882
-1440
-1042
-476
259
838
1167
1349
1309
1161
969
512
5
-161
-148
-330
-379
-266
-473
-817
-1075
-1560
-2054
-2380
-2679
-2911
-2801
-2435
-2103
-1679
-1245
-870
-630
-509
-412
-346
-289
-371
-533
-611
-539
-530
-572
-616
-650
-800
-1058
-1256
-1451
-1540
-1495
-1433
-1232
-813
-355
-47
225
510
666
790
826
784
713
633
566
418
291
222
112
31
99
285
387
414
494
560
596
647
745
844
1029
1329
1612
1941
2260
2443
2459
2245
1830
1370
824
196
-460
-1030
-1464
-1822
-1810
-1358
-660
64
655
1248
1711
2002
2128
2016
1823
1709
1643
1544
1427
1277
1029
691
289
-208
-681
-978
-1252
-1430
-1275
-1009
-710
-325
96
441
631
663
488
250
113
-29
-249
-171
109
350
523
676
692
573
291
-272
-905
-1428
-1860
-2177
-2295
-2199
-1978
-1846
-1592
-1250
-1066
-937
-756
-638
-560
-450
-461
-461
-424
-412
-508
-643
-733
-866
-1026
-1238
-1488
-1615
-1572
-1403
-1209
-976
-702
-404
-135
71
365
535
591
606
520
396
233
18
-293
-498
-573
-598
-431
-157
98
394
779
1123
1298
1423
1401
1278
1121
1015
917
894
1039
1101
1171
1385
1554
1634
1618
1423
1113
744
314
-121
-448
-632
-734
-614
-240
292
771
1162
1485
1708
1674
1526
1290
1058
899
798
742
825
930
914
823
672
466
18
-433
-731
-892
-950
-917
-798
-561
-307
-182
-90
27
62
-116
-197
-184
-95
38
158
381
592
626
391
-16
-435
-870
-1443
-1999
-2317
-2460
-2458
-2363
-2127
-1742
-1315
-1016
-869
-678
-475
-414
-406
-361
-360
-392
-470
-576
-589
-639
-798
-1005
-1127
-1043
-1079
-1076
-908
-727
-461
-179
47
280
507
546
537
532
489
282
-17
-227
-306
-264
-138
117
432
785
1017
1160
1332
1338
1207
1038
755
577
532
510
422
332
227
228
316
512
684
745
777
761
788
853
977
924
786
568
386
177
5
-104
-131
-31
215
528
778
1028
1155
1133
1096
943
808
773
754
857
1054
1236
1335
1413
1317
1063
615
123
-335
-756
-1149
-1440
-1486
-1371
-1104
-805
-461
-70
253
344
312
253
188
62
-53
-126
-117
-113
-243
-461
-785
-1153
-1534
-1897
-2179
-2332
-2429
-2384
-2195
-1858
-1411
-1006
-705
-466
-286
-245
-410
-612
-799
-966
-1120
-1202
-1203
-1092
-962
-821
-644
-437
-321
-309
-247
-168
-143
-66
121
279
449
525
553
548
524
503
429
365
336
377
429
501
599
724
813
851
839
813
746
638
569
614
727
811
899
988
1057
1113
1072
989
912
825
727
610
598
555
464
341
297
227
94
22
36
174
285
419
571
771
974
1053
1036
987
841
668
490
440
447
431
459
505
544
529
416
250
86
-160
-412
-663
-862
-926
-990
-961
-774
-509
-266
-49
158
345
480
516
449
298
88
-159
-335
-489
-605
-800
-1079
-1310
-1553
-1774
-2006
-2100
-2093
-1968
-1721
-1363
-1000
-605
-337
-182
-124
-201
-378
-589
-865
-1129
-1243
-1305
-1244
-1162
-1015
-873
-785
-633
-468
-309
-208
-99
39
184
403
601
704
772
816
772
633
561
426
233
161
134
210
317
463
508
555
632
660
764
827
842
798
755
785
850
906
908
857
794
646
572
556
575
549
504
503
581
683
651
577
471
376
358
437
519
659
756
893
1050
1189
1246
1133
929
756
596
470
308
267
225
179
198
175
186
139
-83
-334
-532
-723
-827
-853
-857
-860
-790
-665
-499
-304
-230
-220
-331
-356
-341
-408
-454
-474
-438
-396
-376
-498
-705
-996
-1324
-1592
-1723
-1788
-1811
-1739
-1493
-1156
-792
-444
-245
-91
-53
-246
-433
-570
-673
-769
-809
-730
-562
-411
-274
-203
-217
-201
-228
-283
-275
-218
-188
-105
103
357
567
608
651
642
603
548
463
365
216
197
224
371
540
695
817
840
860
877
865
871
895
790
697
597
485
395
213
62
16
18
140
321
513
718
794
826
827
753
609
456
272
186
146
151
189
220
247
323
399
506
607
592
602
535
470
462
419
401
401
308
235
160
70
-88
-275
-496
-676
-736
-785
-776
-729
-638
-482
-279
-58
120
191
260
307
302
287
244
159
62
-102
-280
-455
-658
-877
-1087
-1270
-1361
-1383
-1346
-1293
-1186
-1004
-812
-647
-528
-468
-487
-528
-624
-740
-834
-850
-847
-788
-653
-507
-347
-274
-269
-303
-344
-400
-414
-352
-306
-213
-80
7
94
268
305
247
185
127
63
53
101
189
278
401
573
754
927
940
846
798
777
718
615
531
507
485
482
548
672
771
852
859
940
984
938
836
661
538
431
381
301
266
303
283
288
330
406
514
527
564
658
780
889
963
969
924
814
658
487
289
-37
-364
-574
-750
-799
-793
-671
-524
-403
-288
-260
-257
-289
-407
-541
-629
-569
-466
-378
-340
-286
-288
-255
-273
-306
-315
-360
-415
-460
-459
-534
-626
-768
-863
-917
-999
-1108
-1079
-1084
-1078
-1016
-882
-791
-704
-633
-552
-462
-418
-316
-260
-164
-90
-42
-32
9
-38
-105
-232
-304
-317
-306
-281
-198
-29
79
194
255
356
432
434
507
551
640
678
629
643
611
584
589
579
563
499
397
359
341
334
323
393
443
485
525
573
643
646
569
478
373
323
262
227
254
324
399
445
472
443
436
334
187
68
51
91
175
266
383
487
620
688
699
654
464
281
84
-109
-248
-363
-426
-383
-317
-279
-252
-219
-212
-248
-320
-380
-386
-321
-306
-270
-189
-157
-163
-224
-247
-287
-338
-321
-263
-146
-66
-13
-28
-72
-158
-347
-564
-792
-1013
-1147
-1205
-1167
-1061
-907
-794
-662
-546
-451
-365
-369
-375
-343
-254
-139
-23
77
103
64
14
-81
-234
-434
-623
-798
-848
-810
-673
-495
-253
10
260
520
752
928
996
970
893
848
815
731
625
498
379
292
250
246
261
290
350
433
554
690
725
692
643
619
583
462
341
251
179
156
180
211
251
261
225
187
167
87
-12
-51
-54
-21
86
171
293
442
525
523
500
469
351
195
15
-117
-255
-295
-286
-259
-187
-107
-35
-18
15
-39
-180
-330
-452
-501
-505
-466
-385
-333
-294
-196
-140
-122
-129
-163
-136
-100
7
103
166
171
122
0
-171
-343
-582
-785
-961
-1065
-1082
-1057
-980
-896
-788
-695
-570
-413
-214
-45
67
133
220
363
481
493
421
289
137
-96
-350
-561
-757
-840
-818
-717
-523
-280
-71
192
479
748
906
981
981
873
732
553
368
223
59
-127
-246
-269
-223
-127
3
123
253
397
521
654
717
713
678
618
564
502
448
378
318
227
185
157
81
-25
-62
-67
-60
16
124
199
298
483
604
693
777
757
654
520
333
125
-67
-216
-340
-473
-485
-376
-256
-99
34
100
122
111
71
-2
-101
-225
-326
-367
-412
-435
-478
-510
-506
-524
-488
-505
-463
-422
-372
-275
-150
-59
-45
-24
-93
-173
-295
-417
-539
-657
-781
-876
-858
-769
-668
-540
-399
-253
-102
70
250
357
463
496
513
478
435
309
98
-157
-445
-619
-768
-858
-848
-720
-519
-243
80
389
620
794
880
915
871
798
648
468
348
235
117
-31
-158
-238
-260
-262
-195
-81
60
197
311
456
570
662
639
543
476
369
230
97
-49
-119
-190
-263
-265
-218
-184
-159
-95
15
155
238
295
405
494
573
614
596
545
416
238
110
5
-28
-88
-121
-67
1
75
145
185
234
227
169
132
42
-58
-173
-257
-320
-321
-298
-281
-266
-268
-221
-197
-133
-80
-89
-69
-38
-23
-26
-13
-84
-154
-199
-324
-498
-624
-759
-845
-873
-854
-773
-674
-562
-463
-327
-148
15
163
257
303
307
237
189
125
57
-17
-105
-167
-207
-286
-350
-397
-406
-405
-364
-248
-120
70
181
314
461
532
565
478
429
365
247
85
-71
-170
-240
-207
-152
-62
34
172
295
356
407
456
456
427
436
482
559
587
598
553
492
389
229
44
-55
-155
-191
-116
14
167
351
489
546
565
542
467
393
307
199
75
0
-26
-64
-80
-112
-121
-124
-175
-278
-335
-353
-363
-346
-290
-273
-212
-174
-139
-119
-166
-243
-321
-440
-539
-584
-590
-539
-444
-301
-206
-91
-7
31
91
115
115
101
47
-34
-126
-226
-275
-292
-286
-263
-225
-217
-193
-154
-87
-69
13
86
113
155
161
188
207
209
183
146
124
92
12
-65
-146
-177
-208
-214
-212
-205
-162
-103
-37
47
114
169
210
222
226
237
201
141
118
74
18
-8
-24
-43
-44
-20
25
74
128
184
278
362
435
487
488
440
372
334
254
199
168
115
111
93
52
35
61
60
86
115
176
252
301
318
351
357
297
221
172
84
-65
-188
-317
-412
-458
-453
-462
-429
-324
-252
-194
-167
-176
-199
-239
-262
-287
-283
-313
-342
-358
-366
-346
-361
-358
-356
-341
-306
-263
-178
-75
8
71
116
124
138
137
116
115
100
83
78
52
8
-53
-99
-161
-216
-244
-248
-221
-159
-49
27
120
219
230
233
194
139
97
23
-31
-62
-73
-91
-130
-137
-125
-133
-124
-77
-27
47
104
183
222
271
351
364
330
285
223
120
34
35
88
142
190
282
369
410
393
350
314
280
239
149
101
70
40
50
44
102
128
127
117
154
183
144
118
104
126
119
125
119
67
35
-44
-142
-202
-247
-289
-342
-338
-292
-241
-190
-143
-68
-18
-19
-24
-81
-101
-147
-237
-316
-363
-400
-434
-474
-449
-364
-262
-189
-131
-69
-50
-17
-14
-32
-23
-77
-121
-97
-64
-17
1
28
29
43
40
26
31
-7
-28
-38
-49
-72
-115
-143
-114
-92
-43
-26
-3
36
57
69
84
85
104
89
102
177
232
291
301
236
161
61
-90
-218
-297
-339
-356
-298
-181
-42
133
277
328
390
411
407
377
361
359
371
382
377
344
288
251
156
106
66
30
56
52
132
225
303
382
402
388
322
247
187
98
34
-38
-109
-124
-140
-125
-145
-166
-184
-204
-204
-193
-228
-261
-279
-294
-292
-272
-267
-247
-216
-159
-132
-170
-215
-224
-274
-319
-339
-337
-254
-188
-127
-55
43
68
61
43
9
-69
-134
-165
-173
-118
-72
-30
1
63
89
88
104
44
0
-28
-59
-62
-87
-124
-156
-158
-164
-174
-162
-163
-177
-195
-179
-168
-161
-150
-147
-133
-91
-8
49
69
104
125
157
208
212
223
201
153
142
157
167
134
111
87
21
38
48
135
244
344
440
495
548
591
620
554
465
336
188
34
-94
-179
-229
-252
-209
-114
-18
74
167
263
310
340
343
325
305
292
234
185
123
49
-40
-142
-217
-260
-299
-297
-281
-246
-173
-93
7
104
179
169
175
86
-28
-156
-318
-434
-554
-625
-649
-613
-581
-487
-404
-313
-240
-187
-163
-159
-151
-152
-169
-194
-195
-220
-236
-261
-277
-255
-232
-211
-154
-97
-49
19
89
162
286
358
410
412
389
350
253
161
49
-25
-104
-147
-124
-70
-37
-27
21
46
87
97
164
201
229
271
293
298
278
249
206
140
44
-16
-89
-135
-150
-160
-137
-82
-1
102
170
212
274
313
380
383
359
296
230
191
130
95
25
18
-2
-4
17
78
127
181
247
292
317
323
297
233
141
35
-35
-121
-189
-253
-331
-369
-418
-446
-438
-406
-345
-266
-169
-97
-9
27
24
8
-35
-127
-194
-262
-374
-482
-548
-589
-545
-502
-426
-294
-195
-73
13
107
192
272
281
280
235
187
154
79
-5
-40
-60
-85
-121
-94
-23
48
151
208
305
346
355
325
280
225
136
104
60
39
22
-12
-21
-30
-73
-96
-96
-82
-27
-35
-41
-27
-22
15
50
101
166
203
256
302
271
240
157
66
-10
-55
-39
-53
-53
17
62
59
104
101
83
41
15
-2
-28
-39
-63
-55
-43
-30
-67
-84
-85
-94
-125
-112
-108
-59
15
86
160
215
287
299
295
286
254
207
115
-6
-68
-123
-157
-139
-123
-70
-35
-30
-2
10
-1
-3
-19
-45
-90
-150
-192
-253
-321
-373
-431
-461
-448
-442
-450
-420
-357
-269
-214
-163
-126
-76
-36
-40
-71
-108
-148
-214
-283
-327
-333
-348
-324
-245
-186
-85
-5
51
128
138
141
127
120
123
131
179
208
229
229
230
221
225
224
273
321
342
372
361
341
293
266
206
160
138
140
154
187
182
238
261
245
292
261
220
186
184
167
170
179
159
158
167
153
152
154
165
162
152
122
84
77
33
-11
-46
-57
-77
-66
-53
-46
-17
-31
-72
-68
-56
-29
-23
-1
20
-24
-84
-120
-165
-215
-229
-234
-239
-239
-250
-286
-290
-296
-334
-389
-393
-407
-406
-415
-385
-360
-329
-265
-244
-266
-282
-302
-333
-347
-358
-341
-306
-273
-211
-168
-91
-25
14
33
65
98
81
56
58
93
138
216
250
284
304
298
283
265
232
228
173
123
112
102
115
111
165
227
257
311
338
339
331
320
311
262
259
237
192
169
107
61
3
-3
1
26
70
82
83
84
74
28
5
4
-17
-36
-67
-132
-170
-207
-209
-173
-152
-103
-13
59
130
194
220
200
159
149
104
74
15
-85
-121
-155
-179
-197
-177
-141
-95
-23
40
93
170
210
236
227
211
202
178
136
98
44
-11
-64
-120
-139
-153
-163
-161
-174
-186
-162
-156
-107
-62
-40
-13
-29
-96
-173
-248
-306
-363
-419
-432
-414
-410
-368
-314
-248
-194
-153
-120
-99
-66
-47
-37
23
68
89
101
99
58
17
-12
-57
-48
-33
-56
-31
-18
66
128
176
248
277
297
308
300
252
244
195
145
97
71
51
7
-5
-4
-6
-9
-11
3
60
96
160
205
227
256
193
176
129
56
-20
-99
-130
-144
-139
-135
-77
-20
28
87
176
225
255
283
252
198
152
87
0
-53
-111
-173
-202
-217
-234
-215
-204
-146
-106
-41
51
81
110
143
138
115
56
-51
-118
-177
-232
-294
-335
-325
-302
-287
-211
-153
-75
-48
-23
4
45
100
128
162
116
127
85
-9
-69
-130
-162
-173
-160
-150
-99
-37
31
94
162
169
152
103
89
20
-67
-102
-149
-118
-108
-85
-83
-67
-40
-60
-75
-101
-129
-91
-58
-32
-7
44
41
37
35
20
46
39
21
31
33
61
82
80
102
108
133
158
177
189
199
195
212
228
243
252
270
235
196
150
86
66
36
26
72
118
168
226
287
329
322
336
335
307
253
206
145
96
26
-20
-70
-135
-181
-238
-259
-241
-238
-228
-217
-235
-186
-149
-141
-115
-105
-118
-153
-154
-181
-230
-233
-266
-301
-329
-324
-344
-372
-347
-352
-336
-310
-273
-246
-252
-170
-102
-65
-27
-6
-19
-64
-93
-108
-134
-137
-149
-135
-109
-60
2
62
133
162
195
222
208
217
242
249
234
204
219
211
172
146
146
120
101
101
79
88
90
110
144
178
210
221
191
154
119
93
52
23
11
-1
30
46
33
70
99
148
175
207
238
216
223
215
190
184
155
112
81
46
40
26
-23
-42
-61
-71
-80
-100
-78
-47
-41
-4
10
25
-29
-56
-52
-86
-118
-170
-221
-246
-282
-347
-341
-310
-292
-239
-158
-129
-113
-83
-68
-55
-47
-54
-92
-90
-83
-56
-37
-30
-7
-48
-64
-92
-139
-187
-194
-188
-202
-162
-127
-78
-46
-4
14
38
46
64
47
3
-26
-112
-149
-148
-126
-102
-31
34
88
135
146
178
205
217
200
204
185
134
130
117
129
155
140
128
122
109
108
102
110
106
94
110
134
113
112
78
74
56
37
44
64
71
59
93
112
125
118
156
139
119
85
52
-12
-52
-68
-81
-64
-33
6
0
-32
-32
-23
-35
-41
-60
-85
-99
-76
-106
-70
-35
-15
24
41
44
42
27
-2
-36
-50
-33
-81
-75
-64
-33
-17
-19
-15
-58
-78
-95
-108
-123
-113
-123
-101
-91
-72
-85
-80
-30
-53
-85
-122
-172
-177
-191
-211
-237
-227
-235
-218
-181
-137
-77
-45
3
9
40
54
66
72
58
38
45
54
57
52
48
36
38
59
76
93
100
118
102
110
142
153
164
159
163
153
119
123
103
79
60
26
5
-33
-57
-76
-96
-85
-72
-68
-43
-22
9
23
63
92
104
102
101
89
77
71
34
29
53
55
48
51
57
100
123
149
158
174
190
191
201
219
234
227
184
145
99
55
7
-5
19
20
9
6
1
-3
-8
-36
-43
-100
-145
-160
-182
-211
-230
-258
-276
-281
-290
-295
-304
-317
-304
-255
-222
-166
-140
-129
-115
-108
-91
-71
-72
-77
-91
-89
-117
-138
-136
-147
-100
-27
24
70
126
161
178
181
201
163
125
92
31
17
-5
10
11
35
39
46
57
60
32
38
47
25
22
37
49
50
51
63
81
55
34
-11
-46
-48
-56
-29
-9
27
67
98
143
148
149
145
172
160
122
148
129
122
100
99
68
42
21
-11
-18
-45
-43
-23
-4
8
45
72
65
50
64
48
27
-20
-47
-56
-69
-76
-95
-81
-72
-109
-118
-120
-96
-80
-91
-71
-41
-34
-46
-46
-46
-56
-46
-41
-54
-56
-68
-86
-64
-22
0
20
29
32
38
39
28
26
7
7
-5
-37
-50
-66
-88
-117
-155
-181
-215
-203
-168
-164
-114
-77
-29
13
34
15
-6
-9
-30
-27
-48
-68
-65
-57
-48
-34
-33
6
44
65
89
139
177
193
234
216
196
190
181
160
119
81
89
57
54
67
103
113
131
127
116
118
107
130
118
125
130
137
99
86
77
59
13
-20
-25
-38
-49
-66
-56
-65
-50
-15
-14
-9
-20
-44
-52
-53
-42
-67
-45
-20
-35
-65
-76
-70
-74
-43
-82
-108
-126
-140
-157
-132
-126
-109
-56
-63
-65
-74
-65
-75
-95
-122
-145
-166
-163
-173
-138
-101
-78
-27
-6
31
27
17
11
-14
-36
-45
-68
-108
-98
-116
-118
-120
-116
-122
-127
-117
-74
-49
-20
25
48
72
98
137
141
144
152
128
129
116
95
97
104
131
166
180
175
201
195
233
240
240
259
263
255
215
188
154
118
71
21
-11
-16
-23
3
43
80
89
94
136
145
177
157
157
167
146
128
142
145
125
102
69
52
15
-33
-58
-75
-85
-107
-116
-113
-122
-103
-84
-79
-83
-96
-122
-139
-173
-198
-208
-219
-209
-215
-215
-210
-217
-227
-231
-242
-241
-250
-243
-219
-216
-206
-196
-218
-216
-201
-208
-194
-183
-176
-147
-143
-120
-75
-42
8
5
11
-4
-40
-34
-55
-87
-79
-74
-62
-51
-23
25
82
116
133
146
162
147
148
149
164
188
188
205
208
170
151
120
97
101
83
75
83
114
120
147
166
173
201
258
278
304
323
287
245
228
190
134
81
71
23
-15
5
-13
-3
-9
-12
-12
-20
-20
1
-15
-42
-69
-64
-60
-95
-79
-47
-25
-9
2
23
34
12
-21
-22
-43
-76
-78
-79
-51
-42
-46
-27
-7
-3
-12
2
0
-3
-1
9
38
39
48
34
15
-17
-55
-51
-74
-63
-68
-87
-121
-169
-181
-185
-211
-238
-246
-245
-239
-227
-186
-155
-139
-111
-67
-60
-63
-15
-15
-18
-19
-37
-62
-80
-72
-86
-72
-57
-31
-17
13
29
33
37
72
69
88
103
80
101
85
90
99
89
68
76
82
78
63
72
67
87
95
105
129
121
123
102
77
56
43
27
-6
-24
-40
-21
-12
-33
-55
-50
-30
-51
-35
-26
-10
15
34
52
74
63
84
71
60
63
49
64
68
95
96
65
54
79
82
67
76
39
25
7
-25
-44
-58
-52
-45
-36
-40
-15
4
9
1
-2
-6
-14
-23
-12
-11
-22
-21
-32
-31
-35
-36
-59
-50
-73
-70
-54
-70
-73
-63
-78
-91
-75
-75
-59
-53
-59
-58
-50
-75
-71
-74
-74
-54
-52
-27
-26
-22
-4
-15
-7
23
44
51
40
49
83
83
103
125
131
150
135
133
138
130
104
57
51
54
62
50
31
47
58
72
80
83
100
102
115
115
145
186
180
191
185
169
135
109
58
22
2
-25
-33
-53
-53
-42
-78
-94
-99
-95
-94
-107
-92
-89
-94
-76
-59
-50
-53
-57
-63
-56
-95
-123
-154
-186
-192
-200
-173
-174
-178
-155
-145
-134
-121
-125
-139
-147
-151
-137
-115
-108
-106
-98
-94
-111
-117
-145
-128
-129
-151
-132
-123
-116
-104
-56
-48
-58
-50
-45
-38
-27
-32
-50
-51
-51
-36
-33
-26
-22
-19
9
35
40
67
79
102
107
117
111
90
103
119
130
127
132
130
154
167
197
225
252
264
258
272
286
313
318
313
320
281
232
198
162
125
82
69
53
34
35
55
56
62
75
78
74
66
57
53
23
-24
-46
-60
-82
-96
-96
-115
-124
-134
-116
-93
-93
-51
-44
-48
-28
-19
-16
-8
17
13
1
-36
-47
-49
-44
-32
-44
-34
-37
-20
-45
-61
-47
-41
-21
-1
12
22
29
30
22
2
-8
-37
-65
-86
-87
-110
-128
-145
-184
-182
-171
-174
-172
-151
-148
-138
-150
-149
-164
-200
-203
-205
-211
-223
-237
-227
-218
-167
-141
-120
-80
-82
-46
-16
-19
-1
9
-11
-2
3
27
70
49
68
81
86
90
101
121
123
134
153
154
158
204
223
225
209
175
138
117
96
106
124
134
134
126
131
145
163
190
218
235
246
225
198
187
193
171
128
125
118
80
71
69
51
20
-1
5
9
27
35
30
12
28
19
-10
-33
-56
-71
-94
-117
-130
-156
-169
-169
-159
-151
-139
-102
-101
-89
-82
-73
-95
-97
-126
-152
-167
-175
-168
-176
-133
-125
-125
-128
-128
-111
-92
-75
-48
-34
-14
-21
5
16
8
46
41
37
29
0
-6
-5
-8
15
6
10
32
24
52
85
84
69
75
78
65
73
85
72
48
31
34
9
-8
-9
-36
-51
-59
-48
-48
-58
-42
-14
-15
-2
-14
-26
-17
-40
-64
-34
-4
-9
18
14
24
40
46
53
30
40
3
-25
-13
-1
22
35
28
32
53
83
77
68
67
56
32
15
22
-5
-18
-9
-5
10
16
25
18
19
-5
-1
15
12
23
22
21
43
26
1
-2
-12
-29
-66
-63
-47
-41
-35
-37
-19
-44
-22
-12
-22
-42
-56
-64
-64
-64
-71
-53
-83
-100
-97
-94
-100
-98
-59
-44
-61
-58
-64
-80
-63
-58
-45
-53
-60
-51
-70
-79
-66
-56
-59
-43
-29
-30
19
36
76
114
105
123
143
152
140
145
149
117
107
98
96
138
130
129
149
163
161
176
181
208
198
189
173
152
153
161
187
184
193
158
137
80
41
-8
-48
-60
-67
-66
-64
-45
-36
-17
-30
-30
-3
-6
-13
-23
-50
-54
-94
-136
-127
-150
-180
-206
-197
-213
-227
-222
-218
-232
-216
-187
-161
-154
-139
-113
-109
-86
-83
-76
-96
-110
-130
-134
-104
-69
-50
-17
3
5
7
6
32
34
59
86
93
109
127
122
116
103
93
42
29
23
39
51
36
42
38
63
69
79
64
61
55
2
0
-5
-11
1
-12
-32
-38
-57
-52
-61
-39
-2
-4
21
-3
30
27
5
25
42
49
46
62
62
81
81
60
68
79
67
57
37
41
30
32
54
57
60
69
54
25
26
30
13
7
-18
-29
-17
-31
-11
-16
0
21
6
5
0
-16
-26
-16
-2
11
18
13
15
-20
-59
-54
-62
-54
-9
17
26
61
42
43
69
68
81
78
67
38
4
-30
-70
-88
-81
-58
-49
-56
-65
-92
-106
-109
-128
-117
-89
-61
-34
-27
-29
-31
-39
-40
-31
-36
-23
-48
-72
-82
-90
-87
-116
-100
-106
-111
-81
-74
-55
-35
-14
3
8
23
1
2
-10
-20
-29
-42
-29
-12
0
14
48
45
78
87
97
106
92
95
88
66
64
64
51
54
44
36
31
37
31
26
36
27
40
73
104
104
108
107
71
55
51
52
1
3
19
-4
5
5
7
26
31
68
64
71
94
67
74
83
73
52
58
28
6
-17
-35
-40
-67
-87
-84
-87
-86
-79
-64
-54
-56
-57
-62
-67
-61
-41
-68
-74
-73
-88
-67
-58
-76
-84
-81
-115
-99
-103
-101
-72
-79
-60
-31
-24
-20
-31
-30
12
13
19
35
20
21
23
23
13
-7
-15
29
62
73
77
83
63
62
57
40
32
37
36
19
30
28
19
35
25
39
23
28
43
43
65
41
25
30
18
21
-6
4
27
15
33
20
-1
11
5
40
44
33
38
26
18
-3
-6
-9
1
22
29
12
5
14
26
38
59
52
45
35
2
-11
-14
-2
6
0
33
22
23
29
20
14
14
-1
-22
-30
-33
-27
-37
-43
-42
-38
-46
-22
-19
-19
-42
-44
-39
-35
-25
2
19
21
12
18
5
0
-24
-28
-34
-51
-59
-81
-77
-71
-84
-70
-66
-75
-48
-44
-42
-34
-19
-15
-18
-32
-35
-29
-50
-64
-70
-79
-104
-132
-119
-108
-98
-80
-57
-41
-39
-59
-34
-11
-6
28
44
53
29
1
-18
-12
11
47
53
51
45
56
63
71
94
98
70
71
75
78
93
100
117
113
115
123
132
118
84
73
78
48
39
47
63
100
83
98
101
92
62
40
21
11
-14
-25
-60
-64
-35
-24
-9
16
40
43
32
34
24
15
-32
-40
-51
-70
-58
-76
-53
-80
-83
-98
-105
-111
-117
-101
-95
-71
-52
-37
-26
-41
-36
-24
-14
-22
3
5
16
29
33
43
52
48
43
48
29
19
-1
-7
-28
-39
-37
-37
-41
-43
-66
-64
-71
-68
-60
-79
-76
-69
-69
-64
-61
-38
-20
-15
6
34
42
26
20
32
27
9
-6
-6
10
0
-3
0
7
11
-5
-7
11
17
12
17
18
9
34
48
69
88
78
102
116
104
111
97
78
52
44
21
14
26
40
58
50
49
44
50
23
26
57
32
2
-24
-20
-13
-14
-14
-43
-48
-46
-77
-80
-74
-66
-82
-100
-89
-93
-86
-85
-81
-66
-59
-46
-54
-76
-75
-51
-74
-66
-36
-14
17
12
26
34
8
13
11
22
26
30
8
-15
-19
-32
-21
1
22
37
35
34
51
78
96
100
120
105
113
135
122
100
100
80
71
79
73
52
35
47
44
52
54
59
75
81
59
51
68
69
42
34
36
23
36
27
-6
-21
-6
-38
-46
-45
-60
-68
-78
-62
-81
-79
-89
-130
-155
-174
-189
-192
-198
-192
-169
-153
-136
-119
-83
-59
-46
-34
-20
-23
-21
-18
-3
30
51
62
68
77
49
36
30
-13
-20
4
2
32
50
54
71
72
73
45
58
74
61
71
57
18
14
12
8
2
0
13
16
-13
-15
-16
-20
-8
-19
-13
15
15
23
35
21
7
-8
-27
-31
-44
-43
-56
-51
-57
-70
-52
-44
-33
-30
-18
-1
16
25
30
3
15
24
11
14
-4
-16
-26
-40
-34
-19
-17
-7
2
-15
-14
-24
-33
-42
-29
-25
-37
-30
-10
-12
13
38
23
43
42
41
30
10
28
31
39
84
83
93
82
92
78
54
53
24
26
25
8
24
56
37
48
60
40
47
40
31
12
12
38
52
47
31
10
-8
-14
-20
-10
-20
-13
-1
8
23
14
9
-7
-2
-11
-33
-33
-31
-18
-14
-31
-52
-60
-61
-58
-74
-82
-75
-86
-102
-90
-77
-71
-60
-53
-33
-33
-37
-48
-43
-9
-20
-23
-27
-23
-25
-17
-8
2
7
11
9
3
17
13
4
20
13
12
14
0
-14
-22
-42
-33
-22
-47
-17
-32
-28
-8
0
35
46
38
45
44
35
34
35
25
38
41
32
44
39
30
48
46
54
42
23
13
20
17
13
9
7
21
14
9
3
16
-9
-13
10
3
-4
15
39
52
72
60
65
76
64
59
65
48
30
12
-17
-18
-12
-14
-22
-13
-3
8
4
-20
-5
-17
-34
-17
-20
-13
-18
-31
-18
-11
3
10
22
32
16
8
-8
-4
-17
-28
-25
-15
-23
-19
-10
-14
0
7
1
-16
-11
-12
-1
8
6
7
-10
-26
-25
-19
-26
-34
-47
-57
-62
-63
-35
-34
-29
-29
-25
-22
-23
0
-14
-2
14
12
21
18
16
17
5
23
23
23
27
13
13
29
31
29
24
6
17
17
12
7
10
10
4
14
-5
-12
-21
-10
9
-3
-20
-41
-50
-37
-44
-46
-48
-31
-18
-17
-5
-11
-17
-30
-38
-42
-52
-54
-44
-47
-35
-21
-3
11
9
13
3
1
-13
-7
1
2
21
19
13
15
7
3
11
3
-14
-20
-25
-22
1
15
30
29
18
20
14
6
-4
-13
-13
12
19
18
31
42
39
39
50
62
47
40
50
34
32
35
29
21
19
10
-3
-7
-3
16
31
30
29
27
28
22
21
30
29
31
28
30
14
6
-2
-17
-24
-23
-33
-29
-30
-32
-37
-26
-15
-26
-37
-59
-58
-62
-56
-64
-59
-46
-32
-12
-3
-6
-10
9
9
19
16
27
32
29
47
53
45
25
36
48
49
29
37
40
34
18
5
11
10
16
9
0
21
16
16
13
4
-12
-23
-23
-17
-7
-34
-57
-65
-55
-60
-26
-2
-1
-4
-17
-32
-30
-18
-23
-22
-18
-22
-27
-35
-46
-47
-55
-56
-58
-64
-48
-46
-59
-48
-45
-45
-34
-8
15
23
29
40
49
54
65
55
55
38
37
33
20
27
14
17
20
34
36
33
47
51
56
69
66
59
57
46
53
44
30
19
33
19
13
22
12
-3
0
-4
-23
-24
-22
-27
-29
-27
-32
-43
-30
-16
-12
-11
-8
-21
-24
-28
-22
-18
-34
-39
-26
-3
0
1
21
11
0
-8
-5
6
11
5
10
16
11
26
27
27
34
35
29
26
20
13
20
20
27
15
2
-1
6
4
-4
2
-2
-12
-10
-9
-25
-25
-17
-14
-8
-20
-20
-14
-19
-18
-15
-16
-21
-16
-9
-2
-18
-29
-18
-38
-34
-40
-49
-38
-20
-34
-43
-45
-54
-61
-64
-54
-53
-52
-44
-27
-45
-42
-32
-23
-14
-2
14
18
20
19
15
14
13
9
20
18
15
5
11
7
5
-3
6
11
22
30
22
28
21
18
12
32
42
38
43
51
55
53
56
51
47
50
39
22
33
24
17
19
6
4
13
20
23
23
14
10
14
1
1
4
2
4
4
2
-3
-3
-2
5
1
-6
-5
13
8
2
5
0
10
10
6
2
-2
-14
-29
-31
-32
-35
-34
-46
-39
-30
-31
-27
-32
-29
-32
-21
-24
-35
-27
-34
-33
-20
-23
-29
-26
-33
-28
-19
-19
-19
-7
0
26
42
39
47
56
71
72
68
63
59
49
47
50
52
44
41
44
41
38
35
26
18
20
24
19
9
-10
-13
-16
-18
-18
-18
-23
-25
-22
-39
-47
-60
-51
-54
-45
-36
-50
-51
-54
-62
-73
-69
-67
-68
-71
-85
-67
-65
-71
-51
-49
-32
-30
-20
-28
-20
-6
-6
3
8
27
36
45
52
69
65
70
72
76
78
82
85
68
74
73
66
67
60
66
66
59
44
36
22
18
13
12
17
19
16
17
15
11
15
12
13
7
1
-15
-15
-23
-30
-30
-34
-30
-32
-36
-41
-57
-61
-48
-47
-41
-39
-37
-44
-45
-47
-45
-39
-38
-32
-45
-44
-43
-33
-21
-19
-14
-25
-37
-34
-29
-29
-24
-21
-11
-12
-15
-19
-25
-17
-5
-11
-7
-2
2
14
19
33
35
35
33
37
44
68
73
72
75
71
63
61
65
66
59
56
38
21
18
25
26
33
38
33
24
14
13
10
5
-6
-4
-2
-17
-28
-40
-37
-35
-30
-24
-26
-13
-21
-17
-10
-9
2
-8
-20
-18
-25
-30
-20
-9
-5
14
21
4
3
6
12
16
8
5
5
-1
11
4
2
1
-5
-13
-6
5
-10
-19
-20
-21
-23
-28
-29
-28
-25
-18
-24
-19
-28
-25
-24
-35
-21
-23
-25
-24
-28
-34
-37
-34
-33
-24
-16
0
10
2
7
1
2
7
-1
9
14
8
16
20
22
32
36
34
36
52
49
50
57
42
31
24
23
17
10
10
10
9
8
12
-2
-9
-14
-25
-31
-21
-17
-15
-14
-12
-13
-12
-13
-19
-12
-14
-23
-27
-18
-14
-5
-10
-17
-12
-23
-20
-13
-22
-25
-30
-26
-14
-1
8
-3
6
9
12
18
23
25
33
41
41
49
53
48
55
45
35
31
29
33
19
15
11
-4
-6
-11
-18
-16
-20
-16
-17
-4
-17
-18
-15
-15
-19
-20
-22
-23
-13
-17
-14
-28
-25
-16
-4
5
9
11
20
13
5
13
8
13
21
23
12
4
16
17
13
16
22
18
32
45
41
32
32
27
21
19
10
22
23
25
15
3
1
-4
-8
-15
-24
-11
-10
-17
-4
-5
-8
-4
-2
-5
-14
-28
-27
-26
-21
-10
-15
-8
-11
-30
-34
-37
-44
-59
-59
-57
-52
-47
-38
-44
-54
-49
-44
-40
-32
-20
-25
-18
-21
-22
-5
6
4
7
18
24
25
28
30
39
49
45
33
33
38
30
25
17
20
20
18
26
28
22
31
18
21
22
12
16
11
8
16
20
7
-3
-14
-3
-11
-16
-15
-13
-5
-15
-1
2
8
-3
-8
-20
-21
-19
-24
-29
-29
-29
-37
-35
-35
-33
-25
-19
-14
-6
2
0
7
16
14
8
4
5
5
15
17
20
33
28
18
7
6
14
19
15
19
19
20
19
6
12
9
3
5
4
5
2
2
11
17
17
25
27
29
30
32
37
36
39
45
40
30
29
25
17
16
6
-6
-13
-15
-20
-21
-19
-22
-27
-23
-18
-24
-24
-31
-16
-15
-13
-5
-11
-14
-26
-33
-32
-34
-27
-30
-30
-30
-24
-36
-39
-37
-31
-34
-26
-17
-25
-17
-22
-26
-19
-19
-19
-4
-7
1
13
6
-6
-16
-6
-14
-25
-14
-15
-18
-16
-14
-12
-11
10
17
23
33
28
27
27
37
38
35
30
27
26
27
37
37
33
39
45
34
31
22
16
18
11
9
6
0
-7
-10
-7
-2
-5
1
4
-2
-13
-17
-21
-10
-8
-11
-4
-8
-15
-12
-6
-3
-2
-12
-21
-25
-17
-9
-2
-6
-1
2
5
9
12
16
19
27
14
18
12
14
17
13
14
9
8
10
9
6
8
5
-1
-5
-12
-4
1
-13
-13
-17
-20
-13
-11
-3
8
8
9
15
16
8
14
17
11
14
17
11
5
15
11
10
16
15
18
6
4
-2
-12
-11
-24
-31
-29
-31
-33
-36
-36
-31
-30
-38
-25
-19
-25
-24
-25
-20
-16
-16
-16
-13
-11
-13
-12
-8
8
16
11
8
9
5
7
0
-7
-7
6
12
21
29
24
35
28
29
35
40
34
29
32
22
13
10
6
11
11
12
13
9
7
-1
-3
-5
0
8
7
8
10
7
7
-1
3
-2
4
0
-3
-11
-19
-28
-23
-15
-15
-7
-16
-13
-21
-24
-28
-25
-20
-20
-17
-10
-11
-15
-13
-11
-5
0
-4
-18
-15
-11
-6
-1
2
-5
-5
-6
-6
-8
-6
-7
-10
1
12
15
4
0
-10
-7
0
5
10
8
2
-4
-8
-5
-6
-6
-6
-10
-16
-13
-5
-1
4
7
11
4
-2
-9
-7
-20
-24
-12
-7
-5
-6
-3
3
4
-6
-6
-8
-10
-13
-5
9
12
14
16
20
19
15
16
14
18
17
16
15
19
12
15
13
14
29
24
27
28
27
18
21
24
20
18
20
21
23
20
13
21
12
9
14
9
-1
-5
-6
-6
-11
-7
-4
0
-1
-5
-6
-13
-15
-14
-11
0
2
1
2
4
-2
-8
-1
-1
-1
0
-5
-2
-9
-13
-16
-12
-14
-10
-8
-9
-12
-19
-21
-23
-23
-29
-20
-15
-15
-15
-18
-14
-5
1
6
4
7
6
7
10
17
11
5
11
3
10
4
1
5
6
3
2
4
6
6
0
-2
-5
-2
6
6
2
-2
-6
-4
0
-3
-3
-6
-4
3
-2
8
13
3
7
14
18
11
6
3
2
-5
-13
-4
1
1
-2
4
2
-7
-12
-14
-11
-6
-1
-7
-11
-6
-15
-20
-17
-19
-16
-18
-20
-19
-22
-27
-26
-25
-21
-17
-11
-13
-11
-10
-10
-13
-14
-5
-4
7
12
9
13
6
7
6
14
19
24
35
38
38
37
33
29
27
26
25
20
20
19
21
21
17
19
23
18
11
9
7
8
6
13
21
20
24
16
6
-1
-8
-10
-10
-9
-9
-7
-11
-13
-16
-17
-24
-28
-21
-20
-20
-18
-22
-22
-24
-27
-22
-23
-15
-16
-24
-19
-15
-9
-9
1
6
12
7
5
8
5
0
0
-2
-6
-4
-7
-1
6
9
15
9
11
12
12
14
12
19
24
29
32
28
29
23
19
20
20
18
10
6
3
8
5
-4
-2
0
0
-5
-11
-13
-16
-16
-13
-15
-24
-28
-34
-41
-42
-37
-35
-36
-24
-31
-33
-36
-40
-44
-43
-41
-37
-33
-25
-22
-21
-15
-16
-16
-16
-7
-2
-2
8
9
9
16
16
27
31
32
34
36
32
31
32
26
32
26
27
23
21
17
21
18
19
25
22
24
23
16
20
15
16
26
24
24
19
16
7
4
-2
