-5
-6
-10
-12
-18
-17
-29
-30
-28
-25
-15
-6
2
6
14
16
17
20
22
24
29
33
32
33
32
31
27
25
21
19
16
13
15
11
11
6
5
-2
-2
-3
1
6
0
0
2
2
0
9
8
10
13
13
14
8
2
-2
-7
-17
-17
-16
-16
-14
-16
-19
-21
-22
-22
-20
-16
-17
-22
-27
-31
-35
-41
-39
-50
-54
-52
-43
-45
-57
-55
-37
-33
-46
-49
-45
-40
-41
-34
-37
-44
-37
-28
-23
-25
-17
3
14
11
13
25
39
39
36
45
51
56
59
60
61
64
65
61
50
53
48
45
44
41
43
26
20
18
18
14
7
9
5
5
5
6
5
3
-5
-11
-16
-17
-15
-10
-6
-7
-12
-10
-6
-6
-5
-9
0
7
8
9
8
17
18
16
11
7
6
8
7
8
5
0
-6
-9
-8
-9
-9
-13
-10
-12
-9
-3
3
8
10
8
11
10
16
20
21
19
14
11
14
21
33
42
43
46
50
57
47
46
45
39
31
23
20
13
9
3
-6
-19
-29
-37
-41
-50
-58
-68
-78
-89
-97
-103
-113
-116
-127
-139
-148
-160
-167
-168
-180
-186
-183
-174
-167
-153
-136
-121
-107
-88
-65
-43
-14
10
32
57
80
95
118
137
150
168
184
199
213
227
235
241
241
234
227
218
213
210
200
188
183
174
166
152
135
118
93
72
52
32
8
-10
-27
-40
-59
-72
-81
-100
-120
-147
-171
-191
-214
-216
-225
-235
-250
-258
-264
-272
-271
-269
-262
-265
-262
-259
-247
-231
-219
-212
-193
-166
-148
-118
-89
-59
-19
11
41
75
117
161
201
223
249
277
306
336
331
346
362
373
372
368
374
389
396
380
360
345
323
305
304
282
261
241
221
211
178
150
122
71
42
4
-22
-56
-94
-93
-103
-145
-179
-203
-248
-281
-300
-311
-326
-350
-343
-375
-394
-375
-367
-371
-393
-407
-420
-431
-431
-436
-433
-421
-415
-438
-435
-432
-407
-398
-395
-389
-349
-290
-264
-231
-199
-136
-90
-21
35
59
115
204
268
302
358
423
477
501
563
583
604
633
643
674
712
722
707
680
663
672
660
659
648
642
617
558
478
425
389
340
272
217
176
108
60
13
-24
-68
-110
-144
-187
-225
-278
-356
-402
-480
-534
-578
-609
-607
-600
-675
-750
-728
-689
-692
-730
-686
-668
-671
-632
-599
-570
-566
-545
-450
-379
-351
-301
-266
-268
-213
-158
-95
-32
37
149
98
75
79
138
154
54
35
119
197
216
168
157
246
341
350
307
330
449
607
663
665
714
853
943
851
768
799
881
932
828
721
705
729
663
501
404
367
299
196
114
41
-10
-46
-80
-145
-230
-259
-328
-394
-423
-430
-463
-492
-539
-575
-552
-546
-558
-540
-527
-523
-565
-579
-496
-399
-381
-423
-449
-458
-446
-432
-388
-341
-261
-257
-260
-230
-226
-157
-157
-174
-234
-322
-362
-255
-183
-330
-504
-493
-324
-372
-561
-706
-579
-396
-358
-514
-671
-482
-182
-98
-240
-301
-11
330
378
261
290
717
1116
1112
899
887
1243
1570
1519
1281
1334
1492
1532
1303
1131
1274
1370
1334
1007
739
813
888
751
471
322
377
329
128
-55
-181
-214
-233
-346
-562
-648
-694
-770
-865
-796
-708
-724
-806
-970
-874
-684
-628
-647
-704
-668
-498
-400
-361
-369
-322
-299
-375
-477
-418
-324
-242
-264
-309
-255
-192
-167
-123
-46
117
33
-62
-352
-599
-392
161
377
-623
-1448
-1086
-74
16
-1110
-1937
-1156
116
123
-1221
-2137
-1271
289
344
-962
-1602
-272
1441
1068
-585
-854
984
2577
1824
27
-41
1762
2916
2010
697
1138
2629
2766
1476
644
1584
2833
2542
1358
784
1406
1938
1364
586
466
897
932
307
-280
-476
-304
-244
-456
-945
-1298
-1288
-1176
-1399
-1608
-1445
-1337
-1569
-1890
-1752
-1365
-1275
-1298
-1224
-1205
-1141
-975
-751
-585
-435
-367
-400
-317
-20
235
224
174
268
409
532
436
363
364
542
623
405
173
63
132
85
-39
-222
-242
-528
-899
-877
-514
-150
-820
-1732
-1621
-709
-375
-1275
-2244
-1791
-633
-446
-1468
-2411
-1622
64
398
-819
-1598
-447
1381
1429
-4
-314
1382
3209
2743
1041
878
2580
3750
2839
1509
1839
3307
3534
2315
1346
2000
3106
2867
1780
1102
1395
1890
1555
877
564
596
511
105
-468
-746
-844
-756
-1200
-1655
-1681
-1408
-1461
-2081
-2157
-1715
-1553
-2053
-2424
-2421
-1944
-1456
-1640
-2023
-1959
-1262
-883
-1278
-1301
-635
-121
-85
-547
-583
13
548
526
149
186
631
690
445
288
503
723
592
237
178
232
500
458
9
-451
-1049
-830
-139
297
-763
-1983
-1894
-594
-262
-1467
-2420
-1719
-223
-95
-1465
-2389
-1613
153
559
-763
-1575
-472
1353
1527
109
-396
1314
3332
3040
1071
581
2473
4172
3376
1675
1674
3339
3789
2196
852
1615
3236
3075
1385
529
1105
1851
1376
457
88
265
299
-248
-979
-1285
-969
-998
-1371
-1792
-1847
-1804
-2205
-2162
-1898
-1685
-1716
-2125
-2239
-2117
-1876
-1672
-1669
-1661
-1421
-1225
-1204
-1156
-1017
-527
-154
-216
-366
-330
154
525
416
301
327
503
626
402
441
786
989
883
428
352
584
909
670
499
-57
-390
-228
286
679
-483
-1435
-1142
130
185
-1239
-2298
-1284
386
220
-1625
-2780
-1424
694
592
-1191
-1953
-204
1802
1099
-940
-858
1722
3664
2253
-66
357
2952
4140
2395
677
1551
3559
3462
1394
309
1734
3487
2583
650
-21
1243
2065
1094
-159
-94
674
367
-472
-1138
-790
-771
-997
-1405
-2077
-1923
-1682
-1669
-2339
-2499
-1777
-1539
-2337
-2728
-2157
-1740
-1572
-1579
-1553
-1357
-1122
-744
-972
-1054
-279
194
112
-207
-131
498
884
1045
876
796
898
970
780
764
1004
1137
1113
734
481
524
626
1037
705
343
-87
-743
-448
15
756
-308
-1942
-1925
-494
91
-1202
-2511
-2150
-342
82
-1632
-3217
-2604
64
835
-1056
-2508
-1390
1293
1534
-917
-1808
384
3141
2575
-231
-773
1854
3970
2803
573
689
3066
3833
2060
540
1464
3603
3458
1453
224
1220
2632
2226
766
222
941
1527
792
-404
-511
121
330
-512
-1415
-1459
-924
-1000
-1548
-2072
-1843
-1319
-1577
-2206
-2496
-1748
-1048
-1362
-2022
-1827
-1144
-845
-1166
-1342
-624
17
-30
-494
-588
121
625
352
-73
32
503
547
188
50
233
578
602
142
-200
-5
325
590
308
-42
-904
-1147
-566
487
361
-1488
-2217
-1076
341
-390
-2167
-2634
-915
479
-462
-2446
-2889
-885
974
140
-1737
-1839
272
1927
590
-1189
-451
2436
3797
1755
-299
843
3731
4127
1973
762
2317
4201
3181
1324
1109
2876
3820
2375
822
981
2116
2264
1159
508
1021
1450
811
-92
-437
-217
-186
-617
-918
-1179
-1292
-1515
-1802
-1892
-1883
-1865
-2106
-2405
-2601
-2444
-2236
-2218
-2486
-2636
-2279
-1982
-2072
-2194
-1769
-1013
-868
-1328
-1549
-943
-55
45
-554
-527
199
630
427
-18
391
1178
1143
578
28
406
808
854
752
546
357
98
114
281
516
-14
-476
-378
-19
95
-543
-913
-450
87
8
-753
-830
37
762
686
22
114
1085
1771
1390
804
1169
2087
2449
1811
1363
1899
2616
2517
1513
1156
1894
2532
2006
866
900
1654
1746
944
243
575
1106
871
-64
-528
-94
-97
-534
-961
-924
-961
-1417
-1614
-1752
-1972
-2114
-1954
-2137
-2542
-2576
-2342
-2286
-2447
-2211
-1907
-2001
-1883
-1516
-1245
-984
-961
-870
-715
-363
189
91
27
264
506
683
689
693
829
969
1073
1150
992
942
1264
1270
1387
975
644
408
270
785
1193
1057
-220
-958
-369
744
359
-1265
-2054
-917
395
-279
-2204
-2949
-1309
562
-260
-2541
-2753
-304
1572
25
-2308
-1423
1583
2818
613
-1397
-15
2728
3013
774
-185
1617
3423
2491
327
332
2352
3443
1947
444
925
2369
2592
1136
294
984
1821
1434
293
-208
337
906
498
-290
-730
-503
-295
-921
-1280
-1011
-645
-750
-1438
-1712
-1355
-988
-1097
-1478
-1589
-1278
-1199
-1505
-1669
-1248
-729
-858
-1409
-1621
-1116
-477
-545
-1091
-1045
-469
-105
-399
-698
-462
-3
171
-252
-440
-336
-78
-244
-327
-315
-338
-536
-587
-358
-259
-612
-1199
-1215
-811
-504
-831
-1283
-1182
-569
-85
-253
-601
-324
563
1064
737
242
812
1948
2411
1781
1306
1819
2682
2755
2077
1986
2678
3017
2646
1918
2051
2628
2581
1886
1306
1520
1833
1435
884
855
1173
1072
425
-26
-87
42
-90
-633
-1132
-1127
-1075
-1189
-1427
-1697
-1637
-1641
-1665
-1692
-1898
-1893
-1706
-1637
-1617
-1802
-1847
-1702
-1555
-1375
-1406
-1390
-1264
-1094
-1130
-1005
-799
-733
-785
-829
-550
-424
-487
-559
-426
-217
-96
-226
-133
142
215
16
-601
-189
541
832
25
-873
-390
726
813
-414
-1071
-392
662
449
-753
-1313
-442
760
710
-476
-799
367
1361
1002
-245
-32
1633
2729
2057
631
763
2156
2997
2098
1200
1652
2670
2749
1440
806
1400
2295
2276
1201
727
841
1073
1201
809
398
110
274
450
130
-402
-474
-468
-548
-307
-511
-1010
-1350
-1173
-499
-769
-1492
-1439
-943
-616
-1065
-1532
-1214
-627
-511
-1020
-1370
-1168
-783
-892
-1041
-935
-927
-969
-1121
-1139
-850
-840
-827
-734
-778
-666
-858
-839
-430
-402
-689
-1156
-1226
-903
-564
-600
-831
-1146
-1025
-682
-561
-823
-1218
-1037
-392
-128
-624
-1106
-745
259
598
20
-368
272
1349
1430
798
774
1905
2813
2307
1351
1485
2741
3298
2597
1770
2057
2761
2614
1865
1522
2038
2331
1938
1248
1215
1567
1552
1143
755
605
525
40
-221
-128
-5
-220
-1021
-1195
-996
-677
-1294
-1977
-1931
-1614
-1563
-1976
-2128
-2174
-1885
-1625
-1535
-1798
-1805
-1197
-796
-957
-1081
-800
-341
-71
-122
-102
1
282
231
211
326
500
498
223
402
521
457
46
126
389
398
208
-84
-77
62
-209
-1022
-931
-208
368
-490
-1721
-1473
-282
-139
-1238
-2301
-1852
-514
-573
-1699
-2411
-1642
-151
13
-1257
-1759
-672
987
1077
-603
-906
1032
2831
2132
152
82
2279
3641
2478
954
1468
3430
3589
1744
811
1992
3469
2908
943
618
1695
2511
1833
578
540
1259
1276
383
-248
-263
319
164
-452
-920
-1196
-870
-949
-1415
-1637
-1388
-938
-1027
-1691
-1889
-1363
-768
-764
-1200
-1332
-883
-571
-769
-1071
-817
-119
-76
-562
-763
-498
-105
-236
-546
-501
-359
-288
-612
-576
-224
-242
-590
-767
-469
-374
-736
-1231
-978
-281
-546
-1311
-1779
-1118
-484
-961
-1712
-1900
-1254
-681
-1018
-1608
-1485
-801
-206
-398
-909
-731
237
950
676
155
556
1804
2357
1952
1476
2090
3031
2857
2158
2173
2957
3431
2969
2291
2333
2753
2573
2156
1894
2002
1958
1626
1365
1292
1337
1045
708
530
69
-368
-557
-638
-811
-1262
-1516
-1523
-1785
-2077
-2117
-2096
-1956
-2116
-2321
-2219
-1904
-1690
-1708
-1923
-1707
-1175
-1105
-1051
-1048
-741
-265
-151
-206
-332
-300
6
208
225
278
457
638
677
482
403
485
622
472
334
309
490
370
278
-183
-994
-772
-337
359
-597
-2001
-1773
-389
-70
-1468
-2885
-2303
-366
-234
-1771
-3059
-2211
20
597
-1301
-2290
-1009
1445
1620
-663
-1398
832
3260
2703
235
-202
2386
4030
2646
710
1246
3615
3973
1951
874
1982
3685
3060
1048
915
2032
2561
1376
178
520
1387
1012
-104
-693
-467
337
126
-659
-1105
-867
-347
-873
-1740
-1662
-849
-496
-1259
-2241
-1987
-897
-423
-1019
-1778
-1551
-581
-344
-945
-1260
-696
95
-76
-848
-927
-144
498
199
-514
-395
183
388
177
-117
-77
74
-67
-345
-625
-834
-663
-282
-489
-1139
-1828
-1599
-950
-1113
-1920
-2442
-1903
-1163
-1367
-2165
-2274
-1617
-1058
-1063
-1511
-1418
-668
-17
0
-420
-372
495
1306
1423
1015
1044
1829
2561
2451
1893
2156
3111
3512
2802
2122
2645
3541
3501
2431
2003
2578
3130
2516
1425
1435
2231
2401
1268
280
495
1185
926
-104
-728
-418
-73
-451
-1122
-1458
-1154
-874
-1193
-1752
-1911
-1647
-1316
-1462
-1851
-2068
-1918
-1504
-1516
-1849
-1894
-1665
-1436
-1405
-1589
-1450
-1051
-726
-765
-939
-803
-422
-271
-219
-166
-77
86
56
51
8
-213
-747
-625
84
593
-125
-1393
-1350
-208
335
-741
-1924
-1611
-199
103
-1028
-2067
-1478
-34
294
-932
-1811
-865
773
910
-654
-1281
261
2175
1916
100
-332
1386
2859
2159
649
979
2785
3408
2162
1180
1962
3322
3226
1922
1551
2182
2913
2510
1541
1467
1779
1997
1452
698
601
964
807
232
-195
-176
53
-345
-880
-926
-793
-618
-964
-1391
-1381
-1214
-1052
-1279
-1616
-1576
-1267
-1308
-1616
-1870
-1732
-1299
-1219
-1678
-1846
-1541
-1144
-1262
-1590
-1402
-1124
-839
-1035
-1245
-1143
-766
-588
-605
-889
-1086
-908
-761
-507
-632
-986
-1175
-840
-545
-642
-1220
-1240
-574
-17
-305
-1204
-1325
-486
351
38
-707
-594
436
1058
629
123
688
1917
2407
1519
844
1560
2840
3151
2184
1756
2519
3187
2769
1940
1994
2990
3277
2421
1599
1852
2507
2550
1770
1284
1768
1909
1508
705
628
1131
919
54
-758
-455
152
-154
-1117
-1625
-1385
-1100
-1449
-2145
-2495
-2024
-1629
-1729
-2382
-2628
-1899
-1423
-1680
-2261
-2234
-1522
-1116
-1368
-1684
-1528
-1027
-842
-1063
-1287
-1066
-677
-605
-790
-857
-664
-299
-175
-321
-482
-293
-74
121
91
124
-497
-437
178
822
664
-975
-1351
-94
886
47
-1499
-1902
-185
803
-201
-1724
-1874
26
1324
3
-1651
-1278
927
2055
209
-1510
-304
2481
3048
790
-832
902
3321
2923
785
340
2517
3973
2465
692
1215
3163
3829
1947
930
1835
2932
2633
1299
1048
1725
1941
1045
434
380
767
756
-12
-271
-168
-55
-450
-1190
-1172
-499
-376
-989
-1838
-1957
-1188
-889
-1404
-1873
-1769
-1184
-1115
-1750
-2012
-1527
-954
-1123
-1902
-2132
-1533
-1094
-1229
-1875
-1903
-1402
-1082
-1152
-1364
-1162
-1021
-887
-954
-934
-966
-1026
-938
-597
-354
-830
-1297
-1066
-389
-240
-849
-1307
-805
-81
-86
-715
-961
-413
340
372
-154
-257
492
1376
1324
621
563
1592
2509
2292
1503
1519
2503
3131
2489
1867
2306
3304
3327
2239
1759
2531
3263
2763
1753
1612
2275
2429
1631
924
1235
1732
1350
509
96
257
299
-285
-770
-756
-733
-1146
-1596
-1745
-1547
-1417
-1665
-1859
-1897
-1850
-1792
-1794
-1895
-1871
-1817
-1766
-1748
-1719
-1645
-1524
-1387
-1382
-1383
-1408
-1267
-1012
-891
-914
-1144
-1095
-742
-487
-479
-564
-463
-214
-23
19
-1
6
42
-374
-563
-351
354
614
-148
-926
-742
150
223
-537
-1126
-576
335
159
-845
-1407
-539
776
522
-683
-1007
250
1469
852
-350
-100
1632
2614
1602
288
727
2445
2873
1735
922
1696
3092
2881
1699
1197
1988
2856
2431
1509
1342
1911
2192
1669
1155
1144
1419
1517
1134
617
360
521
499
151
-152
-304
-438
-719
-811
-756
-847
-1136
-1329
-1290
-1381
-1725
-1931
-1739
-1421
-1632
-2042
-2222
-1807
-1427
-1513
-1809
-1947
-1645
-1367
-1461
-1664
-1497
-1159
-935
-1022
-1149
-1021
-662
-446
-593
-605
-632
-384
-473
-847
-1129
-836
-5
-6
-683
-1278
-905
-233
-255
-801
-1149
-664
-105
-312
-819
-919
-162
526
262
-390
-405
610
1324
1129
640
832
1812
2233
1903
1538
1999
2758
2793
2224
1995
2712
3241
2888
2120
1952
2591
2938
2375
1730
1672
2292
2376
1694
997
948
1458
1331
539
-116
113
111
-125
-610
-981
-1047
-1264
-1392
-1681
-2139
-2126
-1800
-1860
-2291
-2633
-2351
-1926
-1934
-2472
-2567
-2246
-1710
-1588
-1885
-1687
-1295
-1038
-1136
-1262
-927
-519
-439
-496
-605
-459
-209
-175
-210
-33
119
188
144
156
406
554
454
332
260
15
69
448
947
712
-225
-672
-78
488
71
-902
-1192
-196
516
23
-1070
-1392
-425
551
127
-985
-1122
93
1181
630
-551
-322
1387
2428
1462
-46
366
2162
2897
1704
600
1548
2975
2852
1413
920
2263
3111
2181
811
803
2037
2382
1485
550
807
1438
1216
345
-158
333
693
136
-697
-794
-420
-321
-822
-1244
-1073
-827
-1033
-1471
-1636
-1472
-1280
-1409
-1622
-1778
-1610
-1333
-1290
-1334
-1474
-1340
-1258
-1200
-1221
-1098
-830
-748
-858
-993
-784
-669
-570
-562
-555
-540
-552
-485
-379
-380
-332
-735
-895
-851
-413
-28
-479
-912
-933
-451
-349
-710
-1175
-864
-309
-273
-981
-1547
-1060
55
417
-300
-841
-184
952
959
191
121
1389
2314
1830
818
1086
2467
3060
2300
1666
2140
3021
3038
2392
2267
2675
2995
2505
1887
1709
1958
2384
2308
1776
1084
941
1175
1058
601
242
224
185
-11
-384
-580
-550
-591
-832
-1264
-1490
-1388
-1450
-1603
-1807
-1909
-1858
-1954
-2197
-2138
-1869
-1860
-2053
-2160
-1886
-1611
-1656
-1723
-1638
-1413
-1302
-1353
-1248
-778
-528
-566
-685
-564
-239
-129
-181
-163
17
120
142
105
126
68
-13
-243
-165
73
418
253
-459
-760
-289
193
-106
-804
-1239
-484
260
150
-797
-1358
-665
539
430
-591
-775
442
1610
932
-250
125
1873
2844
1824
465
1007
2626
3095
2006
1313
2096
3148
2771
1546
1320
2143
2881
2252
1237
919
1541
2057
1612
918
651
930
1034
586
3
-83
116
1
-386
-674
-695
-744
-1062
-1227
-1200
-1215
-1496
-1844
-1876
-1638
-1574
-1864
-2095
-2025
-1758
-1783
-2064
-2113
-1831
-1417
-1459
-1745
-1790
-1374
-928
-981
-1142
-1083
-626
-342
-408
-645
-559
-178
84
14
-123
-95
127
312
72
-182
-191
194
633
309
-439
-567
44
393
-34
-883
-926
-286
123
-217
-828
-665
32
529
123
-380
-130
836
1382
938
243
497
1628
2218
1603
889
1358
2385
2611
1797
1300
1971
2810
2534
1435
1164
1999
2672
2168
1209
1094
1691
2065
1452
750
703
1181
1239
453
-158
-12
505
340
-485
-1070
-883
-558
-754
-1406
-1659
-1459
-1306
-1778
-2251
-2135
-1737
-1530
-2102
-2426
-2238
-1902
-1747
-2028
-2038
-1692
-1510
-1461
-1509
-1282
-1047
-857
-690
-683
-590
-559
-305
-108
-99
-135
-100
156
345
218
160
343
651
676
516
483
689
823
547
421
98
62
89
271
395
-42
-482
-384
180
293
-439
-1126
-634
264
273
-692
-1245
-427
687
456
-521
-698
482
1478
822
-294
-37
1521
2311
1506
397
814
2185
2500
1570
781
1389
2490
2396
1361
862
1525
2354
2018
1113
760
1093
1582
1431
895
438
421
681
653
68
-402
-145
118
-107
-773
-1138
-1019
-892
-1004
-1295
-1410
-1462
-1519
-1656
-1681
-1589
-1647
-1768
-1864
-1745
-1617
-1706
-1665
-1442
-1267
-1202
-1352
-1271
-990
-869
-851
-868
-752
-513
-379
-354
-421
-508
-534
-241
-48
-134
-296
-179
163
282
-121
-374
-349
-265
2
102
287
-48
-544
-443
96
351
-67
-696
-387
530
796
-14
-679
-193
1055
1306
216
-296
579
2020
1903
539
144
1626
3006
2482
939
821
2379
3192
2180
871
1322
2836
2977
1454
523
1388
2519
2154
731
332
1199
1806
1167
224
289
1008
885
-17
-528
-326
51
-346
-1080
-1469
-1321
-1189
-1582
-2126
-2145
-1610
-1514
-2202
-2683
-2351
-1632
-1772
-2470
-2605
-1942
-1369
-1602
-2035
-1924
-1292
-983
-1350
-1703
-1467
-885
-650
-1002
-1269
-917
-375
-187
-428
-563
-245
151
225
71
41
292
592
631
402
258
444
729
885
742
636
683
708
735
847
1130
1155
871
633
749
1008
1168
889
573
784
1076
1032
558
248
757
1262
949
311
289
1084
1424
828
77
520
1428
1644
944
473
999
1601
1523
938
778
1100
1379
1067
727
608
780
852
664
397
150
75
72
59
-129
-321
-579
-733
-804
-967
-1127
-1308
-1432
-1463
-1684
-1815
-1990
-2162
-2073
-1885
-1892
-2109
-2201
-1990
-1546
-1548
-1755
-1724
-1240
-845
-955
-1274
-1101
-551
-301
-496
-764
-529
-79
5
-160
-102
120
308
291
233
322
460
544
519
593
700
650
705
802
956
877
601
650
818
639
363
559
1204
1303
452
-255
327
1175
1101
30
-520
532
1455
818
-495
-711
583
1574
684
-626
-513
1038
1768
596
-589
127
1827
2148
732
-372
520
2070
2047
567
-78
1011
2139
1637
78
-385
799
1674
809
-589
-606
527
1142
282
-874
-745
56
342
-498
-1336
-1079
-464
-417
-1229
-1812
-1658
-1288
-1423
-2068
-2291
-1900
-1590
-1932
-2375
-2115
-1637
-1479
-1614
-1638
-1341
-1219
-1333
-1338
-995
-532
-396
-640
-763
-512
-176
-61
-148
-133
176
439
397
373
391
637
872
808
741
722
1012
1260
1194
1058
1073
1275
1322
1166
986
1087
1277
1283
1016
829
958
1203
1201
807
570
684
905
678
239
-16
108
394
309
-5
-246
-45
321
259
-83
-258
26
362
236
-112
-219
210
534
292
-156
-184
326
593
366
18
102
408
387
47
-213
-26
257
177
-244
-511
-304
-221
-349
-640
-786
-841
-795
-785
-1067
-1266
-1359
-1162
-1158
-1295
-1427
-1356
-1201
-1194
-1301
-1370
-1202
-1121
-1125
-1050
-923
-748
-606
-667
-597
-310
-73
-22
-37
164
450
453
390
571
862
1081
1014
889
1083
1341
1403
1176
1188
1474
1540
1316
1110
1345
1664
1601
1202
1008
1031
1212
1000
667
246
-27
159
240
434
-114
-635
-578
-183
-102
-728
-1339
-995
-125
-135
-1033
-1848
-1391
-99
119
-996
-1582
-836
423
203
-1024
-1087
314
1276
585
-762
-626
959
1591
717
-238
154
1181
1143
160
-215
504
1216
812
-338
-603
79
601
288
-410
-527
-88
0
-424
-726
-607
-236
-432
-924
-1091
-720
-461
-773
-1234
-1260
-886
-815
-1158
-1445
-1113
-668
-671
-1003
-974
-448
-115
-345
-539
-172
260
268
33
91
534
820
789
674
812
1043
1176
1168
1124
1089
1040
1073
1314
1411
1187
1043
1172
1346
1148
658
489
803
1041
686
100
182
548
600
136
-215
-32
183
-117
-680
-683
-207
-12
-529
-1074
-1060
-594
-456
-821
-1170
-1016
-735
-776
-1013
-1199
-963
-511
-336
-586
-957
-850
-295
45
-143
-627
-531
57
509
215
-248
-141
447
783
367
-3
123
613
774
269
-128
54
512
551
30
-256
52
369
110
-437
-602
-179
106
-258
-800
-812
-293
-45
-330
-642
-385
-44
-45
-343
-245
229
412
153
-71
210
621
609
332
442
732
843
691
671
952
1311
1215
869
866
1112
1139
778
519
723
1031
803
283
169
486
679
198
-387
-322
5
93
-326
-621
-511
-277
-502
-914
-999
-798
-663
-846
-1058
-1087
-936
-902
-1021
-1031
-978
-1029
-1058
-1118
-1017
-858
-894
-858
-782
-683
-630
-739
-618
-399
-150
-200
-331
-152
110
246
95
158
454
688
640
439
563
893
985
662
398
613
889
797
369
218
476
675
460
97
107
384
429
146
-111
2
214
198
40
-148
-118
17
82
142
191
223
190
198
157
218
318
368
382
423
499
578
571
616
768
830
815
680
620
682
751
723
575
503
455
506
518
507
337
142
91
136
157
-74
-345
-433
-323
-332
-568
-700
-642
-473
-649
-985
-1121
-1021
-929
-1067
-1099
-1032
-991
-1123
-1269
-1230
-1126
-1073
-1138
-1112
-926
-761
-738
-815
-713
-642
-608
-451
-386
-423
-436
-387
-209
-72
-186
-272
-152
76
175
-11
-114
109
419
515
350
201
419
657
694
454
315
481
641
604
383
327
462
649
598
428
358
610
826
832
633
600
958
1161
1072
871
882
1138
1222
1031
944
1064
1306
1316
1030
888
1101
1214
1102
891
940
1098
899
588
490
648
708
487
110
-83
-65
-96
-289
-483
-545
-667
-823
-988
-1086
-1101
-1148
-1375
-1599
-1725
-1777
-1749
-1833
-1899
-1959
-2053
-2063
-2014
-1996
-1962
-1844
-1738
-1632
-1630
-1542
-1291
-1029
-916
-951
-788
-488
-183
-151
-264
-149
178
379
269
148
293
706
846
648
544
757
946
894
711
652
871
1034
1021
847
755
929
1070
1001
828
769
929
1123
1109
945
891
1000
1135
1009
827
848
1061
1143
1014
887
964
1148
1178
1092
994
978
994
894
881
866
785
610
464
516
556
362
141
178
233
59
-290
-408
-275
-253
-564
-790
-763
-745
-892
-1166
-1254
-1179
-1254
-1504
-1668
-1676
-1614
-1724
-1916
-1868
-1769
-1811
-1996
-2053
-1910
-1715
-1646
-1680
-1521
-1289
-1113
-1055
-954
-810
-644
-566
-471
-306
-36
269
372
440
528
736
772
732
847
1029
1215
1059
915
995
1226
1368
1199
959
980
1187
1218
1086
918
959
1085
1024
744
543
620
821
811
569
440
510
601
539
320
265
415
573
490
334
284
448
556
370
222
234
428
420
314
266
300
382
278
160
155
261
248
147
39
-10
-10
-50
-109
-237
-371
-375
-332
-440
-652
-730
-595
-480
-692
-986
-980
-762
-686
-942
-1176
-1152
-960
-1026
-1275
-1376
-1254
-1170
-1281
-1394
-1273
-1016
-1009
-1188
-1174
-998
-876
-930
-936
-723
-503
-416
-429
-404
-238
-149
-48
85
234
368
415
469
600
685
698
772
910
1068
1066
1016
1037
1122
1171
1146
1138
1144
1245
1287
1275
1247
1279
1439
1489
1425
1199
1109
1289
1382
1161
886
860
962
833
480
321
453
593
369
-67
-202
41
174
-53
-265
-208
-13
-29
-330
-426
-341
-290
-467
-750
-757
-623
-603
-732
-853
-859
-876
-918
-1020
-1007
-966
-1042
-1029
-1000
-1035
-1096
-1182
-1227
-1176
-1219
-1264
-1199
-1098
-1128
-1214
-1219
-1108
-1029
-1037
-1018
-814
-620
-640
-705
-618
-346
-148
-224
-305
-120
168
329
183
191
404
633
615
447
519
756
949
852
806
985
1144
1177
1142
1128
1264
1333
1288
1318
1399
1463
1394
1267
1324
1472
1469
1343
1239
1195
1205
1103
958
932
981
962
777
626
547
541
436
285
162
72
-4
-181
-357
-486
-460
-450
-634
-831
-843
-767
-784
-897
-955
-924
-996
-1074
-1104
-1039
-975
-1070
-1189
-1155
-1071
-1096
-1117
-1143
-1062
-1036
-1154
-1144
-1036
-864
-801
-887
-851
-694
-579
-565
-581
-526
-384
-328
-371
-340
-225
-86
-1
-89
-139
-83
13
46
-29
-17
101
166
129
124
207
382
443
388
491
616
699
662
578
697
776
748
714
740
930
1027
973
956
1004
1126
1104
1055
1056
1112
1178
1097
1032
1022
1018
972
892
843
859
877
847
723
627
645
616
557
435
230
139
166
40
-134
-344
-357
-298
-420
-620
-756
-708
-657
-732
-904
-996
-1018
-1077
-1193
-1292
-1290
-1294
-1323
-1405
-1403
-1366
-1322
-1253
-1211
-1174
-1132
-1075
-1011
-942
-969
-957
-905
-842
-809
-714
-571
-471
-455
-450
-399
-318
-198
-160
-105
-47
-2
83
134
138
237
338
420
464
461
547
593
615
653
614
641
758
842
868
848
943
1126
1213
1202
1155
1300
1511
1509
1447
1416
1541
1588
1502
1404
1408
1422
1399
1338
1200
1192
1172
1094
950
844
772
663
570
412
223
-5
-105
-147
-274
-542
-754
-736
-706
-858
-1118
-1202
-1121
-1150
-1359
-1529
-1489
-1348
-1360
-1531
-1616
-1527
-1460
-1488
-1566
-1529
-1455
-1483
-1536
-1403
-1270
-1193
-1189
-1150
-1026
-932
-931
-880
-659
-555
-531
-534
-417
-239
-182
-243
-190
-70
117
155
98
236
447
539
483
391
437
602
673
693
646
755
867
861
820
817
988
1042
987
940
955
1079
1119
1074
1026
1086
1176
1151
1048
1002
1073
1173
1157
1053
964
951
928
895
806
703
643
672
648
616
483
387
376
289
250
65
-73
-95
-121
-157
-290
-367
-346
-378
-515
-687
-788
-744
-742
-885
-1005
-1075
-1027
-1002
-1071
-1119
-1067
-924
-921
-997
-1068
-1008
-914
-872
-918
-1000
-950
-887
-852
-899
-965
-927
-825
-743
-757
-776
-723
-587
-478
-495
-511
-410
-265
-125
-71
-65
19
112
186
179
201
319
497
597
601
657
777
857
805
771
796
889
938
848
869
978
1046
1074
1018
994
1016
1015
947
864
875
881
796
664
546
531
579
513
440
319
281
231
136
-5
-122
-180
-164
-168
-235
-254
-210
-218
-234
-256
-275
-258
-315
-315
-237
-212
-225
-309
-335
-307
-283
-256
-324
-326
-255
-253
-339
-361
-295
-252
-314
-451
-507
-451
-362
-377
-476
-530
-476
-474
-512
-578
-553
-439
-449
-506
-614
-614
-498
-462
-543
-641
-671
-602
-511
-480
-470
-448
-395
-361
-343
-315
-245
-92
-5
29
83
204
362
445
484
491
579
702
724
758
807
930
991
915
845
886
1000
1021
985
935
924
921
831
830
842
821
797
709
679
724
709
619
548
535
468
385
309
223
188
163
86
-62
-133
-209
-227
-286
-367
-397
-382
-319
-368
-425
-370
-302
-285
-351
-391
-366
-363
-415
-464
-416
-342
-401
-560
-600
-545
-503
-577
-646
-650
-617
-650
-746
-760
-687
-658
-720
-800
-834
-804
-780
-868
-871
-856
-859
-834
-850
-828
-820
-786
-675
-585
-553
-514
-374
-209
-96
6
52
215
329
387
471
611
737
800
850
900
964
1002
1085
1122
1134
1127
1156
1155
1093
1123
1120
1105
1020
1004
1020
1012
1006
930
825
716
651
581
516
442
378
348
267
173
120
94
59
-54
-134
-239
-316
-372
-388
-364
-429
-558
-612
-555
-463
-462
-514
-541
-519
-490
-560
-639
-603
-538
-509
-524
-524
-441
-391
-418
-454
-406
-359
-372
-475
-485
-388
-359
-404
-498
-568
-487
-465
-497
-531
-484
-459
-449
-428
-411
-370
-353
-328
-259
-193
-164
-146
-102
7
59
98
137
182
251
334
370
390
463
572
651
644
691
783
805
823
730
640
655
647
673
585
531
572
609
586
457
437
390
380
366
339
283
264
309
252
181
75
82
80
23
-27
-95
-89
-41
-61
-139
-184
-179
-136
-113
-135
-227
-244
-146
-202
-268
-366
-343
-301
-312
-329
-373
-287
-217
-252
-309
-302
-247
-204
-200
-206
-238
-190
-136
-126
-177
-254
-224
-207
-205
-286
-364
-285
-212
-256
-371
-368
-307
-305
-396
-481
-483
-429
-377
-448
-475
-405
-312
-284
-380
-402
-347
-285
-239
-213
-148
-79
-7
72
137
252
303
316
363
450
496
507
572
625
672
684
636
662
723
789
774
775
783
796
807
770
729
659
678
651
595
521
524
581
547
474
406
340
294
252
207
224
203
153
95
82
87
40
-33
-117
-197
-302
-408
-439
-395
-415
-439
-506
-478
-443
-499
-548
-558
-539
-575
-627
-636
-547
-480
-535
-620
-558
-445
-453
-599
-710
-606
-525
-536
-629
-636
-487
-411
-396
-438
-410
-303
-227
-238
-288
-255
-194
-169
-148
-122
-78
-35
-26
-17
-16
-14
-18
-21
-5
99
161
224
313
331
367
397
412
424
462
459
458
498
569
640
645
664
697
646
631
556
578
675
667
641
561
503
476
425
363
353
330
290
262
205
183
130
53
39
66
90
43
-62
-64
12
13
-42
-123
-91
-24
-29
-45
-91
-103
-109
-103
-184
-250
-230
-204
-212
-250
-346
-416
-419
-453
-520
-628
-664
-668
-678
-702
-697
-728
-753
-793
-862
-833
-837
-790
-685
-634
-602
-573
-517
-415
-363
-327
-329
-318
-199
-120
-99
55
165
239
273
300
390
464
521
541
547
576
650
645
575
548
579
582
571
574
600
709
749
713
644
612
619
593
554
589
610
609
551
472
461
472
471
392
319
227
203
187
117
70
82
100
76
-7
-65
-72
-102
-119
-148
-192
-179
-196
-211
-254
-298
-294
-290
-312
-340
-316
-296
-339
-402
-452
-425
-411
-400
-391
-408
-415
-370
-356
-401
-453
-501
-442
-411
-475
-544
-555
-469
-438
-516
-587
-566
-445
-462
-487
-439
-350
-297
-320
-343
-347
-225
-141
-91
-94
-94
-10
67
94
58
43
117
226
248
270
346
411
471
474
474
502
573
576
546
574
580
605
552
514
508
522
515
489
452
409
424
423
437
457
427
425
397
378
362
354
443
438
349
285
231
219
187
119
88
45
41
-14
-76
-61
-55
-93
-158
-191
-198
-214
-217
-236
-239
-219
-251
-279
-254
-251
-320
-392
-413
-413
-360
-392
-429
-366
-322
-331
-401
-491
-472
-446
-481
-528
-551
-521
-494
-488
-491
-488
-462
-419
-411
-401
-359
-317
-297
-238
-192
-208
-159
-108
-53
-40
-55
4
63
129
140
160
188
249
274
349
423
484
558
551
565
558
550
562
587
633
664
621
607
559
550
533
454
492
481
488
461
442
441
424
357
280
231
216
227
187
139
110
116
48
-66
-128
-143
-155
-169
-193
-246
-234
-205
-197
-203
-221
-221
-211
-226
-229
-257
-265
-295
-355
-361
-359
-351
-392
-488
-520
-447
-448
-538
-585
-528
-524
-493
-551
-552
-552
-554
-549
-574
-540
-519
-480
-473
-418
-381
-344
-288
-234
-220
-236
-231
-191
-117
-84
-77
-42
17
68
73
97
184
258
305
324
301
353
383
389
437
508
541
555
631
651
621
626
615
625
617
597
632
659
656
649
649
658
667
646
682
662
617
561
506
509
460
422
410
362
374
378
303
222
212
236
189
91
46
59
-11
-87
-116
-155
-187
-239
-337
-414
-432
-461
-480
-549
-560
-556
-568
-572
-573
-581
-616
-637
-644
-651
-702
-763
-760
-740
-768
-818
-823
-827
-765
-735
-720
-716
-707
-633
-628
-599
-564
-477
-419
-390
-349
-290
-212
-139
-127
-75
-6
62
114
100
191
266
312
330
338
393
478
556
613
647
700
753
794
829
813
827
849
897
880
803
785
787
780
733
649
656
677
639
654
600
565
567
522
417
320
277
246
212
136
65
27
3
-35
-129
-191
-193
-237
-307
-362
-380
-402
-399
-443
-486
-509
-511
-485
-561
-561
-560
-568
-551
-533
-517
-541
-530
-525
-526
-513
-469
-438
-432
-437
-430
-418
-406
-387
-404
-388
-383
-404
-409
-403
-308
-236
-260
-255
-195
-152
-106
-37
-26
11
29
18
67
77
101
178
230
274
268
285
337
396
441
440
467
505
534
529
570
628
639
654
601
597
620
641
627
592
556
522
503
471
460
461
435
434
385
300
259
228
159
92
38
2
8
26
0
-52
-101
-95
-115
-177
-219
-259
-263
-276
-345
-358
-333
-311
-315
-346
-391
-389
-383
-379
-376
-333
-305
-340
-308
-319
-279
-250
-261
-252
-259
-244
-249
-314
-357
-371
-385
-384
-436
-491
-529
-540
-478
-469
-438
-412
-379
-345
-374
-356
-323
-263
-228
-202
-164
-141
-102
-106
-94
-75
-71
-19
-9
10
60
127
192
229
252
306
363
398
436
453
505
531
539
564
593
646
659
675
676
642
670
703
700
664
631
598
588
573
566
570
581
558
540
519
489
464
469
440
358
298
230
194
154
74
22
-21
-76
-144
-205
-257
-257
-287
-341
-369
-441
-459
-456
-505
-521
-549
-556
-608
-630
-673
-670
-690
-721
-737
-779
-786
-775
-729
-747
-768
-801
-755
-690
-653
-584
-546
-486
-442
-427
-383
-324
-255
-216
-227
-212
-156
-74
-25
75
174
187
220
277
338
445
456
470
551
609
683
708
734
756
794
773
758
768
796
794
745
701
686
693
705
632
601
606
592
545
484
459
466
414
348
272
218
230
175
93
23
-39
-84
-113
-180
-233
-260
-235
-244
-294
-332
-355
-351
-415
-498
-563
-548
-529
-495
-471
-494
-511
-529
-530
-552
-591
-619
-620
-598
-621
-618
-597
-626
-610
-611
-621
-620
-621
-633
-592
-566
-520
-486
-400
-328
-268
-223
-198
-145
-161
-116
-104
-75
-26
45
98
167
260
326
400
452
510
554
611
650
738
781
831
876
918
976
912
930
919
912
908
878
846
807
808
790
748
668
639
638
622
576
528
469
407
330
246
207
130
30
-71
-188
-241
-313
-377
-409
-434
-473
-532
-561
-616
-644
-635
-658
-678
-672
-674
-642
-618
-630
-604
-599
-584
-611
-592
-549
-510
-473
-478
-457
-414
-392
-353
-342
-350
-299
-308
-281
-293
-298
-279
-241
-185
-136
-85
-76
-35
-13
-32
-32
-46
-51
-23
-10
37
33
45
91
106
140
123
196
215
200
212
197
253
315
377
378
371
394
399
402
442
494
524
541
539
554
548
577
595
593
594
574
561
548
503
467
463
423
339
308
268
241
204
144
75
10
-70
-135
-155
-167
-215
-225
-211
-244
-292
-317
-316
-356
-368
-391
-397
-346
-337
-344
-386
-415
-393
-419
-419
-405
-345
-324
-340
-335
-350
-305
-317
-336
-323
-292
-245
-260
-273
-276
-275
-264
-245
-261
-258
-260
-259
-215
-211
-193
-183
-203
-175
-169
-117
-84
-50
6
14
17
32
81
146
206
232
208
244
270
310
342
354
412
421
438
447
506
539
547
548
552
565
546
555
538
519
540
554
551
537
509
495
459
407
355
318
268
273
242
183
131
81
40
-11
-68
-97
-143
-177
-195
-237
-300
-322
-337
-364
-383
-425
-434
-442
-406
-434
-477
-488
-514
-511
-492
-488
-464
-473
-456
-453
-465
-444
-468
-459
-425
-415
-378
-332
-305
-269
-218
-203
-217
-210
-211
-175
-133
-126
-62
-69
-20
12
54
99
106
156
146
191
175
202
185
157
179
177
179
186
220
234
226
224
238
277
329
381
412
390
374
342
330
333
320
331
288
284
309
305
337
339
329
345
335
355
309
305
304
300
303
271
251
229
226
232
207
184
128
52
-1
-59
-81
-144
-157
-195
-223
-227
-277
-298
-304
-345
-411
-449
-446
-438
-469
-463
-516
-513
-492
-489
-476
-470
-433
-406
-407
-400
-386
-381
-341
-332
-328
-271
-210
-193
-172
-157
-102
-76
-43
-41
-30
12
54
43
53
55
62
106
106
131
121
130
130
158
158
161
208
225
263
264
279
297
337
347
366
347
384
391
360
349
314
338
327
308
287
307
313
305
300
287
264
234
211
199
220
218
196
151
85
81
55
26
25
-4
12
-48
-89
-106
-148
-176
-229
-235
-228
-273
-338
-383
-374
-388
-412
-408
-413
-400
-384
-418
-414
-410
-416
-375
-381
-372
-333
-320
-269
-264
-265
-268
-266
-242
-219
-238
-183
-130
-116
-89
-54
-42
-19
9
51
93
118
185
221
253
208
191
219
232
238
225
240
271
271
235
230
216
201
209
235
244
256
288
328
300
284
293
280
295
286
310
334
314
332
339
299
279
269
246
221
192
188
171
136
95
58
50
65
83
80
44
-4
-12
-37
-50
-76
-123
-149
-178
-220
-277
-287
-254
-246
-259
-289
-315
-317
-292
-281
-298
-328
-340
-342
-331
-316
-355
-334
-342
-365
-377
-351
-312
-303
-282
-265
-234
-208
-169
-148
-126
-98
-86
-65
-67
-73
-41
-20
-4
-23
-9
22
44
76
109
123
145
185
195
183
199
212
233
235
273
271
291
334
338
336
308
311
300
311
290
281
262
253
255
281
308
298
265
230
177
146
91
63
26
-11
-31
-29
-23
-21
-4
-15
-43
-86
-49
-45
-40
-36
-42
-59
-73
-51
-66
-45
-46
-52
-75
-81
-81
-122
-129
-156
-198
-211
-206
-205
-224
-237
-234
-261
-250
-233
-232
-234
-251
-208
-204
-209
-187
-160
-150
-150
-159
-162
-161
-154
-113
-110
-95
-85
-103
-89
-109
-53
-17
-21
-4
-29
-27
-1
-4
28
55
58
107
110
114
146
174
184
183
212
193
216
236
219
227
260
267
293
317
303
308
289
291
296
279
281
275
264
275
270
255
252
206
163
138
111
105
92
69
35
7
-29
-34
-48
-78
-106
-127
-132
-160
-146
-171
-178
-173
-199
-182
-181
-193
-197
-257
-270
-286
-281
-271
-277
-286
-301
-292
-306
-304
-310
-331
-328
-317
-279
-284
-283
-268
-257
-244
-219
-174
-170
-110
-74
-57
-35
-24
-15
-18
4
-4
6
44
68
93
123
130
144
136
161
135
133
143
181
200
194
169
174
206
209
246
236
272
272
286
301
294
290
283
302
250
243
255
241
255
265
257
205
184
186
190
185
202
200
163
158
123
111
99
98
63
46
31
25
14
-3
-1
-45
-49
-103
-179
-258
-301
-292
-281
-252
-252
-203
-221
-210
-171
-178
-156
-159
-166
-153
-166
-169
-146
-147
-144
-171
-178
-172
-150
-130
-107
-105
-85
-66
-44
-40
-49
-68
-84
-104
-117
-114
-117
-117
-130
-80
-112
-98
-70
-58
-80
-53
-35
-54
-26
-16
-13
-9
3
-10
-11
-13
-3
9
20
16
26
54
74
72
93
127
153
135
166
185
188
188
204
220
211
205
223
245
203
172
136
151
166
151
154
167
192
188
174
172
161
160
115
82
94
78
77
55
33
10
-68
-104
-115
-123
-135
-147
-121
-118
-118
-139
-147
-149
-144
-161
-145
-136
-164
-188
-190
-155
-140
-133
-116
-108
-75
-34
-18
-41
-44
-41
-59
-62
-44
-40
-67
-61
-66
-86
-99
-98
-78
-94
-90
-90
-94
-110
-103
-98
-135
-134
-109
-122
-109
-86
-86
-108
-124
-119
-135
-105
-105
-89
-81
-60
-2
31
36
37
72
115
128
154
191
211
250
269
315
355
353
357
372
370
373
397
417
420
421
374
353
323
302
281
264
230
176
173
169
149
104
43
38
-11
-51
-51
-97
-119
-160
-170
-204
-238
-239
-249
-274
-281
-271
-289
-283
-257
-254
-239
-243
-274
-265
-290
-277
-292
-268
-256
-239
-204
-206
-218
-215
-190
-156
-142
-144
-147
-119
-71
-57
-49
-68
-59
-34
-33
-32
-5
4
-11
10
8
-1
23
36
18
12
8
17
49
45
38
52
87
118
145
162
180
200
188
187
157
139
146
128
127
110
113
130
134
161
170
180
185
191
219
243
248
272
268
276
313
312
306
277
235
193
184
185
178
173
134
115
89
60
36
-15
-25
-53
-60
-84
-87
-103
-138
-160
-200
-221
-239
-279
-297
-315
-344
-348
-369
-385
-357
-350
-318
-324
-300
-283
-297
-274
-274
-240
-225
-243
-225
-236
-227
-202
-197
-151
-139
-113
-94
-58
-52
-25
7
12
63
88
117
148
154
167
192
193
180
150
154
152
144
112
95
86
94
132
193
189
181
187
184
205
206
212
201
195
228
241
247
256
239
234
240
223
202
218
205
161
169
178
174
126
92
81
86
120
125
139
125
107
72
23
-28
-70
-86
-115
-126
-148
-188
-193
-222
-276
-276
-276
-291
-276
-285
-291
-272
-278
-291
-307
-327
-319
-287
-277
-279
-266
-277
-272
-239
-210
-221
-186
-180
-151
-97
-84
-43
-61
-30
-28
-25
-16
-17
-25
-21
-18
-2
21
36
58
90
120
107
99
150
168
182
218
223
230
213
236
231
229
249
256
243
231
229
217
234
240
245
232
219
217
212
185
166
140
138
135
117
124
111
99
92
58
47
69
92
71
26
-6
-27
-90
-116
-133
-174
-181
-199
-208
-204
-194
-205
-213
-212
-227
-232
-239
-206
-193
-187
-213
-212
-196
-234
-200
-190
-221
-206
-218
-211
-187
-171
-165
-152
-149
-180
-164
-142
-92
-79
-38
-15
-4
44
78
124
122
136
142
175
204
201
212
204
199
180
181
189
172
164
155
138
136
127
115
138
141
166
201
201
195
193
170
152
148
116
100
64
19
9
-8
-3
-7
-5
-22
-7
14
-9
-9
-23
-20
21
47
57
34
27
-2
-17
-29
-33
-47
-61
-84
-110
-133
-126
-113
-103
-121
-135
-158
-150
-137
-137
-115
-107
-82
-71
-68
-53
-15
-38
-45
-53
-66
-79
-67
-67
-75
-84
-107
-85
-71
-57
-61
-59
-65
-76
-73
-70
-23
-34
-33
-61
-66
-46
-54
-33
-49
-36
-17
5
13
10
20
20
47
64
82
86
110
114
101
95
136
160
184
225
202
216
191
184
180
187
199
190
186
175
168
138
128
89
60
59
55
51
80
75
92
81
50
20
-25
-49
-54
-67
-85
-59
-71
-70
-73
-36
-18
-32
-43
-60
-50
-39
-45
-44
-52
-85
-105
-120
-139
-141
-136
-124
-126
-134
-135
-144
-135
-150
-157
-159
-128
-100
-59
-57
-68
-52
-56
-38
-56
-45
-83
-80
-82
-107
-91
-75
-34
-46
-43
-43
-44
-52
-44
-39
-64
-84
-73
-38
-23
-4
0
-7
-31
-16
3
47
97
111
123
118
95
98
103
109
113
105
155
164
173
185
169
181
182
171
187
190
209
189
202
215
205
184
153
120
108
66
40
24
3
17
22
-1
-19
-18
-28
-15
-4
13
-14
-42
-83
-135
-126
-127
-116
-88
-79
-105
-97
-101
-105
-136
-168
-154
-142
-163
-173
-154
-159
-140
-136
-151
-161
-160
-142
-132
-140
-166
-191
-196
-202
-181
-167
-163
-120
-101
-89
-75
-33
-4
15
46
39
35
43
37
51
83
85
105
148
151
137
131
126
130
128
151
153
155
167
164
185
196
212
236
213
202
192
181
170
127
134
132
140
161
163
154
113
119
112
113
113
115
127
96
81
72
53
25
-7
-45
-44
-70
-95
-125
-143
-155
-145
-134
-160
-167
-167
-178
-186
-177
-195
-188
-179
-154
-132
-119
-121
-148
-176
-177
-169
-145
-145
-150
-120
-100
-79
-106
-99
-105
-92
-78
-72
-30
-22
-17
9
20
23
8
-6
-15
7
40
39
35
48
54
59
62
78
54
30
52
37
37
68
71
81
95
95
83
95
104
117
124
117
125
131
139
143
145
146
122
131
139
149
176
172
156
155
124
110
96
91
125
107
94
76
41
32
46
31
31
10
-19
-19
-18
-25
-44
-64
-105
-107
-129
-151
-145
-170
-192
-208
-219
-241
-254
-243
-240
-195
-193
-191
-186
-191
-171
-172
-152
-128
-111
-113
-91
-98
-86
-110
-127
-138
-153
-132
-136
-67
-56
-96
-46
-52
-32
3
-18
12
31
48
48
42
73
72
86
84
102
106
110
103
130
138
126
138
128
131
118
134
160
171
154
168
183
186
182
177
183
155
150
132
141
128
124
122
120
136
145
135
122
114
93
77
70
46
46
52
38
37
4
-5
-50
-62
-60
-60
-36
-42
-60
-94
-99
-114
-130
-119
-115
-137
-139
-148
-122
-115
-118
-97
-102
-99
-97
-99
-109
-93
-98
-111
-148
-155
-147
-152
-159
-160
-148
-140
-132
-128
-116
-125
-121
-142
-149
-110
-107
-103
-99
-75
-59
-39
3
39
55
89
103
117
142
123
115
131
114
135
150
143
168
172
187
185
193
160
176
201
187
195
173
144
128
94
105
97
94
100
65
60
66
72
63
67
48
46
39
22
27
32
8
-7
-17
-18
-41
-34
-51
-59
-65
-95
-106
-95
-72
-97
-110
-143
-158
-184
-195
-210
-229
-237
-242
-215
-185
-166
-171
-185
-197
-192
-185
-163
-143
-150
-135
-112
-82
-65
-81
-67
-46
-33
18
40
43
70
75
89
77
102
119
98
101
123
144
148
157
192
193
207
206
201
226
204
232
220
207
190
180
190
176
176
180
168
112
84
71
69
60
59
61
68
68
75
74
51
36
11
0
3
-22
14
-2
18
11
-1
-12
-20
-42
-63
-62
-78
-55
-76
-65
-54
-70
-87
-115
-109
-103
-95
-93
-116
-120
-137
-144
-145
-141
-166
-171
-170
-204
-199
-216
-240
-214
-224
-222
-230
-244
-217
-224
-204
-184
-186
-147
-129
-118
-105
-103
-99
-78
-59
-65
-19
-4
-6
24
32
75
108
151
188
199
193
178
171
183
190
218
241
239
224
227
236
247
247
231
225
203
193
185
201
201
193
192
164
158
147
136
152
108
93
43
18
16
-1
16
-11
9
-23
-25
-24
-51
-63
-84
-92
-91
-143
-164
-189
-206
-211
-240
-218
-221
-221
-202
-179
-167
-134
-134
-130
-135
-161
-149
-140
-138
-122
-85
-76
-54
-62
-70
-63
-79
-43
-44
-14
-7
18
42
66
84
63
65
54
64
50
79
102
120
125
100
110
103
89
99
112
125
120
122
126
146
161
176
175
149
136
109
95
90
78
60
48
32
20
39
9
-18
-30
-70
-74
-70
-64
-91
-83
-112
-121
-90
-99
-92
-82
-54
-62
-46
-42
-36
-38
-63
-70
-71
-89
-75
-72
-67
-49
-63
-50
-30
-37
-31
-12
-7
3
-1
-4
-4
-4
23
13
13
32
25
35
43
32
18
6
-9
-4
-17
11
14
11
7
-19
-18
-20
-34
-43
-60
-55
-66
-83
-69
-76
-63
-52
-20
-11
2
2
-37
-51
-56
-50
-32
-23
-10
-7
-6
16
41
59
44
55
50
40
64
60
80
86
82
78
67
75
57
51
35
68
100
98
122
110
137
137
121
102
90
99
82
87
76
73
79
83
87
109
86
58
86
95
78
70
66
42
13
-15
-22
-65
-70
-73
-82
-82
-99
-95
-80
-93
-87
-116
-103
-106
-130
-105
-131
-92
-91
-77
-58
-55
-73
-58
-54
-55
-54
-51
-24
-22
-33
-46
-64
-60
-71
-105
-85
-98
-90
-101
-102
-91
-92
-114
-112
-99
-89
-60
-60
-72
-67
-66
-72
-67
-47
-27
-32
-12
9
25
48
64
87
110
129
126
137
149
164
174
171
187
188
223
234
235
243
234
223
185
134
125
123
107
108
132
123
118
106
78
62
5
-16
-33
-53
-47
-73
-72
-85
-89
-80
-78
-82
-99
-114
-136
-160
-155
-155
-154
-143
-183
-170
-172
-175
-154
-161
-151
-157
-167
-146
-146
-128
-127
-107
-88
-84
-105
-105
-78
-59
-30
-13
4
0
23
45
48
63
60
27
9
2
-15
17
19
21
58
53
69
72
76
90
83
99
91
86
102
110
111
112
119
141
105
99
81
56
57
45
66
64
69
65
56
66
54
83
80
60
71
67
69
40
41
-9
-37
-36
-36
-39
-31
0
-10
-23
-10
-17
-8
8
-11
-1
-43
-49
-75
-104
-96
-102
-61
-54
-36
-21
-19
-29
-16
-13
4
33
22
34
33
59
50
46
50
22
26
5
5
17
11
19
16
-16
-26
-27
-42
-28
-33
-28
-25
-24
-17
-35
-57
-59
-60
-57
-40
-43
-45
-46
-69
-54
-49
-57
-34
-37
-40
-34
-13
-19
-21
-27
-31
-28
-36
-15
-29
-23
-9
13
9
-2
-9
-27
-19
6
39
39
60
78
87
99
126
130
113
78
73
63
53
52
32
24
41
17
7
21
10
27
7
9
-11
-26
-25
-45
-39
-58
-42
-58
-41
-34
-35
-12
-17
-16
-20
-21
-12
-10
-29
-29
-32
-22
-11
-2
33
4
19
20
6
0
9
18
6
4
-13
4
-11
7
0
-5
4
-17
-5
-5
-4
-23
-10
-1
-4
15
23
4
-3
-16
-31
-39
-38
-14
-28
-25
-11
-1
9
-4
-4
24
35
44
34
14
18
-4
-7
13
30
42
47
77
93
122
128
119
108
91
91
101
87
91
84
67
69
61
34
41
36
16
7
-16
-35
-62
-62
-60
-65
-60
-69
-53
-68
-71
-86
-105
-117
-119
-115
-118
-103
-96
-78
-73
-74
-78
-96
-108
-115
-128
-114
-131
-132
-120
-125
-103
-94
-78
-97
-96
-75
-68
-49
-34
-19
-16
7
31
45
49
54
71
67
81
89
86
78
59
58
65
71
77
84
92
112
108
131
134
110
124
92
90
92
72
72
89
82
72
87
56
43
34
47
48
50
38
29
26
27
16
0
7
-16
-22
-16
-31
-37
-29
-19
-24
-17
-28
-41
-59
-58
-52
-50
-26
-33
-18
-20
-33
-27
-27
-14
-13
-6
-23
-24
-13
-20
-30
-38
-48
-49
-43
-21
-23
-25
-19
-37
-39
-32
-21
-13
-7
-10
-7
-10
-21
-19
6
-8
-1
0
-12
-18
-15
3
-12
18
23
30
52
50
49
46
39
32
39
21
22
31
37
48
42
37
13
-4
-20
5
1
-14
-12
-21
-37
-24
-33
-41
-25
-13
4
-6
-5
0
-14
-18
-19
-26
-8
-5
-7
0
5
4
11
11
21
-2
-4
18
-1
42
40
49
55
74
76
56
41
32
27
21
26
4
-3
-11
-28
-32
-44
-23
-18
-10
-10
-20
-25
-54
-56
-69
-78
-89
-80
-63
-53
-58
-47
-39
-53
-51
-70
-59
-44
-22
0
-16
15
1
0
-2
1
10
-10
-3
-2
-2
-5
1
14
7
17
22
24
27
20
31
34
44
53
75
82
94
98
99
102
92
78
72
71
52
58
46
40
53
37
29
23
18
28
27
18
24
11
24
9
-12
-5
-22
-22
-15
-7
2
-6
-3
-3
-3
-15
-41
-35
-42
-55
-51
-46
-40
-52
-52
-27
-31
-29
-38
-32
-50
-51
-44
-42
-49
-49
-62
-76
-71
-93
-84
-93
-83
-89
-82
-54
-42
-27
-11
-8
-2
-1
2
6
13
18
30
42
35
25
10
-10
-10
-9
-17
-25
-22
-19
-25
-9
-18
-10
-23
-4
6
-4
2
-6
24
24
21
39
55
60
51
64
77
84
69
68
76
83
91
88
91
91
80
76
82
62
70
64
49
61
66
65
44
36
20
3
-1
-2
-4
-17
-4
-6
-18
-5
-27
-21
-19
-11
-13
-25
-38
-46
-49
-52
-63
-59
-51
-61
-68
-77
-77
-84
-89
-74
-72
-73
-62
-53
-56
-63
-64
-73
-86
-82
-89
-89
-68
-49
-27
-23
0
-2
9
19
28
30
32
45
47
59
47
36
37
42
45
64
75
73
63
66
59
54
61
53
56
43
29
21
27
34
43
54
48
41
41
42
43
39
52
43
30
21
10
1
2
-1
-5
-8
-31
-33
-11
-17
-10
1
-8
7
7
2
5
-6
-7
-8
-6
11
11
-1
-10
-9
-31
-26
-31
-31
-30
-26
-34
-56
-60
-67
-54
-53
-46
-21
-16
-21
-21
-26
-20
-33
-43
-50
-46
-48
-49
-35
-28
-34
-39
-29
-19
-13
-13
-14
-27
-25
-16
-2
9
11
17
-4
15
26
22
21
26
27
35
34
13
11
-3
-5
2
3
17
25
21
18
22
33
24
27
36
43
47
50
52
46
49
37
32
39
28
33
26
27
21
35
39
54
62
55
49
39
37
33
32
29
16
12
9
6
-16
-27
-16
-25
-39
-34
-38
-42
-35
-52
-52
-66
-62
-73
-70
-56
-61
-58
-57
-54
-46
-49
-54
-56
-58
-55
-47
-44
-32
-16
-15
-16
-12
-20
-26
-14
-11
-9
2
4
10
13
-1
0
0
-1
2
12
34
33
42
39
33
35
24
38
46
55
45
51
44
46
62
55
59
33
22
4
-6
-2
-2
-13
-10
-5
-7
-10
-13
-3
-4
11
25
13
12
3
4
12
16
20
26
24
20
34
34
44
48
48
56
63
71
67
45
31
27
7
-4
-22
-26
-34
-46
-40
-45
-26
-18
-18
-23
-33
-33
-41
-47
-53
-67
-81
-93
-107
-99
-85
-77
-60
-52
-53
-49
-59
-60
-57
-54
-60
-55
-51
-51
-48
-56
-58
-56
-43
-36
-27
-18
-6
-10
-20
-12
-14
-12
-4
11
26
35
54
39
34
48
49
59
61
65
69
76
78
83
81
72
66
72
76
79
72
83
83
80
93
87
91
87
83
76
65
59
63
57
71
80
72
72
61
52
44
42
35
28
18
-3
-10
-5
-16
-18
-32
-36
-38
-41
-47
-47
-54
-58
-67
-74
-77
-82
-69
-83
-74
-92
-79
-62
-61
-52
-66
-61
-76
-79
-71
-82
-80
-76
-84
-82
-86
-93
-83
-86
-66
-48
-33
-25
-19
-6
1
16
14
9
9
10
14
14
24
28
28
28
33
47
49
39
35
36
33
30
34
33
36
49
60
66
66
63
68
56
61
63
48
47
41
27
34
36
39
43
50
50
56
46
46
41
43
44
23
35
31
16
-4
-1
6
1
-1
-16
-19
-35
-41
-45
-39
-48
-47
-45
-42
-38
-45
-49
-66
-70
-85
-86
-84
-82
-68
-62
-70
-74
-92
-98
-105
-102
-103
-85
-79
-69
-58
-59
-44
-44
-45
-48
-48
-49
-35
-31
-25
-17
-20
-10
-5
10
25
23
41
62
82
102
116
131
127
129
133
146
146
139
133
125
116
109
105
110
99
83
80
61
57
52
43
33
32
30
30
32
33
25
15
10
2
-6
-10
-18
-17
-20
-22
-27
-39
-58
-72
-65
-64
-47
-51
-38
-23
-23
-22
-29
-23
-32
-44
-56
-55
-67
-69
-63
-65
-55
-66
-70
-64
-68
-68
-61
-48
-42
-30
-24
-17
-23
-26
-38
-47
-61
-55
-37
-35
-12
-19
-11
1
17
23
30
35
26
30
28
26
40
44
44
48
43
45
43
41
29
41
36
37
45
52
63
62
61
65
54
55
40
40
31
10
22
12
13
6
-4
-9
-23
-28
-29
-30
-23
-28
-18
-12
-10
-5
-5
-3
-7
-12
-13
-14
-13
0
0
4
6
-3
0
4
-15
-24
-39
-34
-28
-18
-9
-13
-7
-14
-12
-3
3
-1
-1
-2
-10
-29
-42
-42
-43
-45
-50
-43
-34
-28
-12
6
7
4
7
1
5
-2
-1
-1
2
4
11
15
35
36
29
32
28
31
40
38
40
49
44
55
49
60
45
32
32
35
33
36
37
36
36
39
47
35
41
21
19
20
24
25
16
4
-5
