95
92
84
74
70
65
62
49
42
29
20
9
-1
-6
-12
-23
-28
-35
-42
-45
-50
-54
-62
-64
-69
-79
-84
-91
-96
-95
-100
-105
-109
-112
-111
-109
-102
-86
-74
-67
-59
-57
-56
-48
-45
-35
-26
-15
-4
7
18
23
31
44
52
55
60
63
68
70
76
86
93
98
101
110
115
111
110
103
96
83
66
54
41
26
11
-2
-3
-14
-21
-28
-39
-49
-56
-59
-57
-56
-54
-44
-39
-36
-33
-34
-35
-35
-34
-30
-26
-28
-27
-33
-28
-23
-18
-17
-2
10
14
22
23
21
20
23
22
21
21
23
22
21
19
19
19
9
8
5
-3
-10
-4
-8
-5
-2
-5
-11
-28
-41
-48
-54
-60
-64
-59
-56
-53
-51
-46
-51
-47
-35
-24
-18
-8
-4
8
23
27
39
45
54
64
64
74
78
79
80
72
72
75
76
78
80
84
81
79
71
70
69
57
52
45
40
33
26
10
5
-8
-17
-29
-34
-48
-63
-67
-74
-78
-79
-77
-91
-92
-93
-88
-83
-84
-84
-86
-91
-94
-90
-82
-80
-70
-59
-47
-38
-29
-21
-9
-6
4
13
22
26
27
32
26
29
29
26
38
39
43
46
55
64
71
78
73
70
68
68
58
45
30
23
11
-1
-20
-33
-40
-56
-58
-58
-52
-44
-34
-27
-21
-12
-19
-14
-16
-13
-12
-19
-23
-20
-16
-23
-25
-33
-40
-49
-53
-56
-53
-42
-34
-24
-11
-3
2
8
21
30
35
41
47
61
62
73
81
80
82
82
80
76
71
73
81
81
83
85
84
91
93
101
113
120
132
137
148
155
161
158
157
157
158
146
134
114
86
57
30
7
-24
-53
-91
-136
-166
-197
-227
-247
-280
-297
-319
-341
-358
-376
-386
-386
-379
-370
-353
-342
-329
-322
-305
-284
-262
-234
-198
-161
-114
-70
-19
12
54
87
107
148
188
216
253
282
305
320
334
336
343
344
342
346
352
344
336
316
297
279
252
233
211
191
157
128
103
82
56
30
3
-21
-37
-59
-76
-80
-90
-93
-104
-101
-94
-92
-82
-87
-103
-103
-112
-114
-122
-124
-121
-126
-133
-143
-132
-139
-149
-152
-146
-156
-156
-153
-147
-139
-145
-149
-154
-155
-159
-154
-137
-117
-84
-49
-20
18
52
70
96
121
136
144
156
175
196
202
213
211
205
202
176
165
144
127
91
70
49
27
12
-6
-8
-21
-15
-34
-53
-59
-69
-74
-86
-95
-113
-124
-126
-142
-148
-148
-124
-119
-114
-100
-94
-72
-65
-51
-34
-18
0
1
13
25
53
76
107
143
184
210
228
247
254
258
268
272
277
272
283
263
265
243
225
207
165
169
152
125
98
73
44
14
-11
-41
-63
-90
-136
-164
-195
-201
-225
-218
-238
-231
-247
-245
-259
-260
-277
-290
-307
-331
-333
-346
-367
-385
-418
-414
-420
-420
-404
-403
-409
-390
-392
-378
-359
-337
-302
-262
-225
-174
-158
-111
-72
-25
25
77
142
186
247
287
347
396
451
500
554
614
660
714
742
772
799
806
818
828
850
850
866
869
880
874
858
841
792
745
674
607
523
440
333
240
134
4
-118
-236
-360
-474
-594
-731
-852
-981
-1089
-1195
-1288
-1382
-1481
-1564
-1645
-1703
-1733
-1753
-1742
-1719
-1671
-1609
-1524
-1418
-1265
-1107
-916
-713
-524
-330
-138
65
243
449
661
823
1020
1164
1299
1436
1533
1636
1704
1760
1802
1838
1869
1910
1939
1967
1942
1913
1859
1779
1727
1576
1491
1317
1195
1010
802
601
370
197
7
-171
-347
-521
-651
-829
-952
-1114
-1213
-1320
-1418
-1469
-1540
-1549
-1613
-1610
-1696
-1707
-1741
-1747
-1735
-1720
-1662
-1639
-1560
-1479
-1357
-1241
-1141
-1009
-910
-766
-654
-484
-331
-164
12
176
307
439
576
704
835
960
1042
1159
1249
1334
1391
1441
1463
1444
1441
1402
1353
1277
1207
1112
1002
887
764
647
548
473
375
291
156
48
-43
-156
-301
-367
-523
-611
-763
-847
-941
-997
-1066
-1146
-1164
-1189
-1216
-1217
-1232
-1179
-1111
-983
-863
-701
-550
-340
-169
-8
175
309
463
561
683
818
935
1012
1076
1066
1078
1077
1085
1058
1008
987
988
967
934
922
931
926
908
913
907
895
893
855
798
738
644
523
410
258
105
-61
-248
-404
-567
-682
-805
-922
-1040
-1158
-1247
-1442
-1523
-1735
-1873
-1991
-2117
-2177
-2321
-2339
-2335
-2343
-2258
-2209
-2050
-1892
-1673
-1460
-1215
-936
-656
-404
-173
100
355
606
820
989
1198
1373
1573
1672
1776
1877
1973
2045
2047
2046
2015
2044
2010
1973
1943
1906
1917
1836
1753
1689
1598
1474
1309
1195
1048
921
751
543
396
254
125
-22
-151
-246
-342
-410
-490
-523
-522
-549
-531
-579
-616
-580
-665
-675
-790
-820
-892
-919
-950
-1078
-1124
-1184
-1199
-1334
-1410
-1485
-1580
-1677
-1855
-1950
-2030
-2103
-2146
-2231
-2240
-2250
-2177
-2139
-2016
-1869
-1657
-1418
-1201
-950
-662
-344
-18
244
557
797
1084
1303
1484
1660
1830
1972
2068
2156
2234
2325
2388
2408
2452
2510
2587
2582
2534
2520
2513
2496
2488
2412
2388
2301
2181
2026
1839
1646
1443
1216
946
664
384
119
-128
-388
-616
-836
-1049
-1229
-1385
-1481
-1561
-1644
-1710
-1798
-1827
-1929
-2037
-2161
-2276
-2396
-2541
-2723
-2832
-2914
-3015
-3100
-3197
-3207
-3132
-3065
-3009
-2832
-2586
-2316
-1982
-1660
-1284
-849
-418
-43
322
688
1055
1408
1679
1898
2101
2273
2434
2490
2584
2630
2708
2744
2700
2737
2736
2778
2766
2743
2746
2709
2640
2530
2425
2324
2156
1977
1765
1550
1318
1082
868
631
430
246
79
-65
-182
-242
-312
-370
-449
-520
-552
-602
-709
-830
-938
-1087
-1253
-1361
-1503
-1605
-1748
-1870
-2017
-2110
-2196
-2239
-2361
-2504
-2618
-2687
-2733
-2847
-2849
-2848
-2811
-2819
-2835
-2732
-2631
-2459
-2295
-2212
-1975
-1745
-1439
-1175
-861
-508
-122
248
581
911
1272
1625
1947
2183
2414
2619
2806
2968
3100
3161
3281
3296
3282
3214
3082
3053
2909
2734
2637
2581
2517
2384
2258
2140
2017
1899
1772
1676
1539
1376
1169
983
764
547
340
108
-83
-293
-463
-621
-741
-889
-1011
-1118
-1251
-1323
-1461
-1503
-1620
-1691
-1779
-1866
-1923
-1996
-1983
-2019
-2123
-2191
-2295
-2366
-2506
-2662
-2809
-2902
-3011
-3116
-3281
-3371
-3272
-3151
-3011
-2901
-2757
-2479
-2159
-1820
-1540
-1172
-704
-296
89
427
850
1278
1641
1909
2184
2482
2762
2982
3119
3232
3385
3473
3501
3497
3502
3558
3548
3468
3391
3304
3267
3129
2939
2766
2579
2402
2175
1870
1642
1356
1094
818
522
256
-33
-267
-462
-686
-883
-1007
-1147
-1329
-1459
-1535
-1631
-1736
-1849
-1938
-1987
-2079
-2147
-2193
-2204
-2188
-2205
-2196
-2173
-2091
-2047
-2032
-1974
-1942
-1907
-1937
-1919
-1918
-1961
-2057
-2153
-2136
-2196
-2185
-2229
-2190
-2039
-1897
-1676
-1473
-1218
-860
-510
-210
101
477
836
1158
1432
1733
2070
2375
2658
2810
3012
3175
3275
3345
3354
3391
3343
3306
3215
3064
2983
2870
2752
2536
2366
2213
1978
1792
1537
1327
1111
807
522
202
-86
-419
-760
-1058
-1328
-1553
-1742
-1862
-1903
-1902
-1929
-1897
-1855
-1823
-1753
-1653
-1533
-1441
-1380
-1297
-1219
-1154
-1109
-1138
-1074
-1000
-914
-821
-744
-562
-504
-398
-340
-306
-361
-366
-480
-580
-713
-869
-976
-1182
-1406
-1598
-1793
-1811
-1841
-1872
-1892
-1840
-1708
-1524
-1301
-1075
-756
-383
2
273
526
870
1185
1468
1601
1739
1889
2055
2140
2127
2121
2163
2162
2111
2077
2032
2074
2059
2097
2090
2108
2160
2118
2078
2070
2021
1954
1822
1544
1283
967
639
349
48
-163
-448
-671
-805
-871
-850
-792
-706
-575
-421
-266
-113
-28
7
20
-10
-80
-219
-373
-478
-633
-725
-754
-804
-834
-950
-1080
-1160
-1265
-1340
-1430
-1555
-1705
-1842
-1987
-2174
-2381
-2524
-2685
-2891
-3088
-3238
-3254
-3254
-3238
-3160
-3023
-2742
-2406
-2061
-1668
-1303
-842
-361
16
460
907
1369
1754
2058
2365
2609
2797
2902
2924
2940
2999
3028
3054
2991
2949
2962
2989
3054
3060
3070
2985
2867
2847
2580
2418
2070
1823
1559
1102
853
512
265
112
-124
-246
-363
-308
-157
-38
4
162
265
412
527
524
547
398
195
-14
-256
-455
-608
-821
-1034
-1212
-1305
-1402
-1466
-1596
-1604
-1639
-1687
-1729
-1778
-1892
-2155
-2344
-2516
-2744
-2980
-3291
-3488
-3705
-3860
-4106
-4270
-4277
-4171
-3952
-3798
-3540
-3121
-2628
-2153
-1736
-1164
-532
107
702
1206
1725
2153
2587
2805
2946
3126
3244
3329
3326
3291
3320
3352
3385
3435
3476
3627
3793
3932
3999
3993
3844
3937
3793
3378
3117
2532
2313
1766
1170
851
304
54
-197
-421
-457
-593
-538
-355
-220
-111
195
415
661
616
416
344
35
-293
-596
-892
-1040
-1266
-1409
-1624
-1716
-1818
-1881
-1951
-2044
-2002
-2020
-2109
-2153
-2165
-2223
-2381
-2609
-2767
-2892
-3060
-3301
-3524
-3763
-3943
-4158
-4444
-4541
-4533
-4336
-4141
-3901
-3534
-2989
-2342
-1790
-1237
-674
48
690
1239
1722
2176
2678
3006
3202
3373
3525
3698
3801
3855
3845
3876
3959
4029
4136
4176
4276
4327
4397
4514
4598
4370
4360
4090
3569
3187
2445
2272
1736
1227
1017
435
217
43
-214
-254
-420
-425
-222
-152
-120
186
197
290
113
-240
-302
-754
-1129
-1514
-1940
-2055
-2339
-2454
-2689
-2918
-2955
-2949
-2988
-3021
-2817
-2739
-2696
-2619
-2459
-2425
-2453
-2507
-2682
-2688
-2853
-3055
-3311
-3707
-3889
-4208
-4499
-4646
-4868
-4710
-4476
-4257
-3930
-3431
-2788
-2077
-1485
-811
1
725
1469
2070
2564
3040
3361
3627
3721
3767
3890
4008
4105
4087
4166
4353
4595
4775
4871
5065
5242
5395
5520
5602
5500
5204
5096
4688
4225
3694
3157
2862
2175
1714
1221
722
427
49
-143
-289
-405
-401
-198
-172
-115
34
3
5
-307
-598
-890
-1466
-1978
-2533
-2927
-3268
-3583
-3807
-4128
-4281
-4420
-4483
-4574
-4617
-4560
-4483
-4403
-4314
-4071
-3917
-3711
-3718
-3727
-3611
-3808
-3832
-4103
-4412
-4458
-4702
-4663
-4622
-4585
-4203
-3781
-3279
-2779
-2158
-1363
-420
287
1026
1905
2634
3408
3852
4230
4583
4846
5129
5127
5116
5134
5194
5238
5178
5190
5285
5493
5596
5648
5735
5866
5910
5877
5855
5481
5168
4968
4371
3907
3032
2469
1898
1070
552
-127
-684
-1032
-1394
-1603
-1738
-1883
-1766
-1521
-1497
-1245
-1091
-1067
-1069
-1426
-1588
-1930
-2443
-2820
-3318
-3689
-4024
-4265
-4495
-4692
-4746
-4722
-4637
-4622
-4379
-4103
-3865
-3590
-3355
-3056
-2863
-2606
-2484
-2504
-2355
-2540
-2584
-2963
-3419
-3505
-3775
-3722
-3821
-3857
-3555
-3083
-2648
-2196
-1515
-741
181
874
1578
2294
2860
3524
3770
3996
4206
4244
4362
4299
4122
4058
4134
4249
4254
4348
4554
4949
5275
5538
5812
6011
6193
6216
6182
5793
5430
5096
4445
3833
2851
2295
1641
791
161
-504
-1013
-1403
-1690
-1855
-1908
-1911
-1756
-1618
-1760
-1614
-1653
-1687
-1848
-2335
-2594
-3019
-3496
-3902
-4376
-4623
-4851
-4953
-5055
-5029
-4930
-4659
-4317
-4132
-3700
-3259
-2766
-2357
-1949
-1451
-1187
-929
-956
-973
-970
-1355
-1591
-2195
-2633
-2851
-3290
-3346
-3616
-3631
-3263
-2786
-2333
-1835
-1210
-445
445
1011
1722
2298
2653
3144
3209
3336
3495
3535
3628
3515
3350
3354
3518
3667
3780
3934
4265
4756
5006
5292
5572
5737
5792
5727
5636
5173
4781
4515
3823
3226
2302
1805
1375
612
223
-291
-707
-936
-1179
-1249
-1268
-1381
-1253
-982
-1181
-1093
-1173
-1404
-1620
-2225
-2516
-2951
-3507
-3843
-4251
-4548
-4677
-4783
-4754
-4637
-4428
-4044
-3743
-3346
-2914
-2424
-2017
-1717
-1396
-1090
-872
-759
-837
-1117
-1155
-1687
-2028
-2442
-3078
-3250
-3735
-3862
-3872
-4038
-3646
-3152
-2795
-2312
-1836
-1192
-273
235
805
1442
1714
2249
2488
2496
2823
2911
3088
3227
3119
3264
3550
3838
4133
4330
4674
5163
5394
5616
5875
5985
6007
5977
5938
5502
5111
4827
4135
3582
2631
2138
1717
874
479
-42
-377
-532
-821
-934
-991
-1177
-1060
-899
-1135
-1058
-1202
-1405
-1525
-2156
-2362
-2684
-3240
-3532
-4005
-4239
-4373
-4461
-4468
-4431
-4251
-3894
-3615
-3397
-3025
-2628
-2285
-2015
-1889
-1611
-1488
-1471
-1547
-1944
-2003
-2393
-2676
-2943
-3518
-3612
-3914
-3957
-3964
-4081
-3689
-3102
-2751
-2315
-1781
-1210
-344
98
570
1187
1434
2016
2239
2326
2682
2723
3025
3216
3236
3466
3786
4151
4507
4761
5035
5472
5687
5922
6099
6140
6225
6152
6099
5662
5087
4860
4150
3560
2767
2053
1751
923
439
28
-484
-708
-887
-1036
-1019
-1137
-1077
-716
-918
-856
-840
-1154
-1233
-1827
-2241
-2425
-3041
-3394
-3699
-4046
-4064
-4141
-4211
-4071
-4044
-3799
-3480
-3395
-2952
-2606
-2280
-2027
-1969
-1671
-1563
-1693
-1725
-2081
-2214
-2501
-3029
-3314
-4024
-4314
-4543
-4794
-4728
-4903
-4774
-4260
-3844
-3469
-2844
-2287
-1315
-670
-172
692
1138
1752
2282
2411
2894
3148
3408
3840
3939
4103
4443
4785
5168
5380
5562
6040
6250
6420
6593
6497
6572
6426
6282
6034
5313
5008
4507
3862
3181
2311
1982
1321
697
293
-278
-516
-637
-830
-790
-850
-952
-605
-652
-792
-657
-1002
-1092
-1526
-2062
-2306
-2977
-3428
-3762
-4217
-4367
-4585
-4710
-4711
-4721
-4553
-4156
-4015
-3637
-3257
-2949
-2686
-2667
-2408
-2361
-2484
-2602
-2856
-3178
-3397
-3765
-4037
-4361
-4778
-4794
-4916
-4807
-4720
-4699
-4073
-3458
-2959
-2257
-1700
-872
-79
446
1172
1776
2333
2966
3283
3521
3831
3977
4410
4559
4617
4925
5192
5542
5764
5907
6276
6579
6669
6842
6813
6805
6680
6433
6218
5675
5132
4629
3960
3341
2658
2015
1588
961
492
109
-200
-287
-407
-578
-561
-749
-830
-893
-1213
-1340
-1710
-2028
-2371
-2963
-3401
-3810
-4315
-4697
-5108
-5392
-5515
-5766
-5762
-5589
-5364
-5015
-4748
-4348
-3855
-3467
-3092
-2778
-2597
-2361
-2347
-2347
-2499
-2954
-2880
-3173
-3424
-3588
-3912
-3722
-3711
-3602
-3332
-3134
-2624
-1971
-1492
-854
-300
308
1177
1665
2127
2730
2977
3497
3665
3581
3853
3869
4156
4372
4348
4620
4898
5148
5358
5421
5556
5851
5985
6046
5996
5883
5885
5642
5403
4798
4289
3971
3275
2766
1942
1404
950
303
-41
-380
-709
-730
-715
-798
-805
-864
-793
-767
-1167
-1198
-1472
-1879
-2184
-2825
-3152
-3661
-4240
-4505
-4832
-5070
-5113
-5140
-5121
-4943
-4880
-4331
-3989
-3715
-3210
-2877
-2601
-2469
-2312
-2031
-2050
-2079
-2064
-2307
-2350
-2580
-2778
-2861
-3209
-3167
-3070
-2962
-2761
-2744
-2434
-1837
-1493
-1063
-498
48
776
1233
1728
2340
2660
2992
3260
3282
3436
3487
3713
4024
3970
4094
4425
4636
4874
4917
5045
5291
5405
5490
5494
5399
5374
5234
4962
4626
4088
3730
3297
2721
2259
1764
1481
1052
675
408
218
65
-33
-188
-360
-462
-675
-748
-1036
-1292
-1526
-1966
-2335
-2754
-3239
-3584
-4030
-4384
-4649
-4964
-5043
-5128
-5174
-5012
-4839
-4599
-4238
-3969
-3556
-3189
-2987
-2702
-2534
-2405
-2249
-2263
-2208
-2294
-2395
-2330
-2433
-2397
-2615
-2605
-2551
-2570
-2480
-2481
-2229
-1841
-1347
-935
-544
-97
472
989
1292
1675
1975
2287
2708
2797
3123
3397
3613
3995
4051
4196
4426
4642
4868
5026
5048
5237
5474
5480
5465
5296
5224
5148
4885
4582
4256
3883
3625
3220
2791
2345
1922
1570
1175
908
601
355
134
-155
-471
-641
-889
-1073
-1301
-1619
-1789
-2179
-2515
-2836
-3219
-3590
-3999
-4422
-4666
-4916
-5028
-5053
-5109
-4999
-4744
-4459
-4187
-3920
-3580
-3118
-2930
-2660
-2364
-2255
-2003
-1924
-1842
-1882
-1984
-1943
-2097
-2132
-2388
-2438
-2421
-2471
-2425
-2462
-2256
-1934
-1572
-1290
-1059
-698
-243
285
606
1082
1511
1912
2506
2706
3070
3427
3698
4123
4180
4187
4361
4533
4596
4651
4618
4774
4917
4882
5009
4891
4848
4908
4742
4615
4396
4158
3988
3605
3349
3021
2712
2355
1892
1462
1082
678
381
131
-226
-357
-553
-741
-906
-1246
-1374
-1729
-2062
-2297
-2694
-3053
-3465
-3948
-4285
-4742
-5044
-5219
-5414
-5405
-5200
-5014
-4716
-4424
-4209
-3726
-3401
-3087
-2697
-2485
-2091
-1889
-1716
-1630
-1667
-1590
-1733
-1798
-2093
-2168
-2189
-2252
-2229
-2361
-2250
-1969
-1598
-1256
-899
-391
123
765
1161
1609
2050
2371
2877
3036
3279
3489
3630
3852
3871
3834
3899
4049
4100
4202
4148
4186
4445
4534
4658
4676
4742
4874
4811
4698
4495
4290
4017
3610
3219
2737
2369
1897
1412
969
552
235
-34
-261
-606
-737
-856
-1006
-1099
-1231
-1286
-1590
-1909
-2242
-2643
-2965
-3399
-3808
-4194
-4506
-4766
-4961
-5116
-5249
-5089
-4980
-4680
-4452
-4146
-3669
-3212
-2798
-2472
-2099
-1765
-1520
-1356
-1240
-1283
-1206
-1269
-1314
-1559
-1806
-1794
-1943
-1967
-2083
-2163
-1894
-1554
-1278
-946
-537
-32
553
919
1309
1816
2189
2648
2910
3098
3329
3525
3767
3835
3787
3780
3911
3956
3974
3904
3924
4059
4167
4248
4256
4309
4357
4423
4356
4213
4084
3901
3628
3344
2978
2636
2237
1737
1261
737
390
115
-154
-440
-611
-802
-975
-1124
-1351
-1528
-1763
-1988
-2210
-2471
-2792
-3119
-3521
-3966
-4354
-4730
-4918
-5040
-5151
-5020
-4776
-4507
-4212
-3948
-3512
-3100
-2708
-2230
-1903
-1658
-1436
-1328
-1132
-1176
-1064
-1015
-1070
-1129
-1420
-1296
-1399
-1473
-1553
-1703
-1595
-1430
-1206
-1074
-843
-582
-52
449
754
1260
1609
2080
2505
2674
3012
3251
3468
3637
3620
3608
3721
3797
3817
3840
3716
3826
3958
3993
4059
4138
4267
4373
4408
4261
4126
4021
3785
3488
3060
2634
2258
1776
1328
888
549
277
49
-316
-679
-835
-1057
-1136
-1327
-1533
-1693
-1966
-2195
-2530
-2883
-3288
-3656
-4086
-4440
-4677
-4856
-4914
-5037
-4979
-4764
-4578
-4200
-3906
-3458
-2963
-2431
-1924
-1476
-1097
-773
-513
-310
-267
-298
-185
-296
-325
-582
-819
-857
-1140
-1233
-1474
-1553
-1432
-1266
-1095
-885
-560
-125
462
884
1253
1598
1878
2249
2372
2403
2492
2474
2519
2481
2326
2266
2295
2319
2363
2424
2551
2854
3100
3297
3463
3646
3882
3991
3998
3939
3827
3724
3432
3044
2599
2102
1648
1198
740
367
111
-132
-250
-449
-522
-515
-576
-594
-732
-892
-1086
-1315
-1620
-1976
-2360
-2721
-3152
-3660
-4067
-4363
-4615
-4732
-4770
-4605
-4276
-3951
-3480
-3015
-2478
-1880
-1396
-951
-574
-261
78
307
394
476
392
402
250
76
-237
-518
-688
-980
-1123
-1313
-1414
-1346
-1174
-1049
-844
-585
-313
9
233
384
646
799
996
1055
989
1053
1064
1178
1246
1257
1323
1530
1731
1930
2100
2234
2518
2719
3026
3245
3517
3719
3797
3819
3704
3632
3500
3241
2916
2514
2166
1827
1431
1004
674
358
107
25
-174
-211
-333
-425
-477
-714
-859
-1074
-1425
-1815
-2141
-2504
-2744
-3108
-3412
-3628
-3856
-3840
-3872
-3759
-3488
-3137
-2763
-2297
-1837
-1365
-902
-527
-200
91
398
598
686
702
649
505
393
96
-140
-443
-897
-1034
-1419
-1642
-1871
-2161
-2119
-2039
-1968
-1847
-1691
-1498
-1137
-910
-685
-358
-247
27
200
274
551
660
815
983
971
1087
1313
1537
1824
2057
2266
2625
2878
3205
3476
3684
3983
4073
4216
4216
4091
3979
3704
3416
3028
2719
2537
2149
1772
1547
1272
1037
856
492
346
158
-100
-220
-552
-736
-920
-1232
-1439
-1770
-2131
-2446
-2813
-3153
-3431
-3676
-3824
-3827
-3805
-3614
-3301
-2978
-2532
-2147
-1757
-1325
-934
-600
-395
-168
-12
33
117
119
87
3
-279
-522
-788
-1250
-1494
-1846
-2099
-2209
-2449
-2483
-2445
-2432
-2256
-2113
-1927
-1534
-1212
-968
-587
-360
-125
284
383
630
823
1032
1419
1585
1701
2010
2293
2552
2836
2996
3316
3643
3889
4215
4385
4611
4684
4596
4490
4237
4116
3927
3548
3187
2751
2446
2169
1773
1371
1007
614
405
84
-306
-481
-783
-971
-1180
-1509
-1674
-1952
-2340
-2628
-3065
-3373
-3580
-3878
-4079
-4208
-4292
-4189
-3987
-3717
-3302
-2954
-2471
-1988
-1509
-990
-514
-30
270
579
863
969
1063
1071
918
794
620
300
155
-262
-700
-854
-1224
-1327
-1508
-1779
-1655
-1653
-1604
-1468
-1502
-1349
-1035
-1002
-816
-691
-676
-338
-319
-187
92
194
540
761
865
1142
1447
1866
2155
2360
2578
2850
3093
3336
3533
3610
3756
3690
3687
3532
3320
3191
2797
2524
2190
1933
1759
1409
1045
713
438
174
39
-253
-438
-606
-848
-868
-1198
-1439
-1642
-1951
-2184
-2411
-2586
-2723
-2815
-2972
-2941
-2918
-2766
-2511
-2298
-1921
-1534
-1017
-551
-183
232
603
911
1173
1321
1507
1551
1489
1480
1329
1118
899
535
173
-109
-629
-849
-1190
-1506
-1690
-2147
-2278
-2334
-2425
-2448
-2455
-2501
-2361
-2209
-2233
-2014
-1943
-1760
-1472
-1433
-1103
-910
-660
-328
-146
114
514
962
1343
1656
1860
2212
2534
2655
2920
3034
3220
3385
3376
3467
3353
3349
3241
3077
2870
2628
2465
2245
1955
1596
1445
1172
957
701
377
266
14
-174
-327
-555
-655
-888
-1141
-1352
-1559
-1699
-1857
-2036
-2132
-2103
-2133
-2020
-1929
-1688
-1306
-986
-543
-233
168
527
812
1009
1140
1264
1344
1345
1106
961
818
492
238
-263
-719
-974
-1561
-1807
-2179
-2538
-2678
-3050
-3222
-3279
-3329
-3298
-3207
-3307
-3130
-2922
-2929
-2675
-2573
-2351
-1990
-1849
-1569
-1262
-968
-555
-245
53
458
944
1374
1768
2070
2463
2908
3174
3469
3635
3759
3997
4013
4101
4094
3978
3986
3797
3602
3382
3184
3046
2824
2458
2232
2052
1800
1575
1211
912
667
387
182
-133
-469
-714
-990
-1218
-1385
-1580
-1697
-1804
-1948
-1890
-1872
-1742
-1507
-1351
-1052
-742
-413
-13
276
532
725
837
1028
1048
1027
844
594
351
157
-153
-561
-841
-1416
-1708
-2204
-2641
-2826
-3261
-3438
-3767
-4045
-4143
-4248
-4328
-4424
-4446
-4351
-4046
-3941
-3802
-3457
-3270
-2782
-2372
-2020
-1499
-1001
-348
144
581
1039
1572
2023
2427
2809
3111
3617
3983
4203
4364
4462
4606
4672
4651
4656
4631
4599
4476
4294
4065
3923
3730
3476
3179
2757
2490
2154
1866
1441
1010
708
301
-63
-464
-774
-1095
-1413
-1666
-1829
-1988
-2033
-2052
-2144
-2096
-2019
-1878
-1601
-1382
-1140
-793
-501
-216
-29
109
294
393
399
423
423
345
145
-159
-363
-563
-931
-1274
-1549
-1958
-2151
-2525
-2923
-3083
-3532
-3725
-3985
-4310
-4414
-4421
-4487
-4451
-4435
-4407
-4024
-3781
-3517
-3075
-2731
-2144
-1550
-1063
-448
52
595
1178
1632
2095
2588
2991
3329
3696
3879
4183
4420
4542
4698
4760
4897
4999
4916
4821
4766
4591
4431
4245
4003
3777
3531
3187
2765
2368
2029
1707
1303
780
292
-150
-536
-930
-1318
-1600
-1834
-2014
-2114
-2178
-2199
-2114
-2011
-1884
-1713
-1547
-1339
-1102
-894
-676
-361
-128
77
208
247
334
306
329
321
249
91
-86
-277
-489
-673
-917
-1190
-1521
-1789
-2101
-2313
-2704
-3068
-3327
-3695
-3953
-4273
-4523
-4664
-4753
-4810
-4826
-4784
-4556
-4149
-3887
-3440
-2936
-2482
-1789
-1253
-698
-33
506
1223
1738
2097
2566
3006
3355
3672
3868
4079
4335
4496
4651
4679
4724
4850
4876
4830
4754
4648
4568
4332
4123
3868
3643
3389
2997
2579
2062
1578
1143
722
256
-135
-521
-861
-1148
-1410
-1484
-1512
-1426
-1290
-1142
-946
-697
-471
-231
-29
159
347
395
453
513
529
570
520
494
456
373
299
152
-113
-319
-634
-942
-1140
-1416
-1627
-1971
-2299
-2750
-3110
-3493
-3870
-4196
-4765
-5035
-5339
-5592
-5732
-5980
-6016
-5896
-5752
-5554
-5252
-4986
-4545
-4033
-3603
-2937
-2345
-1649
-865
-351
307
963
1650
2244
2642
3052
3482
3980
4347
4672
4832
5032
5287
5478
5651
5694
5841
5944
5916
5873
5819
5723
5506
5241
4882
4443
4125
3644
3089
2527
1955
1521
1086
650
279
0
-259
-345
-521
-555
-430
-405
-290
-250
-158
-89
-6
-25
-13
-22
-50
-13
-101
-217
-362
-496
-624
-762
-969
-1165
-1320
-1512
-1730
-1919
-2190
-2414
-2751
-3055
-3303
-3697
-3980
-4327
-4821
-5097
-5395
-5681
-5917
-6288
-6328
-6317
-6318
-6197
-6137
-5933
-5531
-5179
-4816
-4314
-3822
-3086
-2370
-1830
-1080
-456
184
903
1439
2083
2641
3179
3730
4105
4446
4819
5249
5582
5840
6007
6238
6464
6614
6679
6640
6659
6563
6360
6077
5677
5278
4778
4299
3765
3155
2673
2148
1598
1101
734
409
187
-6
-188
-241
-328
-338
-352
-381
-351
-382
-370
-369
-350
-415
-490
-614
-763
-854
-1010
-1085
-1221
-1319
-1367
-1502
-1580
-1718
-1868
-1965
-2130
-2291
-2537
-2742
-3012
-3339
-3638
-3966
-4270
-4596
-4887
-5059
-5288
-5521
-5469
-5556
-5576
-5595
-5529
-5224
-5002
-4713
-4444
-4168
-3768
-3273
-2843
-2373
-1925
-1530
-961
-545
-96
491
959
1533
2054
2512
3072
3527
3995
4492
4924
5275
5675
5965
6199
6328
6396
6531
6536
6527
6350
6069
5839
5459
5009
4534
3976
3552
3054
2611
2248
1911
1661
1476
1279
1117
974
873
867
715
622
587
475
425
264
35
-154
-423
-620
-785
-1079
-1264
-1436
-1612
-1677
-1836
-1937
-2065
-2212
-2279
-2351
-2449
-2523
-2659
-2833
-3013
-3277
-3478
-3736
-4042
-4327
-4688
-5023
-5296
-5536
-5678
-5745
-5762
-5662
-5590
-5295
-5048
-4721
-4421
-4209
-3772
-3501
-3140
-2870
-2664
-2328
-1949
-1575
-1226
-907
-650
-171
217
609
1147
1601
2214
2751
3222
3822
4351
4943
5509
5922
6272
6592
6915
7055
7020
6857
6716
6450
6110
5716
5224
4892
4463
4053
3688
3280
3066
2786
2591
2446
2319
2326
2325
2204
2128
2078
1936
1834
1610
1243
893
445
24
-377
-888
-1275
-1749
-2161
-2426
-2705
-2911
-3024
-3164
-3307
-3411
-3548
-3582
-3723
-3846
-3920
-4117
-4254
-4442
-4657
-4788
-5027
-5227
-5319
-5479
-5615
-5703
-5831
-5799
-5677
-5539
-5193
-4897
-4461
-4010
-3594
-3081
-2695
-2161
-1877
-1560
-1220
-1041
-766
-716
-627
-497
-325
-164
60
320
643
1140
1509
2052
2630
3184
3911
4448
4995
5530
5967
6387
6606
6771
6863
6854
6695
6453
6118
5785
5560
5196
4868
4537
4274
4126
3897
3765
3681
3614
3672
3596
3493
3299
3140
2939
2654
2281
1866
1449
880
368
-334
-897
-1402
-1951
-2380
-2917
-3344
-3692
-3941
-4174
-4319
-4437
-4594
-4667
-4775
-4846
-4926
-5045
-5130
-5264
-5383
-5473
-5566
-5695
-5781
-5742
-5763
-5687
-5587
-5440
-5270
-5067
-4759
-4376
-3857
-3386
-2861
-2451
-2070
-1602
-1207
-824
-504
-202
-32
171
176
200
314
339
469
452
537
733
1010
1326
1635
1961
2383
2907
3314
3763
4215
4642
5133
5419
5719
5935
6079
6205
6137
6028
5907
5833
5689
5518
5317
5128
5023
4898
4770
4612
4457
4351
4135
3939
3713
3462
3226
2870
2572
2184
1776
1316
812
263
-344
-892
-1426
-1886
-2468
-2988
-3436
-3880
-4203
-4603
-4956
-5260
-5555
-5765
-5947
-6091
-6180
-6213
-6284
-6303
-6247
-6187
-6068
-5954
-5800
-5625
-5379
-5128
-4880
-4566
-4267
-3957
-3592
-3220
-2837
-2434
-2021
-1588
-1132
-694
-270
119
417
731
988
1232
1439
1620
1729
1818
1831
1829
1910
1864
1910
1933
1894
1978
2075
2221
2352
2476
2653
2895
3170
3428
3700
3923
4261
4584
4866
5194
5386
5595
5775
5848
5932
5961
5912
5793
5536
5224
4958
4605
4273
3921
3564
3316
3008
2689
2387
2045
1711
1333
886
427
-28
-498
-968
-1519
-2098
-2639
-3243
-3773
-4366
-4920
-5344
-5794
-6172
-6540
-6831
-6984
-7077
-7114
-7119
-7028
-6825
-6605
-6381
-6087
-5789
-5450
-5071
-4745
-4340
-3926
-3504
-3049
-2608
-2174
-1781
-1447
-1158
-837
-495
-142
252
586
879
1244
1545
1850
2144
2409
2723
3011
3214
3312
3339
3333
3290
3233
3070
2971
2854
2702
2533
2318
2271
2296
2359
2424
2445
2544
2777
3084
3389
3705
4009
4266
4566
4787
4988
5149
5216
5234
5120
4928
4756
4494
4174
3767
3315
2929
2529
2111
1703
1289
861
512
158
-201
-552
-919
-1269
-1629
-2017
-2418
-2867
-3298
-3732
-4211
-4651
-5113
-5529
-5943
-6345
-6615
-6817
-6923
-6931
-6873
-6748
-6551
-6254
-5875
-5433
-4996
-4523
-4033
-3546
-3047
-2588
-2167
-1741
-1340
-967
-599
-253
70
367
676
983
1243
1514
1790
2047
2332
2548
2844
3095
3307
3550
3691
3821
3892
3908
3921
3865
3710
3570
3384
3147
2944
2614
2374
2192
2010
1943
1840
1785
1865
1936
2000
2154
2248
2422
2645
2778
2958
3018
3035
3064
2976
2880
2681
2463
2256
1994
1667
1382
1087
751
407
11
-365
-712
-1015
-1350
-1704
-1976
-2273
-2543
-2801
-3096
-3351
-3617
-3876
-4108
-4359
-4564
-4753
-4938
-5053
-5112
-5120
-5121
-5117
-5050
-4870
-4662
-4354
-4050
-3704
-3252
-2828
-2390
-2028
-1635
-1233
-780
-332
101
514
846
1156
1385
1652
1856
2042
2216
2327
2437
2582
2726
2858
2928
2964
3009
3042
3060
3077
3079
3052
3018
2910
2887
2813
2738
2677
2547
2460
2326
2234
2178
2071
1949
1773
1615
1489
1337
1214
1047
900
793
720
663
581
498
399
317
282
257
213
145
43
-58
-181
-322
-493
-638
-816
-1051
-1285
-1477
-1611
-1850
-2098
-2344
-2537
-2654
-2848
-3005
-3112
-3176
-3215
-3214
-3193
-3124
-2995
-2885
-2786
-2696
-2542
-2360
-2178
-2008
-1894
-1713
-1557
-1393
-1243
-1139
-962
-789
-583
-359
-126
126
350
619
869
1128
1325
1499
1604
1673
1784
1847
1931
1948
1964
2004
1945
1896
1869
1853
1899
1931
1940
1948
1965
2019
2063
2038
2033
2109
2170
2208
2272
2213
2182
2134
2034
1968
1886
1771
1585
1372
1136
874
611
331
48
-216
-534
-826
-1030
-1221
-1380
-1554
-1715
-1826
-1920
-2026
-2172
-2264
-2361
-2414
-2437
-2490
-2525
-2597
-2625
-2655
-2677
-2657
-2573
-2462
-2433
-2312
-2194
-2040
-1829
-1631
-1398
-1172
-897
-607
-346
-136
28
180
343
506
617
708
799
869
980
1049
1143
1241
1306
1398
1491
1558
1678
1731
1750
1764
1721
1661
1592
1522
1450
1379
1313
1230
1143
1121
1114
1068
1028
997
1006
1047
1107
1199
1296
1400
1489
1613
1686
1712
1715
1713
1722
1660
1568
1455
1306
1100
855
573
306
47
-211
-511
-739
-1002
-1247
-1461
-1730
-1946
-2208
-2470
-2745
-3050
-3294
-3502
-3727
-3938
-4103
-4232
-4335
-4419
-4452
-4400
-4312
-4189
-3977
-3713
-3375
-2967
-2516
-2010
-1504
-1007
-517
-96
330
735
1106
1442
1700
1942
2107
2259
2418
2490
2541
2636
2665
2738
2800
2891
3019
3103
3180
3254
3287
3324
3298
3261
3190
3064
2905
2717
2458
2165
1848
1496
1231
975
699
487
259
90
-48
-108
-110
-80
-9
65
147
253
381
477
546
570
574
551
468
361
264
51
-151
-304
-533
-719
-865
-1005
-1115
-1260
-1415
-1485
-1590
-1672
-1738
-1849
-1988
-2145
-2367
-2610
-2850
-3053
-3275
-3503
-3758
-4012
-4214
-4369
-4482
-4512
-4486
-4376
-4167
-3893
-3565
-3151
-2673
-2175
-1625
-1057
-493
66
595
1064
1543
1944
2275
2595
2835
3042
3196
3311
3414
3466
3490
3510
3530
3596
3686
3721
3739
3762
3795
3840
3867
3837
3785
3718
3603
3388
3153
2898
2621
2282
1922
1625
1287
993
723
419
180
-26
-179
-311
-415
-447
-505
-542
-589
-632
-672
-704
-759
-807
-854
-898
-966
-1038
-1118
-1261
-1428
-1605
-1777
-1968
-2126
-2307
-2449
-2583
-2688
-2769
-2876
-2939
-3018
-3070
-3126
-3169
-3205
-3279
-3306
-3384
-3440
-3471
-3485
-3490
-3511
-3469
-3392
-3282
-3123
-2920
-2660
-2381
-2044
-1690
-1303
-868
-422
19
431
865
1283
1691
2085
2458
2805
3088
3314
3536
3752
3913
4090
4184
4181
4225
4228
4257
4270
4202
4201
4132
4070
3999
3858
3747
3655
3555
3458
3336
3115
2919
2725
2513
2301
2058
1814
1527
1240
1013
763
535
273
-31
-315
-639
-876
-1080
-1299
-1471
-1654
-1802
-1932
-2036
-2118
-2213
-2328
-2448
-2577
-2714
-2816
-2948
-3042
-3180
-3286
-3355
-3403
-3404
-3411
-3401
-3405
-3374
-3335
-3305
-3270
-3197
-3103
-2990
-2848
-2710
-2601
-2495
-2368
-2215
-2098
-1971
-1842
-1720
-1590
-1438
-1281
-1070
-801
-541
-256
47
353
671
982
1275
1566
1829
2088
2345
2548
2772
2965
3122
3268
3395
3470
3488
3548
3601
3564
3526
3510
3447
3399
3337
3286
3264
3246
3230
3191
3169
3097
3040
2920
2792
2630
2415
2228
2015
1790
1567
1331
1074
807
578
347
94
-143
-379
-604
-806
-1037
-1254
-1450
-1621
-1810
-2029
-2263
-2443
-2615
-2782
-2995
-3209
-3387
-3592
-3687
-3794
-3894
-3928
-3963
-3980
-3951
-3926
-3838
-3695
-3541
-3346
-3115
-2887
-2656
-2429
-2170
-1957
-1780
-1602
-1466
-1337
-1238
-1127
-995
-868
-691
-505
-286
-102
140
369
625
890
1158
1450
1683
1890
2066
2268
2422
2591
2707
2768
2792
2792
2811
2841
2836
2808
2789
2780
2755
2751
2756
2798
2840
2908
2973
3007
3042
3088
3114
3090
3052
3002
2907
2752
2589
2437
2284
2037
1796
1544
1246
948
676
453
247
54
-151
-353
-568
-764
-952
-1122
-1325
-1506
-1722
-1944
-2192
-2520
-2819
-3101
-3376
-3647
-3853
-4013
-4162
-4299
-4370
-4378
-4366
-4338
-4249
-4148
-3980
-3785
-3544
-3281
-3026
-2757
-2510
-2277
-2063
-1868
-1717
-1556
-1441
-1359
-1261
-1133
-1003
-845
-671
-466
-233
-9
242
485
736
1018
1305
1560
1792
1999
2153
2311
2400
2465
2524
2539
2523
2508
2515
2514
2524
2530
2532
2569
2604
2684
2786
2868
2952
3034
3135
3192
3239
3294
3335
3341
3285
3172
3030
2946
2787
2622
2452
2197
1896
1621
1379
1192
1053
861
652
429
227
11
-183
-410
-651
-881
-1124
-1351
-1575
-1828
-2105
-2406
-2737
-3050
-3276
-3489
-3729
-3922
-4072
-4222
-4352
-4416
-4409
-4401
-4331
-4193
-4028
-3848
-3678
-3509
-3326
-3151
-3002
-2858
-2684
-2487
-2339
-2153
-1982
-1780
-1562
-1378
-1150
-930
-721
-475
-202
53
336
583
794
997
1191
1396
1581
1739
1870
1932
2025
2148
2255
2354
2450
2547
2647
2699
2767
2853
2929
2999
3045
3105
3183
3238
3295
3340
3365
3393
3423
3396
3337
3262
3188
3103
2992
2880
2713
2577
2419
2199
2003
1785
1566
1348
1126
909
683
460
231
-16
-241
-517
-776
-1029
-1324
-1603
-1866
-2128
-2374
-2610
-2855
-3047
-3242
-3408
-3519
-3570
-3600
-3624
-3644
-3635
-3642
-3624
-3611
-3629
-3571
-3517
-3464
-3416
-3379
-3307
-3214
-3105
-2976
-2826
-2664
-2438
-2170
-1904
-1659
-1372
-1060
-800
-548
-270
-47
165
382
572
718
856
991
1125
1236
1365
1501
1592
1714
1844
1976
2126
2278
2435
2558
2705
2866
3004
3136
3271
3354
3423
3458
3448
3416
3383
3355
3289
3189
3041
2900
2739
2623
2481
2358
2213
2066
1938
1797
1655
1458
1278
1074
866
674
482
225
-17
-252
-523
-719
-935
-1164
-1399
-1632
-1815
-1975
-2093
-2183
-2247
-2287
-2318
-2377
-2397
-2381
-2405
-2433
-2468
-2503
-2514
-2542
-2561
-2586
-2629
-2645
-2641
-2616
-2551
-2496
-2451
-2378
-2306
-2189
-2079
-1967
-1861
-1751
-1615
-1485
-1344
-1168
-976
-831
-670
-564
-454
-329
-228
-113
-23
62
136
237
396
549
723
894
1078
1268
1442
1627
1807
2003
2157
2303
2470
2592
2711
2849
2944
3043
3093
3158
3165
3123
3033
2937
2924
2905
2852
2760
2670
2561
2454
2347
2239
2112
1934
1734
1536
1291
1062
843
609
332
37
-229
-481
-719
-966
-1189
-1373
-1545
-1682
-1779
-1910
-2018
-2102
-2180
-2235
-2286
-2353
-2398
-2404
-2431
-2441
-2425
-2387
-2362
-2352
-2309
-2248
-2196
-2175
-2159
-2131
-2099
-2048
-2012
-1964
-1927
-1879
-1840
-1770
-1700
-1628
-1569
-1484
-1393
-1333
-1216
-1100
-980
-882
-737
-572
-383
-181
-15
154
337
537
749
960
1160
1366
1588
1768
1938
2151
2323
2506
2660
2845
3010
3134
3243
3288
3327
3360
3400
3381
3313
3262
3174
3104
2992
2829
2664
2477
2295
2115
1924
1736
1535
1322
1133
941
715
542
361
132
-75
-261
-437
-641
-837
-1070
-1250
-1407
-1556
-1711
-1882
-2033
-2177
-2309
-2448
-2615
-2699
-2760
-2828
-2832
-2814
-2790
-2747
-2678
-2616
-2524
-2423
-2331
-2215
-2117
-2001
-1896
-1810
-1728
-1685
-1620
-1551
-1492
-1393
-1280
-1193
-1134
-1055
-999
-915
-790
-663
-512
-359
-203
-33
137
311
454
634
799
907
1063
1183
1320
1448
1600
1726
1874
2034
2168
2273
2338
2422
2498
2572
2652
2719
2797
2871
2904
2916
2881
2844
2791
2735
2648
2504
2352
2216
2073
1882
1678
1479
1255
1054
900
720
529
345
139
-26
-184
-332
-494
-659
-817
-983
-1160
-1346
-1535
-1716
-1932
-2117
-2274
-2450
-2583
-2715
-2798
-2885
-2950
-2976
-2974
-2960
-2908
-2865
-2795
-2697
-2571
-2435
-2294
-2130
-1977
-1806
-1659
-1523
-1423
-1316
-1212
-1085
-952
-837
-710
-565
-408
-280
-107
74
258
452
651
835
1026
1211
1363
1492
1560
1602
1654
1716
1777
1794
1836
1867
1877
1917
1898
1919
1929
1894
1852
1848
1862
1843
1855
1874
1875
1871
1847
1790
1699
1625
1555
1496
1419
1331
1244
1127
1029
951
852
760
672
577
511
443
351
240
106
-30
-196
-366
-519
-669
-817
-976
-1179
-1357
-1516
-1674
-1843
-1985
-2084
-2187
-2264
-2317
-2379
-2465
-2532
-2613
-2600
-2575
-2562
-2547
-2497
-2431
-2381
-2320
-2258
-2169
-2092
-1965
-1821
-1657
-1493
-1332
-1129
-886
-657
-397
-136
89
368
615
792
1001
1174
1318
1452
1539
1617
1673
1725
1756
1785
1781
1780
1798
1787
1802
1826
1851
1845
1832
1816
1787
1730
1695
1677
1629
1562
1481
1388
1314
1247
1157
1053
960
869
811
790
767
729
675
621
565
554
571
591
561
499
428
374
323
258
180
84
-42
-155
-258
-383
-555
-735
-884
-1038
-1176
-1295
-1418
-1543
-1650
-1744
-1839
-1919
-1999
-2085
-2174
-2234
-2279
-2334
-2390
-2415
-2455
-2459
-2428
-2356
-2253
-2160
-2036
-1897
-1780
-1642
-1468
-1288
-1101
-910
-683
-442
-203
41
257
512
770
1006
1217
1394
1582
1740
1921
2086
2227
2318
2386
2441
2489
2471
2432
2404
2327
2267
2159
2081
1998
1884
1776
1655
1586
1510
1443
1354
1211
1033
912
768
598
441
277
111
-38
-156
-282
-373
-440
-519
-583
-626
-667
-689
-683
-630
-622
-600
-600
-612
-620
-642
-644
-693
-712
-763
-845
-933
-1029
-1111
-1148
-1185
-1261
-1305
-1310
-1340
-1377
-1404
-1416
-1410
-1415
-1398
-1372
-1358
-1315
-1290
-1285
-1264
-1227
-1176
-1118
-1058
-1009
-929
-851
-759
-654
-547
-396
-215
-85
51
211
349
520
699
893
1088
1288
1461
1608
1742
1845
1973
2082
2166
2212
2224
2220
2222
2207
2170
2089
2006
1945
1854
1752
1632
1496
1365
1209
1042
885
698
529
348
203
44
-132
-277
-425
-577
-714
-840
-977
-1110
-1213
-1274
-1313
-1311
-1298
-1292
-1313
-1310
-1307
-1270
-1229
-1178
-1142
-1094
-1037
-990
-969
-961
-935
-912
-880
-876
-868
-846
-790
-715
-660
-619
-560
-500
-483
-458
-448
-441
-398
-377
-365
-354
-368
-353
-333
-284
-261
-212
-122
-19
93
194
289
405
509
602
699
764
851
913
959
1020
1083
1137
1185
1240
1296
1338
1360
1410
1438
1445
1442
1442
1441
1418
1376
1321
1251
1185
1082
988
897
755
649
529
384
249
95
-43
-196
-345
-449
-540
-635
-738
-840
-919
-974
-1028
-1058
-1101
-1156
-1190
-1207
-1191
-1192
-1184
-1185
-1207
-1193
-1189
-1172
-1125
-1080
-1077
-1057
-1037
-1011
-978
-978
-938
-881
-824
-758
-711
-636
-568
-495
-387
-299
-222
-122
-70
-29
37
80
132
193
245
291
328
399
472
552
627
676
748
828
884
970
1038
1067
1098
1118
1164
1213
1260
1263
1287
1294
1283
1301
1246
1154
1109
1088
1037
987
941
866
784
702
620
568
519
475
402
317
224
112
-4
-98
-178
-268
-302
-361
-431
-507
-560
-611
-672
-723
-761
-817
-879
-945
-1014
-1064
-1098
-1152
-1198
-1224
-1257
-1301
-1302
-1299
-1280
-1276
-1248
-1184
-1121
-1079
-1047
-1032
-1013
-970
-901
-830
-771
-691
-644
-536
-397
-296
-215
-122
-17
75
173
281
400
545
683
805
930
1047
1155
1241
1318
1365
1414
1439
1441
1423
1443
1448
1457
1468
1440
1405
1320
1243
1201
1159
1106
1040
969
905
833
764
666
577
485
362
247
121
19
-103
-230
-352
-483
-601
-705
-819
-903
-976
-1046
-1087
-1131
-1146
-1154
-1170
-1126
-1105
-1074
-1028
-1026
-972
-918
-879
-837
-824
-819
-783
-759
-727
-703
-698
-699
-694
-676
-665
-654
-610
-590
-563
-494
-462
-428
-405
-359
-320
-296
-242
-207
-149
-96
-65
-6
73
174
272
379
487
598
708
836
948
1031
1110
1182
1272
1337
1375
1422
1472
1487
1533
1550
1558
1539
1539
1546
1510
1471
1436
1376
1319
1240
1141
1048
906
772
629
477
339
200
26
-143
-336
-502
-594
-691
-785
-883
-977
-1080
-1159
-1245
-1327
-1423
-1488
-1554
-1593
-1644
-1713
-1755
-1779
-1787
-1763
-1711
-1670
-1634
-1590
-1489
-1386
-1265
-1197
-1123
-1019
-936
-834
-700
-563
-448
-342
-248
-159
-73
-6
63
117
181
242
299
352
410
467
486
553
647
703
775
868
980
1080
1185
1255
1311
1346
1342
1341
1373
1426
1426
1422
1413
1444
1471
1525
1552
1526
1514
1464
1409
1360
1288
1199
1118
1047
976
889
786
701
612
530
421
320
200
78
-29
-140
-246
-381
-520
-671
-826
-938
-1047
-1141
-1264
-1378
-1482
-1581
-1626
-1655
-1694
-1778
-1832
-1864
-1880
-1882
-1892
-1882
-1846
-1802
-1750
-1691
-1657
-1583
-1476
-1377
-1250
-1107
-981
-864
-773
-668
-523
-413
-306
-185
-72
22
117
216
330
466
606
732
841
947
1048
1159
1224
1270
1310
1336
1334
1325
1323
1317
1329
1331
1346
1368
1362
1351
1364
1396
1428
1433
1433
1439
1449
1438
1412
1379
1313
1260
1199
1132
1029
911
795
711
642
566
517
458
369
267
164
40
-97
-226
-329
-418
-535
-630
-732
-851
-950
-1053
-1138
-1221
-1305
-1419
-1502
-1590
-1684
-1720
-1747
-1783
-1822
-1853
-1869
-1873
-1887
-1868
-1848
-1836
-1782
-1750
-1712
-1651
-1576
-1500
-1393
-1294
-1195
-1074
-967
-844
-723
-583
-461
-308
-155
6
203
387
541
672
775
888
1011
1138
1275
1373
1453
1554
1639
1715
1792
1803
1835
1856
1861
1872
1848
1827
1802
1779
1751
1706
1655
1595
1546
1505
1454
1416
1379
1312
1241
1172
1097
999
896
767
635
509
386
263
139
47
-86
-197
-319
-426
-540
-668
-798
-957
-1094
-1199
-1283
-1360
-1438
-1507
-1532
-1571
-1617
-1655
-1660
-1689
-1674
-1688
-1671
-1624
-1612
-1586
-1536
-1509
-1528
-1510
-1542
-1545
-1542
-1545
-1486
-1425
-1367
-1299
-1240
-1161
-1063
-964
-831
-695
-545
-370
-208
-35
90
192
283
411
527
633
759
842
944
1041
1128
1232
1341
1502
1593
1674
1760
1825
1922
2001
2056
2113
2149
2147
2150
2130
2112
2079
2039
1955
1872
1762
1641
1532
1393
1285
1182
1052
947
855
763
677
593
488
357
244
135
0
-144
-296
-449
-595
-736
-854
-979
-1094
-1200
-1322
-1402
-1517
-1615
-1681
-1758
-1836
-1875
-1892
-1933
-1961
-1982
-1984
-1978
-1947
-1920
-1878
-1842
-1810
-1783
-1717
-1679
-1617
-1554
-1491
-1434
-1383
-1297
-1226
-1143
-1037
-939
-847
-726
-606
-468
-331
-200
-19
137
310
463
612
780
925
1070
1215
1365
1471
1594
1697
1791
1885
1958
2006
2068
2110
2121
2125
2154
2202
2222
2243
2224
2190
2169
2123
2080
1995
1909
1786
1641
1504
1370
1236
1078
943
796
647
495
313
163
12
-125
-242
-337
-425
-496
-553
-672
-739
-816
-919
-1022
-1125
-1227
-1341
-1434
-1522
-1623
-1678
-1708
-1770
-1819
-1860
-1918
-1937
-1956
-1969
-1981
-1970
-1930
-1899
-1847
-1784
-1717
-1623
-1511
-1421
-1342
-1288
-1211
-1129
-1081
-979
-938
-898
-801
-722
-608
-464
-335
-223
-94
39
162
302
413
544
687
794
907
1038
1156
1255
1351
1422
1509
1580
1642
1706
1747
1769
1777
1762
1818
1842
1869
1911
1916
1896
1886
1877
1796
1719
1632
1526
1410
1295
1159
1048
961
868
817
724
653
592
531
471
398
331
230
128
4
-138
-255
-367
-486
-592
-702
-815
-910
-966
-1036
-1110
-1187
-1255
-1294
-1330
-1381
-1448
-1509
-1601
-1680
-1733
-1764
-1790
-1805
-1821
-1850
-1851
-1833
-1774
-1722
-1676
-1614
-1570
-1521
-1422
-1351
-1246
-1159
-1061
-932
-799
-690
-577
-465
-387
-257
-140
-39
89
203
338
470
583
695
790
895
972
1040
1119
1224
1331
1448
1548
1601
1643
1705
1776
1798
1834
1825
1833
1820
1781
1748
1701
1655
1604
1531
1465
1404
1287
1219
1126
1018
927
818
692
581
478
354
247
134
16
-57
-118
-150
-192
-244
-302
-351
-413
-483
-540
-607
-658
-734
-797
-874
-970
-1037
-1114
-1147
-1179
-1234
-1272
-1333
-1378
-1415
-1451
-1467
-1478
-1471
-1466
-1451
-1438
-1435
-1409
-1391
-1352
-1335
-1319
-1281
-1235
-1169
-1095
-1030
-908
-796
-699
-600
-501
-381
-282
-153
-33
86
243
390
510
626
753
869
943
1006
1074
1127
1197
1237
1277
1347
1370
1368
1401
1442
1444
1470
1453
1459
1471
1434
1447
1439
1378
1360
1316
1248
1179
1078
984
909
838
773
709
700
711
679
647
606
541
454
376
289
192
102
23
-52
-141
-258
-352
-425
-510
-590
-654
-765
-837
-911
-989
-1050
-1128
-1191
-1226
-1251
-1286
-1341
-1378
-1405
-1418
-1434
-1451
-1467
-1472
-1493
-1494
-1489
-1482
-1460
-1434
-1394
-1323
-1262
-1184
-1097
-1012
-903
-815
-724
-632
-532
-423
-320
-222
-109
-15
84
158
260
361
452
549
643
735
829
960
1075
1170
1249
1309
1351
1396
1428
1422
1420
1441
1426
1416
1409
1388
1362
1328
1307
1297
1293
1275
1270
1258
1212
1162
1122
1085
1031
955
865
783
688
602
517
419
321
246
143
42
-43
-150
-233
-336
-423
-529
-637
-732
-840
-924
-1006
-1056
-1085
-1137
-1154
-1174
-1205
-1218
-1238
-1249
-1271
-1268
-1282
-1306
-1311
-1327
-1337
-1330
-1308
-1292
-1263
-1252
-1228
-1183
-1127
-1059
-985
-912
-838
-762
-684
-627
-534
-412
-342
-262
-183
-97
-44
27
73
126
208
279
367
485
573
665
724
788
878
951
992
1011
1029
1041
1086
1126
1164
1187
1214
1246
1251
1253
1243
1195
1195
1187
1181
1150
1128
1107
1071
1054
1007
980
935
883
845
805
761
728
654
595
544
493
451
386
295
176
97
-15
-102
-199
-319
-446
-558
-648
-763
-844
-907
-1005
-1061
-1112
-1164
-1219
-1254
-1275
-1295
-1321
-1326
-1324
-1336
-1312
-1318
-1293
-1266
-1262
-1245
-1235
-1206
-1174
-1137
-1096
-1046
-1008
-937
-874
-780
-705
-647
-583
-494
-396
-321
-195
-100
-24
35
88
155
236
307
396
464
529
623
691
751
800
829
911
977
994
1074
1148
1196
1247
1280
1308
1309
1316
1294
1262
1239
1249
1266
1267
1242
1194
1129
1112
1084
1051
1033
988
966
916
854
805
727
648
581
499
399
303
191
71
-23
-132
-239
-332
-448
-532
-614
-717
-798
-869
-960
-1054
-1130
-1200
-1286
-1361
-1405
-1423
-1454
-1487
-1485
-1500
-1487
-1448
-1405
-1366
-1317
-1270
-1256
-1246
-1208
-1149
-1094
-1049
-987
-939
-884
-813
-721
-619
-514
-411
-331
-218
-123
-24
88
170
253
325
412
473
524
590
649
734
805
863
931
980
1031
1102
1145
1168
1204
1226
1229
1235
1230
1222
1219
1207
1189
1179
1165
1184
1204
1205
1186
1150
1098
1056
966
897
832
717
648
572
507
443
347
231
134
60
-18
-107
-193
-279
-362
-426
-480
-547
-612
-658
-710
-758
-795
-837
-865
-925
-954
-996
-1008
-1008
-1054
-1077
-1125
-1143
-1139
-1169
-1180
-1156
-1151
-1129
-1117
-1085
-1058
-1046
-1026
-996
-966
-922
-889
-854
-783
-707
-612
-494
-375
-288
-198
-118
-49
22
59
129
194
249
288
343
402
442
482
530
583
617
656
701
753
812
880
922
971
1015
1055
1108
1153
1234
1243
1234
1213
1192
1205
1154
1112
1045
1006
974
933
928
867
810
757
668
594
502
421
381
292
228
157
71
-7
-88
-211
-299
-372
-469
-526
-614
-669
-735
-779
-802
-816
-829
-844
-856
-893
-907
-924
-957
-969
-974
-944
-951
-948
-935
-947
-929
-888
-872
-843
-801
-792
-737
-712
-647
-598
-546
-465
-408
-353
-289
-231
-198
-163
-160
-115
-78
-50
-38
-38
15
68
127
188
263
343
420
477
574
630
680
745
799
857
897
945
990
993
999
991
990
999
978
976
978
970
968
952
910
884
868
851
818
760
672
547
491
442
372
297
228
133
63
12
-65
-122
-192
-261
-334
-408
-456
-501
-549
-621
-655
-687
-728
-763
-799
-807
-841
-860
-857
-845
-830
-817
-800
-799
-783
-769
-758
-718
-687
-691
-661
-633
-599
-544
-522
-528
-526
-472
-432
-392
-342
-289
-229
-177
-103
-30
24
89
133
162
216
280
295
332
361
395
441
466
473
475
491
500
544
569
611
619
628
638
674
693
696
715
733
724
700
665
640
608
566
543
509
511
494
441
398
348
306
263
197
148
112
36
-25
-60
-112
-178
-242
-280
-340
-394
-420
-439
-445
-443
-460
-480
-501
-514
-519
-537
-522
-513
-531
-544
-531
-507
-493
-479
-476
-475
-448
-470
-440
-419
-421
-430
-423
-406
-371
-332
-330
-327
-330
-295
-259
-219
-176
-132
-87
-8
53
99
153
183
225
266
296
341
371
414
441
430
469
501
520
536
541
571
591
592
585
577
573
595
594
583
585
551
542
500
472
436
378
346
284
234
207
146
91
13
-12
-26
-54
-48
-76
-115
-148
-190
-218
-243
-284
-306
-331
-369
-421
-474
-503
-536
-562
-561
-577
-599
-593
-596
-575
-554
-541
-525
-502
-511
-525
-514
-480
-440
-408
-363
-336
-318
-289
-257
-237
-227
-204
-155
-123
-71
-16
18
62
77
111
151
195
223
214
217
254
282
312
357
392
433
479
514
563
592
601
628
655
666
651
662
649
633
615
602
574
526
495
439
409
384
362
326
300
269
260
244
251
204
154
113
67
41
1
-40
-96
-137
-173
-209
-237
-293
-354
-383
-423
-452
-488
-531
-571
-618
-648
-658
-654
-655
-658
-667
-654
-621
-572
-535
-518
-495
-482
-455
-400
-368
-314
-291
-271
-264
-281
-282
-279
-255
-249
-226
-178
-121
-85
-26
42
100
168
227
288
322
375
423
464
518
511
544
560
563
567
562
607
615
668
686
683
686
664
639
609
583
556
538
499
465
439
397
379
348
300
262
200
160
116
78
53
-5
-83
-150
-195
-284
-347
-418
-464
-498
-506
-512
-515
-527
-551
-562
-587
-578
-578
-609
-612
-622
-622
-643
-650
-649
-642
-650
-632
-605
-600
-570
-550
-515
-477
-439
-405
-368
-323
-272
-193
-108
-71
-29
9
51
99
160
198
201
210
254
314
361
416
477
512
535
567
644
689
728
774
820
878
904
910
908
923
913
908
899
879
851
812
776
732
718
694
653
608
545
507
471
421
357
268
188
86
6
-53
-153
-227
-301
-388
-490
-559
-628
-717
-778
-822
-873
-921
-962
-1023
-1056
-1090
-1121
-1140
-1155
-1158
-1151
-1158
-1149
-1122
-1078
-1045
-1010
-957
-928
-874
-799
-732
-659
-576
-515
-440
-373
-309
-247
-180
-99
-11
83
156
226
307
363
418
462
516
569
594
645
675
710
748
789
848
918
945
967
1023
1070
1095
1098
1105
1113
1124
1113
1079
1036
983
909
831
773
727
697
638
594
549
502
462
405
377
345
293
263
227
163
106
33
-38
-126
-223
-292
-363
-419
-504
-572
-629
-678
-714
-748
-787
-836
-865
-928
-957
-979
-1011
-1034
-1072
-1089
-1103
-1105
-1092
-1073
-1066
-1039
-1031
-1004
-994
-981
-947
-872
-809
-782
-728
-672
-599
-527
-450
-366
-300
-242
-169
-83
20
97
164
232
312
388
454
529
576
660
754
822
906
963
1005
1033
1063
1069
1085
1083
1087
1079
1063
1068
1058
1075
1067
1076
1061
1040
1050
1046
1020
995
976
937
912
860
834
824
774
743
690
623
551
456
368
254
151
69
-17
-100
-175
-281
-383
-447
-546
-635
-726
-810
-884
-955
-1026
-1097
-1151
-1236
-1301
-1349
-1400
-1422
-1450
-1457
-1462
-1446
-1420
-1440
-1419
-1377
-1367
-1323
-1277
-1221
-1166
-1092
-1011
-956
-869
-800
-718
-611
-509
-399
-290
-217
-126
-59
16
91
132
208
290
371
458
519
593
663
714
800
872
945
1030
1097
1187
1258
1303
1361
1399
1433
1452
1466
1467
1442
1407
1395
1359
1330
1306
1279
1229
1177
1149
1107
1088
997
911
893
851
800
774
708
615
494
403
271
109
-12
-124
-248
-416
-550
-697
-827
-922
-1018
-1128
-1225
-1269
-1333
-1405
-1418
-1389
-1407
-1466
-1489
-1472
-1463
-1473
-1450
-1438
-1434
-1413
-1385
-1366
-1338
-1306
-1250
-1198
-1145
-1062
-1023
-960
-899
-839
-735
-652
-583
-461
-358
-266
-171
-57
47
156
242
320
378
454
552
642
765
867
948
1011
1090
1144
1203
1242
1304
1304
1326
1368
1349
1348
1338
1315
1310
1312
1319
1310
1306
1277
1249
1224
1182
1157
1102
1042
982
940
883
778
702
610
505
419
337
218
102
15
-74
-152
-260
-339
-400
-491
-566
-642
-738
-824
-903
-990
-1088
-1163
-1225
-1300
-1353
-1385
-1429
-1433
-1417
-1412
-1435
-1441
-1439
-1428
-1406
-1392
-1335
-1271
-1205
-1133
-1057
-1021
-949
-868
-781
-691
-620
-529
-476
-419
-364
-300
-218
-104
-7
84
193
289
364
468
558
643
734
803
891
958
1033
1097
1171
1244
1296
1378
1421
1452
1478
1485
1510
1495
1474
1441
1420
1416
1402
1357
1310
1225
1175
1129
1042
993
924
874
791
707
648
555
482
391
264
161
43
-72
-165
-263
-358
-456
-558
-667
-767
-851
-924
-981
-1043
-1125
-1194
-1274
-1313
-1319
-1369
-1404
-1444
-1480
-1493
-1491
-1492
-1491
-1490
-1472
-1439
-1425
-1377
-1327
-1278
-1181
-1133
-1055
-958
-878
-794
-709
-610
-530
-436
-345
-268
-192
-95
-2
88
174
253
352
413
482
541
604
674
728
779
814
860
916
992
1085
1160
1224
1293
1334
1372
1417
1462
1463
1465
1462
1473
1456
1417
1399
1359
1307
1240
1173
1101
1032
957
924
866
813
757
657
579
497
430
374
301
214
134
13
-112
-258
-352
-451
-543
-645
-770
-855
-967
-1052
-1119
-1178
-1242
-1285
-1343
-1402
-1437
-1470
-1488
-1503
-1532
-1540
-1554
-1561
-1535
-1505
-1449
-1400
-1357
-1303
-1238
-1157
-1050
-951
-841
-755
-649
-552
-483
-417
-331
-256
-180
-91
-28
37
104
186
265
341
427
503
575
646
714
788
852
913
967
1013
1086
1155
1221
1254
1305
1347
1345
1356
1384
1393
1371
1365
1345
1329
1285
1252
1248
1204
1138
1109
1077
1037
989
892
814
711
598
504
415
316
205
85
-15
-122
-255
-340
-461
-573
-680
-749
-812
-892
-940
-980
-1041
-1085
-1125
-1182
-1225
-1270
-1307
-1342
-1375
-1386
-1394
-1382
-1386
-1378
-1363
-1319
-1253
-1213
-1133
-1074
-987
-898
-804
-708
-626
-593
-528
-468
-408
-332
-250
-174
-113
-63
-27
47
108
190
271
317
371
449
505
583
648
717
788
835
863
906
968
1000
1042
1052
1033
1053
1071
1095
1103
1111
1131
1141
1134
1139
1130
1126
1130
1101
1076
1044
1000
954
914
848
775
704
616
526
449
377
316
241
128
11
-93
-187
-269
-331
-419
-474
-528
-596
-668
-745
-812
-884
-938
-971
-1025
-1077
-1093
-1114
-1110
-1091
-1109
-1095
-1062
-1043
-995
-976
-941
-876
-813
-749
-718
-672
-652
-646
-611
-587
-568
-559
-535
-516
-449
-400
-332
-277
-247
-175
-159
-88
-17
35
76
93
126
167
178
196
211
251
250
276
316
341
387
448
528
582
641
684
756
813
856
892
932
1001
1052
1061
1091
1104
1100
1078
1044
1008
986
933
872
813
748
701
628
566
501
419
341
243
167
103
30
-71
-144
-201
-252
-304
-354
-393
-429
-451
-499
-524
-581
-626
-646
-691
-722
-767
-815
-842
-893
-912
-923
-929
-928
-943
-968
-1008
-1025
-1035
-1037
-1029
-998
-950
-915
-836
-761
-705
-614
-539
-451
-361
-288
-170
-85
-17
35
101
161
212
276
341
412
484
561
610
648
737
777
826
873
893
919
904
918
924
923
938
942
910
911
908
883
867
858
837
793
767
737
717
684
662
627
590
538
465
398
334
278
198
114
34
-45
-85
-134
-194
-230
-279
-314
-355
-410
-471
-519
-565
-593
-615
-663
-694
-720
-763
-818
-855
-886
-910
-915
-921
-926
-919
-907
-895
-883
-849
-833
-827
-802
-789
-751
-708
-659
-615
-558
-510
-468
-395
-351
-283
-222
-166
-91
-24
36
67
105
153
189
245
331
401
471
533
598
639
632
625
620
624
631
645
677
672
692
717
717
719
696
698
665
649
679
671
675
677
673
637
607
585
529
499
498
473
411
360
314
246
158
123
64
18
-25
-71
-82
-102
-115
-144
-169
-192
-234
-283
-318
-363
-409
-455
-517
-563
-594
-656
-709
-703
-707
-683
-665
-654
-635
-645
-637
-615
-622
-618
-610
-585
-557
-523
-506
-461
-429
-394
-364
-325
-269
-228
-193
-130
-100
-63
-6
24
87
122
188
243
294
355
407
461
516
577
599
620
611
605
582
548
557
533
539
521
511
515
492
485
470
452
428
402
378
358
343
336
305
251
238
210
193
182
184
166
148
141
117
99
68
24
-22
-68
-126
-176
-225
-232
-233
-252
-267
-261
-245
-225
-249
-256
-288
-301
-301
-323
-356
-386
-396
-437
-470
-484
-482
-485
-518
-547
-557
-565
-540
-533
-512
-500
-464
-426
-395
-349
-328
-321
-302
-283
-256
-216
-167
-151
-93
-29
-7
36
65
111
161
219
264
340
368
397
431
434
446
440
448
462
457
472
486
495
511
504
492
479
468
453
453
426
402
393
370
337
296
266
232
187
172
159
164
147
134
134
100
71
48
11
21
3
-44
-76
-117
-143
-177
-193
-215
-219
-217
-215
-223
-213
-199
-191
-192
-201
-209
-213
-205
-190
-200
-210
-250
-289
-306
-323
-343
-392
-381
-367
-380
-387
-382
-405
-404
-403
-367
-330
-325
-316
-323
-330
-320
-283
-240
-207
-187
-171
-148
-121
-90
-64
-32
35
88
158
206
248
282
307
357
382
414
465
493
504
501
482
464
467
458
452
425
425
417
385
370
336
314
280
252
236
220
180
158
103
70
22
-2
-22
-57
-53
-90
-99
-123
-142
-136
-133
-148
-162
-168
-169
-154
-159
-148
-146
-152
-142
-154
-148
-126
-138
-133
-133
-144
-158
-170
-186
-194
-203
-217
-225
-196
-176
-182
-189
-186
-189
-189
-180
-167
-152
-130
-87
-88
-68
-56
-55
-24
-39
-31
-9
-2
16
31
52
63
80
112
139
168
212
244
275
277
307
328
343
364
380
402
418
428
414
404
401
385
356
332
301
267
232
212
207
165
135
98
56
0
-51
-77
-114
-171
-204
-212
-242
-260
-292
-283
-303
-300
-286
-278
-268
-269
-259
-269
-286
-290
-281
-287
-250
-247
-246
-222
-217
-198
-225
-240
-233
-210
-188
-153
-135
-123
-108
-97
-78
-48
-22
-31
-17
-16
2
23
16
5
26
35
38
38
44
46
37
41
46
73
95
105
110
132
154
155
166
168
166
189
218
242
258
276
287
309
302
284
277
244
208
195
194
175
154
149
143
130
114
89
71
73
54
30
11
1
-12
-22
-23
-24
-27
-22
-5
-2
-13
-23
-36
-39
-42
-58
-76
-101
-113
-136
-159
-187
-234
-260
-273
-280
-299
-319
-340
-358
-342
-330
-316
-330
-323
-289
-269
-245
-221
-194
-173
-137
-103
-61
-49
-37
-17
-1
25
33
40
49
55
72
67
67
76
72
69
57
55
57
64
77
70
49
63
76
85
92
102
124
133
167
165
170
177
183
201
216
210
212
212
195
213
211
240
269
262
261
235
217
206
173
159
147
133
118
87
75
62
35
29
-4
-15
-23
-56
-45
-54
-76
-94
-118
-135
-171
-160
-167
-170
-169
-155
-163
-174
-168
-195
-196
-190
-178
-166
-177
-193
-200
-199
-204
-208
-216
-223
-225
-216
-219
-216
-208
-217
-207
-208
-183
-166
-157
-140
-125
-99
-77
-40
1
37
78
109
137
154
170
193
199
227
248
251
258
266
262
265
272
267
263
261
264
266
269
273
253
250
216
196
173
155
150
152
173
161
177
201
195
195
180
165
159
139
116
121
114
82
59
49
47
36
7
-21
-63
-95
-103
-104
-138
-152
-147
-179
-196
-242
-280
-302
-343
-342
-363
-390
-405
-412
-441
-440
-426
-410
-402
-393
-361
-363
-363
-365
-345
-330
-323
-339
-322
-306
-279
-232
-192
-151
-125
-91
-59
-10
38
72
115
139
171
205
216
264
292
336
391
430
458
472
484
501
530
566
573
561
562
546
517
502
495
453
428
400
373
344
308
287
257
197
146
117
88
56
48
29
13
8
-13
-32
-49
-66
-66
-82
-98
-125
-173
-200
-237
-267
-290
-301
-346
-391
-415
-431
-448
-481
-503
-525
-546
-584
-580
-565
-548
-542
-561
-568
-563
-564
-533
-485
-480
-455
-436
-392
-357
-329
-282
-246
-183
-129
-67
-15
44
95
143
180
208
258
303
372
429
478
498
548
595
603
610
619
626
630
638
632
631
617
594
578
561
530
512
494
472
440
415
396
362
333
295
263
226
183
156
123
91
67
26
-7
-31
-86
-139
-161
-184
-208
-225
-253
-261
-273
-286
-284
-312
-348
-373
-385
-411
-416
-425
-437
-441
-450
-457
-460
-456
-442
-438
-438
-424
-432
-445
-450
-451
-456
-457
-450
-429
-403
-372
-355
-344
-306
-268
-250
-215
-192
-157
-116
-83
-33
4
31
93
143
198
244
275
292
313
329
325
319
327
353
368
418
437
431
454
493
517
558
600
603
615
613
598
586
552
541
548
521
503
481
443
408
368
354
336
323
312
287
264
247
187
151
108
43
-10
-52
-109
-153
-199
-256
-310
-369
-394
-442
-463
-487
-498
-506
-513
-489
-494
-488
-481
-475
-470
-492
-497
-493
-496
-496
-497
-490
-478
-463
-463
-441
-438
-403
-401
-405
-368
-331
-319
-286
-264
-228
-194
-168
-128
-115
-90
-43
-11
5
30
71
114
148
213
273
318
350
354
388
423
430
471
512
512
524
516
516
535
539
528
508
481
472
482
469
461
457
446
447
445
408
386
368
361
352
332
311
273
232
193
150
96
51
23
8
-28
-36
-73
-106
-132
-166
-196
-254
-314
-358
-400
-444
-461
-485
-493
-502
-489
-478
-487
-503
-507
-519
-543
-539
-530
-490
-481
-465
-438
-424
-419
-426
-415
-403
-411
-383
-358
-338
-291
-259
-216
-169
-138
-104
-50
-12
0
11
16
32
61
109
178
213
242
291
324
372
398
434
459
468
482
469
512
529
546
576
591
594
583
592
577
563
545
521
527
521
507
510
508
477
434
375
307
264
217
169
140
116
91
20
-14
-43
-84
-119
-170
-198
-227
-260
-309
-349
-368
-400
-433
-468
-499
-519
-553
-564
-577
-585
-611
-609
-607
-620
-606
-604
-609
-596
-593
-571
-555
-552
-526
-488
-457
-403
-372
-344
-292
-260
-253
-231
-194
-172
-142
-111
-78
-31
11
69
101
145
192
227
266
280
324
367
415
458
491
506
536
564
582
601
615
622
640
669
690
679
676
683
674
651
633
620
585
579
559
540
508
454
400
370
322
287
247
197
156
96
44
-43
-95
-132
-195
-227
-250
-275
-306
-321
-359
-395
-459
-488
-506
-512
-532
-533
-541
-569
-577
-602
-599
-603
-598
-604
-609
-605
-607
-615
-597
-588
-587
-558
-520
-476
-434
-411
-380
-345
-279
-240
-209
-175
-140
-101
-57
-13
30
105
151
194
240
265
294
307
344
362
380
397
445
459
468
503
521
552
547
550
545
539
545
553
570
557
557
548
513
497
459
454
434
441
453
425
401
371
354
320
278
253
245
235
218
164
98
60
5
-18
-37
-93
-130
-169
-206
-248
-253
-302
-343
-379
-428
-452
-482
-526
-557
-549
-573
-596
-603
-586
-600
-598
-593
-571
-562
-574
-596
-606
-595
-570
-540
-511
-472
-443
-407
-380
-358
-327
-288
-242
-222
-175
-132
-101
-62
-15
22
54
78
133
186
249
309
333
371
403
423
441
425
442
461
466
493
504
522
527
562
572
560
565
565
583
581
565
565
544
537
528
519
485
434
376
338
301
253
230
191
159
131
98
52
18
-23
-66
-92
-120
-139
-172
-206
-210
-248
-285
-307
-338
-390
-437
-448
-489
-514
-567
-587
-600
-612
-604
-584
-590
-587
-560
-563
-537
-546
-548
-516
-494
-475
-462
-431
-402
-375
-364
-318
-278
-237
-200
-177
-145
-119
-79
-23
28
69
101
164
223
291
321
345
358
356
369
397
443
471
474
482
503
531
543
542
530
526
517
492
487
464
434
428
407
371
364
342
345
313
271
253
209
202
173
155
160
147
139
127
117
113
109
81
55
25
22
1
-23
-48
-76
-122
-160
-167
-168
-193
-211
-241
-237
-240
-264
-275
-301
-317
-345
-357
-380
-401
-419
-425
-426
-423
-425
-443
-450
-457
-458
-453
-433
-413
-410
-399
-364
-332
-309
-306
-289
-251
-210
-183
-156
-131
-118
-97
-77
-45
-29
0
35
78
122
172
213
235
290
321
330
346
349
362
379
377
394
413
406
412
402
393
387
371
355
350
341
351
369
372
377
371
370
358
339
326
305
284
278
250
220
192
155
137
124
95
94
106
92
64
39
14
-8
-37
-64
-104
-142
-191
-232
-258
-286
-326
-406
-449
-491
-536
-541
-542
-563
-546
-555
-553
-529
-513
-501
-490
-467
-440
-410
-392
-354
-337
-310
-304
-278
-249
-208
-179
-143
-71
-32
11
45
70
85
126
149
177
188
183
183
189
221
242
267
303
331
346
364
374
396
409
401
405
402
411
400
395
403
402
401
399
392
381
343
336
320
294
268
235
205
165
136
99
73
63
47
32
14
28
19
-7
-29
-48
-82
-104
-105
-128
-151
-188
-196
-208
-248
-289
-303
-338
-370
-396
-419
-451
-470
-482
-504
-520
-519
-498
-510
-502
-505
-507
-502
-494
-461
-445
-428
-407
-377
-338
-323
-305
-281
-240
-201
-155
-96
-52
-15
11
25
86
141
186
253
316
377
443
483
515
552
595
624
616
647
670
681
683
662
644
608
586
590
594
593
569
572
544
507
473
426
380
339
283
241
191
112
53
5
-20
-42
-87
-126
-167
-199
-230
-262
-286
-306
-334
-359
-359
-382
-398
-404
-414
-429
-448
-482
-498
-525
-523
-520
-507
-486
-491
-484
-462
-465
-458
-456
-475
-473
-466
-437
-444
-416
-381
-347
-299
-255
-215
-170
-121
-68
-30
-5
45
85
104
101
111
136
164
211
248
282
334
384
411
442
484
514
527
546
558
559
547
545
543
528
511
500
468
426
394
381
366
361
355
332
295
265
237
197
160
117
64
7
-13
-49
-85
-112
-142
-156
-179
-198
-202
-236
-261
-250
-264
-249
-247
-240
-227
-217
-211
-210
-220
-223
-229
-233
-221
-231
-227
-223
-205
-204
-212
-225
-223
-198
-189
-184
-179
-173
-161
-160
-153
-149
-153
-151
-135
-106
-86
-66
-69
-81
-83
-81
-99
-76
-55
-35
-17
-4
49
65
69
84
101
132
140
140
145
159
176
179
180
187
200
204
209
221
234
251
248
245
256
280
275
267
294
297
291
284
264
234
191
162
125
84
81
58
23
-19
-55
-64
-89
-107
-119
-131
-138
-142
-151
-160
-168
-172
-160
-157
-161
-158
-162
-166
-153
-182
-200
-206
-228
-228
-211
-200
-167
-170
-171
-170
-166
-150
-147
-151
-155
-141
-137
-127
-104
-90
-85
-80
-66
-53
-49
-55
-41
-28
3
21
33
62
84
88
90
111
110
105
103
85
68
58
76
74
86
107
112
114
135
151
169
176
177
177
181
187
185
187
203
217
215
201
177
155
130
130
130
127
118
102
93
106
128
139
128
111
108
86
69
52
43
39
3
-32
-50
-58
-58
-68
-98
-119
-126
-147
-196
-219
-232
-251
-259
-250
-250
-263
-269
-266
-268
-271
-271
-261
-238
-207
-186
-173
-149
-156
-150
-148
-142
-131
-136
-144
-133
-100
-92
-94
-74
-51
-54
-46
-23
-22
-14
-2
3
20
20
34
58
57
59
53
81
107
108
118
126
140
161
164
177
157
177
202
223
245
244
282
301
324
354
352
335
336
316
286
277
273
263
252
231
231
198
167
157
132
113
82
48
13
-49
-83
-142
-191
-205
-230
-228
-247
-252
-259
-261
-268
-272
-274
-278
-285
-293
-296
-300
-307
-291
-284
-259
-243
-244
-228
-197
-181
-152
-144
-145
-121
-123
-103
-98
-103
-88
-67
-43
-31
-10
11
28
40
33
24
47
89
83
102
145
169
197
212
232
248
270
267
273
292
292
306
325
342
335
327
331
321
295
275
232
188
185
181
166
158
135
130
106
94
82
59
55
30
39
36
39
24
22
-19
-55
-69
-114
-128
-158
-158
-172
-195
-207
-219
-253
-253
-260
-264
-278
-276
-263
-255
-255
-257
-261
-281
-254
-226
-198
-194
-192
-201
-200
-197
-203
-202
-180
-153
-137
-126
-115
-124
-144
-130
-124
-120
-118
-110
-97
-76
-63
-56
-38
-13
14
37
25
40
78
83
110
113
127
150
154
166
190
201
206
223
247
240
239
233
216
196
187
187
193
197
193
207
197
202
202
185
183
157
137
145
161
171
145
129
94
62
51
51
40
32
19
-3
-20
-33
-48
-67
-82
-117
-113
-124
-134
-137
-165
-161
-161
-164
-162
-164
-167
-144
-137
-123
-120
-129
-137
-121
-119
-107
-126
-118
-117
-114
-96
-99
-79
-81
-81
-95
-71
-46
-31
-25
-29
-26
-1
24
38
47
51
64
71
81
86
119
128
128
143
135
120
120
125
138
153
170
168
158
147
132
112
96
100
109
90
70
63
36
21
44
44
42
51
43
40
34
21
1
-1
-26
-42
-70
-87
-93
-84
-82
-80
-75
-76
-85
-93
-97
-112
-126
-137
-148
-132
-126
-123
-117
-140
-150
-165
-167
-162
-165
-145
-124
-102
-104
-109
-101
-109
-109
-92
-96
-99
-86
-72
-69
-65
-54
-41
-32
-18
9
17
37
42
56
80
102
123
133
130
129
118
106
106
116
138
161
169
189
189
159
169
156
149
156
166
189
214
241
256
255
249
243
232
216
187
169
136
124
128
116
107
99
71
46
49
43
26
6
-28
-71
-93
-106
-106
-119
-131
-146
-149
-150
-149
-134
-140
-140
-163
-177
-176
-177
-152
-155
-164
-168
-179
-190
-195
-190
-183
-180
-216
-231
-241
-257
-255
-229
-220
-214
-192
-196
-180
-186
-180
-186
-177
-179
-179
-169
-141
-93
-35
-8
15
51
68
97
113
149
166
174
186
214
224
250
277
284
314
335
358
386
405
400
373
351
306
285
292
284
277
278
276
275
275
240
232
201
186
174
133
104
74
52
26
-2
-3
-13
-46
-69
-73
-83
-102
-100
-129
-188
-212
-214
-217
-222
-263
-302
-341
-382
-399
-422
-419
-426
-459
-435
-419
-411
-399
-397
-399
-417
-402
-395
-374
-350
-341
-311
-287
-277
-246
-214
-204
-167
-144
-121
-89
-55
-14
32
77
99
105
141
181
206
252
282
311
360
371
373
392
394
397
426
449
472
494
497
517
514
528
507
475
450
428
419
410
396
397
390
387
380
365
348
321
302
263
260
229
200
154
109
66
23
-11
-50
-81
-154
-191
-210
-239
-262
-300
-320
-351
-373
-395
-424
-453
-483
-504
-516
-533
-523
-495
-493
-474
-469
-482
-471
-458
-438
-416
-389
-368
-357
-379
-384
-379
-372
-330
-291
-239
-201
-183
-156
-110
-89
-54
-36
-5
34
52
69
87
141
169
200
245
260
280
323
338
361
369
373
372
364
366
375
379
385
404
381
351
339
347
322
319
314
300
277
275
266
252
259
237
226
205
205
182
151
144
113
89
79
63
21
-24
-26
-42
-57
-77
-82
-95
-127
-155
-172
-182
-202
-221
-233
-242
-253
-275
-288
-306
-328
-328
-347
-345
-325
-317
-313
-333
-345
-357
-333
-317
-308
-285
-266
-259
-258
-237
-196
-165
-151
-115
-72
-32
-18
9
44
63
83
93
115
142
164
177
187
192
224
244
248
255
260
278
294
310
334
369
376
385
377
379
400
383
385
366
346
325
305
285
255
249
212
188
169
124
95
75
72
50
8
-21
-24
-49
-92
-101
-107
-133
-154
-162
-189
-220
-237
-268
-270
-279
-291
-271
-268
-259
-247
-242
-244
-244
-247
-252
-246
-251
-252
-244
-251
-244
-240
-255
-256
-237
-207
-188
-181
-176
-199
-205
-201
-211
-192
-185
-156
-132
-103
-94
-69
-58
-21
-7
15
27
33
43
52
62
96
132
144
169
181
206
222
236
222
230
225
223
220
197
200
181
162
191
209
217
204
224
220
216
239
215
191
171
158
149
136
141
124
112
98
58
38
26
21
23
29
32
64
45
29
36
56
70
55
43
11
-16
-12
-20
-19
-17
-22
-40
-66
-68
-74
-75
-98
-102
-108
-111
-102
-115
-122
-118
-132
-142
-164
-187
-190
-207
-214
-209
-211
-236
-241
-241
-224
-209
-200
-188
-179
-176
-160
-143
-144
-141
-114
-94
-74
-54
-9
21
45
75
98
124
129
152
147
149
128
103
91
95
135
161
170
192
206
228
250
246
253
257
254
251
246
234
239
248
238
224
200
195
176
182
178
178
164
131
69
30
6
-18
-30
-55
-57
-60
-73
-96
-114
-136
-146
-158
-170
-191
-197
-203
-208
-205
-214
-226
-221
-226
-234
-257
-273
-289
-299
-299
-302
-272
-295
-302
-292
-303
-288
-276
-270
-282
-275
-290
-276
-254
-231
-193
-155
-129
-118
-89
-64
-50
-15
15
49
73
89
84
113
155
138
167
183
189
225
263
287
319
364
367
357
366
386
409
451
467
458
452
447
447
450
452
441
424
401
384
361
369
354
319
318
287
243
211
184
159
123
90
73
69
49
30
-6
-45
-75
-105
-139
-163
-189
-221
-248
-285
-309
-313
-310
-308
-308
-327
-344
-361
-368
-352
-359
-358
-361
-388
-409
-415
-425
-429
-428
-408
-378
-363
-346
-307
-275
-243
-221
-174
-145
-146
-125
-111
-112
-93
-63
-51
-42
-44
-31
-24
8
36
61
113
120
164
178
205
249
254
283
301
291
273
280
287
283
275
289
298
289
288
288
283
283
261
236
220
180
167
129
116
78
28
5
-5
-19
-31
-61
-87
-104
-121
-147
-154
-148
-141
-145
-158
-149
-162
-148
-145
-132
-145
-161
-170
-166
-137
-129
-127
-129
-130
-113
-114
-122
-123
-107
-83
-82
-64
-70
-84
-79
-75
-52
-44
-50
-56
-49
-49
-47
-48
-32
-22
-18
13
36
40
54
65
73
89
90
99
111
100
91
112
116
132
147
154
160
154
163
179
199
216
229
232
212
218
228
251
259
249
246
246
233
216
212
201
176
154
118
107
112
77
72
54
40
20
24
-1
-20
-23
-36
-48
-46
-60
-56
-43
-53
-65
-79
-82
-85
-116
-141
-144
-149
-160
-182
-196
-199
-205
-194
-196
-200
-207
-198
-180
-187
-200
-176
-177
-180
-173
-175
-186
-214
-217
-210
-201
-202
-213
-217
-201
-194
-183
-176
-161
-149
-136
-112
-101
-104
-104
-98
-71
-58
-55
-34
-4
22
46
71
84
105
111
113
112
135
134
150
185
187
196
194
169
161
171
158
165
167
166
174
202
214
223
216
200
210
179
164
157
162
144
164
174
154
136
118
120
97
78
68
58
39
37
29
33
36
69
87
88
92
57
29
0
1
-31
-62
-62
-95
-150
-179
-198
-234
-244
-239
-231
-220
-234
-239
-225
-221
-231
-243
-231
-204
-183
-175
-178
-162
-165
-143
-130
-148
-151
-138
-126
-111
-56
-34
-22
31
55
78
79
77
97
108
151
174
195
215
222
208
211
219
219
252
260
258
252
273
281
278
272
265
262
251
285
304
270
248
218
176
133
112
87
75
54
44
33
6
-2
-21
-60
-97
-128
-152
-174
-198
-223
-243
-255
-297
-327
-333
-344
-327
-328
-320
-323
-327
-307
-320
-308
-319
-311
-299
-281
-274
-266
-254
-256
-250
-238
-215
-192
-180
-141
-133
-124
-100
-77
-61
-64
-51
-31
-17
-6
13
39
56
102
115
155
200
217
247
258
260
250
267
281
273
275
279
283
300
309
303
302
306
311
313
313
294
271
265
240
229
211
197
176
166
147
123
128
96
81
63
30
0
-24
-47
-53
-55
-54
-44
-40
-41
-50
-71
-85
-111
-127
-131
-144
-160
-178
-184
-197
-217
-216
-212
-229
-217
-222
-245
-266
-260
-265
-263
-259
-250
-239
-240
-240
-221
-219
-208
-185
-181
-153
-135
-84
-40
-4
17
51
67
90
113
124
131
148
135
134
147
150
149
160
179
181
213
198
175
158
161
176
183
186
191
209
202
210
219
226
208
203
180
161
138
93
67
51
39
14
-2
6
12
16
40
26
17
-12
-31
-26
-7
20
-9
-23
-33
-25
-34
-43
-24
-26
-33
-37
-43
-50
-58
-79
-110
-130
-157
-158
-170
-179
-168
-188
-183
-188
-197
-195
-206
-212
-221
-233
-222
-198
-189
-174
-161
-135
-118
-116
-101
-104
-106
-92
-103
-81
-61
-52
-40
-36
-18
-18
-12
6
19
43
87
126
156
166
162
163
146
146
158
166
156
146
142
149
160
182
193
181
180
176
150
130
132
117
113
77
50
49
29
16
-4
0
1
25
34
20
23
15
17
17
5
-4
-21
-39
-40
-40
-55
-71
-72
-84
-68
-71
-62
-59
-54
-52
-61
-66
-73
-71
-82
-63
-47
-24
3
2
30
25
31
28
27
30
14
-2
-7
15
27
13
21
8
3
14
3
36
38
57
63
57
73
64
51
22
8
13
37
30
29
58
65
51
63
57
33
-2
-12
-14
-6
21
12
25
33
41
39
19
6
-11
-28
-42
-24
-10
-24
-36
-64
-70
-81
-83
-84
-92
-86
-116
-144
-175
-186
-179
-171
-175
-177
-188
-180
-183
-182
-171
-165
-167
-150
-116
-95
-49
-24
15
19
19
37
24
36
43
36
19
21
15
23
49
70
114
112
96
72
54
37
4
2
-1
-9
-1
-5
4
11
-6
-5
13
21
29
46
83
90
82
73
78
101
121
161
193
193
203
213
215
212
200
174
145
145
170
184
207
204
171
149
135
125
130
122
104
86
65
69
56
36
18
-11
-29
-38
-39
-62
-88
-100
-107
-113
-100
-124
-127
-123
-130
-114
-83
-66
-91
-114
-167
-203
-214
-211
-213
-219
-232
-229
-195
-186
-160
-140
-159
-171
-181
-173
-154
-124
-116
-137
-154
-119
-109
-89
-86
-91
-78
-71
-48
-43
-30
-10
34
45
75
101
105
129
144
152
147
129
127
115
86
102
105
104
134
151
166
170
173
172
175
157
163
168
168
156
159
173
178
180
184
185
180
175
156
165
162
144
142
138
118
104
71
40
20
-16
-35
-32
-42
-41
-55
-75
-107
-143
-166
-182
-184
-203
-215
-206
-213
-229
-219
-231
-242
-247
-236
-236
-214
-185
-182
-158
-161
-172
-198
-206
-199
-213
-192
-172
-169
-152
-160
-145
-121
-107
-87
-71
-43
-19
6
20
17
33
50
69
64
59
74
89
119
138
168
193
201
228
228
230
256
269
273
299
296
284
271
259
239
202
189
183
167
153
141
109
107
86
69
43
24
-11
-43
-44
-70
-69
-75
-73
-81
-76
-78
-73
-87
-108
-104
-118
-132
-155
-169
-178
-162
-148
-123
-117
-121
-95
-82
-79
-70
-51
-39
-47
-67
-72
-89
-84
-85
-109
-94
-107
-95
-66
-75
-69
-72
-55
-53
-44
-26
-35
-41
-45
-55
-33
-29
-9
15
23
48
66
90
110
147
187
191
193
204
178
168
173
165
170
180
151
152
153
150
152
130
123
116
111
103
85
66
41
27
9
3
5
13
25
26
27
41
56
43
38
29
22
-2
3
-11
-6
-28
-58
-71
-92
-92
-110
-113
-132
-146
-176
-211
-215
-226
-221
-214
-225
-221
-219
-197
-186
-177
-165
-171
-168
-171
-154
-126
-109
-99
-69
-55
-37
-14
-4
-23
-38
-47
-38
-30
-11
13
23
25
47
67
83
91
92
82
88
110
109
94
90
107
115
120
131
151
159
158
177
185
177
188
192
176
167
158
167
169
157
163
163
155
159
147
129
121
81
61
73
49
49
47
24
23
-13
-34
-33
-40
-74
-100
-123
-150
-152
-141
-140
-132
-121
-95
-95
-98
-80
-93
-112
-131
-137
-124
-138
-144
-137
-135
-131
-115
-110
-101
-74
-82
-83
-74
-71
-72
-70
-66
-73
-77
-68
-65
-51
-32
-25
-20
-11
-6
-7
11
15
25
10
-9
-14
-32
-29
-13
13
23
40
85
80
106
134
109
99
79
39
52
57
62
58
62
67
58
53
55
67
82
105
123
126
132
136
139
149
133
136
115
107
95
80
83
58
31
8
-6
-31
-39
-51
-71
-47
-66
-75
-65
-55
-59
-43
-46
-41
-29
-41
-36
-37
-47
-48
-30
-13
-6
-5
-3
-13
-31
-34
-24
-30
-25
-49
-37
-49
-60
-62
-90
-108
-122
-142
-148
-141
-159
-171
-165
-161
-157
-164
-170
-164
-155
-135
-117
-114
-118
-102
-100
-97
-56
-41
-33
-21
-13
-7
-1
30
66
98
130
132
173
199
210
237
262
274
270
264
246
224
214
197
199
208
177
178
152
126
127
135
110
79
86
91
104
93
78
78
63
60
71
67
73
62
36
31
12
-12
-25
-42
-56
-46
-41
-38
-33
-45
-55
-76
-89
-131
-144
-162
-179
-199
-197
-184
-196
-174
-193
-178
-168
-164
-161
-150
-152
-154
-160
-174
-181
-192
-176
-174
-135
-125
-107
-103
-116
-101
-100
-86
-84
-72
-43
-16
26
59
67
66
73
61
70
79
80
89
80
89
108
129
153
144
148
145
142
153
168
188
175
158
164
136
129
145
147
153
146
149
150
143
140
124
117
114
122
122
126
141
115
99
83
67
37
7
5
-2
-33
-61
-83
-78
-69
-84
-70
-82
-114
-140
-163
-166
-179
-179
-178
-189
-190
-206
-217
-194
-205
-217
-235
-229
-227
-229
-200
-193
-178
-180
-159
-151
-141
-136
-120
-95
-94
-69
-59
-37
-2
41
64
56
71
88
97
104
113
125
121
119
119
135
138
155
143
134
141
136
168
177
179
184
181
181
199
203
218
227
230
220
208
213
214
222
216
198
180
161
141
127
114
93
58
43
-4
-42
-67
-87
-98
-111
-125
-141
-140
-122
-127
-119
-109
-135
-135
-140
-128
-146
-161
-168
-188
-187
-183
-170
-150
-146
-145
-145
-128
-129
-145
-143
-135
-131
-107
-107
-113
-114
-124
-115
-119
-109
-91
-79
-75
-69
-86
-73
-67
-82
-68
-77
-69
-35
-32
-19
6
7
43
62
71
81
86
101
116
118
127
121
131
131
132
124
118
100
101
115
121
131
118
133
131
110
99
105
101
86
85
77
51
55
39
37
39
33
46
63
53
74
95
84
96
82
79
59
52
27
2
-14
-17
-23
-33
-26
-47
-53
-80
-102
-104
-104
-88
-73
-60
-42
-46
-29
-17
1
15
-20
-41
-56
-66
-51
-66
-69
-83
-104
-100
-92
-79
-90
-90
-70
-64
-68
-76
-67
-70
-56
-42
-10
5
5
-37
-57
-51
-54
-53
-51
-8
-1
26
51
75
90
99
103
118
135
142
134
135
161
145
149
129
105
98
67
64
82
81
67
65
61
67
71
67
54
15
2
-7
-24
-19
-25
-37
-54
-68
-68
-57
-66
-66
-80
-82
-87
-89
-84
-100
-103
-99
-93
-98
-93
-94
-111
-125
-133
-136
-138
-137
-140
-112
-79
-60
-52
-45
-22
-35
-29
-46
-37
-25
-27
-7
-1
-8
-1
8
15
38
18
35
30
14
16
30
26
29
33
36
37
36
39
48
81
76
85
87
106
104
99
112
101
88
72
75
82
86
98
112
113
113
123
128
112
93
90
85
76
92
91
87
76
65
63
53
58
65
71
65
61
68
63
64
44
33
16
-23
-55
-79
-104
-114
-101
-85
-71
-71
-78
-82
-110
-122
-149
-179
-178
-197
-196
-190
-177
-167
-154
-135
-118
-113
-106
-87
-70
-53
-36
-39
-26
-23
-22
-28
-27
-18
-21
-25
-19
-15
-14
-3
-15
-19
12
37
52
58
50
56
47
49
62
58
48
52
48
25
25
25
36
56
80
98
106
124
105
111
112
118
135
136
137
126
113
112
118
125
94
81
61
31
24
9
1
-26
-38
-41
-50
-58
-70
-79
-95
-108
-118
-110
-113
-118
-131
-141
-142
-134
-139
-149
-156
-165
-154
-148
-130
-124
-134
-123
-116
-103
-82
-77
-81
-74
-75
-70
-59
-68
-70
-53
-29
-21
-12
-1
-10
-2
9
33
64
87
102
111
136
155
156
160
143
136
149
169
198
198
208
191
177
180
150
133
107
84
83
94
89
75
70
66
77
67
61
54
46
39
31
46
62
57
45
32
12
-9
-25
-29
-33
-33
-29
-35
-40
-41
-65
-98
-111
-111
-114
-107
-108
-98
-86
-78
-64
-63
-62
-67
-72
-71
-68
-80
-72
-77
-76
-62
-62
-64
-82
-104
-122
-122
-124
-115
-109
-101
-116
-108
-102
-115
-122
-122
-108
-86
-71
-51
-35
-15
0
17
56
75
76
100
98
99
120
123
130
123
117
119
137
126
136
154
150
154
144
157
157
140
124
122
119
106
97
74
52
20
3
-12
-18
-6
-19
-27
-28
-33
-24
-8
-6
-6
-2
8
13
28
18
25
33
17
16
-1
-28
-41
-49
-56
-51
-47
-59
-77
-73
-57
-56
-44
-54
-60
-46
-51
-43
-46
-45
-48
-77
-80
-91
-102
-99
-92
-76
-63
-45
-42
-41
-37
-44
-29
-46
-54
-67
-60
-47
-46
-15
-9
-4
4
16
25
37
43
54
53
62
71
86
87
92
97
100
102
97
96
84
88
98
90
87
93
91
71
67
64
56
40
31
36
26
21
11
1
-8
-14
-30
-43
-38
-32
-30
-19
-20
-30
-47
-50
-49
-45
-34
-43
-42
-50
-51
-50
-55
-52
-44
-48
-85
-101
-92
-89
-89
-97
-81
-65
-66
-34
-14
-18
-29
-43
-50
-51
-44
-33
-30
-35
-36
-28
-26
-17
0
18
31
44
41
28
21
14
16
15
33
33
25
7
23
38
38
46
51
39
54
55
65
77
62
54
36
40
40
43
42
44
41
39
52
41
28
16
-7
-17
-15
-2
2
0
6
9
-2
1
-1
-6
2
-13
-17
-9
-31
-36
-27
-18
-8
-6
-3
-24
-28
-24
-13
9
6
0
-10
-23
-25
-29
-52
-60
-77
-81
-90
-93
-88
-78
-64
-51
-35
-21
-26
-43
-43
-38
-50
-35
-19
-10
7
15
35
42
50
56
57
77
91
99
111
122
131
129
134
155
157
155
153
135
122
113
105
106
93
80
72
77
68
69
68
68
60
54
47
27
11
-5
-15
-20
-18
-19
-49
-63
-63
-73
-80
-90
-96
-97
-100
-94
-88
-76
-73
-76
-89
-90
-101
-108
-104
-109
-99
-93
-87
-76
-72
-59
-41
-42
-43
-35
-36
-42
-45
-58
-44
-41
-43
-30
-32
-31
-38
-42
-46
-57
-45
-47
-55
-59
-70
-77
-77
-76
-67
-69
-76
-61
-49
-19
-4
15
27
20
24
33
40
58
54
61
86
90
103
105
95
95
106
122
141
143
155
169
167
169
154
146
128
104
98
92
85
99
95
99
104
107
106
91
84
66
40
17
5
-11
-29
-44
-63
-68
-83
-93
-114
-127
-134
-131
-129
-128
-117
-115
-110
-100
-88
-71
-59
-56
-62
-59
-40
-29
-22
-25
-29
-40
-54
-55
-57
-55
-55
-54
-56
-51
-43
-33
-25
-32
-33
-29
-15
-5
-7
5
16
28
29
27
16
18
26
23
20
4
9
10
20
23
9
15
20
16
16
38
48
38
40
40
47
53
60
61
55
52
57
53
71
78
64
52
58
61
62
63
51
41
28
23
24
26
24
11
-10
-16
-19
-11
-13
-14
-14
-17
-14
-21
-37
-61
-75
-79
-74
-63
-69
-92
-95
-92
-91
-75
-64
-64
-62
-56
-47
-39
-51
-42
-45
-48
-40
-42
-37
-34
-29
-36
-39
-45
-51
-46
-45
-39
-31
-23
-23
-23
-35
-36
-28
-20
-12
-27
-31
-17
-3
11
13
23
21
19
39
37
40
60
71
85
98
99
104
101
104
99
102
106
107
99
88
70
69
75
84
91
90
92
97
99
100
97
82
71
71
75
78
58
38
24
21
29
19
19
9
-11
-8
-13
-17
-13
-20
-12
-17
-24
-31
-40
-35
-23
-22
-14
-22
-20
-15
-38
-40
-27
-22
-24
-28
-36
-28
-25
-25
-25
-35
-41
-48
-50
-49
-44
-34
-33
-21
-20
-20
-13
-26
-39
-37
-41
-47
-65
-71
-75
-79
-74
-69
-65
-60
-58
-60
-46
-39
-33
-19
-20
-27
-20
-17
-26
-24
-16
-21
-27
-19
-15
-8
-2
-9
-2
5
0
-3
-7
-9
12
27
46
44
32
17
18
11
2
7
3
11
4
1
6
4
-10
-17
-18
-15
-3
-5
-12
-17
-19
-19
-14
-11
-2
-12
0
6
11
17
16
10
10
23
11
8
16
11
10
-1
3
8
15
36
40
43
49
46
46
45
48
47
44
46
43
51
55
52
46
48
39
31
29
27
42
24
16
4
-2
2
8
11
11
15
9
7
-1
-11
-18
-17
-10
-2
10
5
4
0
-1
-6
-1
7
-2
1
-1
1
0
7
2
-7
-10
-15
-13
-14
-10
-16
-13
-13
4
13
5
4
3
-1
-3
-8
-12
-21
-33
-41
-47
-42
-37
-38
-42
-43
-46
-37
-30
-34
-46
-60
-67
-68
-55
-48
-46
-46
-39
-41
-39
-39
-24
-14
-10
-6
-5
-11
-7
4
11
15
17
25
16
10
8
10
13
17
23
18
11
-1
-8
-6
5
0
-5
-1
9
20
28
37
46
40
46
50
59
53
57
50
35
27
13
13
16
19
25
23
11
18
9
12
21
20
27
31
28
26
27
22
16
12
-2
-12
-13
-10
-8
-7
-15
-12
-13
-5
4
8
13
18
22
37
38
29
37
36
40
28
25
22
14
8
14
24
19
16
2
-4
-4
-12
-7
-8
-7
-6
-12
-16
-30
-46
-61
-69
-78
-77
-67
-63
-58
-65
-64
-54
-54
-54
-61
-50
-35
-37
-33
-22
-13
-8
-1
10
15
27
35
44
52
55
64
58
58
40
42
43
39
40
40
48
46
47
47
46
40
39
34
36
33
31
33
30
21
21
22
25
25
21
24
20
9
-4
-15
-30
-35
-54
-67
-75
-80
-95
-98
-104
-119
-121
-133
-133
-126
-119
-119
-117
-107
-91
-89
-87
-79
-76
-74
-69
-53
-35
-25
-21
-16
3
10
23
39
41
46
53
48
53
62
54
44
30
39
47
48
50
54
62
57
60
71
71
77
87
86
93
94
87
84
87
90
94
89
90
80
73
57
40
37
24
9
8
3
4
8
7
18
21
27
17
8
-3
-9
-11
-22
-21
-23
-27
-28
-28
-28
-26
-26
-37
-61
-66
-72
-80
-82
-97
-100
-100
-88
-84
-87
-91
-97
-99
-95
-85
-79
-68
-62
-55
-41
-23
2
14
17
21
20
26
34
42
48
56
56
57
65
72
80
89
90
88
87
96
87
83
77
79
85
81
80
77
70
70
60
53
41
27
14
5
8
1
1
-4
-11
-24
-24
-20
-21
-31
-46
-50
-63
-66
-74
-82
-94
-105
-101
-108
-108
-108
-108
-111
-112
-115
-114
-112
-101
-94
-92
-76
-58
-49
-38
-39
-29
-18
-17
-18
-22
-3
11
14
16
19
21
22
17
10
13
22
38
42
54
62
59
60
57
59
51
45
47
57
67
75
88
92
88
75
75
74
77
91
90
100
96
101
98
92
90
85
82
76
71
69
68
52
42
36
32
38
35
23
19
25
23
16
26
15
11
8
0
5
0
-8
-4
-4
-7
-14
-24
-42
-51
-58
-64
-62
-68
-68
-73
-74
-73
-84
-83
-72
-74
-63
-62
-66
-62
-73
-76
-72
-76
-68
-74
-82
-73
-75
-82
-81
-82
-80
-85
-88
-77
-76
-71
-67
-64
-64
-62
-53
-51
-47
-38
-33
-25
-26
-26
-23
-19
-9
9
23
40
54
56
56
60
65
67
72
73
76
74
83
96
95
109
113
113
109
92
84
71
65
48
43
38
38
36
31
33
28
16
10
6
0
-3
2
-3
-2
4
0
-1
-5
-1
4
1
1
-1
-15
-24
-25
-35
-30
-33
-25
-36
-44
-54
-60
-64
-67
-68
-75
-67
-67
-59
-59
-58
-54
-51
-57
-53
-45
-39
-41
-32
-21
-17
3
8
14
13
10
10
14
18
21
25
26
26
25
36
39
40
46
45
49
50
47
51
52
48
54
50
52
55
52
55
47
49
55
45
40
39
36
38
39
38
28
27
22
19
15
10
-1
-3
-2
4
0
-6
-12
-17
-17
-21
-27
-28
-28
-20
-8
-3
7
-8
-5
4
12
16
13
4
-12
-17
-28
-27
-30
-29
-32
-28
-34
-42
-39
-50
-45
-48
-44
-36
-34
-30
-30
-31
-29
-28
-31
-33
-29
-26
-21
-24
-28
-30
-40
-40
-37
-27
-18
-2
-8
-8
-2
-6
-8
-18
-11
-11
-3
5
2
-8
-10
-14
-17
-9
2
12
16
22
29
42
48
50
66
75
76
82
87
79
77
73
72
69
63
65
58
58
61
66
69
67
64
56
57
55
42
25
9
-4
-7
-20
-24
-29
-54
-57
-59
-61
-59
-71
-74
-73
-74
-62
-57
-57
-66
-78
-79
-83
-91
-94
-87
-83
-82
-83
-74
-72
-69
-61
-52
-38
-29
-19
-1
14
29
43
56
68
73
79
76
76
66
59
61
70
81
84
91
96
89
80
70
60
49
30
27
30
32
44
44
48
43
30
25
19
20
12
7
17
22
14
13
4
-6
-13
-15
-7
-7
-21
-30
-40
-42
-48
-49
-51
-58
-70
-76
-75
-75
-76
-80
-80
-83
-80
-80
-80
-77
-80
-80
-72
-58
-44
-54
-49
-42
-49
-49
-61
-60
-56
-54
-43
-32
-29
-23
-24
-22
-1
-3
6
11
5
8
4
15
20
26
25
31
31
39
51
52
57
60
61
66
71
73
70
70
78
75
88
91
75
70
68
75
65
62
51
41
44
44
46
47
45
44
48
39
40
40
31
22
21
24
15
19
21
18
14
22
17
11
4
-3
-10
-15
-7
-17
-29
-45
-52
-58
-61
-65
-66
-74
-82
-88
-105
-108
-114
-116
-101
-97
-86
-79
-80
-83
-85
-81
-72
-72
-75
-67
-63
-59
-45
-30
-25
-23
-11
-8
1
2
9
14
15
25
27
33
36
39
39
49
60
61
66
81
89
96
92
102
110
108
107
98
100
103
104
104
111
113
114
111
