-8
-4
-7
-10
-15
-18
-11
-9
-8
-3
-3
-3
1
4
5
4
5
5
-1
-4
-5
-5
-4
-5
-1
3
5
8
10
4
3
-1
3
7
10
15
14
12
9
5
6
8
6
4
8
10
8
14
11
13
20
21
19
17
18
19
13
11
10
12
11
9
6
6
4
-3
-1
5
5
2
7
10
9
11
12
7
7
6
10
4
-5
-7
-9
-7
-3
-3
-8
-5
-10
-20
-26
-26
-27
-26
-21
-21
-21
-21
-24
-27
-23
-22
-25
-21
-22
-18
-16
-13
-7
-10
-8
-4
-2
0
-3
-1
3
4
4
5
7
6
9
13
20
19
18
16
19
20
18
15
8
2
-2
-5
-3
4
8
12
14
10
11
8
5
9
12
9
13
13
12
9
-4
-6
-7
-9
-12
-6
-1
-2
-1
-3
-4
-3
-5
-8
-5
1
3
0
1
2
1
0
1
-1
3
-2
-3
-4
-6
-3
-4
-6
-8
-12
-18
-18
-18
-18
-13
-5
-1
-3
-7
-11
-10
-10
-9
-4
4
2
5
3
1
1
-5
-6
-7
-5
-2
-3
-6
-5
-3
-1
0
8
15
18
19
18
13
10
8
7
14
10
9
3
3
6
0
9
8
8
5
7
10
7
8
3
-1
2
8
3
-2
-4
-8
-9
-10
-8
-4
0
4
1
1
-4
-9
-4
-2
-4
-4
1
1
-2
1
4
4
3
8
6
6
10
9
3
0
1
-1
1
4
5
-1
-5
-7
-9
-8
-7
-3
-4
-5
-3
-5
-7
-1
2
6
4
4
9
5
4
5
5
7
0
5
2
0
5
3
6
3
4
2
2
0
-3
2
6
7
10
14
11
4
4
0
0
2
-4
1
0
-1
4
-2
0
2
-2
-5
-5
-9
-16
-16
-15
-15
-15
-16
-11
-11
-11
-7
-11
-9
-7
-7
-10
-9
-9
-8
-10
-7
-6
-7
-5
-1
6
8
8
8
10
8
12
12
12
17
15
10
8
10
6
-2
-6
-5
-3
-6
-5
-4
-5
-5
-4
-3
-3
-5
-8
-11
-6
-4
-3
-2
-1
1
4
1
2
3
1
-1
-6
-9
-4
-5
-5
-1
2
5
3
5
4
0
1
3
8
10
10
15
14
14
12
10
9
4
-1
-3
2
-3
-4
-1
0
-1
5
11
9
9
13
11
16
24
21
20
17
15
7
0
-7
-10
-5
-3
-1
-5
-10
-8
-10
-8
-9
-11
-4
-2
-5
-3
-3
-14
-17
-21
-23
-20
-21
-23
-21
-23
-21
-18
-20
-25
-22
-18
-17
-14
-13
-14
-15
-11
-13
-16
-13
-4
4
14
18
21
22
20
19
20
20
18
19
18
16
21
15
13
7
0
0
7
12
14
15
20
21
18
14
10
10
6
7
12
11
14
14
12
7
1
-1
-2
6
1
0
-3
-6
-10
-7
0
2
0
-5
-8
-12
-16
-14
-9
-7
3
5
2
4
-5
-7
-9
-10
-11
-13
-8
-8
-12
-10
-8
-9
-3
2
6
12
8
10
3
1
-1
-4
-7
-10
-13
-18
-16
-16
-13
-11
-6
-1
-4
-1
3
2
-4
-2
-2
-1
3
-1
2
2
1
-1
-6
-2
2
6
11
9
12
10
11
14
12
18
22
23
25
22
16
9
4
5
3
2
8
7
2
-3
-1
-5
-6
-8
-7
-3
-4
-4
-7
-14
-14
-8
-6
-3
2
2
-2
-4
-6
-6
-5
-4
1
-2
0
-3
-6
-3
-3
1
4
8
6
0
-3
-5
-2
-2
-5
-3
-3
-4
-2
-7
-16
-17
-16
-15
-9
-4
-2
-6
-4
-3
-4
2
1
-1
1
-1
-3
-7
-6
-7
-7
-5
-6
-6
-2
2
0
1
5
5
9
10
11
7
8
8
10
11
14
11
8
9
3
-2
2
10
12
19
18
18
18
10
5
0
-6
-5
-9
-4
-6
-14
-16
-15
-8
-10
-7
-6
-3
-7
-6
-5
2
8
9
9
7
3
-2
-5
-5
-4
-2
-2
-4
-1
5
5
9
10
10
13
14
18
16
14
14
6
3
4
1
4
3
1
7
5
5
-3
-5
-8
-8
-11
-14
-15
-17
-18
-24
-23
-18
-15
-12
-12
-11
-12
-14
-10
-10
-11
-11
-13
-16
-17
-22
-25
-25
-23
-16
-14
-7
1
8
4
6
10
18
20
26
29
28
28
17
15
13
15
14
14
13
14
12
15
17
20
28
26
28
27
22
17
16
15
16
16
16
7
9
3
3
4
7
7
6
0
-2
-4
-11
-13
-13
-14
-17
-18
-19
-19
-26
-25
-27
-24
-20
-18
-17
-15
-10
-6
-7
-8
-13
-11
-15
-22
-26
-25
-21
-19
-13
-12
-11
-13
-14
-9
-6
-3
0
7
11
11
15
12
12
12
14
14
15
15
17
14
12
14
13
17
12
10
10
9
9
11
11
4
2
5
0
7
11
11
13
8
7
5
6
7
10
5
3
3
0
-6
-8
-13
-13
-7
-1
8
1
5
4
1
0
-6
-11
-13
-10
-6
-10
-6
-6
-4
-5
-6
-5
-6
-4
-4
-3
-2
4
10
13
14
13
11
5
2
3
0
-2
0
0
-2
-4
-7
-13
-17
-18
-22
-17
-9
-6
-8
-5
-17
-20
-18
-15
-15
-12
-8
-11
-9
-7
-7
-7
-7
-8
-9
-3
-6
-8
-8
-12
-7
0
5
9
13
12
15
15
16
18
17
16
10
10
8
14
17
22
20
18
16
13
7
6
7
8
13
11
12
4
8
11
10
7
2
-1
-2
-1
-4
-8
-10
-12
-16
-17
-16
-14
-12
-11
-6
-2
-5
-8
-2
-2
-3
-2
3
7
5
2
2
1
-2
0
3
6
2
-4
-8
-13
-17
-15
-11
-10
-11
-15
-10
-8
-3
7
6
11
19
20
12
7
13
13
11
12
12
15
15
10
6
3
0
2
3
4
10
14
16
12
10
9
4
4
5
0
2
-3
-6
-7
-11
-11
-7
-4
-8
-13
-12
-10
-12
-18
-15
-13
-18
-24
-22
-16
-14
-8
-5
1
4
2
-1
-3
-4
-8
-3
6
9
10
7
4
5
2
-7
5
16
18
23
30
28
20
16
10
9
10
12
10
14
10
-3
-8
-10
-13
-17
-15
-14
-12
-12
-8
-9
-7
-10
-11
-4
-7
-11
-11
-16
-15
-14
-9
-12
-14
-9
-9
-12
-17
-17
-16
-18
-19
-21
-21
-17
-17
-16
-16
-12
-3
4
12
13
14
15
15
13
16
21
21
26
31
24
17
15
17
16
16
20
22
19
19
23
15
8
9
4
2
5
0
-5
-6
-4
-5
0
5
6
10
9
7
8
8
11
11
8
5
1
-3
-7
-7
-6
-5
-3
-3
-3
-1
0
1
-5
-6
-4
-6
-1
-5
-8
-11
-9
-11
-7
-1
0
5
5
8
10
12
10
7
9
11
9
4
1
-2
-7
-11
-14
-24
-27
-26
-20
-14
-13
-8
-7
-3
-3
3
1
-1
-7
-8
-9
-13
-8
-6
-6
-9
-8
-5
-4
-6
-5
-3
2
8
3
5
8
4
4
2
3
8
8
4
7
7
11
11
13
17
14
10
7
4
1
-6
-3
-3
-7
-6
-5
-4
1
3
0
-5
-5
-2
-5
-8
-6
-11
-15
-17
-17
-11
-11
-10
-15
-10
-6
-13
-19
-15
-11
-12
-8
-9
-9
-8
-7
-5
-1
1
-1
-4
-1
1
0
6
10
11
7
3
-1
1
2
6
13
14
15
14
15
20
21
18
19
27
30
32
37
35
34
30
25
24
21
16
14
11
9
3
-9
-15
-14
-12
0
-1
0
0
-1
-2
-7
-2
-2
-1
-3
-5
-7
-5
-6
-3
-3
-6
-8
-6
-5
-5
-8
-7
-3
-6
-4
-2
-1
1
-5
-7
-12
-6
0
-3
0
-3
-2
-10
-14
-7
-9
-8
-3
0
4
4
7
12
9
8
13
11
9
11
14
14
16
15
10
4
-5
-12
-20
-20
-18
-18
-15
-16
-18
-22
-22
-26
-25
-24
-26
-22
-20
-18
-15
-13
-16
-15
-18
-22
-18
-20
-20
-20
-17
-18
-17
-11
-8
-2
1
3
10
8
10
8
5
14
14
17
19
16
12
7
15
16
21
17
13
13
14
15
14
18
26
28
24
21
19
12
10
12
8
12
17
11
5
5
4
2
6
10
-1
-3
-4
-8
-9
-9
-8
-8
-10
-9
-8
-2
1
-3
-4
-3
2
1
3
11
6
3
2
4
3
9
10
9
9
2
-4
0
4
6
13
18
18
17
20
15
17
18
16
17
18
17
11
6
2
-2
-5
-1
1
1
2
3
-3
2
0
-6
-7
-14
-12
-15
-18
-13
-9
-10
-15
-16
-21
-28
-35
-39
-36
-36
-42
-41
-36
-38
-41
-42
-36
-29
-20
-15
-3
7
9
13
15
17
12
11
16
15
12
4
5
9
8
11
14
11
-3
-6
-1
-8
-14
-5
11
19
18
16
18
4
6
13
17
13
12
23
10
2
5
8
2
-14
-13
0
2
0
1
6
-9
-6
7
6
0
0
10
4
-13
-26
-22
-30
-53
-59
-59
-50
-59
-58
-45
-29
-17
3
26
45
47
58
69
62
51
50
49
41
43
46
36
13
3
-5
-9
-17
-8
-14
-19
-14
-19
-24
-38
-42
-38
-24
-21
-18
10
26
31
36
45
39
37
39
29
29
28
25
22
10
2
3
5
0
-6
-1
11
12
13
18
22
19
30
37
39
29
18
14
4
-1
-16
-12
-14
-26
-21
-18
-31
-36
-29
-20
-12
-4
5
11
-3
5
15
7
-1
-8
-9
-25
-37
-40
-41
-37
-51
-57
-46
-55
-50
-45
-39
-28
-33
-28
-18
-11
-17
-17
-20
-23
-17
-2
-3
-7
-4
-3
-5
4
13
14
31
34
16
-7
-13
-4
2
5
19
27
28
30
41
37
36
41
36
37
34
24
27
17
3
6
8
14
-2
-11
-20
-12
-19
-13
3
-4
-6
0
7
0
-10
3
8
-2
-3
3
8
7
-6
-12
-11
-7
5
-5
-9
-5
1
8
12
0
-6
0
4
-13
-17
-13
-17
-5
-3
-1
2
8
8
19
37
43
56
60
69
64
57
53
57
63
72
73
61
73
67
62
60
56
48
37
36
30
15
-8
-30
-32
-53
-78
-85
-85
-77
-87
-84
-84
-88
-91
-99
-99
-118
-168
-239
-295
-308
-343
-365
-388
-399
-387
-360
-306
-258
-199
-112
-30
65
147
249
346
442
503
511
549
615
676
687
652
604
575
558
491
397
336
283
217
101
-18
-102
-170
-225
-352
-434
-472
-447
-435
-506
-479
-415
-359
-312
-229
-124
-94
-38
52
100
85
89
215
238
178
149
230
269
160
107
139
118
26
-57
-100
-127
-178
-233
-287
-347
-358
-345
-353
-380
-340
-249
-225
-256
-200
-91
-4
3
35
104
140
174
216
235
267
282
314
119
-140
-397
-431
-445
-701
-890
-877
-716
-737
-791
-716
-615
-426
-189
-37
38
121
455
736
785
690
874
1221
1389
1362
1345
1463
1562
1578
1502
1332
1190
1126
1055
724
348
186
61
-205
-545
-714
-716
-798
-907
-1002
-981
-1005
-980
-817
-787
-775
-684
-477
-316
-277
-154
-50
64
155
222
313
391
553
665
690
690
744
751
672
558
466
381
195
-38
-241
-350
-473
-674
-816
-901
-956
-996
-979
-867
-757
-647
-574
-552
-548
-509
-445
-464
-410
-246
-129
-105
-120
-115
-46
16
19
43
74
157
285
293
64
-344
-821
-903
-886
-1168
-1668
-1855
-1620
-1457
-1414
-1338
-1084
-575
62
525
677
816
1460
2261
2543
2293
2318
2900
3354
3118
2621
2428
2639
2831
2642
2092
1776
1739
1758
1274
517
47
-74
-276
-905
-1540
-1877
-1969
-2043
-2212
-2393
-2531
-2489
-2174
-1990
-2006
-2046
-1763
-1218
-970
-909
-931
-326
306
530
591
909
1442
1810
1873
1863
1787
1833
1703
1416
1007
651
561
297
-122
-473
-613
-733
-1047
-1478
-1670
-1581
-1688
-1869
-1873
-1773
-1504
-1266
-1114
-919
-557
-150
147
304
581
975
1232
1116
961
1005
1137
956
495
312
377
436
-52
-622
-955
-1028
-1068
-1608
-1941
-1916
-1559
-1503
-1698
-1711
-1444
-1190
-971
-770
-469
-204
153
643
954
1198
1748
2407
2827
2973
3062
3331
3550
3538
3314
3093
2761
2292
1830
1273
725
307
-69
-439
-976
-1383
-1488
-1657
-1823
-2050
-2137
-2176
-2129
-1926
-1716
-1483
-1314
-1112
-863
-797
-713
-400
-55
240
162
407
828
1030
1129
1216
1422
1403
1172
1000
812
657
550
391
43
-361
-513
-534
-760
-1124
-1176
-1021
-1155
-1449
-1554
-1377
-1377
-1440
-1329
-1148
-1015
-800
-466
-210
-82
225
506
755
681
654
771
810
915
998
920
-17
-874
-1238
-671
-746
-1462
-1898
-1581
-841
-806
-1067
-992
-795
-175
116
-62
-493
-150
937
1328
865
566
1659
2844
2898
2383
2284
3046
3489
3268
2556
1977
1948
1802
1299
205
-433
-461
-416
-872
-1429
-1420
-1136
-1028
-1078
-1119
-1179
-1171
-946
-734
-1300
-1908
-1920
-1405
-1346
-2248
-2208
-1671
-804
-822
-887
-228
439
1045
1461
1500
1527
1842
2394
2037
1195
1197
1619
1505
494
269
706
756
307
-97
201
359
43
-465
-793
-1005
-1238
-1360
-1650
-1900
-1719
-1368
-1587
-1886
-1348
-333
-33
-412
-331
480
767
439
209
452
734
441
103
-21
-151
-383
-901
-1263
-1413
-1428
-1326
-1438
-1398
-1052
-694
-702
-1086
-939
-227
165
-94
-464
110
981
1225
996
1013
2068
2876
2910
2538
2572
3335
3590
3052
2130
1890
2140
1746
860
153
139
125
-451
-1054
-1149
-934
-969
-1259
-1468
-1518
-1634
-1863
-2114
-2283
-2257
-2472
-2503
-2317
-1997
-1614
-1497
-902
-194
394
849
1256
1744
1981
2217
2313
2120
2002
1930
1886
1413
1059
835
703
438
-106
-322
-214
-238
-507
-750
-869
-1011
-1265
-1574
-1679
-1510
-1246
-1196
-1468
-1268
-784
-393
-208
-163
206
293
296
144
222
377
185
-3
-15
-122
-423
-1187
-1548
-1710
-1585
-1621
-1945
-1836
-1412
-674
-656
-865
-919
-556
-150
-64
-255
-312
52
514
775
948
1331
2314
3259
3603
3597
3851
4330
4504
4049
3311
2759
2430
1925
1341
554
8
-243
-557
-932
-1201
-1132
-914
-810
-824
-1030
-1160
-1163
-1270
-1433
-1986
-2319
-2444
-2428
-2830
-3044
-2901
-2349
-1865
-1834
-1136
-328
378
899
1397
1792
1877
2118
2347
1839
1491
1437
1546
787
76
38
392
298
-365
-507
-314
-271
-544
-872
-933
-1152
-1259
-1507
-1756
-1917
-1744
-1459
-1573
-1592
-1113
-379
-196
-309
-19
590
827
672
784
1136
1221
997
914
1041
1377
1372
820
-3
-360
145
-46
-946
-1685
-1374
-750
-1092
-1927
-1983
-1445
-915
-998
-921
-781
-176
693
1075
1109
1318
2336
3270
3160
2810
3045
3609
3479
2826
2279
2019
1723
1170
705
325
77
-149
-417
-819
-1201
-1193
-1204
-1588
-2082
-2311
-2439
-2896
-3191
-3152
-3076
-3090
-3046
-2318
-1708
-1331
-826
-56
655
1000
1363
1881
2491
2744
2814
2831
2877
2832
2602
2373
2176
1898
1537
1180
725
330
209
-126
-804
-1374
-1607
-1716
-1974
-2239
-2382
-2463
-2391
-2251
-1977
-1693
-1374
-995
-692
-512
-361
75
421
448
450
456
476
284
75
325
474
564
48
-613
-791
-711
-448
-990
-1513
-1649
-1273
-999
-1247
-1451
-1293
-907
-494
-414
-242
1
831
1724
1992
1982
2267
3290
4069
4004
3544
3520
3828
3655
3073
2294
1846
1561
1197
570
-289
-628
-706
-966
-1629
-2147
-2048
-1651
-1645
-2026
-2294
-2306
-2174
-2419
-2517
-2721
-2709
-2696
-2345
-2035
-1912
-1469
-764
-258
-153
270
1094
1869
1965
1942
2066
2201
1926
1607
1440
1427
946
448
288
189
303
176
-96
-319
-382
-217
-313
-592
-735
-546
-675
-1143
-1390
-1195
-1052
-1194
-1399
-1349
-1127
-891
-555
-247
41
191
343
328
349
544
854
869
617
549
953
1184
575
-122
-534
-228
-457
-1231
-1720
-1460
-893
-915
-1337
-1386
-990
-225
149
181
297
744
1681
2011
1889
1882
2583
3198
3048
2604
2493
2843
2870
2453
1798
1336
1253
1059
677
136
-161
-217
-469
-916
-1272
-1345
-1250
-1595
-1978
-2289
-2384
-2493
-2619
-2617
-2661
-2591
-2378
-2058
-1565
-1139
-491
110
541
898
1302
1751
1860
1787
1850
1988
1942
1577
1284
1139
1091
1042
794
408
117
59
-59
-435
-924
-1097
-1043
-1264
-1783
-2072
-1981
-1947
-2142
-2234
-1955
-1635
-1473
-1329
-1041
-592
-254
13
114
243
498
748
830
656
628
812
936
965
829
479
109
-203
-73
-105
-509
-949
-747
-374
-401
-760
-742
-474
-255
-33
91
280
656
1263
1694
1905
2065
2615
3316
3422
3006
2682
2630
2456
1907
1352
765
324
38
-225
-527
-917
-1108
-914
-826
-877
-1082
-1011
-955
-957
-1258
-1643
-1905
-2020
-1964
-2409
-2652
-2647
-2094
-1669
-1480
-1152
-431
391
672
890
1294
1919
2245
2108
1788
1688
1612
1583
1008
643
580
619
329
49
201
461
438
68
43
43
18
-294
-636
-877
-1273
-1541
-1915
-2007
-1969
-1879
-1860
-1881
-1628
-1206
-746
-465
-225
42
219
222
150
229
486
404
231
156
488
821
991
753
436
314
654
942
478
3
-82
193
-24
-468
-624
-444
-227
-239
-242
-134
181
827
1214
1237
1158
1513
2146
2165
1774
1426
1460
1343
862
406
47
-121
-297
-353
-513
-575
-454
-355
-333
-534
-459
-436
-686
-1009
-1421
-1661
-1979
-2254
-2351
-2312
-2125
-1975
-1506
-823
-290
251
834
1392
1729
1865
1994
2135
2068
1901
1864
1597
1133
836
809
828
740
538
604
821
826
647
431
308
90
-266
-739
-1318
-1678
-1784
-1991
-2452
-2733
-2426
-1984
-1894
-1815
-1445
-751
-355
-300
-218
178
394
390
113
-252
-280
-332
-214
-373
-191
-305
-426
-450
-119
414
382
277
413
897
1165
752
437
499
442
266
-37
-70
164
738
1225
1392
1524
2004
2753
2995
2673
2238
2213
2171
1647
941
211
-129
-558
-1056
-1379
-1590
-1438
-1125
-749
-589
-517
-185
-20
82
-270
-493
-794
-1110
-1250
-1493
-1838
-2019
-2016
-1686
-1731
-1498
-856
-216
247
366
966
1452
1782
1576
1559
1544
1439
938
566
374
232
-32
-137
-114
201
398
503
398
332
442
389
26
-429
-639
-860
-1374
-1958
-2273
-2092
-2060
-2161
-2023
-1682
-1175
-739
-214
150
351
568
666
748
797
777
729
613
373
369
448
820
900
841
591
694
1040
956
590
328
303
211
-301
-813
-851
-942
-922
-1077
-1064
-1170
-913
-512
-122
157
333
869
1345
1431
1396
1394
1443
1322
1032
863
850
814
855
769
664
585
641
651
376
34
21
-108
-444
-970
-1395
-1556
-1788
-1878
-2034
-1921
-1721
-1277
-776
-375
-38
464
890
1068
1101
1183
1439
1419
1161
1164
1215
887
628
708
974
988
812
869
958
964
782
564
278
61
-267
-778
-1408
-1919
-2020
-2285
-2706
-2990
-2743
-2265
-2141
-2022
-1540
-927
-512
-369
-52
354
628
597
382
135
82
171
267
311
385
412
289
102
163
546
617
355
61
251
331
30
-330
-458
-596
-724
-888
-848
-745
-465
-60
348
715
1081
1712
2287
2523
2366
2210
2121
1883
1575
1200
824
427
158
28
-110
-179
-8
214
203
104
262
555
450
97
-485
-627
-850
-1334
-1684
-1899
-2014
-2025
-2042
-1758
-1441
-1068
-387
-111
311
600
1204
1557
1559
1391
1363
1354
1200
957
859
740
588
421
428
648
716
653
464
409
191
-132
-505
-892
-1226
-1694
-2254
-2713
-2873
-2738
-2538
-2505
-2407
-1975
-1375
-780
-342
125
584
766
797
809
867
1070
1061
1076
945
841
1038
1466
1729
1573
1248
1077
1152
1058
782
379
181
15
-568
-1242
-1674
-1820
-1889
-1856
-1784
-1749
-1463
-940
-318
41
366
862
1253
1453
1531
1584
1652
1435
1081
769
674
708
844
896
829
864
1071
1216
1107
887
719
449
-84
-607
-1115
-1494
-1899
-2168
-2238
-2138
-1905
-1651
-1277
-814
-435
-100
379
888
1231
1384
1439
1570
1596
1448
1250
1073
920
860
864
856
795
804
812
880
764
561
266
-86
-460
-884
-1328
-1829
-2203
-2523
-2760
-2922
-2796
-2473
-2053
-1769
-1405
-903
-422
-27
185
330
407
372
275
228
289
287
348
431
561
585
469
480
822
1127
1226
923
586
551
440
87
-522
-1115
-1466
-1482
-1576
-1656
-1621
-1139
-346
319
545
952
1790
2575
2781
2460
2289
2310
2262
1796
1219
844
636
537
288
142
219
506
721
700
585
658
751
696
309
-266
-655
-958
-1131
-1554
-2149
-2408
-2478
-2274
-2177
-1988
-1482
-848
-162
86
268
718
1107
1176
954
731
670
731
583
203
122
47
7
-51
41
334
504
432
262
81
-95
-364
-751
-1146
-1625
-2127
-2428
-2551
-2468
-2301
-2033
-1776
-1455
-896
-322
66
514
856
1062
1161
1003
968
958
1054
1105
995
892
1015
1418
1871
1984
1949
1680
1556
1478
1232
919
401
-136
-703
-1252
-1642
-1874
-2135
-2210
-2123
-1830
-1569
-1301
-716
139
723
836
978
1486
2019
1923
1587
1359
1298
1067
697
532
707
884
839
777
824
1090
1240
1088
822
541
149
-222
-903
-1471
-1941
-2230
-2386
-2582
-2426
-2111
-1781
-1463
-973
-404
10
378
698
985
1213
1375
1591
1513
1301
1075
971
805
638
732
840
853
688
629
652
464
176
-68
-302
-817
-1490
-2017
-2266
-2434
-2654
-2708
-2562
-2198
-1826
-1421
-986
-515
-56
296
492
685
844
855
597
338
327
322
427
407
571
527
358
191
480
878
792
610
519
710
605
145
-252
-526
-817
-1102
-1387
-1384
-1140
-670
-348
-100
227
974
1848
2330
2570
2612
2688
2648
2395
2034
1617
1145
625
271
-104
-533
-689
-547
-410
-506
-602
-391
-107
-158
-364
-632
-795
-821
-1122
-1421
-1870
-2028
-2080
-2060
-2111
-1918
-1512
-940
-591
-207
158
674
1104
1343
1330
1305
1357
1220
1180
1055
1057
799
521
340
330
374
354
189
172
50
-138
-434
-594
-700
-1005
-1449
-1706
-1679
-1439
-1347
-1307
-1065
-718
-403
-223
1
443
797
903
812
732
843
975
988
823
710
683
744
855
1104
1432
1490
1213
801
477
396
190
-493
-1148
-1679
-1867
-2115
-2381
-2503
-2306
-2029
-1814
-1661
-1430
-786
33
565
656
793
1215
1874
1962
1676
1557
1588
1550
1308
1242
1368
1468
1294
1032
1034
1062
1082
1006
701
446
82
-309
-732
-973
-1396
-1693
-2093
-2211
-2061
-1940
-1639
-1473
-1068
-678
-344
-53
396
738
1006
1053
1093
1157
1320
1182
1133
952
940
1024
1004
944
830
888
716
396
118
-167
-320
-640
-1066
-1570
-1826
-1953
-2107
-2205
-2136
-1869
-1611
-1459
-1148
-744
-301
-84
0
121
164
178
17
67
225
270
299
560
821
1156
1102
1001
978
1207
1259
1041
681
431
332
-46
-643
-1188
-1602
-1841
-1990
-1991
-1743
-1447
-965
-414
297
828
1264
1802
2340
2506
2315
2111
2149
2039
1621
1097
635
443
387
87
-155
-120
197
381
251
237
428
558
282
-173
-333
-487
-840
-1373
-1779
-1929
-2175
-2275
-2166
-2014
-1747
-1519
-939
-524
-300
-85
424
880
1092
1155
1337
1540
1460
1368
1399
1384
1123
850
724
788
738
550
302
19
-168
-356
-711
-1055
-1367
-1602
-1872
-2058
-1947
-1710
-1485
-1427
-1333
-893
-512
-302
-98
58
215
211
204
397
502
716
878
943
1041
1177
1572
1952
2138
2204
2140
1853
1250
548
197
-160
-674
-1479
-2018
-2137
-2056
-2162
-2392
-2356
-2028
-1653
-1313
-1060
-536
154
536
713
726
1003
1449
1701
1471
1240
1221
1367
1472
1583
1686
1809
1837
1791
1721
1590
1403
1266
846
234
-283
-726
-916
-1323
-1702
-2115
-2362
-2437
-2462
-2197
-2036
-1850
-1482
-1189
-796
-361
59
426
647
905
1086
1358
1534
1577
1528
1553
1526
1496
1474
1398
1272
1029
722
419
189
48
-304
-847
-1335
-1593
-1720
-1862
-1938
-1885
-1678
-1573
-1392
-1055
-701
-374
-390
-469
-393
-376
-364
-439
-393
-305
-199
-25
174
609
1198
1608
1799
1990
1926
1793
1312
994
612
59
-815
-1584
-1938
-2167
-2516
-2858
-2948
-2735
-2409
-1959
-1365
-719
110
702
1223
1572
2030
2333
2539
2360
2049
1819
1695
1538
1221
1106
1029
974
1095
1203
1419
1486
1510
1467
1318
1083
741
499
233
-178
-657
-1197
-1566
-1841
-2089
-2185
-2305
-2206
-1999
-1709
-1445
-1241
-805
-442
-45
256
557
914
1231
1322
1350
1330
1330
1311
1191
1131
1107
936
693
435
278
128
-192
-594
-926
-1083
-1380
-1738
-2015
-2063
-2033
-2101
-2085
-1943
-1675
-1407
-1238
-1028
-699
-312
-140
-105
101
453
740
954
1103
1306
1547
1660
1791
1920
2025
2109
1971
1895
1649
1196
680
-15
-560
-1013
-1478
-2022
-2260
-2274
-2250
-2355
-2379
-2249
-1803
-1327
-952
-798
-571
-64
479
708
725
1068
1502
1823
1652
1688
2049
2436
2455
2244
2268
2500
2587
2266
1929
1702
1497
1139
535
20
-414
-775
-1333
-1995
-2385
-2435
-2581
-2741
-2751
-2534
-2237
-2090
-1733
-1159
-540
-111
204
549
885
1109
1251
1340
1290
1301
1459
1574
1563
1572
1608
1557
1228
922
790
670
353
-119
-569
-939
-1202
-1458
-1654
-1871
-2128
-2251
-2311
-2202
-1967
-1598
-1333
-1293
-1285
-1166
-897
-629
-331
-54
70
234
542
947
1377
1578
1809
2104
2377
2480
2588
2450
1976
1296
454
-116
-791
-1329
-1998
-2419
-2755
-2899
-2954
-2799
-2497
-1934
-1431
-1013
-587
-152
358
666
859
855
980
1158
1373
1368
1411
1467
1661
1981
2122
2265
2448
2736
2866
2748
2586
2384
2165
1730
1146
466
-79
-541
-1080
-1612
-2210
-2544
-2740
-2714
-2584
-2437
-2110
-1779
-1404
-1164
-890
-661
-383
-154
107
236
425
703
1054
1204
1319
1434
1630
1683
1629
1640
1631
1492
1124
765
419
-32
-503
-941
-1326
-1701
-2040
-2356
-2501
-2446
-2384
-2339
-2297
-2075
-1753
-1506
-1230
-951
-619
-213
44
411
775
1245
1600
1749
1907
2140
2164
2077
2054
1989
1856
1596
1391
1132
917
383
-136
-877
-1210
-1533
-1903
-2172
-2444
-2437
-2339
-2326
-2408
-2334
-2199
-1735
-1451
-1145
-1074
-635
-36
400
422
774
1445
2168
2506
2466
2759
3178
3434
3373
3207
3086
2864
2422
1830
1398
1006
585
-51
-645
-1044
-1255
-1412
-1725
-2122
-2324
-2388
-2389
-2187
-2025
-1772
-1673
-1497
-1240
-1086
-778
-463
-146
72
236
532
937
1277
1591
1805
1972
2000
2043
2139
2199
2101
1769
1414
967
589
208
-172
-664
-1072
-1428
-1721
-1981
-2108
-2095
-2074
-2226
-2279
-2057
-1800
-1616
-1418
-1162
-886
-696
-365
-20
400
775
1036
1293
1456
1716
1971
2107
2038
1800
1612
1553
1326
1136
695
236
-381
-1004
-1351
-1716
-1842
-2207
-2417
-2538
-2426
-2343
-2259
-2205
-2025
-1800
-1473
-1303
-990
-510
53
422
678
1178
1725
2379
2687
2996
3283
3519
3609
3563
3555
3422
3217
2798
2366
1882
1350
759
86
-506
-939
-1176
-1365
-1554
-1756
-1892
-2072
-2089
-2234
-2215
-2200
-2111
-1982
-1915
-1767
-1629
-1372
-1109
-786
-537
-178
290
731
1138
1428
1707
1937
2073
2008
2076
2011
1811
1432
1049
614
135
-344
-794
-1172
-1550
-1830
-2077
-2249
-2450
-2417
-2386
-2207
-1984
-1675
-1269
-828
-310
160
579
810
1003
1096
1195
1266
1319
1387
1263
1077
960
980
983
923
835
765
791
816
842
906
643
248
-255
-723
-1102
-1694
-2138
-2611
-2831
-2953
-2979
-2978
-2851
-2549
-1944
-1384
-805
-229
463
1223
1719
2057
2474
2928
3119
3172
3185
3258
3229
3152
2925
2610
2342
1995
1608
1193
878
585
213
-102
-540
-849
-1163
-1500
-1787
-1913
-2028
-2162
-2316
-2306
-2259
-2234
-2099
-1895
-1602
-1359
-1170
-915
-509
-90
267
576
896
1250
1577
1843
2023
2272
2340
2272
2095
1953
1717
1378
992
466
-92
-704
-1285
-1747
-2072
-2347
-2546
-2733
-2843
-2707
-2351
-2029
-1670
-1277
-869
-478
-170
150
463
744
886
1003
1074
1134
1237
1296
1374
1347
1301
1278
1338
1422
1548
1639
1605
1452
1166
882
341
-201
-881
-1416
-2119
-2701
-3053
-3263
-3329
-3473
-3518
-3222
-2767
-2235
-1611
-1090
-394
221
842
1320
1664
2059
2469
2628
2708
2839
2980
2949
2813
2643
2473
2314
2120
1870
1673
1425
1167
829
508
154
-203
-598
-963
-1305
-1659
-2005
-2325
-2525
-2742
-2870
-2946
-2731
-2599
-2299
-1946
-1559
-989
-414
183
723
1242
1700
2172
2404
2611
2725
2853
2779
2622
2409
2193
1889
1419
987
559
97
-355
-726
-1048
-1310
-1533
-1681
-1788
-1883
-1985
-1990
-1966
-1947
-1795
-1606
-1454
-1281
-1009
-652
-433
-221
15
291
436
522
619
842
1042
1082
1108
1103
1139
1174
1155
1104
1078
1001
946
712
412
18
-476
-1010
-1601
-2002
-2376
-2661
-2899
-2865
-2653
-2444
-2137
-1721
-1285
-767
-280
280
781
1272
1727
1972
2224
2419
2583
2611
2573
2439
2406
2419
2334
2129
1944
1842
1714
1492
1218
919
553
193
-201
-691
-1142
-1640
-2059
-2432
-2800
-3099
-3257
-3193
-3074
-2742
-2454
-1990
-1531
-930
-387
48
591
971
1359
1604
1819
2094
2371
2525
2609
2505
2465
2344
2212
2014
1883
1679
1412
1054
596
120
-368
-757
-1218
-1680
-2090
-2418
-2626
-2851
-3031
-3062
-2879
-2609
-2213
-1708
-1232
-741
-324
54
396
698
945
1230
1457
1605
1616
1699
1741
1725
1718
1617
1350
1084
842
527
222
-131
-344
-610
-910
-1331
-1730
-2089
-2469
-2831
-3166
-3284
-3170
-2926
-2621
-2273
-1831
-1299
-772
-255
254
750
1238
1806
2236
2547
2844
3092
3295
3316
3160
3075
3128
3098
2900
2677
2376
2089
1635
1139
659
173
-334
-842
-1280
-1746
-2069
-2373
-2632
-2795
-2842
-2819
-2603
-2328
-1981
-1563
-1068
-438
153
667
1074
1426
1708
1878
1851
1798
1816
1884
1874
1743
1647
1524
1420
1320
1189
1005
796
480
65
-395
-884
-1297
-1851
-2447
-2896
-3219
-3341
-3420
-3403
-3152
-2774
-2268
-1732
-1209
-714
-224
353
852
1283
1499
1755
1926
1940
1974
1901
1827
1762
1619
1518
1393
1207
1031
794
541
276
-71
-440
-822
-1111
-1356
-1601
-1923
-2246
-2511
-2693
-2880
-3056
-3075
-2808
-2355
-1900
-1357
-840
-343
121
665
1103
1421
1718
2041
2412
2526
2507
2553
2717
2741
2468
2229
2102
2034
1766
1423
1143
910
638
297
-33
-307
-493
-657
-899
-1210
-1412
-1496
-1518
-1510
-1408
-1371
-1222
-1044
-743
-396
-118
216
564
842
1083
1255
1469
1726
1855
1924
1928
1902
1763
1555
1299
1062
755
518
251
-97
-506
-913
-1256
-1639
-2022
-2235
-2412
-2523
-2587
-2498
-2297
-2029
-1665
-1346
-1089
-812
-542
-205
99
358
561
778
940
1046
1241
1380
1450
1428
1376
1314
1279
1110
870
597
311
27
-298
-619
-942
-1233
-1469
-1628
-1712
-1754
-1783
-1735
-1763
-1773
-1711
-1584
-1370
-1277
-1069
-877
-643
-366
-80
240
612
898
1237
1428
1575
1697
1884
1933
1803
1655
1643
1820
1765
1570
1361
1321
1308
1199
982
738
683
552
354
65
-189
-302
-468
-666
-895
-980
-966
-919
-917
-930
-763
-558
-312
-65
72
283
356
590
654
658
611
623
698
621
485
347
305
198
59
-23
-99
-164
-202
-271
-344
-436
-496
-572
-672
-902
-1032
-1123
-1194
-1236
-1251
-1219
-1159
-1071
-867
-637
-337
-73
238
496
654
832
949
1096
1216
1253
1241
1094
904
766
555
330
44
-203
-430
-632
-805
-965
-1138
-1212
-1255
-1174
-1026
-933
-824
-790
-656
-599
-624
-659
-698
-654
-765
-840
-853
-803
-694
-558
-320
-66
206
504
648
776
886
1151
1455
1571
1614
1608
1647
1593
1415
1215
1175
1130
1005
879
806
704
555
449
281
148
132
87
-23
-182
-201
-93
-107
-159
-126
-5
128
232
256
306
314
279
136
-25
-77
-197
-274
-361
-466
-571
-655
-635
-541
-436
-274
-189
-94
-91
-123
-135
-214
-288
-362
-443
-546
-668
-828
-895
-944
-917
-830
-778
-615
-423
-140
131
292
447
567
715
739
771
761
697
628
437
159
-66
-207
-309
-487
-660
-763
-777
-738
-733
-646
-580
-399
-266
-304
-313
-258
-141
-97
-88
-100
-83
-169
-293
-411
-443
-498
-551
-566
-502
-326
-200
-85
58
290
465
512
552
636
765
826
784
731
756
942
1076
1071
1054
1068
1129
1186
1105
965
891
828
759
679
607
520
478
386
233
138
-31
-152
-200
-197
-187
-231
-260
-346
-483
-585
-637
-658
-700
-713
-709
-666
-672
-654
-652
-596
-492
-344
-114
-30
31
128
245
367
436
495
481
388
266
150
65
-95
-230
-265
-285
-286
-264
-163
-114
-107
-39
-38
-54
3
94
108
38
6
-96
-180
-261
-422
-484
-610
-733
-791
-753
-606
-469
-434
-370
-340
-342
-275
-254
-268
-334
-343
-299
-278
-229
-150
-59
-70
-135
-171
-109
-65
-133
-246
-321
-251
-229
-261
-358
-415
-320
-196
-192
-113
71
293
558
742
872
1075
1317
1446
1473
1554
1684
1730
1715
1595
1411
1282
1166
1027
837
694
622
520
430
267
82
-140
-283
-426
-538
-699
-825
-889
-1070
-1194
-1250
-1236
-1218
-1187
-1128
-986
-831
-655
-419
-127
140
366
498
653
867
1026
1137
1115
1008
871
762
539
352
164
2
-121
-313
-443
-528
-568
-659
-747
-727
-708
-651
-658
-698
-715
-729
-745
-780
-798
-817
-783
-709
-675
-582
-451
-396
-308
-222
-102
50
193
307
366
466
499
491
442
402
341
276
248
241
214
159
34
-146
-316
-487
-605
-771
-885
-977
-1006
-949
-906
-783
-584
-384
-163
79
262
430
629
826
943
984
1045
1124
1253
1314
1320
1369
1440
1487
1453
1352
1329
1340
1356
1267
1137
1017
879
732
481
189
-66
-366
-696
-952
-1134
-1219
-1376
-1473
-1470
-1408
-1272
-1140
-925
-673
-438
-191
32
178
262
331
389
369
336
355
420
470
484
533
541
468
384
377
355
308
227
42
-138
-315
-491
-673
-875
-1049
-1165
-1259
-1310
-1289
-1197
-1022
-952
-870
-720
-519
-335
-195
-67
103
224
347
429
496
543
500
382
283
238
227
278
259
235
212
160
77
-14
-85
-134
-211
-374
-519
-580
-644
-741
-882
-974
-957
-845
-720
-602
-459
-293
-37
175
386
621
799
923
981
1049
1225
1366
1436
1493
1566
1684
1755
1700
1631
1476
1291
1133
925
744
538
335
96
-149
-386
-557
-657
-723
-760
-841
-849
-809
-746
-657
-601
-569
-542
-522
-429
-391
-360
-359
-387
-400
-386
-365
-358
-320
-308
-245
-134
32
124
224
348
432
468
335
164
38
-100
-264
-492
-693
-771
-813
-859
-869
-844
-780
-645
-440
-215
81
336
474
590
694
697
655
611
518
348
186
47
-97
-207
-391
-516
-535
-484
-382
-308
-216
-194
-135
-48
-55
-74
-135
-232
-324
-474
-548
-571
-562
-571
-599
-580
-522
-424
-309
-152
74
344
602
794
1030
1225
1335
1392
1426
1470
1465
1404
1336
1238
1158
1080
929
773
605
425
271
118
-24
-94
-176
-171
-187
-224
-276
-313
-396
-448
-463
-412
-342
-326
-300
-339
-339
-334
-346
-353
-369
-381
-417
-399
-419
-466
-507
-555
-557
-557
-493
-441
-335
-258
-211
-136
-166
-154
-165
-197
-245
-272
-346
-399
-301
-279
-222
-135
-74
59
177
293
429
575
678
733
730
691
654
569
401
204
15
-155
-312
-406
-532
-640
-746
-834
-853
-823
-741
-676
-579
-464
-326
-183
-51
27
72
55
64
49
30
52
75
132
215
285
346
419
495
586
641
717
780
796
880
899
916
843
670
551
437
304
220
110
-26
-109
-178
-217
-198
-182
-158
-64
-21
122
262
373
448
500
517
509
501
441
385
321
288
197
73
-61
-150
-284
-382
-486
-622
-703
-753
-816
-867
-957
-1072
-1132
-1205
-1214
-1188
-1090
-998
-869
-687
-488
-258
-59
116
291
441
619
804
924
1037
1144
1228
1265
1205
1101
983
832
687
534
346
193
82
-65
-186
-281
-395
-548
-739
-897
-971
-1052
-1140
-1205
-1274
-1328
-1347
-1314
-1219
-1016
-774
-553
-266
-28
183
447
664
861
1034
1184
1300
1381
1403
1330
1214
1084
981
877
734
573
415
251
93
-48
-169
-256
-386
-474
-577
-639
-623
-610
-572
-563
-520
-435
-360
-273
-175
-26
115
264
375
529
665
745
837
832
854
844
843
778
696
557
412
295
180
35
-200
-488
-732
-968
-1228
-1459
-1663
-1747
-1816
-1817
-1784
-1678
-1555
-1385
-1167
-864
-498
-160
156
422
674
899
1128
1309
1475
1609
1656
1647
1577
1451
1309
1130
958
762
598
431
255
123
38
-55
-192
-333
-529
-707
-870
-1005
-1184
-1366
-1439
-1475
-1462
-1368
-1221
-1015
-821
-589
-316
-1
342
664
1006
1306
1522
1736
1860
1890
1842
1712
1598
1474
1268
1074
849
572
303
21
-225
-574
-857
-1116
-1375
-1511
-1600
-1622
-1619
-1611
-1561
-1462
-1266
-1055
-864
-624
-357
-116
103
305
529
698
821
919
900
966
1043
1060
1076
1026
978
841
684
577
428
271
84
-165
-415
-600
-818
-1046
-1267
-1443
-1583
-1651
-1656
-1609
-1496
-1267
-1030
-783
-517
-287
-81
115
340
584
802
1000
1154
1274
1354
1395
1447
1454
1460
1441
1400
1295
1219
1035
810
606
384
200
-62
-310
-552
-733
-882
-1087
-1167
-1233
-1283
-1253
-1228
-1105
-937
-758
-565
-338
-42
257
515
701
832
988
1114
1176
1194
1155
1101
1010
834
699
581
464
356
193
56
-98
-262
-448
-666
-832
-930
-1018
-1012
-1056
-1101
-1095
-1095
-1106
-1144
-1082
-1005
-887
-737
-576
-410
-280
-101
135
337
521
665
792
946
1053
1122
1099
1061
1039
953
835
681
550
343
113
-82
-291
-466
-563
-673
-839
-908
-962
-954
-896
-860
-771
-686
-610
-533
-419
-305
-216
-101
1
131
238
352
451
567
668
708
780
845
873
882
869
853
840
778
788
793
789
735
631
446
299
134
-72
-203
-308
-340
-334
-352
-419
-408
-416
-422
-348
-281
-203
-127
-25
80
147
224
245
252
290
295
321
284
148
72
75
57
25
-80
-128
-133
-208
-292
-398
-515
-639
-749
-839
-934
-1029
-1104
-1182
-1203
-1198
-1166
-1034
-879
-704
-521
-333
-178
-51
75
158
261
363
497
560
586
649
635
650
652
611
615
658
648
621
565
517
487
434
399
322
266
281
294
245
154
54
-55
-140
-208
-308
-378
-418
-461
-415
-377
-362
-353
-314
-200
-62
45
197
299
339
402
456
485
541
538
485
392
338
260
160
36
-110
-198
-249
-270
-279
-202
-129
-73
-62
-89
-105
-104
-44
1
-30
5
35
54
26
-22
-97
-119
-134
-114
-61
-50
-32
-65
-65
-58
22
87
141
196
187
159
133
128
136
124
107
108
68
19
0
4
-72
-200
-303
-380
-455
-503
-465
-415
-413
-384
-324
-291
-260
-225
-224
-208
-118
2
109
184
210
212
182
146
124
47
-4
-38
-96
-123
-82
-37
15
84
130
200
285
331
365
396
397
350
300
222
109
43
-74
-210
-329
-432
-457
-494
-480
-469
-458
-429
-344
-209
-91
-25
65
152
210
242
268
305
269
228
199
222
298
360
418
457
479
458
457
427
375
329
239
167
110
58
-21
-60
-101
-168
-247
-278
-268
-226
-160
-123
-103
-47
-39
-31
11
44
76
133
216
241
266
263
263
284
259
251
226
254
277
259
211
116
26
-79
-172
-317
-430
-537
-606
-673
-744
-788
-868
-929
-1006
-1003
-950
-853
-703
-606
-460
-315
-171
-28
97
196
290
364
396
365
348
371
440
495
535
565
572
622
610
561
527
467
410
305
180
95
-25
-81
-136
-186
-185
-154
-173
-199
-177
-195
-210
-172
-134
-60
35
70
82
71
76
110
161
167
224
274
311
391
426
451
481
489
434
322
195
-7
-164
-293
-443
-464
-522
-550
-578
-613
-604
-593
-566
-543
-471
-421
-362
-271
-164
-37
49
104
175
219
269
342
429
524
571
581
607
622
619
573
474
351
269
246
188
103
13
-69
-150
-195
-250
-316
-360
-405
-428
-425
-437
-483
-513
-528
-508
-471
-422
-349
-327
-274
-221
-181
-133
-64
23
71
112
200
244
250
266
305
322
328
320
308
254
163
135
115
43
-24
-143
-265
-342
-404
-421
-337
-265
-168
-35
2
6
-17
-38
4
1
4
48
92
154
205
254
280
336
363
386
474
539
577
532
471
382
299
255
123
43
21
-27
-79
-142
-191
-231
-297
-316
-327
-365
-382
-404
-396
-371
-307
-235
-247
-234
-237
-210
-163
-96
-47
9
107
215
338
414
477
556
617
663
724
705
636
535
422
296
150
29
-79
-190
-274
-363
-407
-451
-510
-546
-558
-513
-475
-418
-414
-428
-390
-370
-345
-287
-247
-227
-173
-138
-103
-39
25
59
97
144
212
293
345
381
436
456
444
408
371
331
240
122
38
-45
-128
-184
-215
-209
-248
-289
-328
-372
-394
-399
-362
-359
-374
-347
-315
-296
-260
-206
-168
-58
24
121
220
293
362
411
415
436
428
393
345
293
202
153
105
62
8
-28
-12
-31
-10
23
38
39
71
64
59
43
30
-21
17
19
4
62
79
148
237
303
401
500
574
636
652
679
677
661
633
597
480
361
268
110
-47
-194
-314
-422
-519
-607
-666
-715
-750
-771
-761
-763
-767
-738
-772
-748
-697
-678
-635
-580
-473
-362
-259
-159
-90
-3
59
130
217
283
307
342
351
355
341
302
357
353
351
325
245
181
133
46
-2
-14
-77
-150
-233
-309
-352
-402
-429
-407
-384
-329
-285
-232
-159
-87
-93
-49
23
89
162
215
270
337
356
398
445
416
415
399
425
414
389
314
282
258
221
198
138
99
48
11
-42
-79
-119
-122
-124
-136
-132
-169
-180
-189
-142
-91
-45
16
61
90
115
150
161
175
197
234
292
346
398
427
424
431
384
350
281
228
132
-6
-128
-247
-318
-412
-499
-546
-567
-602
-595
-566
-566
-549
-569
-568
-505
-432
-357
-289
-264
-193
-91
-25
24
86
133
121
151
175
208
242
274
281
293
300
291
257
237
191
127
61
-27
-61
-82
-149
-208
-264
-318
-335
-341
-315
-268
-267
-196
-101
-41
47
78
136
176
190
251
233
216
249
294
327
327
319
271
206
172
183
179
216
229
242
251
207
133
20
-122
-238
-354
-434
-470
-452
-443
-372
-296
-216
-130
-99
-46
55
140
219
291
365
430
483
489
466
510
555
592
633
687
686
662
614
534
410
300
179
40
-91
-268
-442
-583
-715
-808
-843
-865
-843
-790
-678
-560
-445
-388
-337
-273
-263
-232
-220
-240
-255
-224
-184
-170
-144
-124
-65
-13
51
108
142
186
212
274
310
313
273
207
82
-21
-101
-217
-284
-348
-394
-410
-424
-431
-459
-469
-398
-307
-165
-27
80
191
286
331
388
400
459
518
557
592
601
604
521
467
450
425
405
358
296
253
192
110
29
-44
-89
-148
-202
-218
-209
-197
-195
-147
-100
-84
-57
-30
13
93
136
178
192
173
207
182
151
140
123
168
185
221
254
280
292
257
220
142
55
-15
-91
-173
-266
-362
-414
-468
-539
-622
-674
-688
-676
-660
-613
-554
-535
-470
-391
-333
-279
-241
-214
-151
-72
36
122
212
338
399
455
469
447
426
432
409
358
344
305
231
123
9
-76
-180
-272
-322
-381
-386
-366
-318
-286
-270
-234
-133
-41
11
62
83
178
213
269
320
326
324
302
297
299
278
239
210
221
238
214
175
104
55
42
15
-4
22
43
13
-23
-49
-136
-201
-262
-292
-260
-221
-205
-125
3
95
158
186
232
224
223
226
270
333
359
335
282
222
167
144
127
133
113
52
-49
-155
-268
-352
-449
-529
-593
-650
-665
-622
-581
-537
-524
-511
-494
-457
-358
-254
-168
-65
36
137
219
255
280
299
320
306
309
330
334
326
301
259
237
189
163
172
120
86
66
48
32
13
-31
-82
-147
-230
-243
-201
-160
-127
-77
-29
-6
22
33
17
10
16
44
81
145
200
237
289
317
337
302
293
297
243
174
82
-11
-68
-122
-202
-272
-344
-370
-376
-364
-326
-271
-231
-195
-145
-69
10
56
70
104
170
220
253
262
251
218
193
147
103
46
22
36
36
18
-20
-32
-53
-47
-64
-40
-4
18
46
1
-48
-73
-97
-97
-121
-140
-166
-140
-70
-36
12
55
109
154
213
237
242
218
203
232
216
197
217
174
119
65
28
20
-23
-82
-115
-148
-172
-188
-215
-210
-210
-235
-243
-284
-307
-315
-331
-346
-348
-326
-312
-291
-268
-227
-182
-132
-94
-46
-20
13
-1
-30
-83
-137
-144
-121
-98
-24
24
73
140
179
219
190
146
98
92
59
65
103
124
157
188
235
287
307
330
342
362
394
412
418
410
378
358
323
255
229
208
184
184
171
157
125
82
55
-15
-91
-158
-199
-238
-274
-308
-346
-389
-394
-417
-439
-443
-418
-376
-383
-343
-284
-241
-180
-115
-80
-19
47
118
205
237
243
254
221
193
143
84
35
-37
-56
-37
-17
17
28
5
-1
-11
-56
-54
-40
-17
-28
-86
-132
-191
-252
-281
-266
-238
-224
-151
-65
-11
84
153
207
224
247
255
243
236
256
235
221
192
145
114
47
-35
-61
-88
-115
-107
-141
-157
-190
-216
-239
-231
-193
-147
-102
-76
-62
-72
-82
-79
-61
-16
9
80
108
102
180
229
263
305
348
368
386
377
338
334
272
243
242
204
164
109
34
-60
-143
-214
-250
-277
-300
-270
-224
-210
-182
-157
-113
-48
35
104
167
225
231
228
215
206
186
155
124
109
40
10
-27
-66
-51
-76
-112
-159
-175
-191
-240
-240
-227
-249
-266
-302
-309
-291
-288
-282
-286
-264
-218
-211
-203
-163
-142
-121
-80
-29
35
121
205
265
273
216
127
76
30
-26
-60
-51
-51
-40
-36
-35
-52
-53
-68
-78
-89
-110
-123
-123
-116
-121
-115
-89
-64
-22
52
99
140
209
300
327
364
375
385
402
387
361
317
313
329
332
357
359
293
240
142
50
-24
-116
-150
-153
-168
-126
-93
-86
-60
-60
-33
-21
11
4
14
28
-23
-81
-100
-109
-153
-144
-121
-77
-78
-60
-70
-64
-32
-44
-43
-31
-39
-40
-19
-19
7
-3
-5
-10
-14
-4
-23
-80
-122
-147
-162
-150
-115
-106
-121
-130
-94
-57
-35
-21
-47
-37
-1
14
14
36
54
49
17
-22
-60
-55
-47
-22
35
45
55
51
45
61
43
6
-55
-111
-145
-165
-171
-176
-154
-112
-85
-50
-19
19
81
148
204
231
246
233
226
194
133
45
3
-29
-35
-45
-107
-134
-161
-194
-172
-105
-67
-49
-31
14
62
98
114
119
97
62
31
-13
-43
-115
-131
-153
-172
-166
-130
-103
-73
-4
42
85
128
172
198
200
207
218
211
193
176
153
139
126
116
107
82
56
39
9
14
3
32
58
39
59
55
30
37
13
-20
-9
1
57
93
90
103
88
60
11
-13
-39
-47
-60
-101
-118
-159
-206
-233
-247
-235
-223
-204
-148
-137
-157
-134
-130
-122
-112
-114
-116
-106
-94
-67
-28
-22
-26
-29
-42
-32
38
94
159
216
300
322
314
283
233
171
95
28
-34
-63
-97
-151
-180
-184
-180
-118
-91
-85
-84
-83
-110
-133
-138
-138
-137
-91
-66
-48
11
49
76
98
114
119
136
134
156
192
196
193
216
236
213
175
113
45
36
49
17
21
-5
-41
-61
-88
-65
-46
-19
32
10
-10
-17
-7
5
-12
-33
-37
-10
13
17
13
8
-6
-3
-15
-15
-7
-5
12
47
71
68
63
35
14
-13
-71
-126
-150
-180
-215
-230
-230
-241
-259
-237
-207
-200
-186
-178
-140
-108
-52
24
68
108
147
157
154
184
190
169
168
141
112
78
37
-7
-34
-54
-111
-112
-116
-82
-53
-37
-23
4
15
5
36
46
39
8
-15
-12
-19
-31
-40
-39
-21
2
25
51
64
111
181
236
315
365
382
337
298
268
246
195
160
160
139
78
18
-11
-32
-41
-60
-74
-33
2
8
-4
-55
-89
-138
-179
-206
-235
-263
-273
-262
-267
-249
-213
-180
-136
-80
15
69
110
130
152
166
153
107
59
15
-36
-63
-112
-169
-190
-200
-212
-215
-186
-195
-199
-200
-208
-187
-178
-170
-152
-121
-68
-33
-9
11
4
-40
-63
-76
-91
-57
3
30
66
122
183
211
269
340
361
406
422
410
379
374
340
291
249
185
153
69
3
-17
-60
-92
-120
-141
-177
-195
-173
-177
-178
-159
-150
-129
-95
-95
-74
-33
4
54
94
131
138
125
99
78
65
36
-9
-34
-19
-27
-32
-38
-51
-63
-76
-86
-95
-93
-90
-71
-55
-20
18
9
-1
5
-8
-37
-18
23
46
75
61
60
41
12
-17
5
1
-40
-24
-21
-42
-51
-33
-45
-49
-54
-90
-115
-135
-141
-185
-212
-214
-184
-141
-116
-78
-57
-62
-74
-53
-13
13
25
7
16
17
13
25
54
94
130
150
196
225
250
285
324
349
336
372
383
324
281
235
151
114
97
83
67
33
-1
-6
-55
-104
-120
-131
-134
-155
-177
-210
-241
-237
-230
-234
-241
-265
-244
-239
-217
-185
-161
-144
-103
-47
-17
25
47
55
74
95
116
111
102
107
116
119
127
133
85
87
83
74
78
69
55
57
63
49
43
37
27
19
12
-16
-75
-105
-132
-121
-135
-153
-151
-151
-129
-93
-46
3
24
28
43
60
115
131
141
172
172
135
90
58
14
-27
-86
-118
-134
-151
-149
-149
-130
-129
-109
-84
-55
-9
36
70
115
120
79
62
41
-9
-14
-9
-11
-3
-7
6
7
-20
-31
-44
-13
18
11
-17
-14
-42
-86
-101
-99
-124
-126
-128
-120
-70
-45
-43
-66
-66
-87
-93
-44
6
56
110
158
174
152
128
116
136
169
192
232
273
304
318
327
322
314
266
230
184
131
106
43
-22
-48
-78
-86
-101
-86
-96
-131
-157
-152
-141
-142
-154
-148
-126
-130
-145
-145
-169
-191
-188
-188
-173
-162
-143
-131
-98
-84
-67
-39
-42
-32
-31
-38
-61
-136
-166
-234
-293
-282
-264
-209
-153
-82
-11
5
55
99
115
133
170
197
212
213
197
176
144
111
91
66
75
112
145
189
195
187
192
217
211
182
144
151
160
130
97
41
-8
-63
-99
-154
-179
-198
-192
-146
-127
-68
-28
-1
49
75
79
94
89
43
23
24
29
40
23
26
20
-23
-17
-12
-29
-4
-29
-47
-55
-89
-91
-82
-74
-39
11
60
98
101
81
63
58
22
-3
-20
-67
-88
-134
-179
-195
-223
-215
-229
-200
-170
-151
-119
-75
-19
30
73
91
119
106
95
116
110
90
88
63
9
-24
-44
-54
-84
-81
-63
-62
-30
8
47
57
68
91
131
176
220
245
228
232
214
177
145
110
67
7
-23
-62
-98
-100
-124
-165
-190
-185
-206
-195
-170
-167
-117
-75
-37
6
40
47
52
80
106
108
100
58
8
-69
-95
-110
-119
-90
-103
-96
-71
-19
28
70
99
120
163
198
198
209
187
149
98
62
43
-12
-13
-45
-92
-121
-149
-147
-146
-141
-103
-83
-38
11
41
82
101
134
141
128
91
55
53
55
39
41
37
12
2
-13
-27
-24
-72
-101
-115
-139
-159
-181
-176
-200
-189
-174
-178
-194
-169
-108
-54
26
74
128
152
166
156
154
153
135
115
95
72
35
20
1
4
-25
-3
26
49
69
79
75
41
18
-32
-76
-94
-101
-122
-141
-164
-200
-236
-223
-245
-229
-231
-223
-160
-104
-33
12
38
40
48
56
58
59
90
116
148
173
173
195
210
202
175
175
186
166
154
148
145
141
126
130
114
74
69
55
36
14
-11
-10
16
36
33
0
-24
-34
-28
-2
-9
23
50
38
57
63
65
56
60
35
-17
-46
-98
-141
-166
-173
-201
-223
-219
-222
-228
-241
-243
-223
-209
-224
-219
-230
-217
-191
-156
-101
-67
38
110
177
198
189
196
177
154
135
97
38
17
0
-23
-58
-79
-91
-98
-96
-53
-15
11
58
94
112
127
129
120
118
106
97
75
60
41
14
-27
-47
-50
-66
-49
-13
23
58
105
161
217
255
277
255
261
249
225
211
178
135
85
48
9
-42
-88
-101
-126
-122
-145
-148
-152
-144
-136
-132
-96
-60
-37
-36
5
2
28
23
-4
-26
-58
-56
-66
-54
-52
-94
-153
-176
-187
-219
-225
-225
-213
-163
-115
-83
-36
-24
0
20
48
76
83
93
61
12
-3
-23
-32
-20
-9
5
26
40
53
88
107
125
153
177
208
224
210
186
156
108
91
35
2
24
1
-4
-10
-8
-24
-31
-50
-98
-94
-93
-56
-43
-55
-68
-100
-133
-158
-156
-139
-119
-85
-57
-38
-52
-35
-18
-22
-6
-7
-41
-30
-14
-14
10
35
62
52
28
-6
-14
3
31
47
48
73
74
51
38
34
6
5
18
7
-15
-6
-19
-50
-34
-18
18
52
108
150
189
204
195
190
185
188
178
172
158
117
19
-58
-98
-158
-198
-225
-244
-259
-247
-201
-181
-124
-78
-45
-12
34
41
32
45
41
35
14
24
7
-7
-19
-60
-83
-97
-132
-143
-142
-145
-117
-83
-50
-4
38
108
159
183
208
225
216
208
181
149
93
52
26
-29
-63
-86
-108
-100
-98
-83
-66
-107
-103
-78
-59
-31
-18
-16
26
62
83
105
126
147
135
155
154
117
90
25
-18
-52
-83
-115
-139
-138
-120
-84
-74
-57
-40
-54
-18
-4
9
39
59
81
74
86
84
67
45
25
-7
-65
-87
-63
-42
-25
-28
-18
-27
-22
-8
-1
20
15
46
64
82
106
75
50
40
23
10
10
-5
-60
-116
-164
-184
-218
-223
-205
-204
-217
-199
-155
-126
-69
19
91
132
153
202
216
239
228
198
185
160
122
76
74
47
32
35
29
28
29
8
-6
-14
-16
-19
-1
-19
-7
-5
-23
-31
-48
-40
-47
-51
-36
-46
-28
-41
-31
-12
-7
-4
-3
24
15
-2
-2
3
11
21
36
54
32
10
-26
-48
-32
-25
-52
-43
-57
-83
-68
-45
-39
-39
-45
-48
-30
9
39
65
103
77
78
32
30
47
48
68
73
74
35
9
4
-37
-73
-86
-117
-126
-107
-91
-78
-63
-53
-30
-15
-10
23
37
14
-6
-6
-5
11
2
-5
-7
-3
25
56
67
65
44
23
40
44
25
6
0
-15
-15
-24
-54
-84
-94
-115
-118
-114
-112
-107
-98
-75
-71
-57
-72
-59
-44
-9
56
108
136
154
145
124
145
155
151
153
141
119
106
62
48
52
41
25
34
12
-6
-3
-14
10
28
62
87
123
146
176
169
154
141
125
99
102
47
-18
-66
-121
-184
-209
-217
-220
-204
-174
-151
-134
-95
-79
-71
-107
-141
-154
-165
-167
-161
-143
-118
-66
-46
-29
-30
-26
-9
-5
10
24
60
75
88
84
76
78
90
90
77
89
84
98
73
65
33
-8
0
-3
19
38
75
57
18
-5
-17
-37
-56
-77
-110
-123
-124
-112
-75
-32
12
65
81
87
85
88
76
49
58
36
33
19
-8
-17
-24
-39
-64
-91
-92
-81
-77
-69
-56
-52
-47
-77
-100
-109
-137
-120
-64
-29
-9
16
30
56
79
124
166
189
197
200
167
122
90
50
8
-20
-31
-44
-40
9
52
70
72
128
151
163
166
169
143
89
69
51
52
33
48
27
33
49
66
74
93
104
89
80
58
34
-20
-76
-104
-124
-134
-142
-144
-134
-130
-129
-138
-133
-136
-116
-106
-96
-91
-101
-99
-118
-156
-180
-214
-242
-247
-266
-271
-259
-224
-166
-99
-47
-48
-17
4
15
-7
-15
-4
16
57
67
85
78
65
82
92
122
157
163
161
145
170
170
144
142
111
117
136
105
92
74
58
52
23
12
24
19
16
35
79
114
100
116
102
102
98
83
85
83
77
58
31
16
15
12
22
23
15
20
42
61
84
65
60
19
-14
-61
-69
-93
-153
-162
-184
-166
-175
-160
-149
-128
-107
-98
-69
-67
-64
-80
-96
-102
-126
-128
-154
-170
-148
-98
-68
-82
-76
-89
-83
-57
-9
21
40
79
94
89
84
81
65
42
29
10
-17
-38
-42
-48
-34
-14
40
77
75
76
116
135
146
159
158
150
152
151
163
190
175
160
123
83
51
12
-28
-64
-93
-111
-109
-113
-101
-105
-104
-98
-92
-77
-71
-87
-104
-91
-77
-85
-80
-87
-77
-68
-82
-107
-132
-127
-124
-69
-11
29
95
127
160
182
212
198
187
196
158
146
129
110
87
66
52
43
46
31
16
16
2
3
20
36
42
52
40
-9
-31
-60
-74
-81
-104
-111
-123
-140
-137
-136
-158
-144
-115
-104
-67
-12
19
41
60
24
16
-5
-23
-31
-46
-43
-57
-55
-54
-66
-91
-110
-94
-73
-73
-45
-16
-14
-7
-11
2
64
100
137
167
174
212
186
165
145
122
87
21
7
1
-4
-36
-66
-79
-99
-110
-111
-87
-60
-33
-38
-39
-29
-11
5
9
8
0
22
36
46
63
93
118
144
143
130
153
146
115
101
96
69
27
-3
-20
-38
-44
-39
-31
-27
-9
20
18
26
43
-5
-39
-52
-72
-94
-100
-123
-129
-145
-175
-151
-138
-114
-127
-109
-104
-101
-108
-111
-71
-68
-53
-20
-7
18
18
7
3
24
35
35
66
79
81
62
40
50
41
27
37
31
23
22
35
51
95
108
112
130
120
128
118
102
102
104
81
66
56
60
49
55
54
73
74
60
42
11
31
33
18
-6
-50
-82
-106
-116
-136
-121
-121
-142
-146
-155
-172
-191
-206
-227
-179
-154
-121
-70
-43
-36
-13
-18
-21
-33
-65
-61
-67
-62
-75
-69
-36
-19
20
46
58
110
149
189
228
250
252
256
244
229
226
236
207
174
155
113
81
51
7
-31
-60
-89
-102
-117
-115
-104
-78
-54
-65
-62
-63
-51
-21
-36
-31
-27
-49
-70
-78
-79
-58
-51
-89
-106
-115
-105
-102
-75
-67
-53
-40
-41
-49
-43
-54
-106
-120
-127
-123
-101
-73
-45
-40
-11
1
10
16
51
78
79
120
125
122
112
107
110
89
67
35
31
47
34
61
61
84
85
75
74
66
73
61
65
64
69
56
24
10
22
40
34
26
11
-6
0
-20
-37
-17
-5
-4
12
0
0
-15
-36
-27
-32
-26
-1
21
38
24
-1
3
-12
-21
-5
-14
-39
-49
-42
-40
-41
-28
-34
-79
-80
-105
-127
-120
-122
-95
-89
-81
-54
-32
-41
-42
-32
0
9
4
13
29
28
40
56
58
64
47
46
51
59
47
74
99
105
122
85
82
88
72
71
62
49
31
4
-8
-9
-15
-35
-56
-79
-90
-99
-84
-83
-94
-89
-64
-44
-37
-22
-31
-31
-19
1
11
27
23
33
37
37
21
2
6
-12
-28
-18
1
-12
-25
-24
1
-10
-11
13
0
7
33
46
52
55
43
35
24
0
-10
-11
12
14
-3
0
-4
-18
-24
-26
-29
-32
-25
-7
-7
1
23
37
42
35
22
5
-4
6
9
-6
-32
-52
-47
-70
-67
-55
-54
-34
-16
14
7
4
1
3
7
19
67
93
98
93
95
82
66
53
49
36
39
54
24
21
4
-41
-34
-50
-55
-63
-64
-46
-30
-46
-52
-46
-59
-59
-55
-31
-7
7
8
13
13
18
12
15
43
45
41
43
15
24
18
1
-16
-19
-17
-12
-11
9
24
25
38
25
30
11
1
-11
-23
-31
-47
-61
-81
-74
-87
-82
-66
-70
-60
-44
-28
-37
-17
-7
-3
16
28
43
49
43
50
54
60
62
55
53
55
47
42
28
19
24
16
4
-6
-1
-6
-4
-7
-10
-23
-19
-19
-45
-34
-36
-16
7
6
18
7
-4
-36
-46
-32
-36
-29
-2
-1
7
29
31
26
16
-6
-20
-27
-15
-10
-3
17
12
11
-8
5
-2
14
32
32
37
27
18
6
-6
-10
-9
-14
7
13
13
17
30
25
21
1
-20
-28
-31
-32
-51
-46
-40
-22
-5
7
15
11
24
28
14
6
0
-6
-10
-26
-47
-37
-19
-7
-9
-6
2
2
11
17
29
38
76
127
144
136
119
98
83
74
41
39
39
37
50
48
21
7
-6
-25
-41
-47
-74
-103
-102
-106
-88
-96
-74
-64
-45
-30
-18
-34
-46
-39
-59
-75
-77
-64
-56
-30
-24
-11
-14
-23
-28
-30
-22
-20
-3
3
9
8
4
8
32
39
41
47
37
34
28
11
29
56
58
44
46
47
36
29
37
38
31
23
0
-14
-45
-43
-44
-41
-28
-28
-26
-28
0
12
22
21
11
10
-7
-29
-40
-43
-35
-37
-39
-36
-36
-35
-28
-29
-28
-30
-55
-57
-64
-38
-21
3
21
32
40
61
81
82
84
69
69
68
60
49
43
46
36
31
24
24
10
3
-2
-10
-8
-14
6
19
52
70
59
62
55
40
21
20
-7
-19
-43
-77
-83
-89
-84
-86
-83
-81
-77
-65
-47
-37
-25
-7
-6
-2
-2
0
-6
17
22
12
25
12
20
25
28
37
28
20
27
22
28
18
18
17
-7
-8
-13
4
1
26
46
31
33
33
30
37
36
22
24
-4
-15
-29
-55
-60
-45
-44
-46
-45
-44
-26
-18
-9
3
13
2
8
15
26
42
37
34
19
9
12
14
8
-4
-3
-10
-7
-18
-26
-32
-45
-30
-27
-18
-9
2
9
-1
-5
3
-20
-21
-16
-24
-7
0
-9
-6
-7
-3
3
0
16
21
13
10
15
18
21
33
29
34
44
43
42
32
9
3
-6
-29
-30
-31
-29
-21
-16
-15
-17
-22
-34
-39
-46
-48
-41
-28
-20
-6
-6
-7
-3
4
2
16
25
33
23
20
25
15
21
8
-7
-11
-20
-25
-34
-45
-43
-32
-18
-8
8
-3
-6
2
10
11
22
39
32
35
30
29
30
31
35
36
30
38
61
59
72
57
41
50
38
43
52
52
49
49
41
30
10
-17
-35
-33
-44
-45
-50
-52
-48
-64
-63
-51
-43
-34
-35
-30
-21
-30
-46
-60
-64
-68
-58
-47
-32
-28
-38
-39
-50
-67
-74
-61
-49
-22
0
1
14
22
18
24
22
19
21
19
16
12
9
11
1
0
20
39
47
43
55
56
51
56
42
38
41
50
62
68
50
48
53
26
13
14
15
6
-6
-7
-5
-6
-10
-2
6
-6
-11
-17
-27
-26
-27
-25
-24
-24
-39
-29
-22
-22
-22
-10
5
1
6
15
23
20
14
17
7
9
15
0
3
-5
-14
-28
-26
-12
-7
2
0
-6
-13
-9
-12
-11
-23
-34
-30
-32
-20
-14
-6
4
1
-12
-5
-9
-9
3
10
5
3
-5
-11
-14
-16
-13
-5
0
-5
0
-8
-13
-12
-17
-5
1
7
19
28
15
15
20
25
36
41
54
53
43
32
29
39
31
46
45
29
23
9
2
-14
-24
-29
-21
-33
-24
-17
-12
2
-10
-11
-27
-24
-27
-22
-10
-2
2
6
14
6
4
-2
-8
-19
-31
-30
-25
-31
-31
-26
-23
-18
-17
-19
-23
-28
-26
-8
8
13
9
7
3
-6
-4
-17
-22
-35
-45
-48
-57
-57
-49
-46
-33
-28
-15
-10
10
34
36
60
59
61
60
56
49
49
47
57
70
62
56
50
34
39
34
35
24
27
39
37
49
30
24
22
20
24
23
31
30
16
5
-7
-13
-19
-38
-30
-15
-8
-5
-17
-16
-18
-16
-17
-16
-17
-23
-28
-20
-18
-7
-7
-14
-5
1
3
-3
-6
-12
-28
-40
-36
-33
-46
-61
-59
-55
-43
-38
-31
-19
-24
-31
-42
-36
-33
-32
-32
-35
-40
-37
-32
-31
-23
-24
-22
-26
-38
-29
-22
-15
-1
-4
4
13
15
27
18
15
24
21
36
43
59
72
76
69
58
48
42
37
43
64
68
68
68
68
57
52
48
38
26
21
17
19
15
3
-12
-19
-26
-30
-24
-30
-19
-16
-13
-3
-9
-5
-12
-10
5
6
17
30
25
28
26
19
10
-7
-12
-30
-38
-40
-39
-35
-23
-27
-29
-19
-15
-4
1
8
6
-4
-12
-20
-29
-33
-35
-41
-39
-29
-25
-34
-47
-51
-50
-45
-37
-35
-20
-8
-1
0
-6
-2
10
15
17
16
7
-7
-3
10
14
23
29
23
21
26
34
41
32
29
30
26
24
11
5
1
-7
-11
-4
20
33
31
41
42
46
49
41
27
12
6
-2
-14
-30
-37
-36
-33
-40
-36
-29
-31
-34
-30
-25
-12
4
22
31
26
25
25
30
20
6
-18
-33
-32
-49
-45
-35
-33
-18
-16
-18
-16
-15
-22
-21
-21
-18
-15
-14
1
2
-3
-2
-17
-22
-20
-19
-21
-3
21
33
42
41
48
54
47
40
23
22
16
14
21
20
20
19
20
17
17
13
17
20
13
5
5
6
11
25
24
21
28
9
1
-5
-9
-8
-14
-17
-19
-29
-29
-33
-35
-35
-30
-25
-28
-28
-22
-18
-23
-4
11
17
23
19
7
5
2
-3
1
-2
2
4
8
14
20
24
13
7
2
6
3
-3
-5
-1
-2
-6
0
-1
-6
-8
-4
-3
0
6
8
20
22
25
30
31
23
22
27
22
31
23
28
25
14
9
-4
-10
-7
-9
-8
2
-8
-9
-10
-27
-36
-45
-53
-58
-61
-57
-61
-61
-51
-49
-47
-54
-52
-41
-23
-10
-6
3
-4
-7
10
10
11
2
12
13
9
-1
0
4
1
4
7
-3
-8
-3
-10
-5
-1
11
14
11
13
17
22
20
21
19
11
13
16
23
26
30
28
27
18
13
6
-8
-15
-24
-27
-32
-39
-37
-27
-13
-7
-7
4
2
7
11
21
35
41
45
40
45
48
34
27
18
10
8
6
16
21
12
11
22
19
27
32
31
35
21
24
28
9
8
3
3
-1
-11
-21
-37
-41
-23
-15
-5
4
1
-1
-1
6
6
-2
-3
-2
-10
-1
9
10
3
-9
-17
-24
-24
-23
-29
-22
-17
-19
-17
-14
-12
-10
-8
-3
6
15
21
8
3
-2
-12
-9
-16
-24
-22
-33
-35
-42
-52
-65
-65
-65
-67
-58
-45
-37
-27
-17
-16
-10
-6
-4
-2
4
3
9
13
14
11
4
4
4
3
13
11
15
17
14
23
22
30
25
23
32
34
37
47
58
65
64
62
63
56
51
42
33
35
27
26
32
31
36
33
14
4
4
5
1
-8
-9
-8
-14
-11
-4
-7
-9
-15
-22
-32
-40
-44
-46
-47
-55
-55
-43
-43
-39
-34
-46
-42
-29
-28
-30
-31
-26
-22
-27
-25
-13
-9
-10
-4
-5
-5
-4
-2
2
-3
-8
-8
-7
-3
4
4
2
-7
-2
1
11
34
44
52
56
57
57
61
54
56
56
59
60
51
39
31
21
15
10
9
4
-6
-3
10
15
18
20
14
10
2
17
22
22
16
6
-3
-10
-12
-18
-22
-27
-37
-44
-48
-45
-37
-35
-31
-36
-44
-51
-48
-40
-40
-39
-47
-52
-53
-56
-60
-49
-43
-38
-35
-30
-27
-19
-5
7
23
20
14
20
26
33
31
25
15
7
5
-9
-8
-6
-4
2
4
5
4
12
11
18
32
38
48
46
44
48
42
46
43
40
31
26
26
30
24
14
7
2
-3
-11
-13
-22
-21
-28
-18
-15
-16
-2
-5
4
4
9
12
14
19
11
-1
-13
-20
-25
-22
-19
-19
-29
-37
-38
-29
-16
-9
-1
2
-2
-4
-2
-2
-6
-6
-7
0
-1
-2
-5
-9
-4
-10
-13
-11
-17
-15
-5
0
3
7
10
7
12
12
17
30
35
35
28
12
0
10
10
6
14
17
13
13
11
0
0
4
-2
0
3
11
13
15
19
25
25
35
39
33
37
38
40
40
45
45
39
28
15
5
4
2
-3
-13
-14
-22
-32
-38
-42
-39
-38
-30
-21
-10
-12
-11
-12
-24
-31
-29
-32
-37
-26
-27
-31
-32
-38
-38
-43
-52
-57
-59
-64
-59
-44
-33
-32
-23
-15
-4
7
12
20
21
22
23
27
26
25
12
8
-5
-7
-2
3
6
12
10
7
-4
-11
-15
-15
-8
3
8
5
12
13
11
-2
-4
-16
-19
-7
10
19
29
34
39
43
44
44
46
37
29
25
23
20
23
28
23
17
5
8
5
-5
2
8
6
9
6
3
11
9
11
2
-2
7
-3
-3
-4
-12
-22
-31
-26
-21
-19
-18
-20
-22
-26
-33
-25
-15
-12
-14
-10
-15
-19
-10
-4
4
15
22
23
21
14
13
13
11
4
2
-4
-7
-11
-19
-17
-11
-10
-4
8
11
20
19
17
20
18
11
6
7
9
11
18
22
24
22
16
15
5
1
3
-4
-1
9
12
13
12
2
-11
-13
-8
-1
9
17
16
12
6
5
5
-3
-6
-1
8
6
0
-4
-12
-24
-41
-55
-58
-54
-51
-38
-28
-28
-31
-32
-31
-26
-25
-28
-21
-20
-28
-29
-27
-29
-28
-26
-36
-41
-41
-37
-32
-29
-17
-10
-2
6
8
13
20
20
28
34
38
49
46
46
43
30
23
21
25
34
40
50
50
40
39
35
31
29
26
21
20
20
24
37
35
41
46
37
33
25
22
22
24
23
28
34
29
23
17
0
-15
-30
-40
-42
-40
-33
-33
-28
-33
-36
-49
-54
-52
-50
-41
-37
-36
-26
-23
-27
-27
-31
-45
-42
-36
-43
-38
-40
-38
-33
-27
-24
-17
-11
-11
-11
-1
14
14
25
35
34
41
47
52
62
59
62
61
60
52
41
36
38
35
31
31
26
21
22
25
9
-4
-9
-24
-26
-23
-24
-25
-24
-24
-25
-22
-17
-9
-10
-5
5
7
9
12
9
14
13
16
16
11
2
10
8
-6
-13
-28
-30
-37
-37
-20
-13
-8
-5
-6
-11
-18
-18
-23
-19
-8
-3
-2
6
7
3
0
-10
-12
-13
-24
-23
-31
-39
-44
-53
-57
-54
-48
-45
-37
-28
-22
-16
-10
-4
3
14
25
40
56
62
54
36
31
26
22
23
21
19
16
12
7
5
11
16
22
30
37
44
44
43
39
32
30
20
19
22
21
13
8
0
-10
-21
-29
-26
-22
-15
-15
-13
-3
3
5
-2
-3
-6
-9
-11
-1
0
1
3
-2
-1
-2
3
8
7
1
-4
-3
-6
-7
-9
-4
-5
-10
-4
-15
-14
-10
-11
-2
4
3
0
-7
-13
-7
2
9
17
22
22
19
10
3
-1
-8
-13
-20
-18
-11
-17
-15
-7
4
5
7
8
7
2
-10
-12
-7
-3
0
1
-8
-13
-22
-32
-38
-36
-33
-39
-39
-35
-34
-29
-25
-21
-10
-5
-6
2
-4
2
5
10
22
24
22
21
18
17
28
33
41
39
30
25
18
10
12
14
11
18
21
26
22
25
20
7
2
-2
4
6
7
12
3
-2
-4
-3
-10
-19
-17
-15
-14
-14
-8
-14
-10
-4
1
-6
-2
10
14
12
11
3
1
-3
0
9
9
19
21
25
22
23
18
13
19
24
30
30
37
36
33
23
17
11
0
-8
-21
-29
-39
-47
-46
-56
-58
-62
-58
-60
-54
-42
-34
-27
-31
-35
-38
-37
-34
-31
-26
-31
-30
-30
-40
-36
-34
-32
-38
-30
-15
-9
2
10
17
18
25
31
41
48
56
65
66
70
63
54
52
44
39
38
33
19
7
5
3
3
2
3
2
5
17
18
32
38
44
46
49
53
45
39
33
31
31
31
32
22
1
-11
-19
-24
-17
-12
-10
-7
-13
-15
-16
-19
-27
-28
-27
-30
-40
-40
-47
-62
-61
-68
-58
-64
-65
-66
-74
-70
-62
-45
-32
-18
-12
-15
-13
-7
-1
-3
-2
6
0
-6
-7
-11
-8
-12
-6
4
7
9
10
10
16
22
15
17
26
21
26
24
19
20
16
19
15
16
23
23
22
22
19
28
35
33
36
35
37
28
18
15
16
14
14
18
25
28
24
23
28
27
21
22
15
9
7
6
-2
-6
1
-1
-2
-2
-6
-10
-17
-23
-24
-26
-28
-27
-28
-27
-30
-29
-29
-37
-27
-30
-26
-25
-29
-25
-19
-19
-15
-13
-8
-5
-6
2
7
9
9
20
24
23
21
17
15
21
19
17
19
25
30
33
31
22
15
12
6
5
1
-5
-9
-9
-4
-4
-13
-17
-16
-18
-11
-13
-8
-10
-12
-12
-5
0
-9
-15
-23
-30
-29
-26
-22
-21
-20
-16
-17
-19
-17
-16
-15
-13
-14
-18
-15
-11
-15
-9
-1
1
2
3
-4
-16
-19
-21
-22
-16
-15
-7
0
10
5
3
9
12
12
20
33
38
41
48
47
48
40
41
49
49
48
40
40
38
43
41
40
41
36
37
28
26
23
21
14
8
13
4
1
0
-6
-10
-11
-16
-18
-14
-26
-28
-31
-31
-33
-46
-47
-54
-53
-49
-51
-50
-39
-35
-23
-10
-6
-4
-1
-10
-12
-14
-18
-17
-14
-20
-31
-31
-32
-42
-41
-41
-42
-34
-29
-12
2
11
28
28
33
34
40
39
35
37
35
29
24
24
16
9
5
4
3
2
-2
7
12
18
24
34
39
46
47
47
40
32
25
19
15
11
10
8
9
3
7
6
3
-5
-9
-8
-15
-14
-17
-19
-26
-31
-28
-26
-20
-24
-22
-28
-29
-27
-35
-30
-20
-18
-25
-26
-25
-30
-27
-21
-22
-16
-12
-4
2
0
-2
1
0
2
11
5
9
14
14
23
21
21
21
15
12
10
15
13
15
20
29
39
35
33
25
18
20
17
15
16
17
16
16
8
3
5
2
-2
-5
-10
-17
-16
-10
-10
-13
-11
-15
-10
-4
3
5
4
-2
-9
-15
-7
0
-10
-7
-8
-8
-8
-12
-9
-5
-2
-4
-6
-10
-24
-30
-29
-28
-23
-17
-14
-9
-6
-7
-10
-9
-9
-14
-13
-9
-6
1
-8
-5
2
3
5
-1
1
-3
6
8
7
11
16
19
20
20
20
15
11
14
16
13
5
2
-2
-5
-2
6
6
8
11
12
14
9
-1
-5
-6
-12
-7
-3
0
0
4
4
-3
-2
-5
-10
-12
-7
-5
-1
-3
4
4
2
8
6
14
16
16
14
4
3
0
-2
3
2
0
5
16
20
16
14
11
9
14
19
14
17
13
10
14
6
5
3
-5
-9
-13
-16
-15
-15
-2
6
10
10
12
13
14
17
21
17
17
18
7
2
-3
2
-7
-16
-25
-30
-22
-24
-26
-33
-34
-41
-44
-44
-47
-46
-47
-43
-40
-41
-36
-34
-33
-25
-22
-18
-19
-21
-24
-19
-14
-8
-9
-3
1
0
6
12
18
15
22
19
12
17
17
13
16
22
31
41
39
45
57
55
67
69
76
74
64
66
52
49
52
51
46
46
37
31
23
14
8
-4
-8
-20
-26
-37
-42
-44
-53
-61
-67
-62
-56
-51
-45
-49
-51
-52
-56
-54
-50
-48
-39
-38
-35
-34
-31
-28
-29
-29
-33
-33
-34
-21
-16
-21
-19
-14
-16
-11
-3
10
17
21
22
33
39
51
55
55
60
57
50
37
43
37
42
39
44
50
45
43
43
40
35
35
39
35
37
41
41
37
41
42
32
38
35
31
33
31
23
18
11
-6
-23
-29
-40
-47
-49
-41
-41
-43
-39
-42
-45
-46
-41
-34
-33
-31
-22
-26
-29
-29
-34
-35
-35
-40
-34
-29
-23
-25
-28
-30
-39
-35
-30
-25
-23
-22
-21
-28
-31
-27
-20
-19
-12
-13
-18
-15
-12
-15
-6
-4
-2
-5
-1
-2
-3
5
1
9
9
3
11
19
15
18
15
18
21
20
21
20
25
34
41
46
51
56
52
47
53
59
60
56
53
47
42
34
18
7
1
1
10
15
17
16
13
8
5
11
10
11
6
2
6
1
6
-7
-20
-28
-39
-43
-43
-44
-54
-66
-69
-75
-83
-86
-86
-74
-69
-59
-38
-23
-15
-11
-10
-12
-10
-7
-2
3
12
15
19
23
21
18
12
20
27
35
41
41
50
49
47
51
52
54
53
53
48
50
52
53
55
56
56
56
54
47
33
26
26
23
21
14
5
-3
-8
-10
-16
-26
-24
-29
-32
-33
-41
-41
-45
-33
-29
-29
-32
-37
-36
-41
-42
-53
-64
-69
-73
-63
-61
-53
-43
-40
-31
-30
-33
-39
-32
-26
-14
-7
1
-2
-1
-1
1
5
4
5
5
4
9
15
16
20
20
19
20
19
14
9
14
16
21
30
31
36
31
30
20
13
9
17
23
22
24
20
16
6
-2
-4
-10
-11
-11
-10
-7
-8
-7
-9
-10
-20
-26
-26
-30
-32
-29
-31
-28
-24
-29
-26
-32
-35
-35
-16
-7
1
6
1
-1
-8
-5
6
19
34
44
52
49
40
24
17
24
26
40
46
44
41
33
25
27
28
23
24
22
22
22
26
22
17
13
13
16
26
31
27
26
15
7
-6
-12
-18
-17
-9
-8
-2
2
-1
-12
-23
-28
-25
-19
-10
-4
-7
-7
-9
-18
-23
-16
-14
-6
-2
-8
-5
-3
-8
-16
-26
-29
-40
-44
-43
-46
-47
-39
-30
-32
-37
-37
-39
-34
-22
-12
5
11
20
22
17
21
14
12
11
6
2
2
3
11
15
20
23
21
21
25
24
22
22
16
18
12
11
9
4
-3
-2
5
4
9
8
7
0
0
5
8
14
19
17
4
-10
-12
-15
-12
-9
-21
-22
-23
-24
-16
-12
-14
-5
-4
3
6
1
-10
-11
-10
-15
-14
-12
-9
-10
-12
-23
-23
-34
-40
-32
-22
-9
-11
-14
-23
-31
-29
-25
-16
-6
3
6
5
13
11
12
15
19
22
18
20
20
27
38
41
45
49
49
45
45
37
27
26
25
25
33
43
45
57
54
45
42
41
41
39
29
23
17
9
1
-6
-8
2
5
7
3
-3
-13
-27
-44
-50
-58
-59
-53
-46
-34
-39
-43
-44
-45
-37
-30
-31
-22
-18
-15
-12
-11
-11
-10
-7
-5
4
15
20
23
12
3
-15
-19
-14
-11
-8
-3
1
5
5
-3
-8
-17
-9
2
5
18
25
18
11
11
7
5
7
11
8
11
7
-2
-10
-27
-35
-43
-42
-36
-31
-21
-23
-13
-13
-15
-4
2
-6
-10
-13
-21
-21
-19
-17
-17
-15
-12
-17
-9
-5
-3
8
10
10
8
6
3
-10
-6
-7
2
6
7
12
14
6
-3
3
6
9
16
20
29
31
25
25
24
22
21
25
24
22
26
24
22
29
35
39
40
43
50
40
45
41
37
41
31
28
28
35
41
46
43
36
35
24
8
-1
-7
-9
-7
-6
-9
-13
-27
-34
-29
-31
-31
-23
-21
-27
-21
-28
-33
-35
-36
-42
-48
-43
-37
-33
-31
-27
-31
-42
-50
-50
-45
-39
-32
-15
-11
-9
2
-5
-5
-10
-11
-20
-29
-34
-27
-19
-13
0
6
8
8
7
10
15
22
22
13
12
9
1
-5
-2
-5
2
9
16
18
14
18
17
23
25
23
21
14
14
17
14
8
11
15
13
10
10
11
7
-3
-13
-14
-10
-4
9
15
23
20
13
6
3
3
3
-7
-11
1
0
4
17
19
16
18
11
-1
-18
-23
-32
-41
-41
-35
-28
-28
-24
-20
-21
-21
-14
-11
-10
-10
-12
-16
-20
-22
-18
-8
-4
0
-1
-4
-11
-11
-9
-3
8
10
14
15
22
27
20
17
12
13
26
32
45
51
49
41
26
18
17
15
22
32
34
39
36
22
6
4
7
4
6
6
5
-3
-11
-10
-10
-6
-4
0
6
4
7
3
-8
-22
-28
-27
-21
-19
-20
-26
-32
-27
-27
-20
-13
-8
-3
4
14
15
12
5
2
1
-1
-6
-6
-10
-10
-13
-23
-26
-26
-19
-4
5
12
10
-2
-10
-16
-19
-12
2
14
12
1
3
-10
-10
-8
-6
7
13
18
17
9
-2
-13
-19
-13
-4
5
3
-7
-23
-30
-45
-40
-20
-2
12
8
9
8
5
5
-3
-4
-3
-1
-7
-3
6
8
9
4
-4
-6
-7
-10
-2
-1
-1
9
17
24
31
26
21
26
24
22
25
24
22
25
25
27
27
23
18
17
7
-4
-12
-20
-24
-22
-14
-11
-7
1
-2
-3
-8
-10
-5
-6
-5
-5
-10
-20
-21
-33
-39
-39
-39
-30
-20
-15
-10
-5
0
9
20
27
33
38
25
9
3
12
19
28
32
29
20
11
10
12
17
18
26
19
6
2
-5
-10
-6
