-12
-9
-4
-7
-8
-10
-11
-6
-8
-4
-5
-6
-6
-6
-3
-5
-2
-3
-3
-3
-2
4
4
5
6
6
8
11
15
19
21
24
22
21
17
16
15
11
7
4
5
9
7
5
3
3
1
0
0
3
4
5
3
2
0
1
-1
1
1
-4
-5
-13
-14
-14
-17
-16
-20
-18
-19
-16
-14
-19
-16
-17
-17
-14
-10
-8
-7
-5
-3
-1
2
1
-2
-5
-6
-6
-10
-9
-6
-5
-3
1
-2
-5
-5
-1
0
3
6
5
5
0
0
3
1
5
7
10
13
10
12
12
13
15
15
12
13
9
8
7
6
6
8
11
10
9
8
6
6
10
11
12
12
10
8
8
5
7
8
4
3
0
3
2
1
0
-1
-2
-3
3
1
0
1
-2
-1
-1
-3
-1
-1
-2
-5
-7
-10
-14
-15
-13
-12
-15
-13
-11
-15
-11
-8
-1
1
0
-1
-5
-2
0
5
11
9
7
5
4
0
-6
-3
-3
-9
-5
-9
-10
-7
-12
-9
-7
-9
-5
-3
-5
-4
0
-3
-2
1
-1
-1
1
6
3
2
2
-1
-3
2
5
2
2
-2
-1
0
0
0
0
-2
-4
0
-2
1
0
0
-4
-2
-2
0
2
2
2
0
-1
-4
-4
-3
-5
-5
0
2
4
7
9
8
9
8
7
8
6
8
8
7
7
4
6
5
9
13
18
20
19
17
19
18
18
16
16
10
6
4
5
5
5
3
5
4
0
3
1
0
1
-3
-2
-2
-3
-1
1
-1
-5
-10
-13
-16
-15
-14
-14
-13
-14
-14
-16
-16
-13
-15
-12
-12
-12
-13
-12
-11
-15
-13
-14
-14
-16
-16
-16
-13
-12
-11
-3
0
3
4
5
6
13
15
15
14
9
5
3
5
4
6
8
11
11
11
8
8
7
9
13
14
17
13
8
5
1
2
3
-1
2
-1
-3
-8
-9
-8
-6
-4
0
2
3
5
-1
-2
-1
-4
-1
1
-2
-5
-7
-10
-12
-13
-16
-12
-14
-13
-15
-16
-20
-18
-14
-14
-13
-12
-13
-15
-11
-10
-5
-6
-4
-3
-1
0
-4
-3
-1
2
0
3
2
3
6
2
7
7
13
18
20
21
19
18
16
11
9
6
5
4
3
1
-1
-5
-5
-3
-2
-1
0
-1
-1
2
5
7
12
14
18
17
15
13
6
8
6
7
8
7
10
11
10
11
7
9
14
15
18
19
15
15
12
12
11
6
5
1
-3
-8
-12
-13
-14
-17
-16
-18
-22
-20
-20
-21
-18
-14
-11
-10
-7
-9
-10
-10
-10
-9
-8
-7
-5
-6
-3
-3
-3
-5
-1
-1
0
5
7
7
4
3
3
2
3
2
5
3
6
1
1
1
-1
2
3
5
2
5
7
10
7
11
10
3
4
1
1
5
3
2
3
0
-1
1
2
1
1
2
-1
-2
-5
-10
-11
-14
-15
-15
-13
-11
-13
-11
-9
-6
-5
-7
-5
-7
-11
-10
-10
-9
-7
-5
-3
-1
-2
-3
-4
-3
1
2
4
3
4
-1
-1
2
-1
4
8
9
12
12
10
12
8
9
8
5
4
1
4
2
1
4
4
8
6
6
4
4
6
7
8
9
7
8
7
8
11
7
4
5
7
8
10
9
6
5
3
4
10
12
11
11
9
5
1
-2
-2
-4
-4
-1
-2
-3
-7
-8
-8
-5
-1
2
1
1
-2
-1
-4
-5
-10
-12
-11
-9
-6
-6
-4
-4
-1
-1
-1
-2
-2
-7
-7
-6
-8
-11
-14
-16
-18
-13
-10
-7
-8
-7
-7
-3
-3
-1
-3
-8
-8
-8
-8
-9
-9
-10
-10
-10
-13
-13
-11
-9
-3
-4
-1
0
-1
3
1
0
-5
-9
-12
-11
-5
-2
4
5
12
12
10
8
5
5
5
8
8
10
11
10
11
13
16
14
13
13
9
9
6
4
4
3
1
0
2
0
-3
-5
-6
-5
-6
-2
0
0
1
5
4
2
3
3
5
3
3
1
-3
-6
-7
-8
-9
-10
-8
-9
-9
-8
-8
-7
-3
0
5
-1
1
-1
3
6
9
13
16
16
16
20
22
24
24
22
18
15
10
5
5
2
1
2
4
5
4
6
6
6
5
6
8
6
7
7
2
1
0
2
3
7
10
10
11
8
7
3
1
-1
-6
-5
-7
-11
-14
-13
-11
-12
-11
-12
-14
-17
-17
-16
-20
-17
-16
-18
-18
-20
-19
-16
-16
-13
-10
-8
-2
-1
-2
-2
-3
-2
-1
-3
-4
-8
-6
-5
-4
-3
-2
3
3
5
9
8
8
7
4
1
0
-2
-4
-3
-7
-10
-11
-12
-10
-6
-3
-2
-2
-1
0
-1
1
5
7
11
12
11
9
0
0
0
-1
2
3
0
2
4
4
3
3
-1
-6
-7
-7
-8
-6
-7
-9
-8
-8
-4
3
9
10
10
11
9
13
14
16
12
13
13
11
10
9
9
11
12
15
19
20
21
19
17
13
10
7
4
6
4
4
7
4
4
6
2
-2
-2
-6
-10
-12
-12
-10
-10
-3
0
1
4
4
6
3
4
2
-1
-3
-4
-8
-12
-9
-10
-7
-8
-8
-5
-7
-7
-6
-9
-9
-14
-15
-14
-12
-9
-7
-11
-12
-16
-17
-15
-8
-6
-4
0
-2
-6
-8
-8
-9
-7
-11
-14
-14
-13
-12
-11
-8
-3
-1
0
1
-2
0
-1
1
6
5
3
0
-6
-4
-4
-6
-2
-3
-1
0
-4
-3
-5
-4
-2
-2
0
4
6
9
13
13
12
12
12
8
15
15
17
16
14
18
16
16
18
21
18
14
11
12
10
4
8
5
3
0
-8
-10
-12
-12
-10
-9
-7
-9
-11
-11
-13
-12
-8
-6
-5
-1
-2
-4
-5
-6
-8
-3
4
6
10
13
16
21
23
20
23
22
16
15
12
14
12
13
16
14
9
8
4
-1
-2
-7
-10
-12
-11
-5
-1
-2
-1
1
2
5
3
2
1
-2
-3
-3
-7
-9
-13
-9
-2
-3
-2
-2
0
0
7
11
9
6
1
-1
-5
-3
-6
-5
-7
-6
-9
-11
-17
-33
-25
-11
2
-14
-42
-36
-13
-6
-19
-29
-24
-13
-2
1
-4
-17
-5
18
21
9
10
28
34
18
12
29
36
35
25
23
26
25
17
14
22
25
15
1
-2
3
4
0
-17
-21
-17
-25
-27
-28
-18
-23
-31
-35
-22
-10
-15
-22
-34
-29
-29
-34
-41
-46
-39
-40
-46
-53
-52
-49
-46
-36
-35
-34
-38
-41
-38
-36
-26
-19
-8
-3
12
24
26
35
48
58
65
63
61
68
70
77
87
95
88
95
103
106
104
105
107
107
112
112
111
107
94
85
78
67
57
44
31
30
25
20
17
-9
-26
-41
-54
-71
-82
-83
-80
-80
-95
-117
-122
-122
-127
-140
-161
-164
-166
-144
-150
-171
-190
-221
-197
-146
-117
-165
-218
-187
-101
-86
-139
-152
-119
-56
-29
-24
-13
-4
41
111
151
159
165
190
215
206
197
215
246
245
224
219
225
231
233
221
220
207
190
174
155
173
181
184
150
125
116
109
106
103
88
58
42
7
-5
-13
-45
-74
-86
-83
-88
-131
-155
-152
-154
-171
-206
-248
-272
-277
-285
-285
-322
-350
-349
-338
-333
-371
-390
-374
-343
-337
-350
-362
-359
-319
-304
-309
-292
-234
-163
-125
-125
-86
5
98
156
197
266
344
391
396
418
482
541
566
568
582
637
646
655
657
640
648
628
609
573
577
554
517
477
434
401
337
285
222
206
151
61
3
-48
-111
-200
-235
-273
-319
-361
-417
-441
-495
-535
-595
-633
-626
-634
-658
-691
-679
-653
-651
-648
-619
-555
-525
-514
-508
-463
-440
-437
-422
-434
-411
-325
-219
-151
-176
-270
-249
-133
-58
-82
-166
-167
-29
71
41
-29
-11
136
254
235
204
259
387
466
456
423
530
697
758
706
665
775
884
874
788
782
834
872
786
684
745
787
757
624
548
513
469
430
389
375
324
253
196
214
209
108
-23
-102
-147
-166
-236
-385
-461
-526
-574
-614
-761
-843
-877
-884
-881
-896
-925
-964
-961
-932
-910
-911
-899
-902
-847
-724
-666
-697
-678
-981
-985
-542
-59
26
-827
-1304
-722
122
108
-756
-1273
-692
319
217
-602
-1107
-500
609
665
-101
-543
247
1287
1222
332
168
1253
2185
1792
757
758
1906
2523
1827
1023
1342
2317
2316
1274
759
1444
2228
1793
728
556
1315
1761
1041
230
246
840
634
-234
-592
-282
180
-254
-991
-1192
-954
-757
-1113
-1671
-1798
-1280
-1026
-1516
-2192
-2082
-1289
-1037
-1564
-1923
-1495
-862
-810
-1152
-1155
-666
-352
-520
-699
-530
-97
-64
-313
-206
59
313
168
-18
219
603
655
470
225
362
600
652
499
161
4
-271
-99
171
245
-190
-658
-475
-33
124
-517
-1034
-960
-411
-286
-769
-1174
-996
-388
-174
-446
-688
-386
119
277
28
-99
279
903
1063
719
572
998
1508
1424
1050
1098
1520
1663
1255
988
1360
1814
1720
1148
1032
1419
1605
1203
705
681
974
1079
522
-26
-152
139
286
20
-281
-433
-535
-674
-597
-574
-630
-787
-822
-744
-790
-847
-772
-566
-418
-462
-469
-372
-220
-219
-212
-140
-89
-125
-160
-28
146
121
-129
-311
-169
-41
-35
-295
-527
-1218
-1538
-864
-24
152
-1591
-2892
-2110
-402
-124
-1956
-3516
-2898
-836
-502
-2126
-3678
-3018
-716
-26
-1545
-2961
-1987
365
893
-689
-1560
44
2229
2273
500
-177
1529
3310
2907
1399
1506
3279
4179
2898
1659
2433
4129
4251
2510
1664
2788
4070
3387
2003
1934
2932
3079
1802
818
992
1616
1496
588
-215
-202
50
-270
-1208
-1624
-1214
-869
-1570
-2665
-2658
-1948
-1599
-2341
-3089
-2867
-2311
-2137
-2595
-2880
-2551
-2189
-2153
-2272
-2168
-1679
-1472
-1630
-1585
-1226
-799
-853
-1016
-834
-313
-66
-218
-341
-156
283
456
256
162
-87
-506
-114
533
1022
165
-1119
-881
482
1174
-160
-1823
-1673
223
1116
-90
-1571
-1512
386
1514
554
-883
-662
1127
2113
1032
-136
670
2648
3310
1939
670
1591
3372
3481
2103
1493
2604
3514
2661
1236
1562
2988
3175
1677
514
1225
2268
1826
366
-23
747
1164
141
-914
-1170
-837
-310
-945
-1608
-2032
-1886
-1601
-2067
-2501
-2400
-1982
-2257
-2705
-2960
-2495
-1949
-2076
-2236
-2185
-1727
-1252
-1167
-1125
-838
-400
-205
-231
-10
548
830
515
243
482
961
1089
763
497
720
964
923
715
299
-299
-400
326
1096
813
-859
-1607
-641
530
32
-1912
-2594
-1192
246
-392
-2281
-2863
-1244
355
-90
-1809
-2102
-347
1274
747
-851
-654
1422
2827
1819
186
543
2520
3487
2292
1066
1784
3312
3263
1655
1089
2314
3505
2701
873
690
2056
2793
1513
3
298
1483
1691
255
-881
-557
236
94
-1004
-1620
-1433
-999
-1313
-1948
-2105
-1757
-1674
-2307
-2674
-2282
-1625
-1560
-2052
-2262
-1856
-1382
-1398
-1546
-1380
-811
-559
-875
-1083
-584
179
403
-51
-342
146
687
896
598
460
671
869
954
884
952
1171
204
-254
323
1571
1803
-339
-1688
-809
994
878
-1250
-2733
-1457
813
544
-1587
-3362
-2099
589
813
-1252
-2728
-1246
1374
1449
-727
-1626
438
2739
2290
-44
-583
1574
3331
2414
614
715
2534
3143
1622
596
1517
3143
2727
928
385
1526
2653
1863
447
244
1316
1766
829
-124
-259
41
664
255
-628
-1144
-1000
-572
-1137
-1740
-1612
-944
-1473
-2165
-2055
-1503
-1081
-1696
-1794
-1328
-1025
-1036
-1271
-1017
-597
-459
-732
-693
-256
-16
-138
-583
-507
-19
-9
-182
-263
-214
-105
-181
-13
172
175
-429
-1355
-909
100
927
-94
-2011
-2101
-752
265
-645
-2126
-2234
-843
-80
-1052
-2299
-2266
-366
907
-271
-1925
-1727
560
1922
622
-923
-22
2455
3113
1280
-106
1402
3650
3435
1348
669
2491
3904
2898
1033
1193
2978
3526
1996
841
1558
2657
2443
1061
611
1175
1654
1020
260
-207
-368
39
-40
-94
-958
-1491
-1374
-1385
-1507
-1659
-1658
-2056
-2276
-2388
-1921
-1629
-1945
-2002
-1711
-1200
-1104
-1377
-1383
-751
-273
-333
-607
-519
218
486
217
-63
136
471
441
231
168
209
203
225
231
269
190
-231
-1171
-1067
-379
459
139
-1743
-2524
-1590
-49
-3
-1690
-3046
-2099
-324
-201
-1860
-3278
-2010
370
627
-1351
-2559
-911
1718
1725
-454
-985
1324
3575
2884
637
546
2866
4187
2856
1271
2060
4072
4079
2016
1069
2377
4054
3401
1392
874
2018
3005
2099
725
469
1251
1592
597
-459
-575
170
324
-677
-1783
-1785
-1160
-1200
-1993
-2395
-1839
-1542
-1936
-2629
-2520
-1784
-1538
-1812
-2149
-1876
-1425
-1422
-1602
-1444
-895
-714
-1027
-1277
-934
-359
-206
-565
-719
-416
-54
-17
-267
-302
-33
291
175
-166
-164
-84
-752
-961
-522
534
564
-1231
-2261
-1266
466
483
-1239
-2760
-1650
383
587
-901
-2330
-1077
1119
1257
-621
-1620
219
2692
2448
-51
-634
1841
4096
3200
610
523
2989
4341
2763
838
1743
4029
3991
1587
400
1960
3841
3013
851
359
1778
2649
1398
-6
248
1318
1229
-203
-1000
-775
-382
-253
-714
-1282
-1784
-1980
-2004
-2130
-2223
-2038
-2016
-2834
-3009
-2537
-1858
-1785
-2340
-2225
-1693
-1287
-1419
-1409
-971
-494
-277
-607
-544
-79
270
367
14
37
421
601
538
343
372
480
381
232
347
601
486
-651
-961
-22
1289
1045
-1226
-2327
-1080
735
212
-1991
-3002
-1515
447
-61
-2090
-3261
-1587
884
630
-1688
-2673
-424
2211
1615
-1046
-1474
1418
3702
2464
-263
-94
2755
4082
2148
240
1401
3723
3737
1362
477
2267
3976
2903
872
798
2139
2990
1874
687
721
1342
1338
729
45
-215
85
-90
-482
-1025
-1143
-1051
-1450
-1882
-1833
-1373
-1451
-2109
-2569
-2082
-1426
-1546
-2008
-1930
-1342
-985
-1231
-1614
-1115
-401
-170
-587
-1008
-683
-117
120
-108
-288
9
257
486
544
315
247
185
381
442
369
-68
-1077
-726
-87
827
160
-1710
-2098
-1157
120
-545
-2238
-3062
-1717
-402
-1000
-2501
-3178
-1482
449
-24
-1972
-2558
-505
1705
981
-1071
-963
1655
3300
1915
-104
670
3309
4083
2317
1069
2193
4128
3913
2054
1655
2829
4147
3350
1903
1849
2594
3093
2284
1449
1203
1417
1588
1178
482
-251
-131
100
-350
-1127
-1533
-1191
-1159
-1779
-2173
-1960
-1801
-2269
-2766
-2491
-2129
-2105
-2421
-2185
-1678
-1792
-2042
-2183
-1569
-1021
-1129
-1367
-1195
-518
-319
-572
-787
-437
226
386
243
-67
-5
293
642
585
378
18
-891
-396
325
1030
527
-1312
-1552
-307
766
-171
-1951
-2369
-542
775
-453
-2522
-3239
-1061
1144
477
-1883
-2687
-484
2056
1475
-921
-1129
1544
3504
2233
-206
232
3063
4281
2386
473
1452
3630
3846
1902
1101
2403
3476
2647
1053
1201
2501
2838
1711
608
827
1560
1391
686
132
2
-94
-299
-720
-1138
-1252
-1238
-1437
-2059
-2163
-1701
-1478
-2139
-2743
-2396
-1605
-1437
-2176
-2291
-1602
-1054
-1265
-1840
-1455
-545
-305
-765
-1087
-558
61
-94
-572
-620
-54
309
147
-27
-48
271
362
475
390
421
-433
-877
-53
829
1368
-458
-1875
-1163
449
635
-1190
-2735
-1877
387
431
-1521
-3249
-2209
602
1265
-840
-2573
-1323
1521
2203
-144
-1358
742
3327
3054
426
-291
2069
4064
2961
766
847
2911
3609
1978
779
1635
3196
2588
898
778
1886
2222
1368
726
1002
1406
655
50
57
258
26
-606
-970
-988
-897
-1131
-1351
-1730
-1609
-1458
-1610
-1993
-2132
-1648
-1230
-1356
-1925
-1909
-1230
-842
-990
-1467
-1275
-716
-650
-976
-981
-362
94
-173
-779
-699
-145
270
245
52
20
129
203
462
641
623
275
-960
-652
301
1266
775
-1214
-1585
-413
863
93
-1710
-2438
-803
950
134
-2188
-3377
-1382
1377
1137
-1512
-2826
-786
1998
1668
-951
-1362
1330
3412
2148
-526
-228
2563
3868
1948
106
930
3056
3040
1100
622
2100
3275
1959
368
631
2165
2627
1294
216
561
1385
1358
480
117
318
376
77
-578
-661
-638
-739
-1124
-1509
-1656
-1357
-1248
-1739
-2027
-1825
-1272
-1135
-1560
-1644
-1176
-721
-694
-981
-915
-473
-303
-468
-596
-493
-314
-294
-446
-352
-135
-148
-269
-312
-167
-117
-166
-112
99
232
397
-402
-789
-172
729
1259
-272
-1626
-1242
286
807
-582
-2180
-1911
224
606
-938
-2707
-2255
359
1202
-610
-2420
-1398
1419
2054
-173
-1724
148
2740
2557
87
-989
1347
3372
2541
398
230
2371
3243
1731
195
900
2775
2679
950
28
957
2349
2120
1006
461
930
1354
1070
538
110
363
544
156
-460
-839
-569
-501
-830
-1083
-992
-862
-1215
-1568
-1378
-809
-762
-1226
-1458
-1166
-634
-580
-914
-1117
-849
-633
-759
-1023
-961
-628
-409
-500
-858
-851
-630
-224
-58
-271
-510
-493
-92
79
42
-91
-2
-418
-604
-217
468
694
-477
-1408
-917
311
491
-896
-2117
-1334
232
179
-1487
-2578
-1160
848
644
-1408
-2089
-166
1772
1044
-1216
-1171
1341
2960
1677
-427
-70
2140
3246
1812
453
1195
2716
2842
1312
770
1941
2867
2351
929
784
1749
2080
1646
805
788
1035
956
583
86
11
195
219
-480
-949
-862
-580
-674
-1356
-1492
-986
-1017
-1684
-1968
-1371
-628
-827
-1618
-1698
-974
-479
-762
-1300
-1153
-326
-175
-744
-1007
-591
278
130
-645
-762
-189
499
414
-138
-207
155
431
297
291
428
685
427
-518
-476
187
1235
885
-917
-1756
-909
391
182
-1334
-2245
-1160
87
-500
-2114
-2695
-1081
450
-323
-2145
-2339
-409
1056
8
-1682
-986
1297
1997
559
-896
100
2076
2178
734
86
1290
2633
2272
838
570
1896
2871
2267
970
945
2165
2966
2216
961
876
1662
2138
1486
407
199
737
781
130
-618
-505
-142
-633
-1224
-1358
-775
-771
-1514
-1865
-1431
-774
-1004
-1414
-1310
-763
-513
-1040
-1204
-641
-172
-253
-730
-701
-215
210
75
-365
-168
199
383
249
68
280
507
620
451
220
266
420
482
253
-733
-974
-133
734
499
-1429
-2347
-1200
336
-95
-2025
-2963
-1734
12
-488
-2275
-3078
-1795
21
-138
-1767
-2499
-1197
486
249
-1442
-1904
86
1874
1530
-315
-631
1167
2658
1854
321
599
2096
2892
1616
638
1365
2822
2876
1722
1277
1692
2375
2209
1538
1336
1562
1656
1489
981
816
932
936
622
295
332
371
114
-255
-84
105
64
-450
-890
-641
-208
-224
-790
-1103
-892
-549
-650
-1079
-1316
-1085
-760
-674
-1037
-1220
-974
-628
-546
-906
-992
-781
-555
-428
-584
-599
-693
-657
-476
-206
-171
-466
-1064
-1267
-521
-78
-152
-1276
-1947
-1356
-388
-536
-1667
-2242
-1671
-462
-663
-1707
-2441
-2014
-565
128
-750
-1726
-1348
-19
803
-104
-1127
-274
1576
2245
890
-567
468
2641
3176
1562
278
1462
3442
3411
1580
1027
2464
3725
2823
1030
1143
2744
3385
1896
504
1072
2224
2160
618
-223
539
1268
696
-671
-748
277
574
-363
-1246
-853
-57
-230
-1104
-1523
-906
-434
-895
-1443
-1465
-995
-724
-1173
-1436
-1207
-868
-849
-1093
-1092
-866
-709
-941
-951
-596
-223
-189
-663
-795
-534
-182
50
-159
-282
-319
-285
-168
-230
-272
-847
-1079
-598
49
-121
-1496
-1995
-1030
166
-312
-1984
-2562
-1388
73
-306
-1625
-2102
-1273
-192
-434
-1294
-1342
-410
451
240
-390
-422
697
1485
1484
920
765
1474
2132
2278
1794
1777
2319
2867
2672
2109
1921
2449
2994
2773
1908
1427
1906
2288
2215
1379
1048
1236
1249
932
458
528
700
650
40
-224
-128
43
-25
-364
-540
-603
-649
-908
-1083
-1039
-957
-1008
-1363
-1490
-1396
-1237
-1219
-1389
-1350
-1277
-1376
-1532
-1487
-1070
-701
-944
-1358
-1510
-963
-546
-730
-1102
-1209
-735
-603
-694
-1004
-902
-1340
-1493
-934
-320
-69
-1538
-2267
-1231
330
151
-1519
-2540
-1226
510
-97
-1679
-2246
-776
714
240
-1268
-1473
46
1260
816
-421
-304
1513
2474
1755
500
886
2680
3315
2386
1313
1944
3234
3338
2170
1499
2434
3269
2874
1591
1148
2017
2637
2163
1183
910
1541
1820
1386
654
306
958
1307
775
-230
-477
159
457
-46
-929
-920
-574
-667
-1345
-1780
-1270
-888
-1320
-2032
-2084
-1402
-1004
-1567
-2018
-1803
-1239
-1196
-1600
-1622
-1115
-817
-1281
-1819
-1448
-671
-434
-929
-1480
-1192
-657
-317
-732
-945
-639
-411
-629
-1002
-868
-213
102
-162
-886
-1160
-519
60
313
-383
-963
-924
-285
-77
-502
-885
-1027
-565
-343
-533
-866
-900
-379
337
386
-25
-379
184
1242
1460
832
446
1219
2264
2294
1308
1296
2513
3263
2584
1502
1632
2717
2899
1981
1267
1736
2427
2119
1375
1119
1628
1983
1560
862
584
916
1265
1092
451
-84
175
647
627
-158
-763
-480
-19
-262
-1163
-1511
-1079
-693
-1000
-1649
-1774
-1323
-1136
-1310
-1674
-1592
-1467
-1545
-1553
-1649
-1579
-1561
-1360
-1253
-1436
-1608
-1505
-1115
-997
-1178
-1358
-1163
-1029
-980
-1100
-940
-677
-659
-1297
-1887
-978
-7
649
-751
-2178
-1600
-67
680
-553
-1967
-1854
39
741
-586
-2071
-1803
484
1803
321
-1415
-953
1627
2798
967
-817
414
3187
3768
1776
62
1752
4113
3952
1886
957
2503
4010
3191
1464
1524
3089
3633
2252
981
1362
2696
2778
1664
810
1080
1759
1671
1021
355
337
709
679
-51
-583
-559
-546
-690
-1222
-1626
-1647
-1775
-2079
-2149
-1984
-2088
-2515
-2765
-2460
-2043
-2322
-2691
-2577
-2033
-1756
-2354
-2632
-2122
-1202
-1241
-2060
-2295
-1667
-715
-775
-1145
-1264
-839
-395
-535
-546
-198
177
167
-226
-195
37
234
371
255
-104
-433
-81
449
718
-74
-696
-165
658
590
-402
-760
104
1146
812
-135
-418
399
1507
1404
509
201
957
1956
1898
1024
915
2003
2929
2442
1196
827
2103
3161
2628
1250
830
1891
2526
1733
942
1328
2310
2071
732
154
1050
2029
1494
386
7
434
593
69
-354
-292
-148
-565
-1205
-1383
-987
-664
-940
-1308
-1461
-1404
-1368
-1606
-1716
-1659
-1551
-1610
-1896
-2029
-1928
-1609
-1329
-1392
-1608
-1795
-1665
-1258
-1045
-1030
-1033
-902
-890
-812
-796
-590
-498
-373
-231
-330
-438
-680
-444
-109
40
-140
-543
-533
-261
-16
-17
-299
-573
-479
-158
243
103
-232
-382
-237
12
-17
-154
-164
337
431
238
-54
58
820
1102
937
660
866
1286
1453
1342
1351
1875
2198
2112
1902
1691
1973
2191
2232
2267
2109
1992
1758
1769
1784
1972
1711
1258
1138
1090
1211
835
719
815
793
323
-192
-328
-124
70
-198
-686
-1106
-1174
-1072
-970
-1148
-1378
-1648
-1718
-1675
-1732
-1788
-1866
-1847
-1740
-1794
-1960
-2110
-1921
-1485
-1363
-1536
-1694
-1460
-1278
-1303
-1505
-1395
-987
-740
-926
-1228
-1065
-543
-300
-582
-929
-783
-302
-225
-560
-610
-235
92
-140
-339
-516
-288
240
431
629
51
-506
-102
806
1237
580
-380
-258
1106
1833
1021
-127
-23
1479
2281
1289
213
685
2393
2777
1366
421
1579
3396
3367
1720
806
1921
3263
2921
1474
1175
2283
3131
2174
763
741
1893
2390
1449
364
296
971
1023
276
-473
-421
30
-85
-817
-1564
-1473
-958
-860
-1355
-1898
-2012
-2057
-2182
-2397
-2307
-2153
-2392
-2809
-3093
-2822
-2407
-2325
-2477
-2693
-2551
-2279
-2149
-2190
-2118
-1768
-1504
-1276
-1463
-1481
-1052
-539
-137
-240
-353
-288
8
268
378
546
611
705
636
741
1170
1514
1508
1180
1073
1303
1580
1646
1598
1167
1109
1285
1674
1771
1255
848
1151
1752
1690
939
103
603
1550
1552
477
-620
-264
883
1210
229
-421
114
1134
923
-296
-530
786
1950
1388
-111
-449
705
1602
1266
311
250
912
1094
430
-14
378
927
878
54
-357
-120
181
107
-21
-55
-196
-456
-967
-852
-465
-474
-959
-1487
-1666
-1476
-1337
-1584
-1846
-1752
-1518
-1637
-2035
-2208
-1694
-1194
-1174
-1669
-1808
-1339
-856
-767
-885
-744
-397
-231
-519
-789
-613
-23
300
100
-309
-341
253
683
692
354
148
363
616
740
619
526
561
688
587
354
336
692
552
261
137
537
925
248
-262
32
1057
1227
81
-787
-122
1209
1227
46
-885
-211
983
1005
-15
-336
611
1505
1225
158
67
1306
2277
1931
853
514
1373
2125
1711
969
925
1629
1859
1075
420
787
1651
1671
718
-206
-94
559
492
-59
-474
-414
-331
-797
-1208
-1297
-1158
-1157
-1469
-1922
-2128
-2100
-2074
-2082
-2180
-2215
-2211
-2446
-2687
-2532
-2151
-1794
-1803
-1965
-1974
-1709
-1463
-1269
-1063
-718
-634
-788
-781
-551
178
598
471
129
147
619
902
883
724
910
1278
1270
1083
868
1168
1668
1855
1541
934
860
1254
1652
1606
1194
906
660
840
953
1163
1233
701
351
405
795
956
493
22
249
793
706
-16
-594
-115
894
1000
73
-593
-113
860
917
231
-2
532
1124
766
-51
-96
698
1186
718
-143
-221
540
833
211
-541
-414
226
163
-738
-1307
-790
-84
-238
-1321
-1896
-1297
-606
-708
-1550
-1984
-1641
-1161
-1356
-1945
-1898
-1546
-1373
-1688
-1950
-1487
-995
-1063
-1448
-1452
-905
-645
-916
-985
-515
-27
-176
-606
-612
109
598
637
288
354
928
1290
1105
789
1026
1539
1749
1406
1044
1191
1682
1899
1642
1225
1104
1343
1487
1337
1159
1181
1233
1058
721
619
700
458
245
79
364
531
-105
-765
-768
65
394
-379
-1322
-1261
-429
35
-517
-1319
-1175
-324
16
-527
-1048
-687
95
203
-417
-752
-151
661
764
217
-28
448
891
609
38
27
622
822
124
-597
-344
549
725
-80
-664
-370
253
156
-589
-906
-540
-134
-434
-1065
-1218
-874
-560
-695
-1058
-1143
-1108
-1200
-1184
-1021
-778
-830
-1102
-1189
-928
-418
-219
-329
-445
-337
-84
89
182
190
405
647
700
502
368
706
1208
1423
1194
1003
1038
1287
1456
1333
1183
1177
1284
1169
1018
925
992
1089
1109
1016
701
506
449
601
743
516
174
-152
-123
-185
-408
-350
-225
-105
-543
-1207
-1276
-799
-446
-880
-1514
-1646
-1216
-947
-1204
-1376
-1247
-808
-600
-948
-1044
-766
-291
-3
-178
-422
-357
45
436
502
229
81
252
405
460
358
362
597
610
463
282
280
405
405
228
123
81
-117
-184
-272
-251
-225
-319
-514
-628
-583
-507
-370
-484
-546
-415
-294
-186
-269
-211
-23
102
119
-91
-4
279
605
577
405
417
596
832
758
728
791
1055
1208
1170
1085
1078
1151
1173
1038
915
902
831
710
626
739
752
442
80
14
146
87
-219
-546
-456
-173
-356
-866
-1046
-722
-444
-694
-1245
-1427
-1192
-977
-1224
-1537
-1516
-1350
-1241
-1320
-1356
-1316
-1149
-918
-684
-525
-589
-511
-257
83
130
14
91
443
767
687
449
433
730
920
884
748
597
682
689
555
409
236
276
321
203
97
33
11
83
107
-56
-184
-256
-259
-172
-213
-196
-240
-164
31
-10
-107
-134
1
227
266
248
110
204
428
623
714
584
619
695
951
966
872
903
957
1009
815
682
652
628
536
421
374
266
187
226
141
71
8
-97
-109
-259
-492
-703
-678
-703
-869
-1098
-1177
-986
-941
-1139
-1307
-1209
-991
-1028
-1242
-1362
-1266
-1134
-1099
-1094
-1087
-1082
-998
-711
-442
-312
-351
-290
-12
247
309
238
367
675
844
774
711
905
1156
1261
1107
923
956
1037
1189
1114
878
596
544
655
664
600
320
226
308
185
16
-180
-182
-118
-246
-404
-508
-512
-475
-443
-347
-358
-488
-720
-599
-249
-111
-180
-339
-205
109
249
262
281
505
728
726
597
556
723
964
1062
794
645
712
899
871
587
429
519
579
321
-89
-166
73
98
-156
-523
-709
-698
-664
-755
-804
-1042
-1429
-1585
-1456
-1245
-1360
-1691
-1867
-1605
-1252
-1371
-1698
-1741
-1161
-690
-761
-1022
-967
-388
97
142
46
131
487
904
1036
1051
1133
1382
1576
1524
1465
1458
1490
1536
1501
1411
1228
1110
1157
1249
1187
943
654
575
606
566
275
-21
-74
-98
-156
-377
-642
-637
-612
-715
-941
-1036
-913
-800
-824
-942
-873
-838
-754
-712
-762
-700
-606
-476
-401
-374
-405
-265
-44
218
332
201
202
452
751
826
682
591
742
947
859
682
606
717
883
730
432
294
364
526
313
-89
-262
-156
-4
-148
-509
-734
-634
-564
-695
-1002
-1125
-1020
-969
-1006
-1135
-1130
-1068
-994
-902
-891
-858
-683
-428
-303
-224
-116
26
227
377
461
667
725
624
624
809
1089
1043
796
675
965
1335
1172
850
755
1043
1211
957
476
230
470
637
467
-60
-305
-131
123
55
-367
-478
-412
-344
-501
-720
-791
-755
-647
-685
-688
-660
-631
-613
-580
-393
-304
-366
-332
-262
-93
-24
-31
145
297
375
338
361
494
662
566
433
512
668
734
515
397
416
501
445
215
105
179
249
154
-132
-268
-196
-237
-430
-619
-636
-630
-699
-916
-1004
-967
-909
-988
-1099
-1082
-982
-916
-940
-921
-779
-543
-502
-584
-455
-130
126
145
113
312
590
786
815
822
1071
1159
1163
1130
1151
1254
1216
1240
1161
1162
1083
970
969
989
989
777
516
414
482
394
195
-81
-167
-75
-189
-394
-612
-628
-530
-593
-787
-989
-1056
-872
-734
-768
-903
-961
-888
-733
-645
-710
-667
-597
-410
-271
-281
-211
-75
93
206
196
257
371
403
416
414
478
448
405
348
337
394
395
312
211
117
34
61
-16
-187
-344
-315
-191
-237
-472
-666
-657
-560
-547
-654
-822
-811
-653
-515
-522
-515
-476
-388
-300
-243
-195
-205
-99
14
60
142
189
292
495
670
681
675
755
871
956
928
940
940
907
856
839
883
835
705
683
732
732
627
493
468
425
410
235
58
75
108
25
-100
-251
-231
-172
-243
-351
-462
-436
-532
-584
-641
-740
-662
-598
-618
-604
-604
-553
-483
-441
-392
-396
-382
-366
-395
-402
-320
-183
-110
-124
-226
-241
-119
3
134
102
-34
-60
-16
119
165
100
53
-21
-47
-109
-125
-53
20
92
-15
-120
-72
52
100
-7
-182
-247
-164
-117
-91
-88
-70
-15
-49
-63
10
88
142
155
195
172
160
223
318
399
385
365
359
350
425
427
458
513
525
499
400
358
408
498
513
457
296
162
191
241
289
199
156
152
18
-106
-160
-69
53
-14
-246
-378
-265
-122
-187
-386
-431
-260
-242
-468
-558
-473
-218
-203
-393
-506
-379
-188
-195
-274
-341
-290
-225
-172
-220
-243
-227
-158
-121
-181
-197
-167
-35
-37
-112
-120
-35
-12
-46
-83
-40
117
52
-72
-124
-11
159
139
17
-53
-17
18
-19
-31
-25
20
-9
-87
-151
-130
-60
-36
-14
-31
3
25
27
-1
35
78
137
134
161
248
412
475
397
428
429
440
494
571
625
631
588
516
546
578
579
515
463
558
474
373
347
413
426
276
123
97
178
160
33
-75
-129
-121
-124
-278
-468
-526
-375
-298
-440
-637
-790
-604
-390
-371
-532
-644
-556
-497
-538
-560
-538
-575
-668
-700
-667
-626
-618
-634
-508
-382
-427
-504
-500
-349
-156
-135
-194
-211
-136
-78
2
172
274
276
128
123
218
265
295
281
332
446
433
356
397
504
553
403
245
230
311
317
193
139
251
284
207
45
8
111
183
79
-76
-129
-38
159
193
95
4
68
177
214
150
153
192
306
312
226
208
309
438
380
280
313
371
429
427
397
436
520
466
337
260
320
387
318
164
7
-79
-78
-120
-156
-197
-212
-244
-393
-495
-545
-540
-540
-599
-702
-785
-776
-781
-790
-812
-792
-772
-831
-928
-849
-688
-623
-633
-651
-524
-361
-322
-397
-317
-117
31
43
-22
45
222
349
303
238
289
412
428
487
443
430
481
499
575
513
493
506
567
591
529
493
451
405
418
347
232
190
137
120
101
83
5
23
54
63
8
-13
42
67
20
-59
-44
102
230
164
116
137
229
316
287
210
171
248
331
213
87
26
141
249
232
115
51
141
186
99
-63
-149
-116
-80
-206
-378
-430
-365
-302
-424
-581
-602
-534
-533
-558
-567
-596
-559
-540
-630
-723
-694
-607
-557
-552
-540
-500
-412
-329
-284
-283
-183
-104
-112
-119
-123
-21
99
143
81
33
105
220
287
311
303
327
347
330
330
368
481
541
486
366
274
333
453
436
337
223
208
197
187
166
188
257
173
107
93
190
311
284
219
165
225
260
254
243
250
315
316
294
257
250
332
400
325
232
152
191
276
265
194
140
176
155
114
72
73
122
98
10
-125
-227
-252
-269
-281
-279
-402
-514
-578
-530
-517
-551
-606
-632
-662
-675
-744
-781
-713
-690
-658
-763
-807
-810
-720
-677
-721
-709
-710
-647
-592
-495
-453
-420
-336
-264
-174
-101
6
166
301
355
397
469
592
623
624
632
634
676
657
618
569
656
730
706
623
556
562
648
707
656
529
428
398
412
403
426
415
388
335
280
236
255
252
228
221
135
65
23
44
80
43
-38
-88
-64
9
24
2
-36
-5
-44
-103
-119
-87
-49
-123
-134
-90
-52
-111
-231
-232
-125
-78
-174
-317
-326
-276
-249
-385
-531
-496
-439
-452
-582
-676
-626
-549
-601
-716
-845
-851
-743
-701
-706
-766
-759
-640
-546
-490
-446
-413
-349
-298
-265
-251
-163
-56
45
80
73
131
281
458
492
508
573
686
729
780
819
872
908
881
859
877
944
954
912
847
815
809
818
701
558
552
587
523
392
222
214
308
269
185
84
31
34
7
-47
-95
-204
-245
-288
-339
-332
-332
-284
-281
-292
-356
-390
-389
-409
-338
-325
-289
-293
-325
-351
-387
-283
-192
-121
-235
-354
-247
-139
-81
-173
-236
-155
-57
-83
-212
-266
-188
-192
-285
-418
-397
-329
-288
-356
-507
-503
-489
-452
-497
-507
-459
-364
-353
-428
-417
-351
-240
-234
-334
-393
-361
-226
-155
-100
55
122
113
151
252
327
349
391
421
461
506
480
557
795
908
841
707
717
822
825
753
658
735
747
720
621
589
658
649
582
426
335
318
383
381
277
156
100
175
175
84
-10
13
47
-24
-191
-235
-131
-38
-109
-270
-352
-274
-216
-332
-401
-373
-311
-287
-308
-402
-357
-282
-248
-357
-467
-433
-325
-264
-363
-474
-501
-477
-459
-563
-621
-549
-484
-535
-626
-655
-613
-512
-485
-562
-622
-579
-482
-417
-381
-332
-330
-268
-262
-228
-212
-134
20
95
66
28
82
205
344
375
378
435
617
683
654
669
728
867
882
791
722
751
898
901
800
710
730
773
692
588
514
536
492
327
273
295
340
294
205
174
188
168
22
-121
-146
-73
-97
-149
-284
-289
-253
-232
-283
-342
-315
-327
-348
-362
-391
-403
-371
-397
-430
-417
-403
-401
-365
-345
-343
-361
-376
-387
-365
-355
-351
-386
-395
-440
-512
-499
-477
-468
-504
-559
-520
-455
-426
-415
-420
-373
-322
-259
-274
-261
-183
-138
-43
8
89
100
98
212
342
398
376
345
361
471
574
505
417
450
512
493
506
536
578
618
590
572
539
564
560
507
556
564
540
481
436
445
427
403
320
305
280
309
294
194
135
88
31
33
42
-8
-4
-22
-61
-108
-128
-158
-168
-190
-202
-207
-223
-202
-225
-223
-227
-229
-239
-272
-261
-227
-252
-280
-324
-363
-390
-414
-373
-369
-369
-330
-358
-377
-392
-415
-405
-349
-297
-349
-442
-446
-403
-367
-337
-397
-426
-392
-336
-284
-315
-277
-220
-168
-130
-86
-128
-96
-42
36
65
-29
-33
37
166
236
224
226
263
322
333
331
376
407
440
421
433
466
498
494
492
527
537
508
460
458
561
583
545
479
476
553
573
552
421
329
295
260
230
176
135
147
119
84
29
-73
-97
-76
-144
-254
-355
-351
-293
-258
-346
-398
-345
-337
-334
-370
-386
-376
-324
-358
-393
-398
-413
-361
-340
-328
-357
-395
-390
-354
-288
-288
-317
-313
-255
-253
-299
-332
-307
-233
-204
-222
-260
-185
-86
-87
-138
-139
-95
-6
20
-63
-57
82
154
111
64
87
224
285
221
115
133
244
261
244
254
352
452
434
387
377
410
456
414
400
401
424
465
453
440
450
456
440
391
375
362
368
376
301
256
246
213
193
147
79
38
17
-2
-29
-86
-127
-148
-200
-238
-286
-320
-320
-294
-284
-271
-302
-333
-335
-302
-297
-328
-364
-389
-386
-365
-354
-334
-305
-307
-335
-414
-416
-415
-415
-425
-436
-413
-401
-420
-432
-388
-309
-276
-259
-256
-256
-177
-99
-101
-168
-158
-84
-16
2
4
10
104
132
116
117
146
254
320
340
294
342
387
427
403
355
371
404
445
433
427
429
463
494
486
439
365
359
408
408
366
263
240
238
285
283
259
243
178
164
146
133
110
103
49
23
33
4
-48
-121
-156
-151
-169
-189
-191
-144
-85
-113
-143
-142
-93
-72
-110
-119
-121
-97
-78
-87
-149
-147
-134
-166
-204
-255
-251
-193
-196
-228
-247
-286
-277
-333
-332
-348
-345
-305
-329
-338
-389
-367
-294
-293
-296
-318
-334
-226
-165
-183
-245
-232
-185
-132
-101
-141
-85
-7
5
-9
-20
6
75
186
195
131
174
262
341
322
295
333
405
463
411
411
452
512
549
488
482
502
534
510
439
401
373
373
387
349
274
254
287
274
243
200
179
193
168
104
38
12
35
55
22
-22
-30
-32
-87
-164
-192
-231
-246
-276
-307
-322
-355
-385
-435
-471
-463
-415
-404
-428
-411
-414
-434
-468
-508
-519
-494
-487
-493
-485
-470
-407
-379
-360
-356
-379
-322
-265
-266
-222
-209
-156
-70
-38
-23
11
57
85
130
144
183
200
227
260
263
272
316
342
384
445
405
373
348
350
372
348
319
317
379
425
410
361
343
346
355
382
389
368
347
320
304
249
235
256
204
144
126
88
79
68
80
74
50
64
50
54
6
-1
-19
-47
-98
-141
-135
-134
-177
-233
-258
-294
-300
-313
-313
-270
-296
-389
-410
-392
-355
-354
-368
-386
-391
-387
-373
-368
-337
-328
-327
-313
-318
-278
-222
-218
-213
-231
-226
-190
-181
-96
-48
-7
5
10
42
104
155
133
157
188
228
275
312
351
368
366
317
279
270
281
307
314
287
270
259
268
251
241
274
268
281
258
201
182
188
207
134
89
64
45
58
59
24
-40
-68
-72
-5
-2
-32
-41
-65
-37
10
40
67
39
-23
-61
-97
-150
-178
-183
-188
-196
-221
-217
-178
-138
-116
-144
-171
-188
-170
-177
-203
-163
-118
-94
-155
-233
-213
-142
-109
-130
-209
-187
-128
-95
-106
-88
-59
-48
-77
-101
-81
-67
-33
0
-19
-16
-33
-44
-15
9
3
7
27
28
69
77
116
156
145
151
164
165
182
205
190
155
145
170
201
234
225
162
183
193
169
160
154
180
202
194
163
137
110
129
120
103
109
121
114
75
65
115
108
58
-15
-36
-52
-55
-79
-132
-119
-101
-101
-103
-94
-80
-70
-76
-112
-184
-174
-161
-155
-185
-231
-228
-211
-157
-143
-166
-145
-131
-140
-197
-220
-196
-127
-89
-112
-108
-104
-53
-68
-119
-153
-154
-121
-86
-73
-42
-42
-31
15
35
69
59
39
50
77
107
105
75
75
105
124
123
113
124
122
127
109
112
134
146
131
70
78
107
140
177
184
187
214
262
231
244
223
209
193
185
166
163
162
136
79
31
23
-45
-23
-14
-23
-61
-95
-124
-163
-152
-182
-163
-174
-195
-244
-259
-229
-215
-196
-216
-221
-201
-180
-156
-156
-168
-154
-136
-126
-132
-124
-50
-31
14
22
22
59
45
82
76
71
48
34
21
26
18
36
31
15
-15
-9
5
41
39
12
-16
-68
-43
-25
-16
3
56
84
64
50
57
50
58
35
-25
-35
-35
-3
-3
17
32
13
12
11
-9
37
80
73
86
80
120
131
152
145
137
172
158
194
233
196
191
187
181
186
168
142
115
124
123
100
54
19
-17
-26
-46
-68
-145
-204
-230
-227
-206
-193
-184
-224
-187
-190
-183
-173
-165
-175
-231
-232
-194
-162
-142
-151
-133
-95
-93
-130
-177
-153
-105
-90
-56
-75
-63
-17
26
19
23
41
68
120
87
72
93
92
30
9
-3
24
68
83
46
11
-1
-60
-23
-47
-70
-11
4
30
12
14
-7
21
68
48
28
-2
19
50
72
107
97
127
154
181
199
175
183
183
202
204
178
202
249
265
272
255
259
254
225
210
189
172
121
82
59
-2
-7
-26
-38
-26
-68
-120
-131
-130
-160
-221
-264
-279
-287
-310
-299
-259
-262
-281
-281
-257
-216
-199
-190
-203
-165
-140
-162
-129
-92
-20
-17
17
7
22
19
9
2
-15
18
42
69
86
98
119
115
66
10
-2
-41
-84
-61
-92
-62
-56
-65
-30
3
18
-17
-41
-37
-29
-29
-4
3
24
34
42
19
-23
2
45
42
38
61
110
117
111
103
118
196
214
201
195
220
238
228
230
200
206
209
253
255
220
240
208
185
146
138
123
99
71
27
-4
-52
-61
-53
-77
-125
-173
-181
-182
-229
-218
-180
-200
-229
-285
-302
-267
-238
-229
-237
-259
-223
-201
-258
-270
-271
-276
-258
-242
-181
-115
-45
-25
-29
17
21
7
-6
-27
-24
-27
-47
-36
2
52
68
69
38
26
54
78
101
110
119
89
66
70
94
143
166
203
204
185
173
166
152
144
124
113
86
111
141
107
81
70
68
79
78
92
112
126
123
98
108
101
118
111
93
112
95
92
88
76
36
45
-15
-62
-86
-137
-97
-105
-145
-162
-141
-140
-149
-176
-193
-196
-204
-210
-217
-191
-184
-176
-150
-152
-166
-174
-174
-167
-150
-89
-52
-56
-98
-136
-109
-43
6
11
39
15
54
58
40
51
31
53
28
23
58
80
93
125
116
107
114
134
147
112
101
101
121
129
128
140
176
172
134
87
69
61
56
46
26
50
12
-8
14
27
28
17
-24
-13
-36
-39
-13
19
1
-20
-53
-51
-42
-20
-3
-16
-5
-3
31
31
30
6
-16
-9
-27
-39
-55
-71
-57
-23
-14
-42
-23
-11
-15
-14
-41
-69
-90
-77
-92
-78
-80
-55
-68
-89
-74
-85
-111
-111
-113
-91
-44
-68
-76
-60
-21
22
37
46
47
32
44
35
13
28
48
44
40
32
67
75
98
117
101
88
63
43
2
-19
-18
-12
3
54
114
108
118
118
100
79
47
31
43
29
21
39
50
79
88
60
15
26
-11
-41
-49
-59
-32
-33
-49
-35
-35
-39
4
38
50
25
4
-1
-33
-10
16
7
0
18
9
-25
-24
-26
-47
-41
-73
-95
-114
-108
-81
-68
-30
-32
-44
-40
-39
-72
-97
-114
-154
-171
-129
-110
-82
-68
-64
-91
-95
-108
-64
-43
-57
-40
-74
-55
-24
9
42
64
76
63
85
53
31
29
22
41
39
24
-13
-14
2
66
72
77
65
55
36
50
68
41
72
50
47
37
70
69
52
80
62
58
89
88
101
79
47
38
38
38
69
121
115
101
98
69
69
49
47
72
44
50
63
72
60
76
81
78
78
23
12
9
8
19
-12
-75
-111
-139
-118
-86
-77
-98
-108
-83
-68
-110
-117
-99
-99
-117
-152
-120
-109
-114
-111
-122
-143
-151
-158
-148
-134
-108
-86
-107
-112
-109
-66
-45
-30
-18
-29
-42
-10
14
-2
25
-7
-23
-2
22
41
41
55
51
28
8
28
24
51
62
63
68
39
34
12
36
25
24
28
43
83
126
141
122
125
114
112
98
116
113
142
126
113
109
109
172
183
197
196
187
189
162
155
145
120
133
97
64
74
68
58
43
11
-8
-32
-62
-111
-129
-145
-136
-159
-189
-188
-188
-198
-221
-223
-206
-184
-164
-144
-134
-127
-130
-125
-119
-96
-92
-112
-105
-94
-82
-105
-80
-56
-74
-63
-46
-41
2
12
25
22
1
1
-16
-60
-76
-86
-84
-71
-77
-77
-83
-69
-68
-52
-39
-16
-11
-23
-52
-56
-32
-23
-4
24
79
116
153
186
191
187
140
123
128
143
184
198
187
171
162
166
225
221
225
231
195
185
185
168
151
156
156
151
120
113
91
103
106
96
65
49
25
35
28
-8
-38
-76
-102
-96
-92
-101
-97
-116
-147
-159
-146
-141
-162
-159
-156
-150
-131
-119
-120
-147
-123
-157
-157
-132
-160
-142
-123
-95
-106
-114
-141
-126
-133
-132
-102
-138
-158
-166
-159
-158
-137
-137
-105
-86
-118
-98
-114
-97
-132
-138
-121
-110
-92
-61
-3
-14
3
5
26
34
71
123
148
163
159
135
127
149
204
234
259
266
267
290
291
304
287
258
219
214
220
238
261
279
285
289
233
209
200
142
143
116
108
96
102
107
117
82
22
-27
-74
-83
-75
-90
-82
-126
-135
-131
-140
-156
-160
-166
-186
-204
-216
-259
-273
-302
-380
-367
-357
-354
-335
-282
-279
-276
-269
-276
-267
-255
-198
-152
-128
-109
-86
-91
-70
-42
-11
0
33
81
76
66
71
72
91
83
82
87
96
94
82
63
56
66
43
74
74
55
75
94
92
107
130
165
190
199
212
199
196
217
187
203
215
231
238
251
264
263
261
248
208
195
162
119
106
104
118
110
100
93
66
35
49
45
21
13
-8
-15
-33
-9
-17
-35
-84
-144
-144
-174
-200
-247
-283
-277
-253
-228
-203
-192
-170
-148
-192
-193
-176
-175
-157
-145
-154
-160
-197
-193
-191
-199
-182
-171
-147
-148
-132
-126
-115
-104
-94
-76
-65
-38
-31
9
-5
19
43
54
70
67
73
82
94
92
110
119
147
132
149
113
94
89
65
53
53
53
47
48
34
71
112
117
108
108
102
129
115
105
113
90
74
68
74
90
87
94
92
111
146
152
138
90
74
61
68
53
17
11
-13
-13
-24
-37
-37
-44
-39
-47
-63
-98
-97
-109
-91
-111
-148
-150
-149
-145
-119
-98
-130
-109
-121
-125
-103
-92
-65
-73
-17
-3
3
23
0
13
12
20
47
45
19
-32
-33
-45
-45
-13
-13
-7
14
15
-17
-36
-50
-45
-35
-15
-25
-30
-6
19
13
3
4
-8
-2
-36
-53
14
54
50
26
41
32
46
31
60
63
60
62
49
86
65
67
63
65
41
64
93
65
70
49
18
16
28
33
40
73
66
72
60
64
77
88
75
68
62
44
24
-4
3
4
12
16
12
-20
-60
-93
-77
-82
-100
-107
-126
-115
-133
-109
-82
-99
-80
-121
-120
-121
-147
-144
-171
-178
-194
-164
-146
-127
-133
-98
-89
-123
-123
-97
-90
-74
-27
-3
-9
6
22
46
76
77
96
125
135
119
107
104
113
102
104
113
128
135
155
159
156
140
134
108
91
89
94
132
131
136
126
107
98
103
74
79
86
68
99
81
64
49
23
11
16
5
14
30
34
-21
-59
-51
-52
-61
-66
-66
-83
-82
-74
-60
-67
-69
-97
-121
-110
-97
-90
-92
-68
-61
-61
-88
-78
-79
-76
-52
-51
-46
-64
-46
-49
-41
-21
-25
-29
-29
-50
-4
39
42
46
29
27
31
39
49
49
22
-6
-4
-27
-36
-53
-33
-24
-22
-16
-33
-38
-38
-42
-43
-47
-41
0
-2
40
55
55
50
62
93
82
84
104
87
77
76
66
72
84
68
84
91
100
133
121
133
115
83
46
11
2
6
-14
-17
-11
-19
-30
-43
-43
-49
-67
-115
-135
-150
-137
-123
-113
-78
-95
-132
-134
-141
-126
-123
-110
-116
-113
-114
-117
-102
-105
-71
-62
-52
-71
-90
-76
-50
-34
-23
-12
-4
58
73
59
63
54
52
67
51
63
79
49
24
18
21
17
34
52
54
35
37
55
77
98
131
137
135
124
89
71
63
63
56
38
32
40
27
36
29
42
42
11
0
-2
36
53
34
7
11
-13
3
26
8
9
13
28
49
50
42
26
-7
-21
-14
5
-13
-23
-10
-13
14
16
23
20
5
-14
-31
-22
-26
-15
-33
-59
-59
-66
-31
-19
-17
-8
-42
-54
-69
-61
-56
-58
-39
-12
-15
18
50
55
65
17
-1
-10
-1
-19
-66
-69
-93
-122
-123
-107
-87
-54
-51
-56
-51
-65
-68
-66
-43
-47
-45
-89
-88
-99
-104
-85
-73
-47
-53
-49
-23
-37
-21
5
-6
15
18
26
32
50
81
62
35
85
99
118
149
163
162
155
153
146
161
166
149
109
106
104
122
132
123
106
93
96
58
25
23
27
21
-14
-47
-72
-69
-84
-78
-88
-70
-29
-51
-57
-81
-70
-63
-79
-84
-87
-94
-94
-89
-61
-71
-90
-74
-82
-87
-86
-63
-46
-26
-9
4
39
44
29
37
42
39
4
-13
-8
-9
4
27
45
41
71
94
88
86
71
63
69
80
76
62
54
35
24
12
-4
23
39
54
63
21
14
1
-12
-8
-23
-11
-14
-31
-41
-44
-18
-6
-6
-16
-6
3
-20
-5
-13
17
36
43
71
74
79
81
51
63
54
32
41
41
57
40
19
-22
-44
-63
-86
-105
-104
-77
-69
-90
-98
-124
-140
-167
-141
-145
-147
-130
-137
-123
-123
-131
-141
-142
-138
-120
-102
-93
-102
-103
-108
-118
-94
-49
-15
20
20
32
33
19
11
19
26
21
29
39
65
86
112
90
107
139
148
166
183
183
179
182
169
155
183
198
155
126
112
109
85
87
76
68
78
65
58
41
7
2
-7
-20
-41
-56
-71
-65
-89
-92
-75
-86
-81
-70
-34
-31
-28
-41
-59
-49
-27
-25
-3
-31
-47
-46
-77
-68
-65
-81
-74
-90
-95
-83
-78
-70
-75
-41
-34
-21
15
19
7
6
-2
11
34
27
30
67
79
76
68
54
60
46
53
56
38
43
19
-9
-19
-17
-17
7
11
-5
2
-13
-39
-42
-22
1
29
48
83
82
89
80
67
70
74
70
75
77
71
57
15
-26
-50
-59
-83
-75
-73
-59
-44
-53
-60
-82
-94
-99
-97
-92
-74
-46
-38
-26
-44
-38
-52
-60
-58
-61
-45
-62
-62
-60
-66
-41
-36
-23
1
11
9
18
25
6
14
-2
9
28
42
60
69
71
74
56
57
54
43
39
42
55
61
61
50
55
44
41
32
29
48
38
42
33
32
22
30
15
41
30
27
34
20
29
40
43
45
61
51
26
9
-12
-17
-9
1
9
14
26
28
34
19
32
22
-1
1
-12
-40
-52
-38
-51
-45
-46
-53
-54
-48
-32
-25
-20
-36
-24
-19
-42
-46
-47
-73
-63
-81
-81
-87
-95
-83
-85
-69
-66
-58
-22
-4
-21
-31
-37
-63
-62
-56
-33
-12
19
31
27
27
26
59
70
82
79
76
61
55
69
71
84
93
76
46
26
26
30
15
17
-2
-3
0
16
17
2
-9
-24
-24
-24
-3
4
22
21
7
20
14
5
-1
-30
-44
-45
-46
-43
-50
-40
-33
-31
-25
-33
-23
-34
-35
-39
-38
-49
-60
-55
-66
-43
-26
-13
-1
-6
10
14
4
4
5
22
28
22
28
31
34
29
28
13
6
1
3
1
12
18
36
44
44
54
47
53
45
36
22
28
17
18
19
9
10
3
8
-2
-10
-11
-20
-18
-18
-12
-11
-29
-20
-18
-15
-1
3
9
18
26
24
43
35
27
37
26
32
14
8
11
-10
-2
10
2
4
8
2
2
-4
-4
-23
-26
-27
-11
-16
-2
18
8
16
14
35
38
29
24
10
6
0
-2
-21
-17
-21
-15
-14
-20
-28
-37
-26
-21
-24
-29
-17
-31
-20
-32
-46
-48
-53
-57
-55
-64
-67
-56
-64
-61
-65
-65
-71
-65
-47
-37
-20
-16
-27
-21
-7
-7
-9
-15
8
2
-6
16
35
30
33
44
57
60
61
69
57
56
61
54
64
77
72
77
64
64
51
31
5
-6
-2
11
17
21
35
33
20
27
24
30
20
8
6
-6
-8
-10
3
-4
1
9
0
4
4
13
8
17
28
8
11
15
14
25
40
41
49
38
19
6
-2
7
16
33
24
22
18
25
15
-15
-35
-48
-58
-55
-49
-40
-28
-23
-3
-6
-5
-12
-10
-16
-14
-18
-33
-43
-59
-76
-83
-74
-57
-51
-50
-43
-44
-46
-56
-58
-63
-49
-26
-16
8
9
15
22
25
22
37
36
30
32
20
13
9
19
29
30
42
33
22
6
-1
4
17
7
11
-2
-22
-17
-27
-38
-52
-51
-39
-31
-39
-46
-48
-61
-62
-60
-63
-58
-57
-49
-29
-12
-13
-17
-27
-33
-28
-32
-22
-15
-10
16
16
32
43
48
70
78
80
66
48
47
49
48
63
82
94
93
107
112
118
112
98
88
82
76
80
98
99
89
78
68
61
62
51
52
28
8
-1
-15
-16
-35
-43
-55
-63
-66
-78
-87
-97
-98
-95
-84
-61
-48
-50
-30
-27
-33
-46
-69
-74
-94
-89
-91
-88
-83
-79
-73
-60
-56
-56
-63
-69
-53
-43
-42
-37
-33
-32
-37
-31
-28
-12
4
-13
-10
-9
6
-4
14
28
30
43
37
43
46
42
50
63
74
72
71
80
78
83
85
79
77
75
76
56
40
35
33
29
15
24
10
27
17
17
30
20
15
3
1
3
4
-1
5
-20
-27
-26
-30
-34
-45
-62
-66
-82
-84
-87
-91
-68
-60
-46
-36
-21
-2
3
-4
-3
-7
-6
-7
-16
-11
-1
14
15
10
26
33
31
39
40
37
41
32
18
15
23
12
20
27
35
33
25
29
18
31
19
15
15
16
26
27
36
45
31
17
20
9
7
-1
-12
-17
-22
-28
-29
-20
-22
-37
-37
-44
-53
-57
-53
-42
-27
-8
4
8
6
5
-9
-21
-7
-3
19
26
23
26
29
42
45
45
42
23
9
4
-5
-10
-19
-21
-16
-11
-2
-5
-4
0
-14
-9
-12
-12
-10
-4
5
8
7
12
-4
-15
-28
-38
-49
-58
-52
-56
-56
-45
-24
-19
-18
-7
1
-10
-12
-26
-23
-27
-33
-22
-11
-6
-5
-4
4
-2
-1
6
4
-1
-9
-10
-6
-7
-3
2
9
5
14
27
17
17
20
4
-7
-9
-25
-23
-10
0
-6
-13
-11
-21
-23
-21
-17
-13
-1
6
8
17
20
20
17
26
31
32
33
32
41
46
53
61
67
70
75
90
79
78
72
67
59
67
59
42
39
38
49
50
56
47
45
41
29
20
13
4
-4
3
4
-2
0
-3
-20
-39
-42
-66
-79
-59
-74
-75
-72
-76
-80
-94
-81
-76
-73
-75
-76
-84
-80
-78
-75
-53
-42
-33
-27
-32
-47
-39
-37
-36
-33
-34
-27
-34
-37
-42
-42
-41
-37
-23
-18
3
2
6
4
18
27
37
35
29
40
38
47
47
44
41
34
39
42
37
34
29
40
45
40
31
35
33
33
40
53
57
41
46
60
64
75
80
77
60
47
37
41
37
26
21
9
6
-3
-5
-5
-7
-7
-5
-10
-18
-21
-30
-36
-34
-42
-46
-49
-51
-61
-67
-60
-65
-68
-68
-69
-68
-60
-58
-54
-56
-51
-44
-32
-25
-25
-18
-14
-3
4
2
-2
6
27
45
59
67
81
71
66
50
39
30
38
46
47
48
38
44
31
23
28
31
31
25
22
18
23
24
33
36
39
40
30
19
12
1
-13
-25
-30
-36
-36
-38
-29
-19
-25
-16
-16
-2
14
4
11
5
-12
-13
-20
-33
-43
-44
-47
-45
-37
-29
-28
-24
-29
-21
-19
-24
-19
-30
-24
-23
-21
-9
-11
-12
-13
-17
-11
-14
-7
3
1
-3
-3
-14
-21
-21
-19
-21
-11
4
5
5
6
-6
-10
-17
-19
-19
-28
-14
-10
-12
-9
-7
-9
-11
-3
3
4
18
26
32
40
36
30
19
27
25
26
21
20
23
21
29
27
21
23
23
26
26
15
3
0
6
5
8
7
13
20
18
11
-4
-8
-16
-7
-3
6
18
19
18
3
-5
-9
-26
-30
-26
-17
-11
-5
-4
-15
-31
-45
-46
-45
-36
-22
-24
-16
-12
-20
-13
-5
0
1
3
-2
7
9
4
12
17
12
10
16
29
31
32
43
35
28
22
28
21
27
34
30
27
23
27
24
29
31
26
21
20
27
30
28
24
32
18
17
17
11
11
1
1
-1
-1
0
6
5
7
2
-7
-6
-13
-21
-32
-39
-46
-54
-52
-39
-34
-31
-23
-41
-45
-47
-44
-35
-33
-20
-18
-17
-24
-26
-23
-32
-35
-38
-44
-42
-42
-30
-28
-27
-24
-28
-28
-29
-15
-17
-2
7
12
21
18
28
26
22
21
11
11
1
-9
-10
-18
-20
-19
-8
1
8
10
9
5
6
5
5
13
7
13
7
-3
2
15
34
39
49
57
54
50
59
66
71
73
63
58
54
45
38
29
21
12
9
1
-1
-5
-3
3
3
4
-5
-13
-17
-28
-24
-30
-41
-33
-31
-23
-21
-13
-3
3
13
16
14
21
23
27
17
21
21
11
14
14
11
12
5
3
1
-2
-9
-17
-23
-28
-36
-38
-25
-18
-15
-6
-3
-8
-11
-15
-17
-9
-16
-18
-18
-19
-17
-23
-23
-28
-31
-29
-25
-22
-17
-16
-7
-6
-9
-1
1
-2
-2
-5
3
4
4
6
5
3
7
9
7
9
13
15
22
27
13
5
-3
2
3
-2
7
9
11
7
11
19
15
4
8
5
2
1
2
5
7
0
3
6
3
-1
-4
-8
-9
-24
-34
-31
-37
-33
-39
-45
-40
-33
-27
-22
-25
-31
-33
-35
-34
-33
-30
-17
-12
-3
8
9
18
14
18
15
9
-1
-1
2
3
6
5
15
19
18
21
24
21
19
19
15
10
14
12
8
5
10
15
15
22
28
33
23
23
17
12
6
11
15
14
20
16
22
28
22
19
20
11
9
21
27
28
30
29
16
11
4
-5
-10
-13
-16
-14
-5
-7
-2
-13
-17
-21
-26
-23
-16
-3
4
9
10
18
24
29
31
27
30
27
19
22
15
4
2
-4
-3
-9
-6
-6
-14
-17
-16
-15
-21
-19
-20
-29
-33
-33
-38
-35
-35
-31
-28
-30
-30
-37
-34
-31
-21
-18
-19
-20
-17
-16
-15
-5
-6
-6
-5
-4
-9
2
1
-4
4
2
6
2
2
3
3
-6
-5
-3
2
-5
-14
-11
-6
3
4
4
