-64
-64
-65
-67
-65
-60
-57
-52
-47
-44
-37
-34
-34
-26
-22
-16
-12
-12
-5
-14
-14
-13
-7
3
14
23
31
38
39
50
51
53
53
52
49
44
41
41
39
46
47
44
44
39
37
31
32
34
32
35
33
29
32
30
31
31
34
29
22
15
12
6
-2
-1
-6
-8
-13
-17
-18
-24
-23
-28
-31
-30
-32
-34
-35
-36
-33
-35
-34
-29
-32
-37
-40
-46
-48
-51
-50
-52
-49
-48
-52
-56
-53
-51
-51
-45
-39
-36
-30
-23
-21
-19
-16
-11
-12
-8
-8
-2
2
8
15
20
25
29
36
42
53
57
60
58
57
58
52
55
51
48
49
46
49
45
39
41
41
36
33
27
24
17
15
12
12
10
8
9
3
5
1
-1
-2
-5
-6
-8
-10
-14
-11
-16
-16
-19
-25
-29
-34
-38
-35
-30
-26
-16
-12
-3
1
1
2
-2
-7
-6
-2
0
0
-4
-8
-9
-6
0
0
2
-1
-7
-12
-20
-21
-16
-5
-4
-2
-4
1
1
-1
1
-3
2
3
4
7
10
6
7
9
8
10
10
5
3
3
1
3
10
11
13
16
10
3
5
3
7
5
5
-3
-9
-6
-9
-3
-4
-1
2
-1
-7
-5
-8
-8
-5
-6
-9
-13
-11
-15
-18
-22
-27
-26
-33
-32
-31
-36
-31
-30
-25
-16
-13
-11
-10
-7
-4
-1
5
11
10
12
14
16
17
17
17
19
21
25
26
28
24
22
13
2
-1
-11
-14
-12
-18
-22
-25
-20
-19
-18
-11
-5
2
3
1
2
0
3
3
3
7
8
9
14
20
26
25
24
24
25
26
22
17
14
12
3
3
-1
0
-1
-4
-7
-14
-13
-14
-9
-2
6
12
16
19
15
11
10
12
19
19
20
20
14
12
6
0
-4
-6
-2
-4
-10
-10
-11
-13
-9
-7
-9
-11
-13
-11
-13
-13
-14
-15
-22
-29
-32
-39
-37
-37
-37
-34
-33
-39
-31
-24
-18
-10
-5
9
23
30
40
44
50
50
52
56
59
58
60
59
60
61
61
64
61
61
58
54
51
50
48
43
36
28
18
12
3
-4
-3
-16
-23
-29
-46
-53
-58
-59
-62
-69
-69
-76
-78
-77
-80
-79
-77
-70
-69
-64
-63
-65
-62
-64
-66
-66
-63
-60
-51
-45
-44
-38
-35
-26
-13
-8
-1
7
9
17
17
22
33
36
38
38
35
41
42
46
53
52
49
51
41
41
41
34
34
30
27
20
15
7
3
-2
-5
-6
-6
-1
-9
-11
-11
-9
-8
3
16
26
27
29
35
38
39
41
40
37
42
40
46
39
31
22
-4
-18
-21
5
13
-28
-48
-31
-20
-30
-47
-39
-27
-20
-14
-27
-53
-47
-13
-5
-14
-14
32
72
60
49
70
110
120
93
93
98
105
101
85
83
82
75
42
10
3
-11
-14
-42
-51
-52
-64
-85
-115
-89
-72
-79
-96
-118
-113
-127
-148
-168
-178
-170
-176
-190
-202
-199
-185
-156
-142
-153
-147
-127
-88
-64
-68
-43
-17
18
40
48
80
125
152
159
179
198
223
232
226
239
261
286
280
270
267
258
253
246
229
225
197
172
156
144
130
101
77
61
43
-8
-27
-42
-80
-105
-153
-177
-175
-200
-222
-235
-246
-244
-245
-228
-247
-285
-302
-299
-303
-317
-303
-283
-258
-281
-308
-293
-290
-278
-281
-280
-239
-192
-154
-136
-138
-100
-56
-25
0
67
135
165
198
234
273
317
339
353
399
407
423
465
512
559
553
559
571
562
526
498
474
466
449
407
395
394
384
344
292
244
169
116
78
45
12
-39
-105
-180
-266
-316
-330
-380
-390
-376
-403
-444
-522
-571
-579
-566
-595
-637
-695
-763
-781
-747
-698
-743
-834
-843
-765
-692
-741
-824
-744
-591
-470
-478
-510
-431
-271
-85
-44
-23
133
325
425
432
446
589
767
812
806
822
897
1005
1045
1074
1168
1268
1321
1273
1214
1203
1206
1163
1077
1013
970
862
764
710
709
635
570
423
296
224
69
-76
-209
-274
-309
-435
-604
-630
-611
-573
-629
-781
-894
-915
-894
-992
-1058
-1033
-966
-1024
-1068
-1133
-1076
-1056
-1168
-1149
-1220
-1072
-987
-1023
-1104
-1164
-1091
-1024
-1039
-1125
-1084
-925
-803
-799
-868
-832
-646
-542
-387
-343
-149
165
218
377
484
791
1096
1265
1420
1602
1803
1837
1937
2139
2332
2287
2185
2325
2330
2257
2049
1908
2112
2194
2075
1816
1568
1608
1620
1413
1050
890
982
911
425
-10
2
95
30
-440
-774
-782
-799
-956
-1272
-1533
-1519
-1457
-1666
-1862
-1955
-1802
-1702
-1848
-1865
-1914
-1847
-1787
-1725
-1631
-1526
-1538
-1480
-1342
-1134
-1160
-1044
-1017
-1647
-1482
-934
384
316
-1281
-1882
-952
470
161
-1401
-1886
-309
1231
751
-1435
-2466
-532
1568
1189
-800
-1377
866
2690
1428
-545
-256
2706
4343
2530
235
551
3037
3979
2402
969
1942
3747
3429
1391
285
1771
3455
2710
1133
372
1356
2067
1218
332
144
810
999
144
-805
-885
-493
-332
-697
-1235
-1028
-1050
-1538
-1883
-1843
-1174
-950
-1658
-2079
-2071
-1596
-1399
-1853
-1917
-1399
-881
-1161
-1848
-1894
-1018
-357
-653
-1124
-1297
-709
-493
-738
-764
-631
-343
-258
-677
-656
-403
138
-39
-976
-1026
-275
1095
437
-1223
-1649
-342
877
53
-1742
-2168
-331
1067
173
-2202
-2879
-367
1638
651
-1480
-1645
1006
2540
796
-1166
-398
2867
4144
2013
-157
687
3246
3815
2010
779
2237
4065
3530
1409
485
2224
3863
2929
1141
522
1853
2602
1481
412
500
1490
1503
194
-802
-563
363
379
-561
-1314
-1026
-683
-1367
-2166
-1979
-827
-519
-1599
-2389
-2083
-1111
-1025
-1700
-1801
-1214
-722
-1176
-1944
-1817
-840
-206
-667
-1301
-1260
-645
-366
-654
-606
-371
-265
-447
-870
-732
-509
-193
-492
-1441
-1516
-888
296
-139
-1761
-2281
-1209
55
-552
-2318
-2697
-922
578
-231
-2653
-3507
-1220
1039
428
-1585
-1955
465
2204
715
-1309
-768
2389
4137
2373
9
497
3069
4226
2907
1280
2120
4035
4136
2354
1089
2398
4474
4371
2595
1279
2074
3384
2884
1618
1194
2219
2146
849
-9
263
1038
410
-227
-567
-658
-656
-1119
-2065
-2287
-987
-526
-1863
-3487
-2863
-1325
-1827
-2924
-2644
-1734
-1208
-2004
-2830
-2470
-1257
-298
-1120
-2111
-1859
-1011
-1019
-1496
-1119
-633
-489
-993
-1273
-1358
-1047
-376
-447
-792
-1224
-1980
-2114
-999
264
259
-1648
-2654
-1586
-325
-420
-1862
-2701
-1313
520
133
-1961
-3312
-1607
1053
1231
-711
-1802
-105
2393
2207
-18
-351
2361
4978
4012
1166
985
3669
5654
4665
2517
2792
4923
5479
3647
2131
3158
5057
5059
2970
1562
2213
3350
3430
2015
1204
1445
1628
1266
235
-438
-493
-198
-294
-1035
-2067
-2434
-2233
-2388
-2834
-2898
-2828
-2962
-3610
-3899
-3558
-3320
-3376
-3735
-3601
-3115
-3128
-3445
-3463
-2567
-1737
-1916
-2545
-2442
-1540
-1150
-1331
-1504
-1020
-372
-543
-957
-923
-235
352
295
99
-53
-576
-902
-69
1249
1543
-105
-1484
-687
947
1127
-561
-1783
-564
1329
1257
-782
-2435
-1136
1438
1991
171
-1268
65
2609
2868
857
-47
1939
4729
4617
1955
706
2683
5026
4714
2708
2033
3798
4893
3548
1706
1919
3892
4474
2691
974
1115
2131
2217
1034
551
808
1036
451
-711
-1089
-932
-830
-1271
-1888
-2289
-2385
-2733
-3232
-3344
-3035
-2878
-3247
-3803
-3672
-3000
-2879
-3009
-3135
-2735
-2208
-2143
-2398
-2407
-1792
-1286
-1226
-1496
-1436
-1020
-674
-575
-728
-460
83
211
-39
-207
68
638
706
262
-430
-1163
-361
660
1378
372
-1244
-1043
171
989
-141
-1714
-1541
499
1399
-42
-2060
-2034
411
1847
503
-1261
-944
1519
2803
1060
-420
766
3694
4651
2561
761
1753
4157
4717
3194
1969
2746
4123
3700
2128
1559
2703
3845
3050
1564
856
1349
1959
1558
671
418
351
-265
-398
-558
-307
-702
-1423
-1281
-1723
-2278
-2305
-2465
-2974
-2722
-2123
-2141
-3331
-4094
-2786
-1718
-2365
-2804
-2658
-1789
-1193
-1719
-1940
-1599
-475
102
-724
-1300
-922
-255
-221
-349
-245
-149
-136
-383
-328
-271
73
411
147
11
-488
-1380
-1073
314
1403
815
-1160
-1585
-304
769
86
-1501
-1902
-186
1125
-20
-1997
-2752
-894
1210
765
-938
-1420
440
2485
1578
-403
2
2782
4642
3109
603
818
3550
4968
3374
1326
1851
4021
4116
2058
941
2108
3714
3009
1147
868
1677
2202
1450
718
790
957
653
-193
-520
-442
-246
-775
-1388
-1300
-1288
-1537
-2253
-2566
-1975
-1680
-2281
-3040
-2964
-2123
-1652
-2087
-2712
-2565
-1742
-1309
-1793
-2298
-1729
-814
-717
-1373
-1792
-1045
-164
-193
-760
-951
-240
353
-81
-686
-501
300
639
158
-478
-548
-650
-894
-353
289
966
-109
-1489
-1423
-421
223
-780
-1894
-1646
-193
107
-1112
-2617
-2329
-61
1084
-130
-1508
-993
1193
2036
456
-481
1051
3688
4023
1717
255
1903
4329
4388
2507
1540
3118
4577
3687
1892
1652
3415
4497
3324
1567
1247
2493
3081
2138
995
1095
1714
998
400
-23
133
60
-886
-863
-1026
-1462
-1782
-2124
-2625
-2347
-1827
-2225
-3133
-3640
-2532
-1761
-2781
-3007
-2376
-1772
-1611
-2464
-2497
-1792
-965
-553
-1088
-1589
-1286
-706
-958
-1069
-952
-739
-532
-818
-656
-566
-421
297
81
-490
-1059
-1635
-616
506
1020
-134
-2101
-2055
-670
34
-1132
-2355
-2049
-253
412
-1215
-2902
-2544
140
1561
-157
-1688
-792
1670
2689
830
-389
1313
4186
4492
2091
474
2196
5048
5004
2887
1848
3244
5009
4148
2143
1856
3494
4621
3360
1754
1357
2329
2745
2018
1334
1084
1165
976
468
-31
-373
-480
-600
-940
-1345
-1736
-1887
-2185
-2238
-2194
-2437
-3001
-3455
-2918
-2199
-2390
-3157
-3385
-2588
-1725
-1920
-2819
-2822
-1579
-811
-1397
-2328
-1849
-655
-410
-1251
-1764
-957
-197
-308
-1157
-1203
-438
30
-81
-347
-304
-400
-1268
-1262
-49
1207
933
-1337
-2127
-832
691
140
-1689
-2355
-813
733
-58
-1901
-2737
-723
1621
1095
-1060
-1456
759
2948
2056
-55
158
2950
4679
3115
859
1210
4005
4989
3355
1782
2404
4487
4472
2494
1483
2432
4051
3636
1774
1091
1891
2660
2107
1027
568
898
1039
849
248
-686
-857
-463
-485
-1030
-1815
-1819
-1643
-2180
-2465
-2497
-2345
-2347
-2657
-2882
-2796
-2755
-2708
-2604
-2490
-2251
-2193
-2159
-1899
-1617
-1558
-1544
-1442
-1103
-931
-1029
-1076
-808
-462
-301
-388
-464
-101
164
289
77
-163
-956
-1188
-205
1053
1530
-711
-2070
-1044
784
976
-1155
-2596
-1087
1247
734
-1767
-3446
-1605
1450
1368
-1238
-2417
-592
2302
2005
-820
-1395
1367
4352
3470
235
-482
2395
4860
3736
1129
904
3332
4573
2642
630
1285
3769
4242
2037
813
1577
2954
2730
1324
1111
1699
2012
1444
376
175
819
931
165
-579
-704
-452
-964
-1909
-1759
-1110
-1181
-2154
-2984
-2625
-1783
-1846
-2631
-2939
-2344
-1619
-1886
-2623
-2604
-1803
-1138
-1388
-2053
-1955
-1181
-805
-1071
-1409
-1237
-675
-384
-635
-905
-804
-301
107
-72
-453
-1310
-1240
-64
1019
1044
-992
-1991
-981
544
479
-1273
-2184
-920
744
150
-1809
-2791
-1301
1012
747
-1374
-1986
-318
2037
1527
-778
-919
1837
4166
3070
459
218
2948
4766
3462
1421
1557
3793
4633
2586
1069
1838
3748
3840
1877
1218
1967
2980
2554
1395
1413
1832
1923
1268
743
549
538
391
-88
-401
-763
-803
-1075
-1815
-1897
-1627
-1602
-2289
-2926
-2573
-1930
-2102
-2962
-3027
-2275
-1745
-2261
-3085
-2830
-1661
-1118
-1677
-2395
-1836
-541
-593
-1421
-1726
-915
-62
-257
-1073
-1136
-378
305
310
-262
-609
-1292
-801
172
1231
744
-1317
-1879
-655
816
77
-1797
-2368
-537
792
-335
-2571
-3294
-1143
1192
366
-1891
-2292
-56
2365
1234
-1074
-705
2588
4681
2974
234
437
3646
5237
3438
1402
2103
4552
4685
2312
1082
2476
4630
4043
1677
935
2047
3165
2325
1174
1215
1801
1774
819
365
313
383
158
-385
-656
-910
-1280
-1743
-2032
-1786
-1528
-2067
-2849
-3151
-2606
-2139
-2561
-3213
-2985
-2047
-1650
-2203
-2898
-2391
-1140
-811
-1535
-2209
-1594
-384
-469
-1356
-1656
-744
202
-19
-1066
-1099
-117
655
389
-452
-970
-1403
-617
209
1130
300
-1347
-1210
-87
673
-342
-1858
-1768
229
831
-636
-2553
-2540
-181
1482
273
-1597
-1428
882
2569
943
-959
-22
3053
4562
2573
63
778
3790
4959
3116
1202
1889
3971
4048
1953
993
2247
3718
2809
896
730
1646
2108
1150
453
854
964
581
-161
-226
66
-30
-787
-1439
-1327
-772
-838
-1984
-2585
-1812
-1093
-1784
-3015
-3218
-1826
-912
-1632
-2851
-2802
-1428
-734
-1487
-2482
-1989
-522
-87
-1044
-1795
-1136
194
264
-549
-926
-188
599
221
-555
-574
160
695
390
-73
-483
-1252
-611
70
1226
741
-1258
-1648
-635
626
22
-1546
-2122
-129
984
-22
-2086
-3013
-756
1502
517
-1658
-2138
286
2613
1152
-1173
-603
2876
4657
2653
-289
530
4029
5127
2772
464
1592
4339
4084
1337
126
1831
3864
2671
222
-255
1488
2588
1252
-131
24
1158
1072
-211
-595
-25
444
-122
-1032
-1214
-751
-637
-1401
-1981
-1628
-778
-971
-2293
-2776
-1869
-877
-1355
-2632
-2526
-1253
-515
-1257
-2345
-1847
-358
151
-1239
-2161
-1289
241
327
-1083
-1491
-519
501
14
-1019
-1013
-68
364
86
-565
-533
-388
-913
-516
-126
962
340
-1239
-1562
-619
426
-155
-1374
-1826
-278
344
-609
-2234
-2653
-509
1133
-48
-1760
-1699
731
2331
673
-1085
-10
3046
3959
1763
-369
1009
4052
4378
1973
550
1926
3975
3280
1196
648
2102
3329
2272
842
701
1683
2104
1498
941
625
877
1181
1145
823
-1
-275
-50
138
-163
-801
-1159
-1312
-1235
-1245
-1456
-1935
-2057
-1575
-1395
-1794
-2408
-2467
-1583
-1071
-1326
-1883
-1956
-1189
-682
-1062
-1530
-1138
-399
-310
-1103
-1447
-825
-294
-322
-857
-773
-234
-72
-416
-496
-401
107
-614
-989
-254
715
1400
-263
-1474
-780
893
1015
-235
-1489
-660
1013
641
-778
-2090
-1120
1150
1476
-561
-1639
-586
1939
2165
-49
-895
1128
3429
2949
373
-467
2071
3838
2576
384
190
2252
3197
1389
-248
168
1902
2419
799
-258
55
1403
1687
683
211
243
999
1134
594
-231
-518
-102
419
342
-685
-1149
-780
-338
-543
-1245
-1476
-939
-680
-919
-1357
-1576
-1456
-995
-669
-873
-1350
-1649
-988
-430
-628
-1102
-1160
-359
52
-415
-999
-775
-49
261
-210
-731
-327
225
306
-116
-243
-221
155
-200
-801
-187
113
1023
108
-1185
-1079
-275
458
-304
-1597
-1778
-288
322
-387
-1895
-2353
-529
943
-239
-1767
-1776
566
1955
159
-1563
-779
2163
3114
966
-952
213
2852
3023
855
-258
1127
3040
2231
121
-271
1345
2909
1602
-121
80
1564
2531
1275
-24
336
1730
2368
1335
-73
-212
1094
1634
827
-200
-50
985
539
-985
-1411
-271
614
-191
-1568
-1576
-601
-130
-732
-1191
-921
-386
-432
-1159
-1266
-749
-169
-161
-841
-1174
-1013
-645
-480
-525
-610
-579
-400
-319
-343
-492
-374
-81
36
-165
-57
-677
-768
-415
112
912
-258
-1279
-1305
-284
336
-634
-2242
-1800
-13
168
-1193
-3021
-2261
292
742
-1341
-2701
-1543
1300
1167
-1460
-2346
128
2600
1745
-986
-1600
1186
2928
1549
-631
-490
1824
2754
842
-655
86
2069
2417
883
-63
843
2279
2287
1205
730
1634
2419
2163
1114
667
1132
1637
1432
773
594
698
593
47
-320
56
445
122
-641
-984
-368
110
-155
-586
-589
-88
-67
-696
-1116
-549
287
184
-489
-959
-577
166
-111
-664
-959
-597
-112
-449
-863
-1109
-774
-221
-329
-560
-940
-555
-604
-1314
-1238
-1057
260
-23
-1415
-2119
-1590
-336
-398
-1673
-2581
-1415
-358
-838
-2290
-2968
-1393
189
-857
-2087
-2065
18
1236
-270
-1515
-685
1554
2151
705
-645
257
1979
2030
782
210
1207
2690
2118
540
331
1571
3108
2326
1107
999
2136
3107
2082
1105
1208
2294
2739
1758
564
614
1808
2042
1024
-82
130
1212
1008
-189
-594
110
870
333
-674
-771
-198
167
-73
-558
-782
-625
-401
-397
-452
-594
-605
-549
-587
-609
-1132
-1235
-813
-422
-558
-1270
-1515
-1017
-509
-708
-1151
-1303
-920
-550
-803
-1075
-1760
-1647
-1053
-390
-191
-1638
-2420
-1913
-718
-653
-2022
-3154
-1969
-342
-591
-2215
-3416
-2173
-33
51
-1690
-2288
-1044
1055
722
-1177
-1463
596
2387
1751
-281
-692
1253
2707
2228
822
832
2460
3297
2256
1105
1661
3268
3650
2370
1441
2050
3036
2775
1668
1352
2334
2839
1995
944
625
1325
1676
946
312
523
824
481
-567
-773
484
1157
346
-958
-1022
243
651
-480
-1281
-817
218
69
-1247
-1706
-682
306
-336
-1589
-1974
-1074
-279
-710
-1397
-1593
-1098
-601
-877
-1262
-1290
-874
-560
-735
-1039
-1091
-764
-468
-1245
-1953
-1846
-907
-206
-1299
-2435
-2346
-1143
-848
-1680
-2837
-2335
-860
-1028
-1857
-2926
-2267
-624
-247
-1277
-2114
-1520
49
607
-426
-1177
-51
1708
2001
687
-344
1101
2977
3047
1515
768
2404
3975
3219
1433
1258
3245
4403
2935
1027
1288
3230
3740
2319
1128
1708
2980
2739
1167
280
1180
2194
1940
590
-14
723
1176
720
22
2
655
610
-170
-938
-832
0
219
-384
-1197
-1084
-513
-520
-1213
-1758
-1293
-794
-895
-1630
-2054
-1561
-1189
-1221
-1729
-1923
-1591
-1611
-1769
-1951
-1815
-1503
-1435
-1533
-1683
-1517
-1442
-1539
-2520
-2428
-1592
-547
-617
-2455
-3202
-2230
-646
-765
-2327
-3417
-1656
-25
-589
-2531
-3350
-1207
1206
377
-2006
-2176
80
2415
1044
-1163
-670
2277
3668
2053
-95
783
3601
4334
2410
863
1896
4090
4351
2619
1716
2525
3978
3635
2346
1917
2613
3379
2996
2134
1768
2022
2453
2318
1627
1179
1298
1533
1363
1011
840
906
490
-46
-147
82
58
-268
-696
-738
-725
-987
-1181
-1133
-875
-1069
-1605
-2038
-1796
-1516
-1733
-2234
-2295
-1858
-1791
-2194
-2574
-2313
-1771
-1906
-2328
-2629
-2241
-1806
-1846
-1962
-1885
-1528
-1674
-1854
-2098
-2148
-2392
-1965
-1387
-919
-1121
-2293
-2464
-1646
-632
-904
-1782
-2391
-1106
8
-373
-1429
-2091
-672
944
528
-891
-1175
658
2644
1992
65
-3
2475
4081
3220
1118
1338
3809
4825
3477
1879
2725
4803
4848
2951
1817
2889
4499
4118
2600
1889
2714
3315
2620
1760
1767
2492
2476
1596
809
863
1274
1322
1021
391
39
-44
-485
-564
-546
-328
-545
-1363
-1798
-1873
-1580
-1654
-1991
-2158
-2104
-2242
-2783
-3080
-2764
-2266
-2192
-2893
-3193
-2842
-2435
-2329
-2757
-2554
-2077
-1976
-2332
-2645
-2081
-1562
-1486
-1787
-1995
-1722
-1436
-1249
-1228
-1109
-1051
-1362
-1279
-1155
-339
-277
-929
-1077
-816
-230
-392
-927
-1002
-102
460
-12
-910
-1019
66
1115
581
-181
55
1294
2094
1295
642
1396
3021
3413
2516
1761
2364
3482
3632
2850
2581
3084
3685
3383
2540
2328
2744
3176
2935
2507
2161
2267
2247
2038
2036
1819
1536
1337
1254
1167
951
521
393
521
609
476
-252
-830
-534
-39
-108
-1001
-1675
-1332
-693
-1042
-2041
-2400
-1798
-1128
-1539
-2493
-2669
-1903
-1468
-1908
-2579
-2525
-1897
-1614
-1987
-2491
-2279
-1840
-1557
-1872
-2371
-2331
-1724
-1331
-1440
-2076
-2120
-1610
-1260
-1382
-1861
-1964
-2013
-1442
-1245
-833
-886
-1758
-1889
-1390
-601
-425
-1344
-1871
-751
222
20
-1226
-1679
-116
1482
967
-412
-439
1284
2811
2139
896
1447
3349
4087
3060
1789
2573
4411
4590
3411
2514
3303
4692
4320
3045
2430
3355
4299
3716
2456
1987
2853
3355
2715
1745
1603
2201
2429
1572
581
415
1093
1289
477
-311
-353
-38
-478
-1417
-1626
-1095
-903
-1740
-2673
-2672
-2343
-2340
-2971
-3200
-2828
-2690
-3081
-3685
-3511
-2915
-2581
-2923
-3399
-3294
-2924
-2773
-2904
-3032
-2688
-2312
-2306
-2652
-2785
-2425
-1898
-1623
-2043
-2159
-1822
-1247
-1111
-1385
-1514
-1035
-699
-1169
-1113
-734
361
337
-580
-741
133
1112
863
69
-129
1095
1936
1520
657
642
1856
2906
2310
1419
1573
2909
4036
3254
2169
2472
3949
4612
3623
2517
2841
4250
4559
3372
2285
2565
3843
3931
2635
1739
2121
3184
3089
1725
975
1475
2411
1983
636
-122
446
1315
815
-448
-1298
-666
109
-429
-1718
-2215
-1536
-1057
-1831
-2889
-2904
-2091
-1974
-2802
-3391
-3193
-2439
-2746
-3313
-3455
-2941
-2392
-2882
-3378
-3430
-2956
-2574
-2809
-2947
-2751
-2377
-2309
-2529
-2425
-1990
-1480
-1530
-1776
-1732
-1289
-735
-563
-779
-664
-440
-146
-403
-604
-551
-308
223
310
743
536
233
225
811
1439
1350
613
387
1425
2063
1727
654
700
2113
3080
2151
1083
1486
2930
3386
2052
1160
2202
3877
3832
2358
1277
2173
3317
3082
2042
1735
2635
3223
2400
1231
1230
2192
2792
2015
859
838
1505
1837
1265
393
357
787
654
-140
-871
-683
-65
-176
-1138
-1786
-1549
-1201
-1509
-2207
-2322
-1908
-2007
-2623
-3128
-2832
-2289
-2610
-3228
-3480
-2997
-2540
-2850
-3209
-2898
-2175
-2113
-2796
-3128
-2471
-1520
-1568
-2202
-2337
-1614
-983
-1334
-1851
-1668
-835
-287
-518
-947
-678
7
269
102
-5
190
742
811
194
322
725
1412
1449
748
658
1171
1708
1512
980
835
1679
2257
1880
1133
695
1465
2445
2299
1568
1251
1996
2751
2275
1448
1563
2738
3339
2648
1529
1602
2784
3344
2638
1692
1723
2509
2680
1956
1381
1598
2201
2044
1272
697
848
1332
1180
500
15
133
179
-127
-723
-923
-659
-757
-1313
-1992
-2163
-1795
-1664
-2321
-2886
-2889
-2497
-2552
-3225
-3508
-3152
-2824
-3048
-3554
-3616
-3167
-2838
-3090
-3393
-3177
-2762
-2564
-2763
-2868
-2487
-2008
-1792
-1959
-1979
-1559
-927
-667
-774
-802
-443
118
294
143
284
787
977
919
773
1137
1647
1365
981
1109
2005
2456
1801
1182
1570
2408
2493
1680
1130
1879
2735
2503
1358
707
1542
2556
2362
1489
1372
2276
2860
2113
1035
1343
2558
3096
2128
983
1330
2710
3029
1958
1042
1535
2573
2274
717
-39
933
2043
1654
-30
-549
304
987
346
-927
-1169
-507
-343
-1103
-1845
-1886
-1432
-1439
-2023
-2493
-2514
-2545
-2730
-3119
-3089
-2896
-3089
-3420
-3636
-3455
-3211
-3133
-3264
-3053
-2786
-2501
-2470
-2595
-2317
-1836
-1433
-1391
-1617
-1491
-933
-612
-573
-596
-283
162
339
337
511
938
1210
1263
1158
1175
1380
1601
1821
1864
1866
1794
1922
2048
1864
1569
1508
2135
2597
2262
1391
1095
1783
2335
1928
1006
877
1655
2006
1345
369
461
1489
1702
763
-172
365
1711
2022
859
-63
575
1905
2044
778
-3
698
1787
1515
281
-189
635
1270
753
-370
-578
158
439
-142
-965
-1115
-718
-602
-914
-1362
-1456
-1265
-1320
-1473
-1857
-1991
-1919
-2023
-2099
-2268
-2281
-2346
-2677
-2730
-2462
-2072
-2131
-2695
-2956
-2532
-1836
-1732
-1960
-1938
-1497
-1156
-1322
-1356
-1124
-546
-292
-451
-508
-336
94
400
468
482
430
535
666
844
1016
1041
1210
1294
1442
1484
1488
1527
1509
1761
1890
1778
1658
1615
1691
1759
1629
1631
1787
1770
1441
1174
1127
1421
1646
1306
1114
962
1174
1243
799
513
602
840
875
519
319
536
749
756
428
259
420
761
737
508
349
322
406
314
215
223
249
137
-145
-213
-206
-338
-448
-668
-773
-927
-1168
-1250
-1343
-1428
-1571
-1656
-1731
-1800
-1964
-2103
-2043
-2088
-2080
-2247
-2358
-2380
-2228
-1955
-2016
-2209
-2183
-1915
-1656
-1680
-1739
-1513
-1161
-789
-818
-916
-632
-155
130
39
-102
234
662
926
811
810
1112
1337
1415
1190
1351
1673
1876
1771
1542
1633
1970
2178
2067
1975
2073
2177
2088
1844
1743
1931
1837
1608
1368
1505
1696
1467
1035
567
567
658
559
201
-75
-50
4
-163
-572
-881
-709
-435
-436
-784
-987
-651
-429
-534
-932
-790
-232
-89
-490
-853
-524
27
-36
-451
-513
-175
30
-331
-649
-636
-294
-322
-719
-887
-860
-590
-683
-875
-1005
-1081
-969
-921
-1015
-1319
-1539
-1376
-1034
-996
-1237
-1510
-1449
-1394
-1397
-1401
-1231
-882
-885
-989
-1080
-873
-515
-305
-158
-73
77
125
184
433
735
1059
1063
1044
1138
1165
1326
1427
1675
1851
1763
1773
1867
2086
2089
1946
1996
2101
2166
1974
1791
1744
1858
1849
1510
1184
1104
1110
1079
656
364
355
476
493
-58
-504
-678
-418
-357
-791
-1406
-1467
-1086
-1028
-1528
-2058
-1842
-1179
-1063
-1659
-1940
-1547
-753
-681
-1252
-1524
-990
-351
-453
-938
-907
-304
122
-83
-545
-450
135
326
-83
-415
-208
390
488
113
-226
-159
163
220
-40
-342
-256
12
42
-283
-545
-530
-296
-300
-520
-734
-737
-578
-510
-512
-489
-328
-228
-222
-193
-44
127
329
394
505
575
630
776
944
1092
1171
1232
1215
1196
1173
1215
1378
1462
1455
1344
1206
1135
1096
1081
1027
990
888
709
529
475
462
392
328
104
-114
-243
-288
-374
-458
-726
-966
-938
-839
-641
-831
-1146
-1266
-1170
-1170
-1412
-1728
-1654
-1293
-1264
-1583
-1962
-1888
-1294
-947
-1036
-1158
-1029
-450
-84
-169
-376
-165
377
578
298
31
321
924
1110
722
462
841
1415
1344
817
500
913
1318
1050
531
377
726
889
495
71
157
465
592
43
-492
-345
-30
42
-246
-491
-321
-63
-241
-516
-565
-241
35
-173
-504
-418
66
455
382
141
366
847
988
671
536
831
1281
1223
721
501
778
1144
1153
808
534
719
851
662
355
200
342
295
123
-254
-457
-394
-318
-323
-658
-814
-934
-923
-974
-1248
-1255
-1338
-1429
-1504
-1673
-1504
-1403
-1433
-1532
-1525
-1402
-1523
-1652
-1573
-1248
-982
-973
-1137
-1173
-772
-335
-251
-227
-178
133
472
462
502
687
1076
1326
1233
990
1011
1311
1499
1377
1091
959
1245
1237
990
731
870
1263
1068
658
348
550
814
693
426
373
433
399
147
67
223
270
140
-161
-309
-247
-130
-113
-100
25
23
-5
-162
-134
245
444
512
277
86
296
601
742
417
145
279
568
510
86
52
419
725
390
-243
-290
46
227
-57
-596
-668
-472
-470
-675
-902
-785
-639
-725
-1110
-1365
-1315
-1139
-1095
-1263
-1439
-1472
-1427
-1355
-1455
-1449
-1255
-1087
-955
-1099
-1113
-926
-617
-475
-489
-504
-310
-2
14
-2
-40
73
246
280
269
424
640
845
869
684
731
994
1244
1276
1055
902
1105
1315
1196
930
862
1149
1316
1032
699
665
936
1064
887
609
539
589
572
586
626
683
631
453
327
355
398
298
282
225
275
287
129
31
124
279
318
31
-81
-41
88
81
4
-8
-32
54
-21
-133
-196
-187
-180
-236
-302
-389
-402
-508
-585
-657
-827
-916
-986
-1116
-1105
-1084
-1093
-1149
-1369
-1494
-1468
-1340
-1365
-1474
-1547
-1488
-1308
-1318
-1392
-1323
-1096
-862
-841
-1043
-1173
-877
-428
-189
-295
-543
-368
115
292
199
30
212
608
634
486
334
542
938
1054
865
713
893
1310
1524
1313
1056
1220
1576
1775
1514
1199
1310
1567
1678
1459
1239
1340
1554
1447
1108
920
1098
1135
1006
798
745
756
635
497
482
586
609
452
196
142
89
62
38
4
45
-39
-257
-375
-366
-314
-321
-364
-485
-632
-715
-695
-600
-676
-832
-875
-824
-877
-990
-1095
-1044
-951
-1100
-1360
-1419
-1248
-1132
-1306
-1509
-1553
-1392
-1347
-1541
-1692
-1667
-1500
-1357
-1366
-1388
-1358
-1242
-1082
-944
-841
-824
-763
-634
-389
-251
-172
-22
151
182
216
310
487
837
858
843
927
1085
1224
1204
1111
1095
1196
1317
1358
1180
1039
1087
1243
1296
1264
1209
1253
1389
1318
1335
1422
1548
1506
1279
1187
1296
1329
1259
1024
952
1002
897
762
566
591
592
489
351
278
317
348
260
100
52
36
2
-51
-150
-271
-317
-347
-317
-469
-678
-771
-795
-820
-1014
-1181
-1223
-1144
-1144
-1370
-1553
-1497
-1294
-1297
-1521
-1607
-1461
-1271
-1427
-1694
-1716
-1465
-1288
-1417
-1601
-1625
-1386
-1298
-1421
-1576
-1465
-1234
-1169
-1252
-1267
-1008
-733
-599
-651
-519
-246
-42
98
160
346
551
652
744
773
1005
1214
1304
1309
1351
1482
1587
1732
1858
1936
1827
1737
1853
1963
1938
1766
1703
1831
1889
1810
1629
1608
1720
1687
1475
1180
1193
1314
1302
1075
811
778
861
817
567
367
416
431
227
-79
-249
-127
-10
-175
-456
-543
-359
-349
-584
-897
-981
-806
-850
-1162
-1363
-1301
-1120
-1174
-1467
-1583
-1477
-1388
-1555
-1719
-1712
-1598
-1542
-1697
-1837
-1773
-1595
-1514
-1558
-1628
-1621
-1492
-1434
-1378
-1406
-1414
-1344
-1290
-1201
-1073
-870
-697
-685
-701
-573
-332
-150
-60
98
304
474
519
523
754
1035
1216
1198
1236
1411
1541
1631
1660
1783
1915
1915
1902
1921
2046
2092
1960
1892
1880
1916
1855
1629
1535
1539
1541
1457
1319
1280
1240
1183
1008
803
721
710
721
553
379
278
220
188
11
-188
-257
-204
-201
-337
-465
-518
-476
-508
-639
-779
-915
-971
-1057
-1082
-1134
-1282
-1398
-1490
-1459
-1402
-1514
-1642
-1645
-1517
-1499
-1651
-1722
-1615
-1414
-1414
-1495
-1530
-1490
-1349
-1318
-1291
-1272
-1216
-1112
-1040
-967
-876
-707
-615
-613
-566
-516
-390
-264
-232
-145
-139
-48
123
329
564
632
569
602
760
1033
1146
1088
1131
1333
1587
1627
1515
1479
1730
1919
1870
1654
1450
1589
1771
1811
1708
1548
1517
1568
1562
1405
1277
1228
1279
1303
1063
817
803
851
830
588
365
392
452
409
120
-31
73
175
-2
-341
-405
-266
-170
-436
-812
-937
-846
-795
-967
-1180
-1293
-1279
-1269
-1397
-1473
-1514
-1548
-1562
-1590
-1581
-1632
-1642
-1604
-1593
-1595
-1605
-1520
-1408
-1363
-1365
-1403
-1268
-1112
-1067
-1085
-1090
-947
-778
-739
-713
-702
-542
-427
-387
-223
-89
45
137
158
335
525
675
757
742
857
1043
1121
1077
1103
1282
1485
1465
1295
1311
1566
1665
1543
1357
1331
1464
1498
1367
1294
1426
1558
1540
1294
1153
1150
1157
1094
993
920
880
874
844
714
607
538
470
422
234
107
137
177
122
-110
-228
-184
-161
-228
-405
-405
-388
-445
-580
-702
-663
-647
-732
-949
-1069
-1046
-1061
-1197
-1333
-1418
-1455
-1542
-1643
-1754
-1803
-1689
-1597
-1557
-1620
-1703
-1554
-1365
-1323
-1434
-1508
-1313
-1144
-1086
-1075
-919
-736
-698
-733
-715
-451
-210
-125
-101
-54
95
199
249
320
471
651
736
757
794
899
1068
1140
1158
1186
1202
1259
1286
1272
1253
1336
1393
1376
1301
1226
1260
1356
1353
1228
1101
1108
1227
1301
1188
1080
1086
1091
1065
970
849
745
669
599
553
531
493
447
360
295
207
111
63
78
26
-134
-201
-225
-216
-257
-296
-291
-321
-404
-563
-675
-703
-712
-779
-853
-926
-935
-999
-1135
-1234
-1260
-1229
-1288
-1326
-1343
-1345
-1350
-1369
-1342
-1302
-1284
-1338
-1338
-1208
-1116
-1042
-1024
-937
-828
-816
-777
-718
-574
-443
-447
-398
-285
-125
88
131
167
237
326
411
450
453
503
662
744
710
634
732
886
973
979
927
912
1020
1078
1058
1061
1102
1180
1210
1106
989
981
991
987
901
790
834
877
894
880
813
809
846
786
693
596
521
595
495
300
176
141
194
125
-35
-117
-139
-161
-241
-302
-304
-245
-298
-496
-608
-599
-580
-639
-821
-830
-838
-837
-867
-981
-961
-927
-936
-1107
-1286
-1318
-1247
-1181
-1191
-1299
-1304
-1208
-1176
-1178
-1205
-1134
-1021
-966
-957
-915
-738
-581
-488
-425
-363
-290
-230
-163
-78
17
81
146
257
315
354
449
560
685
775
801
848
1022
1130
1135
1143
1152
1214
1286
1298
1282
1323
1347
1313
1291
1267
1229
1182
1138
1089
1015
872
795
839
800
749
684
632
589
480
379
336
363
331
303
229
129
118
138
100
16
-128
-204
-153
-117
-232
-401
-393
-292
-309
-532
-770
-802
-715
-718
-906
-1072
-1086
-1011
-1007
-1137
-1284
-1289
-1147
-1148
-1231
-1320
-1280
-1095
-1042
-1099
-1176
-1078
-930
-889
-950
-1038
-921
-762
-765
-760
-680
-453
-336
-334
-315
-245
-82
-25
0
29
161
286
245
252
355
432
464
536
618
719
727
764
810
851
879
890
945
992
1036
1046
1054
1042
1067
1026
988
1018
995
997
936
862
818
762
763
714
641
561
490
493
476
426
314
187
122
98
125
103
73
84
2
-19
-29
-35
-52
-112
-119
-116
-113
-223
-293
-263
-243
-316
-479
-581
-589
-588
-601
-668
-675
-635
-672
-768
-816
-784
-748
-798
-876
-903
-823
-752
-703
-724
-720
-730
-701
-671
-692
-641
-563
-535
-508
-450
-418
-314
-245
-191
-178
-53
129
183
163
144
255
346
321
272
281
451
551
433
273
290
503
591
507
439
535
648
641
588
615
700
799
792
797
775
808
858
870
865
818
795
765
702
671
581
547
571
517
448
301
234
273
293
176
44
-68
-122
-116
-166
-265
-346
-353
-350
-402
-491
-513
-539
-555
-648
-695
-718
-791
-847
-969
-938
-909
-865
-827
-905
-880
-805
-741
-714
-772
-784
-683
-648
-654
-661
-571
-488
-452
-515
-490
-388
-321
-284
-314
-290
-235
-201
-208
-181
-76
11
37
42
90
151
195
227
250
352
399
416
434
485
561
581
541
532
570
597
615
652
716
779
819
794
772
785
807
829
841
778
705
665
707
821
861
774
685
707
795
778
697
594
610
623
516
368
251
265
267
163
42
-22
-5
14
-24
-122
-191
-237
-273
-340
-422
-425
-448
-475
-477
-539
-661
-731
-755
-774
-880
-1015
-1073
-1097
-1066
-1112
-1154
-1118
-1073
-1042
-1000
-974
-941
-873
-826
-811
-722
-681
-612
-522
-456
-360
-334
-287
-226
-156
-108
-100
-47
88
185
247
264
292
330
325
358
333
315
352
394
441
444
455
483
525
504
449
509
579
540
536
538
641
672
647
628
649
700
699
684
662
701
696
652
534
547
578
548
475
392
360
335
303
229
195
197
235
257
201
176
175
194
141
-18
-69
-92
-70
-131
-251
-305
-324
-366
-444
-537
-539
-482
-494
-566
-612
-598
-572
-605
-680
-702
-684
-710
-732
-814
-851
-842
-820
-783
-780
-761
-739
-662
-572
-533
-503
-426
-336
-289
-281
-262
-203
-67
70
112
141
150
137
211
275
320
328
373
440
438
444
361
411
487
515
482
405
451
516
552
517
441
459
534
541
482
457
510
539
553
502
448
465
453
464
413
394
351
332
386
398
375
327
289
236
224
186
150
147
141
115
53
38
83
89
48
-7
-143
-174
-183
-200
-219
-282
-277
-264
-255
-352
-416
-466
-492
-498
-564
-666
-703
-649
-625
-709
-769
-783
-687
-620
-681
-695
-645
-526
-532
-602
-617
-548
-488
-472
-503
-533
-468
-366
-296
-287
-233
-166
-62
-27
-3
38
91
232
276
281
269
371
511
526
494
480
528
592
597
578
562
609
626
592
582
624
702
680
620
558
561
593
607
533
507
524
506
429
306
226
186
200
176
99
-22
-32
6
-22
-109
-164
-146
-122
-163
-235
-254
-198
-180
-214
-259
-252
-192
-175
-234
-251
-200
-135
-99
-164
-183
-198
-206
-257
-302
-304
-315
-303
-313
-374
-394
-377
-383
-372
-397
-402
-380
-365
-417
-446
-391
-324
-297
-344
-356
-325
-278
-267
-306
-273
-208
-142
-140
-131
-93
-3
100
75
80
137
226
323
352
359
382
441
473
429
399
381
391
458
472
505
497
561
622
619
625
589
618
621
605
547
509
503
493
452
363
309
269
212
171
130
112
87
32
-30
-78
-145
-251
-352
-427
-417
-387
-394
-402
-377
-343
-337
-326
-292
-278
-238
-202
-201
-250
-273
-271
-254
-206
-251
-286
-268
-233
-206
-276
-330
-320
-258
-229
-271
-303
-291
-226
-234
-252
-323
-366
-314
-296
-305
-344
-333
-273
-236
-205
-218
-251
-205
-173
-132
-97
-96
-35
9
37
35
23
77
125
182
169
172
220
242
249
200
208
244
285
304
367
391
396
449
431
437
469
480
542
575
603
579
508
461
462
452
418
400
344
357
330
326
372
402
387
298
281
292
296
245
188
106
87
80
-10
-102
-137
-141
-126
-151
-223
-248
-263
-248
-251
-265
-290
-337
-348
-311
-300
-297
-340
-357
-360
-394
-394
-410
-409
-430
-460
-458
-477
-507
-511
-481
-499
-505
-489
-459
-434
-406
-402
-356
-360
-394
-385
-387
-348
-300
-290
-290
-269
-221
-181
-151
-141
-100
-24
12
37
68
114
169
183
197
242
255
308
354
383
407
440
522
539
587
595
629
674
661
636
615
641
651
605
503
494
504
478
431
356
340
323
329
259
232
277
284
216
87
43
53
125
100
-3
-32
-15
-14
-83
-165
-162
-140
-198
-245
-287
-274
-220
-226
-275
-272
-242
-189
-191
-266
-321
-323
-330
-360
-391
-415
-353
-331
-301
-347
-342
-303
-317
-330
-379
-395
-351
-327
-294
-255
-276
-230
-224
-198
-168
-177
-120
-116
-142
-126
-107
-71
-6
10
-46
-65
-91
-70
-36
-19
19
24
65
99
168
212
213
240
272
309
324
305
310
369
378
381
381
402
405
392
363
334
342
322
293
300
324
360
292
243
277
278
246
147
146
187
181
115
30
19
46
57
38
49
37
10
-13
-32
-32
-62
-79
-99
-46
-51
-105
-110
-113
-86
-113
-151
-187
-206
-214
-227
-232
-222
-230
-235
-249
-304
-370
-363
-372
-380
-359
-350
-359
-332
-307
-312
-314
-309
-267
-261
-246
-218
-166
-104
-80
-93
-119
-133
-127
-133
-136
-117
-97
-60
-22
15
-21
-43
-55
-3
8
-25
-43
-29
5
9
56
100
179
226
239
232
221
230
212
233
264
313
313
330
343
390
451
442
477
489
490
522
534
559
531
522
533
514
524
544
535
498
451
391
346
294
305
297
245
153
85
61
45
36
-8
-92
-160
-203
-245
-284
-335
-363
-405
-444
-503
-539
-565
-597
-607
-641
-650
-673
-690
-714
-748
-724
-705
-679
-683
-692
-629
-577
-546
-554
-535
-498
-484
-441
-404
-310
-285
-251
-217
-213
-166
-115
-51
-12
24
24
27
82
143
148
161
163
228
285
287
313
357
417
429
490
498
526
607
637
674
613
572
585
608
617
580
561
592
605
611
586
601
597
572
600
516
452
416
363
358
335
298
291
253
239
210
175
177
139
120
62
-2
-62
-118
-142
-239
-312
-378
-403
-422
-472
-531
-547
-562
-622
-678
-749
-762
-755
-756
-746
-754
-730
-713
-681
-658
-641
-620
-597
-592
-611
-563
-507
-429
-405
-379
-318
-213
-129
-77
-7
18
63
69
92
154
192
257
329
380
440
530
554
586
576
554
533
526
511
489
481
465
464
412
367
327
310
290
278
270
288
317
321
303
288
301
277
224
202
205
198
188
179
151
127
148
115
82
111
109
109
63
9
-32
-49
-72
-107
-134
-160
-179
-219
-250
-284
-313
-305
-338
-374
-414
-419
-420
-445
-496
-558
-558
-532
-522
-558
-555
-513
-444
-453
-486
-436
-432
-427
-384
-381
-349
-280
-280
-254
-239
-215
-185
-119
-81
-83
-25
1
20
41
39
106
160
199
219
261
339
384
438
453
502
541
623
662
672
719
763
814
789
745
719
695
673
654
594
556
522
496
494
438
398
365
339
317
260
189
145
107
86
39
-16
-62
-62
-109
-151
-181
-159
-178
-201
-204
-261
-259
-268
-280
-287
-272
-282
-303
-321
-315
-341
-404
-418
-440
-473
-492
-518
-517
-517
-548
-544
-536
-541
-536
-528
-528
-530
-527
-517
-515
-512
-500
-482
-453
-418
-385
-346
-319
-284
-271
-221
-214
-191
-104
-83
-27
4
54
132
154
173
185
226
252
294
374
419
411
427
470
478
477
474
482
499
510
489
530
549
590
616
614
605
628
648
649
655
639
623
565
537
483
452
407
363
311
255
213
192
157
121
82
29
-22
-52
-91
-135
-156
-186
-212
-227
-222
-244
-254
-277
-347
-386
-418
-426
-392
-430
-467
-491
-501
-488
-503
-488
-483
-496
-491
-492
-472
-478
-463
-466
-461
-454
-397
-401
-418
-427
-465
-471
-446
-379
-347
-319
-273
-202
-175
-128
-79
-20
41
58
70
76
80
143
179
196
225
285
338
378
421
463
470
490
507
521
531
536
546
566
620
639
635
647
655
636
593
537
493
445
412
372
356
341
298
246
235
205
177
149
169
126
65
39
25
28
28
-3
-12
-29
-43
-71
-118
-140
-202
-265
-327
-352
-362
-379
-372
-389
-401
-428
-435
-470
-483
-472
-468
-500
-533
-532
-504
-499
-482
-469
-468
-448
-439
-388
-401
-387
-346
-382
-360
-377
-399
-389
-386
-344
-323
-279
-241
-213
-168
-152
-140
-138
-105
-73
-16
74
125
175
206
254
293
306
325
381
418
428
419
444
488
480
476
486
480
534
594
602
598
592
571
574
560
559
567
560
585
537
496
453
398
381
349
348
335
335
300
240
210
119
97
59
-14
-89
-165
-186
-216
-234
-243
-289
-314
-340
-368
-375
-419
-438
-431
-441
-455
-452
-429
-401
-378
-402
-406
-393
-385
-402
-414
-374
-355
-335
-326
-335
-302
-259
-232
-260
-288
-235
-221
-221
-203
-205
-185
-143
-135
-114
-87
-74
-75
-88
-89
-63
-29
18
54
66
121
154
161
172
189
250
297
353
358
372
416
434
449
435
440
439
419
392
395
385
380
366
319
296
271
269
251
226
203
223
230
221
202
157
163
139
91
54
13
3
-5
-24
-49
-63
-58
-81
-89
-87
-101
-140
-201
-248
-293
-311
-308
-303
-306
-321
-331
-374
-359
-330
-321
-327
-311
-305
-281
-250
-255
-274
-293
-289
-297
-259
-270
-239
-208
-205
-190
-229
-209
-206
-178
-160
-174
-173
-174
-143
-150
-136
-115
-75
-88
-59
-17
-6
50
63
95
128
178
215
234
243
309
310
315
300
302
333
362
385
404
418
410
450
450
476
472
449
417
386
373
366
344
334
316
296
250
237
250
247
234
196
149
149
127
89
74
47
39
37
16
-29
-80
-94
-89
-104
-131
-154
-171
-174
-178
-189
-209
-216
-256
-296
-301
-304
-311
-305
-325
-327
-333
-347
-356
-362
-383
-399
-395
-382
-358
-338
-284
-240
-224
-224
-218
-211
-184
-134
-146
-122
-106
-122
-107
-128
-138
-148
-142
-153
-117
-91
-85
-18
-9
-2
-28
-42
-8
19
38
32
69
103
118
164
167
186
217
250
271
278
296
309
340
357
344
346
362
376
360
357
341
324
356
343
358
318
313
291
249
214
183
178
153
133
117
81
22
-8
-26
-17
-33
-23
-40
-47
-42
-79
-94
-116
-165
-124
-103
-123
-109
-123
-137
-102
-90
-117
-122
-124
-125
-154
-170
-200
-195
-217
-226
-235
-267
-267
-256
-239
-238
-271
-287
-278
-280
-293
-275
-277
-224
-194
-196
-180
-169
-140
-142
-121
-102
-79
-79
-92
-72
-70
-75
-42
-9
2
36
81
113
154
165
195
232
255
296
313
313
313
332
325
316
301
311
340
351
363
378
409
439
441
428
363
320
279
232
234
218
173
167
152
117
105
55
11
14
3
-21
-61
-77
-95
-110
-134
-158
-175
-174
-186
-216
-216
-228
-242
-226
-274
-291
-299
-336
-325
-343
-347
-343
-319
-309
-306
-299
-309
-293
-279
-245
-237
-224
-193
-167
-170
-165
-134
-101
-62
-63
-66
-62
-48
-68
-100
-96
-80
-71
-53
-54
-45
-39
-31
-5
10
25
40
52
77
64
65
63
71
108
131
188
233
247
280
298
282
308
323
336
326
321
342
342
351
309
341
329
297
289
229
195
180
160
125
84
64
60
66
59
37
28
21
-15
-28
-41
-53
-53
-78
-109
-132
-137
-138
-132
-128
-134
-121
-104
-104
-96
-97
-98
-81
-91
-81
-84
-71
-82
-94
-94
-90
-56
-13
-6
-35
-59
-84
-83
-104
-122
-121
-82
-66
-71
-83
-89
-82
-99
-107
-123
-96
-85
-87
-93
-126
-126
-122
-99
-74
-92
-100
-103
-104
-89
-86
-56
-48
-39
-27
-21
-5
-2
5
15
39
58
83
71
86
109
136
138
139
127
116
135
141
140
133
159
153
151
141
159
149
133
98
96
111
136
155
156
173
171
178
188
187
181
160
163
128
81
57
31
59
36
-3
-23
-28
0
-3
0
22
19
-14
-30
-73
-91
-109
-100
-116
-176
-176
-162
-182
-195
-201
-199
-174
-157
-167
-200
-181
-202
-241
-269
-284
-271
-267
-255
-253
-225
-199
-170
-153
-142
-117
-126
-133
-143
-164
-114
-90
-79
-65
-73
-56
-45
-54
-37
-14
-14
5
2
40
76
109
130
136
156
170
223
259
275
261
269
282
287
307
303
307
294
293
280
262
283
263
272
286
264
245
209
216
235
220
222
219
205
211
196
186
173
159
153
168
124
105
53
15
-24
-92
-119
-162
-171
-198
-205
-218
-241
-238
-228
-243
-246
-252
-291
-274
-282
-277
-276
-265
-247
-282
-287
-297
-336
-361
-391
-403
-402
-449
-439
-419
-400
-360
-325
-307
-286
-243
-221
-169
-120
-78
-46
-8
32
33
38
72
95
110
139
163
186
206
203
231
242
232
251
285
307
313
322
323
317
334
349
339
346
331
346
369
352
360
348
324
326
355
371
366
348
314
305
254
233
205
180
171
119
105
80
68
44
-21
-61
-84
-100
-143
-181
-222
-227
-251
-262
-284
-301
-298
-296
-300
-309
-320
-324
-341
-335
-376
-398
-435
-460
-442
-447
-419
-397
-389
-362
-333
-297
-259
-235
-223
-194
-157
-129
-91
-56
-35
-42
-37
-22
-14
0
19
53
77
89
101
118
147
140
138
166
184
233
255
281
265
262
290
275
267
244
260
262
258
228
208
204
194
212
204
187
192
183
179
174
148
149
157
167
174
160
163
165
140
119
106
82
53
60
64
60
74
66
41
8
28
17
7
-14
-58
-72
-117
-109
-114
-125
-115
-153
-151
-152
-164
-117
-104
-112
-120
-124
-147
-149
-132
-146
-150
-163
-173
-178
-206
-207
-222
-235
-196
-202
-184
-152
-141
-135
-167
-165
-154
-164
-142
-132
-117
-86
-63
-39
-48
-15
-11
-19
6
5
-5
0
9
36
48
75
89
81
76
72
107
130
157
179
187
175
169
182
159
147
147
138
131
89
92
53
45
51
18
21
10
-6
3
50
57
64
69
72
71
89
81
63
76
65
51
13
-15
-37
-42
-51
-61
-54
-73
-83
-80
-80
-73
-55
-59
-35
-14
26
63
74
78
74
78
63
48
41
34
36
25
-23
-61
-87
-106
-116
-137
-156
-158
-180
-173
-180
-180
-157
-129
-104
-98
-89
-111
-122
-108
-88
-82
-99
-93
-92
-94
-58
-47
-32
-24
-5
-3
-6
23
45
85
108
110
117
125
139
145
143
179
192
206
216
214
216
223
219
214
204
199
200
146
131
116
125
136
137
128
116
111
111
112
91
65
67
60
42
35
10
18
-8
-28
-26
-45
-50
-72
-83
-87
-82
-93
-86
-80
-74
-70
-91
-122
-132
-134
-158
-167
-180
-169
-148
-171
-185
-170
-172
-173
-166
-166
-159
-183
-186
-187
-195
-204
-184
-171
-182
-171
-189
-190
-166
-157
-168
-147
-146
-134
-96
-63
-48
-11
1
12
50
58
75
82
93
105
105
87
104
98
99
92
107
113
112
111
94
121
127
174
210
230
260
267
277
292
280
274
285
263
280
290
299
269
271
233
206
189
136
102
56
59
37
41
30
0
-1
-10
-24
-50
-63
-73
-92
-106
-120
-130
-134
-139
-150
-132
-125
-149
-155
-160
-161
-174
-175
-160
-144
-154
-148
-157
-148
-118
-97
-95
-87
-65
-63
-54
-52
-27
8
9
6
-11
-35
-60
-71
-66
-45
-52
-50
-52
-57
-36
-32
-48
-41
-32
-41
-42
-22
-10
-25
-14
-22
-3
22
24
26
32
25
6
0
-14
-6
-8
-18
0
-14
-20
-12
-3
-21
9
43
58
106
116
137
138
156
152
137
169
169
181
205
198
185
162
138
95
95
96
86
64
53
40
35
38
9
-13
-47
-81
-118
-129
-152
-157
-162
-157
-132
-118
-86
-79
-61
-86
-96
-121
-126
-109
-97
-70
-59
-49
-27
-16
-16
-41
-44
-51
-62
-54
-62
-69
-90
-82
-89
-98
-115
-109
-100
-106
-109
-82
-58
-44
-17
-7
9
22
13
16
19
32
52
74
86
86
85
90
103
125
105
80
78
56
88
94
116
163
161
163
167
178
172
195
188
216
219
209
203
185
188
188
179
184
197
202
174
139
129
99
108
111
88
75
37
26
4
-5
-25
-51
-69
-99
-129
-150
-168
-196
-202
-231
-263
-273
-316
-314
-299
-274
-277
-290
-309
-327
-327
-328
-322
-335
-308
-279
-248
-214
-211
-200
-187
-193
-182
-178
-150
-114
-90
-73
-46
3
22
48
75
76
93
87
111
124
128
149
164
175
172
189
206
230
249
263
272
264
285
281
257
245
241
218
221
204
218
221
244
264
249
273
239
178
158
124
109
104
98
102
117
140
135
122
111
93
51
10
-29
-74
-112
-116
-143
-148
-155
-171
-192
-211
-232
-263
-283
-292
-290
-306
-299
-306
-292
-293
-260
-247
-259
-235
-257
-228
-239
-235
-221
-230
-210
-196
-171
-141
-114
-84
-81
-65
-38
-27
-1
28
37
66
99
117
133
173
193
202
227
210
183
194
208
225
239
227
240
233
229
212
196
197
169
176
159
182
201
189
189
149
123
101
92
84
85
90
83
80
61
59
61
11
0
-34
-34
-31
-20
-17
-55
-36
-53
-70
-110
-129
-136
-161
-153
-156
-154
-136
-124
-144
-128
-134
-142
-129
-120
-138
-166
-168
-185
-191
-207
-188
-190
-183
-187
-201
-194
-198
-159
-145
-131
-104
-77
-38
-13
10
56
77
83
85
85
108
85
84
83
80
95
125
124
106
115
114
125
106
136
157
166
186
177
167
170
167
166
146
119
128
111
105
93
61
46
49
40
30
21
42
29
20
16
14
27
29
52
32
23
38
19
22
-6
-8
4
-16
10
-8
-28
-55
-58
-73
-96
-94
-106
-98
-130
-112
-109
-107
-107
-138
-124
-136
-169
-165
-161
-182
-166
-138
-135
-156
-150
-148
-165
-179
-194
-189
-183
-187
-181
-162
-126
-87
-89
-96
-85
-56
-29
-12
-3
21
40
89
130
156
184
193
207
224
216
197
189
165
171
153
158
141
146
135
122
120
128
126
128
132
127
129
136
141
122
123
109
116
92
99
86
76
89
69
95
93
103
116
112
106
91
87
83
77
43
43
34
22
15
29
3
-45
-91
-123
-157
-159
-156
-167
-153
-155
-146
-141
-123
-124
-133
-118
-127
-144
-153
-148
-137
-138
-153
-152
-158
-165
-174
-182
-174
-153
-147
-144
-133
-102
-96
-94
-67
-43
-25
-40
-2
-7
17
46
32
23
28
23
14
7
-10
-8
-7
9
27
39
58
72
68
84
98
96
64
74
96
118
139
138
154
145
144
155
142
153
141
139
149
156
153
144
130
83
62
45
47
41
46
40
30
-1
0
-4
-19
6
-12
-8
14
11
21
13
-10
-35
-55
-50
-33
-42
-47
-52
-60
-54
-44
-59
-84
-56
-70
-53
-57
-58
-62
-85
-111
-119
-103
-111
-96
-99
-110
-118
-125
-133
-138
-143
-135
-125
-108
-82
-79
-77
-76
-71
-45
-23
-18
-8
-15
-21
-6
9
-5
26
53
58
79
77
79
84
68
74
81
96
91
98
116
104
115
124
125
129
104
83
65
55
51
72
67
59
73
65
70
64
59
38
44
27
23
15
-26
-27
-20
-12
-12
-9
-2
9
21
21
9
5
12
2
-11
-22
-14
-23
-8
13
-22
1
-7
22
31
17
34
38
16
-27
-46
-80
-94
-79
-68
-91
-83
-73
-70
-79
-84
-75
-71
-72
-87
-110
-105
-124
-137
-114
-111
-94
-85
-65
-51
-39
-26
-27
-30
-30
-41
-66
-46
-43
-45
-31
-14
-10
-9
-5
-10
7
-13
-7
-21
-25
-26
-19
7
29
50
72
76
86
97
118
137
132
117
113
109
116
99
100
105
87
108
110
100
99
127
130
147
171
170
183
172
161
177
161
158
147
116
90
72
40
24
-7
0
-24
-35
-48
-78
-74
-104
-112
-116
-103
-103
-117
-128
-119
-108
-95
-84
-83
-82
-97
-101
-112
-117
-123
-109
-102
-105
-77
-104
-111
-138
-137
-140
-154
-151
-149
-127
-93
-60
-51
-27
-22
0
-4
-8
10
8
8
20
28
23
26
23
46
52
73
98
91
122
121
137
124
131
128
140
127
106
120
85
76
61
77
62
34
30
22
22
6
17
23
14
3
-2
-18
-52
-70
-88
-94
-88
-76
-61
-61
-57
-30
-41
-52
-45
-41
-44
-44
-43
-42
-40
-33
-14
4
18
19
47
40
42
54
53
60
82
74
39
44
24
14
9
19
8
-3
-15
-15
-33
-48
-56
-65
-62
-88
-97
-95
-102
-108
-114
-92
-64
-50
-47
-33
-22
14
47
60
91
102
89
81
89
79
64
63
49
31
16
5
15
17
20
17
9
-22
-14
4
27
34
20
20
23
44
52
49
37
8
-15
-33
-29
-32
-38
-27
-21
-1
-10
-23
-25
-20
-7
4
9
8
23
-1
-18
-13
-21
-10
-13
6
23
16
10
11
42
43
56
29
21
12
-2
-2
3
3
-29
-34
-45
-28
-13
-15
-5
-23
-24
-16
-20
-31
-16
-6
1
4
-2
-15
-29
-35
-36
-19
-17
0
5
-15
-5
7
-8
7
17
