-16
-14
-14
-13
-12
-14
-14
-12
-11
-9
-6
-4
3
7
12
13
11
11
9
12
13
15
14
10
9
4
5
4
5
10
15
13
11
11
11
10
12
10
11
9
7
11
5
7
3
-4
0
-2
-3
-7
-12
-12
-16
-17
-18
-14
-12
-14
-20
-19
-20
-22
-18
-14
-9
-7
-3
-1
-2
2
0
-2
0
-3
0
2
0
-5
-5
0
-4
2
2
7
10
11
9
4
0
-2
0
1
8
6
8
9
9
7
7
6
9
8
7
7
6
6
6
8
9
12
13
11
7
5
0
4
7
8
12
8
5
2
1
-1
0
6
-1
-1
-1
-5
-5
-9
-10
-14
-9
-11
-3
5
6
6
7
3
0
-1
-3
-2
-4
-4
0
0
-5
-5
-6
-6
-4
-2
0
-5
-3
-2
-4
-6
-5
-5
-6
-1
1
3
2
5
5
2
1
0
-2
-5
-2
-7
-3
-1
-1
9
5
3
2
-2
-3
-3
-2
2
2
3
1
-1
0
-5
-5
-2
-4
-3
-3
-1
-2
-6
-5
-7
-3
-2
-1
0
-3
-5
-4
-6
-6
-6
-2
-3
-2
3
0
0
-2
-4
-2
2
-4
0
-3
-3
-3
-2
5
0
6
6
7
8
9
11
6
10
12
9
12
12
10
8
7
10
12
13
8
5
6
7
-2
-2
-3
-11
-8
-8
-9
-9
-9
-10
-12
-17
-15
-13
-15
-9
-8
-11
-10
-9
-9
-10
-12
-7
-1
2
2
0
2
1
0
2
-3
-2
-1
4
7
8
7
5
3
1
1
4
7
4
1
2
2
7
7
7
14
12
8
3
5
4
3
3
6
9
9
7
3
3
1
4
8
10
8
8
3
1
4
5
5
10
11
7
8
5
2
0
1
1
2
0
-1
0
1
0
-2
-6
-9
-8
-9
-10
-13
-14
-15
-14
-16
-19
-16
-13
-13
-13
-12
-9
-13
-16
-17
-17
-13
-11
-11
-12
-8
-5
-1
-1
-1
2
-1
1
3
1
4
4
4
5
9
12
15
17
15
12
9
9
9
12
14
14
12
12
10
4
4
7
7
4
6
9
9
6
4
3
1
1
3
4
3
2
1
-2
2
-1
-5
-6
-12
-12
-16
-19
-14
-13
-11
-6
-5
-6
-7
-7
-6
-7
-6
-5
-6
-2
1
1
0
1
-2
-1
-2
-4
0
0
0
1
0
1
0
1
5
6
6
4
8
12
9
10
8
7
13
13
12
17
14
10
10
6
2
2
2
3
1
-1
-4
-4
-1
-3
0
-2
-1
-3
-5
-8
-7
-7
-10
-10
-8
-11
-11
-8
-7
-9
-13
-11
-11
-11
-9
-4
0
-1
2
6
7
7
5
7
4
4
2
1
3
2
5
6
4
8
6
3
7
7
11
7
7
10
5
2
1
1
1
2
1
-1
-2
-3
-5
-6
-4
-3
-6
-3
-2
-2
1
-4
-7
-12
-13
-15
-16
-14
-14
-14
-10
-8
0
2
0
3
-2
-4
-6
-3
1
0
-1
8
13
7
11
10
9
9
5
4
6
5
3
1
2
5
8
11
9
9
6
3
3
0
-2
0
-3
-1
-4
-9
-8
-9
-9
-8
-8
-6
-4
-4
-1
-2
-2
-3
2
-1
-3
-1
-2
-3
0
5
1
4
1
0
6
8
7
7
8
7
4
3
7
2
0
5
7
8
9
16
13
10
6
4
1
6
6
4
3
-2
0
2
7
1
2
-1
-8
-7
-9
-8
-10
-8
-8
-3
-6
-6
-9
-11
-9
-9
-7
-7
-7
-4
-1
1
3
6
9
7
8
7
5
1
-2
-4
-4
-2
0
-1
3
0
-3
-4
-7
-3
-4
-2
-1
-2
-2
-1
2
3
3
5
2
-2
-5
-8
-11
-12
-5
-3
-1
0
2
0
1
2
-1
-7
-4
1
1
2
-1
-6
-8
-5
-2
-2
1
4
5
2
7
1
1
-1
-4
2
1
3
0
-1
0
-2
-6
-8
-10
-9
-5
-3
-2
-5
-6
-6
-8
-5
-1
-1
0
-2
0
0
0
1
2
3
7
7
11
13
11
11
10
12
11
10
13
15
16
14
14
11
6
7
6
3
1
3
6
4
4
5
6
8
5
4
-1
3
0
4
5
6
6
6
9
11
10
5
4
3
2
2
3
4
-3
-2
-1
-5
-5
-4
-9
-11
-10
-13
-14
-14
-14
-22
-17
-17
-16
-9
-6
-9
-10
-9
-12
-13
-16
-14
-13
-13
-7
-2
-1
3
1
-2
-8
-8
-7
-10
-9
-11
-13
-12
-11
-9
-10
-8
-4
-2
-1
-2
-1
-1
4
6
4
6
8
9
8
10
14
13
17
13
15
18
15
16
13
15
10
9
13
15
15
12
11
9
6
2
1
1
-4
-6
-2
-1
-1
0
4
5
6
0
-1
0
-3
-2
-1
-3
-5
-6
-2
-2
-3
0
-1
-1
-2
-5
-4
-5
-9
-8
-11
-12
-11
-11
-5
-3
-8
-7
-8
-4
-3
-8
-4
0
0
1
0
-1
1
-2
2
4
2
-3
1
6
1
3
3
1
4
5
8
12
12
16
15
11
11
9
10
12
10
6
7
8
2
0
2
3
-1
-3
-5
-1
1
-1
2
-2
-6
-6
-7
-9
-12
-12
-11
-10
-8
-8
-10
-16
-14
-15
-16
-15
-18
-19
-15
-11
-9
-5
0
1
2
3
3
4
9
15
12
10
11
16
20
20
16
15
14
12
12
11
16
12
11
8
7
5
4
4
3
3
-3
0
5
1
3
-1
-2
1
1
2
0
-1
-1
-2
-6
-6
-10
-10
-11
-10
-13
-16
-17
-19
-20
-21
-23
-22
-23
-13
-12
-14
-13
-9
-10
-10
-9
-7
-7
-10
-6
-5
-5
-5
-6
-2
3
-1
1
4
5
6
7
8
7
6
5
5
2
10
10
12
12
9
10
8
11
10
9
12
9
12
8
9
17
14
13
18
19
21
18
15
16
16
9
10
10
6
7
5
11
4
6
2
5
1
-8
-10
-15
-10
-13
-10
-6
-1
-1
-8
-10
-5
-3
2
1
-1
3
-1
1
2
1
8
6
0
-1
-2
-2
-6
-1
-4
-1
-5
-5
0
-3
3
5
8
-2
0
1
-2
-6
-12
-8
-10
-8
-8
-2
-2
-3
-8
-11
-19
-27
-26
-28
-21
-23
-29
-19
-24
-23
-13
-17
-19
-19
-12
-8
-13
-10
-11
-11
-5
1
9
10
12
13
16
13
14
18
11
11
20
25
19
10
1
0
-6
-6
1
-2
-7
-3
-6
-10
-7
-3
0
2
0
3
8
10
10
11
12
13
15
24
20
19
22
25
22
17
21
22
20
19
16
11
10
6
7
13
6
-2
-7
-3
7
-17
-23
-13
5
9
-2
-1
6
11
11
13
1
0
12
16
11
-4
7
22
12
-5
-1
11
12
-7
-12
-10
-10
-18
-32
-37
-40
-38
-42
-41
-38
-37
-33
-29
-30
-27
-11
-9
-8
-1
16
32
36
28
19
18
18
19
7
8
20
17
5
8
15
15
4
-10
-14
-13
-18
-22
-28
-29
-29
-37
-48
-46
-45
-41
-28
-50
-51
-48
-37
-25
-37
-21
1
10
6
14
41
54
59
60
61
57
52
67
56
59
57
57
64
52
54
50
42
37
30
30
20
7
-8
-13
-21
-23
-13
-22
-38
-52
-54
-57
-75
-74
-69
-62
-46
-47
-35
-24
-16
-6
-10
-1
5
12
29
32
44
58
71
59
65
74
74
66
47
45
40
31
21
10
-2
-4
-2
-13
-21
-24
-24
-13
-18
1
15
18
19
22
31
27
26
33
36
39
33
16
14
-4
-19
-19
-24
-27
-30
-25
-12
-3
-6
-7
-46
-116
-205
-302
-345
-368
-431
-495
-508
-462
-399
-385
-364
-302
-197
-90
-22
24
93
197
320
384
381
414
527
631
645
612
630
708
728
667
592
547
526
475
351
222
124
61
-18
-141
-242
-299
-331
-360
-402
-422
-416
-403
-382
-340
-349
-343
-291
-217
-179
-208
-191
-143
-75
-49
-32
16
94
182
216
221
213
253
299
252
198
149
151
107
-14
-82
-111
-157
-220
-303
-340
-362
-382
-393
-400
-362
-297
-261
-237
-205
-159
-68
-37
-45
-4
88
136
145
159
191
231
263
268
284
237
161
51
-20
-108
-191
-298
-369
-389
-427
-452
-486
-492
-416
-315
-235
-195
-104
94
247
328
337
466
671
811
831
839
950
1050
1023
919
832
828
788
645
418
322
272
145
-63
-238
-255
-347
-493
-584
-606
-591
-609
-628
-665
-689
-675
-675
-674
-677
-588
-503
-399
-283
-199
-41
87
193
334
516
647
734
763
754
776
788
708
595
511
433
340
232
120
26
-56
-178
-300
-414
-517
-594
-688
-803
-855
-860
-871
-826
-665
-476
-520
-870
-1186
-1244
-911
-996
-1432
-1654
-1365
-933
-931
-1171
-1149
-748
-243
11
13
57
557
1296
1633
1380
1155
1836
2661
2749
2168
1943
2383
2700
2413
1788
1483
1600
1588
1233
644
338
360
368
77
-341
-547
-622
-586
-627
-870
-1165
-1389
-1237
-1082
-1179
-1418
-1346
-886
-577
-684
-817
-547
-107
68
-147
-394
-235
252
467
159
-125
85
443
320
-119
-39
306
400
62
-201
-107
-6
-143
-575
-814
-735
-640
-742
-1022
-1033
-686
-355
-349
-485
-268
154
311
195
195
470
576
359
73
98
265
248
12
-181
-32
282
52
-403
-674
-505
-367
-827
-1281
-1330
-1017
-1092
-1396
-1551
-1352
-1010
-763
-529
-188
308
863
1253
1511
1761
2260
2676
2770
2757
2744
2823
2695
2372
2210
1947
1526
1041
744
611
403
124
-106
-331
-465
-613
-919
-1150
-1267
-1362
-1532
-1851
-2006
-1968
-1912
-1937
-1827
-1463
-1093
-790
-482
-33
382
754
1056
1363
1618
1658
1717
1793
1737
1622
1413
1102
783
535
368
142
-86
-223
-363
-492
-764
-997
-1118
-1292
-1609
-1829
-2036
-2148
-2219
-2298
-2274
-2064
-1785
-1512
-1185
-793
-136
582
1109
637
-24
-562
-117
-3
-952
-1795
-1979
-1355
-1212
-1631
-1869
-1448
-619
114
264
30
458
1671
2551
2351
1498
1893
3086
3513
2796
2005
2295
2941
2915
2287
1728
2092
2597
2715
2115
1541
1453
1496
1218
458
-266
-720
-945
-1104
-1544
-2070
-2452
-2288
-1844
-1854
-2245
-2221
-1588
-936
-1003
-1426
-1400
-945
-653
-969
-1489
-1449
-682
-167
-338
-498
10
916
1233
892
909
1405
1783
1328
638
566
830
586
-142
-741
-795
-634
-721
-1190
-1337
-1137
-655
-463
-466
-174
284
438
72
-224
-8
325
168
-366
-512
-174
65
15
-4
199
598
785
669
569
668
668
216
-251
-734
-884
-1133
-1531
-1791
-1772
-1706
-1813
-1843
-1477
-766
-160
36
277
694
1241
1457
1465
1700
2098
2266
1879
1528
1711
2063
1989
1535
1401
1647
1856
1702
1371
1271
1217
879
231
-191
-322
-442
-812
-1417
-1751
-1693
-1654
-1663
-1662
-1467
-1270
-1091
-893
-629
-387
-233
-154
-174
-57
55
103
128
29
117
234
323
280
355
517
607
490
338
387
446
271
-131
-465
-557
-750
-1033
-1397
-1668
-1783
-1838
-1836
-1755
-1460
-1017
-648
-351
-109
137
517
930
1330
1450
1287
465
-331
-817
-535
-815
-1842
-2639
-2468
-1600
-1217
-1352
-1352
-754
154
821
934
804
1289
2243
2714
2045
1177
1706
2804
3078
2122
1367
1907
2742
2822
2234
1914
2253
2485
2229
1509
1063
922
673
-60
-905
-1415
-1684
-1854
-1957
-2025
-2259
-2476
-2247
-1525
-1189
-1316
-1423
-1049
-459
-399
-634
-629
-182
67
-250
-869
-850
43
580
357
-49
194
784
833
472
382
691
677
162
-365
-388
-243
-369
-702
-1030
-996
-743
-643
-628
-538
-193
47
-124
-276
-53
259
216
-155
-312
-49
67
-134
-231
-16
221
229
55
36
257
553
534
84
-396
-469
-680
-1030
-1554
-1859
-1842
-1899
-2076
-2069
-1650
-1207
-990
-728
-268
314
723
1036
1463
1929
2272
2334
2371
2625
3014
3132
2838
2687
2816
2817
2484
1929
1633
1446
1093
446
-59
-284
-401
-785
-1381
-1689
-1720
-1625
-1675
-1808
-1592
-1490
-1414
-1417
-1280
-941
-796
-795
-764
-591
-302
-41
94
216
609
948
964
937
1051
1505
1600
1274
923
765
682
317
-193
-430
-443
-720
-1096
-1371
-1372
-1195
-1344
-1500
-1483
-1268
-1108
-1162
-1155
-919
-674
-686
-706
-445
8
318
332
321
715
1223
1550
1283
411
-320
-652
-629
-1294
-2276
-2723
-2391
-2000
-2257
-2607
-2533
-1894
-980
-305
-103
-112
581
1840
2404
1969
1627
2476
3389
3303
2364
2017
2817
3484
3227
2465
2256
2739
3111
2815
2064
1666
1623
1423
742
-165
-702
-1039
-1296
-1590
-2123
-2464
-2517
-2185
-1877
-2081
-2167
-1831
-1059
-804
-962
-1090
-881
-486
-577
-868
-1150
-863
-322
-239
-494
-629
-92
375
318
207
539
1134
963
517
361
534
489
96
-279
-455
-389
-452
-653
-780
-818
-631
-493
-611
-515
-175
77
-42
-199
-11
303
332
-44
-2
221
317
212
-42
26
117
180
61
-114
104
94
-207
-819
-988
-701
-688
-1100
-1607
-1503
-1193
-988
-1087
-1014
-625
-119
350
325
449
1035
1663
1890
1590
1650
2092
2284
1880
1515
1611
1946
1689
1030
745
980
1163
1059
868
956
1140
916
407
137
229
336
80
-476
-759
-782
-858
-1037
-1133
-1110
-994
-952
-932
-758
-494
-334
-343
-416
-428
-281
-217
-283
-463
-475
-446
-621
-773
-733
-439
-259
-158
-71
174
395
552
603
678
650
488
341
158
-49
-313
-662
-960
-1247
-1358
-1293
-1042
-738
-653
-624
-453
-79
423
508
580
764
943
456
-725
-1594
-1635
-1293
-1994
-3073
-3420
-2523
-1552
-1463
-1661
-1262
-218
847
1197
1098
1187
2037
2752
2382
1427
1220
2266
2871
2253
1293
1331
2377
2922
2546
2027
2261
2846
2934
2309
1461
1068
1030
580
-425
-1261
-1422
-1245
-1295
-1647
-1956
-1858
-1463
-852
-554
-683
-776
-571
-194
-255
-637
-809
-770
-846
-1327
-1743
-1724
-1196
-734
-847
-1077
-718
163
625
567
611
895
1027
701
345
278
455
198
-425
-834
-911
-610
-503
-697
-918
-732
-201
80
-25
65
551
592
-19
-477
-296
139
59
-560
-863
-699
-390
-474
-556
-262
184
314
51
-6
528
936
645
-188
-555
-366
-580
-1075
-1480
-1229
-926
-1034
-1313
-1096
-349
329
532
343
492
1096
1631
1769
1509
1671
2162
2188
1792
1629
1963
2334
2131
1744
1644
1977
2221
2051
1721
1473
1449
1136
727
296
48
-133
-668
-1239
-1656
-1592
-1696
-2005
-2143
-2277
-2279
-2413
-2229
-1953
-1932
-1930
-1837
-1573
-1441
-1253
-1012
-943
-794
-648
-315
-85
142
590
946
1107
1183
1484
1822
1877
1600
1238
1179
1096
834
296
-285
-635
-846
-1072
-1494
-1617
-1292
-900
-847
-925
-747
-144
296
485
557
690
814
766
722
736
587
-301
-1326
-1976
-1723
-1538
-2034
-2558
-2247
-1389
-831
-869
-772
-45
804
1250
911
504
903
1595
1700
933
246
797
1770
1947
1335
1224
2184
3088
3094
2519
2421
2781
2879
2419
1531
999
708
421
-98
-497
-788
-856
-829
-756
-749
-911
-968
-750
-444
-550
-1132
-1355
-1141
-1069
-1565
-2235
-2343
-2112
-1922
-2114
-2291
-1868
-1004
-502
-592
-331
391
1090
1034
752
901
1187
1124
548
232
234
58
-426
-736
-503
-92
-2
-216
-503
-318
120
231
-50
-289
-14
108
-323
-821
-750
-230
-239
-706
-1050
-715
-32
189
-102
-258
175
462
284
14
234
888
834
4
-627
-337
131
-365
-1108
-1343
-952
-643
-769
-828
-480
55
247
135
217
626
1094
1182
1047
963
1334
1837
1982
2041
2234
2551
2606
2489
2553
2601
2535
2198
1806
1425
1066
848
623
315
-97
-464
-729
-836
-985
-1199
-1570
-1906
-2026
-2142
-2499
-2847
-2793
-2559
-2523
-2589
-2393
-1896
-1394
-1090
-983
-667
-202
170
344
443
728
926
1022
1051
1184
1345
1364
1136
893
843
843
594
148
-134
-182
-353
-654
-859
-846
-699
-707
-759
-708
-410
-86
65
124
193
364
452
430
516
614
776
535
133
-520
-1122
-1477
-1665
-1705
-2147
-2338
-2081
-1411
-951
-937
-845
-525
86
501
512
320
339
852
942
654
454
990
1878
2126
1849
1843
2616
3412
3512
3308
3273
3586
3554
3047
2417
2059
1807
1206
401
-334
-855
-1208
-1592
-1792
-1949
-2130
-2252
-2226
-1991
-1988
-2134
-2305
-2216
-2031
-2151
-2479
-2717
-2385
-2070
-2170
-2325
-2016
-1220
-697
-670
-363
394
1162
1508
1497
1568
1882
2132
1967
1567
1272
1276
1061
578
242
213
168
-184
-588
-526
-261
-170
-236
-209
15
52
-107
-190
-47
171
-39
-482
-822
-701
-420
-481
-653
-701
-429
-135
-20
102
425
751
580
-20
-512
-349
-22
-294
-937
-1334
-1248
-1094
-1128
-1174
-861
-385
-87
11
210
773
1477
1841
1775
1694
2044
2582
2855
2724
2616
2691
2695
2442
2124
2166
2260
1970
1446
1058
965
803
337
-194
-711
-1138
-1481
-1866
-2133
-2486
-2961
-3370
-3592
-3445
-3298
-3367
-3309
-2949
-2474
-2148
-1851
-1378
-729
-369
-108
116
382
766
1104
1355
1467
1563
1803
2098
2332
2506
2634
2574
2422
2216
1939
1596
1033
521
-9
-622
-1230
-1613
-1665
-1711
-1994
-2153
-1909
-1416
-997
-855
-664
-259
13
-2
-231
-41
415
639
250
-422
-1060
-1263
-1418
-1557
-1800
-2117
-2034
-1636
-1114
-615
-277
-1
289
599
1045
1091
892
815
1000
998
646
360
878
1731
1985
1655
1753
2632
3519
3676
3462
3462
3676
3606
3025
2292
1909
1609
852
-255
-1074
-1388
-1572
-1803
-2088
-2130
-2272
-2376
-2348
-2047
-1939
-2180
-2334
-2327
-2286
-2522
-2734
-2796
-2612
-2534
-2523
-2324
-1767
-906
-212
-51
407
1220
2144
2509
2454
2667
2910
2702
2150
1693
1501
1168
519
-18
-199
-240
-308
-516
-518
-361
-175
-5
-2
106
389
527
131
-320
-488
-440
-734
-1334
-1681
-1543
-1272
-1241
-1232
-950
-532
-84
193
379
608
982
1013
535
40
-32
97
-252
-1088
-1511
-1384
-1087
-1219
-1313
-1006
-494
-22
220
535
963
1494
1964
2012
2033
2331
2728
2822
2551
2353
2457
2454
2338
2093
1939
1825
1557
1213
966
679
267
-180
-729
-1237
-1739
-1954
-2284
-2508
-2974
-3203
-3455
-3449
-3152
-2861
-2682
-2647
-2399
-1946
-1547
-1296
-926
-562
-275
-53
122
448
769
909
1137
1372
1782
2121
2405
2675
2873
2993
2923
2647
2376
2114
1767
1057
397
-184
-612
-1168
-1660
-1800
-1761
-1825
-1914
-1667
-1095
-507
-380
-400
-186
239
443
294
224
227
207
-123
-559
-846
-1096
-1404
-1792
-1903
-1745
-1597
-1632
-1479
-894
-380
-437
-769
-796
-420
-261
-446
-790
-846
-490
-154
146
371
925
1804
2450
2850
3137
3581
4139
4434
4236
3852
3522
3229
2871
2253
1443
726
180
-213
-630
-1063
-1414
-1528
-1601
-1788
-2094
-2207
-2067
-2054
-2302
-2668
-2833
-2908
-2762
-2825
-2867
-2770
-2371
-1853
-1512
-1097
-280
500
981
1435
2132
2812
3081
2905
2847
2753
2447
2103
1658
1259
796
394
161
-17
-188
-299
-380
-475
-649
-738
-800
-771
-881
-1099
-1497
-1726
-1787
-1792
-1844
-1950
-1898
-1628
-1444
-1266
-911
-412
10
178
348
623
829
802
799
801
579
219
-155
-378
-388
-472
-818
-1111
-1047
-707
-466
-514
-414
-160
141
389
559
752
1023
1324
1656
1861
1908
2089
2365
2615
2667
2530
2618
2886
2842
2372
1838
1649
1499
1152
521
-52
-460
-823
-1200
-1579
-1789
-1929
-2125
-2387
-2526
-2682
-2713
-2701
-2758
-2790
-2726
-2457
-2164
-1875
-1467
-1080
-766
-367
187
707
1207
1626
2085
2491
2773
2974
3124
3216
3207
2957
2631
2247
1895
1536
982
318
-330
-795
-1296
-1710
-1993
-2116
-2109
-2292
-2403
-2277
-1830
-1390
-1299
-1245
-1142
-856
-706
-808
-780
-660
-553
-662
-676
-605
-290
-85
-148
-237
-343
-388
-498
-541
-513
-535
-879
-1177
-1171
-913
-845
-928
-977
-783
-514
-232
15
341
850
1514
2006
2368
2809
3434
3920
3963
3851
3865
3918
3801
3420
2974
2563
2031
1360
858
436
-101
-594
-1157
-1490
-1757
-1911
-2120
-2213
-2350
-2607
-2824
-3020
-2869
-2777
-2719
-2854
-2772
-2515
-2100
-1621
-1234
-796
-469
28
505
989
1655
2113
2385
2353
2497
2726
2717
2575
2211
1798
1365
929
580
313
122
-129
-536
-945
-1174
-1104
-1043
-1096
-1428
-1654
-1681
-1656
-1650
-1661
-1619
-1598
-1644
-1650
-1468
-1116
-838
-685
-628
-385
-58
201
460
636
811
928
857
981
1217
1407
1133
610
43
-197
-266
-652
-980
-1171
-950
-776
-774
-706
-380
67
433
684
890
1214
1629
1962
2169
2043
2027
2199
2432
2507
2331
2136
2023
1856
1541
1164
852
554
286
13
-227
-474
-669
-873
-1105
-1338
-1532
-1710
-1858
-2063
-2239
-2310
-2360
-2425
-2416
-2342
-2179
-1892
-1458
-968
-610
-215
422
952
1243
1622
2163
2577
2737
2752
2818
2845
2565
2161
1862
1595
1143
551
-2
-335
-598
-974
-1483
-1736
-1722
-1726
-1901
-2074
-1981
-1732
-1706
-1823
-1792
-1494
-1308
-1366
-1383
-1211
-910
-824
-857
-831
-548
-257
-183
-68
13
303
488
672
674
766
646
580
218
-53
-207
-431
-580
-803
-745
-743
-728
-673
-463
-269
95
499
934
1312
1665
2044
2545
2801
2939
2947
3085
3163
2913
2502
2147
1861
1549
1056
659
269
158
14
-274
-651
-850
-851
-982
-1287
-1553
-1672
-1670
-1889
-2203
-2309
-2132
-1874
-2048
-2092
-1929
-1525
-1216
-935
-570
-285
58
312
646
926
1108
1360
1439
1335
1179
1443
1553
1348
1184
1186
1365
1262
1010
953
824
578
104
-140
-297
-557
-840
-1205
-1561
-1925
-2088
-2135
-2209
-2226
-2180
-1994
-1820
-1620
-1259
-901
-665
-485
-220
78
282
502
687
747
737
766
900
950
1047
1149
1282
1272
1338
1367
1235
912
572
476
284
-117
-337
-281
-245
-429
-611
-647
-451
-336
-215
-115
-137
73
316
390
304
192
405
524
398
312
562
892
937
871
873
1073
1156
1157
1011
834
673
603
301
-119
-548
-940
-1320
-1782
-1905
-1997
-1949
-1920
-1782
-1509
-1280
-981
-590
-185
70
251
413
660
821
790
757
722
704
788
787
939
1059
1176
1338
1488
1582
1635
1539
1398
1238
973
503
32
-444
-928
-1311
-1884
-2377
-2613
-2704
-2713
-2771
-2627
-2399
-2168
-1982
-1765
-1408
-932
-569
-419
-328
-162
-17
188
361
541
715
939
1186
1338
1688
1725
1747
1500
1443
1354
1205
904
624
486
212
-154
-502
-701
-755
-803
-699
-641
-552
-428
-135
313
531
733
925
1280
1473
1388
1204
1206
1364
1403
1128
887
850
1038
1039
884
638
572
596
508
177
-44
-95
-226
-504
-799
-1175
-1422
-1541
-1656
-1841
-1997
-1951
-1699
-1624
-1660
-1508
-1185
-838
-638
-425
-107
248
529
647
737
989
1222
1492
1506
1462
1605
1830
1742
1443
1166
1081
930
530
18
-379
-797
-1187
-1665
-2066
-2272
-2334
-2390
-2517
-2507
-2257
-1910
-1737
-1616
-1341
-898
-466
-171
183
661
1121
1381
1473
1740
2020
2240
2256
2271
2326
2414
2577
2611
2636
2303
1771
1099
624
318
-199
-983
-1681
-1977
-2199
-2596
-3148
-3334
-3102
-2847
-2842
-2832
-2508
-1903
-1354
-1170
-1092
-566
216
916
1148
1129
1501
2034
2373
2355
2252
2342
2369
2432
2283
1995
1785
1707
1479
1053
580
261
157
91
-183
-557
-897
-840
-918
-1176
-1504
-1647
-1372
-1452
-1406
-1391
-1163
-793
-624
-641
-440
-134
428
881
933
1275
1897
2071
2116
2032
2309
2428
1859
1194
791
526
92
-621
-1113
-1444
-1688
-2102
-2384
-2484
-2427
-2286
-2340
-2334
-2178
-1761
-1490
-1446
-1366
-1058
-709
-399
-180
197
597
999
1305
1591
1949
2344
2652
2763
2780
2769
2873
2884
2523
1970
1471
820
-20
-711
-1374
-1820
-2504
-2965
-3160
-3244
-3229
-3258
-3346
-3097
-2805
-2543
-2345
-2149
-1704
-1187
-798
-468
43
832
1652
2007
2242
2739
3294
3640
3712
3683
3689
3645
3421
3077
2705
2325
1953
1314
762
212
-207
-586
-957
-1294
-1564
-1818
-1884
-2019
-2106
-2224
-2294
-2182
-2059
-1941
-1774
-1565
-1158
-1018
-892
-757
-375
275
652
970
1285
1824
2112
2210
2195
2179
2067
1818
1451
1014
642
157
-473
-985
-1440
-1652
-1910
-2222
-2369
-2344
-2185
-2058
-1964
-1676
-1350
-923
-724
-427
-23
437
832
1023
1304
1553
1901
2147
2180
2217
2222
2204
2088
1905
1765
1717
1471
1182
980
783
344
-341
-1159
-1721
-2309
-3063
-3745
-4243
-4315
-4402
-4374
-4357
-4047
-3501
-2702
-2002
-1504
-951
-195
712
1479
1790
2207
2790
3459
3762
3608
3507
3827
4069
3871
3437
3113
2988
2774
2213
1697
1333
1023
647
23
-497
-985
-1323
-1562
-1976
-2336
-2872
-3069
-2994
-2884
-2750
-2818
-2294
-1734
-1185
-899
-444
143
535
842
1073
1365
1596
1980
2288
2222
2228
2329
2481
2234
1812
1659
1533
1235
445
-43
-210
-571
-1046
-1660
-1919
-2047
-2246
-2554
-2765
-2667
-2382
-2142
-2042
-1697
-1181
-592
-243
-19
512
1113
1304
1237
1292
1606
1685
1412
1072
978
947
888
709
584
608
720
758
584
331
-6
-423
-1177
-1861
-2482
-2955
-3543
-4026
-4136
-4026
-3865
-3724
-3355
-2791
-2000
-1321
-671
62
946
1764
2323
2619
3111
3721
4086
4043
3783
3734
3916
3789
3453
3123
2955
2866
2663
2244
1813
1489
1187
784
167
-416
-851
-1228
-1731
-2382
-2876
-3132
-3280
-3376
-3498
-3394
-3125
-2720
-2198
-1641
-1151
-681
-173
175
573
815
1208
1532
1667
1857
1944
2148
2252
2253
2221
2161
2087
1968
1691
1280
895
385
-133
-482
-887
-1305
-1712
-2058
-2333
-2383
-2387
-2305
-2147
-1896
-1554
-1197
-869
-623
-335
-64
53
63
27
196
403
394
394
361
553
723
802
856
903
1076
1116
1086
1007
942
968
625
-132
-1059
-1808
-2031
-2614
-3206
-3728
-3828
-3624
-3384
-3138
-2752
-2074
-1287
-450
105
611
1405
2022
2509
2606
2678
3004
3227
3248
2983
2822
2845
2884
2812
2565
2372
2340
2309
2071
1681
1463
1097
749
125
-456
-1047
-1598
-2008
-2424
-2723
-2959
-3079
-2939
-2704
-2526
-2338
-1852
-1144
-489
-80
280
754
1063
1226
1202
1349
1793
2037
2116
1997
2003
2101
2168
2049
1849
1720
1441
1092
477
-137
-556
-1049
-1567
-2239
-2739
-2926
-3079
-3222
-3362
-3239
-2972
-2607
-2225
-1894
-1403
-902
-455
-154
181
608
845
984
1019
1175
1353
1478
1573
1741
1853
1847
1717
1572
1503
1508
1240
889
546
246
-216
-1086
-1913
-2519
-2784
-3278
-3678
-3847
-3542
-3128
-2792
-2513
-2036
-1224
-365
405
915
1432
1984
2398
2666
2777
2912
3093
3096
2963
2797
2724
2740
2687
2614
2441
2227
1961
1771
1586
1282
809
306
-202
-731
-1297
-1891
-2326
-2650
-2824
-3045
-3091
-2947
-2497
-2140
-1856
-1488
-782
101
686
936
1149
1457
1595
1626
1411
1344
1451
1385
1143
826
962
1209
1285
1170
1088
990
857
641
288
-72
-434
-955
-1597
-2229
-2565
-2804
-3071
-3285
-3296
-3007
-2667
-2334
-1854
-1282
-688
-240
159
556
990
1312
1398
1405
1343
1287
1262
1230
1020
889
767
785
777
841
922
892
770
548
377
224
60
-286
-850
-1540
-2241
-2484
-2747
-2803
-2897
-2906
-2586
-2217
-1780
-1307
-757
-129
451
858
1189
1638
2046
2374
2427
2266
2513
2768
2858
2753
2708
2729
2593
2418
2320
2320
2259
1956
1607
1234
788
290
-196
-699
-1227
-1663
-2056
-2309
-2385
-2436
-2353
-2356
-2130
-1783
-1356
-995
-664
-232
59
205
250
305
442
567
512
453
465
575
691
819
832
915
1003
947
717
460
246
-4
-454
-865
-1267
-1621
-1971
-2294
-2434
-2363
-2220
-2149
-2003
-1617
-1103
-654
-373
39
540
906
1038
1153
1414
1649
1637
1322
1153
1216
1244
1079
870
712
749
698
559
446
475
551
459
152
-84
-142
-210
-566
-1288
-1856
-2168
-2320
-2656
-2954
-2942
-2671
-2360
-2067
-1673
-1107
-469
111
611
988
1357
1745
2084
2288
2271
2188
2318
2335
2250
2067
1822
1743
1736
1678
1487
1245
1065
983
770
441
187
-83
-351
-703
-1035
-1310
-1444
-1533
-1592
-1590
-1508
-1398
-1132
-721
-454
-97
235
668
934
1066
1138
1308
1326
1232
1131
864
614
410
242
108
-16
-56
-13
-193
-391
-541
-607
-740
-967
-1089
-1124
-1352
-1588
-1695
-1673
-1592
-1570
-1506
-1330
-1041
-632
-234
72
392
752
1018
1218
1286
1457
1543
1470
1304
1160
1046
814
513
210
56
-153
-428
-635
-725
-777
-802
-912
-980
-954
-833
-689
-748
-806
-1018
-1206
-1418
-1487
-1472
-1478
-1343
-1170
-884
-567
-225
59
356
627
893
1100
1155
1205
1348
1414
1264
1023
1009
1107
1193
1171
1057
1135
1332
1441
1386
1252
1178
1122
1019
600
165
-44
-110
-288
-632
-855
-863
-642
-486
-446
-363
-111
271
592
682
736
867
957
917
608
248
-20
-240
-501
-874
-1191
-1328
-1161
-1094
-1067
-1008
-632
-210
-7
121
280
396
394
190
-32
-236
-461
-669
-901
-1097
-1182
-1084
-949
-756
-486
-105
373
585
797
1012
1165
1292
1177
1096
942
679
343
-11
-314
-528
-645
-738
-850
-870
-812
-604
-488
-354
-99
63
145
106
22
47
-6
-158
-513
-736
-981
-1058
-1137
-1392
-1475
-1425
-1172
-987
-807
-535
-346
-113
116
284
374
426
654
807
892
822
863
1105
1312
1339
1299
1446
1527
1495
1505
1458
1489
1399
1293
1075
890
757
625
450
194
24
-87
-241
-329
-442
-492
-560
-631
-594
-645
-574
-570
-565
-672
-847
-921
-941
-856
-792
-801
-862
-768
-465
-171
137
293
555
836
1015
1128
1224
1330
1174
781
412
175
9
-231
-473
-671
-722
-681
-619
-512
-320
-20
75
52
39
140
318
282
13
-235
-353
-435
-591
-733
-873
-882
-880
-908
-858
-640
-306
-85
-71
-90
71
227
239
3
-221
-320
-466
-603
-645
-667
-765
-966
-1082
-985
-889
-714
-607
-438
-306
-206
-152
-112
-127
15
179
139
81
230
511
786
783
892
1261
1639
1857
1955
2135
2271
2235
2050
1879
1775
1646
1468
1191
938
772
579
405
190
41
-10
-82
-248
-300
-363
-403
-597
-685
-805
-971
-1183
-1372
-1376
-1357
-1424
-1486
-1430
-1256
-1017
-798
-584
-224
92
333
451
592
906
1049
1013
883
753
656
518
308
162
33
-100
-194
-284
-399
-392
-335
-374
-467
-452
-407
-352
-384
-401
-463
-489
-549
-645
-640
-608
-646
-590
-500
-377
-207
-37
72
176
348
436
490
494
474
360
152
-21
-24
-58
-205
-263
-249
-363
-468
-690
-768
-718
-933
-1125
-1265
-1230
-1191
-1256
-1279
-1220
-1007
-731
-415
-221
-49
375
799
1178
1302
1485
1814
2052
2084
1966
1973
2016
2008
1915
1708
1562
1467
1460
1377
1183
1136
1035
906
619
344
172
-37
-264
-533
-789
-1014
-1274
-1425
-1606
-1701
-1714
-1640
-1438
-1140
-881
-675
-307
-25
288
407
480
742
773
792
698
669
709
574
387
232
243
184
28
-71
-111
-86
-223
-335
-448
-569
-647
-754
-849
-919
-895
-938
-997
-1037
-985
-825
-672
-525
-406
-287
-73
27
84
234
381
407
395
343
264
204
72
-65
-158
-182
-179
-256
-352
-359
-322
-292
-334
-316
-285
-382
-448
-649
-699
-801
-867
-864
-821
-678
-537
-356
-113
111
301
637
930
1026
1066
1193
1366
1371
1277
1339
1463
1468
1375
1268
1240
1233
1231
1114
989
926
829
679
452
322
250
138
-129
-397
-547
-625
-716
-846
-968
-942
-863
-764
-720
-653
-521
-344
-214
-194
-117
-35
56
28
-116
-240
-273
-309
-271
-243
-128
-28
-31
140
286
465
578
597
597
551
428
245
60
-88
-234
-407
-560
-586
-560
-523
-540
-476
-345
-203
-61
-34
34
158
192
161
44
-51
-144
-333
-546
-692
-818
-928
-1014
-1004
-908
-775
-598
-392
-164
51
153
214
239
203
217
233
240
133
-22
-166
-315
-354
-448
-499
-524
-442
-305
-228
-119
-31
70
183
219
280
381
499
600
596
567
609
816
933
951
984
1044
1170
1194
1160
1196
1227
1262
1250
1172
1107
1059
946
795
592
383
188
76
-108
-334
-471
-593
-637
-717
-855
-954
-953
-960
-961
-991
-984
-950
-970
-994
-976
-816
-644
-600
-474
-273
26
255
404
592
706
838
872
816
766
724
559
289
63
-74
-154
-265
-405
-554
-675
-744
-758
-690
-685
-659
-603
-614
-579
-509
-467
-457
-569
-742
-802
-956
-1010
-999
-977
-918
-790
-562
-294
45
371
685
835
999
1153
1178
1183
1062
920
718
502
205
-56
-229
-463
-657
-794
-768
-677
-561
-393
-247
-137
-39
101
292
451
531
548
571
602
663
748
782
898
1025
1157
1254
1280
1415
1556
1598
1578
1535
1538
1497
1420
1266
956
665
322
17
-243
-486
-732
-955
-1168
-1355
-1392
-1443
-1457
-1480
-1390
-1327
-1319
-1236
-1153
-1007
-913
-933
-879
-794
-689
-499
-310
-102
144
333
481
552
666
780
742
641
503
412
303
167
63
-28
-159
-250
-296
-294
-265
-290
-253
-217
-167
-89
-82
-9
-37
-147
-289
-437
-589
-709
-800
-934
-1041
-1032
-887
-713
-504
-208
57
341
484
633
828
900
936
803
655
519
354
123
-162
-438
-605
-731
-807
-763
-653
-469
-321
-93
182
424
702
929
1044
1147
1222
1228
1156
1130
1067
993
877
863
834
814
858
825
825
819
824
727
659
616
541
382
211
31
-93
-291
-466
-623
-732
-824
-911
-1026
-1198
-1214
-1219
-1272
-1288
-1275
-1263
-1223
-1231
-1151
-1089
-1015
-867
-679
-567
-453
-296
-135
44
234
498
751
945
1033
1083
1106
1059
1030
926
764
613
420
251
121
25
-50
-43
-26
-37
29
95
109
59
-5
-56
-136
-299
-498
-685
-823
-904
-957
-900
-851
-837
-696
-562
-434
-241
-4
242
471
644
717
727
703
641
562
460
364
182
-4
-65
-210
-290
-364
-375
-328
-287
-245
-206
-127
-70
49
164
230
323
488
559
522
526
539
595
609
580
609
621
623
620
621
677
709
686
637
575
489
408
311
199
111
-46
-185
-286
-422
-550
-688
-801
-888
-997
-1152
-1239
-1282
-1338
-1334
-1307
-1233
-1091
-954
-813
-612
-464
-292
-77
160
307
438
565
625
723
794
830
841
839
843
799
772
704
616
511
405
319
259
185
144
44
-64
-124
-260
-348
-428
-508
-581
-656
-680
-694
-647
-597
-577
-551
-494
-449
-344
-291
-191
-99
-23
130
170
226
278
314
375
455
471
512
524
496
414
369
353
332
300
200
174
124
68
53
9
-79
-145
-231
-279
-278
-290
-188
-144
-43
60
168
242
333
425
505
556
598
681
698
657
595
531
421
346
313
294
177
14
-103
-177
-264
-369
-413
-500
-566
-585
-653
-677
-663
-666
-658
-696
-748
-752
-733
-680
-657
-625
-547
-518
-463
-387
-280
-181
-116
2
165
285
399
531
569
697
747
799
877
840
770
665
528
421
262
128
-37
-204
-306
-455
-482
-538
-569
-491
-482
-435
-397
-373
-297
-218
-197
-154
-68
37
69
75
107
142
162
214
336
413
456
470
544
674
804
915
910
948
939
827
755
601
451
326
112
-105
-263
-424
-546
-660
-718
-835
-876
-902
-883
-842
-791
-674
-572
-411
-291
-181
-67
51
118
120
84
57
44
30
24
53
104
227
300
425
508
561
628
603
578
548
537
419
217
40
-192
-440
-695
-842
-958
-1068
-1104
-1141
-1132
-1047
-914
-801
-651
-483
-285
-83
64
238
391
506
628
717
775
807
834
827
759
658
607
559
536
503
439
394
299
224
133
70
-54
-147
-244
-318
-367
-421
-420
-387
-357
-374
-358
-316
-229
-130
-83
-40
76
237
386
523
621
699
821
878
990
1070
1092
1071
996
895
769
689
577
339
45
-218
-458
-678
-863
-1049
-1265
-1407
-1511
-1634
-1642
-1604
-1526
-1401
-1271
-1124
-951
-750
-513
-347
-256
-162
-40
56
159
240
278
328
423
575
648
692
759
876
894
877
893
930
897
807
666
506
341
138
-83
-318
-537
-666
-768
-890
-938
-979
-917
-870
-780
-594
-433
-316
-221
-73
124
293
410
481
592
655
676
712
742
813
808
794
796
781
746
727
666
564
455
345
219
35
-142
-249
-323
-458
-439
-484
-567
-611
-629
-530
-451
-398
-306
-169
-49
-38
2
97
223
333
446
553
629
755
829
858
851
920
905
801
675
502
262
37
-199
-456
-685
-861
-1060
-1257
-1353
-1395
-1419
-1367
-1331
-1289
-1218
-1161
-1061
-970
-811
-615
-457
-337
-235
-136
21
126
177
276
382
495
619
723
855
929
963
956
985
986
918
805
668
536
385
258
100
-79
-226
-367
-527
-611
-607
-576
-618
-633
-590
-573
-508
-498
-446
-341
-223
-124
-50
105
234
297
396
548
669
821
904
936
968
986
975
909
854
775
686
548
377
244
183
58
-66
-196
-293
-372
-448
-466
-472
-442
-439
-394
-382
-322
-259
-243
-207
-165
-72
10
58
172
238
315
359
404
422
433
432
355
295
172
76
-42
-175
-304
-437
-520
-615
-665
-650
-687
-710
-763
-797
-867
-907
-879
-806
-765
-715
-660
-593
-545
-527
-437
-362
-260
-137
-44
80
215
337
494
629
764
844
827
860
808
742
705
636
544
442
325
230
155
41
-41
-156
-230
-275
-287
-273
-252
-230
-235
-195
-183
-163
-123
-132
-110
-43
4
61
142
191
296
365
424
504
565
680
751
740
756
756
733
698
634
535
403
226
54
-108
-245
-384
-450
-432
-429
-421
-444
-438
-439
-455
-450
-426
-384
-341
-258
-283
-250
-160
-113
18
93
165
249
324
387
407
437
437
424
412
329
225
198
184
113
48
-90
-221
-327
-386
-460
-523
-556
-594
-607
-671
-705
-776
-832
-831
-789
-776
-747
-653
-576
-499
-455
-422
-254
-95
-5
154
275
382
495
526
595
674
736
758
689
597
535
431
375
297
243
262
158
59
-8
-42
-112
-174
-236
-296
-292
-342
-359
-356
-358
-249
-128
-56
-11
55
167
233
355
508
599
686
750
755
762
756
723
683
602
478
387
263
144
61
15
-52
-163
-247
-349
-432
-464
-475
-474
-501
-486
-451
-478
-472
-469
-466
-435
-391
-330
-234
-163
-24
75
187
329
434
562
661
701
676
654
617
524
454
340
242
165
20
-98
-199
-246
-306
-377
-456
-496
-521
-576
-613
-615
-640
-642
-680
-699
-711
-680
-585
-521
-394
-308
-212
-156
-83
-2
66
146
212
280
336
375
426
476
518
552
564
520
477
415
370
299
219
170
41
-24
-55
-158
-205
-267
-333
-365
-440
-446
-422
-402
-406
-367
-302
-252
-174
-74
18
67
112
131
199
273
301
348
319
254
245
245
249
289
302
341
330
311
315
285
234
183
172
134
113
109
94
110
123
108
113
131
117
89
94
86
140
185
216
281
306
321
361
412
434
461
470
503
487
416
415
392
333
269
157
88
-43
-199
-370
-512
-575
-720
-776
-820
-926
-993
-1034
-1051
-1069
-1078
-1049
-1000
-923
-853
-782
-673
-582
-522
-448
-344
-234
-134
-72
-6
69
126
195
249
312
365
381
423
506
536
532
480
440
386
283
178
63
-7
-104
-174
-237
-246
-225
-250
-208
-165
-114
-49
16
49
90
118
126
149
197
275
338
380
401
470
501
539
557
556
605
619
613
620
587
574
548
450
379
290
178
96
24
-71
-132
-173
-247
-272
-318
-392
-393
-416
-396
-338
-309
-226
-162
-107
-36
25
83
200
289
350
401
443
470
483
484
389
272
137
24
-117
-222
-341
-458
-594
-699
-770
-843
-867
-872
-872
-812
-720
-649
-581
-548
-510
-447
-415
-383
-336
-313
-179
-74
27
96
184
262
341
463
559
658
705
746
769
781
734
630
529
441
317
196
73
-19
-119
-237
-318
-396
-415
-426
-451
-449
-429
-371
-311
-313
-285
-259
-212
-156
-134
-84
-2
60
99
149
195
241
281
373
416
434
468
470
478
434
360
322
248
165
103
2
-93
-141
-215
-254
-274
-272
-225
-193
-138
-88
-85
-51
24
74
134
208
267
341
394
454
506
561
603
617
645
610
603
551
455
366
236
115
-4
-98
-187
-278
-381
-481
-593
-680
-736
-797
-843
-867
-830
-782
-770
-715
-676
-583
-531
-497
-395
-310
-237
-146
-69
20
120
166
261
288
321
357
373
369
354
315
287
242
216
149
90
19
-62
-71
-134
-130
-181
-231
-254
-292
-263
-260
-264
-257
-193
-149
-115
0
51
92
156
207
272
310
394
446
443
410
369
366
382
352
297
287
262
223
206
159
118
109
93
82
61
15
-37
-42
-58
-79
-61
-46
-24
-52
-55
-32
-38
-8
7
54
83
108
158
205
220
249
259
279
289
305
303
258
204
164
96
29
-37
-142
-228
-294
-315
-383
-404
-397
-436
-496
-490
-446
-395
-316
-298
-260
-211
-219
-173
-152
-145
-113
-95
-69
-48
-37
-46
-30
-59
-71
-55
-48
-27
-17
-42
-31
11
20
17
-2
-44
-45
-77
-89
-84
-39
-45
-98
-108
-160
-199
-259
-285
-296
-250
-231
-194
-182
-143
-114
-52
29
43
83
170
216
241
300
283
300
306
302
262
237
232
242
247
278
356
405
395
395
413
398
346
361
328
270
238
179
141
118
93
22
12
10
4
11
1
-5
31
36
52
66
31
22
17
13
-6
21
52
66
78
110
116
123
121
95
99
55
24
-28
-79
-114
-159
-204
-247
-291
-324
-358
-380
-392
-409
-428
-443
-432
-423
-408
-398
-341
-285
-262
-222
-209
-147
-131
-108
-76
-62
-62
-86
-105
-89
-101
-96
-93
-135
-145
-156
-143
-125
-109
-150
-130
-58
-28
-25
-2
41
32
26
27
48
125
184
251
268
264
309
292
315
351
336
424
474
446
451
398
335
300
296
301
281
240
204
152
116
105
46
3
-54
-81
-142
-177
-165
-173
-126
-136
-131
-122
-99
-112
-90
-42
-34
-35
-66
-49
-46
-48
32
37
56
81
67
92
96
107
134
110
91
94
82
98
91
79
76
48
11
-11
-34
-50
-102
-134
-168
-174
-182
-194
-182
-164
-102
-90
-55
-23
16
40
76
97
96
75
54
51
0
-34
-37
-81
-118
-152
-187
-205
-249
-255
-291
-327
-328
-386
-381
-369
-375
-349
-341
-310
-308
-262
-189
-188
-145
-121
-86
-70
-21
17
67
126
184
205
267
296
264
283
275
315
336
345
376
374
354
354
330
303
282
257
216
197
156
131
124
118
101
99
130
144
165
160
164
198
188
186
146
131
135
172
194
197
184
141
119
122
97
69
80
39
18
-29
-95
-162
-233
-276
-321
-364
-387
-402
-412
-409
-412
-398
-390
-352
-332
-348
-340
-318
-313
-310
-259
-247
-179
-136
-88
-24
-10
40
54
70
115
108
61
35
28
-10
-29
-52
-79
-99
-115
-114
-121
-98
-86
-61
-37
-24
7
4
23
76
104
129
161
160
165
154
116
78
57
54
49
38
24
49
71
129
138
173
131
125
145
124
144
139
146
154
83
30
20
-34
-24
2
10
15
54
73
85
94
120
135
156
169
154
160
176
201
204
191
172
131
122
99
79
58
22
-27
-44
-47
-60
-57
-81
-118
-160
-208
-231
-205
-166
-156
-116
-84
-35
-3
-9
-24
-36
-47
-69
-79
-71
-73
-64
-42
-24
-6
0
4
-7
1
8
15
4
42
18
16
-5
-62
-64
-89
-114
-179
-218
-238
-242
-234
-201
-175
-147
-130
-69
-49
-65
-1
2
37
0
-9
29
24
16
-33
-23
-23
11
5
-44
-47
-66
-46
-35
14
88
122
145
122
122
110
80
53
42
43
16
21
-9
5
-5
13
39
55
103
112
146
168
210
242
255
293
288
309
303
257
219
201
169
112
80
36
53
39
34
47
23
2
-25
-41
-25
-29
-34
16
8
3
2
-8
-41
-74
-83
-57
-33
-41
-61
-100
-147
-184
-201
-201
-205
-194
-171
-175
-178
-151
-139
-125
-124
-123
-95
-102
-131
-127
-135
-167
-207
-241
-267
-242
-270
-288
-267
-251
-238
-218
-161
-106
-63
-33
30
95
124
139
175
198
208
206
194
163
139
159
155
163
155
149
148
157
134
134
151
125
105
134
117
117
112
73
47
19
17
-2
-49
-86
-122
-146
-155
-140
-113
-89
-38
-22
-17
2
31
60
77
110
108
106
118
128
139
145
170
167
170
153
126
108
100
80
98
72
36
16
-53
-79
-102
-93
-95
-91
-92
-75
-33
-47
-30
-14
-1
36
65
66
68
66
39
22
51
71
117
121
104
82
37
16
16
-40
-73
-98
-125
-109
-134
-122
-144
-156
-150
-160
-152
-146
-149
-162
-179
-188
-227
-217
-216
-191
-163
-153
-104
-80
-64
-53
-36
-12
21
49
23
18
33
50
46
69
81
80
92
107
122
108
124
157
157
134
132
110
136
110
103
53
21
0
-6
-20
-52
-21
-61
-87
-62
-56
-25
9
36
45
27
22
9
-3
-29
-39
-46
-55
-52
-47
-56
-44
-73
-99
-78
-77
-70
-57
-40
-15
8
33
78
129
159
166
174
172
166
131
130
138
158
131
107
125
109
96
80
103
106
112
112
113
124
123
107
89
112
117
92
76
39
18
14
-31
-70
-77
-117
-128
-151
-145
-164
-189
-220
-250
-296
-300
-301
-296
-294
-340
-306
-290
-249
-230
-222
-143
-127
-140
-112
-105
-88
-82
-63
-38
-26
-4
36
82
136
175
171
189
225
223
209
200
179
192
159
117
124
107
104
105
68
30
7
-28
-51
-35
-21
-13
-4
5
15
15
-1
25
15
-7
-15
-15
-8
-12
-7
-13
-11
16
77
117
144
164
156
169
194
185
173
143
140
117
82
59
33
88
82
102
82
85
56
19
-5
-56
-79
-93
-86
-135
-159
-149
-157
-190
-210
-247
-237
-235
-250
-221
-190
-156
-148
-133
-109
-105
-97
-80
-86
-99
-69
-94
-99
-110
-122
-94
-65
-42
-30
-8
16
68
40
55
68
75
70
86
133
132
145
128
138
143
134
143
151
134
140
164
145
146
146
152
178
177
183
129
96
97
61
11
-21
-57
-111
-147
-185
-260
-292
-318
-334
-309
-309
-323
-298
-257
-265
-237
-210
-144
-116
-40
32
68
98
118
124
123
153
185
228
239
278
275
274
268
251
182
160
138
121
144
138
149
144
157
152
155
120
86
67
95
57
38
52
18
17
-5
-16
-27
-35
-44
-43
-54
-46
-10
14
51
72
103
133
105
81
76
22
-22
-62
-113
-167
-207
-227
-250
-284
-300
-316
-329
-327
-334
-325
-308
-293
-305
-293
-277
-243
-218
-243
-215
-166
-138
-95
-54
0
19
24
85
131
166
214
217
236
233
218
211
182
200
176
171
146
119
114
83
53
96
76
26
7
4
14
3
36
29
25
41
6
-7
20
58
81
85
95
86
99
115
148
138
177
194
199
213
202
199
178
158
141
111
80
52
55
58
7
8
-31
-50
-52
-103
-109
-109
-125
-137
-178
-211
-203
-212
-202
-182
-221
-233
-215
-201
-168
-156
-130
-100
-72
-25
-22
-7
-22
-39
-48
-87
-95
-104
-132
-135
-166
-176
-161
-161
-142
-154
-138
-145
-122
-107
-97
-86
-48
-32
-4
29
20
32
56
35
40
24
37
64
86
150
165
229
251
293
326
346
296
273
251
209
223
176
167
174
131
100
52
25
5
-1
14
20
34
64
86
87
64
66
86
73
62
36
10
28
20
43
66
79
82
88
135
138
136
142
118
66
47
14
-38
-48
-76
-133
-169
-204
-234
-251
-258
-269
-294
-294
-269
-269
-275
-266
-249
-244
-232
-217
-188
-159
-134
-92
-91
-83
-69
-73
-74
-67
-51
-54
-19
-9
18
17
13
25
25
51
74
76
58
68
64
54
44
33
19
46
30
26
14
9
-21
-16
0
16
56
82
76
92
128
133
166
173
194
186
199
193
198
196
195
183
168
164
149
129
78
45
26
13
2
-17
-11
3
-23
-20
-43
-38
-18
9
52
63
96
62
36
17
-3
-7
-22
-45
-69
-51
-82
-79
-75
-62
-64
-89
-95
-117
-131
-157
-186
-189
-178
-171
-134
-156
-191
-176
-173
-177
-173
-155
-129
-121
-116
-80
-43
-29
-10
22
-6
5
29
51
51
70
56
41
41
31
19
8
32
43
19
36
16
4
5
-25
13
27
40
76
119
132
146
199
194
205
216
208
196
182
203
202
220
217
204
197
177
167
143
125
105
87
67
42
26
-11
-41
-67
-79
-109
-156
-159
-171
-155
-175
-175
-182
-197
-208
-208
-208
-194
-161
-129
-102
-109
-100
-86
-68
-40
-29
-35
4
22
22
22
1
-19
-45
-47
-45
-63
-61
-61
-85
-92
-90
-79
-82
-74
-62
-46
-42
-35
-31
-7
-12
-3
39
72
134
130
113
126
113
135
166
143
147
177
172
154
130
140
125
116
66
42
21
-36
-60
-90
-113
-148
-160
-192
-195
-211
-229
-229
-177
-114
-66
-39
7
28
53
96
87
129
155
147
169
164
155
134
125
142
139
134
116
125
98
90
59
25
10
-19
-63
-79
-93
-97
-88
-101
-114
-124
-145
-178
-157
-134
-136
-109
-73
-80
-48
-46
6
53
66
107
110
116
135
124
119
132
139
150
162
173
168
139
150
140
98
76
59
40
14
-35
-61
-82
-110
-112
-131
-90
-109
-119
-101
-75
-45
-43
-25
-16
-22
-47
-61
-63
-36
-40
-64
-76
-101
-110
-125
-123
-106
-127
-116
-112
-123
-152
-153
-130
-126
-132
-162
-173
-192
-201
-187
-166
-170
-161
-137
-77
-24
23
92
131
155
153
184
201
200
231
231
226
231
215
185
194
186
202
191
187
149
126
115
100
80
80
84
56
65
43
18
-21
-30
-29
-35
-7
-22
-22
-39
-37
-14
-29
3
41
67
72
85
57
74
47
49
64
34
16
-15
-58
-54
-42
-98
-127
-151
-175
-193
-182
-189
-198
-208
-202
-216
-222
-220
-209
-163
-120
-80
-52
2
21
54
96
110
117
134
116
134
162
181
214
202
194
169
174
172
156
142
122
104
107
130
97
73
77
43
13
-21
-52
-81
-110
-131
-133
-126
-124
-124
-114
-77
-79
-31
-21
-14
9
-4
-18
-10
-18
-11
-3
-7
2
18
29
27
46
16
11
10
-6
-33
-34
-61
-69
-84
-114
-108
-137
-143
-113
-136
-147
-166
-177
-165
-135
-60
-55
-58
-50
-24
-29
-36
-60
-57
-56
-73
-41
-20
38
75
114
144
132
141
150
178
202
200
194
193
161
151
119
111
120
114
115
105
90
71
68
55
29
13
5
15
6
-23
-23
-35
-23
-13
-12
-17
-21
-24
-41
-66
-64
-59
-98
-110
-104
-102
-111
-94
-94
-100
-83
-90
-88
-86
-91
-99
-91
-78
-53
-29
-3
2
-4
-30
-17
9
-6
-21
-3
-4
-35
-20
-27
-2
-12
10
31
36
58
90
96
82
101
76
82
72
39
40
11
-25
-36
-32
-24
5
30
61
72
51
62
35
45
51
67
93
124
126
130
99
83
72
44
46
20
27
21
-7
-11
-19
-60
-71
-63
-79
-90
-75
-90
-66
-56
-40
-37
-43
-19
16
16
2
33
40
30
31
11
22
12
-19
-2
-11
-4
16
-6
-7
-4
-23
-33
-28
-17
-16
-10
-1
-19
-26
-51
-39
-30
-39
-44
-48
-36
-30
-48
-63
-55
-66
-70
-35
-19
13
18
25
17
13
18
13
34
45
48
36
34
40
61
40
35
24
32
41
15
-26
-33
-27
-44
-31
-38
-52
-62
-46
-57
-81
-94
-89
-74
-95
-90
-127
-137
-130
-102
-53
-31
15
7
33
48
31
49
46
56
56
81
106
120
197
191
188
180
166
153
116
105
82
81
56
82
109
101
96
111
99
80
66
47
14
-2
-23
-53
-54
-58
-51
-68
-110
-127
-142
-150
-121
-87
-97
-72
-59
-55
-61
-48
-42
-34
-13
2
12
23
38
21
16
12
10
18
-2
2
6
-17
-21
-40
-43
-49
-60
-85
-100
-125
-143
-150
-119
-101
-103
-106
-124
-106
-102
-68
-62
-60
-22
-21
-6
15
24
64
73
97
104
97
123
127
97
65
49
27
45
35
47
51
45
66
50
71
81
64
42
18
34
38
55
55
35
22
36
47
58
64
58
72
68
71
100
117
99
99
65
66
66
54
77
36
24
-8
-12
-15
-28
-6
-16
-24
-33
-34
-29
-50
-56
-53
-70
-92
-100
-117
-131
-135
-147
-154
-161
-143
-117
-79
-59
-67
-55
-21
8
5
20
21
15
25
13
5
-20
-53
-99
-100
-89
-76
-81
-73
-64
-75
-79
-64
-29
-13
-7
15
19
27
42
38
34
17
29
27
36
37
54
80
96
105
100
113
114
135
128
120
95
63
28
3
-28
-26
-35
-29
-25
-18
-27
-19
-6
-15
-30
-29
-12
-11
9
39
37
27
48
47
41
35
43
40
56
65
72
80
81
110
106
89
99
98
80
24
31
42
11
3
-15
-35
-31
-36
-68
-46
-39
-77
-88
-97
-91
-94
-104
-121
-120
-96
-100
-92
-82
-81
-68
-78
-67
-61
-46
-38
-48
-54
-67
-55
-31
-30
-6
-13
-44
-52
-54
-43
-50
-57
-48
1
16
12
4
-12
-34
0
32
29
70
82
84
77
94
101
103
128
153
135
124
120
110
96
80
80
51
43
63
75
56
51
48
36
8
-22
-25
-17
-20
-29
-35
-52
-7
1
4
40
28
44
42
7
-39
-41
-19
-19
-7
17
21
16
-2
-8
1
-20
-32
-75
-82
-80
-95
-91
-108
-91
-77
-86
-74
-74
-73
-63
-54
-54
-66
-68
-56
-39
-48
-54
-41
9
17
53
52
56
63
56
58
66
48
56
73
48
64
56
46
28
24
-11
1
-14
-15
-11
-26
-19
-20
-25
-4
9
-3
4
6
-15
-20
0
-4
14
14
5
18
22
31
26
26
19
10
21
15
18
30
21
16
8
-5
-12
-28
-31
-33
-33
-44
-45
-50
-51
-51
-34
-21
-30
-39
-29
-32
-32
-32
-53
-46
-54
-48
-44
-39
-40
-38
-39
-62
-59
-77
-71
-22
-31
-19
-6
5
15
12
42
49
45
66
60
71
78
82
82
64
68
93
75
86
93
73
89
66
67
44
45
52
51
60
63
49
29
32
17
14
26
21
28
5
20
30
35
25
18
26
1
11
15
-3
-6
-21
2
-1
-4
28
13
25
28
8
10
-16
-19
-33
-36
-42
-65
-54
-91
-106
-111
-97
-71
-80
-72
-83
-81
-85
-80
-65
-74
-41
-50
-47
-51
-41
-13
5
20
47
77
89
117
122
115
110
114
114
128
111
97
81
82
78
59
39
41
17
-19
-50
-82
-88
-102
-109
-123
-129
-149
-155
-163
-151
-187
-222
-205
-186
-197
-181
-153
-128
-91
-70
-44
-30
-4
32
40
56
87
82
92
100
70
69
72
68
67
60
62
68
63
66
83
99
81
79
72
52
50
42
65
62
52
83
88
59
53
50
59
87
87
93
91
64
40
34
33
31
38
42
43
31
41
39
44
30
23
14
11
8
-25
-27
-36
-39
-28
-39
-29
-43
-46
-67
-69
-72
-83
-104
-98
-97
-97
-62
-52
-48
-22
-22
-32
-18
-1
-4
-30
-48
-44
-29
-37
-47
-49
-24
-3
2
13
11
0
-16
-35
-39
-45
-31
-34
-27
-5
14
12
21
30
16
5
18
41
54
59
73
88
91
97
78
80
83
60
33
31
21
-9
-8
13
14
12
10
-11
-19
-26
-35
-43
-47
-49
-67
-93
-89
-75
-85
-43
-26
-15
-5
-15
1
16
40
41
33
26
27
14
1
-3
-8
-26
-20
-9
-12
-14
3
7
-1
2
7
8
19
31
15
8
-18
-39
-55
-59
-59
-70
-85
-100
-88
-69
-42
-26
-15
-10
-24
-26
-12
-15
-18
-20
-10
10
25
43
59
72
80
84
75
83
79
49
34
37
9
-1
0
-2
16
35
19
8
13
22
18
6
2
-14
-3
6
6
2
20
50
38
32
23
32
41
29
48
66
60
70
76
72
64
60
37
14
-10
-19
-9
-2
-2
-2
3
-12
-29
-34
-34
-41
-58
-58
-65
-55
-46
-55
-56
-47
-29
-32
-22
-20
-23
-12
-13
-6
-24
-22
1
2
7
-13
-8
-15
-23
-41
-61
-66
-80
-70
-50
-44
-46
-36
-38
-36
-43
-43
-29
-32
-21
-8
3
12
1
14
22
32
53
69
79
94
111
107
86
77
76
43
44
52
62
68
62
72
44
41
34
30
23
22
20
15
8
2
-2
-37
-44
-44
-44
-42
-32
-35
-10
-8
-1
10
11
3
13
31
9
-13
-24
-22
-28
-26
-23
-14
-1
-7
11
2
-6
-8
-13
-25
-22
-18
-33
-32
-33
-28
-37
-34
-59
-63
-69
-61
-53
-51
-44
-58
-66
-69
-44
-30
-31
-15
-14
-23
-9
17
27
35
37
32
18
28
21
31
50
59
68
53
54
40
27
16
16
17
24
42
38
29
26
16
11
-10
-23
-15
-9
10
-6
6
16
17
39
32
45
47
46
62
44
59
55
38
39
21
3
-5
-11
-6
-20
-26
-37
-44
-46
-42
-41
-43
-41
-47
-48
-61
-65
-66
-60
-48
-41
-28
-25
-37
-22
-26
-32
-22
-5
4
8
13
22
30
36
52
59
46
33
36
20
6
19
6
3
11
0
-23
-24
-36
-39
-29
-50
-39
-17
-14
0
-6
-1
8
15
8
8
4
3
19
24
24
4
7
18
19
37
40
50
59
38
30
6
-2
-2
-16
-17
-11
-25
-16
-8
-13
0
-17
-11
-25
-32
-41
-54
-34
-46
-39
-30
-38
-37
-33
-22
-23
-8
-3
-2
11
0
12
9
13
25
24
47
62
59
69
80
70
53
48
27
29
28
17
20
22
19
5
3
-9
-6
-19
-29
-14
-8
-18
-7
-7
-2
13
20
34
32
40
44
37
38
31
25
17
21
7
11
17
16
23
11
16
0
-25
-35
-37
-50
-48
-59
-66
-54
-66
-55
-40
-45
-40
-34
-42
-42
-29
-26
-32
-30
-22
-15
-9
0
7
14
22
10
12
7
5
26
29
16
19
19
16
27
21
18
35
20
10
3
-1
-6
-18
-15
-24
-20
-19
-23
-19
-14
-25
-25
-20
-28
-27
-21
-16
-5
1
2
8
10
8
8
10
-5
-9
-12
-23
-20
-33
-28
-17
1
-1
-3
6
0
7
22
28
31
42
42
39
39
40
27
20
21
21
14
3
3
0
3
5
3
8
13
6
-2
-2
1
11
-2
1
-2
-7
1
12
14
-2
-10
-2
-2
-14
-10
-12
-21
-25
-13
-10
-12
9
18
25
31
35
48
43
35
30
31
33
35
40
38
32
27
30
28
26
20
1
-21
-23
-32
-46
-56
-57
-51
-57
-41
-41
-47
-58
-69
-85
-85
-78
-80
-72
-71
-64
-57
-51
-35
-30
-23
-11
-3
3
13
-1
8
14
11
26
32
33
31
26
26
32
27
23
34
31
33
28
33
32
24
32
37
44
45
38
19
16
18
29
37
43
46
44
35
36
45
55
59
58
53
49
37
23
16
6
8
4
-4
-19
-34
-48
-50
-50
-63
-45
-52
-46
-38
-29
-25
-30
-32
-35
-35
-40
-36
-45
-35
-39
-43
-40
-40
-29
-39
-38
-30
-27
-22
-21
-9
-9
1
9
10
14
27
28
29
30
28
25
24
22
17
25
27
29
29
39
36
35
37
38
44
32
13
12
17
6
9
9
-3
-7
-2
2
-6
-7
-8
-21
-11
-4
-8
10
16
15
30
27
24
24
22
25
18
9
-3
-21
-28
-33
-31
-38
-36
-29
-37
-48
-46
-63
-70
-57
-60
-46
-49
-33
-32
-38
-26
-29
-20
-9
-6
0
3
-9
0
-6
-4
15
24
31
38
43
54
58
40
50
42
38
36
41
37
22
18
17
19
22
11
24
13
26
30
14
25
24
16
15
18
10
2
3
8
2
4
-5
-10
-11
-3
-5
-14
-26
-37
-32
-36
-32
-32
-32
-23
-31
-30
-28
-29
-29
-32
-28
-23
-18
-17
-13
-5
-5
-7
-9
-5
-9
-4
0
5
13
9
-2
-13
-10
1
-1
10
13
5
7
4
4
14
5
1
-2
-11
-7
-11
-12
-6
4
9
19
25
30
36
47
46
47
45
36
26
31
33
29
36
39
29
38
18
14
25
3
-2
-19
-18
-30
-27
-25
-24
-26
-29
-37
-34
-32
-32
-28
-30
-23
-15
-16
-26
-15
-15
-9
3
4
-4
-13
-15
-21
-31
-30
-27
-26
-22
-5
10
14
23
27
24
22
18
17
5
6
-12
-4
6
6
17
18
27
23
17
17
19
17
6
5
12
17
19
2
1
4
3
1
-5
-21
-22
-33
-41
-38
-45
-35
-29
-29
-20
-11
-2
6
9
7
6
-3
1
10
16
33
32
31
40
34
31
35
38
40
43
39
28
13
3
-9
-9
-8
-1
6
6
3
-7
-8
-21
-21
-27
-34
-13
-12
-12
-10
-4
-3
-4
-5
2
3
-4
-4
-16
-14
-5
-1
4
13
14
13
10
2
-8
-12
-11
-13
-13
-14
-20
-19
-16
-17
-14
-17
-20
-8
-16
-21
-13
-9
-9
-16
-16
-18
-22
-19
-19
-15
-14
-18
-11
-19
-7
0
-10
-8
-4
-8
-7
-7
-11
-5
-6
-8
-5
-1
-1
3
-3
1
10
10
7
9
19
23
37
40
29
34
37
45
53
51
50
43
32
36
40
44
58
54
52
46
27
23
17
17
16
12
28
26
30
24
5
0
-12
-14
-24
-24
-21
-20
-18
-26
-29
-29
-33
-32
-32
-28
-39
-48
-40
-35
-39
-37
-35
-35
-33
-35
-33
-26
-26
-25
-21
-21
-16
-18
-17
-10
-2
-9
-3
10
15
20
17
21
22
18
9
12
8
-4
1
6
-1
6
18
19
12
10
21
7
-4
14
8
16
19
24
31
30
26
31
21
15
18
14
13
2
0
-9
-12
-11
-10
-17
-18
-25
-30
-32
-30
-32
-30
-26
-18
-19
-25
-14
-20
-22
-23
-13
-11
-5
10
20
30
36
34
22
23
26
19
18
16
6
9
8
9
17
16
19
25
15
4
4
1
-8
-14
-8
-9
-7
-7
-14
-15
-9
-8
-15
-14
-15
-23
-17
-9
-9
-10
-7
-7
-9
-13
-11
-11
-26
-27
-34
-39
-33
-31
-35
-28
-18
-18
-13
-9
-11
-5
-6
-2
-7
-9
1
6
11
10
21
22
29
29
35
41
27
29
34
35
32
26
33
27
28
27
19
27
24
17
21
16
15
12
-2
0
-5
-6
-3
2
-2
-4
-8
-9
-9
-11
-2
-4
6
14
21
21
17
23
25
19
14
4
2
2
0
-4
-8
-10
-12
-3
-10
-15
-19
-23
-28
-29
-27
-34
-31
-33
-32
-22
-26
-29
-30
-37
-42
-35
-32
-22
-14
-15
-5
-9
4
12
13
23
30
33
40
35
30
29
23
26
34
42
34
33
29
19
22
28
20
18
17
12
13
10
3
-7
-17
-18
-9
-2
-4
-10
-13
-18
-20
-20
-22
-21
-23
-20
-15
-20
-13
-8
-7
-7
-4
-11
-22
-26
-27
-23
-19
-19
-5
-3
2
-1
7
21
14
19
6
2
-2
1
5
4
2
3
-3
-4
-4
-4
8
6
10
11
4
-7
-15
-16
-10
-17
-19
-20
-23
-19
-17
-9
-1
-5
-6
-8
-10
-8
0
3
6
12
4
8
4
12
12
19
27
33
40
37
38
30
26
18
24
28
29
28
30
24
15
11
2
1
-5
-13
-13
-19
-12
-10
-2
-1
-6
-11
-15
-12
-12
-14
-15
-20
-28
-31
-36
-25
-26
-12
-7
-3
-3
3
-2
-1
3
-3
2
-2
1
2
-1
3
3
8
8
8
8
14
23
19
12
10
11
6
10
8
5
1
4
12
7
-4
2
-1
-4
1
5
7
9
11
6
2
-2
0
-2
0
-4
-14
-16
-14
-24
-21
-19
-25
-23
-23
-22
-17
-20
-19
-17
-16
-10
-4
-4
-3
-6
-7
-4
-1
3
4
1
2
4
6
9
8
9
5
2
7
10
11
14
9
12
10
6
12
9
14
8
2
4
-7
-4
-4
-11
-12
-5
-4
-5
-8
-4
7
10
12
8
13
8
4
8
4
6
4
8
4
-1
-3
-2
-4
-3
-4
-2
1
1
5
6
5
-2
-1
3
9
4
1
-1
-11
-12
-14
-12
-7
-5
0
1
3
5
-1
4
6
11
19
28
30
29
30
27
22
13
13
14
13
12
9
-1
-7
-10
-14
-12
-22
-25
-26
-27
-25
-22
-11
-17
-10
-4
2
10
10
13
13
15
8
13
9
14
17
19
20
17
5
-2
-1
-8
-17
-13
-5
-14
-18
-17
-13
-12
-6
1
-1
2
5
-3
-5
-12
-9
-5
-10
-8
-8
-11
-4
-2
-1
0
-6
-3
-17
-18
-16
-16
-12
-11
-13
-11
-8
-9
-6
3
5
2
0
-5
-7
-7
-16
-22
-20
-18
-13
-13
-11
-13
-14
-14
-9
-6
-11
-4
4
0
3
3
7
14
14
13
12
13
15
6
10
14
19
24
26
24
24
22
18
17
13
10
12
17
16
15
19
20
18
18
13
12
12
14
20
17
19
10
8
8
1
1
5
1
-2
-4
-9
-8
-5
-5
-5
-1
-5
-10
-7
-10
-9
-4
-11
-16
-7
-7
-6
-10
-13
-13
-14
-6
-8
-7
-5
-9
-9
-9
-16
-12
-9
-5
-1
-1
-6
-6
-6
-9
-5
-2
-3
5
0
-2
5
7
8
9
9
10
9
12
13
5
7
6
2
2
4
4
2
2
1
2
0
-6
-6
-5
-1
2
1
4
6
9
7
-3
-6
-6
-1
-7
-7
-5
-2
-7
-11
-3
-8
-9
-8
-7
-2
-5
-2
2
3
-5
-6
-4
-9
-9
-13
-18
-19
-19
-15
-11
-13
-10
-3
3
4
7
11
12
13
14
11
11
12
14
16
13
7
11
3
-1
-2
-3
-6
-9
-8
-1
-1
-8
-3
-5
-9
-18
-14
-9
-8
-1
-1
-4
-1
0
0
-3
0
-2
0
5
11
12
8
10
7
4
-6
3
4
0
0
-8
-10
-11
-10
-3
2
4
11
11
8
11
12
17
23
23
29
25
29
32
29
29
23
17
10
13
16
20
24
21
19
12
13
9
13
13
6
3
4
0
-7
-8
-5
-10
-14
-17
-17
-18
-21
-27
-28
-26
-22
-24
-21
-18
-19
-10
-14
-12
-14
-14
-17
-17
-9
-12
-8
-10
-12
-13
-17
-14
-18
-17
-16
-29
-27
-23
-25
-24
-34
-28
-28
-26
-24
-18
-17
-17
-14
-13
-3
-3
-4
-11
-11
-3
3
13
18
18
13
13
16
27
31
45
51
51
50
45
47
43
44
44
39
35
37
36
33
29
23
20
16
13
7
1
0
-4
-2
1
2
0
-6
-8
-18
-17
-13
-16
-20
-20
-21
-15
-15
-16
-10
-13
-13
-13
-18
-24
-26
-28
-26
-29
-20
-16
-15
-13
-16
-12
-11
3
10
12
14
15
16
15
9
4
5
8
12
12
10
9
7
3
1
-3
2
0
0
8
8
12
18
18
17
18
13
14
7
4
0
-1
-5
-7
-13
-12
-17
-17
-13
-19
-18
-24
-27
-26
-26
-25
-23
-27
-27
-24
-21
-23
-20
-17
-11
-2
-4
2
0
-4
-4
0
-3
-2
3
0
6
3
7
11
5
5
5
7
5
6
7
14
16
18
21
19
20
23
23
26
28
27
28
23
24
25
26
27
22
23
20
19
15
12
18
21
26
22
17
15
6
9
8
1
1
0
4
3
-1
-5
-9
-10
-10
-10
-15
-17
-25
-26
-25
-29
-33
-31
-36
-32
-31
-31
-29
-28
-28
-28
-27
-28
-31
-39
-35
-30
-19
-17
-12
-10
-16
-21
-20
-21
-14
-12
-10
-11
-11
-9
-2
0
4
11
16
20
28
30
34
36
36
39
35
34
37
29
26
29
27
32
32
32
24
20
20
22
19
21
20
19
13
9
12
8
7
6
4
4
4
-1
1
-2
-3
-5
-14
-17
-20
-23
-25
-25
-27
-28
-25
-24
-26
-22
-26
-26
-23
-27
-29
-25
-25
-25
-21
-16
-14
-12
-11
-16
-22
-20
-16
-13
-4
0
6
12
12
13
11
12
