-32
-31
-36
-38
-40
-34
-31
-25
-16
-12
-8
-14
-9
0
5
-3
-4
-6
-17
-31
-27
-15
-16
-10
-12
-7
-7
-6
-4
-6
-4
5
3
13
12
14
26
19
21
25
25
31
38
37
38
34
37
42
38
42
41
26
24
21
16
13
8
8
6
1
-7
-12
-16
-24
-24
-21
-25
-29
-31
-29
-24
-28
-30
-35
-41
-55
-56
-57
-56
-50
-45
-43
-41
-30
-32
-27
-21
-17
-20
-22
-18
-16
-11
-9
-6
-8
-14
-13
-20
-21
-19
-17
-13
-2
13
14
25
20
16
23
20
26
33
34
33
27
23
25
30
35
36
37
37
40
34
35
39
36
42
43
56
62
63
75
75
75
74
77
75
78
79
77
79
80
74
69
53
46
40
43
45
34
39
32
17
11
3
-7
-3
-12
-8
-18
-23
-28
-32
-34
-41
-42
-55
-65
-77
-82
-80
-77
-76
-71
-73
-79
-85
-87
-93
-106
-107
-107
-106
-104
-105
-106
-99
-95
-88
-83
-83
-73
-66
-61
-56
-42
-34
-17
-13
-6
2
3
4
7
11
17
30
39
38
42
47
45
50
50
39
38
47
43
42
44
43
42
47
49
44
46
52
51
42
45
42
38
40
46
51
55
62
66
62
59
54
41
32
26
21
13
18
20
14
14
12
7
9
10
-3
-8
-16
-23
-32
-32
-32
-39
-47
-55
-64
-69
-66
-71
-63
-64
-68
-72
-67
-64
-60
-51
-37
-39
-38
-29
-29
-16
-17
-9
-8
-4
0
1
0
3
9
9
12
15
14
16
16
17
23
32
37
52
61
71
86
86
95
87
82
82
77
61
57
42
23
33
26
29
33
24
26
29
22
24
21
25
18
15
14
12
7
2
-5
-2
-4
-12
-12
-17
-17
-20
-19
-27
-30
-34
-32
-33
-34
-41
-35
-34
-40
-23
-24
-18
-15
-15
-12
-14
-7
3
8
9
12
8
3
-6
-16
-20
-29
-28
-26
-24
-24
-21
-28
-41
-44
-53
-56
-60
-67
-64
-65
-63
-54
-51
-49
-43
-36
-33
-40
-37
-35
-28
-28
-20
-13
-8
-3
-4
-2
0
-1
-5
-10
-11
-9
-8
-3
-3
-4
1
4
3
5
13
19
25
31
29
28
28
24
32
36
43
50
41
45
49
45
48
55
51
56
54
45
37
30
30
15
15
23
27
44
44
44
42
29
32
33
27
27
20
13
4
1
-7
-2
-5
-2
-2
-2
3
4
7
12
11
16
17
19
29
28
30
26
26
30
34
27
23
17
19
19
26
31
23
12
3
-1
-1
-7
-14
-19
-26
-29
-27
-27
-28
-28
-27
-26
-27
-27
-29
-36
-47
-54
-61
-63
-58
-57
-55
-53
-47
-34
-33
-29
-21
-17
-7
-7
-8
-3
-4
-8
-8
-5
-9
-6
-10
-9
-10
-16
-20
-25
-33
-37
-39
-44
-46
-45
-48
-45
-44
-40
-34
-30
-16
-23
-20
-21
-22
-13
-16
-16
-1
2
6
13
16
25
31
32
37
41
46
48
53
55
51
49
50
50
45
41
34
34
36
35
33
25
15
16
14
10
5
3
-1
-5
-7
-10
-9
-13
-15
-20
-23
-23
-22
-19
-10
-5
-12
-11
-12
-10
-6
-11
-11
-19
-20
-25
-26
-17
-16
-5
-1
4
10
20
24
23
23
20
18
18
19
15
15
18
20
18
22
19
30
36
41
53
48
56
57
53
56
53
52
51
46
48
45
38
31
24
22
19
20
19
19
14
10
5
-1
-7
-6
-4
-3
-17
-18
-22
-23
-26
-28
-28
-37
-34
-41
-35
-38
-43
-41
-44
-37
-46
-43
-49
-54
-48
-49
-41
-38
-34
-33
-38
-32
-35
-37
-36
-33
-40
-41
-47
-44
-30
-37
-39
-38
-31
-25
-22
-18
-9
-12
-19
-23
-24
-18
-23
-28
-14
-18
-20
-11
-10
-4
-6
-5
4
2
7
13
15
14
17
16
21
35
33
39
45
37
37
42
56
62
64
64
62
66
69
62
57
67
55
48
46
37
32
25
28
17
13
4
-8
-4
-16
-24
-24
-24
-19
-24
-29
-15
-24
-23
-21
-27
-30
-32
-26
-34
-30
-23
-21
-6
11
15
15
29
32
26
29
19
10
4
2
9
0
10
24
30
33
29
24
33
40
48
50
49
43
58
46
34
23
-3
-2
0
7
12
22
2
3
2
-2
13
7
-5
-23
-17
-25
-45
-39
-32
-43
-44
-49
-30
-27
-37
-34
-41
-53
-43
-44
-48
-52
-56
-41
-55
-56
-54
-63
-60
-62
-74
-75
-75
-68
-71
-74
-70
-70
-57
-48
-40
-33
-15
-27
2
5
-11
6
6
12
-2
6
23
8
24
37
45
59
59
62
64
63
61
76
91
82
75
77
79
72
78
76
68
64
41
23
13
-3
-29
-29
-14
-1
7
29
31
27
12
9
11
-4
-16
-5
-3
-10
-11
-5
7
-9
-24
-23
-12
-27
-43
-32
-19
-43
-25
-4
-18
-14
-4
25
17
30
41
40
70
66
73
65
53
72
73
62
65
69
64
71
72
75
61
35
12
-3
-21
-15
-17
-25
-25
-49
-48
-52
-68
-46
-33
-51
-54
-44
-54
-60
-71
-55
-52
-70
-76
-70
-43
-48
-69
-62
-46
-41
-35
-36
-15
-36
-31
-25
-6
-4
-22
-31
-27
-2
-6
-1
3
14
-6
-7
-13
13
-52
-98
42
83
12
-153
-121
-9
-26
-106
-103
-70
48
86
-79
-55
53
226
130
-60
93
319
272
98
20
118
265
172
-29
-41
153
191
13
-155
56
211
33
-109
-42
100
77
-81
-148
-81
-49
-92
-190
-196
-103
-126
-236
-272
-183
-135
-192
-242
-234
-185
-167
-108
-101
-109
-101
-73
-64
-31
24
9
36
49
108
143
185
242
222
214
215
295
308
289
311
306
306
252
222
272
278
289
217
142
189
151
150
117
134
145
62
39
73
108
108
-26
-48
-225
-160
-83
-56
-143
-462
-342
-205
-123
-373
-609
-614
-173
-205
-607
-796
-540
6
-247
-736
-727
-103
181
-260
-800
-449
377
418
-347
-671
29
728
327
-462
-222
635
889
193
-306
218
1009
798
26
-91
608
1025
494
-41
294
799
649
188
43
554
890
590
94
84
508
666
338
42
203
368
291
69
16
107
182
74
-240
-285
-124
96
-84
-315
-448
-423
-501
-458
-344
-524
-672
-982
-869
-731
-738
-966
-1147
-980
-699
-793
-1243
-1188
-742
-554
-1009
-1305
-956
-316
-266
-843
-1007
-399
314
92
-600
-472
430
860
330
-48
560
1337
1208
505
424
1198
1770
1330
723
934
1676
1755
1290
1028
1334
1724
1504
1121
1022
1365
1525
1352
803
801
978
899
778
458
293
283
367
124
-192
-330
111
129
-485
-802
-583
-324
-403
-778
-1037
-763
-523
-655
-1137
-1161
-667
-750
-1163
-1376
-871
-1153
-1390
-1139
-799
-702
-1758
-1973
-1409
-695
-1019
-1996
-2618
-1263
-145
-1273
-2668
-2538
-257
264
-1485
-2554
-1027
927
604
-1406
-1866
796
2652
1293
-995
-419
2438
3345
1020
-339
1376
3343
2729
473
222
2460
3763
2244
271
612
2596
3129
1501
434
1282
2378
2096
853
353
1378
1976
1098
-264
-525
638
1093
196
-716
-793
-339
-108
-670
-1406
-1236
-632
-565
-1414
-2026
-1051
-165
-622
-1629
-1806
-1109
-321
-579
-1311
-1280
-771
-407
-1078
-1360
-468
150
-365
-1173
-877
-567
-477
-353
-222
-48
-1002
-1306
-762
-49
17
-1039
-1959
-929
426
-267
-1819
-2262
-175
698
-955
-2194
-1022
1102
1097
-989
-2060
217
2435
1607
-871
-1117
1539
3027
1075
-592
640
2721
2638
430
-410
1487
3295
2396
211
-31
1828
2982
1773
297
832
1865
1962
682
134
1110
1985
1347
-199
-656
530
1524
659
-500
-852
-163
326
-153
-873
-720
-93
-45
-992
-1717
-804
185
-67
-1245
-1585
-874
-126
-203
-895
-1048
-666
-268
-748
-1221
-586
143
-305
-1230
-1670
-1352
-363
-36
-339
-1641
-2154
-1202
-267
-377
-1642
-2457
-1599
-244
-706
-2279
-2848
-854
720
-804
-2828
-2149
695
1483
-617
-2365
-661
2185
2161
-423
-1597
803
3194
1980
-446
35
2765
3692
1521
-157
1168
3468
3450
1412
286
1690
3394
2968
1287
745
2008
2726
2030
672
736
1848
2119
941
-519
-186
1121
1486
14
-1241
-837
314
331
-1107
-1752
-864
90
-632
-2121
-1909
-306
145
-1225
-2280
-1622
-468
-383
-1532
-1828
-1128
-404
-951
-1783
-1329
-257
-46
-1347
-1667
-1757
-965
-548
-465
-748
-2150
-1867
-1087
-204
-734
-1818
-2310
-927
133
-1028
-2646
-2618
83
559
-1689
-3009
-1217
1307
1047
-1398
-2139
471
2706
1603
-934
-923
1979
3494
1200
-673
836
3352
3380
972
135
1833
3709
2891
879
459
2161
3677
2487
1211
1350
2826
3030
1942
1068
1625
2585
2348
1368
315
1080
2038
1781
144
-605
337
1159
450
-947
-830
-42
180
-1034
-2081
-1496
-393
-598
-2053
-2718
-1725
-691
-1389
-2501
-2370
-1327
-1155
-1961
-2361
-1618
-820
-1141
-1999
-2060
-2000
-1620
-1206
-1315
-1192
-2365
-2595
-1918
-1040
-1039
-2267
-3198
-1928
-183
-1089
-2839
-3301
-735
714
-1203
-2866
-1693
1059
1481
-587
-2083
71
2840
2433
-185
-944
1617
4013
2588
302
911
3448
4410
2439
871
2173
4476
4279
2232
1064
2698
4588
3933
2026
1421
2833
3581
2790
1487
1589
2400
2621
1435
122
452
1679
2006
-27
-1311
-439
757
201
-1499
-1847
-943
-444
-1456
-2598
-2328
-1045
-799
-2367
-3618
-2480
-928
-1360
-3102
-3260
-1838
-1395
-2182
-2879
-1997
-1087
-1342
-2254
-2545
-1835
-1791
-1319
-1760
-1181
-1537
-2694
-2271
-1168
-115
-1371
-3165
-2705
161
334
-1687
-3383
-1904
1179
337
-2035
-2472
387
2299
827
-1946
-1201
2716
3909
1325
-1235
329
3883
4282
1326
220
2354
4604
3620
972
1013
3800
5077
3067
1015
1591
3889
4636
2754
1435
1834
3061
3249
1949
1214
1881
2614
1803
429
35
1046
1724
723
-810
-1510
-693
325
-203
-1897
-2351
-1307
-953
-2176
-3046
-1881
-910
-1672
-3121
-3318
-1953
-865
-1483
-2951
-3103
-1754
-941
-1951
-2744
-1868
-821
-1705
-2700
-2287
-769
-1428
-1651
-1686
-896
-808
-2156
-1796
-1172
-11
-907
-2705
-2908
35
1183
-1268
-3640
-2650
1260
979
-1867
-2761
-41
2102
704
-1960
-1737
2111
3900
1403
-1693
-425
3732
4713
1305
-346
1964
4621
3781
1147
1035
3728
5169
3221
1067
1526
4222
5032
2947
1414
2166
3657
3300
2001
1662
2531
2655
1760
560
362
1521
1856
893
-955
-1204
-162
218
-579
-1782
-1817
-1573
-1664
-2358
-2661
-2157
-1720
-2318
-3676
-3773
-2469
-1497
-2363
-3530
-3286
-2357
-1884
-2337
-2246
-1679
-1475
-1998
-2357
-1712
-825
-890
-2946
-2133
-941
319
-1024
-2954
-1504
-101
204
-1846
-2875
-1500
1597
872
-2212
-3554
-1063
2550
1026
-2064
-2143
1206
2672
669
-1533
5
3556
3796
799
-1109
1263
4781
4597
1042
427
3101
4988
3398
1179
2061
4369
4631
2384
1021
2135
4005
4111
2077
1079
1871
2803
2408
1617
1250
1638
1509
720
128
-83
497
1043
109
-1665
-1932
-797
-80
-1160
-2881
-2642
-1754
-1856
-2852
-3397
-2652
-1672
-2453
-4095
-3968
-2047
-916
-2333
-4038
-3102
-1049
-947
-2381
-2540
-1396
-662
-1428
-2266
-1502
-11
-434
-2406
-1815
-627
1430
-500
-2756
-1676
152
1105
-793
-2778
-1467
1911
1282
-1544
-3530
-873
2977
1506
-2062
-2599
1143
3341
1694
-1739
-742
3349
4242
1284
-1414
789
5008
4902
771
-301
2753
5456
3886
752
979
3889
4633
2309
507
1445
4045
4143
1621
357
1289
2882
2494
1288
512
1088
1293
850
56
-461
64
511
-352
-2007
-1923
-806
-124
-1474
-2916
-2417
-1536
-1557
-2797
-3036
-2183
-1371
-2405
-3787
-3270
-1321
-730
-2414
-3582
-2298
-632
-1121
-2300
-1871
-560
-616
-1728
-2051
-583
252
-64
-2656
-2540
110
1299
520
-2993
-2209
-90
919
-632
-2211
-2129
30
1055
-1275
-2804
-2569
1036
1796
-1322
-2900
-594
2587
1889
-567
-1650
1251
3596
2483
-97
-262
2519
4718
2355
-188
1315
4156
4450
1728
519
2367
4576
3674
1598
1469
2886
4298
3156
1414
1715
3213
3395
2196
1014
1366
2277
1852
761
-146
-39
768
964
-675
-1677
-1096
-193
-400
-2053
-2503
-1638
-1043
-1947
-3059
-3033
-2047
-1402
-2507
-3448
-2938
-1673
-1453
-2808
-3345
-2277
-1287
-1822
-2360
-2169
-1448
-1331
-1655
-1782
-1149
-960
-930
-1716
-2690
-139
440
755
-1792
-2625
-650
614
484
-1520
-2795
-1695
1361
714
-2136
-3489
-641
2565
195
-2836
-2077
1961
2799
159
-2380
-453
3629
4009
739
-1423
852
4690
4176
460
106
3096
4900
2807
492
1487
4278
4728
2312
614
1785
4000
4489
2197
1165
2131
3252
2658
1537
1054
1832
2179
1035
-325
-726
714
1650
19
-2184
-1909
-378
-108
-1464
-2668
-1883
-1127
-1620
-2984
-3085
-1790
-629
-1926
-4057
-3591
-1577
-715
-2110
-3270
-2438
-1294
-1810
-2560
-1891
-889
-738
-1844
-2208
-1260
123
-145
-860
-2859
-1400
505
665
-101
-2417
-1111
-111
479
-749
-1905
-1944
553
1487
-1297
-3293
-2472
1870
2063
-1507
-3104
-451
2688
1731
-972
-1865
1820
3961
2205
-919
-517
3286
5184
2051
-453
1272
4190
4243
1673
629
2572
4357
3431
1388
1150
2685
4424
2878
1020
1147
2392
3117
1921
686
605
1625
1562
651
-881
-682
738
786
-1239
-2621
-1217
174
-442
-2810
-3291
-1545
-653
-1845
-3447
-3024
-1422
-896
-2915
-4039
-2751
-719
-992
-3017
-3515
-1859
-512
-1252
-2286
-1773
-774
-741
-1407
-1446
-412
196
-458
-1238
-2232
122
822
1112
-1066
-2435
-784
463
893
-777
-1918
-1470
1164
830
-1346
-2660
-970
2403
727
-2351
-2541
1027
2737
611
-2170
-1181
2890
3602
854
-1435
487
4280
4396
637
-224
2655
5227
3478
484
600
3930
4993
2745
500
1347
3748
4445
1968
503
1733
3201
3061
990
-2
1177
2232
1365
-621
-1243
-278
1300
-44
-2240
-2391
-997
-55
-1655
-3170
-2637
-1009
-1419
-3093
-3555
-2202
-859
-1766
-3677
-3458
-1616
-616
-1955
-3367
-2273
-564
-784
-2217
-2093
-520
80
-1038
-1898
-787
282
148
-921
-1527
-1803
335
252
236
-1227
-1772
-319
31
45
-856
-1682
-1502
658
492
-1346
-2828
-1338
2060
686
-2044
-2378
859
2369
746
-1526
-861
2644
3314
1353
-726
633
3884
4251
1262
500
2560
4601
3317
1218
1362
3689
4449
2758
1300
1503
3225
3877
2102
1064
1393
2584
2219
998
154
717
1372
912
-584
-1292
-606
665
44
-2137
-2475
-1231
-199
-1142
-2636
-2442
-1226
-1068
-2363
-2969
-2305
-965
-1389
-2775
-3028
-1555
-569
-1360
-2360
-2204
-1129
-750
-1481
-1513
-816
-668
-957
-1387
-877
-467
-257
-947
-521
-2025
-979
11
367
137
-2226
-1411
-591
451
-252
-1565
-2179
-49
1066
-868
-2689
-2482
1238
1090
-1671
-2875
-312
2084
845
-1012
-1580
1619
3152
2107
-121
138
2913
4652
2352
412
1837
4255
4393
2051
1227
2857
4729
3656
1659
1298
2628
4331
2953
855
923
2521
2830
1291
-411
420
1889
1411
-173
-1214
-401
667
550
-1406
-2003
-1134
-63
-691
-2412
-2310
-1028
-662
-2169
-2862
-2254
-1284
-1320
-2399
-2615
-1961
-1023
-1251
-2100
-2408
-1276
-814
-1720
-2096
-1415
-546
-967
-2105
-1850
-869
-560
-1222
-1661
-1729
-2343
-743
-983
-585
-1517
-2608
-1580
-1047
-339
-1129
-2144
-2318
219
369
-1530
-2784
-1468
1711
727
-1968
-1985
972
2626
1282
-927
-731
2537
3925
2305
232
1025
3987
4878
1975
920
2886
5116
4223
1933
1442
3574
4959
3353
1642
1269
2741
3674
2029
1012
1622
2369
1708
445
200
1479
1784
749
-524
-827
7
976
365
-1440
-1631
-884
-271
-978
-2031
-1721
-1088
-1317
-2120
-2652
-2131
-1085
-939
-2205
-3049
-2011
-802
-871
-2125
-2603
-1633
-1589
-1856
-2064
-1606
-1114
-1770
-2237
-2028
-1120
-795
-1638
-2168
-1849
-2191
-1351
-1342
-523
-651
-2291
-2020
-1242
65
-223
-1672
-2335
-254
786
-242
-1962
-1466
1459
1698
-456
-1439
835
2722
1840
-47
-446
2423
3822
2685
607
941
3375
4563
2526
1109
2561
4493
3957
1682
1190
2924
4129
2903
1028
1010
2168
3196
2058
782
741
1525
1465
605
374
731
1357
571
-413
-617
-57
581
281
-1072
-1349
-920
-288
-762
-1636
-1652
-1040
-749
-1703
-2283
-1832
-762
-645
-2251
-3072
-2082
-712
-1001
-2652
-3208
-1744
-877
-1412
-2837
-2605
-1317
-905
-1672
-2888
-1881
-859
-545
-1768
-2059
-2444
-997
64
-652
-716
-2412
-989
-94
-32
-725
-1461
-1314
485
1070
-779
-1769
-1326
1429
1705
-829
-1623
577
2615
1461
-412
-853
2223
3965
2367
60
344
3057
4832
2436
410
1763
4259
3995
1521
703
2760
4833
3276
742
574
2512
4036
2654
488
706
2399
2678
1072
70
884
2295
1416
-378
-747
316
1250
927
-820
-1380
-647
146
-367
-1533
-1874
-1093
-920
-2024
-2470
-1919
-1170
-1152
-2396
-3024
-2612
-1534
-1742
-2744
-3589
-2539
-1666
-2389
-3337
-2941
-1669
-1790
-2791
-3338
-2032
-1293
-1535
-2530
-2308
-2173
-1190
-780
-1200
-365
-1657
-1055
-782
-62
518
-631
-1683
-458
1390
768
-869
-1783
1001
2486
471
-981
187
2676
2399
604
-483
2068
4198
3284
973
310
2829
4789
3171
924
1946
3873
4090
1988
1085
2801
4293
3364
1329
1026
2113
3548
2768
1406
1441
1700
2109
1409
1531
1414
1590
950
293
250
151
729
548
-211
-873
-1047
-846
-723
-1094
-1688
-2126
-2276
-1983
-2106
-2286
-2413
-2326
-2840
-3268
-2889
-2566
-2762
-3263
-3002
-2585
-2704
-3255
-2928
-2005
-1818
-2562
-2950
-2377
-1191
-1360
-2005
-2105
-1068
-1080
-2067
-1195
-502
1151
-896
-2065
-1012
863
1511
-679
-2232
-717
2535
1555
-1213
-2536
451
3458
1100
-1616
-1094
2381
3094
830
-1231
612
3966
3942
971
-363
2005
5014
4364
881
992
3410
4948
2883
888
1942
4289
4376
1830
846
2216
4067
3729
1702
991
2243
3048
2039
1267
805
1802
1740
673
29
70
588
674
-252
-1377
-1434
-1199
-955
-1470
-2362
-2619
-2305
-2281
-2876
-3422
-3375
-2731
-2773
-3752
-4179
-3753
-2917
-2719
-3423
-3413
-3002
-2658
-2689
-2707
-2477
-2243
-2000
-2160
-2032
-1597
-1227
-795
-831
-795
-1804
-1080
361
756
798
-1331
-585
615
1124
438
-561
-634
1343
1812
-137
-1337
-600
2287
2381
-588
-1527
928
3446
2280
222
-418
2259
4082
2511
603
775
3426
4939
2643
588
2034
4600
4469
1954
1073
2946
4627
3456
1489
1512
3025
3386
2473
761
1742
2694
2219
996
573
1338
1636
749
-210
-231
-163
-206
-295
-1352
-1806
-1868
-1646
-2196
-2631
-2921
-2715
-2749
-3330
-3486
-3558
-3148
-2772
-3454
-4152
-3719
-2289
-2090
-3153
-3777
-2811
-1795
-2342
-2983
-2468
-1507
-1329
-1977
-2238
-1453
-267
-26
-515
-1147
-312
-33
-326
481
326
1306
-459
-543
553
1324
1083
-43
-684
385
1754
842
-283
-819
727
2231
418
-762
364
2517
2293
839
25
1924
3777
3273
1632
1329
2749
4318
3448
1669
2480
4173
4198
2316
1658
2920
4481
3712
1684
1357
2225
3076
2940
1203
1220
1488
1634
747
310
341
522
209
-931
-1476
-1529
-1196
-601
-1831
-3042
-3057
-2131
-2078
-3094
-3797
-3365
-2621
-3114
-4002
-4084
-3421
-2341
-2883
-3969
-3948
-2504
-2066
-2784
-3075
-2095
-1463
-2084
-2500
-1448
-312
-486
-1244
-1563
-624
294
496
-188
-153
285
637
-761
393
1274
2206
720
-931
363
1501
1990
761
-394
-7
1939
1741
249
-1052
175
2809
1620
-572
-700
1866
3356
1853
-141
264
3107
4071
2379
443
1294
3980
4602
1701
840
2367
4480
3370
1233
1090
2854
3695
2196
861
820
2140
2679
890
-100
587
1489
813
-686
-1049
-104
140
-657
-1761
-2295
-2102
-960
-1518
-3179
-3588
-2695
-1717
-3272
-4217
-3419
-1874
-2408
-3799
-4056
-3031
-1509
-1915
-3279
-3664
-2180
-665
-1457
-2943
-2320
-379
-407
-1837
-1890
-284
652
-19
-1228
-714
649
1181
586
-167
363
1263
1474
-445
32
1609
2288
1618
-773
58
1289
1955
881
-581
-860
1168
2187
427
-1266
-740
2060
2419
-127
-1044
1141
3131
2487
504
-125
2357
4243
2906
785
920
3272
4550
2203
464
1940
3940
3342
1101
497
1961
3214
1936
259
103
1099
1573
705
-663
-74
363
-82
-854
-1173
-709
-591
-1352
-2340
-2227
-2094
-1868
-1961
-2910
-2909
-2821
-2734
-2852
-2884
-2737
-2640
-2853
-3073
-2654
-2188
-1971
-1907
-2221
-2269
-1569
-1294
-1249
-1073
-882
-822
-903
-948
-98
484
157
-189
-282
386
904
728
659
991
1136
767
-11
121
1579
2076
1251
-304
-154
1104
1747
1198
-32
-237
1006
1832
944
-412
-306
1652
2212
434
-838
603
2754
2798
825
-409
1439
3699
3360
971
59
2106
4118
2840
252
546
2790
3656
1608
-188
383
2342
2624
576
-737
-210
1305
1207
-521
-1258
-480
50
-675
-1788
-2106
-1417
-1091
-1658
-2831
-3162
-2455
-1413
-1745
-3224
-3493
-2529
-1789
-2472
-3203
-2610
-1611
-1781
-2689
-2766
-1776
-706
-855
-1963
-2146
-855
155
-118
-1130
-642
341
373
-477
-457
733
1279
782
22
214
1074
1550
1241
788
740
1167
1568
1331
503
1169
1774
2220
1469
207
809
1678
2261
1468
111
82
1587
2245
928
-550
-103
1764
2118
261
-609
838
2367
1731
-146
-766
1105
2724
1681
-235
-703
1043
2130
873
-663
-260
1009
756
-431
-1137
-213
631
93
-1235
-1673
-1010
-103
-573
-1593
-1781
-1348
-1029
-1341
-1492
-1430
-1348
-1281
-1470
-1679
-1719
-1121
-659
-1183
-1723
-1504
-625
-456
-711
-943
-803
-337
-295
-451
-453
306
650
335
-383
-130
1065
1218
378
-52
308
673
763
553
777
729
541
371
697
963
1111
920
392
542
612
637
65
447
950
705
105
-854
58
699
803
-68
-970
-811
539
909
-190
-1221
-1184
661
766
-673
-1195
-20
1302
556
-1021
-1307
817
2089
762
-996
-942
1079
1930
135
-979
51
1398
851
-664
-878
401
1172
128
-1001
-836
1
660
193
-603
-385
-696
-178
-168
-254
-450
-744
-256
-282
-488
-1135
-404
363
347
-635
-1516
-210
751
419
-1124
-896
537
844
-516
-1225
95
1054
350
-974
-830
443
1155
199
-863
-482
719
862
-412
-635
560
1427
387
-882
-33
1189
1549
385
-152
405
1086
1362
644
337
76
539
949
591
715
273
507
465
445
95
-486
-563
263
741
-234
-1334
-1389
-61
533
-497
-1561
-1196
-31
-9
-948
-1843
-886
437
-135
-1581
-2102
-890
558
-121
-1417
-1650
-461
114
-437
-977
-845
230
112
-527
-780
-417
269
410
-122
-155
3
91
234
424
504
355
282
145
611
530
610
904
539
314
181
740
1047
945
410
471
851
905
673
492
735
1076
797
128
433
1074
1479
709
-135
377
1111
1008
164
219
834
940
266
-153
453
1070
720
10
-194
169
618
290
-292
-919
-163
34
184
-417
-1098
-739
-833
-781
-952
-1344
-1632
-745
-1178
-1883
-2771
-2320
-642
-728
-2310
-3146
-1911
-783
-667
-2083
-2309
-838
55
-752
-1699
-1307
269
1217
-457
-1280
-299
1174
1213
162
-609
238
1482
1139
616
240
865
1779
1438
706
700
1233
1879
1801
853
523
1171
1989
1758
851
172
1022
1904
1420
433
79
1034
1651
1027
-55
338
1509
1512
444
-282
553
1552
1050
-135
-399
566
1157
619
-206
-127
658
652
-24
-362
151
632
-44
-572
-538
124
254
-129
-546
-531
-567
-470
-745
-861
-1338
-1578
-947
-1092
-855
-2199
-2380
-1801
-1277
-1687
-2864
-3175
-1908
-756
-1947
-3266
-3545
-1582
-619
-2117
-3384
-2440
-560
-539
-1997
-2760
-1129
830
648
-1261
-1656
41
2124
1599
-59
93
1644
2740
1555
754
1334
2642
2855
1522
1010
1723
2866
3098
1915
1563
1843
2505
2494
1706
1685
2006
2486
2027
1256
1087
1813
2624
1907
874
300
1314
1915
1345
305
198
1318
1320
249
-564
258
1407
845
-722
-1219
-57
849
-11
-1302
-1485
-312
6
-991
-1851
-1295
-353
-771
-1906
-2172
-1330
-704
-1325
-2281
-2306
-1913
-1516
-1818
-2132
-2516
-2223
-1908
-2037
-1914
-2447
-2273
-2221
-2072
-2243
-2628
-2500
-1719
-1276
-2082
-2671
-2445
-1129
-497
-1291
-1782
-1316
-213
167
-381
-719
237
1461
1310
542
351
1590
2890
2339
1429
1505
2506
3063
2649
1925
2181
2866
2914
2363
1970
2385
2883
2782
2057
1957
2374
2725
2396
1848
1716
2049
2262
1857
1517
1356
1643
1872
1443
871
808
1247
1332
819
68
333
796
645
-268
-833
-489
-90
-433
-1239
-1450
-1054
-757
-1046
-1675
-1859
-1378
-1336
-1751
-2069
-1949
-1712
-1939
-2181
-2167
-2180
-2076
-2156
-2185
-2222
-2349
-2255
-2195
-2100
-2486
-2534
-2060
-1815
-1536
-2255
-2448
-2025
-1407
-1410
-2037
-2211
-1592
-863
-1261
-1842
-1869
-1052
-299
-710
-1279
-639
353
782
193
-172
783
1891
2128
1363
1122
1951
2951
2858
2096
2185
2825
3250
2820
2423
2641
3213
3211
2857
2560
2737
2942
2996
2822
2537
2641
2571
2645
2584
2421
2119
1797
1901
1848
1585
1069
1145
1245
976
579
252
415
410
97
-256
-389
-526
-776
-1155
-1233
-1190
-1272
-1783
-2011
-2046
-2031
-2067
-2501
-2440
-2373
-2464
-2746
-2665
-2506
-2565
-2664
-2884
-2620
-2483
-2393
-2484
-2567
-2425
-2201
-1955
-1964
-1845
-1849
-2275
-1970
-1392
-1091
-1302
-1842
-1750
-1258
-890
-1061
-1286
-1395
-706
-182
-459
-877
-773
420
887
241
-184
505
1464
1542
1011
846
1770
2753
2624
1832
1849
2758
3465
2910
2305
2825
3591
3524
2659
2509
3150
3647
3265
2468
2529
2908
3246
2978
2346
2338
2534
2618
2102
1812
1688
1744
1706
1241
838
546
729
840
271
-453
-664
-296
-300
-980
-1671
-1548
-1183
-1517
-2213
-2559
-2156
-1733
-2091
-2984
-3192
-2533
-2096
-2400
-3201
-3093
-2471
-2392
-2734
-3000
-2732
-2303
-2419
-2821
-2741
-2273
-1846
-1940
-2443
-2387
-1810
-1311
-1490
-1754
-1652
-1609
-1305
-1105
-895
-610
-895
-913
-633
-305
-70
-43
-396
116
620
421
67
27
886
1352
902
442
962
1797
2070
1560
1326
2072
2985
2967
2367
2272
2966
3691
3318
2623
2788
3438
3502
2821
2559
2975
3539
3248
2406
2267
2658
2930
2497
1799
1776
1966
2018
1478
917
938
1132
1008
421
-202
-215
-24
-49
-572
-1145
-1242
-1061
-985
-1488
-2008
-2055
-1628
-1791
-2642
-2883
-2403
-1964
-2476
-3328
-3104
-2406
-2167
-2745
-3466
-3149
-2302
-2190
-2945
-3219
-2346
-1651
-2048
-2840
-2465
-1372
-1057
-1704
-2210
-1654
-811
-740
-1279
-1359
-687
-284
-570
-1213
-970
-59
323
-134
-612
-273
410
652
262
60
346
807
1230
1014
786
957
1443
1822
1506
1443
1761
2299
2469
2153
2030
2468
3175
3154
2600
2321
2614
3253
3116
2530
2329
2633
2932
2584
2250
2162
2451
2423
1879
1474
1423
1763
1648
1267
726
616
654
571
273
47
-110
-172
-317
-640
-792
-926
-741
-1025
-1608
-1871
-1770
-1496
-1729
-2072
-2419
-2357
-2183
-2274
-2517
-2825
-2564
-2338
-2581
-2873
-2750
-2281
-2086
-2418
-2712
-2455
-1928
-1799
-2088
-2337
-2076
-1672
-1520
-1712
-1789
-1243
-775
-883
-1248
-1109
-628
-316
-478
-607
-372
-93
116
-5
259
477
650
513
494
908
1212
1135
844
1111
1587
1746
1516
1376
1732
2051
2131
2032
2317
2642
2603
2243
2224
2715
3123
2892
2494
2344
2607
2764
2551
2356
2305
2123
1846
1593
1677
1670
1530
1304
1030
918
716
620
531
536
320
-97
-275
-246
-237
-456
-775
-785
-856
-1003
-1155
-1067
-1107
-1419
-1725
-1782
-1648
-1746
-1887
-2085
-2050
-1959
-2225
-2481
-2403
-2056
-2048
-2468
-2551
-2152
-1846
-2034
-2334
-2289
-1935
-1877
-2104
-2264
-2012
-1627
-1646
-1854
-2040
-1667
-1285
-1316
-1313
-1126
-716
-483
-365
-329
-62
45
344
388
428
637
806
1197
1098
1220
1332
1600
1708
1668
1633
1817
2092
2194
2131
1855
1952
2188
2425
2320
2084
2111
2245
2357
2117
1870
1919
2220
2149
1870
1666
1711
1934
1744
1500
1340
1352
1371
1168
850
789
813
781
510
314
211
173
157
-10
-195
-313
-372
-444
-507
-823
-972
-1058
-1051
-1164
-1503
-1598
-1522
-1367
-1683
-1964
-2241
-2133
-2080
-2311
-2356
-2360
-2199
-2281
-2415
-2415
-2230
-2154
-2204
-2329
-2244
-2078
-1967
-1890
-1859
-1682
-1578
-1458
-1311
-1134
-904
-849
-755
-625
-318
-66
18
13
142
351
530
589
741
996
1299
1326
1143
1252
1502
2018
1963
1595
1463
1773
2201
2186
1833
1689
2093
2299
2114
1593
1543
1927
2065
1799
1396
1529
1925
1947
1495
1013
1200
1644
1572
1067
685
997
1505
1290
723
480
857
1157
824
203
134
500
587
93
-378
-225
132
-41
-574
-885
-755
-706
-884
-1284
-1392
-1317
-1376
-1525
-1849
-1818
-1875
-1972
-2062
-2205
-2272
-2386
-2376
-2349
-2395
-2476
-2393
-2325
-2297
-2364
-2365
-2118
-1950
-1955
-2112
-1803
-1350
-1167
-1241
-1335
-904
-357
-364
-414
-271
173
436
321
398
649
1000
945
806
919
1230
1455
1332
1364
1547
1824
1807
1678
1775
1872
1895
1691
1866
2037
1992
1726
1524
1750
1926
1792
1413
1426
1694
1704
1258
838
1045
1414
1343
839
663
938
1251
900
290
187
584
838
408
-200
-222
320
535
128
-274
-242
89
23
-320
-422
-346
-167
-332
-673
-946
-820
-756
-830
-1034
-1266
-1299
-1274
-1252
-1362
-1594
-1762
-1757
-1755
-1930
-2052
-1974
-1752
-1743
-1923
-2064
-1924
-1554
-1460
-1720
-1775
-1487
-1310
-1231
-1278
-1065
-774
-710
-784
-654
-301
16
149
-13
21
282
581
661
621
764
1000
1083
953
935
1135
1220
1278
1251
1201
1319
1472
1534
1503
1472
1389
1410
1466
1515
1500
1335
1283
1356
1460
1336
1045
966
1150
1221
905
578
551
860
892
402
-62
-3
380
339
-139
-454
-170
210
0
-545
-640
-172
217
-140
-733
-740
-259
31
-243
-607
-573
-318
-311
-577
-757
-649
-413
-518
-809
-1047
-951
-704
-660
-789
-1024
-1031
-925
-839
-916
-1053
-1057
-980
-980
-1140
-1169
-873
-533
-562
-760
-733
-457
-202
-297
-422
-280
-184
-109
-129
-50
156
177
67
-87
27
268
447
341
306
435
519
415
396
507
746
785
591
540
604
902
991
875
782
743
782
802
873
869
931
879
903
965
931
892
878
948
774
636
591
596
487
314
172
119
14
-166
-144
-207
-225
-400
-617
-626
-578
-537
-670
-877
-838
-708
-691
-890
-884
-618
-474
-523
-825
-807
-479
-216
-351
-583
-533
-335
-244
-473
-591
-400
-134
-133
-364
-461
-169
154
15
-116
-215
-39
125
-5
-75
-26
114
48
-79
-163
23
152
23
-92
-86
-41
45
90
122
171
69
94
200
320
318
249
219
272
392
455
507
446
442
526
572
569
530
597
610
603
614
547
564
604
599
625
470
406
434
487
374
155
40
-38
-78
-174
-245
-335
-304
-399
-452
-534
-535
-552
-656
-700
-735
-734
-702
-729
-781
-818
-857
-889
-885
-780
-711
-674
-622
-513
-480
-483
-351
-228
-71
-45
-31
44
176
253
291
334
490
695
734
629
540
657
780
833
648
543
571
573
505
384
334
445
504
310
113
70
203
296
176
-26
-114
-112
-117
-32
-44
-227
-356
-472
-382
-337
-271
-232
-223
-247
-288
-230
-108
57
79
-95
-208
-110
133
189
94
72
114
153
39
25
121
294
283
-7
-179
-111
78
140
-48
-233
-155
-50
-82
-218
-152
-60
-60
-134
-231
-186
-127
-61
-113
-175
-206
-183
-187
-122
-92
-243
-324
-333
-320
-259
-316
-377
-367
-365
-237
-202
-135
-84
116
276
270
269
271
474
596
497
361
442
632
777
672
450
494
650
634
465
458
558
672
497
182
227
347
406
129
-66
-58
-47
-28
-224
-276
-248
-156
-236
-519
-580
-544
-386
-481
-567
-688
-693
-609
-511
-470
-526
-472
-420
-354
-427
-383
-228
-37
-47
-157
-173
-54
133
138
86
-25
78
152
154
167
138
194
211
225
209
182
290
350
348
245
93
128
237
329
197
78
-17
10
-5
-141
-195
-232
-211
-258
-320
-323
-220
-103
-86
-115
-265
-195
-93
55
85
27
51
75
214
271
397
495
610
622
604
687
766
771
680
595
575
562
432
346
328
354
307
110
-16
25
79
-28
-196
-280
-305
-392
-534
-641
-685
-672
-751
-839
-871
-832
-853
-924
-934
-972
-931
-845
-765
-679
-683
-664
-573
-394
-306
-340
-283
-138
60
152
154
181
268
432
506
463
420
555
681
733
775
786
835
871
866
802
749
818
853
809
697
636
633
702
620
438
329
252
284
160
2
-132
-79
-15
-127
-288
-328
-248
-256
-352
-461
-441
-350
-295
-373
-391
-301
-248
-290
-364
-353
-168
-89
-198
-274
-170
49
55
-113
-183
-25
86
36
-90
-102
35
92
-122
-248
-181
-122
-42
-180
-295
-295
-272
-271
-399
-429
-446
-468
-596
-701
-674
-605
-541
-610
-659
-657
-553
-411
-333
-347
-398
-289
-191
-173
-150
-101
37
92
39
68
149
317
432
443
495
554
677
766
792
832
855
873
845
860
955
1053
1011
919
857
827
852
786
788
791
731
604
443
449
424
405
280
120
40
-8
-4
-120
-199
-273
-323
-372
-504
-490
-478
-401
-484
-580
-565
-452
-350
-443
-502
-546
-526
-490
-548
-509
-430
-360
-401
-456
-408
-287
-257
-339
-347
-267
-214
-279
-334
-229
-110
-106
-216
-300
-287
-131
-117
-221
-279
-258
-165
-164
-126
-154
-110
-93
-48
-109
-188
-80
72
148
18
-25
78
319
373
286
220
337
559
592
579
535
656
737
614
586
621
743
789
715
704
635
597
652
631
554
439
396
473
473
346
234
223
188
70
-151
-307
-235
-178
-305
-452
-614
-533
-489
-577
-686
-699
-612
-628
-738
-770
-717
-660
-706
-808
-833
-772
-688
-716
-739
-694
-660
-715
-676
-589
-534
-513
-517
-417
-402
-400
-372
-323
-234
-221
-228
-150
-23
41
80
65
156
230
223
246
313
485
529
478
489
601
712
640
623
682
846
920
853
752
762
861
909
835
754
798
874
896
850
832
918
899
868
834
787
804
795
776
706
619
571
611
614
518
348
229
172
151
34
-92
-154
-180
-202
-435
-560
-565
-480
-510
-697
-847
-813
-703
-740
-857
-935
-868
-834
-901
-995
-992
-929
-953
-1153
-1299
-1213
-1172
-1207
-1310
-1323
-1204
-1197
-1207
-1196
-1118
-1030
-1020
-1030
-916
-767
-615
-554
-608
-616
-414
-208
-120
-90
-2
197
381
457
489
655
865
952
878
836
1078
1300
1386
1316
1258
1372
1485
1428
1325
1333
1399
1424
1264
1182
1228
1288
1217
1036
944
995
972
774
605
575
599
507
390
271
285
262
133
-29
-72
-24
-81
-197
-280
-233
-232
-318
-400
-463
-441
-499
-667
-703
-697
-731
-837
-878
-860
-753
-757
-889
-902
-872
-864
-966
-1053
-1086
-1033
-1020
-1060
-1058
-1068
-990
-984
-1001
-1016
-964
-942
-885
-816
-776
-724
-688
-572
-515
-446
-411
-301
-171
-62
24
76
192
296
412
410
463
538
645
750
818
857
930
990
1028
1193
1230
1257
1245
1330
1370
1418
1430
1409
1470
1448
1415
1339
1323
1314
1282
1217
1115
1067
1036
1038
927
818
718
664
581
425
319
255
151
58
-125
-280
-338
-365
-433
-551
-651
-690
-713
-768
-816
-819
-842
-829
-875
-948
-997
-1098
-1086
-1046
-1056
-1094
-1193
-1178
-1131
-1087
-1124
-1140
-1051
-1009
-1027
-1084
-989
-908
-935
-1039
-1087
-1027
-975
-938
-964
-935
-856
-787
-769
-688
-549
-489
-497
-522
-397
-228
-182
-175
-74
147
273
292
264
389
621
742
793
774
872
1035
1112
1098
1154
1221
1347
1387
1405
1420
1435
1492
1502
1510
1421
1460
1509
1504
1431
1359
1402
1448
1435
1240
1085
1035
1024
910
678
496
435
381
195
-23
-117
-96
-120
-347
-506
-536
-516
-556
-730
-892
-940
-899
-974
-1087
-1136
-1098
-1052
-1110
-1226
-1317
-1276
-1195
-1218
-1274
-1271
-1176
-1080
-1049
-1084
-1013
-927
-837
-799
-851
-724
-568
-452
-463
-501
-445
-355
-275
-309
-241
-188
-95
-25
-6
11
26
158
180
163
141
205
287
337
291
277
400
504
579
545
546
626
754
782
728
710
782
852
893
927
878
959
1038
1081
1054
1085
1131
1175
1171
1069
1038
1004
973
915
805
732
711
637
561
476
416
400
316
184
40
-24
-153
-237
-333
-361
-395
-469
-541
-686
-741
-836
-908
-1023
-1082
-1125
-1127
-1164
-1206
-1236
-1276
-1273
-1283
-1271
-1238
-1215
-1204
-1181
-1173
-1129
-1056
-1017
-967
-976
-896
-809
-751
-681
-693
-639
-575
-486
-436
-360
-221
-119
-7
83
208
305
348
385
448
498
540
583
633
716
771
763
799
855
954
953
987
1033
1053
1126
1122
1176
1214
1192
1164
1142
1130
1107
1069
1023
939
858
825
813
790
765
757
691
658
613
580
559
470
429
367
302
219
196
211
160
59
-15
-29
-70
-179
-229
-248
-265
-296
-484
-595
-638
-670
-750
-870
-951
-967
-1037
-1052
-1104
-1169
-1170
-1222
-1241
-1267
-1243
-1211
-1244
-1254
-1209
-1109
-1127
-1119
-1046
-1003
-1009
-1008
-944
-839
-702
-668
-683
-584
-474
-390
-300
-228
-107
-27
18
67
173
355
475
575
618
657
733
832
912
934
970
987
1009
999
1004
1057
1076
1115
1098
1054
1062
1072
1087
1065
970
902
918
923
883
849
795
723
680
647
496
394
398
421
382
235
218
244
195
127
32
-34
-48
-71
-81
-105
-124
-122
-126
-211
-252
-241
-282
-353
-408
-424
-489
-578
-634
-646
-685
-815
-919
-989
-965
-1039
-1117
-1093
-1139
-1146
-1174
-1167
-1160
-1099
-1149
-1159
-1072
-1015
-976
-977
-876
-766
-757
-763
-708
-591
-423
-396
-381
-285
-107
10
51
87
178
330
433
493
574
668
697
723
762
823
924
986
928
919
973
1002
1028
1012
1087
1102
1084
1041
995
1037
1009
971
931
896
872
878
844
822
811
746
715
594
497
438
370
334
268
250
225
153
77
42
-15
-78
-164
-251
-289
-299
-316
-397
-433
-419
-464
-552
-584
-529
-532
-578
-579
-586
-598
-623
-649
-650
-584
-691
-730
-732
-705
-639
-657
-697
-746
-749
-750
-739
-787
-798
-767
-784
-791
-834
-825
-734
-732
-684
-673
-683
-564
-475
-395
-421
-366
-257
-150
-80
-25
87
173
253
222
282
377
476
509
539
614
686
729
762
848
969
1015
962
968
1036
1097
1062
1021
996
1035
963
907
885
882
903
817
778
719
696
693
611
571
523
454
367
330
320
283
228
112
60
-11
-51
-118
-149
-182
-237
-292
-390
-386
-386
-355
-375
-450
-531
-554
-538
-537
-535
-607
-635
-625
-658
-719
-754
-760
-810
-857
-882
-875
-856
-826
-827
-860
-847
-785
-787
-760
-729
-677
-665
-600
-582
-543
-430
-350
-305
-354
-321
-253
-167
-84
-32
58
171
220
239
234
295
371
408
416
419
449
522
529
527
614
688
751
748
755
796
830
824
818
838
833
848
819
797
773
706
660
691
645
586
577
569
533
496
451
413
388
318
277
179
165
163
48
-3
-99
-146
-162
-219
-271
-309
-319
-344
-369
-415
-395
-423
-419
-409
-447
-445
-440
-447
-438
-505
-544
-531
-523
-517
-534
-585
-619
-584
-561
-540
-553
-508
-509
-504
-560
-586
-550
-526
-478
-458
-453
-412
-353
-338
-299
-280
-240
-241
-223
-181
-108
-31
14
45
64
113
195
218
207
231
281
306
332
354
459
510
537
565
555
607
635
612
596
637
743
800
775
718
776
851
803
687
592
584
619
547
439
396
413
365
250
147
123
154
121
39
10
3
1
-8
-78
-86
-127
-154
-161
-184
-224
-315
-329
-374
-430
-446
-486
-489
-484
-502
-555
-536
-551
-512
-532
-516
-503
-503
-515
-529
-519
-504
-473
-489
-486
-518
-529
-546
-536
-532
-515
-461
-448
-414
-389
-347
-328
-300
-289
-266
-202
-160
-123
-112
-57
-11
7
12
91
131
184
200
209
267
327
424
439
466
493
574
598
619
637
665
653
671
719
710
734
751
680
653
631
651
648
601
643
622
571
494
473
448
441
386
379
358
336
299
249
223
214
183
110
49
-24
-103
-119
-166
-222
-260
-334
-332
-366
-357
-357
-373
-440
-447
-469
-532
-537
-561
-541
-568
-586
-562
-604
-622
-643
-647
-591
-568
-565
-558
-546
-536
-525
-500
-461
-446
-390
-321
-306
-239
-196
-139
-84
-59
5
33
131
154
165
152
172
201
263
235
214
247
274
311
252
287
326
360
333
329
339
395
399
357
419
486
466
407
386
330
349
373
363
346
371
395
339
286
293
317
246
171
104
82
125
59
18
-65
-12
6
-71
-122
-128
-97
-124
-184
-230
-225
-207
-230
-296
-304
-318
-387
-408
-427
-466
-469
-455
-423
-445
-377
-344
-407
-365
-342
-338
-354
-345
-286
-256
-245
-262
-256
-247
-197
-204
-161
-80
-78
-32
-16
-7
58
137
88
103
161
217
278
254
261
303
284
303
306
333
393
392
399
369
341
375
340
349
330
328
315
251
214
133
105
75
40
26
16
24
78
87
58
-5
14
38
42
-26
-27
2
57
37
5
19
20
74
71
50
27
107
95
85
63
123
181
158
151
86
112
133
87
60
51
23
29
2
1
15
-31
-72
-87
-95
-115
-108
-122
-101
-110
-124
-183
-214
-186
-239
-294
-305
-264
-248
-241
-309
-364
-316
-317
-304
-336
-306
-270
-237
-286
-306
-258
-253
-223
-254
-252
-233
-258
-273
-291
-253
-198
-189
-163
-122
-62
-31
-71
-79
-74
-24
2
14
45
98
130
142
195
186
200
195
143
192
190
201
210
218
196
172
204
214
204
222
238
224
223
241
243
247
269
260
236
211
205
202
179
203
252
224
254
252
235
200
194
173
118
134
93
78
82
95
107
109
101
76
86
44
8
-33
-51
-49
-79
5
-26
-37
-57
-8
14
6
-3
13
30
-6
-36
-36
-38
-55
-58
-107
-111
-97
-107
-146
-155
-157
-66
-77
-112
-130
-106
-109
-152
-152
-207
-170
-127
-79
-71
-74
-98
-112
-103
-113
-136
-167
-157
-181
-176
-214
-236
-202
-193
-175
-216
-193
-158
-156
-146
-182
-128
-108
-85
-31
24
45
37
34
68
59
51
77
51
113
71
49
89
54
106
102
95
104
113
110
78
77
28
2
8
-14
6
39
-2
58
84
91
100
155
200
156
192
189
238
223
198
192
179
218
177
157
186
178
148
107
61
12
-14
-19
-62
-124
-68
-75
-87
-75
-141
-130
-179
-143
-133
-180
-192
-218
-202
-178
-164
-172
-162
-157
-198
-218
-177
-204
-205
-168
-167
-123
-94
-72
-63
-56
-65
-138
-120
-96
-57
14
50
56
53
77
72
37
54
90
84
119
144
171
180
175
132
117
111
129
170
176
166
129
92
79
50
49
91
102
131
138
121
137
104
139
136
122
158
189
204
160
181
193
156
163
147
159
187
190
181
187
157
198
216
172
134
101
57
71
9
-67
-25
-28
-87
-147
-166
-185
-200
-187
-216
-269
-301
-313
-315
-288
-281
-285
-268
-277
-380
-392
-382
-404
-350
-353
-320
-332
-306
-272
-199
-195
-207
-182
-229
-216
-204
-150
-97
-99
-64
-18
-6
1
-14
-1
-2
2
30
30
53
52
66
59
91
110
135
176
111
98
79
89
168
173
211
221
255
242
241
286
296
271
265
290
349
398
380
326
397
377
335
357
338
365
332
279
229
220
210
167
177
124
72
58
2
-41
-49
-84
-136
-154
-140
-136
-145
-142
-203
-218
-251
-258
-241
-211
-201
-216
-207
-220
-213
-246
-268
-278
-308
-313
-355
-369
-321
-333
-350
-335
-291
-312
-300
-259
-278
-241
-190
-179
-195
-153
-113
-97
-71
-42
-37
-5
29
27
57
82
85
75
109
85
98
207
232
239
227
242
229
227
255
217
215
230
249
223
191
201
190
196
240
312
357
387
405
374
389
377
402
439
424
365
357
392
343
315
308
293
316
302
223
201
161
184
134
104
66
38
-10
-134
-163
-229
-296
-331
-395
-416
-408
-444
-488
-551
-566
-609
-658
-632
-640
-646
-640
-659
-619
-633
-582
-571
-520
-500
-506
-446
-422
-419
-414
-340
-330
-270
-222
-233
-210
-165
-155
-129
-119
-78
-16
0
34
73
72
77
124
124
184
249
272
340
357
394
396
406
427
429
523
576
547
542
584
566
556
543
522
532
509
505
512
513
468
453
519
531
499
516
477
409
393
373
323
285
312
306
239
182
166
101
56
27
-61
-79
-129
-162
-190
-238
-213
-270
-294
-318
-379
-385
-410
-446
-447
-497
-452
-469
-540
-588
-629
-616
-613
-606
-555
-551
-588
-579
-620
-626
-577
-553
-554
-542
-502
-456
-421
-404
-373
-271
-267
-226
-143
-101
-46
-36
16
20
35
101
135
177
234
228
306
324
321
372
396
496
440
454
467
486
465
462
458
449
476
467
467
429
493
450
450
491
476
487
456
417
447
503
476
447
417
378
308
293
304
284
267
261
263
191
116
106
40
41
-8
-74
-105
-194
-266
-273
-323
-348
-370
-429
-454
-538
-544
-592
-589
-617
-675
-665
-680
-679
-657
-583
-539
-571
-585
-557
-565
-548
-577
-569
-527
-510
-446
-408
-388
-365
-280
-268
-239
-223
-175
-111
-95
-52
2
41
44
94
171
208
254
248
285
322
329
390
444
486
497
501
576
599
647
708
711
694
672
691
638
633
638
611
547
536
532
547
527
484
508
500
457
429
411
319
314
277
163
145
102
57
-3
-23
-37
-57
-99
-144
-168
-249
-270
-368
-424
-396
-388
-408
-421
-412
-428
-426
-467
-424
-417
-430
-413
-448
-462
-508
-578
-586
-540
-559
-602
-586
-600
-629
-597
-578
-560
-525
-523
-494
-463
-442
-393
-347
-285
-264
-260
-202
-144
-110
-70
-20
60
125
196
259
265
292
338
389
428
460
520
553
599
615
634
641
666
686
686
668
644
624
610
573
567
569
481
488
502
451
472
443
404
426
383
312
289
214
164
76
-4
-7
-31
-52
-105
-129
-139
-188
-224
-277
-286
-310
-332
-356
-397
-410
-413
-479
-489
-495
-500
-519
-583
-577
-612
-611
-559
-543
-551
-491
-512
-493
-446
-443
-443
-406
-394
-360
-298
-287
-251
-187
-116
-129
-111
-50
-12
29
75
140
205
212
204
214
265
254
314
330
364
348
340
367
346
407
391
440
476
453
482
516
530
558
565
571
537
498
482
432
410
369
330
341
324
316
330
339
299
274
205
149
111
80
44
-26
-41
-36
-81
-139
-149
-166
-208
-199
-203
-213
-240
-287
-321
-372
-409
-428
-437
-475
-486
-479
-518
-553
-562
-569
-501
-507
-502
-457
-438
-428
-428
-450
-437
-438
-440
-405
-385
-352
-344
-303
-309
-326
-296
-299
-248
-194
-174
-170
-170
-141
-97
-53
-6
7
58
104
140
191
272
333
399
493
535
556
601
643
681
686
694
732
723
732
710
691
714
693
641
561
539
540
518
503
487
491
435
386
348
319
277
256
237
210
125
16
29
-4
-1
-7
-43
-83
-148
-156
-210
-271
-296
-368
-401
-458
-473
-449
-469
-490
-502
-501
-511
-504
-508
-549
-527
-499
-473
-464
-461
-490
-505
-497
-478
-460
-395
-362
-391
-339
-336
-357
-303
-288
-266
-270
-215
-190
-178
-162
-152
-112
-92
-33
-11
30
82
126
147
176
216
267
323
378
393
431
478
465
474
500
504
502
517
511
509
493
511
530
455
438
409
412
398
373
366
318
282
230
236
222
193
154
156
90
53
29
-24
-58
-68
-37
-37
-44
-65
-119
-79
-98
-126
-101
-151
-178
-195
-229
-222
-290
-297
-315
-346
-358
-386
-406
-440
-409
-444
-452
-416
-443
-451
-436
-366
-359
-298
-300
-317
-297
-288
-235
-224
-213
-207
-175
-167
-155
-157
-89
-78
-33
22
66
55
14
37
9
62
111
119
169
180
182
190
203
219
215
245
285
318
332
352
378
380
346
405
377
391
409
393
419
413
378
355
374
346
327
314
311
323
327
320
288
284
221
151
144
121
121
67
0
-3
-17
-69
-66
-93
-139
-166
-195
-229
-261
-310
-292
-296
-330
-319
-346
-309
-306
-286
-264
-292
-272
-299
-305
-307
-301
-269
-272
-288
-272
-242
-247
-233
-216
-216
-202
-185
-155
-186
-163
-156
-162
-177
-196
-196
-166
-94
-81
-71
-48
-26
9
17
6
5
-5
19
27
70
69
116
148
151
186
214
196
197
213
234
261
269
286
295
315
338
296
267
270
295
281
282
288
288
246
216
221
185
172
153
149
126
126
117
121
124
91
90
63
82
68
35
7
-49
-55
-92
-100
-102
-124
-151
-120
-102
-148
-157
-179
-200
-185
-212
-227
-224
-230
-247
-259
-232
-238
-203
-224
-229
-217
-207
-211
-226
-215
-213
-183
-163
-131
-133
-84
-89
-113
-111
-125
-124
-110
-92
-61
-15
19
44
19
93
66
97
140
140
177
158
119
107
138
153
165
176
223
233
288
275
285
304
245
233
249
230
171
169
212
216
208
181
169
162
183
166
149
141
149
124
79
53
26
-27
-23
-45
-92
-88
-105
-116
-177
-164
-153
-157
-140
-155
-179
-197
-197
-211
-260
-273
-256
-267
-230
-233
-265
-249
-239
-270
-297
-257
-231
-245
-261
-227
-205
-172
-155
-158
-118
-116
-118
-97
-106
-61
-20
-49
-28
11
16
22
58
52
29
7
40
55
94
114
132
195
185
226
234
234
279
313
286
302
301
311
296
244
237
238
244
211
208
222
179
153
109
113
119
128
102
80
90
60
15
35
25
-6
-22
-30
-54
-59
-68
-69
-42
-46
-25
-6
-14
-38
-20
-22
-32
-29
-63
-94
-83
-116
-150
-159
-164
-175
-190
-206
-167
-167
-144
-96
-105
-72
-30
-48
-25
-13
-30
-74
-52
-96
-121
-85
-72
-44
-41
-51
-25
-30
-53
-55
-37
-3
1
-4
-11
13
-35
8
39
35
27
49
66
43
45
44
83
89
72
96
97
69
99
134
159
161
162
178
156
163
132
107
66
25
8
-12
-62
-55
-45
-82
-123
-141
-126
-133
-133
-143
-102
-89
-85
-63
-74
-67
-66
-52
-37
-68
-64
-72
-90
-53
-38
-7
-30
-32
-21
-17
18
70
64
84
39
10
-1
-5
31
-2
4
27
57
73
117
95
50
65
102
92
50
50
45
45
69
68
39
59
9
-40
-56
-82
-84
-72
-82
-85
-59
-71
-61
-18
-29
7
-5
50
44
29
32
-2
-16
-75
-22
-57
-34
32
37
29
62
86
83
66
56
44
53
55
51
35
67
81
42
51
44
19
-19
24
-6
8
43
48
33
26
56
10
3
-3
-30
-39
-33
-15
-46
-37
-35
-35
-26
-45
-56
-63
-66
-74
-65
-42
-40
-64
-65
-50
11
-28
-21
-12
14
34
10
22
7
32
30
6
6
11
-17
-55
-68
-47
-41
-47
-44
-25
-20
-47
-52
-68
-61
-43
-62
-67
-33
-27
-42
-46
-53
-35
-6
-19
-46
-5
-8
-8
-10
-17
-43
-43
-62
-61
-38
-29
-24
-19
-59
-34
-3
-34
-23
0
-32
0
3
8
51
26
24
14
23
66
96
81
60
69
73
78
86
79
52
68
84
68
90
84
123
126
89
83
59
59
25
5
-10
-41
-67
-17
-17
-60
-10
21
42
5
2
14
8
-30
-4
16
15
61
57
71
73
91
107
110
126
121
139
160
132
133
130
137
133
65
53
70
67
58
74
66
55
82
40
-1
18
9
5
13
-11
-5
-43
-75
-74
-63
-55
-84
-117
-111
-109
-142
-99
-106
-119
-142
-151
-144
-177
-160
-167
-161
-186
-143
-137
-146
-101
-121
-181
-183
-161
-189
-195
-208
-223
-203
-190
-188
-166
-142
-107
-82
-63
-81
-75
-69
-55
-24
-71
6
53
26
28
18
22
36
70
50
35
87
111
145
170
157
185
197
170
190
193
186
168
134
97
99
124
126
152
166
189
167
202
197
160
166
142
160
152
134
135
138
118
85
45
52
79
73
71
80
39
33
18
-8
-43
-5
15
0
21
6
-27
-47
-56
-82
-94
-110
-91
-103
-147
-169
-195
-206
-213
-231
-196
-204
-181
-245
-254
-225
-224
-203
-193
-183
-196
-179
-142
-123
-109
-86
-88
-71
-61
-29
-48
-26
14
-14
-32
-31
-1
7
37
83
96
136
138
151
148
117
167
121
136
130
179
185
169
180
177
213
214
220
210
255
191
178
173
163
148
138
132
111
143
142
130
106
129
132
97
91
90
77
74
84
38
-1
-35
-59
-71
-65
-68
-57
-94
-88
-124
-145
-119
-134
-195
-187
-175
-192
-199
-198
-166
-205
-216
-271
-254
-211
-214
-209
-172
-187
-158
-129
-134
-129
-114
-129
-153
-151
-153
-154
-198
-190
-186
-178
-192
-188
-197
-218
-212
-207
-150
-137
-122
-42
-20
-5
34
108
128
144
180
222
221
264
271
252
247
254
292
300
296
235
216
212
182
154
111
115
119
168
146
157
185
148
138
112
121
106
110
80
73
80
70
48
68
91
64
88
112
100
118
98
61
51
69
66
59
28
35
31
46
31
10
-1
-34
-33
-61
-26
-56
-47
-26
-33
-31
-52
-63
-48
-105
-94
-72
-81
-77
-90
-80
-84
-130
-134
-148
-118
-139
-140
-114
-188
-193
-224
-231
-255
-220
-204
-214
-187
-175
-130
-102
-94
-145
-135
-113
-106
-63
-79
-50
-54
-65
-47
-6
51
124
174
173
175
176
147
152
181
176
179
210
250
255
259
248
196
195
174
136
131
179
150
126
83
95
77
34
-7
-17
16
-3
-2
-2
-4
-56
-78
-111
-160
-175
-139
-157
-113
-130
-123
-147
-141
-102
-100
-83
-105
-122
-129
-131
-107
-103
-84
-10
-85
-80
-32
-70
-98
-134
-150
-166
-178
-210
-204
-182
-161
-161
-152
-128
-126
-129
-128
-93
-104
-49
2
1
-1
26
30
50
44
57
56
53
102
132
157
161
178
184
182
194
214
281
257
260
291
302
311
321
288
254
269
298
282
276
294
256
264
288
269
293
264
252
221
163
191
206
168
122
125
111
74
22
-38
-12
-52
-77
-81
-114
-102
-181
-169
-197
-213
-269
-264
-261
-250
-283
-292
-276
-286
-311
-302
-306
-344
-325
-304
-316
-345
-327
-355
-353
-362
-352
-351
-355
-336
-343
-305
-291
-258
-260
-225
-175
-167
-158
-145
-97
-85
-18
28
30
68
95
77
111
125
182
205
218
235
222
316
338
293
309
301
317
299
307
318
319
354
349
320
327
341
313
313
279
223
205
195
193
159
160
97
85
71
47
36
46
71
31
38
51
44
33
44
11
20
30
21
4
-45
-32
-47
-114
-121
-145
-191
-194
-198
-239
-263
-253
-246
-249
-234
-264
-257
-248
-236
-213
-205
-200
-190
-173
-180
-184
-177
-175
-193
-171
-147
-155
-135
-105
-110
-137
-113
-106
-90
-45
-44
-23
-3
11
45
67
52
35
16
45
83
113
127
171
186
169
198
224
241
256
285
295
296
333
354
355
348
369
323
309
320
335
263
253
263
229
271
226
218
242
180
142
151
100
49
10
36
-32
-62
-66
-102
-154
-205
-201
-232
-263
-267
-312
-296
-292
-283
-266
-337
-352
-355
-373
-357
-365
-360
-350
-380
-355
-323
-349
-376
-383
-387
-317
-289
-255
-201
-196
-218
-223
-202
-159
-172
-127
-82
-58
-31
-15
24
58
120
97
141
154
156
173
219
248
237
266
273
258
272
322
333
326
321
331
290
269
292
245
275
289
296
292
282
287
298
312
303
329
300
313
301
290
272
236
194
141
104
98
82
92
73
43
-4
-24
-76
-81
-58
-83
-84
-100
-94
-122
-151
-142
-156
-210
-221
-232
-224
-221
-206
-212
-243
-250
-282
-322
-337
-354
-352
-352
-349
-352
-328
-301
-310
-298
-307
-340
-337
-316
-288
-299
-281
-287
-262
-243
-208
-150
-126
-90
-39
-25
-34
13
12
65
61
51
122
164
186
223
243
212
250
303
325
358
373
359
365
396
372
387
384
354
367
342
356
372
344
355
382
317
278
246
213
178
155
200
165
127
100
75
58
14
27
-17
-14
-47
-32
-35
-61
-67
-111
-99
-133
-112
-121
-86
-101
-171
-198
-250
-278
-288
-291
-311
-355
-334
-340
-327
-331
-332
-329
-305
-322
-331
-353
-345
-343
-309
-258
-239
-203
-168
-131
-151
-174
-150
-103
-85
-65
-10
-52
-42
-14
13
41
61
125
164
181
211
223
229
218
228
247
236
264
274
267
295
289
294
323
303
281
255
246
186
178
190
187
187
176
169
172
150
145
141
101
114
111
132
176
154
106
121
96
65
41
-3
-16
-49
-63
-81
-96
-102
-92
-110
-123
-146
-182
-205
-188
-219
-219
-222
-249
-196
-164
-158
-166
-148
-167
-183
-174
-152
-115
-147
-141
-144
-139
-138
-142
-174
-160
-130
-165
-160
-113
-102
-107
-94
-86
-69
-68
-69
-93
-96
-59
-39
3
7
-25
-15
12
57
43
71
117
149
140
154
158
150
112
123
163
165
160
196
230
229
225
246
229
201
238
232
219
232
245
241
229
236
227
187
168
163
173
114
83
13
36
4
-31
-51
-32
-29
-38
8
-44
-28
-66
-68
-97
-137
-173
-199
-178
-202
-197
-215
-274
-302
-309
-345
-296
-258
-244
-269
-294
-289
-285
-284
-273
-274
-272
-256
-223
-175
-158
-145
-116
-141
-84
-77
-94
-62
-24
51
32
78
93
81
112
92
88
88
68
82
120
152
181
225
278
312
285
300
304
284
259
281
299
296
268
231
204
178
132
131
145
115
90
105
120
104
90
133
149
133
134
106
73
93
91
112
99
44
27
-13
-36
-55
-61
-99
-83
-67
-43
-46
-12
-47
-95
-107
-91
-85
-156
-161
-166
-179
-197
-196
-196
-173
-199
-212
-233
-238
-242
-200
-193
-208
-166
-163
-186
-183
-205
-201
-200
-213
-183
-149
-132
-156
-138
-116
-102
-40
-21
-31
-14
12
17
-3
31
64
83
88
121
128
163
201
186
200
181
211
223
211
229
239
249
257
238
270
267
250
249
279
276
263
299
286
241
204
169
105
86
81
71
48
-9
-18
-72
-122
-160
-161
-209
-200
-165
-167
-190
-184
-225
-218
-201
-232
-208
-224
-220
-222
-226
-254
-254
-250
-226
-215
-183
-211
-195
-179
-168
-158
-155
-113
-97
-64
-31
12
2
47
99
98
86
129
123
105
102
120
145
129
173
181
196
218
219
261
230
187
201
220
149
140
186
151
165
142
119
102
67
63
72
65
87
42
37
14
-19
-30
-48
-41
-7
-7
-5
-61
-55
-33
-70
-53
-80
-110
-102
-123
-102
-107
-124
-133
-145
-126
-112
-88
-72
-62
-62
-100
-141
-93
-119
-118
-97
-118
-115
-108
-127
-130
-94
-77
-86
-58
-61
-47
-14
21
27
28
36
69
101
79
87
89
87
46
54
58
61
103
104
107
118
81
94
103
71
106
110
89
89
67
9
11
43
38
12
8
0
-8
-6
7
17
35
33
23
1
4
-38
-76
-77
-50
-15
-28
-19
5
-9
10
15
-5
61
82
47
31
25
-16
6
25
15
12
10
-13
-66
-86
-74
-47
-64
-47
0
-20
-3
33
0
19
40
62
69
63
54
44
15
-39
-40
-23
-47
-75
-44
-40
-66
-29
-21
-47
-73
-51
-14
-45
-47
-36
20
24
55
78
76
72
3
-41
-55
-70
-28
-48
-89
-64
-54
-59
-100
-104
-35
-60
-72
-30
-49
-57
-51
-17
-32
-25
-11
30
1
-45
-49
-111
-86
-107
-53
-23
-27
2
-11
-15
5
-47
-22
-10
-36
30
32
47
39
78
70
55
68
45
83
110
102
82
108
80
59
71
57
91
104
107
128
71
72
104
101
99
104
108
84
58
31
88
60
28
69
84
68
64
87
89
81
62
61
56
48
46
30
13
22
24
-12
-30
-32
-3
-21
-76
-78
-81
-70
-93
-95
-97
-106
-56
-118
-73
-26
-25
4
15
-33
-104
-89
-111
-127
-127
-98
-139
-126
-122
-116
-89
-115
-106
-120
-119
-58
-24
-31
2
9
31
51
92
66
40
-7
20
49
28
42
35
104
61
79
95
94
69
23
-2
-32
-13
-20
-34
-29
-7
-12
-37
-93
-91
-101
-50
-52
-36
-35
-28
-11
-32
-83
-92
-107
-135
-132
-166
-155
-103
-87
-101
-85
-26
-12
-4
10
56
118
75
91
111
95
105
105
121
143
131
119
135
96
128
141
151
174
170
175
180
199
138
107
96
72
49
50
76
113
101
110
125
82
50
74
18
-48
-73
-84
-84
-114
-91
-96
-60
-76
-102
-72
-82
-87
-61
-66
-53
-27
-64
-97
-95
-60
-107
-95
-102
-128
-101
-111
-154
-158
-170
-149
-78
-136
-96
-62
-135
-157
-114
-105
-99
-53
-32
-28
-47
-65
-40
-22
8
19
31
17
48
108
59
75
129
85
87
102
132
108
151
138
152
121
86
121
112
115
100
168
141
128
105
70
87
122
86
90
78
55
81
57
8
3
24
16
27
35
61
90
96
67
75
64
-4
-3
-66
-71
-11
-13
-9
-24
10
-20
-16
-85
-76
-44
-46
-26
-59
-82
-62
-73
-105
-63
-62
-102
-87
-95
-153
-193
-181
-198
-293
-279
-184
-157
-190
-185
-188
-163
-185
-193
-125
-147
-181
-154
-131
-151
-120
-78
-92
-44
-36
-1
52
62
77
104
78
120
147
170
175
178
176
204
221
197
249
244
220
191
183
202
212
169
192
215
163
175
126
155
161
135
155
167
98
83
57
74
89
54
36
2
-4
-25
-55
-127
-154
-126
-142
-150
-105
-54
-65
-69
-49
-66
-95
-136
-88
-79
-86
-82
-52
-78
-93
-8
-29
-41
-30
-20
-29
-23
-12
-12
-39
-57
-61
-52
-38
-33
-52
-60
-61
-66
-14
-15
-18
-17
-29
-40
-36
-12
-16
23
-25
-50
-6
-5
-25
-9
-28
-36
-35
-20
0
-17
-31
-20
9
65
73
77
61
43
62
21
26
-5
-32
-52
-57
-35
-5
-22
-1
78
66
-6
21
28
-27
-80
-123
-29
8
-31
12
25
22
17
64
75
30
47
73
45
4
80
142
100
42
78
97
104
71
84
84
85
109
78
81
50
48
62
60
64
73
47
16
8
-70
-86
-64
-98
-128
-118
-54
-50
-41
-76
-34
-66
-136
-98
-99
-167
-120
-60
-104
-101
-40
-24
-47
-44
-74
-110
-99
-132
-106
-114
-112
-48
-42
-66
-28
-8
-9
8
20
33
-2
43
94
72
19
105
126
119
116
142
149
70
91
71
70
47
64
33
-33
-15
39
59
-4
20
32
31
-56
-39
31
-30
-65
-23
28
-8
-16
33
66
43
60
104
105
55
67
86
80
67
16
22
13
-24
-54
-22
-20
6
69
32
2
-37
-45
-52
-67
-63
-6
-24
-88
-69
-29
-45
-68
-97
-84
-74
-121
-63
-74
-152
-77
4
6
-25
-19
-2
-64
-71
-53
-18
-31
-7
55
-18
-27
7
10
-15
7
44
52
62
76
37
52
56
41
67
79
115
112
71
44
38
-7
5
51
38
32
63
67
60
50
34
93
98
82
128
113
71
63
54
17
36
40
65
36
-1
25
8
-11
-48
-30
7
-2
-27
-53
7
-44
-99
-96
-112
-60
-95
-68
-78
-112
-153
-164
-160
-209
-193
-136
-143
-174
-123
-112
-127
-115
-96
-94
-82
-58
-60
-86
-118
-56
-64
-130
-105
-44
-68
-122
-79
-35
-32
-30
34
95
59
62
136
119
104
125
102
116
152
162
124
184
242
202
152
177
250
169
119
193
178
140
169
204
171
140
162
169
96
93
168
126
65
82
63
-23
-9
-6
-38
-39
-73
-80
-77
-110
-52
-30
-109
-106
-21
-57
-142
-90
-118
-105
-97
-51
-44
-120
-75
-33
-133
-209
-171
-161
-202
-184
-119
-134
-101
-97
-101
-109
-122
-110
-74
-81
-76
-28
-12
-37
-7
62
65
58
52
39
88
70
37
66
64
26
2
40
68
46
2
-16
42
8
-8
69
65
-14
1
45
36
62
17
95
126
54
101
102
73
59
33
36
42
22
51
60
22
54
73
64
42
91
47
10
42
19
4
8
30
-32
-50
-31
-24
-68
-39
-33
-14
-62
-79
-59
-42
-66
-91
11
47
33
32
8
-34
-57
-82
-57
-96
-69
-11
-6
-35
-78
-53
-106
-168
-140
-83
-85
-107
-121
-98
-112
-176
-133
-99
-65
-73
-57
-23
-24
-66
-40
15
7
14
25
101
104
74
67
73
101
86
96
147
146
127
122
129
121
89
126
108
127
142
143
163
149
130
121
119
126
108
73
43
84
78
45
65
61
59
50
89
84
25
31
82
25
17
45
70
50
-27
-44
-31
-39
-49
-33
-69
-94
-93
-77
-120
-128
-87
-108
-171
-182
-149
-172
-219
-224
-161
-146
-160
-171
-162
-167
-164
-113
-127
-124
-97
-137
-100
-49
-50
-7
20
20
29
13
19
59
40
-18
62
117
58
68
94
118
67
59
77
47
60
54
18
21
22
2
36
49
59
70
46
21
16
-2
18
49
28
47
65
17
-2
-15
-60
-41
37
3
-63
-35
-17
-53
-48
-30
-36
47
67
46
74
78
39
62
100
71
90
134
147
145
67
45
99
70
28
55
101
72
57
19
-17
13
-34
-2
2
-14
38
17
-67
-133
-127
-124
-93
-100
-72
-65
-99
-102
-101
-93
-90
-67
-25
-32
-62
-20
-41
-59
-45
-25
-25
-11
5
-10
-47
-37
-19
-58
-80
-16
10
-45
-23
-35
-71
-74
-23
-43
-44
20
43
29
9
36
34
18
57
83
82
114
128
100
67
119
120
46
80
115
114
66
47
61
53
3
-7
66
24
-1
40
46
1
-23
-22
-3
21
10
-16
2
39
40
-5
0
39
5
-38
-54
-20
-61
-118
-93
-81
-97
-101
-75
-50
-106
-122
-121
-116
-97
-105
-95
-107
-125
-96
-145
-166
-91
-71
-123
-54
3
-22
-10
4
1
4
32
35
38
30
42
30
-8
-7
23
14
25
69
51
38
66
103
106
109
131
107
96
92
69
85
77
82
105
80
45
64
84
36
60
121
88
70
71
74
74
47
67
122
105
99
117
108
65
34
39
43
69
59
65
48
8
-14
-19
-32
-8
3
-5
2
13
-32
-40
-50
-83
-78
-84
-91
-84
-109
-148
-175
-178
-201
-193
-147
-194
-204
-197
-177
-200
-218
-205
-154
-143
-164
-85
-43
-42
-19
56
61
42
33
31
53
41
59
98
126
83
56
96
105
87
96
115
107
60
55
57
54
59
65
98
71
79
122
80
45
78
55
21
40
27
31
43
3
6
29
-18
-31
-3
-49
-45
-18
-44
-38
-7
2
-22
4
15
14
34
32
23
18
-9
-1
2
-48
-68
-18
-38
-88
-79
-82
-63
-69
-60
-38
-28
-39
-65
-94
-103
-48
-44
-57
-3
25
-5
-16
16
22
-9
-22
18
52
37
-1
25
52
8
-24
24
17
-2
18
29
26
-2
48
64
48
44
39
35
29
27
1
18
41
10
41
46
2
-20
-2
-12
-26
-19
-47
-18
-36
-36
-15
-45
-45
-53
-12
-22
-42
0
-32
-38
2
17
26
52
60
87
53
23
47
66
20
22
66
14
6
51
39
9
2
10
39
35
-11
20
29
-15
10
14
-7
-22
-5
-4
-25
-36
-49
-56
-94
-112
-113
-106
-106
-79
-84
-77
-45
-70
-66
-34
-20
-38
27
37
7
0
10
36
-2
9
62
96
43
37
51
2
-10
3
42
31
27
44
50
50
29
41
59
31
44
55
29
24
42
45
39
54
75
90
82
34
18
39
23
36
-4
-2
7
-20
-27
-50
-46
-61
-61
-58
-39
-46
-38
-19
-27
-27
-24
-15
-22
-63
-57
-42
-67
-69
-42
-43
-64
-46
-27
-55
-30
-14
-18
-8
9
14
22
5
13
36
-5
-7
24
9
-11
22
37
47
23
15
37
32
29
37
44
33
31
25
26
38
27
9
6
14
11
-32
-30
-13
-40
-63
-51
-16
-28
-59
-23
-28
-54
-39
-42
-69
-76
-56
-27
1
14
19
10
10
43
68
45
95
108
102
112
136
122
124
108
87
102
87
106
79
37
9
-23
-15
-26
-25
-40
-46
-43
-56
-53
-63
-36
-29
-50
-43
-38
-40
-39
-54
-25
-56
-54
-17
-2
-19
-35
9
8
-30
-62
-51
-51
-87
-93
-38
-34
-36
-19
-8
-25
-55
-32
-24
-23
-17
6
28
-1
-12
8
-6
-20
-1
8
1
-9
-14
-6
-4
-6
2
21
8
21
17
3
33
16
12
21
34
58
52
60
86
85
59
62
84
56
49
76
45
43
34
-1
-16
-33
-25
-17
-26
-8
20
6
-27
-25
-36
-61
-68
-42
-45
-37
-25
-25
-19
-46
-43
-42
-69
-65
-34
-58
-61
-47
-54
-42
-16
16
32
35
53
77
70
77
81
37
15
32
37
1
-14
14
-37
-68
-44
-35
-51
-43
-21
-4
-12
-32
9
38
13
-5
49
49
46
53
49
56
44
50
50
29
4
48
51
24
26
46
46
30
21
32
42
41
29
19
-6
-34
-30
-21
-19
-20
-2
5
-28
-38
-37
-39
-26
-33
-54
-25
-23
-45
