14
12
9
3
2
2
0
0
3
2
1
0
4
5
6
6
6
12
13
16
14
13
7
4
-2
-1
-1
-5
-2
-5
-7
-9
-5
-7
-6
-8
-9
-9
-12
-10
-13
-15
-16
-16
-10
-14
-13
-9
-9
-4
-4
-5
-6
-9
-7
-7
-9
-8
-1
3
2
2
4
0
-1
2
1
4
5
5
3
6
3
5
6
9
7
7
5
4
6
3
6
4
5
9
9
7
11
13
14
13
11
13
9
9
10
10
8
7
1
-1
0
-4
-4
-2
-6
-7
-10
-9
-8
-5
-2
-4
-4
-3
-1
-1
-1
-4
-10
-9
-8
-10
-11
-5
-5
-7
-3
-4
-4
1
1
-2
-1
-5
-4
-7
-1
-2
1
0
-3
-4
-5
-5
-2
-2
-4
-5
-9
-8
-9
-10
-10
-5
-1
2
9
11
11
16
14
16
14
9
8
9
10
9
8
11
7
7
8
10
8
5
8
4
6
7
8
8
7
7
2
3
6
5
6
4
0
0
-6
-8
-8
-8
-7
-6
-3
-2
-3
-4
-4
-3
-2
-4
-4
-6
-6
-7
-11
-12
-14
-17
-17
-15
-12
-11
-13
-10
-11
-10
-11
-14
-13
-9
-7
-6
-4
-8
-4
-4
-5
-3
0
1
1
1
-3
0
-1
1
-1
-1
-1
-1
0
1
2
2
3
5
6
8
9
10
11
14
17
16
14
14
13
11
14
14
14
18
19
14
11
7
8
10
10
8
9
8
8
7
4
1
4
3
8
8
7
8
6
6
6
2
1
-1
0
1
0
-3
-4
-5
-5
-4
-3
0
-2
-4
-5
-6
-10
-10
-13
-15
-10
-7
-8
-10
-8
-9
-9
-9
-10
-11
-10
-6
-8
-9
-12
-12
-12
-13
-9
-7
-5
-3
-5
-8
-12
-12
-13
-9
-5
-6
-2
0
0
-5
-4
-1
-2
1
-1
0
3
5
4
7
5
7
4
10
11
10
11
7
6
6
5
2
6
6
2
0
-3
-9
-10
-10
-6
-4
-3
0
1
3
-1
3
4
1
0
-1
3
-1
0
1
2
0
1
4
8
11
14
11
8
7
8
8
8
9
8
9
6
3
5
4
4
7
6
6
3
2
1
-2
-1
-4
-5
-3
-4
-4
-6
-4
-4
0
3
4
6
8
3
1
1
-3
-1
-3
-2
-4
-1
-3
-5
-4
-4
-3
-7
-4
-7
-8
-8
-8
-2
-1
0
1
0
0
1
0
1
0
-4
-2
2
5
10
11
7
4
-2
-2
-5
-6
-2
-3
0
3
2
-3
-2
-2
2
1
4
2
1
-1
-4
-2
-2
-7
-11
-7
-5
-1
1
2
1
1
3
3
4
3
2
4
3
5
2
3
-1
-1
-4
-5
-1
-1
0
1
0
2
6
6
7
2
3
-1
-4
-4
-3
1
2
5
2
-3
-2
-6
-5
-2
0
1
9
11
13
10
6
3
-3
1
1
-1
-3
-6
-7
-11
-12
-13
-13
-9
-7
-10
-10
-14
-15
-11
-10
-12
-8
-9
-11
-13
-18
-16
-16
-9
-7
-4
1
-4
-8
-9
-10
-10
-13
-11
-8
-2
3
7
8
9
8
9
11
15
18
16
16
15
12
12
9
13
20
22
23
21
21
16
15
12
13
16
20
20
20
18
15
15
16
15
14
16
11
6
8
9
10
6
3
2
-3
-6
-6
-3
-1
2
0
-4
-5
-7
-8
-10
-10
-12
-12
-13
-14
-15
-15
-15
-17
-13
-12
-10
-12
-12
-16
-21
-20
-17
-16
-15
-14
-16
-10
-10
-10
-10
-9
-11
-13
-11
-10
-8
-10
-9
-8
-5
-4
-3
-4
-7
-6
1
5
6
0
-1
1
-2
2
5
13
15
13
12
5
2
2
3
5
8
10
8
9
8
7
3
4
7
8
6
6
4
2
-4
-7
-1
2
7
5
3
1
1
-3
-8
-5
-3
-3
0
5
3
7
7
8
12
12
12
14
13
12
13
11
12
13
13
15
13
12
9
6
2
-3
-4
-3
3
5
6
7
3
-4
-5
-4
-3
-1
-2
-2
-4
-6
-8
-13
-14
-12
-8
-9
-5
-7
-8
-8
-11
-12
-11
-9
-7
-8
-6
-5
-7
-6
-5
-3
-4
-3
-6
-6
-5
-7
-6
-2
-3
-3
3
3
2
2
4
1
5
6
3
5
2
4
6
6
5
5
4
-1
-3
-4
-5
-5
-9
-7
-6
2
1
-1
-1
-1
0
2
0
2
2
4
2
6
6
6
9
7
10
9
9
7
5
-2
-2
-4
-6
0
4
6
1
-6
-7
-9
-10
-7
-4
-3
1
-2
0
3
-8
-8
-7
-8
-2
-3
3
-1
-3
1
0
-1
2
4
4
5
5
6
7
8
2
0
-4
0
8
6
3
3
4
4
4
7
7
6
5
7
6
3
3
1
2
5
7
10
7
3
-2
-9
-10
-6
-4
-1
-6
-7
-10
-14
-16
-13
-11
-6
-3
-2
-3
-5
-6
-6
-10
-9
-7
-3
0
2
-1
-8
-5
-9
-10
-2
7
10
9
12
9
6
3
1
3
2
7
8
5
2
2
5
4
11
12
7
4
-3
-1
-7
1
1
2
5
5
4
3
0
-1
5
9
12
7
5
1
-2
-3
-1
-2
-3
-4
-3
-2
-5
-9
-9
-11
-10
-6
-8
-3
-9
-13
-13
-16
-12
-11
-10
-10
-13
-17
-17
-17
-16
-15
-8
-2
0
1
3
3
2
2
-3
-1
1
7
9
11
13
10
12
12
15
18
25
22
18
15
11
12
18
15
24
26
22
19
17
18
14
15
12
7
8
4
-3
0
1
-6
-8
-12
-15
-20
-13
-16
-24
-26
-33
-36
-28
-19
-12
-8
-1
-1
-12
-4
0
-2
-5
6
6
10
6
2
-1
-4
-3
2
8
16
12
-1
-10
-10
2
-22
-13
-9
6
2
-3
4
-3
-10
2
14
23
21
28
32
13
6
22
27
14
3
10
27
22
16
21
31
33
15
3
12
16
13
3
-8
-7
-11
-14
-26
-30
-21
-20
-24
-40
-33
-31
-45
-53
-47
-41
-56
-70
-66
-71
-56
-44
-35
-31
-17
-7
2
-7
-2
11
10
-12
-10
14
19
17
11
23
31
38
44
41
45
56
57
52
39
35
36
40
37
27
15
3
-14
-14
-13
-13
-11
-21
-20
-16
-7
-8
-7
-3
8
17
14
6
10
11
3
8
18
36
56
58
48
46
36
26
22
23
23
29
32
25
21
31
23
21
31
35
29
18
12
0
-3
-12
-30
-38
-43
-41
-49
-44
-42
-48
-51
-71
-74
-67
-57
-53
-58
-61
-60
-47
-49
-42
-36
-21
-4
-4
-5
-9
-11
-11
-10
-6
5
14
15
-3
-4
7
2
7
-1
-9
-10
-15
-15
-26
-11
-22
-38
-37
-32
-33
-52
-59
-69
-77
-99
-111
-102
-88
-68
-57
-44
-24
-5
26
65
86
106
129
150
155
155
160
171
181
184
185
190
193
184
162
149
140
129
119
80
53
35
17
-6
-30
-56
-65
-68
-77
-84
-94
-85
-76
-61
-42
-19
-3
10
30
37
43
46
38
35
28
30
22
2
-10
-36
-60
-77
-78
-86
-87
-110
-131
-124
-121
-122
-135
-135
-130
-105
-71
-74
-243
-386
-493
-392
-437
-616
-738
-672
-453
-446
-463
-454
-317
-122
14
95
116
291
562
684
642
527
756
1048
1128
921
797
975
1122
1055
797
662
705
710
582
297
162
136
87
-111
-373
-472
-451
-487
-544
-631
-650
-656
-541
-401
-420
-455
-371
-159
-56
-99
-126
-1
108
115
66
90
179
288
304
253
231
291
336
235
125
101
81
-65
-253
-318
-296
-396
-544
-653
-667
-631
-686
-676
-637
-549
-464
-395
-300
-182
-65
-10
-46
-47
108
244
226
147
128
231
247
167
123
148
201
149
50
-17
10
-10
-182
-419
-475
-481
-553
-733
-875
-765
-655
-688
-707
-578
-280
-31
132
274
542
903
1165
1268
1313
1577
1826
1881
1688
1646
1718
1679
1430
1149
1045
971
730
422
165
9
-147
-401
-701
-860
-954
-1030
-1204
-1375
-1383
-1332
-1314
-1328
-1273
-1136
-1017
-943
-821
-519
-241
-55
32
201
502
753
807
756
930
1054
1044
913
774
780
742
564
321
255
259
131
-112
-333
-480
-561
-800
-1069
-1216
-1294
-1382
-1452
-1486
-1421
-1224
-1069
-850
-675
-365
-30
239
545
735
897
763
319
-61
-361
-339
-859
-1465
-1879
-1761
-1483
-1554
-1489
-1286
-749
-109
436
790
990
1438
1899
2156
1948
1664
2072
2434
2289
1688
1567
1904
2191
2230
2092
2068
2238
2344
2131
1713
1431
1156
740
82
-421
-830
-1134
-1452
-1727
-2006
-2215
-2258
-2017
-1683
-1646
-1696
-1510
-1106
-883
-881
-782
-564
-383
-436
-609
-543
-355
-67
89
250
459
705
1016
977
931
1050
1063
890
594
471
371
49
-375
-612
-659
-830
-1144
-1139
-943
-741
-669
-656
-525
-319
-188
-237
-329
-269
-115
-120
-361
-508
-360
-91
-137
-322
-262
-103
171
243
296
-58
-463
-764
-793
-723
-1194
-1394
-1482
-1260
-1238
-1328
-1206
-952
-536
-76
430
613
730
1336
2045
2306
1968
2062
2696
3124
2853
2298
2262
2503
2507
2081
1584
1486
1575
1420
854
342
217
142
-216
-859
-1203
-1244
-1261
-1392
-1555
-1596
-1599
-1620
-1356
-1323
-1339
-1183
-966
-977
-1062
-962
-772
-420
-598
-428
-153
93
262
576
884
809
923
1181
1219
932
796
988
662
228
122
168
25
-453
-641
-750
-865
-1215
-1302
-1214
-1324
-1357
-1278
-1060
-1062
-934
-637
-429
-223
2
317
346
307
430
696
712
688
630
645
592
576
500
-166
-1008
-1318
-1084
-1233
-1960
-2312
-1813
-1210
-1302
-1564
-1420
-984
-526
-130
86
33
165
852
1395
1293
1049
1643
2666
3014
2616
2306
2603
3068
3155
2617
2063
1923
2128
1933
1116
366
194
56
-531
-1215
-1489
-1340
-1315
-1477
-1751
-1963
-1932
-1571
-1260
-1407
-1589
-1327
-815
-630
-905
-799
-447
-211
-184
-135
204
516
862
957
924
1074
1392
1616
1528
1380
1464
1466
1188
768
669
691
337
-212
-607
-764
-1013
-1489
-1866
-2007
-2014
-1998
-1893
-1772
-1676
-1349
-1119
-1050
-949
-564
-222
-196
-243
-225
-55
-28
-85
-69
-138
-49
14
126
142
338
850
1033
609
323
482
862
561
-175
-528
-436
-508
-981
-1211
-1121
-796
-646
-579
-338
13
467
889
1146
1369
1662
2129
2322
2313
2286
2297
2299
2194
1971
1734
1533
1384
1165
1010
751
573
465
367
56
-308
-513
-882
-1313
-1713
-2047
-2325
-2547
-2593
-2616
-2630
-2536
-2284
-1925
-1519
-1067
-614
-46
363
477
644
977
1182
1102
911
1036
1219
1226
1152
1251
1383
1484
1432
1383
1431
1398
1089
512
-77
-382
-691
-1098
-1471
-1773
-1897
-2075
-2028
-1840
-1452
-1198
-1019
-761
-354
100
387
571
556
599
552
384
418
181
-522
-1261
-1725
-1338
-1657
-2162
-2327
-1656
-700
-644
-752
-674
-12
522
609
281
-20
416
926
1105
687
495
1377
2234
2440
1982
2113
3021
3673
3524
2836
2541
2745
2728
2124
1179
639
481
226
-472
-1199
-1488
-1424
-1475
-1731
-2038
-2000
-1851
-1606
-1619
-1909
-2094
-1859
-1505
-1621
-2006
-2082
-1599
-1183
-1071
-994
-592
72
560
669
940
1513
2141
2295
2024
1865
2036
1982
1469
1002
760
513
49
-379
-434
-433
-512
-817
-1061
-918
-660
-595
-668
-683
-589
-714
-913
-1092
-971
-809
-957
-1247
-1314
-950
-530
-362
-369
-315
-14
230
339
488
800
998
663
93
-222
100
126
-333
-945
-1106
-914
-937
-1192
-1271
-943
-599
-493
-420
-113
636
1157
1261
1192
1436
2197
2641
2594
2392
2492
2711
2496
2014
1838
1863
1707
1208
816
698
600
389
26
-271
-406
-615
-854
-1231
-1308
-1535
-1851
-2329
-2522
-2393
-2398
-2503
-2475
-2202
-1949
-1712
-1247
-742
-312
107
550
998
1284
1702
2057
2209
2004
1843
1864
1975
1863
1517
1182
814
569
319
36
-223
-531
-757
-989
-1322
-1582
-1573
-1573
-1696
-1969
-1958
-1753
-1433
-1196
-1093
-942
-677
-304
-96
34
372
650
805
733
757
476
-147
-842
-1140
-867
-1284
-2010
-2307
-1550
-802
-850
-1014
-769
-81
495
712
673
692
1056
1426
1417
895
840
1714
2312
2205
1794
2194
3037
3470
3511
3337
3314
3256
3067
2563
1839
1108
503
-96
-1028
-1796
-2196
-2389
-2583
-2724
-2904
-2908
-2569
-1976
-1668
-1695
-1710
-1328
-975
-1026
-1319
-1390
-1093
-971
-1030
-1009
-606
-205
32
195
654
1343
1826
2023
2030
2072
2189
2018
1566
1173
937
544
-216
-786
-798
-714
-971
-1412
-1460
-1100
-726
-599
-428
-112
238
263
-22
-157
-27
53
-368
-954
-1166
-1081
-958
-992
-1048
-878
-541
-323
-200
45
356
598
594
150
-214
-431
-380
-640
-1228
-1693
-1706
-1388
-1296
-1171
-822
-306
92
450
1023
1603
2140
2523
2730
2838
2962
3258
3348
3171
2824
2632
2571
2403
2123
1851
1603
1192
683
283
-17
-287
-635
-1161
-1653
-2039
-2264
-2345
-2493
-2705
-2928
-3107
-3129
-2890
-2484
-2256
-2157
-2042
-1679
-1184
-841
-436
70
461
517
536
826
1225
1359
1391
1455
1571
1752
1844
2028
2163
2074
1837
1517
1229
959
656
218
-439
-962
-1310
-1659
-1908
-1995
-1833
-1768
-1774
-1567
-1028
-462
-159
19
280
665
698
577
508
589
693
432
32
-56
71
-54
-773
-1454
-1597
-1207
-1326
-1940
-2094
-1552
-891
-990
-1224
-1219
-795
-460
-323
-210
-167
117
757
1264
1356
1378
2105
3156
3712
3527
3336
3847
4400
4319
3550
2889
2782
2682
2114
1027
197
-77
-407
-1203
-1989
-2265
-1987
-1957
-2476
-2935
-2927
-2699
-2421
-2488
-2687
-2727
-2604
-2378
-2366
-2323
-2069
-1729
-1361
-995
-589
-9
603
1108
1419
1710
2116
2534
2467
2229
2122
2029
1713
1168
809
607
306
-96
-411
-485
-511
-575
-758
-826
-742
-717
-761
-691
-707
-791
-830
-896
-948
-969
-918
-854
-910
-891
-716
-379
-122
72
366
741
1028
1167
1118
1157
1377
1509
1293
567
123
-229
-265
-832
-1444
-1754
-1637
-1485
-1687
-1754
-1524
-1066
-744
-411
97
376
703
1247
1825
2052
1892
2227
2819
3073
2700
2371
2569
2837
2532
1833
1458
1445
1379
926
253
21
-31
-239
-785
-1291
-1438
-1472
-1891
-2313
-2582
-2618
-2798
-2990
-3019
-3122
-3148
-2986
-2603
-2198
-1825
-1477
-807
-218
199
648
1143
1761
2150
2414
2592
2835
3049
2946
2689
2465
2425
2165
1643
1177
868
622
57
-623
-1092
-1307
-1468
-1897
-2224
-2276
-2009
-1771
-1749
-1584
-1219
-829
-744
-768
-622
-392
-224
-331
-475
-477
-237
-88
-139
-96
126
463
591
700
951
1202
1127
783
504
496
278
-262
-878
-1072
-881
-977
-1298
-1505
-1379
-953
-537
-319
7
598
1277
1705
1866
2110
2699
3143
3140
2822
2533
2438
2331
2009
1455
925
557
286
33
-236
-619
-830
-817
-911
-1236
-1455
-1469
-1449
-1589
-1948
-2200
-2216
-2210
-2224
-2416
-2403
-2114
-1783
-1528
-1298
-735
-220
392
672
1019
1420
1782
2083
2113
2038
1966
1957
1881
1612
1283
1179
1189
1005
721
500
501
386
74
-164
-382
-513
-802
-1214
-1503
-1687
-1840
-1998
-2194
-2297
-2205
-2071
-1862
-1579
-1248
-911
-682
-391
-64
287
506
640
772
965
1030
1058
941
989
1141
1176
1185
1003
843
741
678
602
358
167
100
99
-52
-371
-545
-633
-699
-796
-693
-593
-588
-351
-129
208
329
403
772
1062
1112
914
794
828
899
803
467
318
310
383
278
96
8
26
-60
-329
-484
-453
-442
-771
-1071
-1230
-1315
-1444
-1581
-1575
-1544
-1326
-1086
-770
-379
118
591
754
1039
1456
1907
2046
1859
1712
1720
1754
1596
1337
1208
1229
1184
1078
967
954
1014
836
541
246
47
-159
-445
-778
-1137
-1483
-1813
-2101
-2217
-2189
-2165
-2198
-2237
-2105
-1818
-1458
-1103
-804
-589
-348
-91
147
206
210
213
255
419
570
543
383
190
42
21
38
-28
-123
-275
-252
-131
-84
-73
-150
-216
-131
-15
100
125
169
431
514
441
308
532
1002
1121
899
771
1041
1432
1432
1152
898
954
1003
845
574
382
353
304
13
-290
-366
-278
-212
-456
-719
-875
-840
-764
-865
-939
-962
-799
-685
-629
-597
-609
-419
-434
-318
-314
-69
145
269
557
766
1061
1222
1463
1619
1721
1732
1692
1755
1565
1231
860
569
324
-144
-505
-898
-1183
-1547
-1843
-2001
-2061
-2131
-2176
-2132
-2064
-1826
-1631
-1481
-1239
-957
-760
-547
-250
105
391
444
433
610
831
1067
1071
1220
1453
1500
1617
1639
1823
1754
1477
1023
724
528
225
-148
-667
-961
-1148
-1345
-1635
-1873
-1908
-1812
-1775
-1892
-1879
-1566
-1145
-824
-724
-498
-32
565
972
1240
1554
1810
1942
1984
2078
2204
2158
1954
1622
1454
1346
1142
821
419
54
-218
-472
-633
-670
-722
-814
-962
-922
-732
-550
-458
-503
-244
-152
-185
-196
-77
130
97
71
145
397
722
937
1117
1288
1504
1641
1701
1621
1450
1390
1084
504
-176
-724
-1022
-1360
-1846
-2360
-2759
-2951
-3037
-3024
-2852
-2563
-2202
-1867
-1561
-1208
-845
-523
-370
-339
-250
-107
8
156
362
509
718
1157
1666
2132
2037
1783
1647
1770
1778
1220
706
307
261
-36
-642
-1176
-1294
-1224
-1291
-1496
-1531
-1248
-779
-408
-104
-67
247
800
1216
1267
1093
1171
1329
1389
1187
955
1041
1311
1553
1571
1531
1710
1937
1930
1570
1164
1021
855
495
-67
-668
-1074
-1379
-1738
-2203
-2492
-2450
-2133
-1943
-1857
-1705
-1345
-815
-598
-497
-393
-86
270
293
329
433
808
899
656
633
883
1163
1197
1127
1248
1250
1085
837
599
433
105
-456
-999
-1359
-1641
-1930
-2218
-2404
-2416
-2348
-2207
-2021
-1642
-1263
-965
-710
-397
76
519
834
988
1228
1415
1631
1860
1984
2131
2223
2355
2440
2351
2281
2245
1855
1199
461
160
-120
-802
-1574
-1975
-1871
-1978
-2429
-2889
-2883
-2594
-2324
-2198
-2189
-1818
-1184
-638
-452
-451
85
945
1534
1518
1553
2030
2533
2779
2693
2688
2814
2817
2684
2316
2029
1780
1472
989
415
-170
-655
-1074
-1435
-1837
-2154
-2377
-2532
-2481
-2539
-2590
-2452
-2062
-1627
-1520
-1428
-1045
-511
-147
-75
207
594
1010
1204
1419
1834
2165
2297
2184
2090
2020
1951
1774
1410
990
539
10
-599
-962
-1174
-1551
-1995
-2338
-2379
-2191
-2135
-2043
-1802
-1411
-1214
-1131
-1009
-652
-293
-142
-97
32
407
735
904
1138
1412
1775
2035
2153
2349
2554
2685
2625
2419
1965
1426
545
-46
-637
-1431
-2239
-2795
-2826
-2926
-3119
-3276
-3090
-2742
-2303
-1936
-1579
-1178
-634
-176
118
342
697
1192
1541
1641
1660
1916
2317
2536
2743
2895
3059
3168
3198
3076
2785
2449
1964
1439
832
260
-268
-906
-1428
-1953
-2288
-2437
-2487
-2511
-2582
-2517
-2381
-2056
-1703
-1429
-1227
-1032
-925
-720
-492
-219
78
404
566
710
1014
1582
1863
1833
1763
1871
1943
1743
1464
1185
974
551
-85
-575
-978
-1313
-1726
-2198
-2541
-2683
-2473
-2241
-2061
-1833
-1491
-1190
-917
-530
43
460
572
650
876
1274
1513
1596
1634
1704
1888
1943
1861
1645
1637
1619
1474
1258
1138
1067
622
-39
-814
-1124
-1468
-2009
-2717
-3138
-3036
-3134
-3258
-3285
-3061
-2569
-2089
-1695
-1399
-984
-276
469
899
1110
1619
2221
2731
2834
2819
3034
3247
3303
3084
2817
2538
2326
2080
1636
1008
531
225
-105
-506
-1009
-1354
-1548
-1743
-2055
-2394
-2401
-2172
-2031
-2059
-2124
-1890
-1390
-896
-767
-677
-341
178
492
605
781
1165
1522
1605
1633
1973
2401
2593
2379
2204
2136
1957
1703
1367
1146
824
277
-296
-726
-901
-1137
-1559
-1982
-2208
-2205
-2196
-2238
-2120
-1831
-1612
-1482
-1300
-850
-367
-99
-28
154
390
649
815
956
994
989
918
832
735
681
728
674
552
459
560
325
-133
-847
-1080
-1230
-1695
-2306
-2816
-2818
-2802
-2907
-3136
-3095
-2744
-2190
-1707
-1399
-1054
-331
442
1012
1214
1659
2496
3203
3402
3369
3514
3821
3975
3750
3363
3073
2898
2722
2313
1706
1158
728
413
-73
-545
-984
-1294
-1609
-1971
-2335
-2590
-2618
-2709
-2751
-2910
-2801
-2432
-1937
-1686
-1495
-1126
-462
157
423
783
1206
1629
1833
1971
2330
2609
2619
2530
2421
2324
2132
1697
1256
888
480
-111
-710
-1042
-1281
-1560
-2015
-2360
-2516
-2420
-2318
-2404
-2264
-1897
-1482
-1240
-1069
-731
-326
-31
66
195
460
756
891
881
852
1021
1280
1383
1331
1265
1322
1333
1304
1203
1211
1059
494
-362
-983
-1194
-1629
-2274
-3010
-3242
-3114
-3025
-3018
-2983
-2464
-1797
-1199
-722
-338
454
1263
1913
2203
2358
2747
3270
3567
3382
3137
3045
3233
3138
2723
2311
1985
1840
1588
1116
601
295
97
-213
-775
-1220
-1530
-1824
-2148
-2619
-2960
-3156
-3116
-3145
-3190
-3217
-2922
-2447
-1843
-1423
-962
-250
420
1070
1415
1803
2223
2465
2519
2495
2652
2731
2583
2214
1920
1760
1442
1060
654
293
-117
-600
-1046
-1314
-1410
-1731
-2151
-2477
-2526
-2410
-2411
-2444
-2315
-1901
-1577
-1316
-1023
-483
47
301
499
834
1245
1635
1684
1597
1624
1678
1764
1740
1705
1616
1543
1383
1115
965
788
344
-321
-1084
-1619
-2007
-2634
-3283
-3912
-4031
-3975
-3889
-3681
-3236
-2589
-1752
-975
-395
250
1087
2054
2742
2960
3203
3654
4122
4170
3699
3294
3195
3153
2871
2351
2000
1901
1822
1509
1046
811
736
468
-131
-815
-1278
-1563
-2026
-2652
-3263
-3564
-3740
-3778
-3782
-3543
-3097
-2552
-1905
-1321
-596
158
922
1561
2035
2402
2541
2624
2703
2600
2367
2198
2075
1856
1494
1169
958
780
391
-24
-253
-434
-724
-1100
-1399
-1589
-1870
-2341
-2729
-2905
-2859
-2776
-2786
-2709
-2218
-1614
-1179
-832
-291
448
1070
1395
1695
2101
2398
2413
2260
2138
2036
1860
1599
1356
1150
1092
893
651
505
389
88
-526
-1217
-1786
-1964
-2346
-2952
-3579
-3638
-3455
-3263
-3179
-3021
-2514
-1873
-1099
-511
84
839
1667
2347
2603
2832
3277
3831
4014
3654
3227
3050
3091
2912
2512
2021
1711
1573
1253
791
361
102
-149
-748
-1350
-1845
-2076
-2433
-2818
-3212
-3331
-3487
-3209
-2834
-2334
-1858
-1655
-916
-237
491
903
1339
1736
1967
2117
2202
2354
2363
2199
2130
1898
1867
1726
1691
1534
1207
960
691
331
-182
-651
-1128
-1662
-2194
-2651
-2930
-3177
-3352
-3461
-3325
-3057
-2713
-2176
-1500
-865
-346
245
901
1516
1880
2102
2152
2233
2315
2280
2114
1901
1729
1556
1294
1009
813
696
458
120
-108
-201
-157
-633
-1236
-1936
-2337
-2609
-3058
-3645
-3993
-3763
-3412
-3134
-2989
-2484
-1778
-951
-288
366
1072
1896
2629
3003
3107
3405
3931
4341
4082
3556
3307
3375
3208
2696
2136
1793
1513
1053
428
-7
-267
-446
-1006
-1632
-2112
-2337
-2460
-2724
-3005
-3078
-3072
-2938
-2560
-2124
-1635
-1429
-818
-116
638
1033
1453
1950
2233
2346
2309
2553
2751
2745
2560
2271
2003
1752
1593
1330
789
235
-202
-626
-1206
-1822
-2290
-2661
-3118
-3583
-3788
-3734
-3675
-3711
-3582
-3262
-2731
-2041
-1410
-804
-162
442
1055
1660
2113
2473
2640
2613
2747
2877
2831
2552
2292
2191
1926
1500
1151
1037
892
500
13
-343
-424
-623
-1291
-2074
-2747
-2821
-3208
-3658
-4094
-3926
-3395
-3080
-2742
-2371
-1535
-673
120
759
1384
2100
2718
3223
3451
3508
3813
3965
3908
3462
3049
2808
2644
2344
1825
1413
1117
813
454
47
-331
-772
-1077
-1478
-1919
-2251
-2473
-2706
-2900
-3187
-3151
-3056
-2726
-2306
-1891
-1392
-895
-56
632
1271
1743
2263
2654
2724
2715
2760
2907
2762
2310
2065
1711
1366
935
525
146
-266
-684
-1068
-1478
-1900
-2190
-2451
-2825
-3044
-3138
-3073
-3013
-3006
-2795
-2477
-2107
-1601
-1027
-422
53
542
1145
1730
2157
2410
2690
2878
2924
2861
2708
2547
2263
1805
1469
979
569
263
-94
-478
-832
-1112
-1321
-1474
-1567
-1623
-1909
-2242
-2662
-2617
-2648
-2724
-2794
-2579
-2104
-1718
-1333
-984
-265
411
1143
1702
1956
2354
2773
3169
3341
3061
3052
3080
2977
2597
2129
1873
1632
1258
769
348
50
-95
-351
-810
-1129
-1344
-1435
-1750
-2046
-2244
-2293
-2195
-2155
-2018
-1849
-1555
-1227
-708
-277
12
494
1053
1665
1796
1900
2083
2242
2105
1787
1641
1503
1305
934
533
208
70
27
-296
-675
-858
-842
-936
-1331
-1592
-1790
-1862
-2055
-2225
-2162
-2041
-1905
-1854
-1675
-1249
-788
-347
29
469
1031
1472
1812
1987
2192
2432
2341
2043
1808
1778
1726
1357
828
421
229
-22
-296
-585
-870
-944
-1030
-1097
-1175
-1139
-1250
-1651
-2064
-2279
-2223
-2439
-2537
-2676
-2333
-1977
-1716
-1435
-938
-209
336
896
1296
1852
2395
2823
2942
2822
2794
2894
2739
2464
2125
1886
1650
1314
946
589
375
150
-38
-204
-353
-479
-617
-766
-1137
-1399
-1569
-1570
-1603
-1628
-1616
-1444
-1196
-915
-634
-349
60
469
906
1196
1433
1724
1794
1672
1484
1235
1140
875
464
-60
-267
-462
-573
-779
-870
-856
-974
-943
-919
-899
-793
-824
-929
-1142
-1301
-1201
-1164
-1133
-1134
-1010
-799
-547
-201
182
690
1067
1327
1605
1782
2010
2113
2102
1875
1642
1517
1260
818
370
104
-213
-661
-985
-1166
-1208
-1294
-1421
-1359
-1260
-984
-845
-745
-869
-1098
-1350
-1457
-1504
-1676
-1766
-1758
-1516
-1302
-946
-680
-325
152
624
1003
1224
1486
1737
1839
1727
1520
1636
1729
1650
1336
978
929
898
804
655
529
521
540
550
489
428
417
296
38
-197
-343
-469
-670
-872
-965
-1061
-1110
-944
-644
-397
-213
64
537
962
1196
1302
1391
1333
1166
947
693
477
104
-162
-346
-432
-537
-544
-476
-415
-365
-315
-133
-67
-57
-43
-162
-301
-482
-648
-742
-960
-1128
-1262
-1265
-1221
-964
-723
-438
-76
253
695
1009
1224
1266
1209
1020
736
494
187
-61
-350
-582
-780
-1020
-1114
-1104
-1062
-952
-903
-759
-548
-272
-67
-6
-247
-520
-846
-1089
-1291
-1631
-1762
-1825
-1795
-1717
-1434
-1066
-685
-320
160
742
1181
1583
1907
2236
2327
2129
2060
2163
2147
1995
1719
1532
1504
1525
1560
1469
1418
1375
1327
1154
982
846
638
363
-79
-528
-832
-1129
-1345
-1465
-1497
-1541
-1539
-1323
-1096
-700
-508
-319
-64
300
473
485
406
400
431
248
99
-37
-11
-2
-24
-64
91
302
420
413
382
430
400
332
113
-285
-628
-981
-1293
-1528
-1738
-1886
-1927
-1820
-1503
-1118
-654
-187
311
683
1010
1252
1406
1458
1298
1072
694
383
227
-23
-354
-639
-732
-666
-605
-561
-357
-88
89
72
57
179
213
92
-131
-400
-804
-1099
-1502
-1561
-1750
-1976
-2005
-1838
-1369
-881
-425
-181
204
586
1060
1337
1350
1407
1552
1564
1526
1314
1362
1410
1340
1236
1102
1186
1308
1450
1410
1391
1317
1244
1122
804
595
292
-66
-457
-760
-925
-1105
-1274
-1310
-1210
-1085
-886
-649
-252
-133
-69
100
249
426
141
81
27
33
-89
-220
-277
-333
-340
-257
36
228
409
696
766
623
436
375
246
-267
-702
-946
-1050
-1346
-1627
-1641
-1523
-1367
-1295
-1014
-535
-28
358
483
626
861
1155
1174
927
695
662
535
187
-175
-218
-241
-472
-693
-655
-317
-69
-27
-35
52
288
384
294
149
-43
-222
-488
-650
-863
-1018
-1209
-1484
-1501
-1490
-1382
-1256
-949
-713
-361
-127
39
313
553
790
873
920
1073
1257
1372
1308
1248
1422
1614
1661
1491
1470
1553
1579
1487
1368
1326
1197
1038
761
471
227
-61
-331
-672
-863
-943
-963
-988
-1009
-864
-791
-784
-641
-373
-211
-282
-279
-132
99
136
80
11
59
-33
-71
23
113
295
355
384
378
387
393
462
307
36
-204
-335
-460
-686
-760
-894
-1076
-1223
-1228
-1078
-904
-790
-647
-493
-366
-171
26
164
228
211
209
174
170
243
225
115
1
8
175
232
237
331
376
377
320
226
197
149
5
-178
-396
-516
-585
-646
-777
-742
-777
-830
-1025
-1119
-828
-872
-885
-921
-684
-386
-242
-204
-138
45
260
482
567
594
816
1043
1179
1122
1184
1435
1615
1653
1503
1550
1636
1646
1560
1284
1117
942
817
642
398
213
8
-219
-466
-679
-781
-797
-852
-827
-764
-658
-565
-367
-188
-176
-337
-401
-341
-348
-423
-498
-439
-309
-243
-171
-113
-74
-29
68
28
-22
3
105
110
-97
-188
-172
-232
-399
-544
-551
-634
-719
-723
-679
-566
-426
-222
-37
219
412
608
737
777
819
812
762
635
522
453
267
116
11
13
26
-20
-81
-89
-83
-174
-265
-390
-507
-597
-714
-780
-799
-732
-705
-687
-671
-547
-527
-556
-719
-615
-481
-494
-558
-537
-260
-141
-108
-167
-54
69
183
326
344
439
619
701
706
603
807
1032
1125
987
869
963
1012
947
859
784
815
786
764
767
744
724
673
543
377
298
274
266
95
-87
-259
-342
-401
-478
-534
-680
-677
-657
-565
-538
-529
-488
-508
-582
-670
-592
-486
-435
-487
-524
-458
-413
-370
-220
-16
126
244
427
586
692
728
705
606
455
417
429
437
328
184
75
-55
-187
-242
-231
-289
-358
-452
-509
-574
-637
-621
-697
-771
-798
-773
-807
-872
-949
-911
-880
-900
-839
-695
-446
-319
-147
-3
184
406
508
645
721
849
997
970
778
640
550
532
297
-2
-226
-326
-397
-522
-658
-675
-603
-573
-502
-417
-282
-78
142
360
409
486
759
958
1141
1188
1337
1499
1594
1705
1761
1788
1794
1782
1674
1513
1354
1181
968
661
320
-33
-375
-716
-990
-1223
-1456
-1672
-1797
-1945
-2003
-2158
-2204
-2124
-2045
-1973
-1918
-1626
-1308
-1049
-784
-543
-169
219
692
1054
1322
1663
1901
2089
2035
2032
1983
1824
1545
1207
934
664
375
96
-258
-443
-582
-646
-751
-855
-907
-886
-867
-982
-1017
-1010
-1019
-1101
-1221
-1174
-1193
-1182
-1137
-1045
-861
-648
-339
5
353
672
970
1175
1330
1469
1433
1372
1280
1082
831
499
214
-93
-395
-740
-1093
-1371
-1476
-1601
-1751
-1820
-1820
-1639
-1462
-1328
-1129
-908
-599
-300
-34
185
369
701
1037
1240
1354
1519
1808
2121
2318
2446
2621
2783
2830
2703
2524
2366
2165
1943
1545
1102
607
172
-290
-834
-1304
-1711
-2046
-2317
-2553
-2745
-2793
-2746
-2584
-2547
-2336
-2049
-1634
-1253
-971
-695
-341
64
459
889
1193
1481
1753
2041
2202
2363
2463
2449
2275
1984
1676
1386
1042
704
258
-221
-561
-858
-1091
-1357
-1509
-1587
-1674
-1669
-1669
-1609
-1564
-1545
-1474
-1408
-1343
-1235
-1090
-987
-907
-739
-435
-154
77
336
651
976
1226
1492
1759
1920
2020
1885
1714
1473
1125
715
259
-148
-563
-903
-1202
-1435
-1516
-1627
-1737
-1716
-1667
-1404
-1270
-1152
-963
-644
-324
-257
-143
37
256
407
555
722
952
1263
1488
1590
1679
1857
2018
2104
2052
2019
1989
1970
1797
1495
1262
952
617
168
-259
-610
-918
-1251
-1596
-1817
-1947
-2034
-2108
-2163
-2093
-1899
-1724
-1515
-1215
-933
-593
-285
19
357
614
821
997
1178
1344
1618
1838
1965
2024
1965
1938
1819
1662
1448
1145
783
396
68
-264
-579
-892
-1230
-1478
-1650
-1709
-1706
-1664
-1530
-1441
-1345
-1210
-1076
-982
-906
-814
-741
-644
-523
-432
-254
-121
-5
168
318
560
728
796
904
979
1044
921
779
644
480
238
-125
-444
-700
-941
-1221
-1445
-1611
-1638
-1630
-1547
-1440
-1266
-1033
-783
-568
-268
74
396
648
826
1020
1174
1319
1447
1565
1653
1800
1921
2034
2066
2033
2008
1850
1690
1551
1438
1271
1014
709
398
79
-248
-525
-751
-952
-1174
-1344
-1459
-1458
-1481
-1482
-1468
-1439
-1271
-1085
-903
-695
-482
-255
-112
24
188
359
522
638
737
809
901
996
996
975
918
813
689
624
483
272
40
-224
-453
-689
-935
-1131
-1349
-1511
-1554
-1548
-1469
-1344
-1177
-1015
-776
-519
-322
-63
59
151
267
329
406
433
411
379
362
347
362
399
428
320
162
41
-45
-94
-125
-198
-232
-256
-300
-355
-467
-527
-586
-602
-583
-575
-512
-405
-233
-105
42
307
557
810
1027
1258
1504
1672
1739
1792
1789
1759
1712
1567
1388
1203
986
745
404
104
-106
-348
-536
-675
-724
-795
-883
-969
-1003
-993
-1012
-1026
-1064
-1033
-994
-969
-958
-969
-915
-859
-779
-666
-543
-326
-168
-57
33
143
260
321
387
473
567
659
659
610
550
499
433
395
377
341
324
246
211
168
80
32
-7
-39
-36
-44
-33
-57
-84
-119
-182
-202
-164
-129
-109
-53
16
69
70
60
31
-33
-119
-199
-188
-256
-375
-483
-562
-608
-643
-654
-647
-571
-372
-225
-91
58
178
324
457
442
389
398
390
363
249
200
147
86
2
-112
-112
-70
7
82
128
231
362
430
497
515
508
509
488
497
436
300
208
153
78
27
-30
-77
-53
-25
9
101
230
314
374
415
447
447
433
346
247
123
-40
-171
-375
-505
-573
-651
-708
-719
-726
-691
-666
-679
-685
-673
-589
-511
-442
-432
-340
-313
-348
-343
-235
-97
5
87
154
265
328
435
551
553
572
523
452
365
246
118
-31
-109
-230
-277
-314
-311
-277
-267
-222
-185
-143
-105
-47
-35
-19
17
-5
-49
-90
-117
-156
-154
-41
122
265
456
632
824
970
1112
1235
1319
1295
1203
1027
815
562
252
-23
-289
-571
-828
-975
-1108
-1196
-1202
-1172
-1122
-1017
-911
-812
-668
-544
-467
-421
-358
-292
-244
-180
-131
-44
18
130
273
400
541
703
805
941
1007
1058
1032
929
822
685
510
321
128
-105
-308
-608
-799
-914
-1010
-1094
-1146
-1031
-917
-799
-631
-494
-386
-263
-166
-88
-12
54
167
232
317
420
519
616
681
764
819
860
866
843
767
665
585
406
283
160
11
-141
-298
-390
-475
-566
-704
-742
-720
-623
-514
-376
-191
-27
101
180
270
428
592
705
752
813
884
916
861
801
771
699
635
613
553
484
404
288
127
-29
-190
-361
-509
-630
-786
-953
-1045
-1170
-1279
-1399
-1514
-1611
-1600
-1476
-1384
-1262
-1111
-913
-774
-602
-422
-232
21
249
450
542
663
807
891
920
949
986
991
939
888
835
777
726
663
560
473
397
325
190
76
-7
-114
-204
-338
-437
-549
-617
-716
-745
-772
-783
-789
-792
-737
-670
-524
-412
-275
-99
40
205
363
489
555
573
607
620
642
590
526
502
458
430
397
355
339
359
303
236
243
276
297
282
248
255
232
174
174
179
266
314
316
353
399
452
454
440
408
435
435
381
345
320
320
256
203
145
93
-54
-236
-347
-433
-548
-657
-776
-897
-952
-1037
-1153
-1231
-1302
-1336
-1416
-1455
-1419
-1358
-1298
-1268
-1178
-1041
-852
-685
-546
-330
-111
54
248
387
510
658
766
859
895
951
974
989
927
874
805
701
601
498
414
271
155
66
-13
-90
-180
-295
-349
-380
-431
-456
-522
-583
-590
-596
-526
-427
-285
-111
95
270
446
704
856
1006
1135
1195
1265
1292
1306
1260
1159
1038
880
763
632
515
428
300
171
71
-12
-90
-200
-266
-350
-461
-600
-737
-750
-826
-897
-942
-949
-866
-762
-645
-495
-327
-143
64
271
421
560
672
703
695
661
607
475
306
156
-5
-143
-291
-372
-442
-551
-696
-827
-953
-1079
-1143
-1222
-1296
-1303
-1259
-1295
-1269
-1217
-1164
-1062
-911
-790
-621
-427
-222
28
234
480
641
847
1039
1149
1252
1312
1371
1405
1361
1287
1164
1068
900
768
613
478
382
279
167
-42
-163
-301
-380
-416
-482
-520
-520
-547
-569
-604
-607
-527
-418
-259
-126
35
246
357
485
591
721
843
907
952
932
928
886
842
759
641
511
363
207
67
-74
-269
-398
-509
-589
-650
-734
-785
-771
-717
-687
-623
-539
-474
-377
-259
-126
-31
124
294
433
587
737
911
1038
1143
1114
1053
981
856
700
508
270
81
-109
-294
-455
-670
-856
-1057
-1165
-1283
-1376
-1439
-1472
-1479
-1510
-1455
-1448
-1389
-1266
-1179
-1007
-835
-684
-535
-372
-215
-37
134
266
390
531
647
752
828
854
898
888
867
803
770
690
594
527
412
286
193
107
-5
-96
-185
-228
-266
-276
-275
-231
-177
-87
31
190
341
484
553
609
697
752
779
828
787
758
774
753
702
669
620
579
551
494
386
273
181
6
-87
-205
-318
-381
-504
-599
-672
-720
-729
-779
-826
-831
-795
-746
-669
-573
-459
-314
-147
22
173
246
338
416
470
560
560
604
636
614
593
503
400
288
152
-1
-133
-263
-371
-491
-630
-741
-819
-852
-903
-863
-836
-832
-779
-711
-668
-639
-612
-564
-481
-441
-350
-267
-167
-94
-30
58
115
221
354
420
463
505
561
624
634
594
548
526
508
441
331
271
198
106
2
-97
-133
-175
-208
-203
-210
-158
-92
-37
0
62
92
127
163
192
239
228
288
339
389
467
493
469
462
419
393
351
277
184
136
73
39
-28
-89
-162
-218
-230
-278
-291
-304
-294
-292
-291
-309
-308
-269
-214
-200
-191
-111
-68
-18
8
51
119
176
214
306
356
396
442
478
515
500
470
443
400
318
208
78
-15
-77
-193
-331
-404
-498
-562
-592
-652
-688
-690
-672
-687
-708
-664
-603
-564
-546
-441
-343
-257
-162
-87
7
60
109
177
233
298
362
362
404
457
482
486
389
374
342
346
387
355
305
237
139
15
-68
-122
-157
-188
-235
-287
-337
-359
-342
-325
-290
-268
-208
-152
-122
-78
-29
-31
-14
10
1
-2
2
-7
-45
-37
-34
14
68
119
194
220
233
241
254
254
243
244
274
280
290
322
325
324
318
266
227
218
196
140
122
137
100
62
32
2
-23
-47
-79
-65
-15
59
97
123
153
189
189
188
168
129
89
9
-56
-93
-95
-151
-202
-210
-276
-357
-414
-457
-485
-490
-443
-439
-415
-390
-375
-366
-380
-364
-342
-331
-329
-305
-245
-198
-153
-119
-94
-12
23
68
151
211
276
322
321
373
354
357
364
362
360
247
148
60
-46
-106
-178
-256
-256
-249
-274
-303
-292
-263
-216
-156
-81
-26
57
140
173
204
230
236
231
192
169
150
145
139
87
135
212
263
345
389
417
424
445
441
404
394
348
273
182
131
78
12
-64
-90
-105
-118
-71
-60
-71
-32
-56
-62
-23
-36
-29
-5
21
3
-13
14
18
-6
-13
-55
-132
-152
-190
-166
-202
-224
-210
-219
-205
-245
-264
-293
-308
-359
-370
-356
-342
-320
-288
-259
-250
-204
-185
-125
-120
-114
-146
-143
-149
-173
-143
-172
-178
-195
-182
-133
-165
-125
-99
-61
-2
6
26
46
75
119
111
75
69
24
1
-13
-48
-25
-61
-72
-46
5
45
119
200
279
352
420
474
485
492
449
428
378
353
320
308
296
253
243
258
288
287
319
347
390
430
427
402
401
387
381
352
343
337
271
221
143
58
-28
-98
-192
-217
-248
-279
-300
-329
-368
-426
-456
-510
-539
-553
-547
-512
-474
-433
-381
-323
-239
-195
-144
-87
-76
-56
-41
0
14
33
74
94
104
109
140
109
90
67
71
91
106
95
97
72
20
-17
-55
-42
-75
-152
-238
-343
-386
-402
-454
-460
-422
-400
-357
-301
-261
-189
-117
-89
-85
-56
-21
8
0
4
-7
3
17
41
29
34
18
-14
-6
-21
-32
5
-5
18
65
104
177
213
235
213
206
208
237
256
296
344
367
399
437
467
436
425
411
395
394
393
372
376
358
310
287
214
187
112
14
-12
-66
-96
-138
-160
-209
-235
-223
-234
-246
-224
-206
-215
-165
-148
-84
-7
48
112
105
135
162
173
207
230
224
196
161
147
131
95
61
-19
-75
-113
-159
-196
-223
-250
-308
-382
-413
-426
-440
-470
-460
-502
-472
-470
-481
-470
-470
-420
-381
-312
-286
-267
-235
-177
-137
-108
-66
-39
-32
-30
54
112
146
160
169
164
138
117
100
109
116
108
100
122
89
103
96
51
37
46
66
66
90
103
108
134
199
235
297
329
331
359
349
340
325
302
299
270
249
212
154
153
151
122
125
81
81
68
17
-50
-89
-118
-158
-138
-107
-42
2
20
6
10
28
47
69
60
83
84
69
99
85
76
83
87
69
63
70
27
8
-24
-91
-107
-124
-146
-184
-207
-232
-284
-346
-388
-419
-425
-424
-431
-413
-371
-319
-265
-201
-176
-123
-100
-58
6
37
58
100
139
143
162
172
149
154
136
138
115
51
41
8
-21
-67
-81
-101
-122
-141
-169
-131
-140
-133
-131
-113
-91
-86
-46
-20
-9
-9
5
54
105
135
185
230
247
261
264
252
214
209
223
198
179
179
146
103
92
84
77
66
17
21
32
4
38
74
109
114
156
190
223
241
266
286
262
251
206
178
137
71
-27
-48
-57
-53
-20
-8
-23
4
-21
-33
-54
-97
-102
-168
-210
-231
-282
-317
-320
-316
-303
-294
-265
-233
-227
-200
-138
-62
-46
-26
-31
-17
22
53
76
98
99
70
51
6
2
-24
-30
-23
-10
-46
-93
-146
-172
-187
-195
-191
-204
-185
-177
-200
-222
-219
-197
-204
-228
-232
-208
-188
-171
-154
-107
-39
5
74
136
158
207
233
240
271
272
286
263
274
282
285
293
283
271
239
202
140
123
79
37
-7
-29
-46
-59
-39
-38
-5
18
58
64
109
158
172
149
110
100
95
95
114
100
104
99
52
27
-23
-40
-36
-83
-89
-71
-20
11
30
51
55
82
73
47
36
35
16
-20
-58
-70
-109
-76
-89
-114
-71
-51
-11
15
36
89
109
109
126
108
71
35
-8
-30
-65
-130
-199
-231
-252
-266
-255
-248
-238
-295
-312
-339
-353
-328
-327
-303
-303
-291
-241
-191
-154
-104
-61
-33
-2
9
-6
-4
11
11
34
54
84
96
125
122
98
67
38
18
7
36
48
91
98
118
114
87
75
83
95
84
76
91
85
72
103
91
69
102
100
149
208
233
314
361
402
435
442
448
461
443
409
372
337
281
203
174
97
99
52
10
-15
-61
-67
-98
-112
-147
-169
-205
-224
-264
-285
-299
-347
-357
-351
-303
-301
-306
-297
-255
-214
-214
-199
-152
-90
-76
-55
18
25
4
33
64
70
69
13
-52
-81
-127
-127
-149
-150
-146
-147
-153
-163
-190
-203
-203
-215
-180
-141
-113
-92
-58
-8
26
82
115
150
200
236
258
262
278
270
258
217
202
188
185
198
192
228
237
212
179
126
88
44
17
23
-12
-16
-49
-56
-78
-131
-125
-151
-135
-137
-160
-169
-175
-185
-193
-180
-148
-125
-118
-85
-55
24
44
69
84
99
99
66
67
48
16
14
-7
-28
-47
-18
-12
-43
-39
-47
-4
47
52
69
65
45
24
36
47
71
100
101
79
78
98
118
164
211
248
241
255
262
240
242
239
246
238
194
135
76
46
-6
-92
-152
-239
-309
-364
-397
-392
-391
-401
-431
-447
-480
-481
-451
-373
-292
-221
-172
-154
-115
-76
-50
-19
25
58
95
141
137
143
151
147
155
177
228
245
252
259
273
252
242
212
151
101
64
33
-9
-26
-62
-99
-131
-152
-205
-220
-225
-217
-193
-177
-104
-69
-2
54
101
161
205
223
229
249
232
276
262
261
248
213
189
141
116
65
56
36
20
42
25
1
-23
-31
-54
-43
-59
-50
-54
-73
-35
-89
-97
-100
-136
-144
-144
-118
-86
-78
-61
-54
-37
-31
-38
-22
-46
-37
-19
-13
33
47
52
62
42
40
-1
-67
-109
-165
-210
-260
-321
-379
-430
-443
-426
-401
-353
-294
-244
-174
-125
-93
-43
33
62
97
129
167
211
237
270
270
310
338
359
339
322
323
342
334
293
315
278
249
245
227
190
157
98
48
-6
-78
-90
-134
-142
-135
-156
-126
-117
-90
-77
-65
-47
-54
-66
-90
-75
-36
-4
9
7
3
-22
-36
-8
11
-21
-53
-53
-26
-30
-20
0
34
51
52
39
-9
-45
-47
-39
-61
-61
-37
-38
-28
-28
-4
2
-11
21
61
56
35
43
30
29
25
6
28
8
24
41
52
109
123
117
89
76
46
16
4
-1
0
-32
-77
-99
-149
-190
-208
-240
-242
-220
-212
-198
-193
-161
-143
-117
-74
-32
-17
30
34
22
29
17
8
-16
-36
-80
-82
-55
-43
-58
-59
-31
-2
16
38
47
87
99
89
93
48
45
23
18
11
3
34
16
15
23
52
36
65
100
109
138
100
129
163
186
188
145
122
91
71
87
92
89
105
121
142
141
144
155
117
106
84
10
7
-19
6
0
-25
-17
-33
-69
-84
-83
-82
-85
-66
-67
-82
-57
-60
-119
-154
-164
-198
-171
-178
-182
-196
-217
-201
-191
-187
-179
-161
-136
-100
-79
-67
-52
-62
-57
-58
-22
-20
-48
-41
-35
-23
-5
19
52
75
78
117
156
162
178
188
215
189
154
191
192
181
161
146
156
171
181
183
165
119
107
83
85
107
81
84
53
34
-4
-9
-68
-98
-139
-174
-180
-187
-184
-206
-192
-191
-169
-145
-120
-100
-116
-94
-99
-137
-136
-133
-108
-105
-89
-62
-66
-61
-23
-6
47
71
70
96
102
141
170
172
154
147
165
150
118
116
92
80
80
93
87
66
69
85
74
57
73
41
23
-39
-72
-90
-129
-115
-119
-148
-158
-165
-155
-119
-101
-79
-43
-39
-12
9
-7
7
5
49
52
37
32
22
31
27
8
-2
-6
5
19
9
18
12
-24
-44
-75
-137
-143
-141
-136
-143
-180
-155
-170
-166
-127
-126
-88
-81
-43
20
61
89
94
124
136
143
136
133
129
122
128
135
136
120
128
134
117
130
141
128
124
124
110
124
143
141
95
79
57
42
48
27
49
36
19
48
65
80
76
71
53
22
33
40
46
19
-23
-28
-45
-91
-114
-129
-131
-152
-166
-185
-224
-254
-251
-268
-274
-277
-295
-261
-265
-252
-231
-230
-207
-191
-170
-123
-112
-88
-80
-81
-56
-10
32
73
116
154
164
183
219
214
232
217
227
250
267
273
312
307
283
270
237
187
158
125
111
95
53
43
17
-12
-10
-22
5
10
-15
-39
-65
-74
-120
-98
-115
-116
-105
-97
-97
-91
-99
-104
-98
-113
-90
-88
-78
-85
-99
-107
-122
-114
-113
-76
-65
-27
-10
-9
-7
-13
-9
-49
-37
-38
-35
-14
14
-3
2
-14
-30
-18
-27
-32
-23
31
49
56
91
123
145
154
192
192
182
183
147
102
91
87
70
54
51
66
54
45
23
16
8
-18
-41
-60
-86
-117
-103
-100
-125
-140
-151
-157
-146
-158
-151
-126
-99
-75
-77
-58
-30
12
60
82
107
122
115
107
111
87
75
71
57
48
55
52
50
15
-14
-62
-80
-100
-135
-136
-131
-118
-120
-131
-146
-146
-166
-154
-155
-146
-128
-120
-99
-62
-25
-7
6
27
56
85
134
181
218
252
243
255
261
280
280
315
313
284
221
153
129
70
82
40
13
-9
-33
-27
-46
-62
-93
-103
-116
-119
-112
-118
-118
-123
-124
-118
-107
-110
-96
-96
-93
-78
-50
-37
-11
11
-1
32
40
36
37
43
0
-17
-23
-30
-43
-46
-17
-13
4
1
-11
-7
-13
-18
-32
-23
-8
-17
2
20
23
7
-16
-10
9
0
23
49
49
53
55
81
104
98
87
98
89
58
42
33
20
19
8
-4
-1
-15
-36
-42
-35
-21
-29
-61
-58
-84
-73
-78
-82
-75
-85
-75
-75
-60
-45
-19
8
7
9
5
32
46
24
32
28
-6
-6
7
-8
-18
-67
-81
-82
-95
-63
-44
-35
-42
-68
-70
-87
-86
-90
-105
-90
-66
-78
-68
-27
-14
2
6
33
31
68
111
140
147
176
177
185
188
189
226
217
198
201
194
164
170
179
155
143
126
74
28
-8
-42
-75
-94
-124
-170
-170
-192
-198
-196
-185
-173
-174
-157
-148
-103
-59
-41
-21
-4
17
-8
13
10
-14
18
6
27
58
67
66
62
37
28
0
-28
-14
-26
-23
-29
-26
-51
-109
-125
-132
-117
-96
-95
-82
-53
-34
-13
2
12
53
74
85
104
96
93
84
89
91
100
109
92
100
89
49
26
-9
-11
-24
-20
-13
-20
-67
-76
-86
-120
-99
-120
-120
-131
-146
-149
-165
-147
-130
-120
-91
-63
-37
20
50
57
97
107
143
160
173
198
199
195
203
169
177
171
149
156
150
122
77
35
-2
-45
-40
-37
-43
-5
-1
3
34
46
67
80
67
73
59
90
65
51
59
40
29
-15
-16
-27
-54
-108
-113
-131
-142
-117
-110
-114
-141
-146
-141
-136
-124
-150
-178
-168
-195
-191
-191
-208
-205
-188
-183
-149
-113
-109
-59
-49
-25
-8
-15
9
26
31
37
49
60
75
98
124
135
125
95
77
62
35
37
43
22
39
44
33
31
44
73
77
79
77
59
76
65
82
85
81
95
87
107
99
115
120
123
93
95
76
61
64
67
80
63
93
84
113
85
67
69
51
40
38
25
-12
-32
-55
-41
-38
-48
-35
-44
-41
-27
-37
-46
-50
-55
-64
-80
-78
-84
-78
-70
-97
-104
-113
-103
-89
-89
-81
-88
-101
-96
-128
-124
-138
-139
-107
-120
-80
-64
-53
-38
-49
-37
-20
-2
8
21
19
4
6
3
10
-5
26
45
53
57
73
89
78
83
61
44
12
14
4
6
27
40
58
69
68
61
76
67
53
82
82
64
77
37
22
17
21
12
-21
-12
-14
-29
-1
20
15
20
-7
-27
-48
-54
-50
-55
-46
-29
-44
-63
-73
-76
-99
-106
-100
-119
-122
-89
-49
-31
8
8
-17
12
46
58
27
26
41
20
6
39
66
48
43
57
48
45
82
98
85
110
99
108
88
68
86
75
26
2
13
6
-3
-7
13
-7
-3
-1
-24
-34
-45
-57
-87
-71
-81
-74
-52
-32
-10
2
11
-5
-10
-11
-25
-27
-16
17
34
27
-16
-27
-16
-42
-42
-42
-36
-34
-28
-45
-49
-3
19
-9
-13
22
30
57
74
68
58
52
37
11
-14
-3
-10
-49
-34
-40
-57
-85
-83
-63
-34
-18
0
-7
-18
-4
2
-18
13
44
43
68
85
63
32
5
-26
-47
-45
-28
-23
-18
-44
-20
-20
-40
-33
-39
-13
-1
25
21
23
44
49
58
49
33
3
-38
-48
-47
-38
-49
-39
-14
-4
7
14
39
23
56
78
88
99
79
110
122
105
89
52
14
-12
-21
-15
14
21
16
15
10
14
18
36
60
47
30
14
15
22
3
13
12
-6
-5
17
6
-5
-12
-38
-16
-34
-30
-3
-22
-36
-47
-53
-81
-103
-109
-126
-125
-140
-129
-134
-131
-114
-93
-77
-67
-32
-38
-25
-32
-35
-21
-4
11
36
29
11
7
2
9
13
29
10
-11
-13
1
3
31
55
69
51
27
40
24
15
24
23
37
57
64
61
80
64
44
39
34
36
51
46
53
92
103
123
128
147
156
157
147
152
149
146
142
112
105
52
1
-7
-19
-38
-59
-80
-101
-124
-112
-100
-119
-117
-115
-154
-174
-177
-165
-170
-160
-132
-124
-91
-85
-74
-50
-45
-40
-48
-45
-43
-22
-17
-39
-21
-48
-37
-34
-36
-13
2
13
2
1
-9
-14
-5
14
9
2
4
-1
-10
-12
25
37
16
8
13
-9
-11
-3
-9
-3
-14
3
9
15
10
16
14
21
52
56
67
85
94
112
95
72
84
76
86
114
123
92
79
61
16
-1
11
28
24
15
4
2
-5
6
9
22
26
34
49
60
61
49
48
31
34
36
16
0
-38
-59
-80
-95
-96
-103
-86
-68
-63
-52
-37
-55
-59
-63
-72
-75
-68
-42
-11
-5
-23
-21
-3
-22
-20
-14
1
-10
-32
-10
-6
-8
11
17
12
-3
-16
-32
-44
-53
-64
-79
-44
-16
1
43
55
47
45
31
9
17
2
0
9
17
10
-5
-12
-35
-9
-2
-9
-4
-4
-7
-10
-4
-8
-6
-11
12
17
25
38
26
42
13
0
4
-10
26
37
26
13
27
17
-5
16
37
62
74
70
62
80
82
82
96
84
87
35
29
43
38
39
23
37
21
12
-11
-12
-14
4
-10
5
15
-2
-11
-47
-15
-2
-1
19
32
19
17
-1
7
16
19
26
8
2
-26
-58
-66
-85
-104
-96
-108
-118
-128
-158
-155
-170
-185
-193
-216
-208
-221
-183
-150
-109
-83
-68
-56
-13
7
1
30
19
48
64
117
125
123
115
116
98
104
124
124
130
128
114
93
99
99
99
102
114
86
87
86
61
79
103
84
93
76
59
54
32
15
22
43
48
16
39
26
0
-14
-47
-36
-35
-35
-36
-29
-32
-33
-31
-41
-56
-88
-101
-105
-87
-88
-99
-91
-104
-94
-93
-135
-143
-169
-178
-182
-187
-141
-119
-104
-70
-42
-24
-4
13
31
25
55
60
68
92
93
92
51
51
54
67
59
66
80
69
65
44
24
31
32
27
11
-2
-2
-10
-10
-17
-21
-38
-47
-28
-8
-10
1
16
38
51
43
55
53
38
52
39
37
53
65
62
79
63
60
71
43
59
59
48
58
56
33
7
-12
-40
-31
-9
-26
-19
-5
1
15
23
37
27
38
8
5
4
-21
-18
-18
-7
0
-7
3
22
23
14
-7
-49
-62
-82
-95
-74
-87
-83
-77
-70
-69
-75
-94
-103
-102
-118
-105
-94
-63
-46
-28
-19
-16
-18
-36
-9
-9
7
14
33
70
68
84
87
85
78
57
38
34
33
13
21
31
44
24
24
15
-12
-32
-32
-42
-41
-34
-7
1
1
-11
-22
-7
-12
-8
-3
12
36
60
55
75
56
41
27
39
39
22
36
39
28
18
25
21
13
-5
-36
-33
-39
-32
-40
-35
-35
-30
-24
-32
-44
-63
-63
-89
-94
-99
-79
-72
-52
-36
-37
-8
-10
4
4
-11
4
11
16
40
68
87
107
106
79
61
67
61
57
52
62
76
105
118
87
89
59
45
53
49
60
42
58
46
33
43
41
37
49
35
15
-3
-17
-31
-44
-50
-50
-31
-42
-39
-32
-33
-31
-38
-65
-96
-99
-112
-102
-90
-108
-123
-111
-114
-123
-114
-121
-123
-114
-114
-105
-92
-72
-48
-34
-17
-13
6
25
33
47
58
44
50
60
49
61
72
82
90
81
94
88
66
67
73
69
59
63
63
68
64
53
33
18
25
16
-7
-7
-28
-38
-46
-66
-76
-63
-54
-58
-31
-12
-5
18
25
22
21
15
10
18
32
24
7
9
18
8
18
29
7
-1
-24
-25
-30
-38
-39
-47
-21
-23
-35
-29
-16
-14
-4
2
1
7
-6
-10
-9
-8
7
4
-3
-9
-22
-14
-28
-33
-16
-4
6
16
16
4
7
4
2
5
7
8
17
15
-3
2
13
-2
5
-6
-18
-19
-21
3
0
15
23
1
-2
11
14
36
31
43
41
21
21
28
42
49
47
56
58
37
29
31
36
38
35
26
7
8
-7
-14
-17
-29
-25
-36
-20
-31
-27
-37
-39
-22
-32
-36
-52
-48
-59
-59
-33
-25
-16
-24
-44
-35
-48
-52
-54
-31
-12
-4
27
34
48
59
38
22
23
26
43
41
39
32
24
7
9
1
-4
-1
-18
-11
-3
0
-10
-23
-25
-27
-13
1
6
16
16
0
-3
-10
-7
6
16
29
34
42
52
54
56
44
20
27
27
24
19
11
32
26
15
7
-18
-21
-32
-44
-68
-91
-96
-89
-70
-69
-70
-65
-63
-60
-55
-53
-48
-44
-37
-35
-39
-58
-57
-45
-40
-28
-14
-3
9
12
-3
2
5
4
15
26
28
31
54
61
58
75
69
80
84
74
80
75
73
86
111
107
100
92
87
83
69
64
62
64
63
59
58
64
64
58
59
50
40
26
18
15
5
-15
-38
-43
-60
-57
-76
-85
-73
-76
-71
-102
-98
-81
-98
-94
-107
-105
-83
-99
-92
-81
-70
-63
-74
-68
-72
-67
-79
-81
-68
-65
-66
-69
-75
-62
-68
-65
-55
-55
-55
-42
-13
-11
1
21
14
27
28
39
52
41
52
53
42
63
74
78
75
90
100
88
83
78
73
65
79
78
81
71
59
61
52
58
55
67
71
59
49
23
14
12
5
0
-3
-9
-27
-37
-55
-42
-17
-21
-1
0
7
9
-4
-7
13
26
32
51
34
25
32
32
36
24
28
7
14
8
18
22
20
25
5
-5
-19
-23
-42
-50
-61
-70
-70
-78
-76
-92
-87
-92
-98
-104
-117
-106
-114
-102
-81
-70
-57
-50
-45
-39
-44
-41
-42
-54
-34
-26
-13
27
36
38
50
52
38
38
40
36
29
21
35
44
59
47
38
55
36
38
34
23
20
30
34
28
39
38
37
44
33
15
10
-1
6
0
0
11
10
-3
4
2
2
11
16
25
6
5
12
6
12
11
-4
-4
-1
7
12
8
3
-15
-33
-21
-28
-31
-18
-5
4
15
23
36
47
33
21
20
20
9
13
9
11
29
24
27
14
11
14
5
7
-3
-21
-35
-48
-45
-35
-30
-28
-21
-5
-8
-23
-30
-44
-54
-38
-45
-46
-28
-30
-26
-23
-19
-19
-17
-9
-10
-20
-20
-9
-15
-4
-1
11
22
22
32
25
29
37
38
43
41
23
17
13
11
1
-1
10
4
20
24
21
21
12
9
23
23
23
23
19
17
16
25
27
19
9
21
24
20
15
6
11
-5
-14
-15
-19
-5
-8
-8
-5
-23
-34
-38
-54
-50
-45
-36
-33
-32
-22
-22
-33
-31
-32
-24
-17
-13
2
11
20
26
29
25
19
2
3
6
-6
-22
-21
-29
-26
-24
-21
-23
-30
-35
-43
-34
-40
-40
-27
-23
-16
-19
-8
-9
-12
-5
0
10
5
25
39
43
37
37
36
19
15
19
12
24
28
31
42
28
17
22
13
21
18
15
9
8
14
6
6
9
2
9
-1
-18
-17
-22
-11
-28
-13
5
-1
11
12
6
9
5
-4
-3
-8
-9
-8
0
3
9
14
18
20
13
12
6
10
11
8
6
10
14
10
5
15
17
13
21
29
26
15
16
-3
-15
-22
-23
-23
-19
-21
-5
-9
-9
-7
-14
-7
-17
-14
-12
-12
-7
-12
-18
-12
-7
-16
-7
-5
-1
-1
1
5
-5
-3
-2
11
12
8
9
8
6
14
11
12
8
5
-5
-20
-27
-33
-36
-36
-33
-39
-30
-15
-9
-1
4
0
9
8
19
10
5
19
23
25
26
24
15
10
3
1
0
10
7
9
7
8
9
12
12
6
-2
-3
-1
3
7
8
11
8
1
-6
-8
-7
3
0
6
5
10
11
7
11
9
13
11
7
7
0
-6
-13
-9
-17
-8
-4
-26
-20
-19
-29
-34
-30
-34
-40
-41
-50
-52
-51
-51
-35
-24
-28
-16
-23
-20
-15
-4
4
5
11
8
-2
15
20
18
23
17
23
26
26
27
35
35
40
46
47
47
47
41
43
35
32
29
22
12
14
18
15
21
14
27
34
44
50
48
38
35
38
30
32
17
13
-4
-14
-30
-40
-44
-51
-52
-47
-46
-59
-55
-63
-62
-57
-64
-64
-59
-62
-58
-50
-57
-46
-42
-36
-22
-13
-7
-3
5
0
-8
-15
-7
0
7
13
11
20
25
21
22
25
21
19
17
21
21
14
6
10
6
14
34
33
15
20
28
24
33
33
31
41
40
51
45
47
48
37
37
25
16
17
13
7
11
8
11
13
6
-10
-27
-30
-26
-29
-18
-14
-14
-16
-24
-31
-32
-39
-49
-37
-37
-28
-27
-29
-26
-32
-26
-31
-36
-26
-26
-20
-18
-14
-5
1
6
12
10
2
-12
-19
-15
-18
-14
-19
-18
-19
-27
-19
-13
-13
4
7
4
11
11
14
18
20
27
39
45
45
33
35
38
40
41
46
47
30
19
19
13
9
5
17
16
19
16
9
14
15
14
4
9
-1
2
6
-7
5
2
-5
-8
-20
-22
-16
-18
-15
-20
-30
-24
-22
-19
-17
-11
-17
-14
-17
-28
-31
-21
-29
-32
-24
-20
-19
-18
-16
-18
-12
-18
-7
-4
-7
-5
0
0
3
18
24
26
31
34
26
28
21
24
26
34
41
45
53
52
50
46
47
45
36
32
33
24
24
28
19
3
1
-10
-18
-28
-35
-38
-37
-41
-42
-53
-55
-54
-55
-48
-52
-47
-46
-52
-52
-52
-58
-57
-56
-52
-42
-34
-30
-22
-19
-20
-19
-23
-4
7
4
12
18
19
22
17
21
23
23
29
32
43
45
54
56
54
50
44
37
34
35
40
46
43
43
34
39
23
25
28
22
22
20
23
26
16
13
8
4
14
11
3
-5
-7
-11
-11
-10
-12
-19
-15
-17
-19
-9
-18
-26
-22
-33
-39
-35
-31
-17
-18
-25
-21
-31
-25
-21
-23
-20
-27
-23
-29
-35
-43
-41
-37
-38
-29
-32
-28
-16
-16
-11
-17
-19
-12
-10
-20
-5
6
21
38
52
55
44
43
42
41
34
38
39
41
39
40
38
39
36
28
29
30
30
26
26
11
-5
-4
-8
-3
-1
-8
-11
-7
-5
-9
-4
-12
-12
-14
-25
-14
-9
-10
-10
-3
-12
-21
-19
-21
-17
-20
-29
-32
-38
-36
-31
-22
-13
-5
4
10
2
-2
-2
2
-3
-20
-14
-10
-6
-7
-4
-9
-18
-13
-17
-12
-6
8
21
16
21
9
-4
6
2
-2
2
9
17
28
32
32
22
20
14
17
23
15
22
14
13
7
-3
-8
-9
-15
-17
-12
-2
4
4
-1
-11
-18
-15
-19
-18
-14
-11
-5
-2
-10
-1
3
-5
3
-5
-7
-12
-12
-5
-7
5
7
7
10
17
20
22
25
16
9
12
9
7
11
5
8
1
0
6
8
1
10
5
0
4
1
6
4
4
4
6
8
11
10
15
24
24
19
9
6
6
-2
8
13
10
5
9
7
0
-7
-14
-16
-21
-25
-23
-17
-25
-31
-30
-31
-25
-29
-20
-15
-15
-5
-7
-3
1
-2
4
10
4
-1
-8
-6
-7
-9
-4
-3
4
7
2
0
-8
-14
-13
-19
-12
-12
-7
-2
-3
6
8
8
11
20
21
27
21
10
12
4
7
16
19
12
22
24
22
25
24
25
23
29
29
19
10
9
-1
3
0
10
2
-6
-4
-15
-25
-28
-32
-42
-40
-43
-39
-41
-40
-43
-40
-39
-46
-36
-36
-37
-41
-38
-38
-32
-20
-10
-4
1
8
-2
2
3
8
12
13
26
25
31
28
24
23
25
25
25
26
24
34
33
35
32
28
31
26
29
30
30
37
36
37
37
29
21
15
12
14
7
3
8
10
15
9
-2
-7
-13
-18
-21
-21
-20
-24
-14
-15
-20
-16
-18
-25
-27
-24
-19
-11
0
3
-9
-9
-12
-19
-17
-16
-15
-14
-13
-9
-9
-2
-2
-1
3
-4
-12
-13
-17
-19
-23
-30
-24
-19
-16
-14
-13
-11
-10
-7
-11
-2
-3
-9
-12
-13
-10
-8
-10
-6
-1
5
9
15
30
29
28
23
18
18
18
20
27
25
20
24
25
32
35
34
26
22
16
6
8
8
7
8
0
-2
-2
-5
-6
-4
-11
-15
-16
-18
-12
-15
-17
-10
-10
-2
-4
-6
-6
-7
-10
-1
1
0
3
-5
4
-3
-6
4
1
12
16
12
11
12
13
12
13
15
13
11
7
4
-4
-5
-8
