-29
-34
-31
-36
-49
-64
-76
-75
-80
-78
-73
-67
-53
-36
-11
5
10
27
40
37
31
38
39
27
19
26
24
2
0
15
15
22
34
40
36
37
54
55
55
62
76
72
61
70
72
59
67
88
74
53
42
51
35
4
9
10
-2
-12
-5
-4
-18
-12
4
-2
-28
-29
-24
-55
-71
-64
-62
-85
-96
-77
-80
-97
-84
-64
-77
-88
-78
-72
-97
-99
-78
-66
-70
-56
-33
-31
-28
-8
-6
-18
-12
2
-16
-35
-28
-17
-32
-55
-52
-49
-31
4
61
104
109
142
152
122
112
131
150
123
111
118
123
114
119
129
114
78
59
59
14
-7
3
-6
-25
-20
8
1
1
35
69
56
47
56
59
37
25
29
-2
-44
-53
-51
-81
-99
-85
-75
-90
-85
-73
-94
-95
-80
-67
-66
-79
-55
-40
-41
-40
-27
-15
-39
-31
-18
-23
-33
-23
-11
-16
-26
-30
-25
-26
-10
2
-8
-12
-7
-3
2
23
35
47
47
48
54
56
60
71
82
84
83
91
84
64
67
63
49
47
27
11
-11
-20
-18
-23
-40
-47
-45
-62
-72
-73
-79
-88
-80
-75
-84
-88
-87
-85
-88
-95
-85
-74
-84
-89
-77
-84
-101
-119
-152
-196
-257
-304
-329
-348
-323
-270
-202
-128
-45
14
64
118
209
281
325
383
423
445
477
527
572
590
562
520
459
389
304
220
136
48
-31
-75
-102
-101
-77
-59
-6
47
98
151
189
202
221
214
182
186
180
137
96
60
0
-56
-103
-127
-183
-241
-289
-335
-354
-365
-355
-323
-295
-269
-234
-192
-167
-151
-126
-138
-163
-170
-170
-191
-221
-270
-335
-433
-531
-609
-739
-940
-1156
-1267
-1258
-1188
-1069
-894
-643
-363
-72
134
288
511
844
1106
1155
1173
1286
1455
1530
1511
1510
1547
1484
1216
849
472
184
-38
-359
-660
-823
-792
-689
-551
-342
-26
271
487
713
915
1128
1319
1437
1403
1327
1233
1114
963
798
644
454
237
-39
-364
-681
-938
-1109
-1282
-1465
-1543
-1501
-1410
-1280
-1065
-818
-607
-426
-285
-164
-57
13
3
-123
-296
-486
-635
-733
-810
-839
-841
-868
-886
-898
-893
-906
-855
-837
-880
-868
-751
-563
-370
-162
99
393
541
631
696
732
760
706
579
415
228
100
5
-53
-37
22
161
270
393
564
674
784
898
972
989
1023
1097
1179
1186
1229
1270
1278
1267
1186
1088
963
805
571
435
264
103
15
18
35
19
9
40
77
72
93
43
-67
-160
-277
-363
-397
-454
-497
-501
-492
-446
-407
-438
-418
-411
-462
-580
-671
-764
-810
-884
-906
-850
-758
-660
-660
-675
-652
-562
-539
-504
-518
-486
-495
-510
-464
-495
-576
-638
-618
-686
-850
-932
-990
-1139
-1280
-1399
-1481
-1558
-1515
-1225
-878
-546
-135
320
743
1100
1406
1703
1942
2178
2309
2311
2252
2200
2137
2005
1820
1686
1508
1232
918
596
294
2
-262
-397
-471
-420
-273
-10
294
533
783
1018
1262
1457
1615
1701
1706
1498
1220
882
575
336
83
-217
-559
-836
-1119
-1439
-1651
-1711
-1759
-1802
-1728
-1577
-1373
-1183
-936
-718
-524
-347
-203
-144
-212
-246
-369
-494
-589
-739
-915
-1100
-1182
-1259
-1290
-1321
-1271
-1237
-1215
-1089
-968
-709
-461
-227
-7
162
235
242
254
283
295
209
63
-54
-266
-385
-402
-326
-156
14
249
460
607
753
1011
1280
1469
1589
1750
1854
1899
1950
1968
1915
1815
1699
1564
1340
1141
1019
825
614
453
347
257
200
221
279
253
256
278
292
218
182
238
279
183
25
-107
-268
-350
-397
-520
-650
-751
-849
-907
-973
-1077
-1109
-1127
-1138
-1164
-1127
-1076
-1012
-833
-672
-592
-482
-367
-417
-488
-454
-478
-582
-588
-608
-641
-695
-747
-798
-911
-969
-948
-1004
-1073
-1127
-1141
-1159
-1160
-1126
-1033
-1035
-982
-816
-590
-370
-204
-57
-81
-125
-180
-55
169
430
677
920
1076
1204
1368
1540
1692
1838
1962
1938
1830
1857
2009
2053
2062
2122
2124
1996
1760
1494
1277
1012
747
474
197
-15
-51
88
215
332
571
826
989
1105
1111
1061
983
802
519
238
-35
-244
-491
-724
-877
-985
-1126
-1322
-1510
-1668
-1809
-1873
-1892
-1920
-1912
-1806
-1570
-1314
-996
-732
-549
-519
-546
-571
-735
-909
-1082
-1246
-1446
-1554
-1491
-1465
-1385
-1168
-996
-888
-744
-625
-427
-306
-246
-49
91
231
390
555
616
741
796
685
573
474
321
-74
-548
-946
-1186
-1287
-1169
-859
-405
23
474
795
990
1279
1725
2159
2416
2513
2715
2935
2957
2941
3016
3039
2854
2474
1906
1338
869
420
-156
-750
-1200
-1437
-1542
-1607
-1488
-1100
-684
-403
-116
142
389
631
804
884
802
719
630
564
524
399
350
319
109
-231
-577
-797
-942
-1214
-1494
-1735
-1840
-1790
-1632
-1372
-1093
-783
-500
-298
-329
-359
-369
-525
-708
-933
-1208
-1361
-1498
-1524
-1522
-1509
-1442
-1324
-1259
-1216
-1025
-836
-658
-497
-345
-189
83
376
655
959
1244
1477
1583
1518
1437
1325
1038
614
162
-301
-768
-1327
-1819
-2033
-2119
-2118
-1791
-974
-113
583
1207
1795
2188
2304
2503
2729
2784
2893
3158
3155
2867
2773
2838
2558
1918
1474
1030
116
-950
-1684
-2149
-2494
-2623
-2419
-2181
-1776
-1153
-517
-84
303
847
1168
1002
759
796
852
703
537
539
577
526
549
565
260
-59
-246
-595
-1142
-1582
-1761
-1813
-1822
-1663
-1279
-878
-490
-37
289
427
505
571
407
77
-134
-246
-519
-850
-916
-853
-829
-753
-636
-496
-498
-601
-694
-821
-842
-752
-663
-699
-578
-264
20
262
541
875
1071
1064
1031
932
716
574
31
-1317
-3150
-4258
-3944
-3193
-2751
-2343
-1501
-403
227
49
-206
406
1848
2834
2301
1294
1543
2935
3852
3836
3961
4788
5284
4507
2935
1596
945
476
-767
-2661
-3961
-3978
-3372
-3093
-2699
-1646
-488
-1
115
537
1259
1868
2106
1926
1479
1292
1654
2021
2069
2173
2386
2284
1483
744
182
-617
-1448
-2173
-2968
-3886
-4143
-3480
-2754
-2354
-1734
-833
-261
-27
342
852
1104
1038
926
523
49
-10
282
365
218
152
17
-483
-1053
-1319
-1615
-2154
-2644
-2890
-3115
-3119
-2513
-1479
-649
4
696
1264
1480
1583
1821
1854
1619
1337
1260
1126
1078
1281
1595
1755
1648
959
-711
-2906
-4516
-4807
-4528
-4362
-3992
-3082
-1825
-776
-198
347
1444
3095
4232
3905
2837
2758
3709
4340
4255
4266
4809
5023
4299
2933
1719
915
140
-1118
-2865
-4210
-4568
-4278
-4013
-3555
-2499
-1349
-694
-219
593
1485
2106
2448
2360
1973
1662
1746
2011
2003
2038
2180
1943
1231
558
60
-508
-1262
-2138
-3273
-4324
-4528
-3901
-3100
-2583
-1859
-865
-133
369
893
1400
1666
1668
1288
453
-480
-764
-393
-245
-459
-655
-697
-752
-820
-788
-802
-1076
-1450
-1893
-2579
-2980
-2587
-1640
-789
-247
369
998
1536
2096
2573
2714
2547
2291
1886
1373
990
894
855
292
-1129
-2868
-3990
-4072
-3445
-2980
-2749
-2300
-1540
-1071
-1194
-1177
-135
1722
3095
3084
2652
3186
4536
5417
5414
5334
5565
5450
4251
2356
896
330
-209
-1570
-3309
-4373
-4270
-3789
-3515
-3058
-2193
-1381
-1032
-819
-389
351
1103
1512
1383
1033
1141
1741
2285
2419
2406
2328
1878
954
152
-542
-1176
-1538
-1957
-2720
-3628
-3868
-3215
-2306
-1545
-671
31
261
373
814
1296
1507
1555
1328
756
-5
-403
-424
-422
-472
-596
-1113
-1948
-2498
-2537
-2439
-2508
-2703
-2711
-2541
-2193
-1423
-504
424
1431
2314
2691
2572
2570
2922
3141
2852
2255
1602
1070
778
674
591
632
719
598
-400
-2258
-4142
-5130
-4966
-4604
-4413
-4058
-3033
-1666
-530
156
943
2420
4102
4864
4386
3794
4071
4847
4906
4416
4247
4479
4470
3610
2265
1235
583
-300
-1798
-3448
-4337
-4516
-4618
-4778
-4378
-3350
-2459
-1958
-1310
-249
998
1833
2038
1991
1894
2059
2245
2291
2348
2489
2452
1814
1071
633
337
-152
-952
-1975
-2973
-3764
-3917
-3657
-3210
-2507
-1785
-1186
-719
-185
565
1394
1876
1857
1317
518
-32
-34
32
36
-59
-308
-735
-1298
-1597
-1589
-1595
-1643
-1841
-2311
-2707
-2600
-1739
-593
383
1182
1784
2091
2288
2488
2745
2740
2344
1615
895
226
-88
-70
130
320
393
-154
-1661
-3476
-4543
-4421
-3952
-3618
-3295
-2549
-1462
-358
465
1201
2256
3670
4564
4122
3189
3143
3918
4194
3747
3468
3729
3880
3266
2178
1290
755
133
-1072
-2580
-3465
-3498
-3364
-3544
-3477
-2737
-1749
-1159
-665
124
1064
1658
1746
1583
1293
1210
1269
1303
1146
962
887
712
354
136
132
-102
-600
-1112
-1732
-2379
-2539
-2182
-1713
-1392
-1019
-549
-141
360
1090
1542
1395
938
444
-176
-891
-1286
-1385
-1412
-1674
-2010
-2211
-2223
-1868
-1302
-771
-666
-699
-713
-853
-854
-401
439
1088
1381
1570
1771
1945
2228
2454
2288
1646
1013
664
422
300
300
484
555
436
-83
-1207
-2716
-3755
-3890
-3563
-3398
-3260
-2746
-2044
-1323
-741
-192
576
1744
2878
3133
2750
2857
3659
4249
4202
4035
4212
4297
3760
2809
2008
1283
455
-743
-2105
-3073
-3356
-3475
-3805
-3951
-3472
-2617
-2089
-1692
-853
332
1256
1643
1704
1682
1949
2344
2364
1963
1587
1649
1483
934
371
110
-124
-745
-1627
-2496
-3019
-3014
-2573
-2084
-1847
-1560
-920
-159
580
1389
1979
2049
1672
1028
423
-74
-277
-329
-503
-1047
-1797
-2357
-2603
-2351
-1773
-1409
-1473
-1709
-1767
-1670
-1372
-633
438
1478
2143
2476
2761
3172
3644
3866
3576
2785
1728
840
210
-155
-274
-206
-301
-543
-772
-914
-1252
-1975
-3032
-3722
-3910
-3946
-4019
-3837
-2935
-1614
-610
-239
60
994
2522
3513
3439
3079
3416
3944
3765
3284
3311
3994
4218
3559
2569
1821
1387
723
-450
-1765
-2763
-3363
-3928
-4385
-4191
-3481
-2882
-2576
-2119
-1281
-367
320
815
1156
1362
1331
1124
959
1078
1680
2183
2265
2038
1935
1795
1252
418
-526
-1235
-1716
-2105
-2461
-2700
-2368
-1635
-951
-493
-68
504
962
951
514
137
-122
-438
-919
-1403
-1601
-1484
-1316
-1192
-969
-562
-144
-88
-341
-425
-322
-76
239
477
736
1111
1572
1908
2181
2546
2856
2818
2399
1767
1364
1114
886
655
426
162
-218
-590
-1118
-1970
-3291
-4454
-5120
-5240
-5040
-4559
-3609
-2377
-1326
-796
-549
122
1478
2658
2800
2470
2540
3142
3439
3290
3427
4048
4476
4096
2968
2004
1502
828
-499
-2196
-3425
-3883
-4090
-4359
-4271
-3405
-2279
-1532
-986
-294
706
1573
1873
1629
1354
1296
1371
1340
1357
1788
2517
2974
2881
2727
2670
2518
1876
657
-678
-1514
-1891
-2080
-2095
-1828
-1148
-395
140
462
902
1329
1388
909
178
-460
-1029
-1662
-2279
-2665
-2700
-2575
-2343
-1929
-1470
-1044
-807
-731
-546
-301
-105
119
386
776
1242
1670
2025
2411
2822
2857
2428
1735
970
325
-127
-540
-858
-1045
-1081
-1162
-1186
-1166
-923
-881
-1589
-3148
-4663
-5288
-5061
-4577
-4109
-3396
-2399
-1425
-820
-250
865
2386
3490
3487
3021
2983
3551
3892
3870
4097
4563
4836
4377
3516
2825
2253
1293
-369
-2147
-3345
-3877
-4220
-4456
-4215
-3360
-2422
-1736
-1076
-87
1069
1792
2000
1885
1774
1952
2251
2482
2724
3077
3345
3224
2932
2749
2380
1595
432
-838
-1852
-2418
-2542
-2524
-2275
-1788
-1073
-439
1
668
1325
1521
1098
224
-565
-1132
-1499
-1857
-2114
-2069
-1673
-1019
-589
-351
-68
266
312
-155
-956
-1556
-1758
-1761
-1622
-1365
-875
-124
538
947
1136
1233
1169
713
63
-497
-739
-794
-801
-751
-619
-309
-40
87
102
22
-738
-2139
-3681
-4419
-4619
-4587
-4448
-3899
-2952
-1872
-795
118
1245
2395
3409
3709
3583
3769
4140
4471
4501
4779
5275
5566
5267
4623
3785
2672
1439
55
-1397
-2629
-3441
-3967
-4340
-4162
-3318
-2348
-1554
-750
177
1085
1662
1919
1991
1977
1858
1757
1714
1796
1971
2177
2229
2074
1930
1544
756
-47
-844
-1488
-2174
-2579
-2532
-2417
-2204
-1758
-919
-127
442
526
330
-5
-473
-1023
-1706
-2400
-2878
-2996
-3057
-3075
-2758
-2195
-1637
-1088
-622
-425
-414
-477
-622
-789
-761
-423
71
579
947
1272
1596
1765
1845
1776
1463
1063
743
357
128
-36
-89
-67
-125
-183
-205
-182
-393
-560
-969
-1618
-2850
-3788
-4290
-4198
-3648
-2936
-2009
-932
184
1066
1783
2415
3348
4262
4610
4425
4286
4545
4860
5036
5039
5037
4675
3872
2792
1715
809
103
-777
-1880
-2926
-3573
-3811
-3702
-3270
-2542
-1980
-1674
-1246
-626
164
713
1102
1160
1078
976
964
1001
1174
1417
1475
1228
681
369
203
35
-281
-695
-1103
-1592
-1943
-2092
-2026
-1797
-1336
-1060
-1045
-1165
-1124
-897
-844
-1042
-1331
-1642
-1983
-2220
-2320
-2282
-2110
-1740
-1351
-1028
-691
-253
110
369
608
780
813
732
707
749
858
967
1126
1378
1569
1763
1873
1815
1660
1468
1353
1061
567
164
-129
-357
-536
-807
-924
-944
-846
-832
-1217
-1850
-2561
-2940
-3184
-2949
-2528
-1698
-757
291
1355
2155
2847
3417
4034
4278
4146
3862
3520
3218
2735
2355
2076
1959
1864
1619
1118
530
-86
-654
-1362
-2265
-3044
-3425
-3690
-3866
-3738
-3254
-2568
-1810
-1104
-538
-43
382
861
1073
1218
1420
1551
1448
1185
1132
1298
1570
1797
1827
1556
1145
763
329
-195
-590
-893
-1302
-1744
-2076
-2066
-1791
-1432
-1132
-1089
-1297
-1499
-1538
-1543
-1589
-1585
-1358
-1082
-796
-381
192
763
1273
1838
2063
1784
1372
1128
1026
751
420
226
365
614
828
1032
1154
1259
1305
1160
691
155
-216
-471
-869
-1358
-1685
-1803
-1655
-1206
-857
-793
-824
-869
-773
-1002
-1368
-1749
-2115
-2434
-2389
-1932
-1299
-422
416
1261
1510
1426
1394
1597
1884
1699
1344
907
832
933
1110
1360
1610
1989
2144
1795
1194
739
376
-148
-858
-1505
-1939
-2099
-2056
-1944
-1740
-1287
-674
-144
107
191
493
844
1084
954
952
1172
1474
1744
2046
2415
2747
2889
2716
2182
1629
1145
604
-183
-1025
-1518
-1765
-1955
-2055
-1991
-1777
-1589
-1441
-1398
-1441
-1296
-1154
-1149
-1267
-1284
-1015
-581
-118
296
806
1319
1710
1941
2154
2137
1937
1561
1071
600
231
-134
-517
-899
-1040
-944
-1000
-1110
-1137
-1115
-1226
-1409
-1541
-1697
-1842
-1804
-1620
-1521
-1656
-1548
-1145
-644
-184
200
521
882
990
754
39
-711
-1244
-1679
-1912
-2116
-1893
-1554
-1088
-878
-582
17
766
1499
1771
1807
1862
2122
2419
2552
2710
3062
3486
3525
3282
2898
2543
2237
1619
690
-249
-861
-1311
-1833
-2265
-2262
-1877
-1411
-1004
-488
135
722
1061
1341
1678
1932
2307
2440
2283
2020
1892
1781
1417
1059
753
492
-79
-744
-1342
-1923
-2155
-2344
-2499
-2657
-2538
-2244
-1978
-1776
-1441
-970
-892
-989
-949
-603
-316
-194
29
239
497
657
806
929
944
1046
960
517
-131
-637
-906
-1135
-1432
-1736
-1807
-1685
-1395
-1203
-1118
-1021
-849
-890
-1105
-1463
-1609
-1465
-1243
-924
-480
39
562
1047
1388
1667
1833
1876
1667
1164
378
-592
-1664
-2385
-2754
-2591
-2230
-1688
-1057
-413
133
468
811
1073
1423
1598
1593
1681
1988
2652
3343
3882
4198
4481
4593
4425
3945
3381
2687
1710
452
-789
-1667
-2217
-2533
-2507
-2158
-1502
-901
-371
153
662
1299
1634
1463
1174
865
623
377
113
29
251
440
333
112
-309
-790
-1199
-1666
-2186
-2750
-3034
-3050
-2999
-2765
-2286
-1628
-1189
-799
-508
-243
-53
15
64
-39
-149
-312
-400
-421
-293
-19
155
189
93
-45
-159
-340
-553
-864
-1194
-1455
-1613
-1577
-1392
-1065
-736
-478
-275
-37
220
328
385
443
673
814
861
1076
1333
1540
1599
1528
1326
1092
747
330
-10
-176
-450
-815
-1328
-1786
-2026
-2091
-1816
-1483
-952
-548
-159
63
115
381
873
1530
1961
2247
2527
2926
3436
3869
4190
4288
4225
3913
3247
2307
1401
596
-220
-1151
-2007
-2524
-2776
-2557
-2137
-1623
-1148
-869
-724
-618
-545
-417
-305
-342
-417
-579
-608
-509
-188
142
331
252
21
-248
-576
-740
-794
-759
-840
-1073
-1197
-998
-538
-134
335
730
903
906
785
634
394
162
-178
-568
-972
-1217
-1146
-911
-586
-277
-64
70
62
91
25
-35
-156
-449
-811
-1064
-1075
-844
-543
-233
99
283
415
519
588
577
461
163
-150
-431
-584
-594
-517
-337
-179
-97
-79
-13
104
264
227
19
-535
-1190
-1979
-2562
-3005
-3147
-2885
-2433
-1879
-1338
-679
-39
682
1393
2125
2712
3126
3520
3831
4025
4282
4595
4712
4478
4081
3576
2945
2110
1323
400
-617
-1565
-2220
-2615
-2816
-2708
-2418
-1942
-1586
-1293
-889
-442
-64
233
447
371
210
21
13
-66
-105
-65
-95
-94
-74
0
-124
-30
65
26
-251
-472
-272
-67
66
99
317
334
209
71
-122
-318
-589
-859
-1235
-1526
-1606
-1437
-1244
-1094
-801
-576
-455
-279
37
402
511
509
489
356
160
131
168
121
163
196
175
115
91
194
55
-361
-754
-913
-943
-991
-931
-692
-418
-131
9
5
-14
9
-97
-358
-632
-928
-1040
-1330
-1704
-2140
-2473
-2748
-2711
-2199
-1500
-652
172
1039
1711
2200
2626
3189
3703
3832
3753
3528
3325
3254
3189
3047
2801
2527
2155
1603
833
127
-438
-980
-1430
-1824
-2141
-2217
-2051
-1633
-1227
-912
-587
-230
42
55
-49
-143
-195
-390
-590
-609
-459
-105
360
617
716
842
1120
1224
1088
838
431
-60
-591
-888
-969
-972
-821
-672
-606
-577
-453
-284
-221
-332
-592
-933
-1352
-1637
-1573
-1325
-1091
-758
-185
397
882
1357
1672
1747
1592
1186
659
26
-499
-832
-1162
-1323
-1246
-962
-700
-551
-329
-75
85
114
142
20
-279
-526
-674
-729
-805
-795
-720
-624
-574
-522
-396
-372
-354
-304
-360
-595
-999
-1444
-1615
-1683
-1379
-949
-409
188
828
1301
1564
1774
2038
2366
2361
2300
2356
2376
2394
2422
2514
2567
2600
2575
2290
1787
1268
835
419
-108
-636
-1091
-1446
-1719
-1821
-1806
-1625
-1384
-1125
-863
-643
-302
46
218
200
126
245
316
342
320
370
324
248
211
217
251
209
74
-79
-145
-98
39
43
-13
-44
-173
-486
-848
-1128
-1308
-1436
-1536
-1749
-1857
-1698
-1345
-823
-257
300
697
958
968
921
827
679
507
284
18
-289
-561
-690
-628
-461
-348
-358
-388
-523
-713
-947
-1181
-1314
-1361
-1331
-1271
-1061
-788
-452
-147
189
499
696
915
1019
1111
1025
956
769
567
247
-212
-676
-1120
-1394
-1656
-1617
-1384
-978
-683
-378
-97
253
650
1031
1450
1773
2129
2272
2154
2143
2382
2658
2778
2674
2639
2443
2047
1613
1183
863
570
162
-315
-844
-1198
-1314
-1406
-1451
-1412
-1312
-1238
-1246
-1168
-979
-841
-792
-726
-532
-457
-188
174
596
1040
1514
1960
2044
2155
2228
2173
1831
1432
1087
609
39
-471
-852
-1344
-1811
-2148
-2427
-2704
-2811
-2685
-2431
-2098
-1736
-1306
-904
-440
20
378
611
753
866
792
534
337
243
63
-186
-438
-730
-1104
-1486
-1683
-1807
-1996
-2121
-2138
-2052
-1888
-1502
-953
-323
308
880
1266
1457
1635
1807
1901
1774
1357
922
495
239
35
-92
-215
-387
-543
-883
-1315
-1562
-1534
-1574
-1545
-1295
-741
-289
194
806
1362
1851
2128
2274
2331
2492
2638
2660
2599
2719
2999
3144
3156
3167
3256
3090
2474
1696
875
13
-921
-1850
-2601
-3122
-3321
-3331
-3196
-2926
-2374
-1707
-1144
-783
-319
226
484
518
566
779
927
1196
1429
1721
1929
2183
2310
2166
1888
1499
914
-47
-763
-1365
-2000
-2526
-2894
-2995
-3101
-2911
-2534
-2024
-1578
-1116
-725
-508
-267
-14
314
510
571
634
506
260
56
5
-71
-397
-751
-1098
-1484
-1820
-1897
-1815
-1743
-1614
-1202
-761
-425
63
646
1209
1578
1748
1717
1549
1371
1116
751
366
-98
-498
-887
-1236
-1324
-1206
-1012
-857
-738
-658
-597
-559
-571
-428
-350
-321
-260
-19
464
962
1444
1729
1967
2092
2136
2126
2141
2279
2427
2465
2277
2168
2348
2584
2721
2623
2387
1982
1270
417
-350
-1029
-1600
-2138
-2714
-3002
-3020
-2778
-2416
-1924
-1404
-883
-563
-393
-190
96
332
466
716
956
1259
1616
1979
2197
2288
2310
2171
1770
1135
527
-54
-845
-1498
-1969
-2267
-2565
-2820
-2944
-2873
-2534
-2139
-1694
-1334
-1014
-751
-515
-395
-252
-15
76
119
99
158
174
150
137
38
-68
-180
-301
-438
-593
-625
-501
-456
-416
-331
-212
-20
176
318
364
319
275
174
-22
-232
-407
-529
-671
-801
-776
-643
-555
-470
-304
-50
164
454
752
1033
1342
1571
1705
1680
1619
1483
1314
939
609
402
250
120
-2
-61
44
133
154
177
310
524
716
869
985
1129
1325
1381
1254
1049
953
753
345
-77
-489
-798
-1100
-1388
-1613
-1642
-1636
-1567
-1486
-1314
-978
-507
-108
187
561
905
1186
1338
1563
1617
1682
1604
1498
1332
1168
1046
792
592
313
11
-431
-882
-1262
-1587
-1761
-1902
-1915
-1905
-1762
-1541
-1291
-983
-709
-404
-93
167
448
694
869
890
864
753
510
265
32
-232
-544
-745
-843
-887
-1026
-1164
-1196
-1251
-1342
-1423
-1386
-1230
-1071
-929
-759
-622
-456
-307
-220
-194
-144
-155
-200
-144
-84
20
59
230
377
614
873
1263
1743
2068
2261
2218
2056
1689
1107
430
-90
-559
-1024
-1355
-1558
-1507
-1321
-1128
-901
-624
-242
63
297
508
841
1226
1486
1669
1785
1926
2100
2177
2136
1939
1680
1372
951
524
25
-361
-689
-991
-1217
-1226
-1095
-844
-538
-266
92
262
354
456
712
873
1049
1158
1210
1296
1388
1439
1279
1211
971
523
-178
-821
-1283
-1772
-2083
-2274
-2283
-2241
-1995
-1584
-1190
-768
-405
-60
94
92
41
29
-65
-146
-227
-438
-597
-644
-627
-619
-686
-716
-809
-1064
-1390
-1583
-1673
-1739
-1708
-1657
-1612
-1508
-1215
-861
-508
-231
-40
49
101
44
77
158
213
305
318
339
431
705
1053
1383
1694
1756
1701
1606
1496
1315
1051
717
330
-9
-330
-658
-881
-774
-652
-578
-519
-363
-212
-27
181
400
682
1007
1357
1584
1866
2185
2511
2684
2752
2718
2574
2323
1914
1369
823
304
-242
-705
-1065
-1203
-1205
-1165
-1083
-909
-634
-370
-255
-80
192
438
569
636
723
833
888
882
755
514
356
121
-189
-507
-815
-952
-1143
-1325
-1349
-1320
-1210
-1079
-962
-838
-653
-521
-456
-485
-523
-532
-656
-859
-1084
-1274
-1389
-1428
-1420
-1377
-1361
-1416
-1424
-1431
-1434
-1328
-1067
-817
-645
-452
-287
-223
-200
-163
-114
-187
-285
-364
-402
-429
-439
-397
-385
-389
-390
-390
-296
-150
106
301
436
602
826
1094
1316
1576
1883
2118
2237
2219
2106
1915
1719
1442
1050
634
299
149
-18
-198
-217
-91
46
161
320
471
681
885
997
1001
1017
1090
1155
1138
1165
1255
1323
1319
1236
1174
1087
865
576
204
-213
-561
-859
-1062
-1206
-1261
-1120
-949
-804
-668
-448
-202
-87
98
154
216
275
253
149
53
32
-6
-72
-158
-190
-63
-3
-69
-149
-259
-439
-687
-901
-1071
-1180
-1223
-1290
-1418
-1476
-1457
-1381
-1316
-1187
-1063
-998
-963
-899
-765
-634
-517
-384
-353
-351
-391
-382
-385
-375
-400
-527
-727
-982
-1084
-1156
-1223
-1297
-1310
-1281
-1291
-1181
-973
-710
-409
-132
132
433
747
1110
1565
1953
2218
2389
2510
2564
2531
2490
2427
2187
1855
1543
1209
941
719
525
377
163
-18
-173
-210
-169
-70
20
24
35
115
261
491
742
986
1150
1227
1298
1290
1330
1357
1294
1101
794
487
186
-99
-360
-528
-726
-952
-1228
-1370
-1328
-1153
-849
-632
-486
-340
-158
34
120
132
218
189
48
-121
-261
-244
-172
-151
-209
-236
-307
-256
-141
-56
17
-44
-185
-433
-641
-725
-784
-829
-891
-959
-1057
-1174
-1149
-1043
-979
-974
-942
-1024
-1093
-1044
-934
-780
-679
-590
-608
-670
-682
-647
-630
-610
-646
-817
-1045
-1151
-1104
-929
-719
-547
-344
-163
-9
255
521
783
1052
1184
1312
1330
1415
1569
1725
1864
1897
1909
1922
1883
1816
1754
1594
1388
1092
784
502
263
100
-18
-156
-307
-445
-512
-461
-391
-360
-308
-223
-162
-75
40
213
380
534
685
816
1017
1217
1301
1273
1190
1014
771
446
35
-321
-651
-961
-1235
-1352
-1339
-1203
-1092
-895
-666
-373
-106
83
192
220
195
97
77
16
58
191
305
500
694
880
1110
1298
1315
1166
942
491
-5
-520
-947
-1261
-1480
-1535
-1636
-1565
-1353
-1212
-1030
-846
-749
-738
-803
-875
-966
-995
-982
-1038
-1093
-1139
-1106
-1047
-1013
-961
-898
-851
-938
-1090
-1234
-1280
-1212
-1168
-1051
-916
-662
-294
68
452
747
1077
1367
1534
1666
1670
1628
1501
1297
1111
953
893
825
802
760
684
626
571
417
337
240
164
170
242
359
411
452
476
532
667
833
962
1056
1154
1210
1279
1299
1292
1355
1338
1257
1139
1072
1003
916
781
555
267
-75
-395
-598
-782
-889
-948
-981
-1009
-972
-882
-773
-641
-567
-478
-406
-327
-192
-24
205
430
570
624
714
759
866
983
972
879
632
354
-4
-403
-789
-1160
-1490
-1800
-1956
-2030
-1960
-1856
-1725
-1519
-1384
-1265
-1177
-1074
-1120
-1212
-1333
-1443
-1502
-1554
-1471
-1419
-1348
-1228
-1113
-943
-818
-692
-556
-460
-349
-309
-354
-387
-332
-190
-43
145
379
586
778
940
1031
1046
1034
915
789
695
653
732
754
841
969
1063
1212
1353
1495
1564
1569
1581
1523
1463
1372
1333
1332
1347
1437
1547
1645
1713
1786
1743
1639
1496
1291
1159
1005
866
712
600
541
474
425
399
321
162
-83
-330
-629
-917
-1175
-1445
-1640
-1721
-1715
-1652
-1453
-1225
-1010
-834
-618
-422
-249
-184
-178
-186
-252
-259
-307
-327
-270
-196
-147
-115
-161
-211
-328
-521
-719
-977
-1239
-1430
-1561
-1652
-1623
-1542
-1403
-1210
-1043
-916
-791
-714
-674
-686
-704
-748
-832
-860
-877
-817
-738
-630
-491
-344
-195
-53
90
175
284
299
215
147
66
-3
-16
31
108
295
488
702
877
923
959
1006
939
914
858
778
747
710
693
723
805
846
903
983
1057
1162
1275
1368
1507
1536
1569
1545
1473
1411
1320
1180
1031
890
834
769
614
474
348
217
84
-80
-200
-249
-249
-268
-354
-420
-499
-482
-436
-443
-468
-462
-490
-512
-594
-725
-798
-852
-914
-946
-904
-842
-692
-527
-331
-44
199
345
434
527
535
471
409
258
52
-198
-401
-506
-637
-706
-768
-805
-843
-859
-934
-980
-977
-980
-986
-1031
-1004
-926
-889
-761
-588
-417
-285
-164
-65
-25
39
-16
-108
-222
-328
-404
-449
-404
-394
-343
-301
-271
-278
-264
-186
-168
-191
-214
-202
-226
-231
-156
-58
95
266
393
459
543
624
688
753
787
865
889
924
987
1074
1128
1090
1094
1103
1055
974
859
704
576
476
426
417
418
440
410
413
394
364
317
310
347
392
460
510
537
532
523
517
478
429
374
291
207
96
-24
-195
-363
-528
-636
-705
-667
-591
-526
-416
-294
-138
11
197
305
437
470
395
291
175
69
-115
-277
-422
-584
-666
-721
-773
-822
-854
-879
-933
-939
-950
-970
-986
-978
-925
-841
-713
-562
-400
-255
-150
-51
-30
-22
-77
-262
-442
-605
-762
-867
-897
-925
-894
-858
-845
-776
-755
-730
-672
-661
-697
-713
-694
-641
-598
-535
-343
-114
84
327
507
714
895
963
992
953
915
930
995
1032
1100
1174
1260
1317
1339
1408
1408
1301
1190
995
792
660
610
625
670
712
775
931
1082
1230
1346
1422
1420
1359
1273
1194
1106
1050
934
808
712
595
508
393
252
29
-243
-517
-787
-1031
-1180
-1239
-1277
-1198
-1093
-1024
-902
-766
-616
-540
-574
-641
-777
-925
-1126
-1255
-1309
-1374
-1373
-1311
-1143
-1010
-890
-745
-669
-595
-503
-466
-485
-500
-503
-482
-525
-565
-509
-437
-341
-254
-193
-90
4
64
114
166
139
20
-103
-217
-357
-520
-576
-554
-512
-467
-377
-277
-209
-112
-34
89
203
240
236
225
176
170
201
217
256
315
404
471
499
535
502
484
457
391
347
384
450
562
692
795
896
966
1026
1047
1076
1065
1058
1040
961
876
767
649
630
637
683
772
837
833
802
787
724
666
661
659
594
494
363
296
210
97
-75
-216
-374
-585
-738
-820
-841
-864
-859
-884
-872
-769
-634
-504
-397
-399
-411
-465
-517
-534
-613
-650
-610
-634
-608
-534
-424
-265
-156
-58
-4
32
-11
-101
-184
-284
-362
-467
-508
-530
-502
-439
-399
-350
-332
-289
-291
-340
-445
-520
-608
-682
-759
-842
-863
-864
-787
-659
-524
-441
-358
-284
-240
-187
-146
-130
-152
-180
-205
-249
-308
-349
-300
-218
-125
-46
-39
11
54
113
232
321
409
574
696
838
1011
1183
1347
1487
1576
1621
1656
1635
1636
1587
1472
1340
1238
1118
975
867
818
784
719
610
594
533
556
674
715
740
769
752
667
606
543
424
320
198
15
-156
-295
-406
-507
-631
-732
-780
-847
-861
-872
-925
-972
-1008
-1048
-1091
-1084
-1117
-1127
-1147
-1140
-1088
-1017
-922
-792
-647
-519
-395
-300
-199
-157
-140
-111
-113
-175
-249
-320
-389
-479
-541
-615
-707
-736
-788
-835
-769
-724
-648
-583
-529
-488
-440
-381
-342
-310
-276
-239
-221
-190
-119
-110
-121
-105
-70
-11
5
106
173
274
317
296
333
313
296
239
195
193
226
281
391
535
701
876
1057
1192
1287
1368
1443
1477
1544
1552
1533
1525
1491
1395
1271
1177
1054
921
736
555
407
247
114
35
-11
-1
27
106
217
287
358
393
382
387
338
305
250
204
126
-1
-84
-149
-189
-230
-318
-414
-541
-700
-847
-970
-1112
-1246
-1358
-1419
-1472
-1461
-1342
-1238
-1078
-934
-759
-602
-474
-349
-300
-194
-103
-139
-123
-30
18
33
38
15
11
-5
-115
-200
-324
-440
-594
-738
-785
-830
-852
-838
-764
-647
-590
-501
-388
-276
-187
-166
-148
-150
-93
-71
-49
-4
32
65
65
127
162
217
267
258
225
118
8
-57
-101
-127
-63
87
240
432
584
746
940
1055
1058
1067
1088
1102
1078
1055
999
973
905
869
873
837
837
782
713
619
532
466
363
231
141
78
71
127
158
196
242
247
285
307
317
325
316
277
195
139
94
77
28
11
-17
-82
-107
-205
-282
-368
-509
-667
-771
-871
-918
-955
-942
-845
-760
-629
-583
-531
-536
-572
-558
-541
-537
-499
-398
-324
-250
-170
-73
-27
70
112
76
41
-82
-186
-312
-383
-458
-558
-642
-686
-690
-657
-618
-553
-437
-392
-325
-288
-277
-235
-211
-162
-136
-133
-103
-59
-16
78
156
243
298
356
355
362
395
373
370
331
287
288
269
255
303
357
420
452
483
522
558
593
593
612
634
667
669
630
634
652
656
647
638
581
522
471
409
302
189
61
-11
-70
-121
-126
-156
-165
-178
-135
-122
-127
-79
-49
-66
-76
-61
-91
-87
-68
-52
-51
-96
-113
-97
-56
-37
-72
-157
-211
-317
-414
-498
-579
-598
-589
-510
-496
-463
-415
-374
-338
-258
-155
-37
53
125
129
118
110
116
88
47
55
34
0
-54
-91
-158
-235
-326
-405
-428
-478
-527
-547
-535
-500
-494
-469
-428
-349
-261
-196
-127
-112
-116
-109
-56
-9
21
102
167
257
282
260
252
230
163
70
-38
-96
-143
-243
-240
-177
-142
-27
108
259
362
443
529
619
705
742
786
788
810
803
798
821
801
796
760
730
688
647
578
486
386
266
156
42
-36
-103
-118
-132
-114
-47
-9
66
155
210
208
169
138
116
80
39
-74
-156
-189
-257
-267
-227
-234
-244
-319
-421
-527
-609
-595
-609
-638
-666
-655
-634
-538
-434
-382
-288
-219
-152
-99
-68
-67
-75
-122
-157
-200
-130
-74
-1
24
0
-19
-69
-85
-97
-153
-240
-351
-446
-488
-518
-517
-493
-440
-370
-307
-248
-171
-102
-88
-89
-95
-48
-23
-45
-39
-60
-96
-73
-58
-76
-95
-124
-131
-153
-200
-206
-206
-209
-164
-101
-36
84
187
283
370
443
516
593
614
642
674
658
632
604
643
618
585
603
608
650
647
647
595
554
530
475
441
406
368
343
334
338
363
425
486
507
528
492
472
425
395
322
286
272
225
220
245
243
238
221
182
138
104
65
-43
-107
-208
-327
-454
-585
-649
-677
-749
-801
-805
-841
-899
-913
-961
-941
-962
-1003
-1005
-1024
-1002
-984
-972
-951
-843
-748
-622
-490
-395
-319
-260
-224
-164
-101
-104
-65
-89
-66
-117
-197
-245
-259
-239
-256
-267
-236
-222
-184
-145
-117
-127
-123
-81
-16
60
82
137
185
237
249
291
319
378
367
299
283
260
257
292
310
331
389
461
492
608
699
711
762
833
872
882
924
987
1039
1038
1013
982
983
964
905
867
779
710
601
505
429
346
275
196
133
71
10
-1
-29
-68
-63
-69
-83
-157
-194
-245
-288
-270
-304
-342
-354
-378
-430
-461
-484
-493
-509
-546
-643
-788
-905
-984
-1063
-1103
-1092
-1133
-1157
-1117
-1066
-1037
-972
-942
-863
-771
-706
-582
-459
-325
-271
-159
10
122
247
366
478
559
584
597
587
584
564
507
413
341
321
241
199
146
123
159
148
128
179
173
162
163
177
151
58
19
-23
-44
-68
-44
-51
-52
-30
-31
3
32
27
-7
-26
-30
-30
-50
-32
32
45
118
212
307
431
524
627
671
748
747
716
691
646
603
567
511
426
311
229
223
133
82
61
71
77
88
42
11
16
57
31
-42
-31
-49
-77
-141
-167
-182
-180
-179
-162
-149
-160
-168
-190
-184
-199
-209
-217
-276
-334
-408
-520
-581
-636
-723
-799
-851
-848
-810
-760
-722
-676
-651
-628
-578
-535
-467
-374
-256
-167
-20
70
150
251
302
361
367
404
410
392
380
336
288
268
231
198
215
217
209
218
235
184
100
82
39
20
-11
-14
5
20
55
98
123
178
166
156
176
161
144
102
71
31
37
22
1
-4
-8
-6
-8
14
56
62
67
78
94
123
145
167
239
285
286
303
326
361
334
294
268
230
208
207
221
260
279
268
260
229
211
196
177
142
108
55
26
12
-37
-44
-12
15
4
-8
-37
-64
-81
-108
-152
-230
-308
-365
-439
-521
-525
-529
-517
-491
-478
-478
-460
-459
-459
-435
-440
-461
-450
-421
-403
-375
-338
-299
-273
-220
-185
-112
-84
-41
49
91
128
146
170
204
214
238
225
213
213
171
91
53
13
-33
-60
-107
-135
-158
-148
-165
-160
-134
-117
-71
-71
-83
-96
-110
-82
-105
-86
-92
-19
67
101
160
210
250
273
254
247
271
285
302
278
298
317
333
355
349
383
409
405
371
340
311
280
252
211
162
150
162
160
228
302
359
376
358
327
276
218
174
168
127
61
46
36
27
25
37
46
73
60
49
51
7
3
-25
-67
-71
-77
-64
-44
-27
25
61
63
22
-4
-56
-91
-161
-242
-320
-409
-471
-496
-534
-540
-521
-492
-483
-512
-515
-517
-533
-563
-536
-518
-508
-484
-453
-369
-337
-293
-213
-173
-144
-153
-174
-195
-209
-245
-227
-210
-208
-185
-183
-127
-37
12
26
70
63
28
-8
-62
-101
-125
-101
-25
39
115
192
276
376
419
474
500
510
516
501
489
512
520
558
596
645
693
687
682
672
640
626
570
509
444
364
283
207
163
162
169
155
150
141
96
47
30
3
-47
-86
-86
-95
-132
-165
-184
-176
-159
-154
-98
-41
26
48
58
87
98
75
28
-7
-30
-63
-128
-154
-185
-176
-203
-256
-333
-431
-516
-596
-651
-677
-714
-731
-740
-773
-774
-804
-750
-708
-684
-676
-681
-670
-643
-587
-520
-459
-383
-286
-159
-8
122
276
336
413
440
385
402
405
463
469
472
476
496
517
465
448
406
395
344
316
284
205
125
97
126
155
204
220
272
299
337
347
357
401
404
370
361
364
352
356
324
321
318
313
315
318
297
251
209
118
38
-76
-166
-181
-205
-225
-255
-275
-248
-255
-245
-208
-212
-226
-253
-298
-306
-299
-292
-318
-304
-224
-214
-174
-150
-135
-98
-84
-30
3
14
27
11
-24
-25
-22
-3
4
62
57
37
67
33
-11
-82
-151
-203
-268
-353
-440
-483
-485
-487
-484
-450
-450
-439
-467
-451
-395
-341
-272
-232
-153
-90
7
90
186
303
384
470
532
562
546
505
450
355
264
191
135
99
94
91
107
129
149
168
146
135
118
47
-13
-60
-69
-69
-22
5
105
168
199
249
301
361
326
280
218
171
159
162
166
164
155
170
160
149
167
161
121
82
23
13
5
6
20
-4
-14
-37
-24
-4
2
-20
-37
-64
-93
-85
-110
-90
-52
-76
-99
-112
-111
-97
-23
3
26
47
30
6
-42
-84
-108
-110
-157
-208
-225
-266
-279
-268
-285
-267
-275
-239
-231
-253
-226
-210
-233
-239
-214
-233
-241
-231
-245
-222
-194
-174
-151
-158
-162
-168
-163
-155
-101
-48
31
101
136
148
128
135
141
124
145
183
202
181
129
114
106
61
19
3
-25
-34
-17
-38
-43
-17
-11
10
20
12
23
69
105
137
165
175
260
305
270
290
288
258
264
238
221
237
213
176
141
106
70
60
48
76
88
96
102
107
94
86
68
103
130
137
166
173
175
193
225
265
273
237
208
166
162
125
122
94
70
72
90
119
93
94
72
1
-9
-67
-121
-140
-169
-216
-264
-277
-287
-288
-300
-286
-302
-328
-377
-415
-435
-459
-493
-518
-547
-600
-615
-662
-678
-666
-654
-607
-583
-536
-439
-365
-290
-230
-184
-128
-75
-4
71
104
147
182
215
237
224
231
209
186
181
182
156
168
175
149
157
178
230
258
260
283
303
323
347
364
314
299
268
248
232
220
229
232
234
211
175
146
171
182
207
177
151
141
106
113
97
121
95
121
128
106
133
120
122
106
110
78
51
60
94
111
115
116
176
182
187
194
126
71
36
31
-19
-47
-75
-102
-118
-151
-155
-178
-152
-145
-133
-108
-108
-119
-116
-105
-112
-123
-174
-183
-198
-222
-261
-256
-300
-339
-404
-437
-486
-521
-510
-537
-543
-530
-508
-471
-429
-407
-346
-249
-185
-114
-45
0
46
76
124
148
206
226
255
261
259
250
224
213
182
161
139
138
176
219
260
291
309
341
322
339
333
308
296
261
258
236
206
178
193
170
130
119
88
39
36
29
13
27
7
27
7
21
53
76
89
80
46
8
-3
-21
-25
-17
-13
-21
-46
-60
-80
-87
-151
-178
-187
-209
-207
-192
-151
-144
-127
-128
-117
-98
-62
-29
-24
-42
-53
-59
-52
-8
35
48
52
29
13
16
43
55
49
73
95
110
133
110
120
106
60
15
0
17
-2
-6
-11
-27
-33
-33
-42
-90
-100
-133
-158
-191
-229
-263
-307
-375
-387
-356
-356
-332
-302
-262
-212
-143
-58
0
35
48
21
43
19
26
38
69
88
69
88
75
84
86
72
82
103
120
140
159
186
205
206
200
225
222
228
234
201
210
144
103
56
16
0
-7
-12
-8
4
14
41
101
166
171
196
204
231
235
210
201
165
133
124
111
99
97
108
127
127
121
122
88
32
1
-92
-169
-199
-200
-207
-208
-194
-198
-197
-183
-154
-182
-184
-197
-228
-246
-243
-211
-178
-179
-156
-125
-143
-109
-69
-45
-48
-54
-101
-141
-163
-197
-219
-236
-225
-197
-163
-162
-143
-162
-141
-133
-150
-122
-135
-126
-94
-55
-25
27
36
27
25
51
56
50
45
22
-5
-4
-4
34
64
42
74
119
144
167
174
173
190
185
193
210
241
253
249
231
224
236
217
249
277
247
242
218
234
246
212
196
201
195
212
217
228
233
234
221
191
193
176
136
112
136
116
57
41
41
21
-9
-35
-65
-98
-171
-235
-255
-265
-262
-263
-254
-224
-207
-207
-201
-134
-113
-107
-85
-81
-70
-75
-72
-72
-85
-104
-105
-132
-163
-196
-242
-270
-307
-323
-336
-334
-328
-302
-291
-296
-303
-288
-292
-298
-295
-279
-238
-212
-140
-62
-7
-20
1
1
-28
-20
-23
1
14
27
19
30
76
96
113
126
160
174
158
180
182
235
243
227
254
259
270
281
292
310
296
305
287
270
262
234
243
249
257
230
226
229
227
265
241
221
200
167
136
128
98
72
74
53
90
107
116
111
93
73
40
46
33
52
49
24
-29
-47
-97
-156
-172
-199
-205
-228
-231
-233
-248
-248
-249
-240
-240
-273
-274
-224
-225
-222
-170
-162
-153
-176
-177
-116
-115
-96
-123
-114
-136
-137
-144
-150
-106
-133
-133
-118
-87
-86
-45
-12
27
26
48
55
79
92
89
123
112
100
106
96
87
74
63
20
-32
-60
-96
-137
-152
-160
-163
-149
-167
-146
-130
-98
-69
-32
-2
1
37
57
99
127
113
119
146
123
124
115
94
123
123
132
155
153
128
123
111
95
51
40
61
82
110
140
120
116
111
49
6
3
-5
-26
-42
-47
-40
-14
-7
4
28
-8
-6
7
13
23
7
-19
-39
-45
-66
-68
-54
-40
-43
-41
-51
-54
-20
-10
4
17
-8
15
13
42
67
49
81
95
112
102
71
78
68
62
43
25
9
-12
-32
-37
-15
-7
23
63
101
103
79
90
97
96
81
31
-5
-37
-97
-93
-106
-96
-109
-143
-146
-177
-187
-219
-226
-251
-277
-282
-287
-255
-238
-168
-127
-67
-35
-46
-55
-22
-2
-9
-9
27
49
18
24
36
89
119
122
156
156
161
153
120
132
121
134
119
115
111
74
100
101
111
103
96
75
56
66
45
54
63
102
113
146
184
220
200
215
220
223
218
200
198
169
146
87
57
7
-23
-76
-134
-159
-186
-211
-233
-254
-280
-273
-267
-257
-242
-216
-190
-154
-160
-155
-166
-185
-172
-189
-184
-173
-170
-168
-188
-186
-165
-144
-134
-171
-151
-127
-103
-59
-36
-4
28
36
42
78
92
72
55
53
47
39
19
29
44
61
52
70
94
76
69
65
45
57
32
44
62
89
94
79
86
103
116
106
116
144
130
121
89
87
102
103
166
162
138
136
114
107
94
104
126
145
184
158
137
107
80
57
47
-9
-39
-52
-83
-85
-62
1
27
38
56
78
81
82
102
130
129
140
144
132
119
79
36
-10
-63
-90
-140
-165
-181
-234
-251
-239
-249
-267
-272
-256
-249
-225
-188
-170
-138
-143
-149
-169
-167
-111
-113
-109
-75
-88
-72
-48
-4
23
31
18
19
36
8
4
20
25
10
5
30
15
40
57
52
67
72
59
68
56
31
-10
-76
-76
-75
-78
-78
-73
-45
-56
-67
-57
-47
-13
-12
-3
26
55
57
60
65
69
33
5
4
-2
-37
-34
-32
-60
-84
-121
-123
-91
-106
-103
-82
-89
-77
-51
-55
-45
-1
-12
-11
-4
-1
41
54
90
126
145
170
205
222
237
248
239
265
275
259
277
284
272
243
235
256
264
243
225
206
144
125
102
60
39
12
-14
-10
5
17
0
2
20
18
12
-37
-23
-48
-126
-136
-151
-118
-115
-119
-106
-126
-126
-140
-177
-182
-192
-210
-221
-247
-235
-270
-278
-256
-227
-233
-223
-194
-156
-148
-158
-129
-119
-104
-95
-65
-49
-18
14
58
107
130
166
184
220
240
228
213
214
226
199
180
156
112
97
80
65
64
78
73
44
26
26
-24
-29
-44
-70
-52
-67
-62
-58
-48
-39
-28
-44
-63
-103
-107
-80
-59
-67
-73
-95
-129
-163
-178
-123
-95
-100
-93
-52
-25
3
58
81
89
111
117
125
114
117
118
120
100
91
74
42
46
13
-22
-24
-51
-63
-73
-68
-76
-61
-37
-54
-51
-44
-6
2
18
40
43
66
101
125
143
163
188
195
209
187
138
87
36
10
-35
-102
-96
-122
-112
-86
-114
-121
-127
-141
-132
-119
-117
-99
-86
-61
-40
-30
-11
38
24
15
13
13
16
20
27
44
82
101
117
132
123
93
46
31
9
-15
-39
-58
-42
-65
-106
-126
-126
-135
-158
-195
-201
-192
-205
-187
-166
-139
-138
-125
-106
-41
-16
-4
4
25
44
16
32
50
62
72
89
80
96
88
116
135
133
153
145
140
140
163
125
140
156
169
154
138
149
129
147
148
178
169
167
165
147
146
134
116
87
56
35
44
61
40
52
40
9
5
-18
-66
-88
-97
-102
-96
-110
-113
-117
-137
-161
-175
-165
-171
-212
-236
-253
-264
-267
-260
-248
-215
-206
-187
-159
-153
-171
-183
-193
-180
-177
-208
-200
-181
-171
-168
-131
-101
-56
-13
14
55
90
130
146
178
208
234
242
249
256
245
236
219
228
238
178
114
89
68
33
45
38
17
3
-3
2
7
25
19
6
42
45
10
32
62
76
78
46
28
24
37
66
67
97
115
125
99
107
133
91
72
63
66
43
73
86
85
96
79
96
95
85
66
52
46
20
16
17
30
36
1
-16
-50
-75
-103
-101
-111
-125
-144
-173
-154
-148
-136
-123
-123
-136
-150
-185
-216
-205
-201
-217
-225
-214
-202
-189
-173
-177
-176
-175
-213
-179
-115
-80
-75
-33
14
16
27
38
90
119
160
158
192
223
253
268
246
222
208
200
167
141
157
142
94
92
48
-8
-10
-3
18
30
-2
8
-11
-36
-43
-43
-50
-55
-38
-38
-9
-5
15
19
20
22
8
24
20
33
34
46
71
56
48
31
-23
-47
-87
-103
-119
-114
-124
-132
-137
-123
-109
-134
-120
-93
-75
-105
-78
-54
-51
-56
-46
-39
-46
-13
-25
-13
-18
-9
8
23
18
-7
8
6
-16
-35
-53
-58
-25
-7
-1
25
23
16
6
23
41
48
74
84
71
39
10
11
-18
-33
-18
1
21
19
21
37
44
55
57
58
35
46
47
46
40
46
79
61
63
65
72
92
113
116
115
147
139
121
103
89
92
78
59
68
58
44
9
-22
-42
-73
-68
-60
-62
-77
-58
-24
-31
-41
-46
-56
-56
-42
-30
-43
-38
-38
-37
-34
-28
-10
6
10
-22
-14
-41
-73
-74
-121
-139
-164
-180
-193
-199
-186
-177
-166
-127
-75
-4
56
84
156
173
183
206
181
185
206
206
220
203
170
153
129
107
82
47
11
-16
-38
-30
-31
-17
-2
-17
11
3
32
41
41
66
46
67
74
64
57
5
-25
-34
-42
-51
-49
-66
-106
-137
-156
-158
-191
-178
-162
-142
-142
-157
-168
-153
-155
-148
-147
-141
-131
-145
-131
-134
-128
-106
-61
-13
3
-5
-24
-21
-53
-114
-142
-164
-147
-140
-121
-105
-66
-52
-27
21
13
23
51
70
101
130
160
188
206
260
292
316
325
331
331
288
277
223
177
150
129
120
124
112
105
75
83
93
107
134
126
145
115
118
118
149
166
175
197
198
159
136
120
68
25
2
-28
-61
-125
-155
-179
-197
-175
-196
-183
-212
-212
-207
-221
-176
-178
-153
-145
-170
-160
-170
-170
-138
-111
-91
-67
-68
-84
-89
-105
-77
-74
-85
-90
-90
-80
-78
-95
-94
-76
-77
-82
-81
-66
-74
-67
-37
-33
-19
5
-12
8
4
-12
-4
0
-1
-17
-25
-39
-38
-8
-28
-7
-1
19
58
70
95
117
119
109
113
106
106
101
96
78
91
72
87
89
96
105
99
104
103
93
64
53
34
-19
-27
-13
-11
-24
-33
-16
-36
-40
-60
-70
-74
-95
-111
-120
-123
-111
-91
-84
-56
-28
2
6
27
21
23
2
10
20
12
0
-12
2
-4
-17
-28
5
15
46
28
21
52
42
42
21
