12
9
16
21
22
22
27
32
30
28
32
32
23
22
17
9
5
0
2
2
6
6
2
8
3
4
6
13
11
13
16
15
12
8
11
10
15
17
14
14
11
7
10
11
10
8
6
0
-1
-7
-6
-9
-12
-12
-14
-17
-20
-17
-15
-15
-20
-18
-19
-20
-16
-12
-9
-3
-3
-7
-7
-9
-8
-2
-1
7
15
22
29
31
37
35
36
27
27
23
22
18
13
14
10
9
5
7
6
0
-1
-4
-2
-3
-8
-8
-7
-8
-5
-4
-2
-8
-5
-5
-5
-1
-6
-7
-7
-4
-4
-1
-5
-5
-1
3
-1
3
1
3
-1
-3
-4
-8
-6
-7
-5
-9
-7
-8
-12
-10
-6
-3
0
-1
-2
3
-1
0
3
7
2
-2
-9
-19
-20
-24
-25
-27
-26
-27
-23
-20
-17
-18
-19
-19
-19
-19
-18
-17
-22
-22
-16
-16
-18
-16
-21
-24
-29
-26
-21
-15
-5
-6
-6
-4
-4
-2
2
6
9
15
22
28
31
34
38
38
41
44
39
38
34
33
40
35
33
35
34
38
37
34
32
30
22
18
13
10
10
8
5
2
-1
-3
-14
-18
-20
-21
-24
-29
-26
-31
-32
-30
-26
-26
-29
-28
-26
-26
-24
-24
-29
-26
-26
-27
-25
-21
-17
-14
-11
-9
-9
-5
0
5
4
5
7
4
5
15
13
10
14
9
7
6
6
12
10
9
13
14
15
17
21
22
22
22
24
24
23
19
10
4
2
-3
-9
-12
-13
-15
-15
-17
-6
-5
1
6
11
18
29
26
36
46
50
58
61
64
68
76
80
82
78
74
64
55
43
38
22
11
-2
-13
-26
-40
-56
-67
-78
-95
-100
-106
-106
-106
-99
-97
-94
-84
-72
-59
-51
-44
-38
-31
-29
-24
-17
-12
-17
-16
-13
-13
-16
-14
-15
-18
-17
-18
-19
-18
-20
-21
-23
-23
-17
-13
-11
-4
0
6
12
13
18
21
23
33
45
53
62
73
77
76
75
80
81
81
82
87
86
80
76
75
76
63
53
52
38
30
23
12
3
-3
-16
-24
-28
-31
-28
-30
-33
-37
-31
-31
-27
-27
-26
-21
-21
-19
-13
-12
-14
-16
-15
-21
-29
-21
-20
-23
-30
-28
-36
-44
-51
-54
-54
-55
-52
-48
-39
-39
-31
-26
-22
-21
-12
-7
-1
11
14
24
30
34
45
46
50
56
55
55
54
53
50
52
53
46
35
31
26
17
15
11
5
-2
-9
-17
-28
-35
-39
-47
-51
-56
-63
-74
-71
-65
-63
-63
-60
-59
-60
-61
-64
-58
-56
-55
-46
-35
-26
-25
-13
-15
-15
-9
-9
-3
-8
-6
-6
-7
-6
-6
-10
-2
4
9
24
26
30
35
37
36
39
37
36
37
44
50
56
61
64
71
69
71
69
74
77
77
76
71
69
64
63
56
56
50
52
50
45
37
31
32
23
23
20
14
7
7
-2
-18
-21
-26
-27
-33
-40
-46
-54
-65
-68
-71
-77
-76
-74
-66
-65
-64
-54
-53
-45
-36
-30
-26
-29
-23
-22
-26
-29
-31
-35
-37
-38
-33
-32
-33
-32
-27
-30
-27
-21
-27
-23
-21
-19
-12
-6
3
7
15
19
25
31
47
62
64
69
67
62
57
56
56
54
50
44
49
47
44
44
41
39
42
34
21
11
4
-9
-13
-15
-8
2
3
8
10
12
13
11
16
12
10
8
7
11
5
13
13
7
7
8
2
-5
-12
-14
-10
-16
-14
-24
-41
-56
-73
-86
-102
-102
-106
-105
-112
-103
-99
-89
-81
-65
-54
-39
-25
-8
-1
0
2
14
23
32
35
37
41
33
33
44
42
36
43
47
42
44
52
65
69
82
96
90
85
80
76
79
75
78
81
81
83
77
74
58
50
35
33
35
29
22
0
-10
-29
-32
-38
-36
-35
-45
-57
-72
-88
-86
-92
-90
-98
-104
-90
-88
-99
-94
-85
-84
-81
-96
-95
-103
-91
-89
-91
-91
-74
-61
-45
-42
-29
-19
-34
-25
-26
-15
-9
3
15
14
13
19
27
31
22
24
36
27
29
29
38
38
43
53
62
86
112
137
146
167
182
179
186
187
187
173
167
161
145
126
103
93
91
65
43
38
24
4
-21
-38
-48
-53
-58
-45
-43
-45
-57
-76
-83
-120
-127
-130
-137
-150
-131
-112
-117
-135
-155
-166
-179
-172
-169
-169
-184
-194
-185
-189
-201
-197
-193
-191
-201
-215
-208
-195
-182
-175
-168
-169
-160
-129
-114
-108
-80
-63
-43
-23
0
17
31
53
60
70
89
103
124
152
185
222
264
308
359
422
467
508
547
580
609
617
617
627
631
625
603
567
527
512
493
462
423
380
319
269
206
126
73
20
-21
-77
-132
-157
-186
-206
-219
-247
-248
-266
-293
-317
-330
-339
-353
-348
-365
-385
-401
-419
-456
-499
-556
-573
-607
-641
-685
-725
-759
-774
-782
-752
-697
-618
-571
-521
-471
-402
-348
-316
-257
-273
-237
-225
-197
-157
-76
-38
-5
-44
-121
-185
-208
-251
-294
-287
-256
-231
-207
-185
-130
6
131
304
452
634
785
985
1116
1237
1388
1491
1558
1599
1655
1663
1650
1590
1513
1453
1380
1213
1105
1015
882
708
572
488
311
168
45
-103
-190
-291
-397
-440
-486
-492
-460
-418
-416
-421
-402
-357
-351
-353
-351
-362
-407
-463
-510
-531
-577
-641
-659
-770
-873
-934
-1000
-1103
-1135
-1152
-1209
-1296
-1298
-1302
-1306
-1321
-1335
-1269
-1293
-1176
-1088
-953
-1117
-1405
-1752
-1750
-1667
-1888
-2096
-2138
-1790
-1566
-1438
-1386
-1044
-549
66
549
891
1331
1987
2671
3024
3126
3537
4126
4365
4212
4125
4192
4207
4010
3689
3372
3036
2691
2500
2170
1716
1241
780
450
71
-374
-742
-1059
-1281
-1591
-1903
-2066
-2096
-1795
-1683
-1655
-1553
-1130
-699
-565
-467
-42
423
524
429
460
738
867
745
546
522
556
409
156
-159
-323
-512
-984
-1541
-1793
-1834
-2017
-2392
-2552
-2502
-2388
-2453
-2584
-2389
-2019
-1797
-1721
-1463
-1019
-677
-432
-236
11
331
543
612
628
763
882
805
639
568
187
-349
-1068
-1453
-1648
-1968
-2324
-2455
-2263
-2092
-2067
-2003
-1620
-991
-385
39
371
837
1515
2121
2452
2719
3172
3642
3859
3792
3912
4159
4272
4112
3891
3735
3493
3207
2806
2460
2081
1617
1036
498
75
-366
-749
-1244
-1614
-1744
-1833
-1998
-1992
-1808
-1568
-1472
-1270
-973
-751
-532
-230
42
175
218
294
423
594
639
614
590
559
522
354
151
39
-31
-262
-626
-980
-1228
-1389
-1664
-1978
-2158
-2300
-2500
-2662
-2746
-2759
-2762
-2806
-2632
-2501
-2352
-2221
-2006
-1778
-1582
-1385
-1095
-784
-540
-362
-77
146
281
13
-308
-583
-767
-709
-996
-1140
-1253
-888
-722
-554
-571
-204
351
1018
1490
1766
2168
2759
3402
3745
3811
4100
4519
4704
4457
4246
4285
4337
4106
3809
3455
3189
2913
2643
2333
1815
1175
626
107
-380
-990
-1515
-1928
-2359
-2620
-2954
-3263
-3375
-3141
-2999
-2945
-2918
-2549
-2048
-1789
-1656
-1159
-555
-376
-411
-95
388
610
704
867
1017
1081
1137
1091
897
677
469
151
-329
-693
-895
-1103
-1585
-2040
-2132
-2107
-2260
-2545
-2567
-2351
-2327
-2262
-2117
-1874
-1601
-1393
-1041
-685
-354
-47
328
540
664
859
1106
1185
1151
1217
1172
896
246
-159
-564
-684
-1022
-1346
-1529
-1518
-1322
-1242
-1073
-885
-553
-47
507
836
1272
1742
2199
2488
2720
2998
3393
3660
3656
3654
3603
3661
3618
3411
3178
2952
2710
2275
1758
1151
714
211
-415
-1102
-1739
-2169
-2585
-2710
-2807
-2834
-2803
-2563
-2158
-1668
-1271
-862
-319
20
182
390
597
771
839
809
706
618
483
360
271
146
-37
-198
-346
-468
-561
-725
-1040
-1409
-1602
-1742
-1940
-2199
-2288
-2268
-2343
-2441
-2481
-2242
-1970
-1779
-1505
-1181
-688
-226
117
576
938
1275
1435
1523
1627
1523
1521
1335
1199
515
-255
-986
-1502
-1609
-2265
-2603
-2719
-2268
-1981
-1879
-1802
-1172
-381
438
1025
1310
1685
2276
2839
3074
3118
3466
3876
4092
3803
3619
3574
3672
3582
3313
2947
2586
2410
2189
1779
1272
668
117
-451
-1173
-1768
-2207
-2445
-2768
-2963
-3226
-3285
-3121
-2697
-2240
-1971
-1712
-1290
-729
-426
-189
221
713
790
656
660
1048
1216
1024
844
856
778
492
214
139
119
-121
-489
-908
-1208
-1256
-1385
-1740
-1940
-1906
-1821
-1880
-2057
-1936
-1580
-1483
-1564
-1411
-1201
-992
-886
-703
-327
-75
88
285
562
697
762
879
936
810
670
513
408
295
51
-380
-895
-1439
-1578
-1936
-2193
-2340
-2147
-1794
-1508
-1391
-1142
-643
-75
549
1007
1433
1913
2498
3028
3272
3518
4012
4443
4314
4016
4037
4190
4140
3755
3423
3103
2650
2094
1738
1310
978
383
-297
-946
-1532
-1814
-2159
-2394
-2579
-2582
-2612
-2518
-2402
-1980
-1503
-1186
-920
-712
-411
-125
211
418
428
436
493
662
778
678
496
441
357
123
-195
-438
-543
-740
-1063
-1436
-1704
-1929
-2071
-2411
-2688
-2891
-2974
-2892
-2854
-2743
-2558
-2402
-2211
-1847
-1371
-891
-558
-233
144
520
751
992
1139
1210
1064
1034
840
680
142
-585
-1231
-1775
-1699
-2027
-2228
-2358
-1960
-1539
-1317
-1250
-829
-166
626
1222
1460
1785
2354
3040
3436
3617
3859
4348
4709
4642
4555
4692
4873
4887
4600
4265
3990
3623
3276
2954
2316
1451
614
-49
-667
-1231
-1830
-2336
-2672
-2919
-3212
-3473
-3348
-3119
-2880
-2832
-2823
-2570
-2210
-1909
-1761
-1467
-1158
-909
-918
-834
-498
-117
-28
-80
23
277
359
157
95
163
66
-289
-660
-784
-788
-849
-1231
-1456
-1482
-1512
-1651
-1917
-1982
-1868
-1699
-1679
-1630
-1386
-1037
-803
-571
-269
53
339
527
634
863
918
1040
1078
1085
1092
1020
900
689
736
552
0
-567
-877
-831
-1027
-1392
-1548
-1343
-1117
-1138
-1250
-1048
-472
178
644
804
1112
1598
1999
2197
2305
2705
3230
3433
3364
3443
3723
3984
3913
3738
3666
3397
3018
2605
2347
1991
1595
872
222
-327
-852
-1204
-1762
-2001
-2275
-2284
-2442
-2586
-2629
-2421
-2275
-2169
-2043
-1905
-1726
-1467
-1196
-1126
-1033
-873
-606
-446
-319
-35
84
268
415
554
690
786
882
938
809
405
104
-129
-458
-929
-1389
-1777
-2132
-2524
-2825
-2945
-3001
-2925
-2695
-2451
-2157
-1793
-1363
-839
-414
-97
129
321
352
349
430
521
511
367
395
345
412
15
-286
-584
-414
-280
-518
-689
-692
-342
-211
-411
-698
-489
-202
196
396
557
754
1285
1847
2213
2591
3144
3945
4483
4579
4720
4995
5180
4998
4607
4265
3782
3183
2741
2199
1587
809
251
-207
-723
-1254
-1674
-1955
-2208
-2601
-3072
-3299
-3451
-3453
-3523
-3618
-3575
-3405
-3142
-2928
-2649
-2070
-1423
-1019
-723
-214
548
1045
1231
1502
1843
2014
1824
1623
1560
1468
1131
634
180
-209
-533
-1000
-1617
-1973
-2200
-2394
-2684
-3021
-2973
-2874
-2843
-2904
-2729
-2364
-2088
-2029
-1840
-1361
-903
-500
-176
222
570
834
899
1113
1354
1522
1629
1650
1616
1762
1637
1235
796
246
-41
-615
-1118
-1409
-1313
-1427
-1667
-1871
-1615
-1229
-767
-283
211
852
1520
2164
2690
3351
4036
4621
4926
5024
5120
5288
5240
4909
4496
4056
3557
2900
2377
1975
1493
915
152
-548
-1025
-1458
-1919
-2542
-3006
-3566
-3987
-4333
-4676
-4658
-4511
-4467
-4411
-4086
-3558
-2933
-2286
-1540
-936
-268
527
1142
1573
1905
2286
2580
2660
2666
2621
2548
2223
1752
1306
956
423
-122
-698
-1226
-1978
-2539
-2820
-3106
-3260
-3443
-3488
-3424
-3167
-2720
-2167
-1791
-1438
-1055
-672
-372
-139
218
446
539
515
594
655
703
921
917
986
1113
1310
1271
900
391
-82
-69
-802
-1452
-1940
-1817
-1825
-2098
-2372
-2211
-1862
-1294
-535
-29
574
1296
2335
3174
3797
4398
5273
5931
5929
5727
5664
5790
5632
5158
4577
3955
3332
2840
2333
1777
1178
539
-29
-744
-1410
-1910
-2294
-2810
-3428
-3939
-4458
-4818
-4822
-4645
-4518
-4565
-4322
-3777
-3008
-2409
-1753
-799
24
464
847
1518
2093
2324
2457
2478
2433
2222
1991
1833
1436
873
298
-245
-700
-1060
-1479
-1976
-2654
-3109
-3363
-3521
-3822
-3912
-3733
-3721
-3802
-3659
-3175
-2661
-2337
-1915
-1372
-980
-617
-29
746
1291
1628
2058
2508
2887
2916
3035
3235
3089
2896
2787
2538
2162
1335
642
-233
-880
-1430
-1944
-2288
-2539
-2661
-2676
-2582
-2357
-1755
-1078
-298
400
1222
1920
2634
3392
4027
4490
4778
4935
5062
5037
4828
4643
4325
3970
3292
2753
2340
1926
1429
860
362
-90
-641
-1240
-1744
-2240
-2663
-3202
-3789
-4261
-4598
-4705
-4735
-4691
-4452
-4010
-3473
-2724
-1921
-992
-80
782
1550
2228
2879
3326
3518
3534
3501
3262
2914
2471
2035
1553
1014
397
-87
-619
-1158
-1655
-2161
-2558
-2893
-3081
-3192
-3237
-3330
-3340
-3327
-3248
-3122
-2902
-2528
-2364
-2122
-1676
-1069
-615
-281
79
507
873
1065
1256
1504
1740
1774
1718
1649
1842
1747
1659
788
83
-739
-1084
-1274
-1959
-2382
-2685
-2506
-2466
-2360
-2136
-1524
-887
108
826
1382
2074
3085
4039
4503
4704
4978
5515
5700
5267
4894
4714
4487
3881
3215
2721
2252
1739
1354
750
225
-487
-988
-1504
-2097
-2696
-3270
-3847
-4447
-4892
-5306
-5500
-5580
-5365
-5011
-4570
-4019
-3206
-2297
-1494
-716
234
1206
1875
2334
2651
3078
3305
3077
2966
3063
2905
2527
2241
2051
1995
1819
1594
1233
905
601
150
-404
-955
-1348
-1843
-2493
-3226
-3445
-3522
-3628
-3622
-3497
-3040
-2618
-2157
-1544
-704
18
481
921
1366
1753
2102
2353
2336
2301
2155
2004
1811
1592
1605
1541
1330
1088
567
341
-36
-302
-561
-1039
-1303
-1598
-1624
-1655
-1606
-1533
-1252
-1004
-602
-197
161
444
804
1163
1305
1477
1632
2013
2053
1789
1713
1771
1728
1454
1186
1115
1092
788
479
313
196
3
-410
-910
-1348
-1628
-2002
-2497
-3004
-3317
-3171
-3032
-2945
-2585
-2080
-1393
-778
-175
701
1460
1975
2426
2884
3096
3079
3061
2992
2753
2303
2046
1897
1559
1219
1179
976
690
371
133
21
-327
-655
-1057
-1514
-2008
-2499
-2880
-3111
-3394
-3526
-3577
-3537
-3449
-3092
-2521
-2057
-1625
-1159
-603
-194
275
688
1011
1136
1086
1124
1180
1286
1181
1305
1350
1305
1286
1520
1348
962
282
143
179
-548
-1013
-1372
-1204
-1393
-1762
-2129
-1907
-1578
-1023
-727
-517
-287
397
1147
1488
1748
2194
2886
3097
2949
2842
2847
2989
2873
2583
2219
2020
1883
1966
1757
1361
887
538
343
-84
-608
-957
-1288
-1739
-2113
-2530
-2635
-2713
-2527
-2579
-2630
-2406
-2058
-1377
-1167
-839
-288
349
563
731
1080
1610
1899
1925
1966
2139
2389
2315
2218
2217
2262
2111
1806
1451
1171
858
243
-520
-1058
-1498
-1996
-2551
-3157
-3492
-3729
-4046
-4096
-3938
-3627
-3294
-3000
-2458
-1806
-1321
-864
-452
59
359
661
935
1242
1504
1672
1824
1941
2129
2296
2464
2564
2640
2332
1895
1304
711
369
-286
-967
-1811
-2215
-2667
-3225
-3686
-3789
-3719
-3614
-3447
-3279
-2744
-2112
-1403
-925
-451
215
991
1567
2013
2525
2956
3280
3396
3530
3704
3994
4018
3895
3748
3456
3270
3006
2677
2089
1474
754
279
-432
-950
-1305
-1545
-1616
-1872
-1878
-1717
-1455
-1177
-840
-617
-282
146
610
1014
1274
1432
1730
2038
2156
2312
2572
2673
2623
2559
2568
2574
2182
1660
1115
473
-338
-1188
-1994
-2742
-3541
-4251
-4835
-5286
-5538
-5692
-5661
-5510
-5217
-4816
-4399
-3915
-3454
-2977
-2405
-1855
-1228
-677
-156
325
806
1357
1950
2447
2926
3422
3758
4162
4304
4222
3651
2881
1993
1611
835
-232
-1268
-2042
-2392
-2914
-3488
-3734
-3711
-3523
-3077
-2820
-2298
-1694
-754
102
660
1139
1884
2895
3366
3577
3915
4550
5041
5156
5299
5496
5670
5612
5587
5290
4827
4153
3501
2701
1813
977
165
-695
-1524
-2326
-3197
-3870
-4248
-4272
-4433
-4656
-4713
-4544
-4139
-3924
-3596
-2963
-2250
-1805
-1382
-715
29
636
1164
1748
2221
2707
2979
3098
3066
2920
2733
2219
1380
645
119
-619
-1559
-2479
-3144
-3666
-4285
-4927
-5111
-5110
-5042
-4861
-4586
-4056
-3568
-3047
-2411
-1837
-1280
-447
417
1159
1761
2452
3177
3638
4032
4382
4688
4809
4676
4564
4523
4231
3776
3297
2537
1620
555
-420
-1170
-2128
-3033
-3725
-4091
-4411
-4664
-4792
-4737
-4421
-3966
-3413
-2685
-2025
-1192
-302
512
1271
2168
3175
3926
4276
4771
5388
5702
5784
5845
5914
5806
5305
4666
4080
3532
2897
2087
1080
85
-846
-1790
-2522
-3286
-3814
-4195
-4589
-4793
-4663
-4402
-3965
-3579
-3127
-2523
-1891
-1273
-706
-76
403
690
1047
1466
1751
1981
2036
2103
2058
1935
1730
1538
1273
876
233
-465
-1080
-1625
-1996
-2603
-3229
-3787
-4209
-4506
-4667
-4572
-4432
-4179
-3918
-3573
-3078
-2545
-1925
-1182
-401
249
876
1601
2192
2809
3299
3839
4106
4342
4434
4498
4419
4070
3763
3364
2844
1756
872
-30
-504
-1190
-1924
-2497
-2800
-2845
-2982
-3208
-3333
-3113
-2729
-2131
-1835
-1542
-1123
-297
513
1064
1703
2442
3387
3872
4312
4741
5247
5619
5719
5660
5416
5051
4562
4183
3429
2577
1521
604
-265
-1139
-2002
-2685
-3144
-3649
-4201
-4654
-4769
-4672
-4567
-4629
-4702
-4637
-4143
-3617
-3330
-2999
-2417
-1753
-1445
-1203
-556
455
1205
1600
2004
2466
2860
3069
3130
3136
2895
2417
1882
1214
750
337
-379
-1112
-1699
-2227
-2670
-3099
-3448
-3467
-3484
-3562
-3499
-3124
-2511
-1970
-1346
-690
21
813
1615
2273
2863
3410
3757
4010
4108
4091
3919
3557
3098
2793
2468
2006
1599
1258
951
314
-333
-921
-1382
-1651
-2270
-3012
-3512
-3713
-3839
-4167
-4507
-4636
-4617
-4311
-3911
-3345
-2582
-1712
-808
12
848
1914
3091
3982
4449
4773
5130
5373
5365
5217
5179
4943
4262
3516
2863
2428
1939
1245
377
-341
-969
-1424
-1971
-2528
-2980
-3373
-3533
-3804
-3756
-3524
-3130
-2823
-2634
-2185
-1636
-992
-418
25
415
828
1227
1622
1946
2231
2460
2495
2485
2383
2438
2488
2363
2023
1665
1239
804
345
-25
-459
-1140
-1790
-2495
-2882
-3276
-3484
-3513
-3566
-3581
-3564
-3136
-2552
-1961
-1457
-922
-425
70
560
1032
1433
1637
1864
2009
2033
2094
2131
2052
1936
1605
1343
1203
1149
794
285
-368
-877
-1236
-1914
-2536
-3066
-3310
-3460
-3806
-4168
-4164
-3859
-3455
-3065
-2686
-2117
-1301
-302
520
1279
2136
3035
3799
4277
4709
5204
5695
5725
5473
5163
4977
4571
4061
3454
2819
2097
1269
574
-40
-634
-1256
-1859
-2387
-2820
-3192
-3589
-3803
-3758
-3785
-3838
-4048
-3855
-3460
-3154
-2877
-2439
-1764
-1062
-555
147
961
1706
2101
2619
3248
3785
4093
4314
4459
4431
4149
3704
3141
2496
1829
1104
122
-906
-1828
-2479
-3098
-3713
-4079
-4239
-4192
-4182
-3953
-3368
-2775
-2350
-1822
-1187
-634
-186
284
720
964
1005
1040
1180
1133
1044
1041
1001
884
764
781
866
880
873
908
960
731
294
-195
-793
-1250
-2001
-2815
-3540
-4063
-4457
-4737
-4903
-4821
-4442
-3856
-3089
-2304
-1342
-275
846
1893
2822
3739
4673
5357
5765
6020
6118
6087
5806
5346
4905
4499
3935
3338
2745
2227
1681
1079
544
3
-482
-1085
-1604
-2047
-2402
-2742
-3116
-3388
-3517
-3439
-3397
-3244
-2933
-2446
-2019
-1527
-1011
-308
494
1178
1927
2572
3139
3525
3865
4130
4210
4107
3776
3404
2799
2103
1348
575
-357
-1272
-2152
-2987
-3626
-4140
-4543
-4866
-5119
-5144
-4920
-4688
-4287
-3853
-3365
-2842
-2430
-1910
-1399
-982
-584
-182
59
404
773
1165
1588
1834
2060
2192
2410
2646
2856
3025
2933
2677
2411
1950
1135
210
-725
-1437
-2372
-3439
-4371
-4822
-5016
-5107
-5212
-4985
-4375
-3608
-2721
-1870
-884
262
1540
2605
3451
4234
5106
5781
6052
6073
6097
6216
6004
5606
5177
4863
4308
3709
3165
2616
2089
1387
849
231
-360
-1066
-1698
-2363
-3066
-3689
-4294
-4710
-5010
-5088
-5166
-5085
-4758
-4040
-3308
-2603
-1787
-803
265
1111
1906
2780
3631
4153
4455
4508
4628
4684
4466
3987
3325
2789
2160
1365
508
-172
-777
-1530
-2486
-3102
-3456
-3725
-4081
-4551
-4629
-4537
-4514
-4432
-4106
-3675
-3244
-2849
-2379
-1779
-1102
-442
-33
343
787
1358
1725
1996
2380
2692
2891
2825
2714
2700
2742
2453
2079
1595
1187
649
152
-459
-1354
-2231
-3155
-3801
-4470
-4868
-5093
-5083
-4983
-4676
-4254
-3627
-2873
-2029
-986
-35
831
1623
2654
3527
4141
4608
5167
5664
5790
5824
5805
5893
5676
5311
4889
4537
4137
3535
2886
2189
1540
862
126
-765
-1556
-2239
-2805
-3489
-3973
-4195
-4258
-4180
-3975
-3507
-2905
-2326
-1701
-813
73
962
1708
2351
2948
3345
3638
3742
3824
3741
3455
3051
2604
2021
1363
702
21
-639
-1352
-2017
-2727
-3289
-3876
-4571
-5115
-5476
-5670
-5819
-5882
-5822
-5553
-5093
-4555
-3993
-3270
-2494
-1703
-933
-128
686
1439
2145
2760
3224
3590
3872
4143
4209
4192
4030
3677
3199
2721
2250
1813
1310
625
-262
-1186
-2225
-2951
-3411
-4081
-4662
-5074
-5116
-4977
-4725
-4405
-3884
-3130
-2197
-1304
-380
690
1842
3012
3935
4601
5315
6093
6761
6974
6969
6924
6867
6609
6136
5655
5193
4612
3840
2968
2136
1397
526
-459
-1447
-2236
-2957
-3688
-4316
-4797
-5211
-5608
-5844
-5752
-5457
-5114
-4565
-3840
-2981
-2087
-1204
-145
970
1847
2396
2873
3349
3819
4055
4037
3861
3694
3414
2941
2423
1901
1434
742
-73
-889
-1589
-2147
-2846
-3523
-4140
-4626
-5020
-5358
-5467
-5348
-5180
-4902
-4478
-3926
-3145
-2352
-1448
-586
263
1073
1833
2499
2943
3388
3672
3779
3699
3580
3435
3195
2756
2284
1865
1498
1128
546
56
-413
-797
-1266
-1675
-2105
-2708
-3318
-3909
-4119
-4253
-4344
-4381
-4139
-3616
-2976
-2393
-1617
-621
538
1621
2560
3433
4244
5034
5618
5896
5996
6099
6017
5621
5126
4761
4377
3846
3141
2431
1926
1339
704
109
-374
-846
-1535
-2199
-2864
-3237
-3457
-3731
-4007
-4129
-4057
-3847
-3537
-3013
-2247
-1412
-619
79
911
1736
2493
3107
3503
3696
3782
3728
3580
3338
2832
2186
1480
780
-27
-828
-1596
-2279
-2918
-3684
-4462
-5009
-5322
-5473
-5595
-5768
-5691
-5362
-4946
-4446
-3932
-3180
-2462
-1682
-937
-72
851
1682
2409
2993
3588
4094
4449
4601
4655
4563
4468
4292
3936
3529
3097
2549
1862
1131
486
-94
-730
-1347
-1919
-2434
-3020
-3572
-4010
-4353
-4479
-4569
-4461
-4178
-3649
-2931
-2218
-1579
-653
357
1406
2396
3102
3752
4482
5090
5443
5620
5706
5698
5505
5047
4561
4123
3622
2997
2206
1437
765
106
-560
-1146
-1780
-2424
-2984
-3490
-3806
-4046
-4249
-4358
-4438
-4332
-4111
-3746
-3218
-2661
-1906
-1239
-540
308
1244
2095
2743
3167
3527
3767
3731
3558
3383
3152
2625
1937
1398
998
548
-53
-596
-1056
-1604
-2219
-2833
-3208
-3474
-3833
-4121
-4290
-4313
-4215
-4055
-3704
-3276
-2669
-1971
-1178
-286
653
1535
2287
2918
3487
3920
4173
4404
4357
4095
3697
3247
2718
2159
1541
923
309
-296
-778
-1272
-1683
-2075
-2405
-2681
-2875
-3058
-3161
-3168
-3149
-3254
-3301
-3277
-3068
-2752
-2390
-2107
-1707
-1121
-437
160
741
1303
1794
2333
2710
3047
3328
3538
3586
3506
3323
3149
3022
2860
2533
2085
1676
1302
1015
712
433
235
-50
-313
-573
-614
-572
-561
-692
-787
-746
-607
-435
-230
-5
120
305
487
848
1151
1395
1495
1582
1676
1703
1679
1510
1372
1171
923
558
174
-112
-414
-842
-1368
-1730
-1976
-2145
-2340
-2505
-2666
-2801
-2967
-2989
-2835
-2630
-2470
-2387
-2158
-1792
-1398
-1003
-574
-91
340
710
985
1305
1690
2041
2156
2087
2051
1968
1838
1527
1205
831
398
-25
-438
-760
-961
-1218
-1422
-1648
-1925
-2080
-2191
-2312
-2366
-2324
-2225
-2146
-2074
-1792
-1367
-911
-722
-560
-302
-8
364
571
747
899
1072
1157
1136
1034
937
910
925
953
862
831
843
960
1061
1091
1219
1428
1671
1747
1764
1847
1928
1971
1839
1593
1414
1298
1123
893
688
633
610
597
573
554
658
794
803
846
854
929
880
796
780
647
409
91
-141
-329
-506
-730
-914
-1049
-1045
-1111
-1230
-1304
-1420
-1506
-1567
-1570
-1559
-1575
-1585
-1536
-1445
-1237
-1106
-979
-815
-670
-445
-273
35
378
654
816
755
835
860
845
796
684
550
293
-20
-315
-571
-762
-964
-1289
-1617
-1771
-1802
-1820
-1836
-1847
-1831
-1745
-1601
-1418
-1142
-869
-654
-546
-449
-319
-220
-270
-294
-478
-524
-550
-648
-702
-675
-576
-538
-458
-332
-34
232
510
811
1041
1178
1385
1711
1942
2190
2334
2536
2814
2927
2965
2954
3088
3170
3017
2948
2881
2871
2766
2553
2320
2091
1845
1505
1191
871
556
242
-119
-511
-771
-1079
-1284
-1548
-1776
-1965
-2151
-2317
-2390
-2341
-2323
-2203
-2024
-1810
-1621
-1391
-1029
-650
-337
31
384
754
1058
1132
1262
1283
1276
1080
847
621
333
38
-349
-647
-882
-997
-1197
-1361
-1406
-1365
-1398
-1385
-1390
-1414
-1411
-1493
-1493
-1545
-1551
-1652
-1856
-1986
-2005
-1906
-1847
-1660
-1410
-1117
-828
-531
-199
135
520
779
956
1004
1062
1020
936
791
622
490
339
98
-312
-632
-869
-968
-1101
-1254
-1322
-1268
-1081
-858
-707
-522
-202
213
694
1145
1527
1853
2302
2691
2992
3298
3717
4103
4230
4212
4178
4258
4242
4071
3828
3597
3305
2892
2529
2169
1794
1369
842
297
-182
-581
-926
-1352
-1765
-2076
-2355
-2598
-2741
-2733
-2644
-2532
-2456
-2212
-1877
-1488
-1103
-715
-346
-23
241
412
620
715
731
681
524
193
-170
-501
-848
-1216
-1522
-1762
-1919
-2024
-2143
-2130
-2094
-1994
-1883
-1740
-1627
-1531
-1452
-1420
-1362
-1436
-1503
-1476
-1512
-1471
-1374
-1278
-1124
-880
-616
-339
-27
287
659
902
1052
1157
1137
1148
1047
864
697
486
213
-27
-180
-392
-548
-754
-928
-1020
-1009
-1008
-1053
-987
-817
-541
-279
-34
219
506
927
1410
1881
2308
2799
3183
3557
3860
4094
4254
4333
4304
4100
3921
3729
3454
3097
2683
2281
1898
1431
961
530
103
-256
-644
-1007
-1338
-1680
-1986
-2325
-2583
-2825
-3003
-3170
-3258
-3223
-3115
-2964
-2734
-2388
-2012
-1587
-1092
-565
11
471
766
1119
1403
1596
1724
1797
1762
1717
1567
1310
1082
820
654
414
131
-139
-411
-713
-1028
-1285
-1560
-1721
-1914
-2153
-2290
-2315
-2336
-2326
-2299
-2182
-1993
-1817
-1564
-1279
-980
-725
-515
-225
72
279
466
634
771
834
854
834
864
872
823
741
678
625
555
448
281
115
-72
-201
-319
-451
-594
-770
-982
-1127
-1165
-1216
-1147
-1060
-879
-574
-297
38
353
681
1086
1457
1819
2141
2389
2602
2770
2924
3002
3088
3152
3066
2979
2830
2684
2533
2316
2103
1823
1551
1248
853
457
125
-257
-633
-1059
-1436
-1685
-1902
-2106
-2288
-2337
-2377
-2341
-2285
-2073
-1771
-1524
-1270
-1002
-701
-433
-148
34
201
321
434
529
479
450
330
243
153
35
-70
-199
-356
-579
-811
-982
-1143
-1288
-1426
-1559
-1558
-1507
-1437
-1297
-1140
-906
-657
-420
-268
-59
161
360
501
584
660
670
631
539
509
389
318
267
185
89
22
-47
-59
-87
-139
-154
-195
-262
-333
-350
-376
-401
-471
-520
-575
-648
-716
-838
-838
-799
-748
-625
-512
-347
-154
124
378
617
926
1194
1395
1619
1886
2025
2114
2085
2025
1995
1919
1745
1531
1347
1135
983
788
663
624
581
554
590
625
701
742
704
593
460
323
92
-131
-394
-605
-836
-1012
-1104
-1155
-1182
-1167
-1111
-1052
-881
-713
-465
-248
-43
187
344
455
502
506
521
512
433
355
260
232
168
67
-63
-197
-296
-420
-498
-500
-504
-483
-540
-590
-578
-542
-493
-523
-634
-816
-911
-1026
-1127
-1200
-1293
-1491
-1642
-1737
-1741
-1675
-1666
-1640
-1626
-1565
-1473
-1262
-1045
-899
-741
-673
-589
-402
-222
-86
4
22
53
97
157
277
438
570
639
597
565
498
393
253
96
2
-127
-131
-68
40
136
182
352
554
781
1071
1386
1668
1885
2133
2388
2637
2937
3135
3253
3372
3447
3546
3613
3639
3579
3467
3193
2928
2523
2079
1631
1014
397
-311
-933
-1543
-2096
-2556
-2972
-3355
-3630
-3746
-3685
-3448
-3194
-2852
-2509
-2137
-1699
-1230
-764
-331
100
508
853
1170
1462
1676
1858
1966
2029
1973
1857
1681
1407
1096
690
222
-307
-827
-1301
-1714
-2104
-2537
-2915
-3188
-3398
-3512
-3563
-3541
-3424
-3290
-3133
-2925
-2640
-2284
-1990
-1672
-1372
-1044
-683
-287
188
629
1042
1464
1873
2189
2394
2576
2702
2679
2543
2311
1991
1631
1197
688
213
-191
-590
-1014
-1393
-1718
-1957
-2059
-2099
-2036
-1872
-1623
-1332
-997
-678
-283
167
657
1129
1560
1932
2263
2675
3079
3437
3732
4004
4244
4385
4378
4368
4323
4153
3832
3411
2978
2427
1815
1169
447
-284
-1039
-1786
-2453
-3036
-3559
-3990
-4313
-4478
-4449
-4258
-3917
-3487
-2957
-2325
-1680
-1007
-314
411
1061
1630
2134
2510
2809
2994
3152
3196
3061
2823
2502
2224
1861
1404
884
338
-305
-944
-1521
-2049
-2565
-2965
-3296
-3592
-3757
-3825
-3806
-3761
-3640
-3489
-3293
-3017
-2692
-2340
-1972
-1588
-1171
-810
-401
24
455
812
1138
1465
1826
2067
2174
2207
2150
2043
1800
1515
1163
809
396
-29
-507
-914
-1236
-1528
-1695
-1825
-1803
-1710
-1574
-1326
-1016
-721
-351
30
430
812
1165
1480
1669
1864
2098
2292
2566
2776
2955
3130
3215
3369
3482
3555
3570
3519
3378
3093
2801
2428
2037
1589
1049
453
-132
-716
-1233
-1705
-2175
-2572
-2891
-3102
-3220
-3257
-3206
-3089
-2906
-2689
-2402
-1974
-1545
-1101
-632
-214
172
511
875
1208
1430
1593
1718
1755
1740
1721
1639
1468
1266
1004
652
261
-143
-527
-924
-1335
-1716
-2100
-2402
-2616
-2822
-2920
-2986
-2972
-2893
-2747
-2482
-2138
-1759
-1423
-1019
-573
-188
148
452
716
992
1206
1364
1506
1595
1638
1603
1556
1498
1372
1247
1082
859
601
368
104
-206
-514
-920
-1289
-1599
-1854
-1968
-2079
-2074
-1985
-1828
-1548
-1253
-882
-470
-4
485
925
1380
1805
2141
2407
2662
2809
2890
2965
3014
3014
2942
2815
2664
2483
2295
2093
1861
1631
1328
953
592
231
-111
-478
-824
-1133
-1407
-1673
-1874
-2012
-2126
-2102
-2034
-1938
-1777
-1541
-1301
-1013
-734
-418
-86
238
560
876
1175
1413
1596
1754
1874
1934
1931
1823
1753
1638
1463
1182
862
527
81
-419
-884
-1260
-1623
-1982
-2287
-2498
-2665
-2765
-2810
-2758
-2602
-2427
-2190
-1946
-1660
-1331
-1024
-773
-508
-268
-51
101
160
205
246
266
281
312
346
348
341
320
294
242
190
151
92
-2
-163
-337
-471
-675
-869
-1083
-1279
-1410
-1570
-1593
-1542
-1421
-1252
-989
-669
-272
194
638
1099
1569
1994
2344
2625
2842
2968
3024
3042
2951
2740
2538
2259
1990
1749
1473
1232
982
782
595
407
251
120
9
-111
-240
-302
-342
-402
-455
-539
-603
-682
-716
-707
-711
-659
-578
-481
-384
-234
-76
67
214
322
433
546
649
679
600
520
415
242
82
-63
-175
-304
-452
-636
-813
-965
-1101
-1231
-1370
-1484
-1590
-1639
-1644
-1633
-1523
-1458
-1363
-1186
-1027
-818
-611
-381
-156
96
267
399
516
596
668
678
636
570
502
394
332
209
98
17
-59
-83
-76
-132
-165
-219
-305
-333
-429
-467
-572
-663
-763
-882
-986
-1096
-1121
-1128
-1112
-1019
-842
-603
-335
4
318
642
945
1258
1536
1702
1797
1819
1816
1793
1721
1625
1532
1409
1312
1186
1064
974
918
891
859
850
841
786
687
581
455
303
144
-87
-332
-543
-733
-850
-935
-1005
-1013
-1011
-951
-824
-661
-453
-283
-86
73
202
323
366
433
450
444
469
386
305
219
148
86
-28
-93
-125
-175
-217
-311
-398
-456
-510
-560
-575
-581
-596
-629
-678
-691
-693
-712
-676
-688
-719
-713
-672
-605
-515
-415
-344
-242
-173
-98
-18
32
80
125
142
154
165
152
117
18
-74
-154
-290
-420
-500
-583
-669
-803
-905
-1001
-1087
-1125
-1219
-1320
-1397
-1376
-1278
-1114
-944
-765
-512
-274
-10
282
595
871
1078
1259
1383
1531
1669
1796
1886
1919
1934
1941
1953
1980
1971
1915
1901
1845
1778
1722
1663
1622
1519
1400
1327
1148
937
736
512
255
23
-183
-388
-582
-762
-872
-1000
-1039
-1040
-976
-862
-792
-714
-595
-461
-318
-193
-105
-33
14
47
-4
-64
-45
-94
-176
-288
-429
-482
-553
-629
-680
-743
-786
-859
-912
-973
-973
-974
-1028
-1087
-1138
-1193
-1153
-1053
-942
-836
-753
-636
-566
-466
-355
-256
-150
-59
38
85
121
102
75
63
60
55
47
76
55
67
41
-6
-62
-150
-249
-303
-330
-456
-521
-547
-560
-545
-531
-517
-472
-448
-376
-281
-136
42
214
373
539
746
941
1097
1214
1311
1372
1443
1471
1522
1532
1567
1592
1566
1542
1488
1423
1324
1230
1162
1089
994
853
681
523
394
301
194
79
-78
-222
-373
-545
-707
-796
-834
-845
-800
-738
-676
-607
-532
-477
-349
-222
-105
-11
97
182
230
255
264
270
260
213
168
98
45
-56
-133
-196
-300
-417
-553
-688
-804
-874
-964
-1036
-1104
-1159
-1174
-1166
-1078
-981
-856
-745
-654
-494
-332
-164
23
186
306
446
547
618
604
592
544
412
279
152
0
-154
-319
-474
-581
-683
-796
-895
-992
-1052
-1095
-1117
-1170
-1205
-1207
-1229
-1236
-1216
-1118
-979
-813
-610
-355
-99
183
483
777
1096
1390
1610
1799
1951
2098
2189
2258
2297
2266
2206
2104
2066
1967
1846
1741
1584
1440
1284
1111
915
745
529
317
69
-187
-452
-678
-894
-1115
-1284
-1436
-1557
-1615
-1594
-1575
-1468
-1368
-1182
-920
-613
-271
-43
159
365
502
635
719
772
803
678
556
435
330
191
-7
-172
-386
-592
-727
-817
-919
-988
-1091
-1153
-1178
-1241
-1201
-1146
-1091
-966
-783
-563
-340
-90
209
508
740
936
1107
1249
1312
1334
1341
1271
1214
1121
980
892
743
559
349
169
-49
-286
-460
-634
-814
-1035
-1253
-1463
-1616
-1736
-1861
-1935
-1998
-2012
-1929
-1738
-1561
-1321
-1005
-655
-288
123
497
759
1036
1275
1426
1536
1603
1632
1620
1603
1580
1459
1360
1243
1060
864
708
532
375
260
164
61
-30
-126
-224
-300
-398
-482
-548
-564
-554
-603
-594
-531
-388
-182
-17
222
454
633
782
1000
1183
1322
1429
1519
1530
1517
1457
1320
1132
907
721
489
286
79
-134
-336
-534
-756
-896
-957
-1067
-1160
-1227
-1252
-1212
-1159
-1087
-980
-834
-683
-525
-343
-192
-34
119
269
397
469
549
658
657
619
572
477
348
166
-11
-204
-423
-619
-837
-1098
-1373
-1603
-1799
-1984
-2132
-2250
-2317
-2347
-2300
-2230
-2103
-1946
-1800
-1639
-1427
-1159
-902
-591
-313
-48
269
598
898
1150
1396
1616
1799
1972
2060
2118
2165
2122
2056
2007
1975
1861
1726
1562
1404
1213
1017
839
641
487
323
214
130
54
32
11
11
41
73
120
164
221
292
370
434
526
604
633
593
544
469
392
280
133
1
-142
-221
-249
-291
-304
-293
-310
-315
-327
-355
-407
-466
-521
-556
-626
-683
-688
-717
-723
-701
-675
-623
-540
-425
-247
-73
85
235
397
578
742
916
1037
1144
1153
1094
985
806
605
380
88
-256
-594
-896
-1148
-1388
-1596
-1787
-1957
-2049
-2106
-2081
-2043
-1969
-1869
-1792
-1688
-1570
-1373
-1216
-1048
-853
-690
-542
-347
-164
27
235
396
547
667
793
885
971
1046
1080
1080
1019
962
881
766
660
591
509
426
311
188
90
4
-40
-48
-30
38
73
144
269
374
512
636
718
793
881
928
1004
1065
1092
1097
1109
1123
1124
1132
1143
1157
1146
1118
1065
999
890
832
710
620
562
432
311
172
32
-113
-209
-290
-326
-331
-366
-396
-396
-412
-436
-452
-437
-423
-370
-299
-270
-244
-243
-284
-334
-357
-409
-424
-424
-442
-485
-505
-530
-614
-664
-741
-808
-888
-1017
-1151
-1289
-1408
-1476
-1515
-1579
-1608
-1646
-1706
-1683
-1605
-1488
-1329
-1163
-981
-839
-688
-510
-383
-277
-177
-40
123
278
451
601
763
896
987
1076
1167
1217
1259
1295
1299
1290
1232
1128
1038
1008
929
837
787
715
668
596
526
493
482
452
376
336
324
296
309
365
398
416
413
388
372
307
253
211
182
128
66
44
2
-31
-41
-29
2
7
-13
-14
-43
-10
38
97
191
225
257
244
265
296
306
331
337
325
293
258
241
137
32
-28
-163
-277
-358
-485
-571
-604
-666
-708
-724
-710
-688
-662
-665
-677
-675
-657
-665
-670
-723
-764
-766
-780
-798
-811
-795
-771
-764
-761
-702
-677
-617
-545
-463
-337
-217
-114
-17
30
81
135
186
228
222
195
140
101
59
23
31
45
62
88
97
142
147
168
196
200
215
228
237
264
204
148
130
114
92
58
63
88
178
280
345
414
520
631
731
781
834
881
898
879
800
738
649
591
554
498
445
357
329
322
371
407
426
472
565
633
667
704
718
699
611
500
422
313
169
35
-33
-118
-233
-304
-359
-454
-482
-484
-508
-512
-548
-576
-591
-573
-593
-589
-600
-627
-646
-684
-654
-585
-566
-555
-505
-456
-433
-399
-382
-318
-240
-144
-80
-54
-10
4
-47
-32
-12
-20
-23
-92
-198
-246
-293
-350
-396
-453
-488
-537
-557
-556
-552
-543
-533
-500
-455
-433
-394
-355
-315
-253
-197
-137
-134
-84
-44
15
104
134
166
142
131
149
97
112
120
79
53
43
61
66
77
97
116
164
186
238
307
347
392
441
465
506
559
594
629
699
759
798
888
952
1037
1061
1109
1163
1179
1166
1133
1088
1038
977
897
821
717
627
485
348
211
93
16
-60
-130
-229
-281
-358
-444
-496
-558
-662
-739
-772
-846
-838
-822
-818
-791
-693
-614
-501
-376
-243
-117
-39
24
83
92
113
131
86
41
-3
-78
-148
-232
-347
-377
-429
-461
-472
-507
-554
-544
-567
-552
-602
-669
-692
-749
-773
-782
-751
-718
-735
-743
-748
-727
-697
-622
-542
-446
-340
-265
-154
-32
22
100
129
167
157
113
110
133
131
169
201
123
61
57
42
57
121
165
264
301
373
455
586
665
737
810
821
854
866
885
913
910
903
936
988
981
953
935
875
864
846
768
721
660
592
565
455
377
312
222
138
6
-90
-236
-298
-368
-418
-471
-539
-526
-519
-484
-447
-424
-397
-318
-238
-157
-34
22
75
92
121
126
96
69
5
-43
-105
-153
-210
-239
-316
-393
-438
-532
-605
-726
-777
-839
-885
-905
-888
-880
-809
-753
-726
-673
-624
-522
-471
-355
-314
-335
-350
-314
-300
-297
-308
-316
-341
-364
-356
-392
-427
-363
-353
-337
-275
-165
-120
-50
47
168
170
260
340
306
347
344
334
351
343
386
378
433
484
508
668
736
863
977
1100
1177
1282
1350
1346
1334
1382
1361
1338
1242
1201
1154
1001
926
945
822
755
714
670
536
431
341
178
55
-45
-205
-398
-456
-572
-662
-743
-817
-822
-879
-920
-916
-978
-966
-1045
-1061
-966
-931
-832
-740
-693
-625
-563
-436
-381
-323
-269
-223
-248
-188
-136
-189
-153
-203
-239
-264
-270
-238
-251
-257
-262
-373
-397
-377
-341
-395
-416
-385
-413
-453
-432
-355
-403
-414
-353
-366
-436
-413
-399
-402
-340
-355
-379
-336
-302
-203
-192
-17
152
-14
131
246
232
279
319
422
387
447
528
555
505
635
705
781
782
838
993
1064
1094
1191
1248
1224
1215
1187
1246
1126
1077
949
842
809
651
565
557
425
426
340
374
172
119
246
120
16
-54
20
-187
-232
-214
-359
-321
-627
-270
-564
-818
-351
-540
-504
-378
-289
-356
-416
-227
-327
-337
-322
-410
-513
-626
-595
-592
-500
-479
-457
-531
-508
-470
-461
-516
-386
-518
-433
-700
-495
-469
-548
-478
-434
-393
-383
-264
-418
-372
-388
-404
-449
-385
-405
-276
-190
-85
35
83
171
142
-32
92
-112
-143
-54
-229
-119
-149
11
48
131
251
101
165
180
0
194
105
85
163
189
286
253
507
356
572
493
640
674
696
570
522
743
567
585
694
741
633
552
340
565
81
303
379
141
402
387
490
618
614
492
458
371
236
244
140
138
99
-53
65
-3
-18
-84
-116
-114
-228
-102
-224
-227
-201
-57
-198
-185
-150
-341
-59
-336
-112
-241
-315
-201
-441
-377
-425
-409
-528
-435
-525
-536
-540
-401
-325
-349
-247
-200
-378
-211
-149
-343
-100
-228
-169
-311
-281
-421
-465
-339
-457
-434
-475
-364
-348
-383
-300
-180
-258
-195
-106
-228
-38
-95
-5
1
-67
350
0
187
-284
119
-284
-513
93
-605
246
11
516
524
508
796
488
752
304
425
403
381
376
354
751
340
617
536
242
371
318
458
366
355
366
162
201
88
144
121
96
167
184
253
229
405
294
428
173
390
247
132
321
71
277
-15
306
113
-23
433
-12
321
107
207
418
366
230
230
339
71
31
45
18
-59
-122
-25
-150
-312
-304
-270
-364
-436
-311
-315
-262
-466
-333
-615
-460
-295
-717
-549
-527
-711
-807
-805
-725
-917
-802
-837
-987
-983
-1083
-860
-881
-965
-640
-794
-925
-755
-768
-737
-545
-400
-249
-149
14
103
161
148
293
439
57
224
283
77
486
469
501
665
756
813
925
1071
1156
1124
1060
1118
769
921
847
647
730
690
580
682
548
373
418
380
284
240
178
78
97
22
-22
-5
45
66
-140
-128
-143
-216
-258
-97
-85
-9
70
74
214
148
137
113
179
130
135
194
164
126
15
18
-14
-46
-196
-221
-161
-256
-262
-344
-399
-541
-575
-612
-559
-513
-430
-352
-325
-183
-164
-189
-210
-142
-322
-290
-269
-213
-24
-7
36
157
136
190
290
238
165
159
125
-4
41
21
-35
-218
-232
-281
-369
-333
-383
-406
-462
-478
-415
-434
-403
-394
-470
-295
-242
-268
-192
-168
-217
-117
15
75
167
259
295
473
394
431
496
485
596
397
370
320
251
233
128
112
133
61
-55
-24
-25
-56
-56
-75
-143
-141
-230
-264
-302
-277
-289
-251
-109
-107
-74
-12
36
168
174
145
269
303
271
363
426
423
460
481
427
447
455
350
350
366
322
348
472
469
479
420
400
391
315
307
172
73
-6
-24
-86
-60
-108
-103
-18
-65
19
-42
112
2
102
195
147
204
79
64
-54
-191
-372
-430
-505
-680
-698
-760
-887
-855
-1028
-1023
-957
-1010
-941
-997
-900
-897
-801
-711
-614
-515
-433
-389
-322
-176
-124
102
191
297
415
400
484
493
469
514
568
624
562
509
539
589
583
551
530
504
397
378
305
254
276
106
54
-114
-233
-284
-259
-205
-241
-49
-29
-13
96
139
160
261
338
259
342
313
444
521
576
581
641
543
441
487
400
297
264
214
155
172
196
164
18
-2
26
-115
-171
-146
-291
-76
-73
-147
-154
-61
-51
-239
-137
-351
-312
-348
-446
-409
-506
-450
-474
-428
-484
-488
-408
-522
-450
-418
-427
-418
-395
-304
-358
-362
-324
-402
-454
-477
-554
-518
-480
-464
-358
-416
-355
-269
-272
-130
-114
-12
-67
66
278
206
325
446
451
509
486
544
535
450
485
453
483
475
371
513
440
331
378
295
354
399
281
303
272
306
214
142
210
3
77
30
-49
-116
-135
-193
-139
-73
-77
-47
36
123
30
83
226
91
247
298
263
375
383
387
345
425
282
240
237
201
169
132
157
101
73
42
47
-143
-158
-199
-213
-176
-187
-174
-295
-285
-403
-322
-350
-351
-243
-281
-385
-432
-349
-516
-527
-500
-581
-522
-491
-385
-440
-341
-367
-370
-303
-401
-370
-354
-275
-190
-92
-113
-91
-50
-68
-1
49
-7
28
61
6
116
138
150
193
235
215
232
193
194
201
106
165
19
26
29
103
18
145
169
69
194
119
82
57
75
41
45
70
-33
163
173
180
251
245
221
310
335
216
296
218
319
311
267
367
237
385
409
357
433
403
436
313
340
267
266
280
112
152
150
32
40
-76
-63
-70
-115
-136
-102
-97
-178
-111
-139
-57
-140
-137
-251
-290
-276
-295
-221
-217
-222
-302
-225
-260
-229
-276
-401
-440
-446
-597
-612
-582
-619
-552
-572
-560
-427
-346
-237
-94
-57
92
115
188
181
289
334
344
410
467
514
573
571
511
483
439
343
218
114
35
-79
-139
-191
-306
-313
-362
-323
-342
-406
-332
-339
-318
-265
-172
-246
-203
-136
-145
-108
-64
3
7
-44
99
101
189
261
316
340
392
444
360
467
355
337
258
254
190
119
249
68
101
69
58
-33
-52
0
-84
-40
-126
-64
-115
-125
6
13
73
21
77
102
109
168
188
254
232
248
238
218
252
179
87
88
136
20
-8
1
-8
-20
-154
-68
-120
-108
-130
-231
-161
-222
-206
-233
-251
-302
-339
-311
-435
-376
-321
-278
-275
-234
-226
-168
-6
-21
103
140
263
289
254
351
289
323
287
258
334
310
230
196
137
-27
-52
-203
-298
-257
-377
-353
-387
-405
-442
-487
-404
-525
-428
-387
-450
-329
-371
-368
-361
-265
-271
-301
-209
-178
-112
-64
19
82
181
211
323
290
286
406
385
474
466
424
369
302
228
240
319
248
233
251
166
158
105
120
144
89
177
194
261
230
266
353
316
367
278
309
275
253
303
206
218
135
114
80
-55
-23
-56
-150
-148
-174
-225
-218
-281
-354
-314
-306
-327
-404
-395
-426
-412
-406
-523
-476
-551
-555
-465
-380
-294
-191
-69
-11
66
144
173
279
261
305
356
272
316
299
307
290
252
238
239
139
143
89
69
89
-11
-9
-40
-91
-43
-81
-45
-6
-34
-66
-148
-77
-183
-153
-190
-183
-120
-172
-80
-108
-68
-25
46
1
-45
47
23
110
184
179
293
292
265
218
195
181
137
147
79
39
62
-14
-31
-109
-205
-231
-284
-233
-276
-227
-172
-92
-76
-10
54
32
91
97
142
105
157
168
135
229
162
230
236
167
140
150
153
119
162
61
-15
-49
-53
-113
-93
-80
-124
-93
-102
-203
-171
-150
-167
-138
-163
-126
-139
-130
-118
-50
-50
-48
74
-7
59
72
58
170
147
133
127
82
1
5
-93
-22
29
-9
14
-45
-83
-126
-127
-148
-97
-106
-122
-130
-187
-132
-141
-126
-153
-134
-127
-140
-99
-139
-111
-95
-115
-21
42
3
59
67
95
69
56
37
5
41
53
102
130
214
181
95
141
71
37
69
47
33
-24
15
-23
-67
-17
-38
9
30
43
0
-34
-7
-23
54
133
195
208
260
265
210
197
139
122
73
105
81
51
92
33
54
42
68
6
-12
46
-109
-84
-116
-208
-239
-324
-273
-340
-323
-292
-349
-293
-287
-260
-290
-225
-228
-237
-179
-194
-63
-36
48
84
121
209
260
378
399
441
434
456
455
411
425
419
420
394
404
322
281
216
81
39
-97
-150
-172
-191
-201
-237
-221
-207
-179
-196
-176
-196
-219
-230
-205
-200
-183
-192
-171
-111
-141
-54
-38
-42
15
19
20
-37
-46
-73
-107
-98
-84
-109
-110
-94
-105
-108
-122
-117
-138
-128
-202
-199
-193
-207
-141
-95
-62
-82
-10
-18
15
79
118
213
250
237
301
319
279
300
322
276
287
293
261
273
223
211
198
146
104
83
62
9
-30
-73
-80
-63
-69
-59
-39
-90
-30
-5
22
46
1
0
-33
21
-40
-37
-31
-62
-81
-74
-89
-69
-25
-29
-46
-45
-39
-46
-13
-15
-16
8
-29
-45
-75
-202
-223
-257
-330
-351
-342
-358
-328
-346
-333
-320
-275
-182
-71
8
31
73
139
194
201
260
297
296
348
303
294
296
275
208
241
262
238
243
214
235
184
146
179
142
96
89
140
96
104
119
14
45
-31
-66
-10
-58
-44
-36
-40
-56
11
35
-31
-10
-27
-79
-16
-1
12
3
1
-48
-80
-54
-56
-45
-121
-114
-153
-177
-185
-200
-194
-217
-176
-181
-176
-187
-198
-226
-192
-169
-164
-170
-164
-151
-163
-180
-168
-83
-60
-76
19
13
0
45
67
137
144
204
176
189
226
177
184
146
170
106
45
58
22
-1
-20
-20
-66
-100
-165
-213
-194
-208
-158
-154
-125
-83
-85
-47
-37
2
35
145
229
287
354
321
300
268
244
227
179
190
152
117
142
147
114
103
94
56
65
49
46
-14
-39
-75
-85
-112
-118
-98
-119
-126
-143
-150
-204
-198
-209
-236
-215
-238
-181
-157
-129
-98
-139
-113
-87
-48
-19
42
66
77
88
103
124
106
119
114
89
96
86
79
116
75
141
175
160
183
169
165
173
205
207
170
174
143
81
65
74
88
68
73
56
-11
-41
-121
-181
-202
-192
-196
-184
-185
-194
-233
-225
-264
-274
-296
-310
-339
-375
-376
-392
-346
-342
-327
-343
-309
-259
-222
-218
-179
-140
-92
-45
8
67
94
140
186
204
249
283
276
335
314
302
336
316
341
376
381
334
329
311
347
372
350
365
356
356
359
312
262
250
211
188
133
87
75
71
12
-17
-69
-87
-136
-178
-195
-224
-192
-195
-181
-191
-204
-173
-149
-121
-148
-123
-167
-214
-141
-209
-143
-90
-136
-116
-147
-153
-164
-158
-162
-193
-179
-184
-127
-100
-55
13
70
125
152
146
156
131
78
36
7
-36
-6
-23
-29
-7
-14
-56
-108
-90
-93
-92
-109
-158
-133
-110
-107
-99
-83
-21
-24
-6
5
-25
-73
-95
-48
-74
-98
-86
-111
-87
-40
-16
34
71
117
127
131
123
165
245
239
269
296
273
241
247
165
135
136
123
115
125
156
86
58
93
101
75
66
122
139
142
109
100
101
91
74
69
20
-12
-88
-148
-143
-144
-88
-96
-94
-90
-81
-111
-116
-140
-96
-118
-120
-71
-68
-78
-74
-31
-66
-65
-139
-163
-262
-321
-305
-286
-233
-229
-230
-234
-194
-192
-186
-123
-106
-61
-2
40
101
165
185
182
191
161
180
143
123
108
40
64
38
59
60
48
69
98
106
92
81
59
46
9
10
8
-8
14
2
-20
-30
-86
-51
-52
-21
-28
-17
-21
4
49
42
47
60
92
112
170
148
117
111
96
128
95
114
119
98
89
54
61
7
7
1
-15
-16
-38
-38
-51
-39
-79
-90
-94
-131
-110
-109
-86
-69
-116
-165
-168
-247
-281
-280
-315
-316
-292
-244
-237
-151
-58
-40
5
45
127
190
224
232
231
271
286
286
260
274
179
182
191
130
140
139
132
125
108
67
38
44
37
38
27
7
13
-25
-90
-78
-62
-58
-86
-47
-53
-58
-50
-55
-58
-66
-21
-19
37
38
93
137
113
109
84
76
57
55
23
49
24
-3
-50
-111
-76
-80
-74
-77
-80
-71
-91
-97
-91
-98
-81
-80
-10
-38
-8
2
-64
-66
-68
-88
-27
11
-20
-44
-71
-65
-81
-111
-102
-86
-84
-105
-107
-83
-83
-57
-74
-26
-25
-11
-8
-23
-43
-53
-85
-146
-98
-49
-54
-27
-24
-22
6
51
112
131
172
195
220
239
233
256
238
193
193
194
192
140
144
122
76
127
135
129
69
28
27
-6
-13
-6
-2
6
50
24
43
45
21
-23
-43
-79
-76
-112
-135
-153
-175
-191
-218
-203
-210
-227
-238
-219
-197
-164
-161
-112
-71
-45
-64
2
11
28
51
53
33
4
-30
-65
-15
-27
-37
15
1
42
99
121
142
144
206
173
245
240
268
295
277
351
335
319
271
238
184
123
39
-43
-96
-143
-119
-157
-194
-219
-227
-249
-250
-217
-231
-244
-258
-284
-278
-256
-257
-242
-247
-256
-252
-186
-178
-149
-119
-164
-123
-77
-34
18
71
108
155
170
189
205
201
192
170
170
165
164
134
89
65
17
-3
13
9
3
2
-25
2
32
53
34
78
87
109
130
128
121
88
100
64
78
48
75
36
-5
11
-22
-23
-14
-45
-21
-44
-49
-40
-69
-99
-162
-179
-183
-175
-213
-177
-152
-182
-154
-162
-117
-104
-130
-120
-91
-61
-44
3
55
139
148
182
240
259
274
255
270
267
241
254
222
207
194
168
138
63
47
9
-10
-34
-49
-31
-69
-58
-67
-76
-32
-17
-7
28
56
100
91
87
85
57
51
46
45
61
88
112
94
56
59
91
127
131
159
169
135
111
118
106
106
75
14
-17
-68
-70
-166
-194
-239
-282
-266
-307
-306
-301
-318
-295
-259
-249
-213
-221
-226
-235
-300
-299
-314
-317
-310
-270
-277
-273
-226
-232
-209
-206
-189
-203
-174
-102
-66
-19
36
64
90
94
111
136
169
159
175
198
185
219
258
250
232
280
242
264
261
270
274
278
331
353
323
329
296
265
268
221
222
197
179
118
73
36
7
-5
-44
-60
-58
-70
-101
-95
-72
-73
-86
-110
-137
-166
-174
-173
-147
-127
-69
-40
-22
51
51
48
22
9
-5
-13
0
13
16
23
10
35
55
38
7
-27
-63
-83
-71
-110
-100
-116
-128
-127
-90
-75
-98
-89
-93
-94
-84
-89
-68
-85
-134
-121
-126
-81
-52
-59
-104
-101
-108
-118
-96
-90
-68
-106
-109
-123
-142
-134
-118
-99
-73
-45
-7
30
39
57
45
42
71
73
70
90
104
116
179
222
243
258
224
199
215
210
192
202
213
214
185
159
143
121
126
126
105
33
23
60
54
67
37
-16
-11
-33
-44
-61
-68
-47
-56
-67
-54
-23
-41
-65
-54
-21
-14
-3
-11
-25
-26
-46
-56
-79
-75
-96
-105
-104
-70
-36
-11
6
-13
-36
-45
-98
-108
-117
-140
-155
-115
-103
-127
-103
-143
-131
-159
-182
-152
-146
-129
-110
-100
-101
-110
-91
-104
-96
-61
-34
-2
27
90
118
106
121
113
94
91
58
46
64
60
49
77
81
99
143
84
87
126
115
154
147
136
134
107
134
136
120
111
96
104
81
64
44
34
-8
-21
-38
-18
-33
-15
-29
-12
-4
-29
-2
3
24
32
58
92
100
139
163
136
126
113
90
76
58
16
0
-1
-6
-21
9
-15
-53
-88
-107
-86
-106
-121
-100
-50
-40
-41
-20
-69
-110
-115
-124
-101
-107
-62
-82
-50
-43
-63
-102
-116
-79
-66
-48
-41
-26
-37
-24
1
14
19
56
33
1
10
13
-5
-24
-45
-102
-92
-138
-158
-147
-154
-157
-136
-134
-130
-118
-147
-144
-149
-111
-81
-51
-6
-2
55
74
80
63
74
112
135
177
218
278
234
243
236
220
221
196
209
205
194
177
195
169
166
141
105
101
102
82
93
67
44
19
21
-23
-29
-31
-53
-12
-23
-28
-35
-19
-57
-64
-117
-114
-125
-169
-142
-163
-156
-119
-115
-156
-163
-146
-165
-198
-216
-229
-259
-246
-228
-191
-157
-104
-102
-96
-52
-17
0
-6
1
5
11
2
17
46
31
35
29
71
99
158
182
176
182
170
190
180
188
209
175
131
92
56
16
-33
-75
-112
-133
-155
-147
-130
-100
-97
-87
-62
-77
-61
-40
-4
34
62
66
98
85
87
127
108
139
142
161
180
160
189
247
239
214
195
167
123
130
157
132
103
80
26
-70
-121
-140
-171
-163
-179
-182
-176
-215
-219
-242
-274
-276
-304
-330
-339
-322
-275
-253
-211
-192
-164
-129
-80
-62
-20
20
19
50
82
138
148
105
101
87
62
65
82
77
71
122
126
160
197
239
248
255
256
215
195
173
163
135
149
159
140
150
103
66
73
74
57
40
56
51
53
59
71
32
-8
-29
-32
-14
-35
-47
-34
-43
-78
-67
-102
-128
-132
-127
-122
-121
-111
-114
-140
-170
-185
-200
-207
-214
-195
-177
-182
-175
-178
-160
-141
-145
-104
-63
-91
-109
-118
-138
-154
-133
-85
-51
-38
-17
-12
-2
26
-7
2
49
55
78
76
80
108
49
21
34
72
74
102
81
92
122
150
191
238
258
275
271
256
265
232
214
188
161
102
64
22
4
-10
-38
-22
-8
-3
17
9
33
33
15
53
33
27
27
9
5
9
7
17
28
12
46
76
68
56
46
29
23
-14
-4
19
-3
8
0
3
-8
-1
-17
-52
-45
-66
-67
-73
-60
-77
-95
-142
-172
-180
-211
-222
-232
-266
-255
-256
-213
-193
-168
-140
-114
-77
-81
-71
-78
-93
-102
-91
-58
-21
12
50
41
49
38
37
58
33
29
43
63
78
87
92
93
125
107
113
98
66
69
65
45
38
22
13
-6
6
11
-8
-31
-55
-44
-57
-52
-60
-39
-50
-33
-15
7
51
61
74
80
106
118
114
96
74
48
14
-7
-12
-43
-55
-13
17
52
63
82
82
97
130
121
105
120
100
133
139
118
140
143
113
79
63
32
40
17
8
-7
-19
-2
-22
-25
-34
-82
-118
-115
-121
-172
-154
-146
-147
-121
-130
-131
-142
-152
-186
-213
-251
-275
-270
-263
-231
-201
-163
-159
-139
-91
-66
-33
-16
29
65
84
97
146
176
179
182
142
133
116
85
67
26
21
-15
-15
-27
-6
-22
-37
-21
-17
-21
-26
13
44
63
91
100
112
116
78
80
68
79
74
77
101
147
138
143
145
131
121
85
103
148
163
193
189
199
204
178
141
105
80
67
39
10
-10
-22
-66
-87
-86
-87
-67
-93
-122
-141
-145
-163
-177
-166
-160
-171
-199
-195
-223
-226
-207
-232
-232
-264
-257
-239
-212
-184
-191
-151
-133
-133
-139
-102
-35
-36
12
62
108
162
180
214
231
230
211
171
162
159
155
158
159
162
155
162
187
195
203
189
165
159
165
145
147
145
139
107
88
73
49
28
35
21
-9
-17
-49
-66
-100
-119
-141
-178
-189
-190
-151
-145
-119
-90
-124
-99
-137
-154
-177
-187
-181
-176
-119
-108
-86
-64
-31
-34
-3
-15
-24
19
35
56
37
55
44
56
46
33
57
15
12
-8
-42
-59
-64
-53
-51
4
27
45
83
85
72
69
82
51
54
28
-16
-24
-19
15
-20
-13
8
19
-9
1
17
11
34
26
67
71
94
94
63
39
46
57
24
23
24
-1
-35
-38
-57
-74
-82
-98
-92
-60
-55
-11
-22
-20
-37
-49
-32
-39
-38
-12
19
28
58
41
17
-2
-26
-46
-72
-83
-98
-96
-92
-98
-98
-71
-44
-14
9
2
18
35
47
19
12
38
44
92
92
80
111
114
120
146
140
132
123
86
66
87
84
92
115
79
59
29
21
-1
10
27
-7
9
34
8
12
2
17
-2
-30
-58
-86
-93
-142
-135
-132
-129
-161
-182
-207
-189
-215
-230
-224
-238
-237
-228
-188
-167
-149
-119
-119
-96
-52
7
37
55
74
68
74
130
147
149
167
165
190
216
257
262
273
277
272
283
267
233
211
155
136
123
131
135
126
120
97
108
112
108
101
32
11
2
-36
-44
-48
-37
-3
12
-22
-45
-79
-151
-179
-201
-225
-245
-245
-232
-224
-227
-226
-225
-241
-245
-254
-241
-212
-225
-242
-193
-159
-116
-88
-67
-72
-73
-52
-68
-65
-39
-8
-17
-46
-15
-15
8
26
23
66
69
89
90
120
134
169
189
193
220
210
216
208
177
150
133
114
112
110
129
131
124
117
132
157
193
174
164
208
178
177
193
180
172
125
91
52
5
2
-32
-42
-19
-41
-64
-64
-87
-106
-125
-116
-141
-169
-179
-162
-141
-155
-98
-103
-123
-149
-166
-166
-157
-126
-112
-128
-100
-96
-100
-79
-94
-111
-100
-98
-78
-88
-60
-26
-19
-12
36
64
59
62
60
60
42
46
37
19
4
-47
-49
-88
-98
-64
-86
-78
-59
-35
10
27
93
120
122
160
187
193
200
184
169
167
174
177
158
163
175
172
187
174
154
139
126
92
62
32
25
-32
-46
-79
-139
-150
-214
-231
-246
-209
-196
-187
-155
-163
-157
-167
-153
-144
-135
-95
-93
-107
-100
-84
-49
-42
-43
-49
-81
-94
-78
-62
-49
-10
-13
-4
-28
-2
14
12
38
43
74
92
121
131
160
182
200
203
214
240
221
226
185
175
153
155
119
108
121
75
83
55
65
48
43
19
-20
-37
-64
-92
-112
-112
-125
-103
-136
-188
-209
-218
-215
-241
-236
-228
-225
-223
-194
-161
-161
-157
-154
-162
-178
-184
-173
-151
-172
-146
-151
-127
-110
-101
-83
-88
-62
-92
-63
-75
-65
-26
-15
8
49
48
81
106
127
124
155
129
117
114
103
111
132
154
172
195
200
243
266
292
327
340
347
348
312
340
333
344
326
344
338
293
328
312
307
284
247
230
193
185
164
119
71
47
14
-40
-44
-43
-85
-112
-122
-155
-172
-199
-209
-221
-237
-232
-211
-248
-309
-315
-348
-364
-357
-350
-348
-310
-301
-289
-214
-182
-130
-125
-92
-70
-49
-33
-19
12
-19
-9
-25
-27
-43
-35
-15
-44
-23
-49
-105
-129
-112
-100
-112
-72
-51
-28
-17
41
76
53
36
-12
-23
-65
-56
-65
-64
-46
-10
22
65
69
61
69
48
18
16
18
13
55
59
98
110
157
175
162
189
170
133
137
121
70
57
57
58
103
69
60
53
24
-2
-39
-27
-53
-72
-108
-103
-108
-80
-66
-60
-23
-1
20
9
39
49
52
77
90
113
128
113
121
103
100
100
101
112
89
41
20
-19
-71
-63
-60
-55
-80
-108
-139
-117
-99
-99
-68
-47
-26
-22
-37
-22
6
32
74
100
97
103
98
113
112
85
81
38
29
-9
-12
-9
36
54
69
90
60
70
49
29
39
16
7
11
24
58
63
31
16
-22
-34
-87
-122
-139
-157
-151
-163
-150
-179
-198
-173
-181
-193
-213
-218
-206
-194
-192
-145
-132
-116
-129
-114
-79
-72
-51
-42
-31
-47
-79
-78
-96
-111
-112
-132
-117
-78
-44
-19
13
40
65
84
104
139
134
177
218
246
279
276
276
273
275
248
243
235
202
178
159
124
123
130
154
147
129
133
127
101
62
-12
-51
-91
-141
-161
-189
-206
-209
-182
-187
-171
-141
-151
-146
-152
-135
-135
-97
-76
-46
4
3
49
83
106
104
110
109
133
122
118
112
107
96
76
99
66
61
39
54
69
65
40
20
18
12
-10
-23
4
-56
-41
-70
-116
-138
-152
-163
-180
-150
-156
-122
-116
-112
-107
-116
-111
-117
-95
-60
-77
-86
-55
-64
-67
-33
-24
13
27
78
85
122
124
137
143
131
154
125
128
160
161
135
146
134
114
97
56
8
-14
-10
-35
-34
-22
-20
-10
18
16
23
22
35
31
-9
-22
-5
9
61
111
137
152
150
160
147
127
106
86
64
41
30
5
-14
-29
-56
-88
-96
-102
-84
-74
-62
-89
-105
-100
-121
-108
-116
-138
-140
-142
-161
-169
-150
-161
-178
-173
-179
-172
-153
-117
-125
-105
-85
-72
-44
-18
-17
-34
-37
-12
10
4
12
-6
7
-5
-1
10
14
25
-1
-23
-18
8
10
36
62
71
84
90
82
83
85
94
67
55
12
-15
-44
-51
-59
-56
-69
-80
-52
-51
-51
-34
-42
-49
-47
-28
-5
-2
39
89
103
149
160
169
162
127
116
114
104
90
98
119
129
129
142
138
156
148
132
143
151
150
134
132
118
89
79
40
15
11
-8
-8
-3
-10
-58
-77
-69
-93
-87
-92
-107
-81
-74
-53
-41
-43
-43
-55
-69
-96
-102
-130
-128
-149
-154
-159
-166
-134
-147
-140
-141
-140
-103
-90
-70
-62
-46
-33
-7
10
-1
6
24
29
30
21
36
31
-3
-19
-31
-13
-7
-5
22
47
48
29
28
35
27
38
48
54
87
107
122
126
123
129
115
66
52
27
6
10
2
-5
-19
-18
1
34
53
47
42
26
21
4
-10
23
19
-3
5
32
55
50
50
58
14
-7
-14
-26
-28
-38
-50
-83
-79
-78
-55
-50
-41
-8
-20
3
-26
-34
-54
-83
-106
-126
-124
-118
-108
-115
-83
-99
-81
-74
-61
-46
-28
-21
-28
-4
-32
6
13
18
20
0
-22
-44
-31
-45
-66
-81
-71
-61
-45
-25
-22
6
23
20
32
36
37
51
56
74
80
83
105
110
105
105
113
105
88
84
78
65
69
72
68
70
69
51
39
45
48
78
67
67
68
78
81
54
62
71
66
47
37
29
40
22
10
13
11
21
37
48
104
122
133
159
167
168
144
140
124
102
88
65
33
21
-5
-20
-20
-44
-46
-48
-53
-60
-80
-96
-134
-137
-153
-152
-146
-147
-155
-178
-196
-211
-244
-277
-268
-280
-264
-259
-245
-195
-153
-140
-139
-134
-130
-120
-116
-88
-67
-82
-58
-52
-34
-8
-21
1
19
18
15
32
40
33
33
1
9
21
40
76
83
102
118
145
165
184
195
199
194
191
204
193
191
182
136
118
65
58
52
45
35
35
12
5
-3
-27
-14
-9
-9
-6
6
-8
2
-8
-34
-70
-82
-96
-84
-76
-74
-88
-73
-53
-60
-50
-63
-64
-53
-27
-31
-8
1
-4
-9
-29
-41
-58
-49
-79
-78
-88
-78
-51
-61
-9
2
15
64
57
77
77
77
64
67
81
77
79
66
66
67
56
34
23
23
8
12
16
4
10
3
22
27
24
36
32
45
47
56
57
66
75
87
67
70
58
29
33
19
8
4
16
7
10
-6
-21
-15
-29
-24
-53
-44
-32
-20
-6
-4
9
21
20
20
0
-37
-53
-69
-78
-98
-99
-86
-89
-60
-76
-74
-72
-62
-76
-89
-78
-39
-13
11
14
3
11
-9
-9
-33
-23
-25
-31
-27
-24
-11
-14
-9
-2
-13
-3
1
4
15
46
79
77
83
92
122
114
124
106
78
83
76
86
60
59
43
25
15
3
-1
-23
-52
-51
-61
-65
-33
-9
10
1
9
-16
-24
-55
-75
-82
-86
-87
-67
-58
-82
-88
-101
-115
-153
-157
-179
-181
-171
-142
-127
-88
-54
-38
-13
0
-5
-13
-3
0
13
10
13
9
10
36
37
48
73
65
75
73
84
102
141
175
177
197
198
210
197
194
197
176
169
176
160
132
134
105
100
95
85
76
89
88
84
86
95
106
79
81
72
66
35
13
4
24
5
-19
-40
-53
-51
-96
-110
-123
-119
-103
-114
-124
-130
-127
-117
-118
-119
-105
-107
-106
-117
-114
-135
-153
-160
-161
-170
-161
-146
-174
-184
-183
-187
-190
-203
-189
-154
-137
-123
-103
-84
-47
-26
-35
-29
-29
-9
2
-3
13
22
17
22
28
27
47
45
52
58
49
54
62
85
106
101
100
99
107
93
94
79
55
45
33
31
23
20
28
53
48
49
54
49
45
34
60
65
70
95
92
97
111
110
103
104
108
122
102
107
105
88
79
59
58
31
17
22
13
26
13
2
5
16
19
9
23
7
2
-6
-16
-10
-25
-33
-42
-57
-79
-95
-122
-131
-126
-146
-168
-164
-142
-124
-116
-107
-90
-76
-43
-38
-26
-25
-24
-20
-13
-9
9
14
41
47
39
44
38
45
44
34
-4
-16
-19
-24
-1
2
16
29
26
18
3
-4
-1
-9
8
18
8
32
42
20
30
28
2
3
4
-7
-54
-57
-53
-57
-27
-23
1
-1
-3
-1
-10
-2
-1
0
-16
-1
12
3
22
17
27
24
41
64
73
77
88
87
76
69
42
19
-1
-25
-24
-15
-17
-4
12
-6
3
-12
-28
-41
-62
-62
-69
-46
-17
-4
-12
-12
-21
-25
-18
-13
-24
-30
-33
-32
-29
-14
1
13
19
32
60
58
34
12
0
-7
3
6
15
22
25
28
17
35
36
34
25
5
-2
-8
20
37
52
42
31
49
44
56
60
58
63
58
63
75
66
35
22
25
31
32
40
66
38
32
5
-14
-26
-32
-46
-52
-36
-32
-37
-40
-44
-64
-77
-90
-94
-101
-95
-93
-77
-63
-53
-69
-62
-58
-74
-72
-84
-81
-97
-106
-115
-113
-111
-114
-98
-91
-77
-71
-85
-79
-88
-73
-50
-37
-11
12
27
26
50
61
64
81
99
109
122
149
135
136
142
136
119
111
119
111
109
98
69
80
63
65
74
80
92
83
74
68
73
69
54
59
56
23
25
11
-8
-29
-57
-71
-57
-49
-68
-65
-49
-49
-60
-69
-70
-69
-68
-63
-63
-62
-60
-58
-63
-65
-68
-86
-104
-126
-128
-145
-150
-143
-140
-150
-147
-139
-141
-128
-133
-127
-109
-90
-75
-69
-80
-60
-40
-7
24
60
94
98
108
97
100
124
137
155
164
183
191
189
183
192
197
177
173
151
140
140
130
128
127
105
108
102
84
79
86
88
85
97
88
72
66
57
52
26
1
-3
-19
-25
-35
-37
-44
-45
-53
-57
-56
-59
-81
-72
-70
-91
-88
-81
-89
-109
-113
-105
-105
-113
-111
-121
-121
-117
-135
-124
-106
-103
-83
-66
-86
-94
-88
-65
-46
-22
13
37
51
69
64
63
73
48
51
27
9
-5
-9
4
-3
2
12
5
-3
15
9
-3
-9
4
23
48
77
84
105
99
79
78
79
63
59
41
12
-5
6
2
-14
-19
-24
-38
-52
-44
-48
-34
-48
-31
-20
-12
0
4
4
0
0
3
-3
-14
-33
-33
-29
-39
-33
-33
-42
-44
-24
-47
-50
-50
-51
-48
-41
-27
-22
3
-1
-11
-1
10
-5
0
14
22
31
39
43
29
23
5
-2
-4
17
32
49
58
64
66
62
64
55
57
51
38
56
55
68
82
62
57
54
59
28
-15
-13
-23
-23
-15
-19
8
22
18
6
8
20
20
-6
-17
-41
-37
-50
-29
-37
-37
-35
-40
-38
-34
-35
-19
-12
-26
-25
-13
3
5
14
28
12
-11
-20
-25
-13
-14
-10
-19
-10
-10
-12
-12
-26
-23
-23
-33
-26
-13
7
0
-15
-22
-25
-30
-36
-33
-19
-8
-3
1
9
29
34
34
27
21
21
2
-7
-18
-12
-12
-24
-14
-10
-10
-2
-19
-10
-22
-26
-21
-37
-40
-52
-54
-56
-60
-69
-72
-58
-42
-49
-50
-49
-44
-48
-37
-25
-17
6
6
24
24
14
29
29
41
40
47
55
50
62
68
67
75
78
74
64
65
68
68
54
47
41
43
38
47
56
47
46
35
34
26
28
26
28
37
21
28
34
34
28
17
29
31
16
9
6
2
3
0
-13
-16
-6
5
11
17
23
18
18
19
0
-24
-23
-38
-50
-51
-36
-28
-33
-31
-24
-23
-26
-21
-29
-30
-35
-49
-44
-53
-59
-60
-75
-68
-72
-86
-97
-100
-110
-111
-92
-91
-83
-71
-66
-61
-53
-44
-34
-34
-14
7
17
25
30
34
45
53
60
69
78
93
85
97
105
95
92
93
92
95
104
105
110
101
99
91
76
76
61
55
53
47
43
35
33
9
8
-7
-3
-1
-12
-19
-33
-38
-47
-47
-47
-47
-50
-38
-36
-37
-21
-19
-23
-12
-25
-30
-48
-67
-59
-70
-59
-57
-66
-62
-60
-51
-58
-59
-57
-64
-74
-61
-69
-72
-62
-63
-35
-33
-30
-10
1
11
13
24
24
22
19
21
17
19
28
22
26
37
43
53
61
67
90
92
96
92
91
78
49
42
35
25
11
6
-8
-16
-7
-13
-17
-29
-40
-45
-55
-44
-61
-55
-46
-41
-18
-5
-3
-5
-2
15
20
19
34
33
24
16
24
33
24
21
19
15
13
9
-2
-3
-12
-14
-10
-13
-15
-11
-8
-2
1
-4
-22
-23
-23
-30
-33
-43
-35
-32
-28
-22
-32
-25
-15
-15
-20
-22
-21
-24
-33
-28
-22
-23
-18
-7
2
2
7
16
13
16
14
14
23
33
32
38
38
42
47
52
62
56
49
59
48
51
53
56
54
32
27
13
0
-4
1
-6
-18
-23
-23
-35
-34
-21
-28
-22
-22
-21
-30
-32
-33
-32
-34
-39
-21
-12
-14
-11
0
-2
-9
-4
-10
-20
-20
-23
-21
-17
-18
-9
