30
33
33
28
27
22
20
16
15
6
-3
-10
-20
-34
-39
-43
-49
-52
-54
-55
-61
-63
-72
-74
-82
-80
-77
-73
-70
-66
-63
-59
-59
-50
-43
-43
-35
-30
-28
-27
-20
-18
-9
-3
9
20
26
36
41
44
48
49
58
59
65
73
74
77
85
88
88
90
86
83
76
76
67
60
61
51
43
39
32
29
25
29
32
25
17
13
9
5
2
2
7
8
12
10
4
-10
-20
-24
-37
-46
-53
-53
-51
-47
-49
-48
-49
-53
-51
-52
-53
-46
-43
-40
-37
-30
-30
-24
-20
-17
-10
-9
-7
-2
-2
-4
-4
-9
-9
-9
-12
-7
-15
-19
-25
-36
-48
-55
-62
-67
-69
-67
-70
-69
-58
-57
-51
-44
-47
-45
-32
-17
-3
3
12
19
25
35
49
59
66
75
80
89
92
94
94
88
90
90
86
82
78
74
66
54
44
39
36
30
24
19
10
5
-3
-10
-25
-32
-36
-42
-35
-36
-33
-30
-25
-18
-13
-8
-8
-8
-9
-13
-15
-20
-26
-24
-37
-39
-41
-43
-37
-26
-21
-17
-11
0
4
9
17
21
21
25
26
17
18
18
18
12
7
6
7
-18
-13
-27
-24
-32
-55
-35
-39
-25
-32
-13
13
25
40
42
66
85
88
100
93
103
113
105
103
92
101
101
93
74
77
65
53
20
0
-4
-13
-22
-49
-62
-83
-92
-119
-139
-140
-139
-162
-190
-203
-214
-220
-241
-255
-260
-253
-260
-259
-261
-243
-235
-205
-182
-145
-109
-87
-57
-36
1
36
81
115
160
210
266
312
338
367
403
416
419
421
429
408
389
380
367
353
337
326
292
253
223
205
184
153
125
103
79
55
9
-11
-48
-73
-102
-139
-172
-197
-225
-260
-295
-326
-355
-394
-430
-482
-496
-528
-566
-584
-584
-593
-570
-604
-558
-531
-501
-454
-426
-344
-299
-205
-164
-90
8
67
124
169
222
307
348
405
428
462
496
519
535
539
576
595
627
581
570
540
516
467
408
364
335
313
252
201
176
159
133
120
95
107
92
53
38
40
51
59
34
40
63
52
74
57
67
83
69
56
17
-11
-26
-47
-102
-127
-147
-180
-218
-274
-315
-353
-399
-478
-533
-603
-698
-778
-895
-976
-1056
-1080
-1123
-1202
-1178
-1152
-1097
-1039
-991
-902
-774
-671
-590
-474
-313
-136
14
190
330
515
700
841
990
1112
1229
1371
1451
1534
1607
1732
1830
1851
1860
1864
1849
1785
1707
1572
1481
1354
1183
1053
906
759
605
434
262
62
-68
-224
-381
-492
-603
-689
-800
-822
-869
-893
-884
-927
-978
-1053
-1038
-1064
-1104
-1099
-1085
-1076
-1060
-1035
-1049
-984
-964
-992
-995
-1007
-1075
-1128
-1170
-1274
-1250
-1339
-1311
-1290
-1324
-1275
-1316
-1218
-1157
-1035
-968
-818
-606
-485
-295
-176
36
261
439
614
790
1022
1262
1471
1625
1797
2043
2156
2268
2269
2306
2423
2379
2345
2186
2143
2112
1957
1874
1786
1686
1623
1520
1414
1253
1145
952
747
562
434
300
93
-126
-322
-396
-590
-748
-933
-982
-976
-1026
-1064
-1152
-1093
-1090
-1124
-1157
-1137
-1100
-1112
-1137
-1196
-1152
-1165
-1074
-1059
-1019
-990
-912
-976
-1147
-1068
-1234
-1086
-1515
-1672
-1791
-1901
-1890
-2296
-2274
-2213
-2035
-1960
-2153
-1867
-1598
-1240
-1128
-1067
-558
-129
313
376
660
1114
1644
1821
1817
2154
2511
2894
2812
2847
3061
3308
3389
3094
3033
3124
3111
3031
2578
2496
2366
2239
1883
1397
1290
1135
941
385
79
-94
-199
-503
-875
-1028
-1204
-1227
-1538
-1738
-1728
-1705
-1726
-1924
-1861
-1709
-1556
-1493
-1594
-1498
-1334
-1055
-1000
-875
-758
-509
-403
-347
-243
-145
186
209
235
173
343
158
-79
-315
-544
-593
-1128
-1442
-1752
-1942
-2099
-2532
-2625
-2565
-2394
-2473
-2609
-2271
-2011
-1494
-1403
-1165
-579
-93
321
386
770
1303
1822
1964
2059
2364
2793
3113
2989
3037
3255
3505
3589
3346
3254
3319
3402
3223
2873
2753
2562
2424
1986
1426
1023
846
307
-285
-765
-1178
-1363
-1939
-2305
-2559
-2616
-2564
-2592
-2535
-2476
-2168
-1944
-1897
-1609
-1325
-929
-774
-773
-661
-426
-279
-163
-121
-106
137
228
388
346
539
665
784
829
678
735
507
410
116
-212
-386
-928
-1250
-1676
-1974
-2331
-2738
-2752
-2794
-2691
-2782
-2703
-2324
-2042
-1704
-1638
-1103
-519
39
342
552
1118
1611
1975
1923
2091
2408
2643
2674
2481
2607
2779
2977
2932
2686
2761
2824
2770
2418
2168
2167
2133
1945
1322
1075
843
570
48
-525
-771
-1047
-1297
-1866
-2133
-2196
-2214
-2254
-2430
-2260
-2032
-1729
-1615
-1507
-1212
-861
-575
-552
-418
-154
105
263
320
468
679
939
928
1024
1073
1237
1383
1336
1418
1328
1433
1210
874
466
195
-193
-689
-1321
-1709
-1988
-2410
-2880
-3396
-3487
-3500
-3473
-3489
-3477
-3129
-2765
-2496
-2219
-1925
-1323
-867
-591
-356
66
646
975
1173
1370
1780
2175
2462
2490
2675
2944
3223
3354
3398
3478
3562
3630
3443
3225
3091
2926
2667
2261
1852
1520
1192
798
243
-203
-529
-783
-1080
-1456
-1654
-1808
-1770
-1894
-1896
-1757
-1591
-1445
-1318
-1168
-981
-705
-578
-571
-466
-220
-10
110
175
261
430
564
646
675
780
864
880
820
655
620
276
-26
-408
-969
-1174
-1825
-2120
-2590
-3010
-3303
-3792
-3809
-3909
-3806
-3849
-3767
-3308
-2993
-2558
-2369
-1891
-1291
-838
-469
-222
266
730
1182
1323
1537
2063
2438
2832
2860
3106
3461
3795
3940
3795
3931
4020
4140
3949
3702
3611
3423
3149
2721
2178
1740
1508
852
283
-298
-608
-756
-1267
-1497
-1752
-1776
-1763
-1847
-1780
-1879
-1540
-1431
-1391
-1273
-1154
-743
-609
-592
-524
-181
95
205
326
354
688
704
894
838
835
939
848
764
569
379
176
-261
-745
-1155
-1558
-1933
-2527
-3099
-3350
-3673
-3921
-4266
-4411
-4342
-4206
-4028
-3892
-3562
-3096
-2690
-2182
-1864
-1296
-726
-370
66
446
961
1451
1827
2101
2445
2825
3160
3441
3581
3870
4072
4267
4300
4301
4365
4322
4303
4106
3802
3473
3116
2780
2297
1613
1318
855
286
-155
-729
-851
-1265
-1529
-1769
-1988
-1937
-1969
-1867
-1875
-1763
-1423
-1347
-1116
-998
-585
-208
-91
-55
173
431
510
809
709
839
983
1031
1034
888
916
872
816
528
219
119
-182
-549
-1157
-1619
-2063
-2459
-2998
-3624
-3847
-4266
-4374
-4716
-4802
-4705
-4625
-4375
-4316
-3917
-3534
-3070
-2522
-2194
-1469
-875
-208
318
695
1341
1841
2344
2587
2971
3364
3720
3967
4000
4215
4299
4385
4276
4247
4321
4320
4348
4062
3921
3684
3528
3169
2756
2136
1762
1484
638
211
-560
-725
-1217
-1778
-1960
-2319
-2216
-2330
-2196
-2123
-2076
-1616
-1499
-1197
-981
-696
-375
-207
-122
84
435
352
558
503
579
739
635
872
648
625
517
409
251
-122
-311
-644
-1045
-1452
-1895
-2325
-2683
-3328
-3714
-3906
-4268
-4477
-4809
-4950
-4815
-4746
-4508
-4260
-3729
-3286
-2785
-2142
-1666
-867
-294
366
961
1542
2133
2619
2981
3251
3611
3857
4093
4129
4190
4369
4361
4416
4414
4388
4409
4356
4312
4158
4067
3869
3606
3251
2849
2241
1951
1527
738
307
-482
-633
-1168
-1642
-1943
-2287
-2230
-2406
-2251
-2235
-2130
-1741
-1600
-1350
-1205
-931
-633
-522
-420
-235
12
-80
119
-24
53
59
-76
11
-341
-343
-546
-569
-749
-1061
-1165
-1434
-1631
-2001
-2252
-2590
-2888
-3342
-3656
-3721
-3999
-3990
-4165
-4187
-4024
-3964
-3565
-3325
-2799
-2356
-1822
-1108
-631
165
707
1365
1859
2299
2783
3175
3486
3616
3913
3944
4118
4097
4064
4166
4077
4122
3955
3934
3834
3686
3635
3429
3336
2988
2724
2504
2061
1403
1170
639
60
-412
-1167
-1308
-1870
-2142
-2365
-2578
-2488
-2480
-2214
-2137
-1795
-1364
-1055
-688
-400
-17
248
336
382
501
539
306
430
163
108
24
-129
-224
-604
-644
-808
-718
-952
-1128
-1227
-1405
-1597
-1890
-2074
-2521
-2667
-3180
-3480
-3646
-3997
-4099
-4380
-4272
-4100
-3968
-3605
-3329
-2709
-2263
-1590
-1030
-471
308
793
1494
1843
2331
2798
3238
3494
3595
3844
3878
4130
4048
4045
4103
4039
4114
4006
3984
3869
3770
3662
3455
3368
3077
2920
2549
1863
1830
1176
724
141
-450
-647
-1282
-1552
-2015
-2232
-2394
-2366
-2232
-2161
-1921
-1650
-1391
-1115
-837
-459
-88
133
95
262
272
292
267
34
-61
-360
-429
-643
-783
-962
-1025
-1023
-1165
-1228
-1326
-1362
-1513
-1815
-1853
-2204
-2267
-2628
-3042
-3054
-3479
-3435
-3816
-3772
-3684
-3634
-3363
-3199
-2697
-2304
-1843
-1259
-763
-22
557
1199
1649
2057
2573
2921
3294
3318
3532
3613
3689
3680
3475
3452
3321
3325
3142
3058
2944
2789
2798
2592
2548
2400
2232
2161
1907
1688
1393
1243
941
526
153
-105
-289
-646
-886
-1198
-1317
-1468
-1507
-1390
-1376
-1062
-987
-688
-511
-295
-31
32
115
106
155
120
-78
-303
-534
-611
-847
-955
-1143
-1217
-1263
-1335
-1279
-1421
-1492
-1577
-1850
-1816
-2128
-2333
-2462
-2896
-2856
-3288
-3308
-3482
-3614
-3461
-3462
-3177
-3094
-2665
-2142
-1778
-1259
-825
-239
414
898
1347
1825
2306
2612
2978
3064
3230
3310
3366
3407
3293
3289
3231
3313
3239
3176
3098
3048
3085
2890
2792
2711
2518
2433
2007
1832
1687
1343
1237
721
453
74
-244
-491
-816
-1017
-1206
-1081
-1127
-1062
-912
-630
-429
-357
-216
-130
42
-7
-9
-53
-235
-133
-363
-439
-687
-918
-830
-1082
-1123
-1300
-1264
-1238
-1326
-1327
-1611
-1635
-1907
-2004
-2132
-2536
-2516
-3114
-3032
-3311
-3457
-3459
-3722
-3500
-3635
-3433
-3320
-3010
-2542
-2242
-1646
-1284
-687
-107
368
899
1213
1727
2057
2442
2555
2706
3010
3100
3322
3236
3478
3486
3610
3600
3512
3586
3472
3568
3386
3199
3055
2855
2786
2469
2193
1994
1751
1539
1149
825
400
244
-86
-337
-637
-806
-755
-873
-858
-1070
-926
-835
-835
-794
-739
-534
-493
-516
-574
-689
-661
-686
-750
-955
-1026
-1002
-1075
-1152
-1208
-1123
-1113
-1162
-1215
-1353
-1461
-1782
-1730
-1928
-2177
-2332
-2839
-2717
-3118
-3217
-3409
-3557
-3406
-3440
-3218
-3163
-2865
-2388
-2163
-1711
-1411
-852
-252
105
482
828
1306
1614
1982
2005
2315
2578
2785
3012
2952
3269
3420
3683
3764
3834
4025
3983
4110
4014
3936
3767
3543
3520
3089
2588
2375
1938
1632
1096
562
393
-60
-334
-664
-902
-1085
-1122
-1117
-1176
-1230
-1155
-1031
-981
-1021
-1024
-873
-714
-829
-835
-878
-824
-818
-855
-809
-863
-723
-750
-723
-888
-859
-745
-823
-821
-1013
-1119
-1346
-1564
-1950
-2444
-2643
-3242
-3332
-3694
-3926
-4000
-4126
-3947
-3878
-3588
-3497
-3167
-2696
-2376
-1857
-1608
-1065
-521
-148
265
558
1108
1468
1890
2012
2326
2661
2949
3350
3354
3727
3936
4182
4362
4413
4527
4557
4713
4596
4395
4207
3954
3671
3173
2766
2279
1880
1457
987
552
107
-139
-438
-677
-977
-1071
-1033
-1199
-1193
-1363
-1307
-1321
-1437
-1504
-1561
-1483
-1426
-1408
-1466
-1493
-1473
-1393
-1374
-1364
-1196
-980
-752
-660
-592
-466
-323
-198
-201
-409
-476
-883
-1105
-1412
-1974
-2174
-2812
-2875
-3275
-3634
-3830
-4082
-3866
-3905
-3698
-3553
-3239
-2613
-2273
-1796
-1392
-957
-378
-39
305
464
939
1252
1525
1602
1711
2149
2387
2733
2843
3280
3618
3996
4279
4366
4597
4630
4819
4714
4429
4207
3929
3754
3246
2808
2316
1975
1599
1041
671
254
114
-141
-390
-649
-796
-772
-961
-983
-1245
-1261
-1264
-1415
-1411
-1622
-1641
-1681
-1769
-1860
-1867
-1624
-1625
-1590
-1510
-1343
-1090
-916
-713
-578
-435
-259
-145
-181
-217
-467
-741
-850
-1432
-1728
-2219
-2741
-2885
-3489
-3621
-3908
-3917
-3747
-3718
-3474
-3446
-3005
-2638
-2271
-1752
-1473
-887
-429
-74
199
535
832
1085
1354
1316
1642
1820
2215
2613
2790
3219
3526
4009
4282
4480
4631
4802
4931
4758
4600
4234
3984
3734
3178
2772
2199
1938
1485
963
549
203
121
-185
-359
-644
-808
-835
-967
-977
-1143
-1195
-1224
-1284
-1436
-1571
-1578
-1689
-1767
-1856
-1841
-1726
-1647
-1529
-1431
-1200
-1045
-808
-555
-569
-379
-312
-183
-159
-441
-548
-996
-1103
-1571
-2109
-2333
-2949
-2990
-3444
-3679
-3893
-4016
-3760
-3718
-3444
-3340
-2969
-2372
-1966
-1568
-1323
-807
-346
-38
204
409
799
992
1351
1342
1637
1965
2264
2781
2869
3289
3638
4053
4359
4428
4614
4722
4849
4695
4514
4273
3932
3716
3221
2827
2284
1940
1634
1224
782
342
226
-16
-220
-550
-642
-638
-764
-823
-1083
-1088
-1157
-1199
-1335
-1624
-1690
-1742
-1730
-1903
-1927
-1838
-1726
-1647
-1702
-1488
-1287
-1079
-887
-866
-753
-637
-477
-505
-579
-768
-1060
-1054
-1660
-1984
-2520
-2975
-3056
-3571
-3733
-4051
-3881
-3742
-3685
-3425
-3315
-2777
-2363
-1990
-1547
-1184
-569
-111
221
492
956
1316
1666
1901
1943
2313
2477
2831
3025
3137
3413
3558
3874
3978
4103
4155
4270
4377
4253
4167
3943
3827
3574
3307
2954
2509
2190
1772
1454
964
601
373
76
-202
-561
-758
-928
-1070
-1264
-1393
-1395
-1401
-1331
-1417
-1442
-1511
-1489
-1476
-1540
-1532
-1603
-1588
-1706
-1694
-1630
-1570
-1487
-1413
-1290
-1250
-1099
-923
-805
-766
-907
-1096
-997
-1397
-1638
-2068
-2475
-2535
-3059
-3312
-3674
-3728
-3739
-3729
-3605
-3513
-3031
-2603
-2164
-1688
-1299
-686
-144
291
508
961
1360
1663
1860
1790
2111
2239
2539
2713
2732
3060
3199
3527
3658
3842
3956
4118
4405
4326
4368
4138
4097
4011
3652
3355
2956
2725
2232
1809
1261
893
631
258
2
-418
-622
-702
-769
-833
-1019
-952
-917
-854
-953
-1130
-1140
-1286
-1312
-1457
-1503
-1636
-1695
-1831
-1973
-1992
-2015
-1814
-1821
-1715
-1670
-1485
-1269
-1170
-1099
-1170
-1362
-1340
-1628
-1913
-2272
-2748
-2780
-3209
-3496
-3834
-3897
-3813
-3796
-3710
-3610
-3154
-2581
-2141
-1689
-1216
-608
17
446
688
979
1377
1676
1937
1871
2046
2222
2354
2540
2478
2699
2909
3273
3467
3595
3732
3941
4247
4343
4373
4317
4304
4265
4095
3792
3399
3132
2711
2244
1689
1206
875
544
289
-93
-279
-417
-468
-494
-626
-611
-553
-493
-577
-631
-709
-859
-1056
-1371
-1559
-1873
-2127
-2322
-2630
-2795
-2956
-2830
-2790
-2727
-2585
-2233
-1809
-1600
-1399
-1253
-1228
-1151
-1256
-1692
-1808
-2365
-2542
-2918
-3377
-3713
-3983
-3935
-3931
-3862
-3804
-3419
-2846
-2298
-1728
-1212
-604
149
679
1091
1441
1823
2053
2192
2101
2041
2142
2159
2236
2112
2199
2421
2703
2997
3185
3529
3787
4205
4494
4647
4719
4729
4818
4644
4404
3943
3633
3168
2676
2127
1552
1172
715
399
-27
-236
-321
-277
-133
-230
-152
-102
-154
-251
-558
-728
-936
-1157
-1512
-1858
-2187
-2535
-2849
-3228
-3340
-3499
-3431
-3337
-3323
-3096
-2910
-2489
-2207
-1971
-1815
-1685
-1667
-1619
-1744
-2117
-2207
-2715
-2783
-3193
-3497
-3686
-3931
-3801
-3768
-3472
-3257
-2826
-2147
-1671
-1082
-562
7
632
1019
1277
1437
1819
1975
2097
2000
2009
2160
2162
2304
2272
2483
2720
3062
3310
3466
3810
4037
4414
4585
4750
4868
4841
4859
4611
4409
3976
3678
3237
2659
2265
1735
1448
1153
752
379
170
137
20
-50
-228
-244
-303
-421
-556
-880
-1053
-1313
-1616
-1940
-2277
-2582
-2932
-3293
-3590
-3732
-3878
-3843
-3811
-3758
-3513
-3272
-2888
-2609
-2360
-2182
-1954
-1953
-1929
-2049
-2328
-2399
-2875
-2918
-3204
-3383
-3539
-3625
-3359
-3324
-2963
-2648
-2269
-1649
-1302
-669
-165
379
953
1320
1592
1756
2022
2018
2211
2084
2077
2126
2088
2339
2278
2557
2809
3090
3459
3689
4116
4400
4770
4914
5010
5123
5086
5045
4835
4626
4195
3818
3381
2913
2455
1902
1573
1250
925
557
299
151
-62
-154
-451
-669
-869
-1057
-1238
-1575
-1799
-2160
-2397
-2797
-3100
-3337
-3642
-3753
-4000
-4117
-4107
-4019
-3904
-3727
-3442
-3150
-2709
-2406
-2178
-1914
-1813
-1644
-1848
-1747
-2020
-2164
-2311
-2860
-2775
-3203
-3188
-3378
-3406
-3098
-2934
-2499
-2295
-1785
-1290
-815
-333
-70
460
892
1231
1414
1562
1829
1920
2042
1893
1983
2067
2239
2485
2616
2946
3125
3601
3905
4216
4504
4734
5052
5131
5177
5074
4950
4877
4621
4372
3994
3571
3158
2671
2227
1730
1406
1058
685
357
65
-86
-292
-476
-664
-808
-986
-1194
-1408
-1739
-1987
-2245
-2495
-2783
-3060
-3276
-3468
-3678
-3871
-3935
-3908
-3839
-3582
-3470
-3223
-2946
-2624
-2284
-2090
-1862
-1799
-1546
-1791
-1590
-1771
-2011
-1994
-2509
-2324
-2715
-2743
-2856
-2931
-2719
-2737
-2330
-2244
-1880
-1423
-1158
-648
-424
68
377
659
868
959
1253
1244
1485
1398
1571
1828
1996
2374
2468
2920
3244
3697
4045
4353
4696
4848
5129
5113
5152
5043
4897
4794
4534
4300
3887
3565
3158
2729
2336
1907
1627
1303
948
599
399
212
-19
-248
-623
-780
-1075
-1363
-1661
-1967
-2212
-2484
-2754
-3080
-3275
-3512
-3630
-3738
-3771
-3771
-3631
-3459
-3390
-3127
-3009
-2636
-2368
-2135
-1846
-1680
-1535
-1474
-1596
-1743
-1698
-2107
-2141
-2597
-2829
-2856
-3062
-3008
-3160
-2986
-2853
-2619
-2428
-2298
-1911
-1577
-1259
-964
-792
-442
-162
102
269
592
827
1193
1535
1760
2241
2418
2941
3306
3594
4007
4271
4681
4938
5246
5386
5568
5671
5643
5488
5285
5077
4825
4579
4108
3847
3473
3091
2705
2179
1824
1510
1139
806
436
126
-170
-387
-746
-1154
-1452
-1853
-2102
-2426
-2690
-2901
-3099
-3312
-3506
-3650
-3738
-3806
-3862
-3851
-3816
-3684
-3482
-3371
-3256
-3124
-2911
-2683
-2484
-2268
-2194
-1949
-1874
-1814
-2008
-1923
-2028
-2137
-2223
-2620
-2479
-2633
-2589
-2718
-2797
-2613
-2489
-2287
-2273
-2031
-1734
-1468
-1108
-976
-612
-243
130
477
791
1312
1727
2330
2629
2975
3301
3717
4220
4418
4785
4915
5180
5365
5462
5526
5496
5572
5451
5342
5104
4919
4744
4508
4240
3822
3542
3203
2864
2424
2013
1574
1137
739
176
-320
-830
-1211
-1575
-2112
-2450
-2787
-3029
-3268
-3485
-3682
-3832
-3886
-3995
-3915
-3951
-3888
-3839
-3839
-3773
-3733
-3571
-3427
-3227
-3100
-2913
-2711
-2475
-2287
-2134
-1972
-1835
-1663
-1682
-1771
-1656
-1774
-1730
-1822
-2081
-1964
-2233
-2238
-2475
-2519
-2494
-2486
-2363
-2366
-2108
-1891
-1466
-1064
-698
-124
561
1110
1545
2050
2521
2993
3511
3825
4230
4494
4780
5031
5055
5235
5225
5431
5506
5503
5435
5408
5454
5327
5178
4814
4659
4420
4135
3756
3221
2845
2381
1961
1453
908
365
-139
-678
-1240
-1668
-2021
-2331
-2655
-3018
-3240
-3365
-3405
-3549
-3678
-3715
-3742
-3711
-3798
-3768
-3834
-3837
-3792
-3775
-3742
-3697
-3562
-3428
-3264
-3102
-2811
-2527
-2275
-2054
-1837
-1539
-1280
-1083
-1161
-1248
-1156
-1346
-1355
-1634
-1907
-1929
-2207
-2295
-2598
-2631
-2580
-2500
-2363
-2245
-1783
-1295
-745
-246
214
902
1630
2253
2725
3273
3729
4237
4600
4718
4948
4968
5161
5196
5023
5006
4948
5024
4966
4877
4724
4679
4752
4652
4476
4219
4048
3848
3534
3107
2596
2136
1625
1095
479
-161
-640
-1167
-1619
-2083
-2425
-2662
-2877
-3022
-3200
-3263
-3278
-3239
-3299
-3350
-3342
-3391
-3395
-3492
-3577
-3696
-3755
-3823
-3884
-3837
-3760
-3578
-3359
-3154
-2827
-2498
-2029
-1624
-1349
-1007
-696
-416
-325
-279
-520
-497
-671
-981
-1174
-1792
-1870
-2141
-2314
-2426
-2637
-2401
-2230
-1878
-1645
-1153
-475
116
781
1178
1779
2395
2889
3215
3355
3655
3903
4235
4213
4192
4303
4333
4427
4323
4289
4252
4330
4380
4304
4261
4150
4153
4079
3841
3557
3317
3033
2723
2155
1551
1101
674
251
-321
-884
-1281
-1509
-1717
-1949
-2154
-2246
-2110
-2081
-2105
-2176
-2112
-1987
-2088
-2176
-2433
-2521
-2644
-2866
-3055
-3311
-3294
-3337
-3369
-3413
-3415
-3236
-2989
-2702
-2526
-2242
-1818
-1423
-1145
-992
-831
-657
-605
-667
-798
-1067
-1133
-1315
-1557
-1753
-2128
-2105
-2208
-2232
-2257
-2137
-1734
-1362
-919
-570
-71
534
1106
1576
1890
2273
2707
3013
3103
3120
3267
3414
3631
3579
3454
3465
3566
3674
3639
3662
3729
3966
4058
4035
3937
3940
3988
3721
3494
3043
2741
2353
1965
1480
928
652
225
-73
-536
-892
-1065
-1182
-1269
-1419
-1504
-1488
-1407
-1507
-1696
-1795
-1961
-2034
-2298
-2667
-2784
-2943
-3018
-3328
-3499
-3634
-3575
-3512
-3484
-3343
-3185
-2822
-2580
-2292
-2117
-1779
-1424
-1158
-1007
-1023
-882
-889
-864
-1018
-1132
-1256
-1282
-1183
-1421
-1266
-1439
-1406
-1127
-1146
-843
-760
-374
20
332
715
961
1437
1691
1952
2076
2128
2423
2606
2676
2607
2697
2849
3000
3027
2963
3102
3193
3481
3591
3605
3673
3708
3818
3647
3437
3164
2959
2732
2361
2020
1615
1378
1038
680
376
110
32
-154
-279
-510
-675
-695
-741
-820
-1074
-1199
-1305
-1391
-1598
-1816
-1981
-2242
-2487
-2885
-3137
-3335
-3478
-3605
-3742
-3739
-3736
-3563
-3478
-3379
-3191
-2993
-2707
-2527
-2276
-2076
-1796
-1561
-1374
-1249
-1184
-947
-859
-732
-730
-668
-502
-534
-221
-296
-69
60
94
473
481
807
885
1116
1331
1472
1650
1684
1889
1976
2020
2002
2027
2135
2200
2266
2161
2242
2296
2368
2438
2335
2487
2510
2605
2638
2519
2495
2420
2425
2216
2115
1915
1832
1751
1547
1456
1199
1247
1078
980
786
625
658
539
467
210
54
-112
-253
-534
-906
-1160
-1486
-1716
-2069
-2450
-2647
-2913
-3089
-3437
-3616
-3669
-3669
-3566
-3614
-3510
-3452
-3226
-3146
-3037
-2804
-2628
-2337
-2219
-2044
-1846
-1645
-1391
-1194
-919
-681
-402
-33
187
477
721
1019
1109
1192
1459
1348
1651
1556
1560
1591
1433
1500
1206
1197
1039
1027
940
777
778
698
785
744
706
791
894
1060
1018
1088
1076
1178
1278
1186
1299
1178
1346
1261
1238
1254
1210
1359
1303
1415
1399
1539
1602
1679
1663
1701
1746
1696
1724
1499
1360
1231
1009
765
389
99
-144
-503
-863
-1193
-1404
-1618
-1816
-2094
-2332
-2479
-2580
-2694
-2865
-2968
-3108
-3100
-3169
-3184
-3142
-3114
-2999
-2966
-2827
-2646
-2354
-2000
-1668
-1344
-1001
-542
-114
294
662
900
1229
1524
1706
1866
1918
2002
2003
1886
1776
1703
1502
1460
1108
967
807
580
480
135
57
-90
-121
-278
-415
-412
-448
-438
-453
-426
-402
-291
-236
-189
-94
-23
231
305
402
617
813
1107
1239
1454
1731
2051
2361
2489
2613
2620
2791
2860
2713
2554
2311
2191
1911
1610
1217
921
621
259
-85
-537
-750
-1005
-1259
-1575
-1901
-2118
-2312
-2460
-2769
-2952
-3080
-3183
-3320
-3536
-3550
-3566
-3454
-3356
-3213
-2973
-2672
-2278
-1941
-1492
-1074
-572
6
398
796
1095
1450
1730
1937
2108
2171
2400
2462
2391
2280
2095
2004
1807
1475
1213
1104
869
809
449
160
70
-206
-373
-790
-984
-1120
-1212
-1380
-1604
-1622
-1633
-1533
-1556
-1592
-1417
-1159
-911
-685
-458
-122
302
751
1018
1384
1707
2180
2506
2649
2854
2978
3137
3073
2953
2694
2615
2466
2198
1901
1651
1464
1296
1097
725
438
133
-45
-372
-802
-1139
-1402
-1649
-1950
-2319
-2557
-2722
-2894
-3010
-3172
-3134
-3111
-3066
-2982
-2878
-2645
-2333
-1983
-1652
-1343
-946
-534
-175
160
420
764
985
1194
1300
1423
1566
1695
1804
1716
1770
1782
1772
1700
1559
1381
1273
1126
950
627
357
171
-118
-250
-620
-875
-1062
-1370
-1557
-1885
-1972
-2008
-2038
-2057
-2138
-2039
-1863
-1605
-1428
-1192
-819
-391
45
356
587
883
1304
1684
1905
2136
2317
2585
2727
2737
2739
2770
2827
2710
2461
2206
2085
1963
1658
1317
937
717
589
236
-98
-431
-674
-921
-1188
-1509
-1812
-1923
-2024
-2134
-2248
-2233
-2139
-2016
-1913
-1800
-1597
-1407
-1181
-1001
-832
-597
-356
-119
-7
75
228
418
590
648
722
816
953
965
1003
1069
1123
1184
1175
1169
1102
1090
1002
811
598
359
225
20
-189
-453
-743
-897
-1029
-1226
-1397
-1660
-1758
-1824
-1837
-1850
-1917
-1832
-1779
-1633
-1553
-1435
-1243
-1051
-835
-719
-513
-275
-13
213
387
569
809
1161
1377
1513
1639
1830
2072
2152
2200
2145
2161
2165
2061
1827
1531
1398
1157
958
586
256
54
-227
-335
-539
-625
-621
-573
-506
-484
-395
-225
-49
31
44
115
230
305
310
212
135
128
67
-13
-33
-123
-71
-79
-63
-73
-57
61
36
-19
-45
71
100
128
26
-8
43
-25
-87
-281
-410
-613
-755
-947
-1091
-1197
-1249
-1298
-1302
-1210
-1175
-1039
-977
-943
-937
-954
-966
-985
-1028
-1122
-1307
-1400
-1459
-1435
-1376
-1336
-1251
-1094
-860
-725
-555
-367
-77
233
434
669
948
1288
1608
1834
1983
2106
2184
2205
2137
2002
1893
1817
1694
1518
1311
1195
1117
1000
880
791
778
876
928
940
983
1058
1167
1180
1170
1190
1196
1128
962
829
668
467
244
58
-171
-357
-503
-627
-732
-838
-884
-877
-855
-877
-915
-901
-878
-972
-1035
-1094
-1071
-1125
-1203
-1213
-1264
-1219
-1247
-1283
-1270
-1301
-1226
-1180
-1109
-1043
-900
-773
-654
-491
-468
-329
-330
-380
-407
-508
-561
-823
-1010
-1198
-1391
-1490
-1593
-1610
-1695
-1596
-1469
-1396
-1283
-1138
-862
-635
-395
-176
210
528
757
983
1145
1413
1614
1797
1891
1936
2079
2249
2355
2378
2393
2429
2503
2567
2506
2512
2458
2577
2525
2470
2478
2335
2376
2168
2066
1887
1782
1695
1518
1325
1088
959
696
445
138
-152
-337
-619
-871
-1168
-1351
-1526
-1723
-1881
-2033
-2038
-2165
-2220
-2269
-2301
-2280
-2302
-2221
-2157
-2047
-1935
-1761
-1678
-1595
-1484
-1308
-1091
-1066
-967
-878
-776
-723
-702
-711
-747
-723
-746
-752
-792
-785
-804
-853
-895
-1044
-1059
-1133
-1093
-1114
-1066
-968
-976
-951
-938
-789
-697
-559
-472
-392
-206
-7
213
414
688
990
1304
1622
1853
2167
2432
2718
2911
3062
3239
3312
3390
3389
3349
3257
3193
3140
3009
2894
2728
2635
2525
2379
2240
2024
1944
1765
1618
1443
1256
1051
790
459
140
-190
-533
-823
-1236
-1585
-1884
-2131
-2375
-2607
-2750
-2870
-2963
-3049
-3098
-3070
-2994
-2888
-2766
-2632
-2531
-2362
-2194
-2093
-1919
-1826
-1731
-1596
-1528
-1436
-1313
-1171
-1060
-1011
-936
-859
-785
-661
-561
-453
-362
-249
-187
-123
-5
63
154
197
241
274
313
264
182
107
0
-60
-154
-153
-125
-58
40
198
386
623
881
1121
1390
1554
1758
1955
2158
2369
2525
2711
2871
3008
3092
3104
3101
3077
3049
2985
2885
2753
2637
2468
2300
2095
1966
1839
1625
1416
1155
1004
721
495
246
-43
-286
-618
-895
-1242
-1589
-1865
-2107
-2331
-2552
-2731
-2861
-2967
-3008
-3019
-3008
-2974
-2956
-2933
-2889
-2844
-2754
-2599
-2470
-2320
-2172
-1971
-1821
-1729
-1682
-1564
-1440
-1286
-1157
-1062
-870
-750
-613
-422
-226
-46
99
222
304
420
557
640
736
768
826
876
862
829
817
826
856
814
784
789
731
748
682
669
684
728
818
940
1095
1235
1417
1638
1840
2041
2228
2434
2583
2659
2714
2794
2873
2863
2822
2709
2589
2423
2265
2068
1822
1577
1371
1205
988
690
482
321
88
-46
-304
-457
-667
-926
-1183
-1547
-1841
-2061
-2331
-2617
-2804
-3002
-3070
-3244
-3400
-3484
-3506
-3457
-3437
-3329
-3209
-3024
-2851
-2654
-2436
-2268
-2104
-1882
-1747
-1587
-1465
-1263
-1034
-845
-678
-430
-170
0
204
373
619
783
886
979
1073
1148
1259
1385
1504
1621
1656
1718
1718
1663
1658
1713
1732
1721
1758
1702
1709
1684
1609
1612
1551
1529
1543
1501
1474
1467
1446
1430
1412
1376
1407
1400
1348
1294
1192
1134
1081
1070
1032
932
839
728
701
596
435
309
143
-5
-214
-426
-631
-831
-981
-1187
-1411
-1573
-1753
-1906
-2069
-2223
-2284
-2356
-2377
-2418
-2415
-2381
-2338
-2267
-2207
-2143
-2067
-1949
-1883
-1847
-1748
-1619
-1479
-1307
-1225
-1115
-945
-818
-642
-504
-396
-232
-59
70
208
345
482
579
622
692
798
841
935
979
968
994
1059
1120
1160
1210
1269
1354
1403
1475
1564
1666
1818
1943
2015
2073
2070
2015
1970
1869
1752
1635
1464
1319
1127
1003
876
773
659
523
425
353
298
245
253
199
158
76
24
-65
-165
-289
-420
-521
-700
-851
-1006
-1198
-1348
-1480
-1588
-1633
-1662
-1699
-1724
-1666
-1640
-1611
-1554
-1497
-1458
-1393
-1373
-1340
-1277
-1276
-1227
-1293
-1290
-1300
-1263
-1219
-1206
-1081
-1014
-864
-736
-561
-367
-179
35
200
368
488
586
640
682
716
699
721
704
734
750
735
781
798
840
918
1003
1117
1262
1399
1547
1669
1843
2053
2218
2376
2436
2459
2478
2431
2320
2140
1977
1818
1618
1403
1192
1005
846
724
585
488
371
233
95
-52
-191
-383
-562
-819
-1081
-1335
-1639
-1892
-2182
-2466
-2707
-2908
-3055
-3210
-3304
-3411
-3461
-3425
-3317
-3140
-2966
-2731
-2482
-2169
-1871
-1562
-1247
-953
-752
-580
-328
-134
4
113
240
380
540
695
842
1013
1196
1361
1473
1619
1743
1882
1975
2056
2083
2029
1943
1865
1778
1652
1499
1326
1159
989
817
694
595
541
517
498
501
517
610
701
790
839
929
990
1032
1071
1082
1058
1002
959
924
907
850
760
718
631
532
486
396
330
235
115
17
-154
-364
-574
-806
-1012
-1254
-1487
-1716
-1943
-2123
-2328
-2502
-2641
-2721
-2808
-2862
-2840
-2762
-2631
-2491
-2322
-2151
-1949
-1733
-1566
-1332
-1149
-940
-748
-563
-372
-240
-44
79
179
264
417
587
758
873
1003
1176
1312
1472
1593
1653
1690
1723
1731
1710
1658
1576
1487
1373
1268
1171
1084
997
895
836
737
624
573
477
422
420
444
474
495
553
656
733
735
766
842
908
1000
1040
1047
1083
1068
1068
1042
1019
964
942
873
817
709
628
582
490
352
207
17
-211
-398
-637
-826
-1075
-1306
-1485
-1672
-1871
-2033
-2193
-2375
-2521
-2689
-2803
-2862
-2911
-2950
-2951
-2908
-2843
-2747
-2677
-2555
-2441
-2300
-2136
-2011
-1875
-1725
-1499
-1313
-1139
-898
-655
-422
-218
-19
235
499
737
918
1082
1266
1459
1606
1724
1824
1873
1934
1981
2023
2063
2108
2173
2226
2280
2356
2407
2484
2554
2577
2634
2694
2731
2745
2768
2729
2662
2600
2530
2406
2307
2128
1981
1817
1639
1528
1353
1224
1077
921
803
623
433
261
27
-195
-429
-662
-900
-1147
-1415
-1615
-1835
-2113
-2309
-2537
-2711
-2916
-3057
-3147
-3246
-3331
-3398
-3441
-3451
-3472
-3519
-3545
-3610
-3572
-3502
-3459
-3362
-3270
-3154
-2984
-2877
-2707
-2451
-2187
-1908
-1650
-1303
-985
-661
-357
-62
238
528
825
1108
1335
1527
1760
1961
2127
2303
2458
2593
2681
2763
2828
2893
2949
2955
2983
3029
3095
3164
3243
3273
3298
3324
3339
3353
3294
3232
3155
3032
2905
2753
2556
2334
2087
1842
1591
1350
1129
948
722
549
384
178
7
-212
-400
-609
-828
-1021
-1199
-1412
-1612
-1813
-2025
-2213
-2422
-2625
-2826
-3001
-3143
-3308
-3429
-3537
-3651
-3702
-3752
-3776
-3737
-3704
-3615
-3477
-3336
-3171
-3027
-2873
-2749
-2666
-2539
-2366
-2228
-2060
-1858
-1650
-1412
-1195
-967
-671
-372
-73
217
499
778
1099
1433
1722
1998
2258
2482
2666
2833
2979
3125
3241
3314
3350
3330
3333
3313
3252
3223
3198
3164
3132
3132
3117
3110
3103
3099
3037
2937
2795
2622
2428
2209
2008
1809
1625
1379
1131
867
601
420
236
91
-80
-264
-481
-668
-844
-986
-1112
-1247
-1348
-1504
-1615
-1798
-1926
-2041
-2196
-2321
-2492
-2630
-2736
-2859
-2961
-3058
-3162
-3242
-3312
-3350
-3331
-3297
-3278
-3229
-3193
-3147
-3042
-2910
-2768
-2585
-2418
-2260
-2107
-1947
-1821
-1662
-1528
-1371
-1209
-1026
-840
-621
-330
-48
238
518
776
1027
1295
1585
1881
2172
2454
2716
2921
3120
3309
3450
3574
3671
3713
3705
3702
3670
3603
3494
3415
3352
3279
3207
3126
3028
2947
2813
2660
2493
2286
2068
1848
1628
1372
1096
786
486
199
-60
-305
-512
-746
-954
-1126
-1271
-1410
-1523
-1628
-1696
-1739
-1803
-1855
-1891
-1909
-1937
-1978
-2005
-2067
-2152
-2226
-2301
-2396
-2477
-2482
-2522
-2562
-2551
-2531
-2530
-2548
-2495
-2459
-2427
-2394
-2351
-2229
-2114
-1997
-1861
-1730
-1596
-1500
-1422
-1347
-1267
-1149
-1031
-906
-724
-515
-329
-142
106
339
586
862
1115
1357
1593
1814
1990
2206
2409
2597
2745
2879
2988
3051
3122
3164
3152
3158
3182
3209
3236
3235
3228
3171
3079
3008
2878
2759
2647
2467
2282
2074
1876
1653
1420
1147
900
645
399
162
-94
-321
-523
-703
-908
-1086
-1248
-1367
-1490
-1603
-1736
-1821
-1905
-2017
-2153
-2284
-2387
-2458
-2541
-2616
-2684
-2749
-2782
-2852
-2843
-2834
-2798
-2756
-2726
-2635
-2586
-2490
-2374
-2243
-2082
-1960
-1808
-1677
-1519
-1381
-1234
-1113
-1020
-891
-793
-620
-496
-349
-185
-21
143
305
488
684
850
1026
1239
1422
1621
1777
1900
2043
2158
2244
2303
2368
2449
2541
2635
2678
2711
2728
2727
2702
2695
2674
2634
2594
2537
2481
2337
2241
2128
2006
1880
1738
1640
1515
1376
1205
1048
858
683
472
241
63
-137
-326
-536
-737
-940
-1121
-1312
-1492
-1636
-1787
-1904
-2021
-2138
-2243
-2321
-2412
-2518
-2562
-2587
-2655
-2686
-2738
-2741
-2704
-2667
-2586
-2535
-2462
-2352
-2245
-2132
-2014
-1854
-1711
-1594
-1456
-1306
-1102
-945
-713
-516
-283
-93
64
248
379
556
713
865
1004
1113
1193
1294
1357
1410
1460
1491
1529
1591
1620
1613
1637
1633
1631
1620
1615
1675
1673
1673
1693
1689
1642
1590
1526
1474
1421
1329
1263
1210
1182
1152
1132
1125
1137
1110
1117
1104
1064
1047
966
884
782
666
521
361
227
66
-110
-339
-515
-690
-862
-1015
-1174
-1262
-1356
-1458
-1544
-1609
-1675
-1772
-1855
-1945
-1998
-2058
-2088
-2115
-2149
-2144
-2101
-2054
-2017
-1981
-1925
-1828
-1756
-1626
-1505
-1397
-1283
-1106
-948
-746
-560
-344
-140
49
244
385
552
667
756
847
934
1044
1141
1230
1305
1341
1406
1422
1445
1450
1452
1417
1382
1385
1333
1289
1262
1230
1188
1164
1126
1063
992
925
874
796
712
647
574
522
517
517
525
523
505
466
429
403
373
352
313
289
234
184
135
79
26
-40
-106
-216
-346
-473
-554
-652
-768
-850
-952
-1066
-1161
-1241
-1309
-1340
-1374
-1381
-1366
-1355
-1373
-1364
-1367
-1378
-1338
-1282
-1205
-1157
-1137
-1055
-978
-857
-758
-649
-551
-462
-357
-279
-176
-107
-20
36
104
212
308
428
497
582
664
740
828
889
988
1063
1118
1152
1159
1129
1126
1122
1119
1124
1079
1030
1006
978
935
853
820
762
713
647
568
516
480
444
401
395
340
309
288
284
232
203
152
69
-6
-145
-256
-407
-510
-616
-666
-719
-794
-823
-835
-828
-816
-793
-761
-716
-727
-746
-774
-812
-853
-900
-891
-868
-842
-798
-719
-624
-539
-435
-329
-221
-99
0
90
171
276
333
418
507
554
592
594
587
568
534
482
425
370
344
280
237
212
173
142
137
165
197
199
195
213
217
215
218
223
243
252
228
192
174
179
182
151
135
92
23
4
-25
-52
-65
-86
-100
-116
-130
-135
-133
-130
-124
-106
-118
-147
-200
-274
-331
-379
-423
-455
-489
-562
-597
-653
-670
-646
-599
-559
-499
-455
-405
-341
-292
-227
-149
-49
3
33
38
95
129
120
140
189
226
277
369
466
569
666
726
813
895
936
983
998
976
947
947
891
827
758
712
627
525
448
347
242
140
61
-37
-127
-223
-349
-415
-457
-519
-532
-549
-536
-523
-560
-575
-585
-592
-609
-606
-623
-636
-644
-653
-620
-568
-532
-508
-438
-412
-375
-304
-265
-179
-142
-95
-60
-29
12
16
13
13
1
-1
1
8
36
17
30
50
18
-19
-20
-71
-64
-59
-61
-48
-32
-36
-22
-25
-24
8
32
70
116
204
290
356
415
470
533
597
645
690
726
768
813
805
833
864
891
884
859
844
814
781
752
701
650
597
487
395
290
224
163
94
4
-86
-206
-303
-388
-494
-589
-647
-720
-823
-898
-948
-973
-1035
-1057
-1115
-1130
-1119
-1087
-1078
-1081
-1050
-1047
-1004
-977
-920
-864
-786
-707
-638
-548
-443
-377
-329
-283
-232
-139
-45
35
109
169
241
291
351
434
485
517
561
586
590
610
621
603
575
551
547
550
540
480
418
398
379
368
381
419
438
443
465
481
513
542
559
556
552
583
615
654
668
674
680
651
593
538
524
458
375
360
297
259
235
196
144
63
30
-21
-62
-117
-172
-221
-285
-380
-466
-518
-584
-654
-713
-757
-806
-838
-891
-922
-895
-866
-870
-849
-818
-817
-780
-788
-777
-758
-744
-744
-758
-756
-733
-658
-609
-547
-488
-404
-322
-248
-142
-46
63
123
158
218
232
231
252
259
263
260
269
237
221
242
237
235
248
264
293
300
328
370
415
494
554
642
732
737
775
771
734
718
714
725
713
716
746
791
775
796
824
819
815
782
761
730
660
628
576
494
414
330
251
165
62
-18
-117
-221
-293
-387
-484
-574
-641
-695
-749
-790
-849
-899
-913
-965
-996
-1021
-1029
-1004
-1008
-995
-1001
-1007
-976
-983
-958
-924
-879
-842
-808
-743
-689
-647
-570
-495
-467
-397
-303
-223
-161
-131
-105
-76
-40
25
90
164
229
309
351
426
481
530
586
618
620
624
640
606
613
613
649
658
667
674
683
704
724
752
796
852
869
868
872
861
864
876
886
919
896
892
862
816
755
685
618
542
474
417
323
267
182
68
-17
-127
-217
-322
-377
-469
-539
-584
-643
-669
-699
-747
-778
-808
-864
-886
-921
-947
-990
-1003
-1021
-1051
-1042
-1023
-996
-963
-963
-941
-886
-850
-826
-796
-754
-674
-615
-586
-560
-531
-476
-438
-380
-315
-264
-203
-162
-122
-98
-39
23
52
114
166
242
320
401
463
513
574
633
685
695
745
738
757
785
788
814
857
929
982
1001
1028
1056
1077
1106
1109
1116
1108
1125
1106
1081
1046
968
887
793
698
611
537
445
350
241
132
17
-66
-152
-243
-320
-431
-507
-564
-644
-741
-804
-871
-981
-1056
-1141
-1200
-1261
-1311
-1321
-1313
-1305
-1299
-1286
-1259
-1201
-1141
-1080
-985
-886
-785
-699
-642
-561
-492
-430
-347
-271
-192
-98
-33
26
77
151
235
337
434
518
618
685
724
732
763
775
767
793
778
776
759
730
730
722
698
678
650
658
636
583
562
526
518
485
422
371
330
287
230
179
139
120
90
54
71
40
24
17
-4
-18
-31
-5
-32
-64
-109
-141
-168
-219
-244
-288
-326
-395
-449
-493
-548
-591
-645
-689
-753
-790
-829
-838
-828
-834
-800
-762
-721
-665
-636
-613
-554
-512
-425
-345
-270
-195
-108
-26
31
119
188
283
384
476
545
565
619
648
651
681
668
654
654
678
699
741
765
777
786
734
677
596
536
483
466
418
411
394
347
314
283
249
180
133
92
-7
-47
-107
-186
-200
-271
-317
-358
-386
-396
-403
-401
-406
-425
-425
-438
-453
-449
-484
-454
-426
-424
-420
-408
-381
-394
-367
-366
-370
-359
-361
-383
-441
-477
-502
-504
-503
-456
-414
-368
-314
-288
-223
-156
-67
37
118
183
207
225
246
239
219
242
262
299
329
350
404
454
509
546
590
601
609
621
652
697
694
710
747
741
725
702
678
626
577
515
463
401
310
262
193
88
22
-32
-54
-89
-153
-188
-233
-249
-305
-331
-363
-373
-394
-450
-496
-538
-574
-615
-629
-639
-664
-686
-729
-699
-682
-677
-668
-639
-601
-601
-604
-600
-555
-500
-476
-434
-428
-425
-396
-364
-307
-249
-200
-166
-141
-121
-100
-38
30
80
151
166
152
189
245
274
307
345
375
421
466
489
528
580
617
629
670
709
759
785
808
865
888
900
904
910
911
881
846
828
784
731
687
644
614
546
482
435
372
318
267
240
220
153
100
59
-3
-62
-159
-257
-329
-419
-517
-562
-601
-631
-681
-729
-778
-854
-930
-973
-1052
-1086
-1115
-1169
-1204
-1224
-1228
-1206
-1184
-1159
-1119
-1097
-1043
-1015
-931
-887
-844
-785
-740
-661
-585
-475
-350
-277
-223
-149
-49
44
150
241
325
406
486
533
595
666
719
751
758
792
837
924
973
1025
1074
1080
1111
1099
1112
1117
1132
1121
1121
1111
1073
1037
989
950
909
864
818
805
739
679
638
593
554
476
407
321
233
170
118
70
25
-12
-33
-95
-143
-215
-303
-371
-456
-549
-648
-744
-848
-928
-984
-1040
-1091
-1142
-1152
-1157
-1217
-1247
-1241
-1276
-1290
-1302
-1295
-1307
-1332
-1325
-1302
-1264
-1229
-1190
-1135
-1107
-1042
-989
-935
-822
-722
-607
-514
-423
-329
-220
-97
16
171
325
462
591
698
807
891
975
1068
1115
1175
1231
1280
1347
1398
1440
1482
1519
1550
1571
1580
1565
1533
1491
1449
1423
1416
1389
1328
1255
1176
1059
941
848
751
682
627
569
512
479
421
379
337
254
204
114
23
-105
-229
-321
-427
-534
-610
-700
-826
-952
-1046
-1104
-1170
-1239
-1306
-1367
-1433
-1496
-1566
-1604
-1641
-1674
-1681
-1671
-1649
-1653
-1687
-1658
-1630
-1631
-1593
-1546
-1451
-1394
-1325
-1231
-1112
-1044
-956
-838
-736
-610
-498
-343
-204
-33
106
259
399
514
659
770
836
919
1027
1114
1200
1239
1295
1346
1402
1465
1512
1557
1583
1614
1639
1650
1665
1682
1683
1702
1706
1678
1651
1590
1524
1474
1410
1346
1273
1190
1097
984
901
782
687
642
565
467
386
309
230
164
99
13
-85
-207
-333
-441
-573
-699
-832
-961
-1125
-1283
-1393
-1515
-1611
-1668
-1740
-1796
-1865
-1931
-1954
-1941
-1961
-1985
-1955
-1935
-1920
-1873
-1829
-1814
-1804
-1720
-1697
-1634
-1555
-1487
-1371
-1228
-1073
-930
-760
-569
-414
-260
-92
33
174
288
376
482
586
665
764
872
954
1064
1191
1280
1371
1468
1544
1622
1684
1749
1809
1839
1891
1920
1924
1924
1923
1915
1919
1924
1894
1874
1831
1769
1689
1606
1516
1419
1320
1193
1060
912
788
675
538
436
337
243
146
28
-92
-204
-335
-435
-544
-653
-754
-845
-957
-1066
-1134
-1233
-1336
-1458
-1570
-1668
-1769
-1853
-1910
-1973
-2010
-2060
-2097
-2141
-2159
-2155
-2138
-2115
-2067
-2001
-1947
-1862
-1770
-1691
-1602
-1464
-1358
-1267
-1159
-1041
-909
-763
-586
-432
-234
-46
147
333
477
622
719
861
998
1118
1256
1356
1450
1543
1624
1725
1793
1839
1914
1947
1983
2028
2043
2065
2087
2117
2122
2115
2096
2034
1984
1903
1824
1754
1652
1542
1398
1249
1124
995
875
727
581
417
262
133
-1
-160
-319
-463
-585
-694
-792
-872
-975
-1077
-1180
-1253
-1332
-1390
-1443
-1497
-1512
-1517
-1506
-1486
-1472
-1464
-1467
-1475
-1491
-1481
-1497
-1519
-1515
-1506
-1473
-1453
-1385
-1348
-1340
-1304
-1254
-1215
-1191
-1147
-1076
-1009
-935
-821
-710
-590
-499
-403
-305
-179
-52
88
200
346
468
579
700
826
948
1072
1182
1279
1352
1413
1479
1542
1623
1655
1719
1739
1778
1781
1780
1794
1788
1781
1723
1681
1625
1564
1508
1434
1349
1304
1246
1196
1115
1007
893
778
646
492
371
236
117
-7
-142
-275
-397
-510
-618
-701
-807
-872
-929
-1023
-1085
-1150
-1220
-1296
-1354
-1394
-1434
-1473
-1506
-1533
-1547
-1554
-1513
-1488
-1468
-1423
-1418
-1400
-1362
-1334
-1303
-1269
-1270
-1236
-1189
-1118
-1020
-941
-862
-797
-738
-700
-622
-551
-492
-428
-359
-275
-196
-122
-30
104
223
357
500
643
748
857
965
1051
1147
1198
1246
1304
1367
1428
1487
1561
1588
1618
1680
1723
1739
1751
1725
1699
1630
1564
1504
1449
1383
1284
1168
1059
996
900
855
826
773
716
614
508
393
290
169
54
-55
-163
-267
-344
-408
-486
-524
-618
-719
-829
-940
-1032
-1101
-1170
-1225
-1268
-1320
-1361
-1420
-1442
-1475
-1509
-1515
-1549
-1538
-1517
-1489
-1443
-1385
-1334
-1311
-1284
-1266
-1234
-1210
-1149
-1078
-998
-888
-804
-706
-602
-518
-412
-306
-203
-109
-9
78
147
205
296
401
506
596
710
827
914
1022
1098
1172
1253
1303
1355
1379
1422
1473
1495
1522
1536
1554
1548
1554
1528
1496
1407
1340
1273
1177
1117
1033
950
868
787
708
653
583
492
376
295
188
76
-6
-84
-190
-271
-374
-477
-571
-659
-743
-847
-883
-918
-964
-983
-1027
-1098
-1120
-1178
-1207
-1246
-1249
-1255
-1290
-1317
-1326
-1307
-1307
-1305
-1269
-1207
-1183
-1115
-1050
-1000
-939
-873
-776
-695
-627
-557
-449
-354
-240
-96
40
170
264
367
427
509
587
662
713
784
845
889
943
987
1021
1020
1067
1110
1155
1167
1168
1177
1175
1137
1095
1041
982
945
883
820
787
737
698
672
645
581
530
466
396
329
268
185
98
34
-86
-185
-269
-329
-371
-405
-445
-493
-517
-558
-573
-625
-638
-671
-733
-754
-781
-794
-809
-801
-763
-757
-737
-744
-742
-734
-743
-720
-699
-636
-612
-566
-542
-534
-510
-468
-436
-380
-303
-251
-156
-76
0
69
144
180
196
200
213
213
241
278
314
337
372
414
426
441
445
451
445
447
445
460
459
468
475
487
505
496
489
473
472
477
452
448
417
345
283
211
151
119
71
38
26
11
44
-1
-41
-82
-117
-140
-162
-170
-208
-197
-187
-205
-221
-227
-227
-218
-212
-176
-159
-121
-105
-82
-65
-54
-60
-75
-78
-97
-136
-176
-180
-207
-189
-186
-208
-210
-219
-220
-211
-210
-193
-177
-185
-179
-168
-191
-187
-183
-168
-152
-162
-146
-171
-185
-181
-180
-152
-119
-72
-62
-26
27
64
107
149
176
206
236
249
251
255
248
225
212
215
187
156
148
166
165
209
238
281
306
320
326
323
316
294
280
260
239
199
176
140
102
61
28
13
47
51
55
80
92
80
56
23
-17
-30
-65
-83
-107
-136
-159
-189
-179
-180
-201
-230
-273
-296
-317
-322
-331
-358
-370
-338
-325
-316
-275
-232
-172
-130
-93
-62
-41
-41
-55
-59
-72
-48
-31
-36
5
30
54
61
80
91
98
115
134
158
172
203
235
225
221
228
207
187
176
170
130
130
138
124
141
127
102
98
76
53
35
16
14
10
-3
-25
-19
-19
-9
-16
-20
-23
-51
-62
-78
-80
-101
-92
-87
-95
-64
-21
-23
-14
19
27
15
26
18
-25
-42
-52
-59
-47
-34
-51
-85
-107
-135
-134
-104
-119
-115
-123
-131
-135
-164
-160
-166
-165
-167
-155
-146
-161
-172
-144
-111
-44
-14
28
32
11
18
16
46
72
100
130
136
159
197
189
240
271
255
278
273
279
296
308
297
262
251
246
236
237
219
225
211
188
175
142
139
128
105
57
40
-26
-79
-115
-131
-141
-170
-161
-195
-202
-218
-230
-240
-260
-222
-233
-241
-232
-240
-249
-266
-265
-265
-288
-288
-294
-297
-314
-308
-260
-229
-190
-167
-139
-113
-124
-132
-135
-129
-134
-120
-101
-97
-83
-83
-54
-25
6
47
88
127
154
168
171
209
239
271
293
310
311
308
299
313
304
282
289
280
292
303
318
329
323
306
330
303
285
287
264
227
186
179
168
134
99
83
91
40
8
-24
-40
-32
-79
-112
-157
-180
-194
-209
-209
-181
-191
-208
-206
-224
-255
-256
-277
-272
-278
-262
-250
-279
-277
-307
-318
-319
-349
-351
-343
-362
-360
-367
-360
-350
-329
-268
-243
-200
-162
-167
-121
-91
-60
-15
17
47
69
99
140
168
203
232
239
262
276
313
358
366
369
377
399
415
452
458
479
483
485
495
474
464
430
419
403
378
361
317
298
295
266
225
188
169
139
99
68
-4
-47
-69
-104
-157
-211
-228
-243
-262
-285
-288
-310
-331
-370
-396
-406
-412
-429
-438
-457
-464
-461
-457
-437
-402
-352
-310
-261
-240
-223
-208
-207
-214
-212
-211
-225
-199
-183
-165
-136
-113
-103
-86
-68
-89
-87
-79
-52
-48
-34
2
28
65
105
134
130
153
173
193
218
238
236
233
280
319
258
249
310
368
392
400
392
399
400
462
422
414
456
466
430
342
323
283
266
274
257
198
157
151
25
-17
12
-12
-41
-112
-82
-108
-115
-101
-115
-111
-143
-168
-221
-223
-226
-229
-267
-300
-289
-333
-325
-328
-328
-341
-326
-301
-338
-326
-317
-309
-299
-266
-233
-245
-245
-248
-239
-248
-188
-124
-101
-78
-84
-72
-43
-40
-63
-26
-23
-17
18
35
78
110
134
148
184
204
231
244
248
258
225
215
194
176
163
171
167
159
168
174
190
186
184
186
163
161
152
131
103
81
72
80
81
66
59
60
43
20
25
22
18
-5
-2
-21
-40
-24
-14
-4
-15
-22
-4
-27
-60
-91
-69
-75
-119
-140
-143
-169
-196
-168
-159
-175
-199
-197
-196
-195
-207
-185
-177
-155
-134
-137
-88
-45
-12
12
35
51
59
60
52
44
47
55
49
65
81
78
76
79
91
87
68
42
19
32
31
36
77
65
63
69
20
3
9
-1
-12
-8
10
8
-10
-3
7
10
28
31
26
39
42
49
29
34
46
40
34
30
39
35
38
44
65
77
76
80
87
84
81
91
66
54
58
33
22
15
-2
-28
-49
-84
-105
-122
-134
-146
-166
-169
-181
-179
-175
-141
-116
-112
-103
-83
-60
-39
-23
4
45
54
53
86
102
109
107
88
88
81
92
105
116
121
114
143
154
158
180
169
174
159
130
116
107
80
79
43
13
-3
-53
-67
-84
-87
-114
-138
-139
-155
-197
-219
-231
-236
-227
-229
-220
-213
-192
-176
-178
-172
-173
-157
-112
-68
-22
13
38
30
28
36
57
44
17
17
4
-9
-16
-26
-26
8
5
-11
-3
-15
22
25
41
66
87
90
109
107
97
111
91
109
106
91
59
59
54
40
60
75
99
146
142
154
161
169
176
157
151
171
160
172
178
178
191
175
137
134
142
119
92
58
25
-31
-40
-67
-84
-105
-129
-151
-183
-185
-199
-207
-224
-256
-282
-307
-323
-353
-374
-398
-422
-409
-376
-338
-290
-237
-198
-182
-141
-115
-100
-72
-50
-9
37
83
128
187
188
189
180
180
178
177
197
205
223
204
220
219
200
182
181
195
182
167
136
101
85
90
99
82
86
76
65
83
59
40
5
-26
-27
-38
-32
-42
-36
-18
-29
-29
6
-10
-22
-39
-51
-33
-3
19
41
59
73
86
74
68
76
75
86
89
104
103
82
49
34
-6
-43
-59
-68
-81
-97
-105
-144
-146
-172
-191
-201
-213
-224
-230
-224
-230
-230
-210
-219
-218
-224
-226
-200
-177
-154
-115
-97
-67
-51
-59
-61
-96
-122
-128
-131
-114
-91
-61
-38
-1
16
19
40
39
60
73
81
102
106
125
138
139
171
158
130
125
116
115
128
138
146
150
164
208
228
256
279
289
310
294
285
304
303
288
286
277
299
281
274
281
281
249
225
229
230
248
232
199
184
122
62
31
-1
-36
-79
-116
-147
-161
-188
-220
-245
-266
-294
-338
-346
-369
-378
-373
-398
-397
-420
-441
-453
-460
-492
-508
-480
-493
-507
-482
-466
-448
-403
-390
-369
-333
-278
-216
-180
-146
-96
-64
-41
-14
9
37
63
84
108
145
149
191
203
221
261
259
253
304
346
383
447
452
479
491
479
479
491
463
482
473
473
489
490
521
503
499
506
483
486
439
405
382
335
323
296
259
218
169
138
99
45
30
7
-40
-95
-131
-204
-282
-329
-380
-442
-505
-535
-550
-572
-576
-588
-617
-639
-662
-690
-708
-698
-706
-712
-686
-684
-705
-687
-671
-631
-598
-559
-509
-454
-402
-369
-315
-279
-235
-152
-137
-121
-83
-46
-37
-5
45
81
148
175
233
277
306
351
383
405
443
424
449
494
521
565
598
627
674
698
705
717
703
724
729
749
741
768
773
764
760
703
676
624
593
541
515
480
423
374
321
279
195
103
55
23
-37
-82
-136
-216
-279
-329
-379
-394
-418
-457
-500
-558
-618
-654
-710
-737
-748
-777
-776
-767
-758
-760
-733
-711
-689
-676
-668
-638
-606
-573
-524
-510
-488
-477
-466
-429
-387
-361
-345
-326
-314
-247
-207
-151
-111
-88
-57
-25
24
82
130
173
205
251
290
331
378
421
452
461
474
479
508
535
571
589
614
649
669
681
697
720
714
719
692
663
641
626
602
579
566
534
501
449
415
397
337
300
260
196
177
128
93
48
-15
-48
-124
-161
-206
-276
-330
-364
-393
-419
-447
-486
-522
-549
-606
-623
-629
-657
-666
-644
-614
-611
-592
-577
-575
-565
-545
-522
-515
-477
-443
-448
-457
-440
-420
-404
-366
-323
-285
-264
-223
-191
-168
-134
-104
-71
-17
28
53
76
109
144
175
220
242
271
310
348
372
388
413
437
458
480
511
539
569
609
633
641
649
663
666
685
670
688
667
638
633
611
580
538
506
457
427
357
313
253
195
140
102
71
28
-27
-72
-102
-139
-168
-203
-245
-308
-354
-399
-438
-450
-449
-451
-451
-464
-495
-517
-559
-601
-592
-579
-566
-545
-571
-582
-570
-584
-593
-584
-566
-556
-559
-556
-515
-492
-488
-462
-433
-368
-323
-262
-198
-165
-112
-90
-50
16
52
77
118
156
180
195
215
213
230
263
298
331
379
408
412
422
445
500
507
534
563
586
623
630
637
631
614
602
586
550
531
488
444
392
363
329
296
287
284
300
299
280
262
227
215
181
134
87
45
-4
-40
-76
-123
-140
-224
-282
-323
-370
-388
-427
-457
-474
-497
-527
-537
-529
-529
-550
-554
-583
-574
-585
-605
-621
-629
-617
-613
-586
-567
-569
-542
-497
-465
-448
-420
-394
-358
-316
-268
-205
-155
-88
-40
0
41
100
127
151
196
228
269
297
317
315
325
356
370
415
460
504
552
599
607
628
641
619
599
589
595
582
578
563
549
525
532
523
521
517
519
530
528
506
464
416
337
300
260
228
202
155
102
55
-1
-67
-131
-163
-188
-213
-242
-280
-319
-365
-417
-473
-514
-555
-585
-598
-613
-624
-634
-655
-674
-669
-690
-703
-716
-720
-697
-698
-690
-686
-637
-609
-576
-538
-496
-448
-411
-366
-316
-256
-240
-207
-165
-127
-74
-14
54
124
188
254
289
328
359
393
423
451
473
490
499
515
540
564
587
618
619
642
645
636
628
623
654
648
633
597
556
502
462
424
395
374
335
296
266
209
177
148
117
83
40
13
-17
-42
-66
-67
-101
-144
-167
-196
-233
-260
-288
-333
-338
-380
-414
-429
-474
-496
-523
-533
-535
-542
-521
-498
-499
-500
-508
-525
-528
-550
-533
-517
-495
-464
-419
-386
-345
-296
-238
-198
-147
-107
-93
-37
-18
25
69
142
185
219
245
274
308
316
321
340
370
359
385
398
409
428
422
416
412
409
399
406
409
398
390
382
356
340
346
353
340
320
309
290
259
196
177
173
163
151
139
113
83
59
27
15
-13
-47
-66
-83
-126
-158
-189
-217
-241
-248
-267
-290
-299
-307
-338
-362
-369
-381
-354
-367
-385
-388
-384
-380
-380
-355
-326
-309
-314
-329
-342
-322
-322
-316
-297
-279
-267
-260
-244
-244
-242
-227
-181
-140
-109
-66
-48
-35
-30
-19
22
52
76
118
160
204
266
315
336
373
382
395
424
438
439
444
453
496
502
482
472
460
436
442
429
409
377
360
337
316
288
234
215
159
118
87
45
9
-11
-40
-48
-63
-94
-96
-104
-114
-114
-144
-174
-195
-236
-294
-314
-304
-313
-320
-331
-337
-342
-336
-323
-304
-308
-312
-325
-315
-300
-282
-262
-256
-241
-192
-167
-156
-130
-123
-119
-114
-107
-94
-101
-90
-84
-66
-45
-24
-11
30
44
38
44
24
45
60
87
113
173
215
239
253
274
295
300
327
326
338
335
333
353
369
366
352
333
322
311
316
312
320
311
265
243
214
187
160
130
91
55
34
-1
-17
-44
-96
-147
-164
-178
-198
-214
-233
-240
-274
-289
-309
-332
-353
-356
-341
-326
-299
-276
-224
-201
-197
-192
-211
-233
-240
-242
-227
-201
-184
-174
-165
-145
-131
-110
-101
-87
-50
-59
-77
-51
-42
-33
-10
19
36
48
75
80
79
86
96
111
133
149
153
180
189
208
193
202
203
190
207
215
230
234
230
219
210
179
146
136
137
152
142
161
157
150
131
102
84
29
7
-5
-19
-13
-1
12
11
5
6
-27
-38
-59
-76
-80
-92
-103
-108
-125
-122
-136
-142
-147
-163
-192
-202
-202
-172
-167
-176
-168
-174
-140
-140
-131
-123
-132
-134
-149
-155
-133
-124
-118
-119
-102
-105
-107
-110
-103
-80
-58
-28
-6
41
76
106
115
120
143
144
136
149
160
169
156
154
157
133
141
177
192
215
208
196
206
202
186
180
162
141
125
86
50
34
18
-5
5
-8
5
17
9
36
33
1
-11
-22
-27
-19
-28
-16
-24
-20
-21
-8
-15
-24
-18
-19
-18
-33
-62
-82
-85
-75
-66
-82
-72
-67
-74
-78
-102
-107
-142
-193
-210
-210
-221
-217
-175
-136
-136
-122
-128
-143
-138
-120
-105
-102
-90
-79
-68
-66
-61
-57
-40
-55
-43
-51
-40
-17
-20
-3
-9
17
22
23
42
58
69
76
90
103
125
151
143
152
170
161
152
143
150
168
173
169
181
189
197
196
200
190
175
160
145
134
124
102
84
83
98
77
75
71
42
28
23
29
34
46
19
7
-3
-23
-33
-29
-28
-54
-60
-47
-40
-40
-55
-64
-69
-79
-92
-94
-93
-98
-107
-133
-130
-124
-108
-130
-164
-170
-199
-224
-227
-222
-240
-227
-220
-222
-194
-165
-130
-86
-68
-55
-37
-56
-57
-51
-39
-26
-26
6
13
42
63
88
117
172
202
202
217
202
200
179
200
217
232
243
243
228
217
210
189
181
169
157
137
121
80
64
52
27
41
22
5
2
14
9
14
17
-29
-46
-55
-64
-72
-65
-73
-82
-49
-39
-53
-70
-98
-138
-157
-173
-187
-178
-182
-182
-177
-183
-180
-192
-181
-183
-183
-156
-150
-133
-119
-124
-126
-112
-113
-102
-101
-89
-93
-91
-79
-60
-45
-46
-40
-18
-9
14
32
57
65
34
30
26
52
56
67
91
108
117
118
135
127
136
149
162
183
192
208
206
202
180
157
141
134
129
113
108
110
153
168
166
154
145
142
115
95
85
70
65
52
38
28
22
32
32
26
-1
-35
-36
-57
-69
-67
-70
-80
-81
-69
-92
-89
-102
-128
-137
-120
-135
-122
-119
-153
-163
-195
-200
-192
-180
-178
-173
-174
-169
-167
-169
-165
-151
-122
-103
-87
-53
-54
-42
-21
-13
-14
-8
6
2
27
43
74
79
96
104
94
98
89
93
74
75
74
75
107
102
96
87
57
71
89
91
85
106
106
108
107
119
121
113
112
89
65
50
56
62
56
67
77
61
47
47
32
15
21
22
10
3
-34
-57
-62
-75
-75
-64
-60
-91
-99
-116
-119
-131
-144
-148
-131
-129
-117
-93
-91
-75
-76
-70
-48
-54
-36
-12
-23
-18
-8
-5
-15
-24
-33
-24
-9
2
12
6
10
11
-5
5
6
-1
-6
0
-3
6
19
16
15
-10
-33
-43
-40
-35
-21
0
5
10
2
-13
-10
12
12
16
49
58
77
91
89
106
93
105
111
134
135
127
115
125
139
111
119
101
90
104
109
116
116
94
85
79
79
61
54
63
63
57
31
19
18
15
-7
-44
-50
-64
-96
-117
-131
-133
-147
-140
-138
-123
-114
-123
-118
-106
-120
-140
-141
-136
-133
-132
-138
-124
-114
-125
-102
-90
-66
-57
-60
-58
-58
-61
-61
-67
-70
-47
-45
-30
-51
-63
-43
-24
-12
22
60
62
65
80
75
58
70
86
104
109
115
123
114
108
105
100
93
97
100
113
115
104
94
77
63
51
25
13
5
11
12
17
29
46
60
49
39
59
53
32
22
-1
-19
-31
-29
-17
-13
-31
-38
-36
-41
-32
-7
0
2
3
11
20
18
28
27
27
27
18
11
13
19
-5
-5
-7
-24
-45
-78
-98
-109
-138
-139
-142
-162
-152
-179
-158
-154
-160
-144
-125
-102
-78
-70
-81
-86
-102
-112
-115
-93
-84
-72
-61
-39
-41
-33
-13
11
10
16
36
58
88
101
102
114
127
132
149
158
161
146
163
171
172
170
171
155
154
150
118
129
117
96
92
97
110
120
125
132
135
123
113
102
71
58
41
12
1
-4
-11
-43
-50
-52
-55
-49
-52
-63
-70
-60
-59
-71
-100
-117
-131
-143
-160
-175
-194
-190
-203
-220
-226
-230
-242
-249
-238
-221
-189
-169
-167
-154
-167
-158
-131
-100
-86
-52
-39
-41
-33
-24
6
11
35
62
91
97
114
119
116
133
115
125
140
169
166
177
176
172
152
132
122
106
121
108
99
95
115
127
120
125
127
120
121
117
143
127
112
111
113
104
100
114
114
147
143
147
159
132
107
89
75
77
70
61
35
25
-2
-6
-22
-42
-47
-80
-111
-120
-117
-127
-154
-162
-195
-224
-250
-275
-269
-274
-262
-239
-250
-262
-250
-264
-272
-259
-242
-222
-219
-218
-190
-163
-143
-118
-96
-74
-71
-67
-50
-62
-44
-18
12
47
66
73
90
99
96
87
115
125
137
146
146
155
163
167
169
179
168
184
168
161
161
147
149
149
148
158
129
99
84
88
109
109
119
120
124
112
108
102
86
75
67
79
88
93
87
86
84
63
43
22
32
29
12
-17
-14
-20
-55
-60
-77
-104
-107
-105
-104
-96
-99
-109
-114
-147
-174
-185
-211
-206
-202
-208
-233
-242
-238
-211
-207
-210
-186
-176
-168
-168
-162
-157
-170
-142
-132
-130
-110
-75
-58
-52
-33
-6
21
41
46
68
70
58
72
83
108
116
113
97
100
119
108
121
135
133
127
99
105
105
125
148
158
170
155
143
126
120
95
82
80
78
65
66
71
81
94
106
108
90
88
94
74
72
84
51
52
36
37
23
12
8
-5
4
-7
-8
-1
2
-2
-5
-9
-21
-74
-62
-84
-109
-110
-132
-104
-98
-86
-89
-89
-91
-89
-114
-139
-156
-194
-210
-220
-213
-202
-189
-170
-148
-125
-114
-91
-78
-81
-71
-66
-71
-67
-69
-52
-48
-13
19
36
50
38
51
53
53
72
77
84
93
100
126
129
135
125
124
121
130
150
150
146
120
111
86
65
83
87
95
104
107
106
86
63
55
54
70
75
41
54
82
71
91
96
85
110
110
114
107
86
93
85
98
88
76
59
43
52
38
20
13
-3
-15
-28
-41
-61
-96
-115
-133
-151
-156
-169
-172
-187
-206
-240
-245
-249
-251
-254
-268
-251
-263
-254
-251
-271
-287
-278
-284
-267
-241
-221
-179
-133
-94
-47
-30
12
27
31
52
57
53
45
38
56
77
87
120
113
131
126
118
121
122
155
165
181
204
207
227
233
236
250
239
243
243
233
225
203
209
214
186
167
155
143
162
175
179
192
175
180
165
135
114
114
123
113
94
63
22
1
-32
-56
-77
-101
-100
-134
-170
-174
-191
-207
-223
-237
-266
-284
-293
-293
-299
-318
-332
-334
-345
-387
-399
-399
-369
-372
-362
-310
-282
-244
-196
-189
-172
-148
-134
-106
-75
-46
-3
19
24
28
36
77
88
121
170
174
197
223
238
246
279
313
317
323
322
332
325
329
332
328
294
264
229
212
213
208
197
194
222
195
172
145
128
115
73
56
35
14
14
-14
-31
-48
-69
-101
-142
-147
-178
-187
-204
-225
-220
-213
-215
-218
-206
-202
-167
-159
-151
-160
-164
-144
-136
-138
-149
-140
-131
-107
-105
-94
-76
-60
-39
-33
-37
-60
-73
-73
-91
-97
-104
-112
-122
-103
-83
-62
-22
8
36
45
54
66
73
71
47
23
32
35
43
72
85
70
101
138
150
172
173
182
190
198
184
160
153
135
142
173
182
205
209
240
227
210
203
146
119
85
70
76
64
51
48
47
46
41
42
34
34
18
-8
-19
-11
-11
-22
-24
-28
-48
-34
-35
-57
-77
-96
-110
-134
-175
-197
-208
-223
-220
-223
-229
-247
-243
-222
-211
-203
-185
-164
-149
-144
-148
-156
-149
-146
-150
-139
-127
-118
-124
-118
-117
-107
-83
-68
-48
-35
-16
-12
2
4
23
29
69
92
97
104
115
106
99
121
132
125
107
114
119
116
131
144
166
177
179
197
200
198
197
180
176
193
205
209
221
237
240
216
193
182
155
141
129
106
90
69
29
17
8
-3
-45
-38
-44
-59
-61
-93
-110
-141
-128
-155
-179
-185
-184
-199
-217
-229
-244
-261
-261
-247
-245
-237
-230
-236
-239
-222
-214
-222
-216
-175
-150
-123
-105
-81
-87
-68
-45
-38
-28
-42
-43
-35
-35
-46
-41
-24
-13
-29
-8
27
68
102
151
209
224
235
239
237
235
240
214
218
234
231
232
247
240
241
231
224
213
192
169
140
133
108
113
91
110
95
77
64
71
64
25
34
27
-2
-41
-47
-66
-69
-57
-72
-82
-82
-97
-92
-86
-74
-78
-96
-99
-130
-132
-128
-130
-124
-132
-135
-155
-185
-196
-191
-192
-192
-193
-194
-190
-188
-161
-139
-121
-119
-136
-131
-131
-128
-113
-105
-61
-48
-33
-11
-34
-20
-25
-34
-17
-3
12
34
40
55
47
40
61
44
50
64
72
79
70
89
77
103
135
164
185
208
219
228
244
229
223
201
192
165
139
128
130
117
108
108
125
150
157
142
129
107
89
87
61
53
25
-20
-44
-69
-95
-89
-112
-122
-139
-148
-152
-140
-130
-129
-109
-89
-105
-126
-131
-152
-143
-141
-124
-113
-117
-109
-97
-89
-79
-81
-75
-80
-61
-48
-30
6
10
12
26
29
33
46
48
64
65
58
40
39
28
24
13
-2
17
19
21
44
48
59
53
46
39
43
34
37
30
34
44
33
40
28
26
11
-20
-39
-61
-61
-46
-40
-36
-32
-29
-7
-1
6
36
53
48
57
67
42
25
24
24
42
72
90
90
71
51
20
0
14
7
0
-20
-53
-69
-102
-129
-127
-129
-130
-142
-135
-129
-125
-111
-91
-87
-92
-83
-96
-89
-88
-71
-50
-30
-15
-2
2
8
17
14
35
48
35
30
28
63
81
100
111
94
119
103
97
111
135
147
133
146
149
161
140
110
87
66
66
68
84
84
73
54
44
57
60
53
53
58
59
72
69
56
32
1
-21
-58
-73
-79
-77
-89
-102
-109
-120
-120
-109
-126
-122
-103
-112
-126
-144
-153
-182
-195
-190
-182
-157
-139
-121
-99
-102
-128
-123
-116
-100
-84
-62
-59
-75
-70
-65
-49
-42
-10
-12
1
34
43
55
69
89
99
116
120
128
147
134
145
148
133
148
144
136
122
107
108
115
128
138
157
147
116
111
107
79
71
63
37
35
19
7
12
19
2
3
-1
3
17
6
0
4
-25
-36
-56
-78
-82
-94
-87
-85
-62
-58
-88
-99
-95
-106
-132
-132
-128
-126
-106
-107
-119
-115
-112
-107
-105
-92
-81
-95
-120
-111
-92
-81
-58
-31
-8
1
-2
-2
2
13
26
18
-10
-3
4
-8
2
8
19
20
47
53
67
99
106
129
129
123
127
135
140
135
125
141
157
179
183
172
178
174
168
168
168
164
138
109
89
76
90
98
114
123
126
122
79
58
27
-2
-6
-46
-56
-70
-88
-83
-83
-83
-98
-117
-144
-138
-142
-136
-131
-115
-102
-101
-102
-104
-123
-128
-151
-156
-169
-191
-196
-207
-192
-184
-156
-138
-120
-110
-111
-104
-86
-74
-63
-55
-48
-23
-46
-31
-39
-19
-1
-2
3
7
11
-25
-23
-12
-7
20
41
62
60
59
43
6
-4
3
26
37
43
54
86
79
76
87
105
114
113
101
87
92
82
92
84
70
71
81
100
109
142
146
119
107
107
101
97
98
87
76
62
44
18
-7
5
5
17
68
57
66
63
33
7
-16
-20
-18
-4
-8
-26
-35
-32
-44
-54
-66
-58
-54
-74
-68
-56
-41
-57
-70
-62
-74
-98
-106
-99
-108
-103
-98
-64
-49
-45
-43
-36
-13
-6
-4
4
11
-6
-2
-9
-15
-12
-16
-18
-47
-61
-65
-74
-72
-49
-27
-6
20
17
19
10
4
-14
-32
-45
-54
-53
-73
-45
-44
-27
-4
3
37
30
26
36
40
52
70
64
89
98
110
107
101
113
130
142
134
103
85
68
36
46
45
58
65
65
74
71
53
39
44
34
19
-12
-32
-32
-48
-50
-41
-17
-21
-17
-43
-62
-88
-102
-93
-101
-106
-132
-131
-130
-128
-129
-148
-140
-130
-142
-148
-152
-162
-154
-149
-121
-118
-109
-94
-61
-16
-6
3
6
21
21
33
46
77
83
108
112
115
132
134
133
120
116
114
121
127
147
153
157
173
167
152
130
104
80
48
50
69
61
64
71
68
78
94
97
80
75
58
46
42
42
32
11
23
20
16
18
8
14
-8
-30
-49
-72
-91
-111
-118
-111
-113
-117
-135
-149
-149
-148
-143
-146
-135
-156
-175
-165
-163
-151
-129
-117
-110
-102
-87
-79
-60
-53
-53
-56
-54
-50
-29
-13
-6
23
35
32
42
37
51
69
80
90
96
96
106
112
105
122
125
125
118
100
85
71
68
59
54
52
39
54
54
61
65
66
94
83
77
74
62
57
34
23
21
34
42
26
12
22
3
-2
-7
-7
0
-3
-7
2
-14
-29
-39
-41
-29
-16
-14
-23
-38
-52
-64
-76
-70
-74
-90
-91
-113
-112
-125
-137
-130
-144
-129
-130
-126
-115
-103
-109
-103
-100
-100
-102
-90
-81
-70
-49
-35
-14
1
9
7
20
47
50
58
46
45
58
50
45
36
26
17
35
49
79
102
101
111
99
95
87
82
89
94
96
95
80
77
90
63
57
43
29
25
26
41
44
46
31
22
24
25
22
34
41
23
-1
-15
-18
0
6
6
9
9
-7
-15
-23
-19
-36
-31
-9
-10
-3
-15
-9
-9
-7
-15
-21
-8
-24
-33
-40
-64
-64
-65
-77
-81
-71
-55
-52
-57
-57
-55
-51
-40
-33
-27
-27
-29
-35
-27
-12
-3
-15
6
37
35
26
22
38
27
12
-8
-10
-12
-1
13
5
-7
-13
-2
-3
0
7
8
0
9
3
-10
-8
4
8
5
27
41
48
48
53
55
39
22
16
22
21
28
27
22
32
40
28
20
13
19
16
10
17
21
31
28
22
23
12
-13
-27
-25
-30
-42
-48
-40
-36
-21
-18
-29
-21
-12
-2
-2
-5
-20
-27
-28
-26
-22
-7
4
2
0
-7
0
-9
-12
-14
-21
-27
-35
-30
-35
-43
-34
-37
-41
-44
-59
-53
-51
-48
-33
-42
-39
-31
-34
-32
-33
-39
-32
-20
-5
3
2
-1
-4
2
5
16
46
65
78
85
76
76
81
94
102
126
119
104
101
87
94
81
92
106
90
80
56
41
42
37
30
31
42
39
37
20
10
3
-7
-19
-31
-37
-37
-29
-29
-12
-22
-26
-17
-38
-26
-19
-20
-23
-22
-22
-31
-43
-36
-28
-38
-31
-56
-55
-52
-51
-36
-32
-33
-43
-35
-36
-45
-53
-58
-64
-85
-94
-103
