13
10
6
3
-1
-2
1
6
3
3
1
-2
-6
-9
-11
-15
-18
-17
-20
-21
-20
-17
-13
-13
-14
-13
-16
-16
-17
-16
-15
-16
-14
-11
-14
-10
-8
-4
-2
-2
0
4
6
9
13
12
14
13
14
8
5
5
7
5
6
3
2
1
0
0
0
1
0
0
-5
-5
-7
-8
-8
-6
-7
-7
-6
-6
-5
-7
-11
-10
-11
-9
-6
-4
-2
-1
2
6
4
7
6
4
3
0
4
6
9
13
12
12
12
14
17
19
15
14
13
14
14
14
16
19
24
28
28
25
25
25
24
22
23
19
17
16
11
8
3
4
2
4
2
1
2
1
0
-2
-6
-10
-11
-13
-9
-10
-12
-14
-18
-19
-24
-24
-22
-24
-21
-23
-23
-20
-19
-16
-16
-14
-17
-17
-19
-16
-16
-17
-18
-19
-15
-11
-12
-9
-7
-6
-3
-3
0
0
2
2
3
1
-1
-2
-3
-3
-3
1
-1
-1
-5
-4
-6
-3
-1
2
8
10
11
10
8
11
12
13
14
15
15
16
20
20
20
19
20
22
19
16
18
16
11
8
6
5
5
8
5
4
5
5
8
10
11
10
9
11
8
8
4
2
-3
-8
-10
-12
-14
-15
-15
-20
-23
-22
-21
-17
-17
-18
-18
-19
-19
-22
-22
-25
-25
-22
-22
-17
-19
-19
-17
-15
-11
-10
-6
-10
-10
-5
-4
1
-1
1
3
5
7
8
13
15
17
16
18
16
19
24
22
26
24
23
25
24
21
19
13
13
12
11
12
12
9
4
4
2
2
3
5
2
4
1
-3
-1
1
4
5
3
2
5
3
3
0
-3
-5
-4
-6
-5
-6
-4
-7
-5
-3
-5
-1
-4
0
-3
-2
-5
-5
-3
-2
-4
-7
-7
-9
-7
-5
-7
-7
-8
-9
-9
-8
-10
-11
-7
-9
-14
-17
-20
-24
-23
-24
-20
-18
-13
-11
-7
-5
-4
-3
-1
1
4
3
6
3
2
0
2
0
-1
-2
-5
-6
-10
-10
-10
-6
-4
1
5
9
11
12
12
12
17
20
21
19
20
13
13
16
15
17
14
13
12
11
9
8
9
6
5
3
5
4
2
5
6
11
10
9
7
6
4
0
0
0
0
-3
-8
-8
-3
-1
-1
1
2
-1
0
2
1
-2
-3
0
3
4
2
-4
-3
-7
-8
-8
-10
-10
-10
-8
-6
-1
-3
-2
2
1
-3
-6
-5
-9
-11
-6
-5
-7
-7
-1
1
2
-1
0
-3
-4
-4
-4
0
3
2
2
8
8
9
6
8
5
4
4
3
4
6
9
7
8
6
8
9
7
7
8
8
6
6
9
8
6
2
-1
1
1
2
4
0
-1
2
2
1
-2
-2
-1
1
-3
-2
-6
-7
-12
-16
-14
-20
-20
-18
-21
-22
-20
-18
-17
-13
-14
-17
-17
-13
-14
-14
-12
-13
-12
-12
-11
-11
-10
-8
-7
-5
-3
-4
-3
2
6
6
9
7
9
8
11
11
10
10
7
8
8
13
14
20
22
25
26
26
29
29
26
26
23
17
17
14
12
10
4
3
-1
-2
-1
-4
-6
-7
-9
-12
-15
-18
-16
-17
-14
-14
-15
-9
-10
-9
-9
-7
-9
-8
-9
-8
-6
-4
-4
-4
-3
-3
-1
-4
-2
-1
-2
-1
-1
1
-2
-4
-2
-3
-2
-6
-6
-4
-2
-3
-6
-3
-3
0
-3
2
6
5
6
9
8
5
4
2
7
1
4
8
8
9
9
9
11
9
8
12
10
7
10
6
7
7
8
13
9
6
5
6
5
4
2
1
1
1
-1
3
2
3
4
1
1
1
1
2
1
-4
-3
-8
-10
-9
-13
-16
-14
-18
-17
-14
-18
-17
-14
-14
-10
-8
-6
-5
-6
-9
-11
-9
-9
-10
-10
-11
-12
-11
-6
-7
-3
0
1
-3
-4
1
4
7
11
11
8
6
7
11
13
12
13
11
6
8
9
7
7
6
9
9
8
8
8
2
0
-3
-6
-4
-3
-6
-5
0
1
-5
-3
0
-1
-4
-6
-5
-7
0
-2
-3
-8
-8
-5
-4
2
4
9
14
14
15
14
12
10
11
6
8
9
9
6
9
10
4
7
8
10
14
13
13
15
14
13
18
17
14
9
8
7
4
3
5
7
1
3
-3
-2
0
-4
-5
-8
-8
-13
-15
-16
-15
-13
-14
-16
-11
-11
-12
-11
-14
-15
-16
-11
-11
-8
-4
-4
-9
-6
-6
-3
-4
-14
-13
-11
-11
-10
-8
-13
-14
-11
-10
-8
-4
-8
-7
-10
-19
-12
-13
-10
-10
-8
-12
-8
-2
0
5
4
8
8
6
6
8
11
9
13
21
21
16
16
14
16
13
10
8
2
0
-1
-3
-5
1
8
9
6
-2
-4
-4
-3
-5
-10
-11
-13
-7
-5
-3
-2
4
9
10
10
9
9
7
12
12
10
7
10
5
1
2
7
2
2
7
1
-5
-1
-1
-2
-4
-3
2
0
0
2
3
-9
-9
-10
-8
-9
-7
-3
-1
8
8
5
-1
4
1
0
6
-2
-5
-2
4
8
5
6
4
4
3
1
-2
-14
-13
-4
-6
-4
-5
-7
-6
1
1
3
11
12
11
9
10
5
2
2
2
6
6
1
7
4
0
-14
-14
-2
1
5
10
11
13
12
14
7
-6
6
9
12
14
17
18
19
22
19
24
20
13
11
6
-6
-8
-8
-15
-11
-17
-20
-10
-4
2
0
-15
-28
-32
-37
-28
-23
-19
-14
-22
-19
-28
-38
-43
-49
-38
-36
-36
-28
-25
-22
-27
-32
-41
-35
-27
-11
-2
-10
-7
-1
5
3
-6
-11
-17
-4
21
26
17
10
9
7
13
11
23
32
34
42
52
56
55
56
46
36
27
19
8
8
11
10
15
14
18
21
28
40
34
26
17
6
10
24
23
16
25
23
13
24
27
24
10
1
-10
9
13
10
-10
-173
-341
-313
-83
62
139
213
203
122
-49
-116
-32
181
229
103
80
119
67
-134
-207
-211
-153
-75
39
155
168
71
-131
-194
-127
16
74
122
200
209
132
23
-9
-48
-50
-65
-15
86
80
-31
-181
-248
-276
-281
-250
-136
-51
-36
-74
-110
-109
-126
-136
-101
1
68
92
80
62
11
-67
-100
-88
-40
-23
-15
-6
-16
-47
-83
-94
-37
30
70
97
114
122
126
107
81
80
78
76
51
29
13
-9
-18
-3
27
71
96
139
166
172
179
174
156
164
175
151
137
124
128
145
172
172
137
72
27
15
20
28
6
-8
-26
-25
-36
-30
3
5
-51
-90
-43
25
118
186
160
25
-178
-385
-605
-841
-1115
-1359
-1384
-1104
-631
-237
-20
-34
-117
-228
-245
26
489
950
1049
851
603
456
301
57
-105
-79
130
354
498
417
173
-221
-628
-676
-416
-10
296
514
673
757
697
592
597
711
883
1035
1169
1163
937
486
6
-316
-434
-415
-313
-151
-98
-185
-374
-545
-616
-582
-467
-274
-28
180
234
104
-64
-248
-390
-420
-361
-241
-155
-198
-364
-576
-740
-892
-899
-710
-437
-129
60
131
27
-25
-97
-209
-440
-1270
-2451
-3240
-2748
-1482
-292
284
222
4
-511
-950
-747
656
2179
2599
2113
1772
2046
1951
1116
-67
-259
496
1425
1963
2002
1476
10
-1524
-2255
-1644
-623
151
718
1391
2062
1980
1493
1142
1395
1886
2476
3146
3518
3176
1841
317
-783
-1189
-1333
-1305
-985
-632
-556
-963
-1387
-1666
-1771
-1653
-1043
15
960
1339
1040
582
-42
-674
-1025
-1059
-982
-936
-951
-1277
-1696
-2215
-2869
-3133
-2498
-1756
-1101
-303
118
219
373
889
1020
1034
760
-215
-1498
-1897
-1360
-1432
-2372
-3889
-4567
-4043
-2944
-2202
-1461
240
1151
618
39
1033
2888
3787
3591
3186
3667
4268
3972
2743
1696
952
168
-142
9
341
5
-734
-1319
-1441
-1323
-1075
-157
1081
2093
2447
2721
3099
3083
2614
2315
2487
2594
2309
1409
735
282
-492
-1522
-2089
-1837
-1430
-1285
-1259
-968
-754
-904
-1051
-712
-3
362
344
427
669
436
-191
-685
-911
-1005
-1260
-1281
-1006
-833
-1199
-1870
-2065
-1768
-1486
-1403
-1054
-474
71
331
390
440
334
258
71
79
167
37
-336
-636
-511
-464
-797
-2275
-5334
-8528
-9145
-5705
-468
3158
3795
2522
1069
-524
-1954
-1543
2003
5994
6847
4658
2789
2919
2772
292
-3492
-4463
-1297
3159
5265
4499
2162
-859
-3555
-5151
-4369
-1639
1578
3753
4089
3406
2225
1270
622
643
1631
3444
5403
5770
4498
2090
-94
-1782
-2627
-2274
-996
582
1074
746
-261
-1285
-2419
-2986
-2329
-776
814
1331
1279
676
-154
-1328
-2044
-1847
-968
46
508
701
287
-582
-1750
-2381
-1989
-914
30
398
305
-186
-770
-1260
-1204
-810
-551
-624
-852
-1109
-1344
-1521
-1507
-1240
-1120
-1108
-1080
-1024
-1489
-2686
-4615
-6463
-6921
-5217
-1729
1228
2264
1584
575
1
-265
38
1451
3940
5501
4796
2923
1958
1990
1530
27
-1009
101
2577
4287
3840
2048
236
-1263
-2148
-2123
-1016
790
2482
3360
3322
2789
2262
1981
1914
2347
3237
4543
5547
5222
3475
1230
-569
-1587
-3972
-6141
-4635
-1133
801
619
487
-1295
-2832
-4181
-5233
-2813
1709
3457
1284
1312
1044
-718
-2282
-2338
-1714
-280
1876
1872
2062
1380
-1157
-4637
-4983
-2963
-1360
-289
-60
-89
-1327
-2272
-3251
-3246
-2082
-954
-191
652
1847
1431
201
-445
-460
-119
730
1674
1881
1292
-603
-2697
-3442
-3497
-4569
-6867
-8262
-7075
-3275
761
2561
2123
1016
95
-686
-538
1685
5697
8556
7791
4999
3345
3776
3943
2228
93
11
2340
4451
4428
2192
-804
-3596
-5310
-4974
-2790
33
1772
2406
2499
2750
3055
3112
3097
3290
3593
4310
5436
5754
4274
1349
-1596
-3759
-4828
-4846
-4134
-3148
-2747
-3493
-4492
-4773
-4516
-4108
-3077
-1215
706
2156
2869
2816
2290
1307
199
-185
353
949
861
95
-988
-2330
-3608
-4308
-4132
-3323
-2368
-1763
-1406
-1037
-964
-830
-351
485
1361
1643
1547
1320
1373
1254
879
751
684
485
158
53
-202
-723
-1522
-2400
-2823
-2337
-1502
-1615
-3152
-6017
-7752
-5902
-1195
3104
4542
3959
2933
1951
504
-301
1481
4984
7029
5628
3446
3075
3692
2417
-569
-2266
-1003
1975
3890
3928
2459
29
-3013
-4903
-4078
-1634
664
1980
2885
3496
3347
2305
1039
756
1420
2411
3143
3545
3232
1794
-717
-3119
-4144
-3948
-3031
-2189
-1556
-1616
-2405
-3430
-4120
-3842
-3059
-2147
-1044
188
922
1159
1098
799
483
393
850
1397
1747
1634
1100
187
-914
-1966
-2583
-2445
-2008
-1619
-1409
-1146
-950
-883
-712
-172
547
960
844
252
-129
91
357
442
429
402
295
435
592
441
196
-337
-977
-1514
-1273
-1150
-2015
-4392
-7070
-7652
-5388
-1416
1181
2118
2087
1480
96
-1232
-216
2929
6107
6628
5453
4891
5099
4260
1509
-687
-763
1060
2692
3240
2907
1529
-987
-3803
-4622
-3448
-1284
340
1622
2951
3713
3435
2286
1803
2008
2696
3378
4016
3870
2436
262
-2007
-3132
-3669
-3693
-3414
-2576
-1975
-2266
-2945
-3550
-3432
-2918
-1925
-1200
-180
758
1266
1445
1225
1087
849
1041
1149
1169
986
508
-218
-1291
-2216
-2808
-2720
-2555
-2388
-2167
-1645
-1065
-924
-769
-238
760
1561
1845
1479
831
315
-27
-180
-75
171
93
-189
-567
-1027
-1328
-1286
-1121
-1256
-1642
-1998
-2154
-2440
-3430
-5320
-6857
-6359
-3758
-441
1831
2796
2363
1165
36
-14
2096
5213
7246
6931
5849
5150
4553
3017
788
-273
304
1772
2628
2748
1988
134
-2502
-4378
-3759
-1389
1222
2706
3644
4298
4378
3790
2932
2681
3118
3673
3659
3272
2525
904
-1550
-3750
-5100
-5301
-4583
-3674
-2999
-2815
-3329
-4194
-4112
-3266
-2260
-1297
-122
1027
1688
1950
1555
1169
914
867
998
1348
1334
371
-1042
-2355
-3154
-3787
-3857
-3444
-2681
-1852
-1525
-1478
-1521
-937
-12
1027
2041
2762
2660
1685
563
-362
-498
-247
-145
-182
-95
-86
-367
-813
-1286
-1594
-1464
-1176
-956
-737
-321
-322
-1659
-3995
-6266
-6152
-3485
288
2746
3230
2913
1766
326
-911
118
2884
5671
6392
5411
4790
4368
3421
1377
325
846
2430
3697
4009
3531
1663
-1035
-3581
-4100
-3167
-1772
-469
829
2069
2363
2060
1610
1723
1902
2051
2576
3343
3530
2103
-266
-2320
-4355
-6183
-6577
-5653
-4166
-2820
-2099
-2347
-2434
-2381
-2683
-1655
771
2733
3294
3760
3595
2968
2400
1683
962
656
902
578
215
-531
-2157
-4208
-4972
-4302
-3301
-2476
-2083
-1503
-952
-288
230
929
2067
2720
2532
2137
2064
1737
856
-198
-972
-1210
-1336
-1452
-1631
-1701
-1808
-2072
-2113
-1852
-1430
-996
-636
-445
-655
-1689
-3098
-4642
-5059
-3912
-1501
1023
2255
2403
1257
178
-432
686
3061
5455
6770
6268
5464
4683
4262
2878
1511
1093
1687
2702
2978
2575
901
-1258
-3568
-4686
-3930
-1993
-118
1073
2114
2366
1969
1161
1024
1882
2793
3300
2900
2390
1387
-422
-2626
-4107
-4452
-4500
-4471
-4516
-4007
-3273
-2680
-2506
-2070
-968
128
1112
1903
2562
2829
2981
2817
2213
1496
507
-308
-975
-1584
-2349
-2775
-2840
-3108
-3272
-3141
-2325
-1132
-12
682
1052
1313
1525
1772
1836
1821
1592
1265
562
-554
-1508
-1822
-1641
-1366
-1223
-1142
-1109
-1215
-1391
-1465
-1222
-616
-143
32
25
-165
-204
-420
-1238
-2826
-4756
-5415
-4140
-1206
1779
3240
3268
2149
1025
262
1127
3334
5481
6272
5478
5012
4958
4710
2881
782
29
1018
2672
3546
3449
1663
-888
-3381
-4248
-3392
-1854
-469
101
753
1214
1231
293
-737
-988
-532
502
1174
1400
580
-995
-2693
-3677
-3495
-3153
-2685
-2338
-1675
-1135
-921
-1074
-1453
-1741
-1802
-898
537
1916
2287
1981
1202
320
-188
-293
43
440
706
576
345
-315
-1293
-2054
-1977
-1044
-269
153
15
-52
26
166
286
331
201
-363
-916
-1027
-651
-194
-115
-504
-1070
-1405
-1390
-1039
-547
-11
155
8
-179
-335
-446
-583
-458
-825
-1761
-3458
-5018
-4892
-2994
-119
1575
2269
1894
1183
797
1138
2755
4512
6003
5831
5209
4835
4605
3906
2394
1526
1295
2068
2516
2358
1441
-431
-2520
-4110
-3877
-2809
-1689
-1174
-933
-604
-452
-338
-533
-155
609
1501
2288
2835
2619
941
-850
-2139
-2301
-1934
-1299
-921
-984
-1000
-1818
-2548
-2831
-2579
-2233
-1388
26
1321
2095
1869
1219
636
786
1219
1606
1862
1748
1104
19
-782
-1435
-1957
-2306
-2401
-2150
-1674
-1052
-746
-724
-728
-570
-323
-152
89
136
80
-28
-214
-240
-241
-501
-1079
-1294
-957
-112
652
943
532
-544
-1576
-2338
-2189
-1544
-718
-902
-2135
-3489
-4562
-4354
-2971
-223
2173
3695
4023
3121
2383
1793
2272
3110
4604
5035
4530
4032
3719
3478
2041
684
-123
512
1488
2089
1871
467
-1176
-2890
-3359
-2732
-1536
-668
-142
686
1004
962
411
-9
-126
-28
366
564
764
149
-936
-2023
-2496
-1989
-1240
-501
-212
-352
-919
-1252
-928
-300
141
-50
-246
-259
-36
121
301
637
808
925
867
896
678
255
-258
-413
-243
-422
-899
-1322
-1339
-1439
-1504
-1464
-1272
-1046
-703
-281
-137
-154
-702
-1225
-1356
-879
-154
332
577
427
101
-155
32
235
337
271
121
-19
-349
-632
-1134
-1389
-2029
-2814
-3633
-3920
-2656
-480
2037
3027
3190
2473
1675
1233
1341
2970
4727
5891
4810
3294
2344
2041
1758
1131
1168
1434
1973
1699
1216
376
-1017
-2802
-4265
-3959
-2789
-1523
-1109
-1074
-1125
-1374
-1425
-1442
-741
65
629
660
535
265
-515
-1059
-1256
-685
44
488
229
-504
-1119
-1652
-1804
-1433
-492
79
209
-111
-210
88
549
980
1094
1302
1562
2163
2559
2317
1631
831
358
-173
-668
-920
-767
-651
-983
-1649
-2144
-2086
-1748
-1301
-771
-200
122
-99
-772
-1498
-1731
-1279
-606
149
760
1011
909
761
696
804
1077
891
313
-290
-377
-321
-960
-2353
-4207
-5351
-4769
-2691
-116
1738
2427
1858
714
61
348
2294
4776
6270
5460
3812
2965
2951
2855
2028
1350
1008
1171
1023
705
-119
-1548
-3496
-5090
-5027
-3726
-2137
-1261
-792
-547
-431
-292
9
702
1438
1764
1677
1651
1567
715
-452
-1372
-1531
-1191
-827
-799
-1089
-1346
-1967
-2336
-1810
-846
-432
-176
530
1291
1977
2150
2131
2119
2179
2236
2243
2383
2190
1381
131
-775
-1403
-1963
-2226
-2294
-2189
-2064
-1823
-1595
-1365
-1049
-543
220
1135
1705
1350
438
-437
-689
-430
112
739
770
442
-354
-657
-324
233
424
195
-121
-641
-989
-1469
-2145
-3143
-4260
-4841
-3941
-1817
563
1875
1915
1090
-28
-488
-16
2054
4310
5259
4079
2455
1979
2249
2174
1453
1292
1763
2464
2288
1326
60
-1459
-3205
-4520
-4387
-3156
-2077
-1770
-1555
-1170
-831
-837
-588
326
1518
2341
2394
2212
1947
1392
597
191
273
327
-65
-569
-817
-695
-780
-1294
-1635
-1561
-1247
-790
-44
854
1367
1554
1879
2307
2663
2691
2459
2215
1990
1624
1058
445
-75
-677
-1216
-1567
-1783
-1758
-1646
-1708
-1841
-1790
-1482
-960
-470
-283
-558
-1046
-1323
-1398
-1258
-983
-584
-133
261
578
715
876
819
708
441
331
126
-501
-1444
-2307
-3086
-4030
-4822
-5034
-4107
-2359
-836
-291
-54
183
349
563
1309
3031
4860
5850
5092
3795
3104
2970
2655
2141
2006
2021
1822
775
-471
-1528
-2490
-3418
-4020
-3581
-2409
-1273
-616
-201
166
385
473
877
1808
3052
3615
3355
2757
1988
1170
452
123
-152
-204
-278
-492
-523
-726
-1182
-1580
-1346
-764
-113
614
1242
1601
1492
1372
1441
1736
1802
1440
929
540
297
-173
-820
-1478
-2135
-2680
-2888
-2670
-2191
-1823
-1797
-1951
-1855
-1422
-973
-789
-839
-903
-917
-946
-1125
-1454
-1574
-1477
-1212
-914
-550
-57
445
825
877
835
814
1006
1186
1108
428
-530
-1670
-2802
-3913
-4535
-4001
-2405
-627
-56
-19
-166
-180
-106
596
2524
4669
5863
5277
4141
3471
3581
3538
3138
3031
3342
3604
2968
1800
285
-1351
-3030
-4037
-3851
-2938
-2112
-1907
-1765
-1506
-1197
-761
-150
883
2023
2881
3270
3513
3525
2809
1875
1377
1247
948
352
-547
-1223
-1692
-2145
-2609
-2653
-2199
-1985
-1846
-1426
-741
-39
745
1329
1534
1633
1525
1331
1229
1068
561
-217
-951
-1597
-2088
-2494
-2687
-2754
-2648
-2370
-2067
-1712
-1363
-1146
-1069
-1032
-1033
-1043
-1094
-1028
-742
-433
-284
-215
-153
30
480
972
1285
1347
1305
1199
1056
731
55
-814
-1790
-2936
-4143
-4931
-4644
-3353
-1376
-73
261
259
60
89
559
2074
4187
6123
6548
5371
4172
3640
3719
3335
3025
3049
3294
2987
1864
639
-628
-1967
-3486
-4121
-3609
-2514
-1742
-1424
-1106
-818
-512
141
1217
2299
2862
2837
2848
2923
2647
2060
1442
853
292
-371
-1023
-1340
-1727
-2555
-3441
-3531
-3193
-2904
-2585
-2047
-1368
-651
83
592
1146
1466
1298
1095
1168
1134
655
6
-681
-1408
-1936
-2238
-2402
-2486
-2507
-2420
-2296
-2168
-1964
-1615
-1008
-345
-25
-86
-262
-301
-147
36
299
657
982
1037
945
1005
1314
1592
1544
1188
885
841
1037
1081
513
-467
-1747
-2845
-3964
-4254
-3306
-1212
854
1260
725
-90
-83
-117
263
1744
3918
5423
4914
3891
3189
3283
3026
2566
2597
3217
3746
3250
2123
504
-1347
-3250
-4515
-4400
-3281
-2275
-2155
-2376
-2424
-2234
-1797
-1216
-5
1144
1822
2132
2361
2308
1754
1035
253
26
-16
-304
-718
-954
-1511
-2606
-3272
-3134
-2502
-1823
-1268
-997
-613
-3
533
1076
1736
2168
2119
1859
1766
1476
786
-145
-982
-1510
-1749
-1842
-1862
-1794
-1791
-1850
-1765
-1343
-567
162
670
910
759
483
257
232
321
497
547
348
186
50
286
605
866
907
801
741
775
1042
879
233
-701
-1622
-2606
-3682
-4293
-3857
-2162
-434
42
-180
-434
-583
-860
-507
1141
3567
5225
5049
4150
3814
4098
3914
3316
3061
3285
3388
2643
1474
80
-1551
-3510
-4932
-4896
-3924
-2905
-2449
-2136
-1746
-1427
-1213
-661
478
1535
2222
2735
3243
3185
2512
1578
884
497
-70
-712
-1157
-1263
-1996
-3126
-3608
-3142
-2409
-2033
-1778
-1506
-831
47
889
1578
2025
2060
1752
1590
1623
1344
638
-72
-615
-1183
-1671
-1946
-1910
-1610
-1395
-1280
-1022
-491
-26
272
553
647
425
29
-194
-233
-231
-225
-305
-308
-223
-95
63
402
811
941
1031
1155
1441
1667
1985
1657
776
-387
-1593
-2735
-3892
-4115
-3608
-2027
-756
-626
-1258
-1794
-1687
-1340
-167
1604
3733
4881
4531
3538
3199
3607
3646
3278
3003
3068
2998
2211
800
-804
-2453
-3938
-4702
-4082
-2908
-2291
-2400
-2566
-2187
-1637
-893
61
1178
2061
2355
2431
2527
2607
2130
1465
894
587
205
-505
-1030
-1409
-1550
-1825
-1906
-1484
-1043
-920
-838
-283
386
960
1415
1824
2115
2084
1741
1329
1134
768
88
-445
-759
-957
-1153
-1204
-1149
-1053
-1015
-1047
-1076
-855
-365
43
307
267
-155
-598
-811
-843
-589
-342
-304
-365
-321
-102
120
314
557
695
790
850
891
922
645
-136
-1322
-2437
-3393
-4017
-4272
-4040
-3190
-2020
-1223
-1102
-1065
-787
-285
474
1721
3368
4811
5043
4262
3599
3695
3825
3251
2494
2064
1959
1582
628
-715
-2079
-3297
-4057
-3807
-2789
-1764
-1309
-1187
-920
-579
-200
204
848
1544
2010
2234
2236
2224
1959
1438
889
496
230
87
-72
-423
-957
-1532
-1664
-1363
-786
-445
-393
-320
-35
383
645
833
934
1050
1138
1099
887
355
-351
-929
-1252
-1393
-1289
-1032
-700
-509
-515
-575
-550
-326
-204
-244
-387
-393
-452
-681
-949
-1179
-1176
-1156
-957
-789
-398
138
591
1133
1660
2022
1922
1686
1282
1168
1152
1058
419
-764
-2072
-3383
-3975
-4281
-4136
-3682
-2518
-1165
-538
-428
-392
140
787
1592
2621
4057
5191
5070
3937
2911
2627
2348
1957
1638
1700
1618
677
-754
-1956
-2620
-2940
-3042
-2609
-1761
-1191
-1117
-1274
-1124
-698
-262
300
1038
1672
1905
1643
1135
907
834
837
750
658
474
-51
-554
-868
-820
-636
-494
-423
-254
-96
-36
113
229
303
339
491
682
732
524
81
-378
-781
-952
-882
-755
-542
-276
-135
-23
91
205
78
-66
1
21
-27
-323
-790
-1229
-1566
-1903
-1968
-1688
-1290
-910
-509
31
659
1138
1353
1529
1651
1596
1310
1119
947
679
-5
-1150
-2173
-3077
-3892
-4475
-4534
-3987
-2936
-1625
-664
-453
-747
-839
-264
954
2346
3550
4519
4781
4145
3078
2463
2451
2503
2378
2221
2155
1783
973
-141
-984
-1571
-1893
-1854
-1365
-744
-614
-973
-1299
-1171
-817
-317
284
1042
1629
1731
1681
1678
1768
1611
1464
1334
1207
1009
502
33
-109
-33
-416
-796
-896
-876
-884
-883
-775
-813
-752
-721
-653
-638
-631
-684
-672
-502
-411
-393
-371
-180
-144
-240
-272
-242
-92
-69
-279
-582
-819
-938
-1149
-1319
-1348
-1232
-1156
-1085
-915
-528
-70
191
535
1001
1390
1588
1601
1517
1255
989
667
397
102
-218
-519
-1020
-1559
-2307
-3033
-3441
-3530
-3228
-2678
-1754
-645
25
-66
-415
-243
478
1562
2430
3241
3798
3572
2649
1737
1781
2151
2215
1982
1930
2081
1859
1178
197
-613
-1222
-1559
-1535
-1222
-1074
-1384
-1925
-2098
-1709
-1015
-221
590
1290
1522
1431
1244
1197
1304
1454
1716
1830
1764
1217
404
-153
-316
-376
-459
-410
-558
-822
-1120
-1287
-1286
-1120
-995
-985
-726
-357
-93
-142
-241
-208
-26
268
450
524
456
355
162
-46
-77
-113
-347
-698
-1020
-1204
-1174
-1071
-979
-886
-838
-784
-581
-134
440
794
1018
1250
1318
1112
911
745
657
479
109
-190
-283
-457
-883
-1438
-1817
-1932
-2146
-2562
-2780
-2592
-2305
-1980
-1263
-454
-68
-51
-47
499
1366
1997
2291
2754
3265
2953
2173
1824
2162
2412
2220
1958
1961
1883
1394
439
-431
-918
-1447
-1884
-2010
-1744
-1627
-1759
-1850
-1540
-936
-377
37
644
1585
2221
2296
2111
1986
1935
1747
1584
1646
1720
1531
779
-21
-487
-913
-1364
-1594
-1617
-1710
-1922
-2051
-1844
-1516
-1178
-976
-687
-105
458
801
806
786
640
440
276
258
355
294
-57
-699
-1174
-1501
-1615
-1626
-1349
-1049
-980
-1039
-1032
-748
-467
-182
140
565
901
905
710
537
399
292
168
50
2
-50
-367
-735
-1058
-1121
-1045
-799
-795
-1106
-1477
-1928
-1951
-1839
-1575
-1302
-716
84
430
363
201
489
872
1256
1592
2217
2939
2841
2264
1912
2276
2687
2634
2384
2206
2006
1525
812
58
-564
-1099
-1421
-1512
-1329
-1234
-1264
-1316
-1015
-416
286
941
1107
1258
1419
1827
1889
2153
2326
2257
2055
1514
1057
589
446
-186
-683
-1025
-1463
-2063
-2447
-2324
-2244
-1822
-1444
-1078
-782
-436
-288
-358
-259
-134
-125
-83
70
174
90
-342
-867
-1324
-1516
-1515
-1337
-956
-658
-640
-934
-1151
-1140
-896
-584
-285
-16
244
452
438
358
230
-32
-323
-379
-208
67
91
-166
-442
-461
-285
51
497
718
508
-198
-1034
-1571
-1622
-1170
-789
-666
-700
-556
-423
-393
-347
-92
614
1237
1565
1911
2593
2951
2643
2156
2174
2736
3098
3082
2847
2525
1935
1095
216
-259
-572
-974
-1344
-1439
-1409
-1468
-1537
-1432
-890
-263
184
229
305
881
1580
2002
2044
2015
1686
1130
621
170
44
36
-452
-1367
-1959
-2129
-2279
-2322
-2069
-1794
-1587
-1265
-955
-764
-535
-492
-593
-553
-191
136
157
9
-243
-457
-579
-552
-382
-70
190
297
315
405
400
349
334
410
510
508
416
132
5
-126
-329
-550
-571
-609
-761
-749
-616
-420
-198
166
509
846
955
886
858
915
876
741
509
-169
-1018
-1762
-2244
-2610
-2688
-2695
-2714
-2618
-2233
-1492
-768
-104
357
913
1541
2010
2343
2847
3461
3729
3494
3249
3253
3076
2539
1828
1321
1019
641
46
-482
-791
-1211
-1680
-1912
-1766
-1495
-1131
-670
-68
450
550
470
608
974
1081
1248
1303
1254
753
-7
-634
-905
-718
-821
-952
-888
-743
-1013
-1341
-1460
-1528
-1488
-1247
-888
-724
-595
-668
-920
-1038
-921
-827
-830
-481
-16
338
605
826
886
937
1127
1218
1348
1421
1289
919
588
221
-176
-520
-772
-1014
-1339
-1530
-1490
-1133
-730
-382
-227
-29
215
405
711
1225
1592
1537
1350
1181
1061
883
640
264
-439
-1421
-2294
-2829
-3048
-3107
-3052
-2832
-2562
-2367
-1974
-1307
-512
117
592
1291
2034
2521
2727
2933
3119
3093
2773
2666
2786
2795
2368
1560
800
211
-303
-867
-1316
-1556
-1722
-1864
-1772
-1366
-997
-822
-705
-493
-25
609
1059
1195
1232
1213
1261
1412
1718
1787
1604
1382
1098
915
702
386
-250
-875
-1383
-1682
-1669
-1502
-1368
-1546
-1743
-1908
-1933
-1731
-1290
-726
-246
301
752
1114
1354
1570
1796
2008
2107
1874
1458
908
362
-268
-906
-1407
-1867
-2223
-2435
-2455
-2263
-2031
-1866
-1665
-1322
-849
-292
519
1189
1452
1498
1538
1644
1738
1613
1256
912
621
180
-452
-996
-1481
-1985
-2465
-2875
-3110
-3134
-3071
-2923
-2621
-1967
-1278
-825
-496
12
683
1312
1846
2338
2775
3005
2952
2754
2743
2774
2503
2056
1624
1391
1113
628
179
-186
-402
-640
-922
-916
-699
-578
-559
-487
-238
-14
132
396
791
1357
1742
1907
2054
2200
2098
1775
1505
1318
965
425
-152
-611
-887
-1187
-1428
-1691
-1774
-1921
-2037
-2009
-1706
-1289
-966
-527
-38
471
808
1062
1200
1258
1336
1295
1133
837
382
-158
-748
-1269
-1680
-2019
-2219
-2237
-2105
-1914
-1695
-1416
-1048
-636
-212
309
743
952
983
995
1016
1104
1082
870
697
342
60
-216
-345
-518
-784
-1054
-1342
-1628
-2049
-2422
-2603
-2601
-2407
-2113
-1650
-1173
-901
-702
-393
252
933
1357
1621
1950
2350
2654
2815
2693
2607
2429
2232
2057
1867
1572
1076
533
-12
-354
-618
-826
-948
-930
-795
-749
-783
-775
-620
-358
53
632
1180
1542
1681
1792
1880
1875
1692
1507
1219
791
225
-384
-842
-1135
-1300
-1519
-1691
-1775
-1790
-1781
-1582
-1342
-1109
-775
-373
79
423
835
1179
1340
1442
1339
1112
905
638
304
-37
-324
-750
-1153
-1367
-1440
-1430
-1389
-1245
-1198
-939
-561
-187
29
163
258
315
549
776
903
989
950
740
446
263
164
-12
-276
-684
-982
-1245
-1403
-1785
-2133
-2322
-2464
-2400
-2267
-1854
-1401
-1005
-787
-578
-179
390
919
1363
1842
2258
2424
2409
2392
2368
2321
2232
2097
1897
1718
1366
900
524
268
108
-89
-189
-204
-224
-323
-532
-524
-396
-226
-58
205
515
759
922
939
972
1033
1126
1155
1015
696
323
-48
-254
-400
-666
-925
-1208
-1450
-1531
-1559
-1538
-1469
-1377
-1244
-1067
-762
-526
-265
-87
54
216
313
352
353
373
374
293
56
-202
-393
-473
-581
-731
-1003
-1227
-1268
-1249
-1163
-997
-772
-671
-491
-348
-50
351
698
845
856
868
747
682
696
617
417
167
-210
-550
-736
-1011
-1226
-1495
-1552
-1597
-1584
-1538
-1402
-1189
-958
-572
-274
149
525
966
1371
1779
2181
2355
2510
2447
2336
2242
2276
2313
2185
1933
1633
1367
1051
709
420
241
137
91
43
-60
-171
-324
-358
-286
-69
283
567
705
714
729
732
712
650
519
383
281
109
-67
-291
-578
-871
-1144
-1328
-1493
-1591
-1670
-1755
-1739
-1759
-1727
-1605
-1443
-1263
-1149
-866
-649
-537
-470
-392
-197
-113
-13
9
77
166
162
160
26
-161
-367
-593
-797
-881
-883
-882
-930
-837
-587
-292
-53
189
488
743
917
1022
1192
1304
1326
1234
966
714
406
34
-428
-851
-1105
-1280
-1352
-1400
-1343
-1361
-1208
-995
-656
-428
-275
-13
226
667
981
1334
1633
1786
1808
1801
1831
1858
1902
1796
1726
1624
1508
1215
948
737
476
307
109
-20
-216
-369
-493
-563
-514
-432
-287
-140
7
76
225
290
283
186
173
259
272
300
174
-15
-213
-463
-642
-762
-893
-1018
-1173
-1294
-1350
-1412
-1438
-1411
-1314
-1216
-1133
-1059
-976
-829
-630
-372
-160
32
186
339
538
663
749
729
605
451
316
182
-30
-116
-182
-222
-351
-349
-348
-304
-139
22
321
617
751
824
984
1094
1096
1022
964
837
669
410
69
-239
-578
-927
-1193
-1240
-1171
-1104
-1055
-918
-743
-584
-497
-399
-190
5
243
493
874
1138
1302
1327
1364
1433
1427
1377
1251
1181
1044
857
648
558
545
505
383
205
78
-99
-296
-452
-500
-517
-566
-573
-535
-443
-435
-425
-302
-127
-6
-38
-31
-43
-84
-189
-212
-234
-329
-455
-593
-601
-653
-743
-802
-762
-752
-849
-986
-1029
-1088
-1082
-1002
-869
-636
-551
-537
-486
-374
-146
97
341
514
612
702
765
764
749
686
510
382
328
309
250
209
97
-21
-47
4
96
192
311
356
412
504
546
544
477
387
251
126
35
-20
1
-99
-280
-545
-710
-787
-796
-822
-850
-798
-733
-590
-532
-451
-357
-247
-155
-7
305
637
920
976
1025
1146
1276
1354
1301
1228
1198
1209
1167
1123
902
615
291
29
-87
-138
-96
-144
-225
-291
-264
-164
-28
75
125
181
266
366
356
303
257
249
138
6
-118
-208
-280
-384
-472
-488
-464
-519
-625
-781
-866
-993
-1052
-1000
-913
-768
-658
-660
-667
-663
-601
-488
-378
-218
-49
143
158
168
211
248
309
363
377
306
203
96
137
130
78
-26
-158
-184
-201
-196
-192
-82
-115
-210
-270
-272
-242
-258
-195
-203
-234
-243
-243
-162
-99
-123
-343
-582
-710
-733
-696
-581
-564
-610
-641
-653
-622
-542
-341
-87
96
324
566
779
962
1149
1263
1393
1578
1750
1871
1864
1699
1419
1119
841
651
533
396
224
60
-41
-60
-37
7
40
46
56
70
124
279
447
529
527
444
409
368
268
230
108
17
-130
-228
-364
-606
-764
-932
-1003
-1074
-1083
-1061
-1062
-1045
-981
-934
-787
-562
-369
-213
-114
-43
28
104
166
287
318
331
293
184
57
-90
-194
-212
-214
-198
-196
-212
-313
-401
-447
-459
-380
-270
-84
93
244
218
185
216
262
324
335
387
363
251
2
-295
-519
-670
-807
-855
-861
-869
-919
-1022
-1116
-1137
-1062
-913
-625
-289
28
265
516
793
1075
1285
1460
1561
1623
1629
1598
1545
1421
1289
1141
982
857
730
575
421
308
243
219
156
78
17
49
153
232
345
455
490
518
496
502
571
584
533
368
155
-66
-259
-408
-624
-824
-1022
-1151
-1222
-1329
-1409
-1435
-1416
-1366
-1254
-1160
-1099
-1026
-907
-811
-656
-455
-275
-114
-42
20
35
38
10
24
32
41
22
-120
-278
-456
-532
-562
-497
-414
-351
-263
-174
-84
-24
67
194
285
364
440
606
793
853
813
725
620
468
285
152
59
-74
-296
-502
-610
-685
-813
-928
-890
-733
-564
-418
-199
55
324
511
706
1034
1290
1499
1628
1670
1666
1615
1524
1435
1372
1260
1035
757
586
426
356
289
209
152
85
73
68
98
128
134
167
199
222
231
211
270
272
179
53
-64
-218
-365
-496
-618
-678
-743
-793
-869
-925
-949
-968
-1012
-1025
-1028
-1019
-988
-930
-909
-860
-765
-727
-677
-621
-565
-544
-501
-418
-300
-164
-62
-37
-65
-63
-150
-262
-292
-290
-217
-161
-128
-116
-90
-139
-139
-71
36
118
215
361
514
606
639
643
588
566
489
438
380
266
127
-61
-244
-369
-481
-571
-659
-709
-713
-658
-526
-391
-245
-97
79
301
554
785
937
1022
1084
1100
1018
956
901
842
695
493
295
201
127
34
-4
-21
14
72
181
270
341
407
467
562
658
644
598
567
522
482
367
259
165
15
-102
-189
-202
-161
-163
-148
-184
-222
-187
-141
-122
-163
-231
-272
-352
-412
-399
-358
-434
-519
-602
-682
-678
-674
-627
-600
-571
-532
-503
-412
-322
-222
-159
-97
-61
-37
-40
-88
-81
-22
-3
5
-46
-143
-169
-159
-130
-129
-131
-116
-16
40
122
148
98
36
1
1
8
-6
-120
-253
-412
-449
-469
-488
-500
-547
-542
-491
-425
-306
-153
3
124
193
285
415
573
689
793
828
871
910
906
834
736
640
498
393
269
217
190
196
183
174
201
212
232
245
292
399
506
539
501
428
309
189
106
31
-51
-72
-73
-60
-104
-131
-116
-91
-21
-13
39
43
66
24
7
24
39
47
-80
-233
-359
-414
-486
-516
-525
-553
-641
-707
-710
-668
-550
-428
-294
-208
-155
-93
-103
-88
-111
-107
-107
-83
-66
-97
-157
-263
-316
-377
-355
-278
-226
-186
-200
-140
-118
-109
-88
-106
-117
-137
-82
-27
28
14
-69
-113
-119
-138
-100
-86
-130
-139
-157
-151
-168
-152
-72
-8
67
172
261
378
460
469
442
416
431
431
419
423
405
376
328
306
345
409
450
531
572
593
598
589
592
604
575
532
457
375
292
215
173
187
134
86
107
160
202
201
235
263
274
224
231
296
340
349
312
235
165
55
-46
-137
-298
-436
-592
-717
-782
-821
-852
-871
-906
-938
-904
-873
-836
-774
-714
-680
-657
-582
-495
-427
-427
-435
-412
-399
-365
-293
-277
-230
-213
-234
-190
-172
-124
-64
-83
-97
-89
-53
7
90
132
161
148
126
175
220
272
315
305
286
196
150
119
110
65
32
28
46
73
40
22
-30
-49
-42
-9
0
30
89
114
90
134
196
282
346
466
600
665
746
744
729
733
672
598
542
508
472
452
358
299
228
134
102
80
128
227
296
272
246
257
273
287
336
414
434
410
353
241
110
-36
-181
-311
-454
-549
-689
-776
-802
-879
-890
-880
-829
-773
-726
-706
-695
-678
-655
-545
-423
-301
-186
-123
-113
-96
-64
-68
-47
-26
-4
43
36
16
8
-35
-80
-27
49
126
196
246
254
281
291
316
361
398
446
435
426
410
379
293
230
169
77
-15
-51
-119
-162
-196
-298
-367
-412
-411
-416
-379
-345
-325
-285
-316
-340
-358
-335
-285
-216
-138
-77
15
103
108
164
186
180
247
292
323
301
228
172
113
42
14
31
78
63
60
13
-39
-66
-34
58
178
319
439
470
496
477
427
353
316
313
316
304
182
64
-47
-169
-294
-371
-427
-453
-481
-473
-461
-458
-391
-312
-149
19
146
260
330
344
341
353
351
363
335
285
207
145
91
44
58
40
-5
5
9
29
46
67
46
19
84
136
218
310
335
267
222
95
-29
-77
-107
-96
-142
-199
-282
-359
-464
-557
-651
-747
-771
-826
-863
-841
-821
-814
-799
-747
-684
-622
-493
-346
-213
-74
48
140
218
275
303
354
377
415
484
539
562
527
472
423
365
330
339
338
349
342
306
314
315
360
447
511
552
590
612
615
632
622
587
513
395
279
116
-22
-144
-254
-347
-434
-510
-585
-607
-621
-618
-575
-513
-408
-250
-145
-48
53
65
31
39
75
122
168
217
182
135
63
34
22
0
36
80
172
187
175
126
79
81
100
165
235
232
242
231
145
56
-38
-90
-131
-169
-213
-328
-427
-539
-653
-710
-713
-756
-804
-837
-845
-847
-839
-810
-825
-800
-765
-715
-673
-568
-481
-391
-281
-146
20
117
229
312
366
423
442
431
423
449
473
461
450
420
357
338
299
270
297
340
409
474
552
600
623
634
632
628
598
574
555
563
595
561
473
388
337
252
192
114
24
-78
-174
-198
-268
-296
-284
-243
-168
-75
39
142
170
149
213
225
279
353
357
309
271
266
221
186
179
188
128
67
4
-84
-91
-132
-142
-135
-176
-185
-169
-137
-99
-100
-96
-135
-146
-170
-188
-231
-305
-357
-449
-494
-538
-577
-602
-638
-660
-689
-718
-756
-791
-817
-793
-743
-713
-689
-613
-583
-563
-547
-499
-375
-299
-174
-54
39
125
169
205
227
258
329
412
444
478
516
542
545
541
500
446
393
367
392
377
322
313
298
285
307
367
399
402
393
390
416
469
531
498
454
393
346
274
184
50
-81
-148
-227
-251
-297
-292
-295
-343
-347
-310
-254
-162
-55
3
58
105
126
146
147
109
117
114
139
100
64
15
-106
-213
-285
-321
-307
-244
-216
-188
-142
-113
-69
-21
39
135
159
176
170
109
51
22
-1
-33
-66
-108
-135
-152
-185
-214
-219
-270
-298
-294
-277
-245
-238
-227
-236
-230
-238
-216
-202
-165
-152
-138
-150
-151
-63
-7
58
136
191
217
246
288
312
349
381
359
369
356
294
193
131
101
77
77
63
70
110
147
152
163
165
151
194
231
252
223
155
94
60
46
50
20
-55
-148
-221
-288
-326
-302
-283
-235
-243
-217
-197
-154
-76
-4
44
84
113
153
212
246
254
237
229
166
121
87
42
3
-33
-80
-73
-53
-48
-45
-47
-31
-43
-22
12
24
24
10
-18
-13
-20
-16
-55
-84
-106
-118
-115
-133
-179
-260
-341
-367
-389
-372
-341
-405
-425
-433
-438
-395
-364
-327
-325
-332
-286
-275
-259
-237
-210
-169
-66
19
107
200
252
271
292
307
343
383
430
482
438
396
396
349
275
233
242
279
323
336
345
386
375
312
286
274
253
237
203
175
120
93
39
-41
-76
-112
-163
-184
-191
-184
-205
-233
-227
-239
-197
-176
-146
-130
-126
-79
-43
-44
-42
-39
-8
12
-39
-72
-112
-175
-185
-206
-175
-109
-66
-16
35
45
25
19
31
91
168
245
327
339
332
297
241
222
188
199
162
158
160
137
103
84
97
80
62
57
53
22
-17
-32
-33
-35
-83
-131
-178
-261
-281
-317
-293
-236
-212
-198
-181
-139
-96
-82
-66
-67
-37
-35
-32
-13
-12
-36
-104
-75
-78
-98
-115
-113
-91
-96
-65
-59
-61
-24
27
65
92
66
37
18
-8
-12
-11
-8
-44
-109
-152
-189
-242
-272
-247
-215
-253
-302
-292
-246
-207
-197
-216
-222
-227
-221
-169
-114
-107
-87
-92
-98
-74
-60
-38
-19
10
69
108
167
263
379
485
555
583
590
585
577
592
572
541
497
477
448
391
361
340
329
298
313
334
323
310
263
219
181
174
159
129
117
84
28
6
2
-15
-52
-106
-184
-241
-289
-325
-334
-339
-321
-330
-384
-423
-474
-494
-521
-519
-475
-464
-472
-483
-454
-456
-441
-420
-439
-388
-339
-307
-271
-223
-162
-94
-9
36
62
99
136
126
104
91
81
120
118
97
106
88
55
21
8
4
29
57
70
105
131
123
127
139
180
210
224
236
192
188
175
155
163
177
179
161
156
140
128
141
166
180
198
232
259
330
330
283
286
261
276
272
219
185
161
168
169
156
132
88
58
67
74
52
18
6
47
37
-15
-54
-70
-97
-117
-84
-52
-82
-108
-166
-224
-236
-271
-265
-304
-346
-367
-404
-390
-381
-393
-384
-401
-410
-445
-473
-495
-500
-491
-476
-437
-381
-310
-266
-219
-155
-164
-128
-91
-37
19
82
162
218
259
262
305
317
327
333
310
295
245
200
168
169
178
138
127
153
135
140
148
119
118
167
226
239
221
189
201
165
138
159
159
169
160
181
200
168
147
111
105
132
132
166
169
76
29
18
12
-13
-24
-53
-149
-195
-218
-234
-198
-196
-186
-153
-127
-122
-82
-69
-76
-84
-83
-66
-97
-87
-109
-111
-135
-155
-147
-156
-195
-195
-199
-172
-145
-99
-33
-5
6
3
-9
-32
-21
-45
-9
-4
-36
-67
-87
-90
-102
-78
-18
21
28
55
103
106
98
108
142
166
188
185
197
215
259
322
331
338
344
316
256
187
136
114
61
52
42
30
31
23
37
44
36
-8
-31
-11
-24
-28
-81
-100
-130
-182
-206
-235
-250
-259
-300
-321
-295
-302
-314
-281
-245
-210
-139
-73
14
56
80
112
129
115
120
95
122
99
51
27
-8
-27
-28
-12
4
-9
-43
-68
-68
-48
-12
-2
-17
-22
-21
-10
-11
42
38
0
-25
0
26
72
93
96
77
75
71
46
61
36
-2
-65
-123
-183
-201
-200
-155
-146
-115
-78
-61
-50
-17
38
74
114
126
149
195
236
234
240
219
209
189
180
161
151
166
127
115
88
62
19
-4
-17
-40
-54
-61
-86
-92
-95
-124
-138
-182
-188
-192
-220
-221
-185
-180
-209
-208
-227
-197
-119
-99
-103
-107
-100
-103
-66
-40
10
59
77
92
91
118
153
168
207
248
293
301
298
290
253
216
187
146
134
104
35
14
-6
0
3
16
21
52
123
144
172
153
161
134
141
128
117
82
52
53
10
9
-8
-40
-112
-163
-196
-204
-210
-220
-240
-264
-293
-337
-326
-330
-301
-259
-249
-226
-206
-191
-153
-128
-106
-53
-22
15
72
66
47
1
-59
-76
-69
-52
-41
-38
-56
-5
38
83
129
142
154
192
199
191
224
229
235
230
219
180
126
111
95
58
20
-9
-20
-51
-104
-133
-137
-147
-130
-112
-81
-50
-11
-14
3
19
31
55
51
48
41
35
-3
-31
-52
-104
-142
-137
-137
-137
-160
-189
-215
-286
-302
-286
-239
-181
-115
-39
23
70
56
93
144
177
231
264
278
315
316
305
286
310
292
257
231
212
157
65
33
-5
-15
-19
7
39
17
46
40
31
63
61
71
60
36
17
-11
-45
-48
-85
-130
-124
-174
-233
-286
-320
-300
-303
-267
-210
-206
-198
-158
-105
-76
-25
38
105
164
189
212
244
246
232
270
285
225
178
110
66
18
-20
16
26
41
5
-5
29
14
38
49
60
66
28
41
64
37
16
1
15
15
9
8
-21
-58
-88
-102
-144
-161
-198
-230
-233
-236
-209
-172
-167
-156
-165
-174
-172
-167
-117
-56
-11
25
68
82
79
40
32
20
10
29
37
13
-23
-52
-116
-144
-149
-143
-102
-80
-107
-120
-111
-54
-50
-51
-19
2
-8
-17
-3
3
-7
5
-2
-13
-15
-38
-48
-30
-25
-25
-24
-5
32
48
74
84
80
98
134
149
184
236
293
333
380
438
454
451
414
373
352
303
237
176
139
86
48
41
19
0
-18
-39
-58
-89
-130
-103
-59
-30
6
30
37
15
10
2
-42
-45
-37
-75
-97
-134
-170
-174
-199
-253
-302
-325
-335
-347
-325
-311
-320
-286
-264
-235
-195
-159
-126
-51
32
79
141
182
226
234
265
238
240
244
212
212
157
106
60
5
-63
-130
-152
-160
-164
-164
-131
-71
-43
-20
-9
9
27
26
21
-14
-2
-17
-51
-69
-75
-59
-57
-35
-25
-30
-23
-30
-54
-37
-39
-41
-58
-93
-118
-122
-92
-47
-12
38
81
99
153
183
183
213
198
181
154
113
114
84
89
108
91
63
43
27
11
20
46
61
96
132
127
134
148
145
132
102
63
57
9
-26
-66
-78
-104
-125
-100
-99
-125
-133
-137
-126
-86
-80
-83
-108
-149
-177
-218
-199
-178
-170
-145
-126
-100
-77
-67
-33
22
67
87
83
90
74
63
66
38
25
-41
-71
-69
-112
-117
-92
-104
-114
-106
-113
-93
-31
-27
13
15
25
44
52
49
65
73
78
91
102
104
117
143
157
176
151
124
118
101
94
93
95
117
163
184
216
205
215
263
264
273
279
266
278
266
225
211
170
130
106
93
32
-22
-81
-113
-123
-118
-125
-109
-118
-158
-169
-202
-243
-269
-265
-265
-296
-320
-331
-358
-378
-421
-486
-467
-470
-503
-497
-461
-436
-411
-372
-335
-289
-295
-262
-206
-176
-123
-103
-39
11
58
162
225
280
291
312
353
372
380
385
400
391
372
355
373
382
368
359
349
333
324
299
295
253
246
228
199
193
193
224
217
186
163
165
113
97
100
73
37
-24
-64
-84
-99
-99
-120
-165
-228
-293
-331
-349
-347
-316
-267
-249
-228
-193
-166
-111
-69
-22
-11
-47
-67
-82
-106
-131
-134
-131
-105
-106
-123
-145
-175
-154
-135
-95
-87
-60
-69
-102
-126
-117
-80
-49
-25
5
14
26
34
42
99
122
124
129
145
158
137
120
111
81
33
6
-3
10
39
58
86
102
108
111
159
233
270
311
355
368
357
334
308
248
227
211
175
142
96
60
8
-32
-78
-117
-164
-174
-194
-201
-221
-231
-242
-227
-203
-155
-165
-199
-204
-223
-217
-200
-173
-182
-216
-247
-279
-277
-246
-253
-225
-201
-211
-220
-221
-217
-184
-134
-63
-37
-22
-14
-3
51
99
142
214
266
290
293
286
255
227
251
225
230
237
242
224
187
149
121
126
125
103
86
35
-10
6
33
55
73
83
113
138
137
146
152
173
156
146
124
94
40
-28
-81
-97
-116
-119
-134
-99
-95
-81
-61
8
54
54
60
32
20
-8
-7
-1
-9
16
24
-4
-18
-39
-64
-75
-93
-120
-144
-194
-233
-235
-227
-219
-209
-207
-183
-182
-221
-239
-244
-250
-255
-244
-208
-170
-163
-147
-110
-77
-36
5
41
36
2
-31
-24
-25
-22
9
29
12
20
26
53
84
84
111
104
102
88
120
151
137
146
181
216
234
219
197
189
192
190
194
213
212
163
119
95
69
65
43
49
91
97
77
62
60
39
40
64
73
102
129
138
112
128
134
103
57
26
-6
-38
-78
-97
-85
-127
-151
-163
-191
-159
-182
-191
-141
-109
-66
-46
-53
-77
-87
-92
-89
-75
-77
-93
-129
-137
-144
-122
-99
-99
-92
-90
-82
-72
-71
-34
-28
-31
-22
-43
-75
-97
-120
-115
-80
-48
-45
-52
-29
-23
-7
7
20
47
80
116
121
93
84
70
59
54
77
49
16
-12
-16
-6
23
21
29
46
56
58
51
107
127
145
142
121
73
46
38
36
56
47
29
8
-20
-41
-78
-105
-106
-75
-41
4
-1
7
12
-11
-27
-15
0
25
27
-3
2
-19
-39
-20
16
53
74
69
63
51
48
52
77
92
87
96
107
105
97
80
57
36
56
48
35
59
74
106
104
117
102
96
72
70
88
61
72
65
37
28
-18
-32
-47
-68
-82
-69
-90
-98
-104
-134
-168
-174
-159
-154
-142
-132
-101
-81
-70
-40
-50
-76
-104
-123
-137
-141
-158
-154
-130
-113
-110
-104
-87
-77
-84
-87
-84
-70
-54
-44
-41
-43
-30
-17
4
19
42
55
29
7
4
-39
-86
-89
-68
-38
-15
0
3
-11
-18
20
53
71
112
103
96
85
122
142
123
133
117
87
47
43
79
95
108
117
93
70
58
52
50
62
64
81
51
64
77
38
53
71
62
32
20
20
37
55
60
83
82
88
103
76
49
30
-11
4
-12
-29
-21
-26
-30
-39
-34
-42
-26
-18
-28
-15
0
19
13
-1
-16
-46
-78
-113
-121
-131
-141
-135
-121
-130
-161
-200
-213
-237
-240
-194
-176
-173
-192
-190
-166
-143
-115
-104
-80
-68
-55
-20
-10
13
55
68
41
58
70
70
90
86
83
113
135
173
182
169
159
153
146
135
165
174
178
159
148
142
140
130
121
116
107
106
76
73
94
94
81
65
55
60
13
15
11
-6
-2
-50
-66
-54
-45
-47
-57
-54
-39
-33
-16
-25
-29
-43
-30
-36
-38
-55
-46
-69
-92
-80
-125
-108
-127
-131
-137
-142
-149
-153
-134
-141
-127
-114
-94
-70
-47
10
55
79
85
95
103
90
87
83
96
93
87
86
73
52
61
25
16
9
-21
-31
-31
-30
-28
-19
-27
-17
-25
-27
-38
-51
-60
-84
-103
-99
-123
-138
-132
-159
-189
-178
-123
-95
-74
-54
-28
-44
-78
-90
-55
-5
21
48
78
104
114
158
161
141
124
113
120
119
96
75
91
71
70
88
72
53
53
48
51
87
115
105
134
154
144
144
140
136
117
100
78
65
83
86
87
97
84
74
71
72
53
41
24
34
42
56
47
32
-6
-34
-22
-47
-40
-62
-63
-64
-92
-105
-127
-138
-158
-129
-128
-138
-101
-128
-133
-126
-132
-118
-107
-112
-131
-164
-191
-192
-181
-151
-135
-130
-134
-153
-160
-186
-191
-156
-151
-110
-100
-77
-50
-65
-78
-63
-36
-10
27
1
16
33
31
55
73
84
100
91
92
98
103
135
153
163
172
169
174
193
185
203
193
168
143
113
97
88
114
115
136
131
113
107
87
97
107
119
108
62
39
49
39
-6
-21
-35
-48
-48
-44
-40
-39
-39
-39
-26
-46
-59
-106
-138
-126
-124
-97
-84
-81
-75
-105
-111
-96
-110
-111
-114
-143
-147
-149
-165
-137
-118
-102
-84
-42
-41
-17
-9
1
15
8
21
31
20
14
4
-7
-18
-27
-45
-43
-28
-32
-35
-39
-39
-31
-46
-50
-38
-55
-35
-11
43
76
101
139
141
149
164
162
141
135
131
132
127
146
148
168
171
163
171
162
152
151
131
106
79
47
59
45
82
117
134
118
77
52
21
9
-29
-52
-100
-146
-169
-203
-191
-211
-233
-228
-225
-214
-211
-185
-167
-139
-97
-37
11
25
38
35
70
86
91
77
67
62
50
55
45
12
9
31
21
-7
11
24
20
32
35
62
47
38
29
28
30
37
52
48
33
15
-20
-25
-20
-49
-74
-121
-139
-173
-175
-167
-165
-180
-170
-187
-183
-194
-199
-174
-158
-124
-77
-37
-27
-6
19
45
44
72
88
116
147
143
156
160
179
179
164
155
116
101
76
70
42
33
40
41
51
38
41
33
32
35
47
50
19
-1
-6
-20
-36
-24
-43
-35
-42
-59
-58
-31
-22
-25
-25
-32
-67
-83
-68
-47
-15
12
42
83
93
60
62
60
54
56
49
36
27
36
22
20
5
-6
-6
-31
-53
-31
-15
-5
22
29
47
37
32
14
4
-7
-29
-11
7
28
24
34
39
24
15
8
-9
-36
-69
-95
-94
-78
-90
-102
-83
-98
-105
-100
-96
-65
-29
3
31
38
32
59
42
24
23
5
27
26
21
28
35
21
15
-3
-36
-39
-59
-63
-58
-65
-86
-98
-82
-50
-30
-26
4
6
12
39
57
68
70
59
39
23
-13
-29
-47
-73
-91
-121
-127
-150
-172
-144
-128
-102
-97
-95
-78
-49
-30
-25
-15
-5
13
39
64
99
117
103
121
122
127
135
124
118
123
131
127
111
107
116
98
71
66
75
51
59
60
61
62
50
47
83
110
127
155
169
169
144
132
138
110
70
37
26
11
-38
-82
-101
-93
-98
-75
-40
-54
-84
-88
-99
-78
-69
-83
-80
-87
-85
-112
-90
-84
-95
-68
-68
-75
-83
-77
-87
-91
-103
-109
-70
-47
-28
-31
-25
12
42
67
73
91
109
121
104
71
76
63
54
44
17
12
16
6
21
11
-8
-30
-51
-72
-102
-90
-85
-79
-70
-80
-95
-83
-66
-43
-44
-52
-67
-70
-84
-72
-64
-75
-67
-73
-22
1
-18
-25
-38
-14
-5
9
22
8
25
31
43
48
38
54
61
79
79
87
107
114
133
118
127
130
96
89
103
77
52
33
1
-2
-26
-32
-15
-10
11
29
20
18
-5
-9
-11
-22
-30
-13
24
27
28
39
32
52
69
77
94
101
83
50
52
57
19
6
10
-4
-25
-34
-24
-45
-55
-51
-44
-45
-43
-43
-53
-76
-56
-54
-63
-55
-75
-95
-123
-118
-95
-108
-112
-125
-107
-94
-79
-52
-22
-3
11
9
9
45
44
55
46
2
-41
-46
-17
2
25
32
28
55
72
48
53
72
63
57
44
44
35
35
31
37
22
7
22
-7
-21
9
16
4
17
11
-5
7
-19
-26
-35
-36
-51
-62
-55
-82
-91
-79
-87
-111
-93
-107
-91
-72
-54
-29
-21
-19
-37
-27
-2
8
23
47
55
55
63
56
63
59
39
28
31
42
27
26
7
-43
-40
-22
-28
-34
-40
-57
-53
-43
-30
-3
18
38
30
58
56
32
44
21
-1
-20
-8
2
28
44
78
89
77
65
73
112
105
132
156
168
159
131
118
97
74
34
11
2
8
9
15
38
42
28
48
66
96
111
93
80
33
-16
-56
-55
-63
-61
-64
-71
-68
-64
-74
-76
-79
-122
-115
-99
-103
-103
-100
-123
-131
-133
-112
-104
-97
-80
-89
-86
-105
-112
-100
-80
-69
-66
-27
-30
5
24
52
64
71
102
116
94
100
91
102
102
84
82
56
29
12
21
10
6
19
29
28
18
-7
-7
-16
-27
-36
-36
-30
-8
15
36
60
43
42
13
9
6
-2
-16
-34
-30
-31
-46
-38
-41
-29
-21
-13
-22
-25
-22
-45
-43
-45
-50
-46
-22
-7
-18
-25
-32
1
15
43
77
95
106
99
102
58
43
31
28
10
0
19
-1
2
17
27
4
-2
-11
-21
-18
-14
14
6
6
-2
2
-24
-45
-40
-49
-64
-70
-66
-42
-48
-58
-38
-50
-41
-33
-43
-27
-13
-13
0
10
4
13
-3
-8
20
15
22
22
12
-8
-15
2
9
5
7
15
0
1
26
15
6
18
13
30
37
48
52
46
42
35
47
63
57
47
30
13
-1
1
17
19
42
40
46
24
31
43
32
36
30
39
43
35
26
12
-28
-30
-31
-42
-39
-39
-43
-54
-63
-54
-53
-51
-27
-41
-43
-41
-41
-51
-78
-88
-82
-90
-71
-67
-59
-61
-61
-62
-54
-52
-29
-28
-32
-13
-20
-5
20
23
23
8
16
0
-6
12
49
54
57
81
69
61
58
83
82
83
83
86
97
101
99
78
84
85
84
91
76
60
51
30
14
16
8
13
-2
-11
-22
-30
-22
-16
-27
-41
-69
-98
-111
-118
-110
-109
-108
-130
-131
-137
-124
-117
-108
-89
-84
-75
-57
-43
-26
-21
-16
-9
1
6
7
16
16
31
41
48
60
63
51
34
34
37
60
68
87
87
85
99
93
94
95
95
91
85
70
61
37
28
16
9
22
13
14
32
20
-1
-29
-38
-31
-40
-21
-13
-7
-15
-43
-45
-60
-65
-68
-87
-85
-64
-61
-48
-29
-36
-38
-24
1
2
9
36
46
36
48
58
43
51
43
38
31
2
14
12
-5
3
-6
8
-1
-27
-28
-44
-49
-47
-43
-47
-48
-60
-59
-63
-80
-69
-80
-79
-69
-57
-35
-23
-9
21
34
34
48
37
56
67
64
72
63
45
48
47
40
43
50
44
55
63
53
53
48
45
49
53
53
43
39
34
10
1
8
13
10
14
3
-2
9
6
4
-10
-13
-2
2
4
1
-33
-46
-48
-50
-62
-70
-67
-77
-65
-66
-74
-72
-62
-57
-75
-49
-35
-37
-9
2
-1
7
11
3
2
-15
-28
-32
-37
-30
-26
-36
-30
-38
-42
-28
-24
-5
18
47
65
72
68
62
54
55
48
30
22
2
-7
-8
7
15
6
22
31
18
13
14
11
24
28
28
43
47
58
46
37
15
7
5
-10
1
-8
4
4
21
27
17
6
-14
-15
-19
-17
-9
-9
0
-10
-15
-9
-1
0
3
6
6
-14
-28
-35
-42
-38
-41
-38
-30
-39
-43
-46
-52
-55
-63
-59
-52
-43
-37
-10
-5
-16
-24
-24
-3
11
19
26
10
5
-3
-16
-15
-5
5
4
-3
-3
11
33
55
84
77
58
39
16
43
60
56
57
61
46
32
28
14
19
-4
-8
2
0
12
15
1
-12
-27
-36
-44
-54
-53
-50
-43
-51
-39
-33
-15
-17
-22
-19
-9
6
11
15
18
27
27
36
45
39
38
29
11
21
7
14
25
26
27
19
-3
-14
-23
-25
-22
-37
-37
-38
-37
-24
-27
-15
-9
-9
-6
2
9
10
7
2
5
-3
1
2
8
8
0
-14
-16
-28
-15
-11
-12
-3
1
24
48
51
47
44
32
36
23
25
30
24
29
8
9
3
0
8
9
15
3
7
21
22
18
18
20
14
11
9
30
36
21
30
20
20
26
31
41
34
27
15
22
13
3
-12
-18
-35
-49
-61
-77
-78
-94
-107
-102
-97
-90
-67
-56
-40
-50
-36
-29
-31
-42
-56
-66
-75
-86
-68
-51
-39
-30
-29
-19
-25
-8
-12
-6
6
18
27
30
48
52
51
55
65
89
86
79
67
65
61
58
39
39
29
26
39
40
40
30
26
25
21
24
24
14
10
14
9
-8
-2
-5
-1
-1
5
6
-1
-2
0
-10
-23
-8
-7
-3
-9
-9
-3
3
6
9
10
-8
-1
2
14
14
17
23
21
23
21
17
6
4
-7
-28
-25
-38
-42
-33
-32
-49
-67
-55
-53
-60
-61
-58
-47
-43
-62
-58
-62
-59
-48
-46
-42
-34
-24
-14
0
1
-3
-4
5
26
35
40
41
41
47
46
49
36
24
27
24
14
8
