290
292
307
309
301
285
270
212
180
139
125
87
74
77
70
69
88
87
76
81
77
101
103
101
78
83
76
88
50
44
34
5
-12
-62
-88
-116
-136
-143
-131
-133
-114
-114
-138
-137
-183
-170
-135
-127
-130
-148
-155
-205
-223
-238
-255
-263
-264
-254
-234
-223
-205
-154
-142
-127
-89
-57
-45
11
41
93
85
116
157
172
213
206
215
220
232
229
223
225
238
224
208
182
166
180
148
125
134
115
113
96
103
85
22
5
-48
-57
-56
-60
-70
-59
-42
-30
-24
-35
-49
-74
-73
-101
-108
-149
-196
-222
-275
-288
-308
-322
-310
-314
-313
-315
-259
-207
-166
-127
-126
-87
-56
-31
9
28
67
96
141
147
152
188
164
125
103
90
76
76
85
85
58
46
44
23
21
16
1
23
13
-29
-44
-54
-71
-70
-56
-54
-30
-48
-27
-14
-10
21
60
83
103
107
156
195
197
210
210
230
228
225
204
224
175
168
167
181
172
169
169
162
168
151
137
106
72
31
23
-18
-36
-40
-61
-74
-96
-92
-120
-121
-116
-67
-86
-36
-94
-81
-96
-129
-127
-246
-190
-278
-255
-316
-309
-252
-237
-210
-188
-167
-85
4
89
120
153
166
198
230
256
237
279
245
224
218
214
226
196
180
135
173
113
63
-28
-77
-154
-252
-301
-365
-427
-486
-532
-577
-619
-629
-657
-615
-603
-601
-576
-554
-572
-574
-543
-488
-396
-298
-183
-119
-18
19
100
174
271
396
470
551
636
723
809
888
976
1041
1088
1144
1142
1180
1213
1188
1184
1143
1118
1091
1002
931
820
710
600
438
288
140
-26
-181
-345
-508
-654
-830
-960
-1070
-1196
-1311
-1439
-1488
-1597
-1672
-1728
-1730
-1730
-1707
-1690
-1618
-1545
-1492
-1395
-1292
-1177
-1027
-871
-690
-509
-289
-54
161
399
600
806
957
1123
1292
1464
1598
1704
1766
1825
1860
1850
1822
1780
1677
1575
1481
1322
1196
1048
881
717
561
418
320
193
91
-4
-95
-197
-257
-326
-400
-433
-499
-538
-558
-641
-670
-744
-774
-768
-809
-739
-757
-675
-643
-596
-544
-483
-438
-414
-388
-340
-313
-299
-285
-316
-338
-379
-429
-498
-577
-585
-642
-688
-674
-691
-625
-604
-534
-478
-416
-363
-317
-262
-215
-201
-138
-84
-38
19
83
142
183
276
370
431
525
560
651
728
820
886
984
1056
1079
1124
1105
1112
1087
1078
1038
1002
973
955
932
904
871
788
757
703
638
571
477
382
281
176
67
-33
-164
-277
-479
-552
-736
-867
-966
-1130
-1267
-1421
-1496
-1611
-1754
-1802
-1915
-1906
-1947
-1963
-1893
-1814
-1687
-1587
-1427
-1259
-1027
-814
-599
-409
-142
94
304
527
742
966
1135
1332
1503
1633
1755
1839
1944
1966
1975
1963
1922
1873
1842
1716
1637
1550
1418
1305
1193
1105
954
806
644
456
338
140
17
-209
-361
-521
-694
-810
-981
-1067
-1148
-1196
-1232
-1232
-1272
-1208
-1185
-1100
-1029
-978
-845
-788
-682
-593
-566
-499
-496
-481
-492
-491
-527
-595
-638
-719
-794
-895
-997
-1073
-1152
-1213
-1216
-1239
-1228
-1189
-1078
-966
-814
-624
-443
-219
-11
160
359
568
763
957
1142
1354
1527
1678
1806
1938
2061
2119
2180
2175
2144
2116
2055
1960
1866
1787
1670
1546
1423
1325
1215
1074
945
761
583
477
376
234
101
-11
-148
-322
-470
-598
-728
-835
-964
-1039
-1164
-1219
-1315
-1405
-1430
-1514
-1548
-1606
-1620
-1615
-1649
-1660
-1712
-1798
-1870
-2021
-2065
-2182
-2295
-2337
-2450
-2409
-2441
-2405
-2310
-2161
-1946
-1760
-1474
-1102
-736
-344
19
430
811
1178
1536
1829
2085
2375
2584
2792
2934
2987
3043
3048
3057
2968
2905
2866
2808
2747
2647
2510
2380
2232
2061
1866
1657
1479
1285
1076
910
673
492
284
47
-170
-365
-557
-781
-961
-1106
-1209
-1325
-1432
-1518
-1549
-1613
-1655
-1737
-1780
-1797
-1805
-1820
-1780
-1763
-1743
-1642
-1543
-1418
-1389
-1303
-1274
-1293
-1302
-1379
-1397
-1460
-1538
-1582
-1723
-1732
-1809
-1831
-1881
-1853
-1812
-1744
-1627
-1471
-1217
-950
-637
-345
-36
297
673
1035
1398
1732
2027
2343
2582
2821
3027
3159
3292
3367
3438
3420
3365
3320
3256
3068
2955
2845
2677
2506
2314
2143
1921
1774
1550
1295
1054
804
619
337
94
-167
-400
-644
-887
-1132
-1393
-1575
-1819
-1942
-2126
-2168
-2293
-2403
-2476
-2482
-2420
-2418
-2364
-2390
-2337
-2327
-2297
-2253
-2229
-2207
-2194
-2073
-2204
-2195
-2322
-2297
-2290
-2496
-2361
-2481
-2204
-2228
-2237
-2060
-1903
-1571
-1433
-1221
-906
-534
-143
232
539
912
1349
1744
2138
2419
2864
3215
3503
3764
3888
4127
4274
4345
4242
4156
4015
3890
3683
3372
3139
2950
2775
2509
2251
1961
1706
1479
1190
955
606
363
101
-139
-425
-732
-913
-1192
-1413
-1705
-1925
-2164
-2320
-2460
-2583
-2608
-2594
-2522
-2476
-2361
-2263
-2104
-1970
-1830
-1609
-1417
-1221
-1093
-990
-832
-796
-718
-683
-667
-665
-659
-728
-928
-1021
-1217
-1222
-1488
-1606
-1759
-1883
-1864
-2119
-2165
-2225
-2104
-1878
-1825
-1705
-1467
-1089
-730
-456
-195
218
654
1065
1417
1774
2260
2616
3017
3211
3384
3615
3795
3952
3923
3827
3808
3782
3646
3435
3178
2983
2792
2541
2226
1924
1719
1430
1123
860
523
314
-1
-327
-636
-952
-1184
-1428
-1703
-1912
-2124
-2352
-2468
-2612
-2677
-2644
-2526
-2387
-2284
-2142
-1907
-1708
-1545
-1412
-1238
-1067
-937
-771
-741
-642
-585
-527
-498
-472
-373
-447
-541
-647
-837
-755
-995
-1165
-1396
-1590
-1571
-1814
-1897
-1939
-1879
-1807
-1917
-1860
-1705
-1457
-1113
-906
-610
-251
213
647
1102
1541
2004
2421
2845
3111
3321
3589
3782
3843
3741
3636
3471
3319
3185
2906
2620
2370
2174
1930
1636
1322
1104
923
687
549
280
168
-66
-383
-584
-858
-1056
-1338
-1531
-1790
-1975
-2048
-2088
-2100
-2131
-2033
-1887
-1702
-1525
-1232
-945
-612
-278
-41
163
323
573
682
742
724
660
642
466
322
197
44
-117
-300
-671
-929
-1203
-1370
-1580
-1949
-2126
-2442
-2541
-2903
-3150
-3181
-3223
-3146
-3272
-3216
-3003
-2632
-2200
-1864
-1470
-978
-358
195
733
1256
1903
2515
3009
3407
3625
3946
4109
4153
4023
3835
3742
3597
3419
3161
2897
2708
2523
2363
2107
1864
1707
1538
1262
1022
777
525
281
-55
-415
-814
-1155
-1534
-1878
-2202
-2393
-2514
-2623
-2610
-2584
-2464
-2209
-1911
-1637
-1286
-929
-572
-172
132
465
712
951
1094
1070
1172
1070
977
841
713
549
318
178
-40
-406
-660
-875
-1013
-1217
-1707
-1910
-2302
-2522
-2900
-3355
-3596
-3781
-3822
-4019
-4139
-3979
-3691
-3347
-2979
-2596
-2079
-1412
-754
-132
404
1054
1758
2319
2879
3201
3616
3878
4095
4139
4115
4203
4159
4038
3799
3591
3473
3401
3355
3213
2982
2939
2907
2678
2386
2015
1673
1340
872
417
-138
-587
-993
-1382
-1712
-1958
-2099
-2145
-2163
-2156
-2069
-1765
-1415
-1125
-798
-473
-81
234
442
563
618
621
637
530
454
255
96
-26
-194
-277
-450
-544
-662
-967
-1265
-1417
-1644
-1710
-2195
-2433
-2745
-3033
-3210
-3740
-3994
-4278
-4421
-4549
-4787
-4739
-4492
-4150
-3745
-3306
-2734
-1899
-1049
-193
539
1239
2055
2676
3295
3580
3842
4132
4252
4355
4157
4089
4053
3963
3883
3664
3517
3402
3336
3225
3040
2839
2796
2644
2369
2084
1677
1525
1148
704
270
-191
-482
-812
-1042
-1295
-1383
-1387
-1317
-1212
-970
-653
-281
113
351
663
931
1164
1267
1319
1327
1168
1025
791
579
330
-38
-217
-514
-710
-914
-1055
-1256
-1364
-1700
-2039
-2166
-2579
-2661
-3277
-3520
-3872
-4224
-4408
-4978
-5093
-5389
-5387
-5439
-5526
-5259
-4943
-4375
-3875
-3248
-2654
-1822
-966
-211
624
1291
2096
2670
3311
3677
4053
4386
4550
4820
4710
4775
4770
4739
4669
4543
4417
4288
4254
4112
3970
3706
3623
3383
3037
2742
2308
2089
1600
1198
764
295
3
-364
-595
-945
-1075
-1136
-1066
-1032
-954
-765
-501
-211
-85
164
276
445
505
457
440
298
353
129
-78
-305
-502
-688
-1004
-1203
-1557
-1699
-1894
-2028
-2461
-2613
-2941
-3052
-3287
-3723
-3778
-4290
-4355
-4793
-5146
-5300
-5489
-5462
-5696
-5692
-5506
-5051
-4515
-4007
-3348
-2636
-1698
-747
176
1016
1934
2782
3554
4287
4713
5223
5456
5739
5773
5665
5681
5545
5499
5265
5040
4874
4773
4655
4490
4250
4031
3861
3517
3300
2932
2601
2297
1743
1338
683
224
-289
-750
-1148
-1507
-1648
-1822
-1876
-1928
-1869
-1771
-1502
-1339
-1152
-905
-749
-468
-418
-313
-316
-315
-332
-521
-719
-1052
-1177
-1424
-1514
-1677
-1816
-1968
-2021
-2181
-2524
-2568
-2936
-2834
-3288
-3638
-3891
-4346
-4395
-4970
-5118
-5359
-5468
-5473
-5617
-5386
-5104
-4486
-3905
-3209
-2464
-1642
-631
284
1290
2089
2973
3677
4417
4989
5349
5809
5951
6203
6048
5987
5868
5663
5594
5307
5103
4766
4613
4437
4220
3915
3643
3435
3078
2855
2406
2075
1714
1245
817
219
-156
-677
-1097
-1569
-1984
-2201
-2327
-2317
-2435
-2356
-2214
-1959
-1767
-1485
-1208
-1011
-668
-560
-395
-432
-345
-394
-551
-700
-999
-1087
-1391
-1522
-1822
-1994
-2262
-2375
-2731
-2975
-3075
-3477
-3323
-3902
-3982
-4233
-4498
-4570
-5017
-4925
-5190
-5055
-5028
-5022
-4752
-4463
-3808
-3321
-2500
-1705
-795
183
1028
2019
2874
3804
4490
5267
5701
6096
6441
6501
6751
6520
6473
6193
5947
5730
5316
5067
4615
4392
4022
3694
3304
3018
2754
2294
2029
1477
1177
694
223
-328
-959
-1391
-1991
-2345
-2784
-2986
-3230
-3325
-3270
-3207
-2924
-2711
-2332
-1944
-1545
-1138
-702
-298
-62
268
407
500
455
262
90
-140
-296
-519
-670
-967
-1190
-1428
-1644
-1936
-2111
-2393
-2633
-2755
-3247
-3349
-3762
-4014
-4348
-4765
-4880
-5119
-5118
-5330
-5295
-5079
-4724
-4155
-3666
-2872
-2180
-1274
-262
676
1679
2572
3507
4299
5010
5522
6054
6265
6400
6486
6286
6256
5853
5644
5337
4897
4591
4092
3878
3598
3378
2978
2677
2482
2141
1885
1469
1120
651
183
-322
-875
-1362
-1881
-2311
-2769
-3044
-3279
-3326
-3319
-3303
-3100
-2874
-2378
-2017
-1554
-1152
-789
-376
-147
62
188
333
313
229
69
-105
-230
-482
-644
-900
-974
-1140
-1261
-1525
-1748
-1913
-2164
-2114
-2525
-2597
-2934
-3167
-3404
-3866
-3969
-4190
-4199
-4459
-4488
-4350
-4019
-3471
-3070
-2252
-1650
-772
158
1036
2037
2765
3661
4314
4919
5282
5581
5693
5700
5722
5489
5403
4973
4774
4463
4148
3781
3312
3136
2828
2680
2307
2124
1966
1720
1564
1161
816
382
-16
-477
-1039
-1459
-1942
-2320
-2750
-3001
-3202
-3238
-3217
-3157
-2878
-2587
-2097
-1729
-1271
-825
-362
59
404
671
685
767
742
636
420
176
-127
-434
-694
-989
-1140
-1396
-1610
-1945
-2041
-2297
-2389
-2594
-2853
-2910
-3331
-3392
-3765
-4045
-4207
-4342
-4405
-4556
-4450
-4278
-3754
-3379
-2875
-2131
-1510
-484
313
1243
2137
3039
3950
4506
5169
5510
5898
5998
6006
5866
5659
5411
4986
4756
4314
3960
3474
3068
2750
2474
2244
1954
1824
1516
1367
1093
823
627
236
-58
-507
-900
-1289
-1622
-2041
-2391
-2595
-2851
-2845
-2887
-2704
-2525
-2179
-1746
-1282
-766
-340
147
514
868
972
1123
1149
1045
915
677
446
49
-261
-716
-1131
-1493
-1827
-2163
-2386
-2568
-2831
-2830
-3204
-3194
-3490
-3700
-3794
-4157
-4173
-4399
-4488
-4737
-4853
-4729
-4400
-3908
-3487
-2740
-2119
-1286
-363
453
1536
2364
3266
3935
4602
5201
5565
5842
5829
5819
5569
5414
4983
4601
4283
3885
3560
3119
2843
2638
2521
2344
2205
2126
2036
1984
1820
1730
1533
1229
930
478
109
-344
-756
-1221
-1584
-1941
-2185
-2289
-2260
-2105
-1962
-1667
-1417
-957
-563
-204
153
500
740
792
874
833
696
453
136
-230
-681
-1050
-1518
-1997
-2365
-2720
-3096
-3241
-3509
-3557
-3735
-3969
-3881
-4084
-4008
-4263
-4481
-4501
-4613
-4705
-4860
-4787
-4651
-4270
-3978
-3586
-2998
-2403
-1504
-716
153
1098
1941
2879
3573
4305
4904
5430
5735
5849
5861
5720
5577
5226
4983
4672
4306
3937
3550
3313
3217
3093
2957
2879
2822
2756
2720
2652
2626
2368
2122
1789
1320
938
489
34
-492
-938
-1424
-1691
-1927
-2043
-2059
-2068
-1815
-1590
-1292
-1049
-683
-310
-106
80
185
252
23
-218
-543
-992
-1434
-1825
-2293
-2689
-3077
-3341
-3658
-3721
-3890
-3930
-3732
-4028
-3816
-3994
-3876
-3817
-4012
-3999
-4074
-4103
-4318
-4367
-4383
-4075
-3866
-3615
-2993
-2421
-1549
-702
199
1208
2049
3008
3729
4438
5024
5552
5868
5930
6033
5853
5731
5381
5058
4728
4369
4073
3712
3409
3230
3112
3013
2972
2968
2967
2976
2859
2755
2557
2338
1994
1454
1048
447
-119
-707
-1190
-1648
-2012
-2265
-2512
-2571
-2598
-2459
-2213
-1921
-1621
-1333
-935
-674
-411
-255
-123
-131
-306
-610
-976
-1306
-1779
-2149
-2558
-2909
-3213
-3510
-3762
-3757
-3985
-3822
-3939
-3925
-3735
-3855
-3681
-3914
-3996
-4095
-4083
-4256
-4324
-4335
-4238
-3929
-3779
-3216
-2687
-2016
-1086
-329
638
1613
2595
3493
4231
4901
5451
5891
6054
6232
6131
6040
5784
5410
5058
4725
4402
4000
3733
3492
3406
3227
3150
3083
3065
3026
2926
2815
2693
2494
2231
1847
1412
919
348
-257
-850
-1311
-1850
-2145
-2437
-2489
-2565
-2435
-2283
-2034
-1749
-1480
-1134
-887
-638
-538
-456
-504
-637
-844
-1093
-1445
-1768
-2106
-2462
-2758
-3019
-3190
-3521
-3520
-3728
-3712
-3608
-3863
-3601
-3678
-3587
-3702
-3906
-3920
-3957
-4003
-4161
-4138
-4102
-3786
-3602
-3293
-2707
-2262
-1462
-774
66
959
1819
2771
3517
4269
4840
5428
5713
5992
6070
5993
5893
5519
5258
4897
4608
4322
4000
3715
3551
3418
3228
3205
3134
3068
2961
2768
2668
2407
2166
1770
1249
873
322
-251
-869
-1358
-1855
-2181
-2541
-2774
-2793
-2830
-2591
-2387
-2035
-1614
-1192
-828
-496
-298
-175
-115
-167
-276
-565
-893
-1213
-1642
-1976
-2353
-2756
-3032
-3250
-3541
-3564
-3631
-3663
-3530
-3767
-3504
-3490
-3491
-3545
-3744
-3766
-3837
-3919
-4097
-4160
-4236
-4039
-3784
-3493
-2877
-2326
-1574
-743
46
1046
1960
2864
3619
4309
4897
5441
5769
5904
5926
5724
5606
5337
5045
4730
4319
3995
3668
3334
3184
3125
3017
2995
2949
2984
3095
3046
3042
2820
2532
2193
1736
1289
754
221
-297
-784
-1304
-1715
-2134
-2361
-2432
-2407
-2177
-2015
-1713
-1355
-1044
-685
-418
-243
-145
-177
-245
-480
-768
-1142
-1535
-1917
-2309
-2586
-2909
-3144
-3323
-3410
-3538
-3458
-3539
-3372
-3341
-3390
-3238
-3349
-3288
-3494
-3673
-3842
-4007
-4235
-4445
-4529
-4473
-4137
-3893
-3413
-2710
-1978
-953
-146
811
1755
2585
3449
4110
4764
5204
5630
5703
5789
5611
5480
5210
4794
4554
4181
3990
3681
3514
3284
3227
3158
3043
3065
3037
3108
3105
2998
2860
2566
2337
1921
1481
988
487
-6
-549
-857
-1290
-1600
-1854
-1968
-2042
-2053
-1947
-1729
-1449
-1211
-918
-743
-503
-463
-459
-466
-626
-831
-1093
-1423
-1776
-2163
-2436
-2632
-2879
-3028
-3089
-3161
-3305
-3204
-3341
-3159
-3179
-3274
-3151
-3359
-3390
-3624
-3803
-3961
-4140
-4262
-4337
-4379
-4213
-3769
-3421
-2895
-2160
-1541
-700
17
836
1763
2547
3341
3890
4474
4922
5224
5295
5334
5265
5116
4935
4579
4372
4043
3884
3631
3412
3294
3222
3186
3098
3183
3238
3230
3129
2997
2845
2576
2314
1916
1555
1115
661
286
-222
-618
-974
-1138
-1329
-1397
-1415
-1373
-1184
-963
-678
-529
-345
-220
-155
-127
-270
-395
-551
-899
-1270
-1695
-2077
-2493
-2777
-3108
-3273
-3345
-3354
-3215
-3291
-3209
-3132
-3221
-3078
-3212
-3291
-3318
-3561
-3691
-4022
-4292
-4455
-4537
-4683
-4696
-4648
-4343
-3889
-3491
-2738
-2020
-1302
-354
450
1319
2144
2852
3490
3968
4396
4737
5010
5082
5050
4832
4689
4462
4174
3972
3759
3755
3637
3543
3613
3678
3730
3810
3822
3883
3889
3763
3661
3393
3149
2904
2497
2074
1671
1210
806
405
70
-231
-470
-643
-688
-734
-781
-716
-706
-631
-713
-706
-771
-824
-973
-1220
-1498
-1818
-2105
-2504
-2807
-3207
-3514
-3730
-3885
-3936
-3977
-3890
-3751
-3663
-3689
-3494
-3520
-3453
-3369
-3696
-3647
-3975
-4095
-4211
-4508
-4528
-4535
-4468
-4455
-4286
-4006
-3428
-2896
-2248
-1389
-797
85
869
1614
2439
3073
3698
4055
4434
4700
4959
5052
5054
5027
4913
4944
4743
4713
4610
4548
4568
4481
4585
4554
4635
4605
4559
4495
4422
4354
4131
3947
3538
3251
2826
2344
1915
1352
922
448
112
-231
-506
-809
-1013
-1150
-1331
-1330
-1443
-1512
-1668
-1831
-1945
-2160
-2335
-2639
-2908
-3255
-3568
-3855
-4147
-4334
-4550
-4562
-4520
-4417
-4244
-4060
-3873
-3721
-3461
-3479
-3219
-3209
-3175
-3050
-3261
-3147
-3343
-3388
-3482
-3703
-3736
-3659
-3533
-3391
-3124
-2774
-2126
-1581
-1045
-304
178
848
1476
2019
2700
3228
3782
4198
4454
4624
4936
5034
5053
5074
5064
5149
5001
4932
4908
4821
4807
4748
4684
4741
4690
4626
4518
4275
4116
3987
3740
3423
3019
2698
2319
1789
1363
927
525
127
-283
-670
-1028
-1382
-1665
-1857
-2060
-2218
-2359
-2517
-2754
-3011
-3207
-3370
-3605
-3848
-4056
-4199
-4289
-4323
-4328
-4362
-4341
-4203
-3990
-3793
-3545
-3319
-3050
-2811
-2551
-2358
-2316
-2100
-2149
-1964
-1996
-2169
-2042
-2189
-2120
-2264
-2324
-2174
-2088
-2030
-1947
-1740
-1536
-1106
-877
-451
40
387
953
1336
1796
2252
2646
3128
3437
3748
4069
4342
4475
4731
4812
4959
5019
4927
4967
4818
4795
4749
4664
4539
4444
4319
4165
3876
3607
3473
3214
2985
2750
2415
2150
1722
1322
950
513
88
-436
-865
-1288
-1668
-2079
-2333
-2667
-2911
-3108
-3340
-3458
-3584
-3606
-3657
-3623
-3648
-3597
-3627
-3592
-3541
-3481
-3353
-3310
-3173
-3078
-2970
-2881
-2690
-2459
-2248
-1994
-1800
-1515
-1272
-1264
-1028
-1085
-979
-985
-1131
-1082
-1349
-1434
-1691
-1937
-2135
-2186
-2305
-2412
-2397
-2291
-1888
-1645
-1256
-714
-308
288
842
1409
2008
2588
3205
3645
4044
4404
4707
4799
4949
4904
4856
4848
4682
4620
4414
4302
4198
4008
3944
3933
3832
3689
3674
3602
3556
3407
3230
3032
2707
2454
2026
1505
982
490
-22
-577
-1135
-1680
-2179
-2639
-2946
-3245
-3509
-3679
-3781
-3719
-3729
-3696
-3610
-3462
-3347
-3196
-3006
-2874
-2799
-2786
-2694
-2663
-2548
-2426
-2274
-2083
-1890
-1683
-1452
-1208
-992
-765
-580
-459
-493
-484
-631
-777
-1021
-1479
-1774
-2219
-2593
-2946
-3342
-3527
-3670
-3709
-3712
-3546
-3276
-2757
-2284
-1781
-1015
-399
355
1064
1789
2570
3152
3718
4132
4439
4687
4959
5059
5155
5218
5228
5276
5144
5124
5076
5011
5007
4921
4866
4840
4760
4685
4500
4258
4008
3615
3160
2632
2038
1494
886
211
-428
-1041
-1573
-2049
-2487
-2830
-3098
-3343
-3405
-3417
-3416
-3283
-3241
-3048
-2940
-2922
-2881
-2830
-2817
-2840
-2862
-2869
-2876
-2932
-2804
-2807
-2703
-2584
-2473
-2262
-2110
-1972
-1742
-1594
-1425
-1300
-1297
-1332
-1425
-1609
-1748
-1989
-2316
-2423
-2796
-2987
-3209
-3350
-3258
-3329
-3210
-2943
-2609
-2237
-1802
-1370
-747
-59
583
1299
1883
2504
3075
3580
4096
4468
4891
5202
5394
5496
5607
5648
5637
5562
5448
5400
5219
5151
5069
4961
4819
4571
4328
4200
3923
3616
3333
2912
2488
2034
1603
1120
574
22
-471
-1005
-1446
-1845
-2225
-2542
-2832
-3112
-3261
-3439
-3558
-3663
-3802
-3853
-3937
-3933
-3898
-3849
-3839
-3725
-3729
-3710
-3663
-3643
-3508
-3381
-3143
-2960
-2801
-2674
-2431
-2241
-2090
-1925
-1799
-1613
-1477
-1350
-1262
-1218
-1221
-1226
-1230
-1289
-1198
-1220
-1141
-1085
-1097
-880
-815
-600
-413
-173
115
413
731
983
1332
1620
2065
2402
2724
3070
3354
3660
3850
4049
4283
4465
4497
4554
4579
4564
4571
4513
4452
4276
4124
3944
3712
3537
3349
3140
2936
2675
2336
2096
1742
1482
1142
766
471
55
-268
-617
-953
-1285
-1614
-1933
-2278
-2572
-2854
-3099
-3290
-3401
-3506
-3602
-3648
-3762
-3785
-3810
-3867
-3828
-3812
-3774
-3751
-3702
-3647
-3502
-3374
-3188
-2979
-2819
-2602
-2409
-2146
-1907
-1646
-1403
-1192
-1014
-704
-419
-184
83
306
556
673
854
1027
1231
1355
1479
1567
1626
1647
1649
1706
1702
1677
1580
1505
1457
1389
1288
1215
1136
1037
993
967
951
945
980
1100
1186
1284
1481
1719
1930
2166
2363
2564
2797
2916
3002
3043
3029
2993
2956
2870
2707
2553
2307
2085
1807
1511
1252
940
667
390
83
-197
-441
-732
-1020
-1318
-1597
-1815
-2079
-2298
-2501
-2783
-3033
-3280
-3537
-3762
-3996
-4162
-4241
-4277
-4228
-4230
-4156
-3934
-3717
-3468
-3157
-2788
-2369
-1952
-1496
-1010
-595
-184
228
569
878
1152
1365
1550
1729
1865
1971
2069
2193
2248
2307
2399
2443
2495
2471
2449
2365
2244
2011
1813
1477
1086
732
230
-227
-743
-1185
-1608
-1980
-2238
-2481
-2614
-2624
-2509
-2311
-2002
-1619
-1212
-656
-121
464
1109
1633
2147
2633
2957
3134
3310
3356
3351
3261
3171
3081
2860
2675
2426
2204
1929
1668
1497
1349
1156
999
843
625
381
78
-189
-548
-913
-1310
-1676
-2077
-2495
-2942
-3340
-3601
-3887
-4022
-4111
-4154
-4104
-4019
-3879
-3691
-3387
-3036
-2585
-2104
-1612
-1122
-702
-166
333
757
1138
1460
1768
1999
2165
2302
2482
2614
2674
2672
2634
2605
2518
2437
2274
2112
1905
1691
1486
1185
841
449
98
-312
-711
-1082
-1445
-1747
-2099
-2347
-2581
-2792
-2879
-2947
-2898
-2785
-2588
-2380
-2141
-1832
-1417
-919
-492
15
478
996
1456
1836
2304
2652
3018
3316
3529
3649
3693
3644
3602
3435
3191
2968
2604
2248
1842
1413
1018
567
138
-263
-631
-904
-1177
-1444
-1551
-1752
-1948
-2034
-2183
-2200
-2254
-2320
-2312
-2317
-2273
-2254
-2263
-2171
-2007
-1881
-1720
-1536
-1272
-878
-490
-52
302
678
1052
1327
1596
1847
2037
2133
2177
2098
2016
1856
1675
1439
1118
871
609
309
58
-270
-521
-722
-867
-955
-1010
-997
-1046
-1053
-1031
-996
-1026
-1023
-1035
-1057
-1170
-1237
-1384
-1477
-1471
-1501
-1450
-1422
-1275
-1127
-977
-819
-618
-404
-211
41
242
479
652
771
934
987
1145
1276
1328
1339
1272
1181
1085
952
871
853
730
736
694
652
629
605
658
672
696
786
928
982
1028
1007
1049
1033
1028
1059
1027
1014
963
915
879
855
829
819
747
650
596
573
474
359
209
100
-73
-259
-448
-639
-763
-907
-997
-1114
-1199
-1327
-1350
-1375
-1405
-1403
-1411
-1410
-1421
-1338
-1266
-1194
-1107
-1118
-1096
-1068
-1065
-1047
-990
-875
-800
-645
-481
-312
-161
38
176
315
405
435
493
465
435
348
257
67
-120
-319
-565
-766
-1002
-1199
-1453
-1668
-1847
-1967
-1989
-2070
-2052
-1933
-1688
-1472
-1153
-815
-509
-116
218
642
1001
1375
1746
2080
2393
2669
2877
3115
3335
3497
3659
3775
3832
3887
3931
3985
3944
3854
3783
3593
3328
3044
2685
2295
1854
1369
907
394
-75
-540
-1014
-1425
-1881
-2288
-2629
-2927
-3138
-3357
-3532
-3640
-3662
-3664
-3660
-3581
-3420
-3223
-3044
-2796
-2535
-2270
-1992
-1670
-1372
-1059
-788
-501
-193
60
287
522
738
842
908
928
914
894
861
809
744
675
559
415
223
24
-144
-253
-348
-452
-619
-740
-876
-1016
-1134
-1225
-1280
-1359
-1346
-1316
-1256
-1208
-1164
-1136
-1105
-1008
-846
-607
-316
-33
290
634
995
1386
1821
2235
2640
3052
3442
3795
4051
4301
4417
4500
4502
4383
4181
3902
3604
3268
2897
2456
2064
1651
1264
918
584
323
68
-168
-424
-631
-913
-1149
-1412
-1682
-1865
-2110
-2276
-2512
-2720
-2846
-3007
-3143
-3174
-3168
-3117
-3033
-2971
-2865
-2709
-2535
-2349
-2141
-1868
-1602
-1402
-1202
-1019
-872
-743
-666
-595
-530
-512
-453
-413
-384
-343
-267
-184
-109
-51
9
114
142
221
337
408
480
495
515
481
492
511
501
532
591
665
748
861
918
1022
1085
1161
1236
1333
1353
1319
1324
1248
1180
1068
954
816
601
413
269
148
35
4
40
70
123
244
427
577
704
866
1003
1094
1215
1295
1319
1330
1337
1304
1235
1131
1036
942
822
751
697
579
478
449
390
331
217
124
17
-158
-374
-587
-815
-1098
-1400
-1702
-1986
-2296
-2627
-2854
-3085
-3276
-3453
-3560
-3539
-3533
-3434
-3247
-3015
-2738
-2383
-2037
-1670
-1329
-949
-521
-172
178
525
807
1031
1268
1516
1792
1990
2136
2288
2377
2475
2596
2732
2840
2864
2904
2953
2940
2855
2716
2558
2330
2053
1785
1445
1071
693
304
-54
-374
-679
-945
-1180
-1416
-1652
-1789
-1898
-1995
-2109
-2177
-2212
-2253
-2231
-2192
-2134
-2083
-2022
-1885
-1782
-1625
-1419
-1153
-769
-358
96
506
950
1317
1668
2020
2264
2402
2514
2546
2504
2425
2234
2015
1654
1311
985
608
286
-69
-391
-674
-899
-1067
-1212
-1333
-1406
-1435
-1487
-1470
-1435
-1457
-1472
-1513
-1543
-1537
-1536
-1500
-1445
-1354
-1251
-1037
-812
-572
-285
60
418
813
1225
1626
1973
2232
2485
2628
2786
2885
2877
2807
2678
2567
2399
2163
1875
1606
1297
1011
736
497
304
101
-104
-249
-418
-615
-779
-947
-1132
-1314
-1523
-1724
-1917
-2108
-2263
-2416
-2547
-2625
-2669
-2688
-2610
-2509
-2422
-2333
-2156
-1994
-1770
-1490
-1263
-1038
-849
-655
-517
-425
-348
-261
-170
-78
-2
105
209
293
420
607
814
1000
1209
1397
1578
1700
1837
1977
2098
2213
2315
2368
2399
2392
2333
2245
2147
2013
1904
1775
1587
1389
1198
1029
822
683
550
412
248
104
3
-77
-109
-140
-171
-262
-393
-496
-562
-634
-727
-795
-864
-905
-967
-998
-999
-958
-943
-852
-761
-698
-608
-551
-453
-417
-394
-414
-416
-406
-445
-471
-549
-618
-690
-778
-822
-898
-951
-1000
-1040
-1047
-1034
-990
-980
-1041
-1132
-1192
-1262
-1328
-1395
-1481
-1579
-1643
-1681
-1677
-1612
-1514
-1403
-1252
-1089
-933
-722
-495
-284
-18
244
505
795
1075
1330
1510
1733
1957
2165
2404
2604
2810
3004
3164
3341
3492
3610
3699
3733
3726
3704
3599
3487
3281
3032
2762
2435
2110
1793
1448
1054
671
279
-102
-539
-887
-1215
-1553
-1814
-2043
-2259
-2397
-2517
-2633
-2681
-2695
-2642
-2595
-2551
-2495
-2408
-2281
-2163
-2014
-1851
-1723
-1606
-1502
-1425
-1305
-1193
-1072
-954
-830
-706
-609
-487
-413
-368
-368
-384
-367
-413
-455
-449
-478
-546
-589
-637
-787
-863
-904
-959
-965
-975
-993
-1017
-996
-961
-884
-749
-637
-493
-309
-118
52
214
407
586
850
1088
1364
1638
1850
2030
2189
2372
2493
2668
2807
2926
3045
3118
3208
3254
3338
3362
3413
3435
3381
3345
3257
3140
3037
2897
2718
2483
2248
1957
1651
1324
955
581
196
-205
-594
-970
-1332
-1655
-1977
-2237
-2517
-2730
-2915
-3103
-3229
-3384
-3453
-3513
-3588
-3601
-3585
-3536
-3493
-3404
-3326
-3217
-3146
-3076
-2933
-2803
-2664
-2504
-2301
-2061
-1842
-1598
-1332
-1137
-931
-728
-531
-343
-141
80
279
423
602
749
826
915
991
1066
1135
1140
1101
1129
1153
1180
1201
1254
1265
1267
1297
1322
1349
1357
1403
1445
1465
1476
1504
1500
1538
1584
1632
1651
1698
1761
1845
1919
2021
2092
2172
2264
2318
2405
2432
2459
2428
2344
2280
2209
2107
2026
1922
1786
1627
1425
1181
936
681
400
147
-88
-379
-653
-922
-1225
-1543
-1847
-2174
-2468
-2727
-3021
-3303
-3511
-3694
-3919
-4096
-4190
-4239
-4276
-4319
-4340
-4341
-4280
-4187
-4072
-3881
-3611
-3375
-3089
-2734
-2394
-2013
-1615
-1178
-815
-443
-74
238
553
819
1058
1283
1529
1753
1933
2074
2182
2312
2417
2497
2577
2657
2689
2689
2698
2691
2630
2531
2458
2325
2173
2028
1898
1781
1594
1437
1307
1183
1094
1061
1051
1106
1096
1125
1155
1248
1389
1497
1619
1662
1712
1710
1758
1761
1760
1739
1635
1524
1427
1375
1248
1041
864
662
492
272
51
-163
-425
-624
-850
-1099
-1367
-1662
-1995
-2287
-2596
-2885
-3188
-3442
-3684
-3934
-4095
-4238
-4381
-4491
-4525
-4522
-4505
-4398
-4243
-4051
-3805
-3492
-3163
-2885
-2570
-2200
-1836
-1496
-1096
-724
-376
-65
226
580
897
1214
1474
1696
1937
2168
2355
2530
2708
2851
3020
3151
3256
3305
3361
3412
3372
3381
3353
3293
3227
3138
3010
2806
2614
2400
2188
1978
1823
1694
1529
1423
1336
1239
1127
1014
896
800
687
609
549
492
418
296
186
47
-69
-195
-305
-440
-600
-707
-826
-933
-1050
-1152
-1229
-1359
-1481
-1630
-1763
-1901
-2010
-2147
-2292
-2411
-2538
-2660
-2754
-2799
-2864
-2911
-2924
-2887
-2865
-2808
-2715
-2591
-2445
-2261
-2075
-1882
-1714
-1546
-1356
-1207
-1063
-898
-750
-581
-433
-315
-180
-99
7
148
316
510
710
886
1095
1309
1548
1755
1965
2156
2313
2423
2540
2658
2729
2840
2943
3015
3091
3138
3162
3209
3186
3157
3122
3084
3026
2943
2830
2713
2602
2489
2337
2155
1947
1726
1530
1306
1065
814
531
219
-81
-362
-677
-987
-1272
-1579
-1845
-2158
-2412
-2632
-2864
-3004
-3136
-3197
-3290
-3365
-3419
-3444
-3403
-3353
-3318
-3257
-3156
-3041
-2927
-2799
-2642
-2518
-2315
-2113
-1929
-1745
-1556
-1367
-1161
-898
-669
-435
-234
-38
124
273
415
542
687
803
899
958
1016
1031
1048
1069
1074
1051
1027
998
951
904
867
830
821
863
925
1018
1112
1209
1268
1379
1501
1679
1839
2015
2181
2291
2410
2472
2552
2643
2713
2767
2786
2766
2762
2692
2600
2483
2355
2202
2003
1803
1605
1371
1128
844
535
239
-96
-422
-741
-1080
-1422
-1800
-2173
-2511
-2858
-3164
-3396
-3626
-3797
-3948
-4058
-4155
-4171
-4105
-4005
-3874
-3684
-3479
-3276
-3051
-2824
-2615
-2369
-2096
-1868
-1567
-1265
-991
-704
-482
-258
-17
201
402
609
848
1124
1354
1527
1689
1798
1883
1923
1932
1952
1942
1929
1917
1818
1743
1656
1566
1484
1474
1483
1441
1425
1404
1436
1396
1366
1409
1440
1486
1529
1557
1571
1576
1589
1584
1546
1475
1406
1334
1249
1187
1120
1023
941
835
688
555
467
398
276
173
85
-25
-159
-300
-424
-521
-661
-810
-972
-1160
-1356
-1525
-1713
-1901
-2066
-2235
-2333
-2420
-2494
-2562
-2610
-2668
-2715
-2731
-2716
-2684
-2627
-2557
-2424
-2279
-2158
-2017
-1868
-1700
-1550
-1373
-1211
-1033
-858
-678
-523
-363
-207
-35
177
355
542
742
912
1063
1215
1346
1437
1597
1713
1861
2009
2111
2220
2327
2403
2433
2454
2417
2374
2320
2285
2236
2202
2120
2063
2026
1946
1887
1795
1722
1632
1505
1354
1218
1023
863
711
577
476
348
241
73
-127
-288
-404
-555
-716
-837
-966
-1082
-1194
-1301
-1399
-1486
-1511
-1515
-1535
-1532
-1534
-1570
-1612
-1612
-1623
-1649
-1666
-1660
-1681
-1681
-1664
-1647
-1618
-1610
-1579
-1511
-1458
-1380
-1285
-1218
-1121
-1034
-949
-859
-794
-720
-686
-638
-541
-446
-352
-257
-195
-122
-21
31
125
238
373
509
670
802
952
1113
1287
1442
1580
1726
1832
1964
2063
2140
2176
2242
2260
2292
2327
2307
2322
2290
2279
2211
2099
1996
1877
1750
1609
1455
1295
1147
987
786
647
402
171
-12
-260
-498
-733
-916
-1084
-1228
-1380
-1521
-1639
-1734
-1794
-1821
-1818
-1851
-1872
-1840
-1852
-1821
-1790
-1749
-1688
-1668
-1649
-1623
-1630
-1626
-1607
-1584
-1564
-1506
-1424
-1371
-1274
-1194
-1103
-981
-853
-714
-587
-450
-341
-246
-128
3
75
116
199
203
243
290
323
357
429
530
625
727
826
970
1104
1223
1333
1443
1574
1675
1760
1846
1877
1900
1876
1844
1809
1737
1665
1574
1522
1438
1385
1318
1264
1187
1121
1095
1070
1055
1033
1011
915
852
701
576
476
359
193
6
-133
-328
-470
-609
-769
-921
-1064
-1206
-1318
-1427
-1488
-1563
-1642
-1705
-1772
-1758
-1748
-1740
-1747
-1770
-1775
-1808
-1818
-1772
-1713
-1660
-1606
-1503
-1419
-1369
-1313
-1233
-1155
-1072
-995
-863
-733
-604
-504
-375
-246
-112
53
198
307
430
516
638
795
945
1086
1177
1245
1327
1395
1448
1511
1568
1625
1630
1620
1595
1568
1534
1488
1444
1409
1347
1286
1170
1054
930
863
805
732
701
611
543
465
379
312
258
247
221
174
161
129
105
72
33
-10
-89
-126
-160
-219
-273
-346
-390
-480
-536
-585
-668
-728
-806
-853
-927
-973
-1017
-1087
-1112
-1133
-1130
-1147
-1163
-1163
-1155
-1174
-1183
-1169
-1200
-1213
-1219
-1189
-1154
-1117
-1088
-1071
-1068
-1061
-990
-914
-818
-737
-631
-489
-404
-294
-170
-57
77
238
389
550
693
850
1017
1184
1372
1486
1602
1732
1810
1889
1957
1976
1996
1953
1946
1949
1915
1865
1810
1706
1584
1446
1267
1116
955
793
589
408
267
126
-11
-191
-374
-515
-641
-767
-876
-944
-1005
-1077
-1133
-1148
-1130
-1136
-1137
-1116
-1118
-1087
-1064
-1031
-974
-916
-839
-800
-742
-707
-689
-620
-558
-505
-468
-441
-400
-346
-302
-276
-254
-226
-210
-193
-163
-135
-96
-50
-31
-10
-20
-51
-85
-95
-115
-140
-142
-130
-108
-110
-70
-46
-14
33
35
82
146
248
336
457
523
562
633
693
750
773
771
774
812
826
867
873
861
846
819
797
805
789
744
729
714
711
687
662
664
608
504
419
340
260
144
-9
-156
-318
-419
-518
-588
-679
-770
-844
-952
-991
-1031
-1069
-1092
-1155
-1182
-1173
-1148
-1097
-1051
-992
-921
-881
-818
-776
-724
-643
-542
-443
-351
-253
-181
-92
16
120
208
277
304
374
454
528
562
588
619
658
681
696
712
716
692
643
593
546
494
445
389
330
306
281
237
192
150
165
171
177
211
232
254
236
225
225
219
176
144
104
88
71
57
24
-24
-36
-52
-58
-59
-64
-91
-53
-18
-4
-26
-8
14
12
25
-16
-35
-55
-61
-132
-199
-258
-328
-363
-388
-461
-507
-535
-596
-669
-727
-791
-864
-867
-896
-922
-881
-839
-828
-804
-780
-743
-705
-643
-562
-482
-364
-258
-170
-61
85
239
398
483
567
651
759
856
921
1000
1031
1090
1125
1162
1182
1171
1202
1189
1207
1219
1169
1150
1098
1024
969
898
820
781
684
566
435
291
178
52
-83
-193
-320
-408
-467
-543
-578
-613
-654
-703
-732
-742
-761
-789
-811
-794
-761
-749
-742
-732
-707
-683
-639
-646
-642
-623
-596
-593
-541
-488
-454
-433
-412
-391
-405
-386
-359
-304
-286
-257
-221
-198
-190
-191
-201
-193
-232
-223
-201
-179
-127
-109
-33
8
56
119
159
186
206
236
264
318
424
533
640
735
803
855
892
943
977
1005
1010
1023
1053
1083
1074
1003
914
859
789
721
706
631
519
421
314
188
94
0
-99
-175
-257
-344
-427
-493
-525
-589
-638
-675
-724
-709
-723
-720
-707
-648
-572
-518
-432
-386
-360
-347
-345
-340
-313
-295
-276
-290
-293
-321
-313
-330
-339
-321
-342
-331
-324
-337
-336
-302
-304
-325
-343
-341
-316
-303
-292
-295
-260
-265
-258
-226
-184
-119
-59
47
106
204
284
341
416
503
554
588
600
632
668
684
727
779
834
875
904
931
936
925
931
902
845
760
653
537
423
312
220
127
0
-120
-230
-344
-438
-505
-569
-608
-648
-694
-756
-775
-774
-746
-729
-731
-698
-650
-545
-434
-385
-317
-241
-161
-64
25
93
169
253
313
346
376
388
385
376
368
368
347
344
281
239
193
131
54
-23
-85
-207
-267
-361
-462
-526
-563
-632
-662
-680
-671
-663
-648
-597
-541
-454
-389
-355
-338
-294
-237
-182
-103
-12
50
107
205
288
381
470
540
618
706
806
865
896
974
1044
1075
1102
1069
1018
974
914
801
680
581
472
337
200
69
-77
-189
-290
-398
-475
-551
-604
-648
-672
-703
-709
-714
-724
-721
-660
-627
-593
-524
-457
-407
-384
-328
-308
-262
-196
-151
-80
-73
-77
-67
-64
-37
-34
-39
-33
-26
-27
-19
-21
-38
-61
-81
-82
-91
-57
-32
-46
-62
-70
-69
-72
-59
-24
27
29
33
41
62
35
29
39
67
107
140
199
267
337
389
414
447
492
487
512
557
557
572
565
579
579
562
555
546
541
530
513
474
487
482
464
421
407
364
250
141
63
30
-27
-72
-120
-160
-232
-332
-416
-507
-586
-682
-807
-893
-947
-951
-966
-982
-1015
-1004
-963
-914
-868
-858
-803
-751
-708
-654
-567
-515
-423
-357
-318
-233
-159
-154
-133
-83
8
109
188
245
339
418
474
558
610
650
666
698
689
699
717
707
705
681
632
594
539
521
522
496
446
414
377
320
284
236
203
168
108
47
-2
-57
-99
-143
-170
-213
-234
-287
-334
-366
-404
-426
-413
-358
-323
-243
-197
-167
-76
-68
-5
49
56
114
128
157
190
170
131
129
128
92
44
-20
-95
-151
-198
-221
-257
-316
-369
-436
-485
-525
-562
-594
-627
-608
-602
-590
-570
-541
-530
-510
-488
-429
-346
-300
-180
-101
10
134
267
390
477
571
666
732
844
945
1018
1071
1092
1134
1165
1193
1176
1139
1110
1036
962
871
771
683
584
486
379
288
188
73
-37
-154
-271
-369
-464
-563
-670
-756
-845
-928
-964
-990
-1042
-1085
-1095
-1097
-1105
-1117
-1081
-991
-934
-853
-769
-704
-635
-570
-504
-414
-347
-272
-240
-141
-37
38
90
119
136
137
156
159
192
219
259
273
297
299
287
288
283
224
205
172
146
151
175
179
143
164
188
222
270
343
382
440
492
541
623
672
736
764
821
880
904
931
945
929
901
903
909
867
874
869
783
715
630
524
434
338
252
118
-24
-146
-283
-416
-551
-657
-758
-882
-951
-988
-1044
-1098
-1124
-1166
-1197
-1216
-1242
-1223
-1204
-1171
-1114
-1052
-1008
-934
-857
-811
-757
-702
-653
-595
-564
-522
-471
-440
-402
-365
-341
-314
-272
-236
-161
-109
-84
-8
45
97
176
263
338
386
468
537
609
684
739
807
865
920
995
1073
1146
1176
1177
1188
1173
1183
1159
1157
1131
1100
1094
1046
1014
971
930
872
790
726
658
625
558
464
396
313
196
66
-38
-133
-228
-346
-428
-485
-556
-657
-757
-834
-859
-880
-912
-927
-950
-957
-956
-953
-949
-913
-864
-851
-834
-769
-781
-769
-724
-716
-659
-618
-596
-582
-575
-576
-552
-513
-477
-467
-465
-457
-437
-398
-353
-307
-285
-267
-262
-262
-251
-242
-234
-206
-162
-154
-139
-109
-50
2
42
120
194
278
387
482
558
634
741
851
945
1055
1113
1155
1202
1202
1203
1219
1249
1224
1180
1190
1179
1184
1159
1136
1096
1035
1009
921
863
804
701
588
476
330
180
47
-66
-205
-294
-324
-351
-382
-435
-491
-567
-640
-700
-760
-815
-831
-853
-853
-864
-829
-818
-810
-834
-810
-810
-822
-812
-834
-816
-830
-852
-883
-889
-877
-866
-863
-859
-821
-764
-762
-736
-670
-601
-566
-536
-512
-474
-427
-412
-325
-254
-179
-127
-57
12
74
150
227
284
395
447
500
570
626
731
793
876
968
985
1013
1029
1050
1057
1056
1054
1053
1071
1104
1098
1084
1055
1026
1015
977
948
933
927
926
896
852
790
725
654
610
562
479
395
330
255
197
144
58
-45
-103
-184
-306
-409
-491
-522
-587
-665
-740
-824
-875
-914
-978
-1000
-1063
-1121
-1170
-1247
-1275
-1288
-1278
-1307
-1343
-1363
-1385
-1390
-1374
-1368
-1346
-1328
-1294
-1261
-1216
-1116
-1029
-948
-858
-786
-688
-558
-447
-340
-253
-160
-77
20
111
185
288
393
465
585
708
836
963
1051
1161
1235
1271
1326
1363
1382
1436
1503
1506
1529
1549
1565
1585
1598
1587
1576
1559
1512
1496
1460
1397
1337
1241
1107
1001
878
772
656
527
418
305
205
117
46
-46
-116
-203
-288
-392
-471
-562
-628
-709
-774
-858
-963
-1087
-1224
-1305
-1417
-1485
-1524
-1546
-1542
-1581
-1612
-1592
-1572
-1549
-1560
-1522
-1507
-1497
-1444
-1362
-1282
-1218
-1127
-1079
-1027
-968
-890
-818
-724
-629
-519
-411
-287
-193
-58
74
177
301
392
490
581
663
757
835
877
939
993
1075
1114
1151
1190
1229
1297
1350
1407
1446
1510
1512
1534
1527
1531
1521
1499
1483
1415
1338
1291
1231
1140
1046
965
895
777
677
588
507
418
332
250
175
74
-41
-122
-209
-313
-413
-540
-647
-708
-787
-856
-952
-1033
-1123
-1248
-1335
-1399
-1450
-1511
-1544
-1554
-1569
-1602
-1570
-1549
-1566
-1533
-1498
-1463
-1423
-1374
-1353
-1323
-1278
-1231
-1171
-1082
-1025
-950
-824
-688
-538
-372
-213
-63
107
259
413
543
689
809
903
1009
1091
1146
1220
1277
1336
1375
1431
1467
1481
1506
1486
1493
1439
1410
1394
1353
1330
1319
1333
1291
1265
1225
1135
1097
1050
1013
913
823
757
667
622
556
502
402
303
239
188
115
64
2
-103
-200
-333
-430
-544
-639
-733
-836
-947
-1030
-1060
-1081
-1103
-1172
-1240
-1313
-1372
-1416
-1430
-1444
-1425
-1413
-1398
-1350
-1334
-1290
-1237
-1243
-1177
-1102
-1091
-1091
-1101
-1059
-1034
-959
-829
-730
-640
-533
-491
-385
-265
-179
-50
74
191
320
442
562
692
794
834
891
958
993
1053
1084
1112
1152
1182
1203
1254
1308
1306
1298
1303
1294
1252
1234
1201
1155
1093
1021
934
846
751
683
678
663
589
466
392
323
263
215
189
180
109
15
-60
-106
-159
-224
-290
-333
-393
-421
-443
-441
-452
-532
-578
-642
-679
-705
-735
-762
-797
-826
-831
-831
-846
-848
-859
-844
-881
-908
-922
-943
-913
-897
-846
-819
-791
-719
-646
-617
-588
-554
-533
-487
-433
-358
-276
-182
-128
-50
13
66
138
243
333
417
504
565
636
714
770
790
791
796
783
787
797
790
770
748
764
792
787
756
732
730
727
743
760
774
793
760
748
731
731
744
710
665
605
509
432
348
305
284
176
54
-39
-125
-190
-272
-346
-426
-499
-547
-600
-629
-698
-765
-818
-877
-900
-988
-1018
-1019
-1018
-995
-1002
-1021
-998
-967
-957
-909
-888
-884
-871
-850
-834
-777
-762
-731
-678
-651
-619
-564
-510
-450
-392
-330
-247
-178
-115
-34
36
89
143
238
304
365
434
534
625
700
820
867
921
979
1009
1050
1119
1161
1195
1203
1151
1168
1123
1065
1040
1013
995
918
843
823
778
757
730
670
591
496
435
370
325
249
172
104
4
-83
-132
-172
-191
-213
-246
-289
-324
-342
-343
-359
-359
-337
-391
-434
-499
-561
-582
-617
-663
-711
-747
-810
-872
-915
-913
-899
-930
-934
-930
-954
-956
-946
-915
-869
-842
-796
-767
-742
-722
-692
-629
-564
-482
-387
-295
-232
-140
-36
61
142
216
254
304
352
416
465
522
574
631
640
650
711
750
809
821
844
880
889
885
904
925
927
924
938
938
899
889
888
880
854
820
761
700
659
576
501
392
321
220
144
84
17
-64
-109
-141
-220
-292
-367
-462
-508
-516
-531
-550
-569
-556
-569
-548
-585
-615
-600
-665
-734
-765
-828
-879
-923
-932
-948
-959
-956
-942
-924
-892
-825
-774
-735
-661
-606
-589
-552
-542
-485
-453
-368
-289
-213
-159
-93
-26
0
43
66
140
228
308
395
453
515
601
670
723
788
861
929
986
1009
1005
1012
1040
1051
1070
1044
1022
1043
1039
1011
996
936
908
880
856
836
813
740
667
586
527
461
348
272
154
83
0
-113
-208
-330
-440
-539
-621
-724
-817
-865
-927
-980
-1061
-1109
-1144
-1140
-1135
-1139
-1099
-1100
-1057
-1011
-966
-939
-914
-870
-823
-780
-708
-657
-598
-532
-482
-436
-424
-374
-286
-240
-179
-123
-55
4
53
90
108
156
205
257
311
380
473
543
576
626
676
669
678
699
690
689
682
730
749
774
767
777
797
805
774
724
706
641
618
614
630
611
590
559
543
526
487
418
366
318
263
218
199
142
85
4
-103
-183
-226
-282
-349
-398
-451
-532
-587
-608
-647
-722
-743
-753
-776
-810
-832
-855
-876
-859
-883
-893
-911
-914
-901
-904
-893
-884
-885
-825
-774
-711
-677
-607
-559
-540
-442
-372
-248
-135
-43
78
190
306
420
476
537
613
636
659
687
717
718
712
715
777
821
865
889
876
913
935
931
964
990
974
927
846
795
722
670
597
529
469
372
285
218
168
109
38
14
-45
-133
-169
-192
-239
-248
-186
-167
-198
-224
-221
-258
-280
-291
-325
-378
-401
-432
-453
-459
-448
-416
-442
-477
-492
-505
-494
-474
-453
-445
-496
-521
-509
-540
-526
-493
-465
-448
-471
-470
-490
-508
-514
-527
-513
-473
-475
-399
-373
-340
-288
-271
-212
-139
-80
-17
19
84
164
242
339
408
457
530
566
594
657
723
798
823
880
937
978
967
969
987
1010
1010
1007
1007
964
912
828
729
595
480
381
290
197
84
17
-44
-102
-138
-198
-264
-296
-345
-380
-399
-429
-406
-399
-448
-525
-583
-639
-711
-711
-740
-774
-830
-881
-860
-815
-783
-749
-709
-653
-583
-538
-512
-433
-394
-356
-302
-295
-273
-235
-193
-196
-173
-141
-155
-134
-124
-105
-72
-44
-33
-23
8
18
30
39
83
125
170
206
243
306
321
366
445
500
516
545
575
561
521
499
474
452
443
423
442
470
472
475
477
473
469
429
413
422
402
373
363
355
377
419
430
424
409
397
392
371
346
325
271
198
170
116
68
44
2
-43
-155
-217
-250
-302
-330
-357
-371
-398
-460
-522
-581
-615
-651
-693
-682
-708
-688
-689
-710
-764
-780
-783
-792
-695
-644
-604
-585
-567
-563
-552
-491
-393
-331
-295
-260
-219
-142
-115
-95
-56
19
73
109
147
168
179
238
309
319
339
379
386
445
487
488
492
474
452
444
484
492
538
572
608
619
625
639
667
673
643
658
583
535
493
397
386
315
208
152
70
8
-53
-124
-161
-197
-210
-233
-240
-232
-242
-238
-254
-238
-238
-240
-222
-197
-202
-220
-231
-267
-259
-260
-263
-286
-313
-373
-437
-501
-539
-617
-627
-608
-582
-585
-605
-575
-538
-462
-387
-329
-230
-167
-122
-88
-46
-26
26
72
63
105
141
192
249
323
355
389
422
433
453
458
475
509
499
507
509
507
519
480
448
399
363
347
339
341
337
315
299
274
253
257
249
265
274
296
302
281
243
192
147
66
-23
-73
-126
-159
-194
-238
-307
-361
-365
-390
-427
-459
-477
-517
-526
-516
-479
-442
-417
-396
-409
-403
-415
-360
-317
-287
-279
-265
-230
-177
-109
-49
14
58
84
72
130
156
156
177
192
223
257
254
270
244
182
125
67
15
-31
-26
-83
-136
-160
-211
-237
-275
-274
-235
-175
-135
-93
-54
-33
-17
-24
-16
-4
19
57
69
98
138
175
188
189
173
182
216
219
210
203
196
185
196
218
239
243
236
202
136
93
75
51
1
-34
-82
-116
-165
-228
-270
-338
-364
-395
-388
-349
-315
-258
-202
-132
-103
-97
-51
11
66
101
169
185
207
224
231
264
284
329
368
337
302
287
252
233
260
255
238
222
263
270
230
220
212
190
162
133
97
64
12
-44
-87
-124
-128
-147
-146
-150
-182
-202
-197
-214
-260
-265
-304
-338
-334
-332
-330
-333
-351
-349
-348
-335
-352
-353
-313
-281
-249
-209
-156
-101
-68
-34
-12
6
29
40
100
144
153
182
193
208
186
175
154
117
106
94
66
58
50
55
100
94
111
102
124
137
130
129
138
140
148
170
164
169
170
166
116
87
101
84
84
96
88
71
36
7
-18
-30
-73
-72
-107
-109
-131
-144
-161
-182
-144
-143
-138
-144
-120
-128
-113
-121
-103
-72
-35
13
58
92
105
124
169
194
165
165
165
142
137
153
139
139
109
63
28
-5
-33
-77
-82
-118
-139
-155
-181
-190
-231
-254
-288
-318
-365
-376
-365
-342
-297
-278
-232
-202
-180
-155
-112
-74
-64
-11
8
19
68
116
172
217
258
275
270
263
234
170
163
147
143
130
115
98
93
94
86
112
148
155
147
160
175
213
262
300
329
341
323
307
317
333
323
319
327
322
297
290
282
257
253
213
146
77
16
-26
-55
-95
-149
-205
-238
-253
-299
-332
-382
-482
-542
-584
-582
-554
-564
-521
-510
-506
-487
-481
-482
-451
-419
-384
-347
-308
-259
-252
-228
-222
-218
-207
-184
-140
-134
-143
-138
-162
-152
-139
-132
-129
-133
-99
-58
11
47
89
148
200
246
286
323
360
395
403
449
498
520
522
555
553
534
522
525
539
532
520
510
480
469
475
458
454
402
373
339
302
244
215
154
103
65
19
10
-2
16
-19
-29
-25
-63
-74
-83
-131
-138
-161
-178
-202
-219
-239
-291
-312
-355
-372
-419
-459
-504
-534
-574
-574
-566
-570
-545
-567
-534
-501
-455
-425
-365
-315
-278
-244
-220
-174
-198
-196
-211
-201
-194
-160
-128
-112
-107
-117
-149
-178
-188
-212
-197
-158
-137
-118
-81
-47
14
92
150
232
290
330
377
424
461
473
527
520
521
561
578
599
627
650
674
695
708
723
746
768
773
761
775
776
742
709
660
594
545
491
423
382
302
228
144
60
-16
-110
-219
-307
-368
-420
-492
-548
-617
-725
-790
-849
-898
-922
-909
-910
-911
-928
-930
-925
-894
-845
-800
-759
-751
-695
-657
-610
-564
-512
-478
-450
-406
-352
-311
-285
-258
-237
-213
-163
-131
-104
-16
60
97
128
166
206
241
287
336
401
486
554
596
621
622
638
684
722
774
807
877
908
920
941
954
997
995
1013
1014
999
970
931
878
845
788
726
660
591
504
388
285
190
52
-33
-117
-227
-317
-392
-450
-526
-553
-597
-655
-686
-712
-713
-721
-749
-772
-772
-792
-815
-839
-866
-863
-872
-905
-898
-899
-921
-904
-891
-910
-941
-905
-887
-852
-805
-739
-651
-559
-470
-409
-359
-301
-225
-164
-77
2
75
169
234
281
332
372
397
432
493
544
614
647
694
733
773
796
816
804
807
844
824
833
836
838
816
785
757
755
751
746
718
697
684
655
625
569
504
440
378
368
338
295
281
206
155
102
19
-47
-144
-206
-285
-370
-426
-463
-487
-528
-570
-640
-669
-695
-731
-726
-712
-682
-663
-655
-650
-648
-642
-594
-569
-535
-496
-470
-432
-462
-472
-459
-446
-436
-400
-361
-326
-283
-243
-210
-163
-119
-62
-18
8
39
40
24
-5
-11
-8
5
11
41
62
51
49
52
71
123
164
228
291
362
448
519
599
646
663
670
659
706
713
700
702
701
694
677
665
643
594
528
478
434
383
333
279
222
168
146
135
96
51
12
-16
-54
-102
-162
-215
-263
-324
-391
-442
-512
-578
-626
-644
-662
-640
-600
-569
-516
-492
-449
-446
-431
-433
-446
-441
-456
-485
-488
-479
-473
-419
-390
-365
-382
-357
-350
-342
-313
-256
-192
-111
-51
-2
20
36
106
118
144
199
228
228
234
262
274
265
273
284
278
263
279
304
317
376
418
482
524
506
548
559
540
531
474
431
408
379
340
311
284
286
281
276
283
302
328
325
304
298
302
271
251
219
184
186
176
157
127
98
57
-17
-76
-124
-182
-218
-261
-282
-301
-333
-365
-388
-383
-368
-347
-389
-402
-436
-464
-473
-501
-498
-507
-523
-526
-573
-570
-560
-563
-544
-531
-477
-425
-360
-317
-295
-276
-216
-161
-103
-70
-33
-10
5
34
40
74
96
84
101
109
117
119
128
157
164
185
228
279
327
388
441
483
510
545
562
568
575
557
508
449
408
406
395
384
377
369
334
283
250
212
176
132
116
49
8
-29
-41
-57
-91
-104
-147
-172
-217
-256
-304
-320
-317
-321
-334
-331
-312
-296
-298
-294
-274
-220
-188
-179
-153
-162
-164
-211
-236
-260
-295
-304
-362
-397
-425
-461
-502
-542
-554
-554
-510
-479
-462
-455
-426
-399
-346
-291
-224
-177
-100
-21
52
128
200
270
299
344
407
471
514
536
569
619
659
720
757
808
863
911
922
911
886
873
848
799
763
728
680
632
579
512
414
332
262
187
114
63
18
-31
-74
-110
-140
-149
-153
-185
-188
-191
-201
-234
-250
-282
-314
-334
-337
-344
-370
-417
-473
-516
-562
-581
-616
-625
-643
-692
-714
-715
-726
-715
-671
-641
-611
-582
-564
-583
-571
-559
-543
-553
-530
-487
-445
-409
-387
-323
-264
-238
-226
-175
-93
-11
41
113
158
203
263
285
304
327
373
400
397
387
435
475
513
569
600
644
696
700
728
785
807
836
840
798
784
752
691
647
613
578
512
457
404
364
329
245
190
174
142
112
104
72
30
3
-28
-82
-115
-161
-221
-276
-307
-321
-324
-367
-403
-457
-536
-571
-636
-663
-689
-711
-704
-675
-656
-597
-554
-513
-496
-488
-465
-479
-493
-458
-427
-391
-341
-323
-291
-275
-248
-223
-181
-160
-125
-91
-70
-40
-1
65
128
173
213
245
254
249
266
292
320
365
403
474
529
564
580
634
645
663
681
654
649
651
601
569
541
515
496
475
453
426
404
362
337
289
256
213
176
168
133
83
67
40
-30
-69
-120
-194
-257
-314
-351
-394
-437
-441
-460
-480
-515
-534
-535
-534
-532
-538
-546
-548
-562
-551
-531
-510
-484
-457
-469
-477
-466
-477
-474
-432
-417
-407
-420
-411
-408
-387
-352
-324
-274
-208
-142
-75
-28
24
81
140
230
305
385
457
536
584
624
647
665
684
660
637
613
603
570
547
535
495
430
347
300
260
215
226
215
197
191
185
183
153
147
133
105
100
102
98
75
57
21
-13
-20
-18
-36
-79
-83
-126
-127
-134
-160
-141
-128
-100
-91
-118
-129
-136
-150
-152
-176
-209
-225
-273
-324
-368
-383
-371
-390
-375
-374
-361
-376
-396
-434
-423
-432
-440
-429
-417
-355
-319
-266
-254
-227
-175
-162
-108
-27
29
77
129
159
186
231
256
281
320
346
397
407
408
444
436
453
459
459
450
425
408
360
367
376
337
311
248
194
164
165
121
121
108
95
66
15
3
-21
-74
-127
-144
-180
-184
-196
-183
-168
-190
-177
-160
-152
-139
-147
-141
-115
-87
-53
-60
-57
-65
-78
-102
-116
-115
-129
-128
-159
-162
-184
-193
-184
-176
-124
-117
-94
-69
-40
-12
18
72
97
120
144
140
136
145
131
102
77
42
32
-8
-31
-37
-25
-30
-47
-63
-95
-115
-154
-145
-140
-129
-110
-97
-82
-74
-66
-86
-75
-52
-57
-63
-91
-57
-24
-21
27
25
42
69
83
97
146
205
249
327
375
381
404
407
391
383
379
381
361
335
320
300
254
228
169
118
68
17
-5
-26
-49
-54
-49
-66
-80
-67
-66
-47
-64
-87
-99
-110
-119
-130
-179
-210
-236
-235
-252
-257
-240
-245
-269
-289
-299
-305
-278
-277
-272
-275
-272
-259
-271
-294
-298
-333
-335
-329
-332
-331
-332
-331
-331
-325
-281
-256
-206
-170
-163
-127
-112
-65
-42
9
32
62
110
129
182
189
195
170
158
174
199
194
235
265
258
298
343
401
445
471
505
533
537
565
580
607
595
596
568
523
498
450
418
361
340
326
288
262
231
183
150
152
145
117
102
64
54
8
-76
-103
-133
-177
-193
-218
-260
-271
-313
-333
-376
-423
-422
-433
-445
-458
-508
-539
-550
-575
-584
-599
-586
-549
-531
-505
-491
-472
-434
-419
-379
-340
-318
-278
-215
-153
-116
-90
-65
-52
-18
23
57
96
118
146
172
164
147
152
133
142
132
120
158
167
207
222
242
276
309
338
365
389
397
403
413
429
410
397
391
380
367
367
372
382
375
358
336
297
283
263
246
241
233
202
179
157
119
66
-7
-50
-91
-113
-160
-194
-239
-297
-332
-381
-402
-403
-439
-441
-444
-492
-468
-463
-481
-502
-520
-500
-498
-484
-463
-436
-374
-329
-274
-222
-190
-130
-104
-71
-27
5
12
23
35
39
65
88
123
156
211
228
258
282
286
285
301
334
326
342
361
374
384
366
359
350
320
284
270
250
219
235
193
157
131
117
102
81
68
48
51
27
24
17
-11
-9
-31
-21
-17
-25
-32
-39
-62
-75
-62
-79
-84
-109
-125
-143
-175
-194
-251
-267
-316
-347
-344
-360
-353
-325
-328
-319
-295
-266
-217
-181
-149
-119
-102
-85
-61
-19
24
43
66
92
108
144
181
195
219
207
175
164
166
161
140
144
145
153
166
161
179
178
125
97
52
32
4
-17
-25
-24
-32
-55
-43
-39
-35
-32
-35
-17
-11
-14
-14
4
19
27
52
42
41
66
80
91
97
112
109
98
88
68
60
43
38
13
11
10
-7
-40
-84
-100
-119
-116
-139
-149
-149
-159
-143
-139
-133
-119
-123
-103
-102
-126
-130
-124
-123
-118
-119
-124
-91
-63
-47
-22
-11
22
26
29
43
39
68
69
55
65
54
54
77
102
112
120
109
79
58
26
4
1
-24
-40
-47
-52
-42
-43
-43
-43
-58
-52
-36
-41
-31
-1
20
19
22
20
30
30
13
21
19
31
13
-18
-31
-46
-21
19
45
51
86
109
133
166
196
212
219
198
175
165
141
125
120
96
83
82
76
76
70
58
48
45
34
25
3
-16
-57
-56
-53
-79
-98
-169
-203
-225
-221
-235
-220
-208
-188
-183
-166
-126
-139
-103
-83
-53
-14
31
59
81
63
66
73
49
51
36
-6
-16
-35
-41
-49
-96
-80
-85
-92
-84
-106
-113
-113
-114
-110
-135
-174
-187
-192
-179
-178
-140
-125
-112
-74
-60
-23
-2
25
66
89
107
145
144
155
172
183
182
182
228
265
293
303
308
314
320
337
341
357
360
360
371
355
345
330
315
276
255
224
226
224
188
170
115
51
32
-22
-69
-85
-140
-194
-227
-263
-315
-350
-408
-491
-484
-488
-499
-480
-480
-471
-479
-471
-465
-458
-449
-449
-457
-425
-414
-391
-347
-327
-301
-272
-224
-182
-163
-139
-97
-60
-13
48
103
175
223
262
287
335
362
388
413
406
422
399
397
388
360
342
331
301
306
300
296
292
238
218
191
178
170
180
162
142
138
137
120
108
98
78
80
40
32
17
13
-11
-26
-36
-41
-49
-67
-58
-53
-60
-40
-45
-31
8
21
40
51
51
38
22
-4
-29
-63
-99
-135
-172
-227
-248
-287
-309
-322
-343
-346
-338
-333
-330
-306
-296
-274
-241
-208
-165
-148
-115
-99
-93
-105
-103
-98
-72
-35
-31
4
10
38
75
92
93
91
98
114
124
149
192
209
211
209
176
153
134
150
153
135
136
113
109
102
86
69
58
41
31
29
22
23
10
16
-2
5
14
30
27
48
74
79
107
140
128
104
78
23
12
6
1
-30
-25
-31
-30
-61
-80
-83
-126
-120
-113
-97
-72
-41
-31
-5
2
20
39
61
98
104
94
50
19
10
-4
-27
-25
-10
-21
-33
-39
-61
-74
-78
-73
-70
-35
-27
-43
-81
-112
-124
-127
-106
-107
-113
-106
-105
-113
-135
-143
-123
-119
-118
-89
-24
1
26
28
11
-4
-22
-14
-22
-19
-14
-7
4
20
29
41
60
76
79
55
57
79
103
108
112
97
89
89
95
106
114
134
119
99
70
85
97
91
96
92
108
130
127
109
92
87
57
44
53
72
69
74
95
93
95
91
83
73
77
54
37
43
61
64
46
55
50
39
33
1
-36
-57
-89
-122
-159
-183
-205
-230
-266
-286
-316
-327
-343
-353
-353
-344
-307
-322
-300
-287
-256
-223
-232
-215
-214
-182
-157
-111
-63
-16
11
42
54
83
101
105
120
118
145
169
188
217
241
230
239
199
193
197
197
209
216
229
239
260
262
281
280
301
320
329
333
326
304
283
256
239
237
227
198
179
171
150
138
131
106
61
34
0
-34
-74
-127
-158
-216
-276
-321
-365
-395
-430
-446
-469
-497
-501
-474
-473
-477
-483
-461
-444
-436
-409
-396
-366
-352
-365
-316
-284
-228
-204
-171
-138
-113
-78
-64
-42
-9
12
25
55
71
114
113
144
201
226
255
280
295
306
295
270
262
260
281
287
291
303
304
292
289
283
301
293
292
306
314
325
367
378
389
387
338
326
294
278
252
223
224
214
188
135
94
50
27
12
-18
-24
-36
-90
-122
-161
-167
-214
-240
-253
-255
-272
-286
-283
-311
-324
-331
-326
-330
-312
-339
-359
-374
-401
-425
-417
-405
-397
-398
-402
-406
-400
-403
-401
-376
-335
-311
-282
-241
-219
-170
-122
-67
-2
84
125
168
218
256
295
302
352
388
401
416
447
451
443
428
409
393
385
375
376
360
320
298
279
260
224
201
165
140
119
114
124
129
137
112
61
56
47
32
31
2
-9
-24
-26
-41
-67
-94
-109
-95
-80
-83
-88
-82
-86
-90
-114
-119
-133
-160
-173
-190
-208
-209
-243
-268
-312
-327
-335
-369
-371
-377
-387
-413
-410
-396
-391
-378
-367
-352
-318
-285
-234
-194
-138
-70
-25
-25
-17
27
64
128
177
201
238
265
289
300
316
307
293
288
265
271
301
309
316
319
290
263
232
234
222
220
211
220
242
257
277
264
247
248
227
212
226
201
168
157
137
114
123
114
99
117
98
92
111
113
108
112
116
104
98
67
25
-7
-45
-109
-154
-191
-242
-271
-314
-335
-348
-393
-392
-392
-386
-381
-371
-361
-337
-294
-254
-226
-201
-211
-216
-214
-232
-200
-182
-187
-188
-179
-145
-128
-123
-115
-115
-125
-135
-120
-105
-92
-83
-42
-22
-9
15
10
8
16
21
35
35
48
68
87
121
155
179
181
179
161
155
177
213
245
252
277
270
259
244
237
216
195
165
135
110
106
115
115
131
111
134
131
130
122
128
111
83
57
61
78
71
78
45
27
4
-27
-44
-67
-121
-162
-188
-198
-184
-191
-201
-222
-246
-271
-287
-279
-276
-265
-221
-192
-163
-128
-117
-107
-100
-104
-109
-96
-87
-65
-56
-45
-38
-15
12
48
77
84
108
131
159
177
195
182
165
164
159
151
146
137
101
63
60
24
15
-4
-18
-43
-53
-49
-65
-45
-51
-50
-47
-42
-10
10
33
48
55
80
79
108
134
146
150
133
129
108
107
103
79
81
84
117
110
103
130
130
132
109
108
102
108
132
127
137
149
119
112
86
55
43
23
-8
-29
-43
-47
-68
-95
-137
-187
-237
-299
-343
-357
-357
-322
-295
-291
-297
-289
-279
-285
-289
-287
-275
-266
-240
-199
-195
-172
-157
-143
-127
-115
-72
-63
