-58
-54
-95
-47
-11
1
24
2
-1
-21
-35
-13
-16
-62
-22
2
9
-41
-36
-3
-12
-43
-77
-77
-86
-88
-110
-87
-111
-134
-109
-64
-76
-68
-41
-58
-65
-61
10
-12
-34
-21
10
26
19
32
17
30
27
79
117
100
116
138
114
131
108
106
95
62
78
76
79
62
52
86
56
36
81
70
58
62
37
46
27
52
110
68
26
33
40
11
-25
-44
13
-1
-25
-42
-52
-49
-98
-107
-90
-122
-90
-71
-61
-45
-82
-59
-67
-69
-40
-49
-74
-74
-67
-73
-55
-56
-43
-11
-12
6
22
-2
-32
-42
-10
-47
-44
-14
-48
-46
-61
-74
-61
-49
-21
31
61
66
121
152
161
150
100
131
130
125
89
75
105
76
39
29
58
10
2
12
-7
20
18
7
22
52
56
58
29
-10
-8
-36
-67
-73
-46
-84
-104
-80
-126
-174
-188
-171
-168
-168
-143
-135
-90
-95
-107
-78
-59
-57
-60
-35
-9
-11
19
33
30
28
-3
-13
-18
-9
-16
-21
4
0
22
43
1
5
-10
-4
65
116
150
118
116
123
110
119
127
136
164
107
63
75
30
26
31
66
16
34
65
24
53
64
89
92
67
59
47
20
-6
5
9
-17
-12
28
50
38
52
48
15
7
-1
-15
-12
-51
-92
-106
-67
-35
-5
-3
-29
-14
6
-8
-46
-54
-51
-67
-76
-87
-62
-75
-70
-48
-13
-16
-17
-2
-14
-35
-43
-15
-34
-66
-62
-74
-77
-78
-68
-49
-67
-44
-52
-26
-53
-61
-32
-41
-50
3
20
-7
-15
-10
-12
-45
-34
-41
-28
-52
-44
-27
-4
-8
-34
-12
-40
-42
-1
10
5
-12
21
66
83
33
56
73
52
73
59
80
76
91
105
102
124
135
128
121
130
118
103
93
72
114
99
33
48
60
40
17
19
45
53
21
66
66
60
35
20
25
-40
-48
-43
-3
-57
-50
-3
-44
-55
-31
-17
-43
-36
-34
-26
-39
-90
-66
-34
-21
-42
-55
-86
-121
-111
-77
-74
-74
-45
-25
-36
-109
-116
-86
-82
-97
-105
-116
-115
-82
-46
-21
-15
-13
-2
-8
-6
-5
7
22
1
-9
28
49
2
11
13
12
13
-21
-37
-38
-24
-4
-24
-25
1
36
43
33
43
74
59
43
52
38
42
34
28
12
26
38
69
94
95
112
114
115
100
114
111
77
70
100
100
84
101
66
58
21
23
-3
-26
-35
-74
-61
-77
-62
-52
-57
-57
-25
-18
-40
-58
-51
-65
-105
-86
-75
-65
-48
-34
-23
15
-4
-8
11
-3
-1
-12
17
1
-59
-83
-142
-128
-128
-107
-87
-85
-168
-145
-50
1
-89
-240
-87
69
98
-70
-87
100
241
121
-64
15
198
282
144
9
177
294
242
86
31
219
323
284
39
77
196
254
94
-28
61
104
103
-104
-165
-19
28
-93
-223
-196
-76
-14
-78
-155
-82
-61
-48
-87
-136
-88
-49
-45
-118
-94
-9
15
-10
-33
-21
-60
-25
-13
12
31
-2
2
29
1
3
-11
29
-50
-136
-121
-74
-52
-97
-54
-44
27
-9
-32
13
67
110
20
9
17
111
89
40
25
71
98
40
38
27
46
26
-4
5
27
-23
-70
-101
-107
-106
-115
-108
-109
-70
-107
-106
-72
-52
-37
-37
-58
-45
-30
-13
-35
-3
21
-30
25
12
47
-28
4
43
74
74
13
92
76
78
66
61
56
57
36
42
81
75
91
80
59
61
76
51
57
51
58
25
-8
15
79
87
50
26
9
46
3
-33
-37
-33
16
37
26
12
60
29
16
23
30
53
29
19
49
23
-2
-30
3
2
-28
-49
-32
-12
-68
-61
-71
-36
-49
-41
-23
-53
-32
-15
3
-46
-33
7
-8
-27
17
44
34
-34
17
35
23
-3
-14
-15
-49
-93
-126
-80
-102
-71
-143
-155
-119
-120
-125
-136
-103
-45
-45
-59
-152
-103
6
-10
-83
-150
11
46
57
-40
-12
78
112
69
-20
21
107
145
96
-19
27
138
165
57
-44
13
132
123
-21
-18
65
140
76
-6
29
123
150
-4
-68
49
115
57
-70
-57
53
46
29
-22
-3
48
3
-25
-25
29
24
47
-15
-53
-9
-9
-10
-34
-11
11
34
18
20
35
49
66
59
31
11
45
85
35
-11
5
34
-13
-54
-57
-26
44
-14
-44
-9
5
44
34
12
18
55
88
22
-12
14
-15
-27
-89
-112
-101
-68
-54
-104
-42
-69
19
-27
-52
-32
-23
23
-111
-57
-49
-33
-81
-89
-51
-41
-44
-67
-22
-16
-41
-31
-63
-102
-105
-70
-22
-54
-18
-5
-22
-31
-63
-12
-11
-16
-26
-7
-61
-72
-25
23
-6
-36
2
25
51
64
79
61
133
102
99
100
128
138
145
160
171
225
223
220
218
207
171
183
176
131
69
25
22
42
5
-60
-51
-44
-83
-126
-93
-86
-94
-58
-57
-14
-59
-57
-107
-81
-122
-161
-164
-154
-192
-161
-130
-145
-116
-95
-103
-174
-138
-165
-159
-197
-149
-134
-127
-133
-103
-26
-64
-43
-1
94
54
62
73
98
83
62
106
136
115
109
160
160
171
182
252
217
235
261
253
222
247
302
252
236
177
220
174
143
98
119
45
28
6
-27
-19
-91
-2
-68
-83
-131
-109
-173
-214
-229
-239
-226
-276
-243
-204
-223
-199
-190
-210
-214
-224
-169
-208
-185
-171
-222
-275
-250
-182
-178
-153
-254
-205
-142
-153
-128
-59
-26
-31
12
77
146
148
184
256
259
290
320
393
453
418
408
446
447
433
452
427
404
423
443
395
387
368
357
219
174
169
146
120
42
111
92
82
-63
-70
-168
-262
-337
-340
-385
-474
-458
-521
-479
-597
-541
-565
-614
-531
-514
-577
-604
-593
-511
-530
-613
-596
-515
-493
-526
-436
-382
-228
-207
-145
-84
-51
39
89
111
167
244
294
280
192
301
387
416
333
400
530
604
545
580
677
694
655
628
643
577
634
640
656
590
580
548
494
475
413
432
359
356
374
314
242
146
143
73
-66
-115
-126
-161
-251
-272
-241
-265
-360
-382
-457
-511
-620
-618
-640
-679
-680
-615
-599
-710
-661
-649
-586
-688
-767
-713
-653
-694
-679
-621
-583
-587
-617
-489
-457
-364
-298
-243
-162
-94
15
141
221
378
463
498
572
667
839
913
986
1077
1247
1242
1262
1237
1280
1242
1321
1328
1297
1278
1174
1177
1003
921
834
765
640
532
451
320
103
-90
-153
-310
-497
-663
-759
-868
-1042
-1229
-1253
-1356
-1466
-1495
-1554
-1577
-1674
-1553
-1608
-1612
-1617
-1500
-1462
-1609
-1440
-1200
-1011
-1222
-1346
-1140
-817
-724
-1059
-1130
-932
-536
-397
-799
-937
-506
82
104
-155
-36
474
811
560
565
963
1543
1699
1454
1371
1608
2126
2171
1894
1821
2228
2555
2300
1904
1986
2404
2411
1920
1662
1845
2027
1839
1354
1209
1233
1168
817
461
333
324
173
-237
-503
-597
-566
-788
-1094
-1201
-1282
-1394
-1527
-1639
-1701
-1905
-1990
-2038
-2051
-2096
-2075
-1973
-2035
-2170
-2060
-1990
-1965
-1784
-1445
-1235
-1726
-1997
-1745
-1112
-955
-1284
-1595
-1236
-539
-604
-1142
-1231
-642
184
262
-310
-244
598
1421
1271
884
1148
2013
2513
1970
1588
1798
2702
2878
2277
1917
2233
2799
2660
2043
1850
2557
2805
2193
1637
1657
2076
2168
1584
1124
1186
1330
1230
758
411
512
617
246
-268
-526
-345
-380
-879
-1322
-1471
-1467
-1467
-1827
-2110
-2084
-2045
-2135
-2403
-2619
-2461
-2151
-2265
-2505
-2531
-2137
-2123
-2173
-2201
-2098
-2107
-2022
-1833
-1469
-1233
-1679
-1545
-1251
-911
-948
-1146
-1142
-514
-198
-475
-806
-588
239
711
509
243
586
1217
1569
1337
1383
1944
2446
2445
2131
2003
2523
3088
2852
2416
2506
2804
2922
2435
2057
2363
2440
2193
1769
1539
1731
1919
1569
1190
1084
1090
998
559
324
371
326
116
-205
-592
-694
-680
-918
-1196
-1350
-1419
-1578
-1880
-1880
-1953
-2085
-2178
-2286
-2371
-2359
-2101
-1950
-2062
-2221
-2005
-1704
-1791
-1701
-1656
-1428
-1290
-1323
-1541
-1666
-1103
-618
-399
-953
-1297
-783
-190
-180
-711
-936
-358
430
385
-146
-315
245
928
959
407
505
1093
1628
1460
852
1226
2077
2504
2083
1587
1743
2356
2544
2154
1601
1547
2399
2419
1568
878
1386
2297
1816
762
673
1455
1665
1106
358
386
879
816
231
-330
-181
433
209
-624
-1030
-727
-181
-508
-1328
-1661
-1129
-801
-1445
-2060
-1846
-1185
-1173
-1812
-2160
-1661
-1128
-1325
-1831
-1995
-1407
-1036
-1284
-1741
-1512
-677
-763
-1210
-1199
-1117
-1025
-825
-760
-122
-377
-929
-642
-246
-26
-361
-890
-637
438
371
-422
-1080
-551
726
826
80
-158
285
872
971
511
569
1252
1805
1535
715
636
1571
2277
2019
1220
1041
1695
2079
1718
882
1409
2161
1971
900
388
1335
1822
1350
441
482
895
1197
628
62
393
868
719
-47
-474
-4
439
-40
-515
-766
-417
-187
-478
-1082
-1166
-676
-581
-1072
-1543
-1138
-636
-744
-1221
-1318
-947
-578
-834
-1257
-1206
-677
-482
-824
-1279
-1038
-578
-408
-857
-1334
-820
-469
-295
-1025
-1393
-1284
-711
-585
-1255
-1627
-1472
-656
-697
-1359
-1912
-1386
-467
-355
-1037
-1322
-546
244
190
-343
-82
722
1299
904
506
715
1543
1961
1697
1335
1552
2020
2152
2046
1628
1976
1966
2107
1868
1676
1881
2069
2039
1783
1624
1416
1654
1718
1507
1242
1241
1404
1408
832
636
821
906
607
-46
-238
-37
158
-295
-838
-847
-522
-796
-1328
-1437
-1118
-1102
-1496
-1719
-1507
-1221
-1367
-1420
-1347
-1239
-1387
-1571
-1885
-1754
-1432
-1540
-1975
-2195
-1829
-1440
-1378
-2109
-2330
-2070
-1582
-1585
-2125
-2466
-2000
-1324
-1442
-1944
-2268
-1534
-699
-743
-1285
-1347
-521
459
450
56
318
1161
1751
1461
1118
1407
2167
2648
2348
1896
2048
2652
2773
2526
2378
2747
3025
2725
2514
2646
2989
3027
2786
2533
2418
2492
2445
2193
1993
1891
1869
1705
1452
1184
989
947
842
580
14
-297
-292
-271
-519
-1011
-1336
-1255
-1188
-1555
-2025
-2193
-1860
-2002
-2413
-2628
-2497
-2247
-2337
-2568
-2589
-2525
-2458
-2726
-2613
-2465
-2237
-2546
-2963
-2483
-1896
-1448
-2271
-2533
-2130
-1339
-1347
-1888
-2068
-1456
-717
-947
-1666
-1861
-1015
-164
-67
-721
-708
46
903
954
681
1020
1835
2357
2084
1751
1931
2830
3221
2951
2544
2677
3132
3444
2953
2729
2869
3209
3484
2760
2516
2630
3118
3157
2638
2159
2474
2734
2301
1747
1421
1581
1718
1209
536
451
539
599
-6
-653
-751
-698
-657
-1092
-1570
-1651
-1583
-1646
-2107
-2514
-2380
-2225
-2502
-3056
-3164
-2831
-2793
-3042
-3230
-3099
-2885
-2841
-2960
-3051
-2694
-2440
-2353
-2730
-2749
-2034
-1565
-1546
-2290
-2329
-1885
-1222
-1198
-1739
-1927
-1435
-668
-849
-1455
-1490
-473
433
356
-278
-117
870
1748
1669
1284
1668
2550
3092
2612
2288
2821
3711
3871
3302
2952
3333
3914
3774
3156
3222
3481
3708
3263
2750
3098
3256
3142
2715
2435
2294
2379
2245
1874
1575
1334
1285
989
509
278
234
-124
-374
-749
-988
-1119
-1347
-1624
-1981
-2148
-2345
-2489
-2704
-2670
-2798
-2934
-3204
-3225
-3267
-3330
-3334
-3194
-3089
-3296
-3254
-3255
-3011
-2832
-2715
-2644
-2448
-2162
-2301
-2395
-2003
-1419
-1001
-1657
-2157
-1782
-861
-453
-1091
-1652
-1219
-153
-83
-818
-1108
-248
925
915
237
336
1363
2356
2243
1623
1847
2835
3455
2994
2553
3044
3789
3967
3362
3124
3500
3825
3705
3232
3366
3416
3661
3236
2762
2771
2746
2813
2497
2189
1883
2059
1758
1322
992
788
812
540
-34
-512
-649
-708
-933
-1663
-1980
-1779
-1672
-2021
-2620
-2776
-2538
-2468
-2837
-3288
-3369
-2995
-2954
-3326
-3540
-3222
-2807
-2874
-3282
-3220
-2785
-2566
-2749
-2710
-2324
-1884
-1998
-2175
-1762
-1637
-1078
-1135
-938
-625
-826
-770
-576
146
147
-43
-448
205
873
650
86
9
779
1381
1122
531
972
1823
2401
1906
1657
2304
3083
3125
2573
2388
2874
3540
3391
2891
2570
2861
3166
3055
2371
2135
2724
3072
2560
1567
1396
2087
2314
1458
722
982
1287
1114
336
-52
423
523
-38
-996
-1091
-481
-434
-1195
-2022
-1769
-1342
-1462
-2205
-2606
-2189
-1876
-2170
-2964
-3113
-2474
-2136
-2587
-3164
-2836
-2099
-1959
-2419
-2592
-2026
-1549
-1599
-1859
-1789
-1165
-1114
-1322
-1386
-980
-714
-978
-606
-216
186
-527
-1001
-277
673
481
-638
-837
140
988
181
-922
-817
722
1371
659
-149
294
1384
1583
1158
884
1713
2482
2405
1676
1425
1943
2773
2932
2346
1974
2223
2776
2738
2390
2069
2390
2820
2504
1765
1340
1894
2323
1900
1073
849
1250
1216
672
341
401
513
162
-314
-770
-612
-420
-764
-1284
-1547
-1365
-1409
-1804
-2296
-2209
-2008
-2215
-2638
-2665
-2311
-2068
-2335
-2582
-2579
-2107
-1875
-2078
-2092
-1776
-1381
-1500
-1663
-1585
-1015
-752
-1040
-1266
-1138
-979
-1343
-1036
-221
299
-323
-1556
-1431
-107
501
-423
-1447
-1013
395
673
-631
-1611
-660
926
1025
-251
-617
513
1566
1389
681
744
1862
2622
2241
1458
1530
2608
3451
2978
2218
2373
3162
3348
2708
2622
2769
3298
2987
2237
1992
2065
2494
2509
1971
1421
1656
1818
1545
1193
985
1083
931
344
10
-309
-369
-389
-840
-1210
-1647
-1657
-1644
-1887
-2317
-2469
-2365
-2431
-2780
-3079
-2816
-2371
-2488
-2933
-2886
-2386
-2204
-2674
-2872
-2382
-1936
-2070
-2526
-2546
-1868
-1470
-1585
-1907
-1567
-1345
-1544
-1115
-728
-119
-823
-1713
-1236
-143
155
-874
-1491
-757
596
473
-829
-1314
-237
1210
1256
57
-87
1066
2196
2017
1080
1343
2639
3398
2789
1892
2031
3027
3544
3107
2436
2499
3084
3285
2719
2233
2571
3107
3078
2208
1710
2176
2707
2475
1708
1245
1430
1695
1353
718
560
833
943
296
-568
-732
-346
-256
-964
-1819
-1901
-1539
-1531
-2045
-2503
-2436
-2085
-2257
-2738
-2844
-2305
-1968
-2541
-3050
-2899
-2250
-2155
-2605
-2740
-2257
-1854
-2288
-2757
-2611
-1831
-1390
-1679
-1920
-1450
-1023
-1504
-1256
-726
48
-356
-1387
-1131
-66
363
-594
-1293
-816
658
755
-557
-1140
-140
1183
1343
395
175
1200
2157
2170
1306
1327
2536
3524
3060
1963
2018
3307
3995
3291
2385
2421
3160
3346
2624
1969
2333
3171
2982
1946
1418
2040
2661
2106
1402
1276
1705
1718
1189
689
717
838
582
72
-529
-715
-569
-712
-1340
-1907
-2039
-1791
-1886
-2439
-2897
-2876
-2640
-2993
-3485
-3432
-2783
-2552
-3221
-3539
-3094
-2416
-2548
-3186
-3032
-2242
-1909
-2416
-2684
-2026
-1206
-1190
-1751
-1533
-681
-431
-1426
-1346
-289
721
330
-1168
-969
393
1235
376
-773
-545
1137
1837
574
-504
84
1862
2363
1197
247
995
2393
2676
1519
864
2149
3572
3372
1848
1321
2517
3741
3324
2213
1984
2635
3017
2580
1750
1841
2503
2853
2482
1309
1113
1653
2180
1797
750
406
922
1253
679
-115
-355
141
242
-691
-1600
-1322
-700
-735
-1941
-2728
-2143
-1637
-2059
-2975
-2959
-2320
-2155
-2849
-3306
-2760
-2023
-2292
-3215
-3248
-2272
-1817
-2425
-2770
-2233
-1599
-1642
-2021
-1926
-1283
-769
-829
-1000
-921
-425
-413
-608
-38
715
956
5
-549
389
1391
1017
-111
-417
800
1891
1203
-251
-285
1100
1944
1287
12
416
1850
2350
1383
502
1363
2785
2900
1480
666
1460
2718
2668
1661
1210
1812
2783
2235
1141
1114
2143
2895
1864
539
713
2029
2457
1540
513
562
1466
1386
425
-97
231
875
426
-807
-1427
-897
-247
-663
-1689
-2171
-1722
-1334
-1703
-2379
-2357
-1836
-1788
-2371
-2730
-2254
-1735
-1903
-2549
-2461
-1715
-1409
-1798
-2086
-1480
-857
-1257
-1957
-1842
-891
-331
-811
-1361
-1032
-144
-179
-1342
-1025
105
853
114
-1523
-1040
539
1110
-161
-1384
-1003
991
1407
-261
-1436
-665
1165
1539
8
-881
401
1717
1566
216
-161
1496
2862
2179
540
585
2425
3325
2483
1377
1678
2669
2696
1789
1619
2373
2928
2677
1531
1275
1996
2623
2315
1580
1160
1467
1640
1303
937
546
669
798
457
-349
-708
-364
50
-475
-1697
-1884
-1121
-862
-1658
-2400
-2168
-1544
-1704
-2486
-2734
-2103
-1685
-2242
-2834
-2615
-1881
-1764
-2213
-2440
-1855
-1393
-1606
-1820
-1542
-953
-806
-1108
-1338
-886
-470
-805
-1220
-702
167
412
-508
-1512
-849
342
380
-817
-1671
-960
622
548
-1046
-1663
-592
970
833
-481
-706
452
1451
1179
141
236
1606
2515
1907
822
932
2265
3110
2543
1868
1921
2616
2626
2564
2346
2284
2813
2720
2315
1745
2060
2777
2938
2113
1586
1787
1933
1835
1163
851
1002
1037
451
-289
-646
-122
-15
-846
-1672
-1710
-1082
-1099
-1914
-2526
-2109
-1695
-1953
-2715
-2748
-1942
-1582
-2193
-2695
-2302
-1502
-1457
-2121
-2392
-1829
-1285
-1578
-2038
-1930
-1160
-819
-1247
-1684
-1325
-702
-750
-1683
-1655
-473
23
-363
-1693
-1490
-174
370
-553
-1760
-1269
373
989
-654
-1943
-1196
676
1160
48
-706
88
1316
1529
712
377
1650
2809
2665
1395
852
2070
3386
3389
2415
1895
2313
3071
3067
2384
2170
2770
3338
2719
1777
1555
2691
3218
2226
1263
1060
1883
1974
1086
204
343
919
551
-470
-1105
-529
169
-396
-1659
-2006
-1313
-867
-1628
-2540
-2406
-1672
-1730
-2528
-2889
-2117
-1427
-1937
-2664
-2489
-1532
-1502
-2367
-2620
-1618
-748
-1281
-2178
-1944
-881
-646
-1271
-1667
-1067
-350
-538
-1585
-1923
-707
303
-70
-1369
-1964
-962
126
-265
-1475
-1955
-934
301
-128
-1643
-2011
-614
735
564
-861
-1024
483
1596
1260
125
389
2200
3123
2184
891
1292
2918
3520
2696
1595
2011
3197
3702
2922
1813
2324
3376
3476
2262
1399
2179
3149
2799
1503
946
1612
2269
1739
388
-51
785
1222
341
-930
-931
1
188
-765
-1648
-1436
-757
-814
-1486
-1845
-1567
-1164
-1389
-1978
-1975
-1471
-1350
-1834
-2116
-1762
-1425
-1682
-2022
-1617
-1001
-1078
-1761
-1866
-1424
-926
-1152
-1674
-1570
-1143
-861
-1322
-2085
-2269
-1014
-569
-842
-1650
-2104
-1101
-460
-716
-1569
-1864
-1178
-1
-238
-1652
-2248
-1043
591
577
-680
-1108
170
1412
1259
44
100
1942
3059
2304
632
854
2859
3778
2775
1561
2077
3366
3670
2700
1946
2939
3780
3373
2132
1543
2523
3306
2768
1639
1326
1772
2063
1457
581
515
1104
1280
578
-498
-564
372
744
-91
-1394
-1374
-444
-132
-1160
-2101
-1581
-645
-905
-2232
-2601
-1589
-919
-1694
-2581
-2568
-1785
-1667
-2094
-2218
-1910
-1556
-2020
-2489
-2334
-1869
-1656
-1977
-2300
-2258
-2083
-2012
-1900
-2330
-2060
-1400
-1139
-1248
-2267
-2135
-1015
-321
-954
-2069
-1904
-117
595
-895
-2184
-1574
644
1342
-102
-1128
74
1755
1837
512
3
1774
3466
3002
1239
890
2671
4168
3694
2485
2410
3291
3827
3446
2810
2988
3609
3678
3001
2179
2190
3110
3309
2505
1785
1780
2149
2091
1511
875
1081
1529
1476
489
-255
301
1068
726
-644
-1064
-266
206
-655
-1789
-1618
-664
-543
-1806
-2660
-2042
-1061
-1384
-2629
-3001
-2123
-1691
-2521
-3296
-2943
-2145
-2531
-3449
-3501
-2668
-2092
-2825
-3515
-3093
-2407
-2300
-2886
-3072
-2887
-2061
-1819
-2010
-2039
-2460
-1907
-1391
-1208
-1635
-2196
-1654
-280
104
-1111
-1989
-1070
797
1068
-194
-890
520
1911
1746
708
911
2823
3731
2881
1554
2007
3682
4504
3568
2732
2933
4074
4295
3674
3187
3308
4099
3876
3161
2437
2850
3505
3519
2526
1722
2023
2615
2538
1420
731
1455
2211
1541
158
-256
932
1603
600
-1013
-1111
127
333
-968
-2200
-1584
-538
-1041
-2748
-3209
-2028
-1431
-2439
-3598
-3456
-2665
-2752
-3612
-3771
-3259
-2888
-3322
-3880
-3816
-3292
-3112
-3356
-3455
-2953
-2889
-3083
-2782
-2242
-2227
-2965
-2302
-1087
-390
-1595
-2739
-1329
230
196
-1432
-1875
-160
1580
726
-1235
-1224
813
2247
1307
-190
278
2204
2959
2178
1197
2157
3707
3950
3050
2316
3108
4306
4590
3954
3368
3499
4179
4213
3637
2963
3270
4009
3769
2631
1725
2477
3289
3003
1794
1170
1805
2335
1695
409
274
1267
1596
321
-1155
-703
537
254
-1162
-2074
-1442
-891
-1556
-2602
-2803
-2175
-2004
-2797
-3783
-3491
-2666
-2751
-3802
-4345
-3778
-3241
-3708
-4166
-3755
-3142
-3105
-3750
-3915
-3302
-2496
-2420
-2756
-2826
-2515
-1967
-1805
-1871
-1502
-990
-1445
-1337
-552
-13
577
-436
-652
200
878
715
16
-115
1035
2074
1247
252
296
1703
2745
2167
981
1311
2608
3343
2493
1588
2656
4130
4146
2675
1966
3241
4650
4269
3092
2313
3094
3841
3729
2679
2139
2997
3226
2916
1702
1373
2076
2639
2347
1531
717
828
1490
1547
609
-165
218
772
318
-1244
-1375
-636
-424
-1356
-2650
-2513
-1887
-2051
-2976
-3390
-2909
-2582
-3316
-4107
-3754
-2929
-3151
-4067
-4153
-3370
-2889
-3636
-4003
-3496
-2758
-2927
-3471
-3254
-2498
-2026
-2373
-2811
-2483
-1756
-1241
-1281
-1304
-729
-403
-794
-1080
239
1294
1520
341
-664
569
1767
1705
546
15
1317
2569
1646
30
-44
1846
3134
2172
603
757
2597
3361
2684
1658
2363
3895
3986
3050
2194
2982
4070
3908
3185
2576
2814
3440
3421
2880
2275
2356
2763
2695
2146
1645
1981
2246
1918
1332
831
1002
1195
921
43
-393
-74
39
-556
-1451
-1587
-1119
-1293
-2336
-2958
-2704
-2370
-2820
-3538
-3630
-3010
-2877
-3580
-4178
-3615
-2853
-3369
-4387
-4455
-3300
-2721
-3571
-4318
-3577
-2345
-2373
-3297
-3399
-2399
-1471
-1587
-2236
-1998
-856
-242
-531
-966
-566
538
936
398
-160
979
2108
2049
1108
91
1168
2651
2658
1285
501
1331
2943
2735
1067
460
1776
3232
2841
1364
1197
2706
3669
3191
1788
1879
3490
4321
3454
2081
2019
3554
4223
3256
2041
2130
3326
3275
2140
1178
1877
2916
2353
884
230
1075
1877
1443
299
-22
348
302
-520
-1146
-1194
-872
-1212
-2110
-2676
-2788
-2395
-2341
-2942
-3600
-3745
-3306
-3231
-3765
-4014
-3616
-3310
-3754
-4324
-4039
-3182
-3132
-3777
-3932
-3242
-2530
-2948
-3424
-2833
-1868
-1635
-2423
-2485
-1370
-241
-469
-1298
-999
379
837
235
203
1140
1985
1825
1422
1339
1460
2138
2605
2850
2594
1603
1749
2443
2908
2334
1285
1464
2750
3107
1635
381
1137
2826
3211
1660
706
1597
2757
2672
1624
1427
2606
3420
2747
1562
1362
2378
2845
2347
1352
1168
1456
1575
1450
837
748
805
648
192
-384
-353
106
60
-439
-1263
-1619
-1247
-1049
-1299
-2193
-2354
-1937
-1759
-2491
-3063
-2585
-1917
-1949
-3069
-3829
-3200
-2198
-2162
-2869
-3352
-2597
-1981
-2230
-2740
-2277
-1501
-1591
-2064
-1857
-1159
-763
-934
-1015
-431
-63
-230
-397
212
838
1017
468
114
797
1549
1454
1047
1349
1765
1696
1231
1256
1639
1416
1555
1582
1763
1517
604
1001
1838
1768
903
164
549
1778
1565
380
-147
699
1508
1220
357
234
1154
1482
1016
301
621
1561
1755
935
193
406
1144
1342
1075
591
460
618
604
580
-161
-151
309
158
-502
-1280
-1060
-225
-300
-1114
-1545
-1332
-917
-1054
-1655
-1887
-1236
-821
-1147
-2075
-2098
-948
-551
-1158
-1929
-1754
-889
-735
-1288
-1464
-1053
-441
-651
-1253
-1208
-399
123
-460
-901
-567
-2
-125
-487
-355
105
236
-280
-500
124
485
435
277
99
566
828
941
903
901
961
983
1114
1043
985
1001
808
1103
1361
1204
950
501
879
1071
724
217
41
300
780
571
-233
-530
-252
547
741
94
-537
-20
589
547
-215
-548
487
1104
653
-381
-475
615
1309
524
-302
-330
522
749
-53
-814
-659
195
-1
-658
-1195
-705
16
-153
-827
-1190
-755
-237
-172
-404
-872
-582
-52
-7
-522
-967
-339
301
136
-742
-967
-105
601
0
-964
-851
227
603
-683
-1391
-490
631
85
-1208
-1094
92
627
-284
-951
-315
615
478
-327
-514
297
895
518
59
380
872
679
341
534
1042
1013
616
528
862
914
664
407
597
1061
862
511
137
103
507
501
66
-514
-688
-381
-160
-545
-1219
-1396
-874
-518
-920
-1432
-1272
-737
-330
-696
-1262
-820
53
153
-514
-1108
-765
95
84
-393
-647
-154
439
177
-557
-839
-208
566
321
-482
-592
31
869
816
242
291
854
1310
1024
673
908
1719
2007
1304
766
1005
1632
1701
1032
596
908
1215
900
139
88
579
684
152
-540
-221
228
145
-350
-573
-178
156
85
-384
-375
93
187
-157
-448
-346
-9
54
-272
-361
-151
12
123
75
-77
-114
-109
-95
-63
-264
-430
-433
-628
-848
-768
-505
-511
-832
-1397
-1511
-1180
-1138
-1555
-2280
-2199
-1558
-1516
-2325
-3042
-2288
-1138
-1080
-2041
-2490
-1632
-587
-471
-1241
-1225
-327
300
-1
-513
-190
851
1257
696
589
1030
1602
1645
1402
1457
2045
2311
1962
1837
2074
2525
2600
2380
2301
2424
2718
2787
2482
2348
2517
2584
2352
1846
1517
1725
1704
1439
936
624
655
736
433
-129
-341
-16
37
-589
-902
-552
-53
-440
-1118
-1188
-790
-595
-1072
-1510
-1418
-1040
-1081
-1533
-1704
-1398
-1037
-1281
-1928
-1978
-1494
-1438
-1754
-1771
-1565
-1635
-1935
-1983
-1662
-1465
-1759
-1913
-1622
-1680
-2136
-2179
-1751
-1208
-1448
-2133
-2124
-1434
-911
-1126
-1654
-1553
-674
-340
-837
-1199
-692
111
247
-48
-152
285
877
1261
1238
1270
1541
2102
2613
2273
1997
2298
2878
3055
2621
2374
2635
3118
3260
2941
2752
2781
2957
2859
2510
2488
2601
2637
2394
2056
1974
1980
2005
1966
1614
1315
1115
1076
1011
748
534
340
91
-306
-636
-594
-580
-777
-1248
-1317
-1120
-1316
-1802
-2029
-1704
-1659
-2108
-2519
-2381
-2016
-2064
-2308
-2279
-2207
-2208
-2474
-2637
-2381
-2148
-2471
-2911
-2732
-2175
-2130
-2646
-2913
-2462
-1854
-2167
-2789
-2651
-1998
-1540
-1725
-2035
-1750
-1251
-975
-896
-852
-582
-300
-360
-465
-244
84
500
597
575
777
1077
1440
1426
1418
1555
1817
2080
2000
1978
2259
2625
2784
2624
2618
3028
3330
3263
3002
3136
3473
3399
3247
3229
3189
3270
3119
2806
2611
2629
2660
2557
2305
1986
1915
1672
1503
1474
1367
1126
721
459
304
161
-11
-124
-350
-723
-998
-1083
-1193
-1492
-1967
-2095
-2033
-2345
-2725
-2868
-2552
-2482
-2849
-3190
-3189
-3010
-3125
-3421
-3493
-3263
-3177
-3448
-3629
-3392
-3028
-2937
-3389
-3542
-3189
-2908
-2900
-2968
-2621
-2351
-2220
-2117
-1876
-1418
-1247
-1091
-833
-551
-241
36
320
802
1119
1130
940
1364
2019
2339
2222
1885
2210
2655
2852
2577
2259
2519
3030
2894
2310
2047
2503
3103
3083
2551
2273
2628
3130
3212
2687
2615
3098
3527
3261
2536
2453
2968
3184
2665
2066
2046
2538
2532
1933
1257
1250
1471
1105
455
195
362
331
-152
-654
-578
-400
-597
-1236
-1546
-1442
-1420
-1795
-2292
-2452
-2335
-2363
-2731
-3242
-3535
-3342
-3252
-3472
-3947
-4160
-3886
-3742
-3843
-4009
-3948
-3587
-3376
-3512
-3600
-3379
-3000
-2816
-2902
-2806
-2402
-2030
-1925
-1882
-1551
-1054
-833
-824
-690
-280
102
374
498
653
1220
1543
1775
1906
2217
2597
2690
2754
2750
3095
3292
3184
3034
3035
3287
3416
3304
3036
2911
3097
3038
2648
2499
2491
2711
2649
2341
2105
1958
2073
2147
2193
1966
1741
1801
1812
1686
1451
1359
1436
1318
1086
701
574
666
538
269
43
11
-250
-628
-873
-868
-869
-1309
-1735
-1751
-1551
-1722
-2252
-2486
-2233
-2053
-2352
-2849
-2872
-2408
-2385
-2853
-3290
-3172
-2835
-2811
-3136
-3306
-3022
-2715
-2802
-3074
-2999
-2583
-2414
-2593
-2541
-2293
-1978
-1724
-1574
-1346
-1034
-862
-706
-514
-306
-57
56
255
565
719
719
835
1177
1628
1813
1806
2059
2275
2361
2350
2517
2891
2958
2685
2667
3072
3412
3308
2977
3033
3220
3181
2756
2445
2631
2839
2513
1974
1772
1840
1720
1277
1008
1026
915
549
342
396
396
56
-227
-288
-204
-310
-509
-548
-439
-492
-908
-1149
-992
-920
-1021
-1286
-1399
-1365
-1481
-1694
-1856
-1783
-1653
-1835
-2044
-2145
-1947
-1762
-1891
-1995
-2042
-2029
-2090
-1991
-1813
-1896
-1937
-1803
-1706
-1779
-1839
-1605
-1299
-1247
-1382
-1443
-1221
-1008
-891
-784
-649
-436
-258
-89
-81
216
595
741
666
563
730
1076
1312
1363
1488
1519
1573
1669
1789
1821
1884
1932
1966
1865
1828
2082
2226
2285
2183
2170
2161
2002
1862
1914
2010
1838
1571
1471
1409
1377
1263
1009
902
730
598
308
20
-67
-45
-211
-648
-768
-717
-774
-1039
-1231
-1107
-1092
-1310
-1399
-1367
-1366
-1372
-1352
-1342
-1446
-1533
-1480
-1265
-1273
-1491
-1571
-1431
-1211
-1184
-1234
-1275
-1114
-915
-1072
-1142
-915
-702
-668
-981
-998
-646
-417
-596
-802
-541
-205
-78
-317
-401
-9
297
253
33
-40
110
262
222
93
97
275
276
172
233
524
775
745
655
744
1004
1014
1001
1088
1257
1389
1465
1244
1095
1247
1561
1737
1448
1312
1499
1733
1684
1383
1219
1387
1560
1339
852
657
876
1129
961
478
335
585
715
316
-271
-342
-63
-38
-379
-886
-944
-679
-744
-1111
-1394
-1343
-1128
-1131
-1505
-1881
-1682
-1332
-1341
-1621
-1726
-1440
-1202
-1383
-1534
-1396
-1258
-1129
-1198
-1316
-1210
-947
-886
-952
-907
-747
-616
-726
-709
-371
-113
-32
-125
-136
-81
41
233
288
213
142
246
432
399
318
407
587
700
669
507
493
737
855
691
448
482
663
771
636
518
713
985
924
743
733
892
1161
1062
941
951
1198
1356
1176
980
961
1234
1361
1197
926
914
1030
975
735
524
551
632
483
272
135
166
265
130
-202
-374
-386
-350
-451
-807
-951
-795
-762
-928
-1163
-1244
-1113
-1152
-1333
-1477
-1464
-1349
-1280
-1414
-1530
-1301
-1195
-1230
-1404
-1333
-971
-807
-947
-1101
-992
-735
-510
-608
-714
-546
-198
-136
-375
-406
-82
194
-40
-316
-189
178
282
112
9
181
426
366
204
276
510
689
586
387
482
730
851
896
990
1126
1142
1177
1291
1314
1298
1295
1307
1287
1190
1148
1279
1339
1130
953
1135
1358
1280
981
846
936
879
653
460
600
767
693
480
254
259
299
139
-82
-199
-307
-450
-568
-576
-659
-775
-838
-851
-1031
-1165
-1199
-1149
-1269
-1519
-1642
-1555
-1531
-1748
-1882
-1851
-1733
-1708
-1780
-1731
-1509
-1395
-1381
-1392
-1272
-1167
-1238
-1143
-878
-555
-481
-606
-391
13
281
140
95
299
380
327
218
197
463
639
510
474
599
714
782
808
779
712
711
728
880
928
871
891
960
1111
1059
1015
1113
1285
1242
1029
917
1090
1290
1201
981
1004
1165
1037
837
773
936
949
813
602
645
644
471
366
392
499
439
246
65
261
397
344
34
-81
-54
-47
-179
-323
-377
-471
-476
-597
-668
-797
-799
-820
-812
-928
-1016
-1051
-1033
-1088
-1244
-1353
-1356
-1302
-1331
-1386
-1534
-1607
-1555
-1537
-1644
-1631
-1641
-1587
-1490
-1364
-1232
-1163
-1078
-937
-757
-679
-600
-407
-141
14
39
29
305
605
672
522
422
613
931
928
797
853
1026
1272
1258
1068
1012
1318
1432
1246
1224
1274
1418
1417
1296
1208
1191
1268
1136
1039
926
881
1016
955
831
750
818
852
789
629
572
628
566
445
359
394
444
391
239
22
-47
0
-35
-192
-238
-183
-249
-399
-491
-455
-409
-512
-689
-777
-819
-749
-718
-869
-963
-1023
-935
-1029
-1317
-1272
-1101
-1075
-1190
-1320
-1273
-1199
-1257
-1358
-1324
-1219
-1175
-1221
-1318
-1329
-1190
-1045
-1089
-1188
-1020
-740
-660
-744
-753
-483
-253
-141
-149
-76
194
398
483
504
480
500
730
864
912
985
1147
1344
1308
1312
1468
1613
1631
1639
1668
1639
1591
1526
1552
1589
1482
1529
1528
1374
1353
1238
1077
956
840
875
865
684
618
488
265
196
252
204
-63
-202
-244
-349
-492
-576
-507
-509
-644
-871
-837
-839
-905
-915
-967
-951
-899
-900
-891
-962
-918
-822
-907
-947
-847
-684
-751
-873
-841
-680
-723
-814
-799
-796
-790
-819
-824
-799
-886
-892
-760
-710
-784
-730
-553
-519
-524
-494
-509
-356
-315
-281
-264
-205
-117
-48
76
58
119
335
498
526
597
744
875
955
1020
1167
1268
1135
1128
1315
1434
1534
1483
1445
1448
1385
1430
1357
1159
1118
1147
1145
924
809
872
880
882
683
490
331
359
466
253
-77
-183
-83
-114
-360
-530
-463
-510
-660
-768
-815
-865
-848
-892
-953
-990
-1027
-1037
-1074
-1161
-1260
-1175
-1103
-1047
-1098
-1169
-1211
-980
-815
-910
-960
-875
-675
-572
-667
-720
-476
-406
-450
-599
-491
-169
-113
-157
-263
-194
-46
26
44
110
152
252
407
428
345
418
507
546
543
528
560
633
706
689
748
826
882
890
858
866
905
940
939
943
1109
1124
1028
1039
1077
1036
894
749
788
733
623
476
398
324
195
208
289
243
129
58
99
200
81
-6
-77
44
82
-71
-279
-343
-224
-167
-297
-559
-551
-423
-563
-828
-879
-795
-698
-794
-889
-1092
-1152
-1102
-1130
-1147
-1205
-1276
-1223
-1272
-1385
-1305
-1217
-1157
-1114
-1019
-992
-914
-819
-644
-566
-565
-526
-383
-242
-277
-172
38
120
183
302
458
460
523
584
564
689
879
928
873
837
940
1140
1048
912
984
1117
1091
996
942
893
913
929
930
840
858
855
768
658
600
593
526
432
366
448
448
338
239
308
360
231
36
-128
-72
-4
-75
-150
-266
-321
-292
-311
-365
-321
-196
-221
-350
-407
-409
-374
-430
-468
-421
-410
-492
-463
-385
-403
-443
-424
-442
-565
-626
-631
-576
-620
-711
-740
-677
-584
-592
-603
-640
-522
-426
-452
-569
-520
-344
-203
-301
-424
-276
-166
-38
-55
34
162
173
250
296
370
426
452
478
494
505
549
698
657
682
760
758
674
529
503
621
658
443
476
488
469
506
412
339
286
324
244
94
94
258
292
55
-108
16
16
-99
-154
-122
-50
-103
-144
-198
-186
-118
-92
-108
-179
-185
-109
-130
-164
-118
-16
-25
-29
-85
-211
-177
-146
-128
-208
-282
-259
-228
-191
-303
-293
-138
-116
-267
-455
-401
-170
-98
-325
-418
-254
-106
-171
-412
-519
-412
-280
-354
-537
-546
-323
-210
-320
-419
-400
-208
-143
-135
-94
-96
5
123
123
163
214
311
409
409
384
380
468
529
555
478
427
487
502
516
427
344
457
447
356
299
302
364
298
170
118
95
-9
-80
-159
-196
-249
-357
-345
-326
-340
-352
-310
-301
-261
-184
-206
-154
-30
-34
-145
-149
-11
161
306
243
117
238
265
138
88
135
309
370
342
350
402
527
527
397
378
411
417
397
365
436
396
287
226
260
251
200
181
102
3
-71
-70
-109
-121
-162
-181
-314
-471
-516
-552
-590
-634
-682
-760
-758
-761
-694
-710
-749
-629
-576
-593
-719
-644
-408
-299
-333
-416
-290
-126
-136
-216
-237
-118
-57
-21
-37
-31
92
177
258
193
144
228
309
361
333
379
310
271
306
245
238
119
3
31
-41
-60
-27
-35
-25
-75
-48
6
13
73
146
42
-128
-98
-49
-20
-20
53
134
152
173
277
387
370
352
415
403
410
457
512
547
529
565
645
687
711
652
532
611
594
534
431
366
381
397
335
135
123
177
113
-51
-129
-101
-123
-268
-468
-460
-421
-481
-557
-678
-664
-617
-605
-606
-660
-666
-601
-635
-663
-605
-585
-567
-576
-563
-553
-511
-455
-417
-352
-372
-436
-361
-324
-416
-487
-383
-210
-180
-226
-190
-15
73
102
82
116
194
163
170
87
163
310
278
265
234
389
423
284
251
312
441
444
386
453
472
458
505
390
303
308
393
466
449
438
509
570
537
540
651
705
617
618
635
610
581
578
519
493
496
540
535
352
269
256
284
166
-3
-35
6
-21
-196
-388
-535
-564
-502
-531
-623
-678
-627
-568
-655
-847
-946
-906
-914
-1054
-1141
-1155
-1122
-1110
-1053
-1080
-1105
-1040
-982
-999
-1076
-962
-846
-827
-867
-758
-558
-482
-519
-522
-408
-268
-150
-215
-243
-119
84
224
222
159
217
398
496
496
583
645
772
815
869
931
957
1026
1120
1202
1160
1187
1309
1387
1276
1185
1126
1178
1174
1170
1168
1115
1103
1092
1050
973
967
971
918
797
751
789
754
638
565
579
543
395
234
143
175
52
-131
-317
-394
-403
-581
-752
-862
-765
-796
-956
-1048
-1080
-1059
-1131
-1290
-1335
-1345
-1344
-1357
-1333
-1308
-1323
-1280
-1316
-1283
-1272
-1290
-1241
-1277
-1360
-1272
-1111
-1087
-1091
-1056
-1025
-922
-788
-754
-636
-503
-369
-325
-325
-265
-79
88
40
60
146
287
372
371
360
433
500
594
702
827
942
970
1028
1140
1215
1236
1343
1371
1438
1509
1506
1556
1601
1643
1643
1522
1397
1357
1415
1401
1362
1293
1182
1156
1146
1111
946
772
712
604
399
181
162
235
162
-77
-213
-243
-280
-393
-543
-668
-700
-691
-889
-1064
-1115
-1044
-1060
-1267
-1439
-1473
-1383
-1333
-1433
-1466
-1364
-1294
-1311
-1295
-1244
-1161
-1012
-981
-1115
-1181
-1069
-970
-958
-989
-989
-896
-782
-760
-726
-675
-607
-474
-335
-251
-184
-98
22
116
187
315
364
426
547
701
751
790
823
953
1038
972
925
946
974
983
978
921
976
1033
1043
1041
1138
1249
1282
1313
1239
1245
1225
1177
1120
1067
1043
968
919
845
794
748
676
630
526
389
372
389
317
163
76
31
2
-42
-120
-121
-112
-192
-286
-391
-536
-668
-760
-818
-903
-996
-975
-929
-1020
-1021
-1009
-1169
-1232
-1215
-1299
-1364
-1470
-1533
-1554
-1581
-1495
-1446
-1486
-1518
-1499
-1346
-1277
-1262
-1165
-946
-800
-829
-858
-736
-473
-314
-318
-300
-154
-16
107
70
24
173
299
307
224
324
478
572
645
749
896
912
996
1165
1302
1390
1392
1432
1548
1536
1523
1498
1527
1580
1521
1467
1398
1448
1464
1368
1275
1169
1129
1069
1013
956
993
906
750
637
593
560
496
414
347
304
194
101
55
53
-55
-216
-326
-436
-498
-649
-767
-769
-847
-894
-996
-1115
-1159
-1189
-1299
-1443
-1467
-1422
-1468
-1555
-1528
-1471
-1400
-1439
-1469
-1398
-1409
-1453
-1470
-1380
-1332
-1290
-1229
-1198
-1083
-980
-910
-907
-771
-603
-507
-521
-408
-232
-89
-18
16
119
296
335
367
529
624
653
703
794
886
931
1050
1169
1246
1335
1408
1489
1564
1619
1688
1668
1664
1715
1717
1727
1684
1723
1739
1537
1435
1366
1274
1200
1019
873
766
686
605
540
453
278
176
60
-5
-50
-176
-236
-306
-398
-418
-463
-554
-550
-578
-685
-727
-723
-682
-670
-758
-850
-891
-851
-867
-981
-1076
-1113
-1100
-1156
-1248
-1285
-1345
-1310
-1335
-1416
-1419
-1448
-1544
-1605
-1568
-1407
-1297
-1273
-1212
-1095
-1018
-991
-968
-883
-760
-695
-580
-489
-356
-229
-124
-71
21
119
198
372
500
494
574
719
849
922
1007
1140
1281
1376
1408
1497
1576
1691
1723
1628
1567
1553
1610
1683
1622
1551
1621
1570
1476
1366
1235
1180
1157
1128
971
813
705
704
663
561
465
381
336
211
99
43
43
-29
-128
-270
-319
-352
-397
-468
-571
-584
-599
-701
-872
-976
-1016
-1060
-1177
-1189
-1198
-1233
-1255
-1277
-1263
-1273
-1281
-1299
-1250
-1229
-1189
-1178
-1151
-1109
-1091
-1076
-1045
-955
-854
-776
-803
-860
-777
-681
-704
-675
-609
-466
-342
-298
-216
-66
36
146
176
184
248
240
276
361
451
551
680
734
782
886
954
1019
1013
1032
1121
1177
1136
1091
1065
1119
1197
1167
1152
1106
1124
1111
1044
992
941
891
927
895
796
747
707
599
553
550
480
436
408
325
188
129
70
-14
-108
-230
-289
-267
-302
-326
-307
-352
-442
-552
-633
-687
-700
-781
-912
-928
-816
-782
-782
-860
-961
-1007
-1067
-1135
-1159
-1084
-1032
-1055
-1080
-1009
-953
-856
-836
-887
-888
-858
-738
-655
-634
-619
-472
-352
-415
-458
-354
-138
-92
-44
-41
78
202
176
204
253
338
396
407
435
533
729
832
776
848
964
1019
992
1020
1131
1140
1097
1113
1169
1208
1155
1107
1082
1054
933
841
824
789
725
646
545
542
545
528
455
426
373
390
283
177
169
150
15
-106
-166
-213
-270
-367
-360
-344
-473
-602
-659
-685
-699
-818
-908
-867
-811
-827
-859
-909
-869
-855
-853
-898
-880
-715
-625
-571
-599
-557
-543
-571
-631
-680
-602
-560
-547
-583
-630
-571
-535
-464
-488
-503
-400
-356
-266
-218
-176
-132
-37
10
53
105
150
232
286
329
386
456
495
489
497
483
539
542
518
579
633
651
635
663
677
737
755
722
739
771
750
675
581
582
554
494
454
419
396
449
499
556
598
564
512
483
433
397
373
341
330
311
256
144
68
34
28
13
-33
-125
-179
-246
-277
-324
-391
-469
-592
-631
-647
-718
-755
-763
-760
-774
-839
-810
-699
-598
-621
-632
-600
-569
-564
-576
-561
-533
-469
-475
-549
-463
-365
-341
-355
-369
-294
-191
-246
-259
-195
-140
-90
-101
-132
-103
-49
-43
-39
-70
-69
-18
30
108
209
293
353
405
474
515
491
578
668
657
684
646
639
615
591
570
537
518
485
436
431
403
340
286
308
334
374
406
440
432
405
370
338
266
180
179
171
172
131
67
66
6
-89
-214
-214
-227
-224
-266
-360
-387
-308
-255
-310
-351
-406
-364
-338
-301
-290
-322
-336
-355
-376
-477
-469
-366
-386
-451
-433
-350
-298
-270
-338
-357
-393
-364
-340
-339
-314
-272
-228
-273
-277
-269
-158
-112
-60
-36
17
79
144
186
194
238
270
267
316
314
266
330
365
394
409
376
408
397
368
375
370
311
245
231
175
184
154
105
107
113
175
149
108
125
163
122
65
12
50
152
168
152
158
160
165
183
218
215
249
242
183
187
123
68
35
-27
-70
-99
-82
-103
-135
-129
-193
-263
-322
-308
-308
-285
-308
-307
-333
-314
-289
-284
-281
-282
-291
-300
-325
-346
-217
-221
-249
-212
-188
-157
-132
-81
-45
-28
-61
-108
-121
-119
-160
-207
-234
-238
-235
-257
-270
-224
-148
-157
-171
-178
-147
-57
27
54
98
149
184
272
286
263
247
226
252
265
251
278
283
270
328
328
349
419
490
527
499
435
439
493
486
450
414
448
420
332
286
233
221
224
153
38
-69
-101
-89
-108
-165
-264
-234
-221
-269
-292
-247
-218
-245
-194
-215
-162
-170
-148
-186
-236
-230
-279
-248
-221
-249
-197
-194
-248
-166
-134
-128
-92
-91
-66
-59
-44
-58
-49
-40
-34
33
29
-29
-159
-177
-176
-230
-197
-169
-143
-135
-142
-151
-172
-163
-96
-43
-137
-183
-137
-101
-98
-103
-15
73
85
75
122
185
194
282
335
382
426
412
409
412
414
413
405
401
449
477
476
473
479
350
236
201
201
208
101
76
78
26
-26
-47
-98
-82
-98
-141
-151
-245
-307
-314
-370
-398
-395
-441
-488
-466
-395
-390
-349
-306
-297
-347
-411
-451
-442
-361
-349
-311
-335
-289
-294
-327
-287
-173
-74
-86
-61
-5
8
1
27
33
65
37
2
-5
14
37
70
73
162
240
204
212
235
324
423
354
319
384
433
393
413
467
504
509
447
422
473
452
366
307
256
158
63
57
-35
-42
-22
2
47
73
105
94
108
85
68
104
74
44
64
47
70
40
42
8
-20
-41
-125
-171
-215
-221
-257
-280
-222
-160
-157
-101
-108
-165
-207
-209
-176
-219
-287
-373
-388
-365
-397
-383
-449
-410
-358
-347
-299
-324
-286
-242
-200
-220
-205
-146
-144
-93
-29
44
93
124
143
94
119
134
165
221
221
262
273
251
214
206
225
254
233
229
263
285
260
226
182
199
241
283
246
176
148
150
150
151
125
113
95
56
-17
-32
1
30
36
43
-8
-33
1
-16
-54
-130
-140
-119
-136
-187
-216
-284
-286
-276
-302
-322
-301
-333
-385
-385
-360
-310
-281
-276
-225
-141
-82
-67
-58
11
61
76
117
74
84
117
92
70
88
83
125
133
123
106
103
204
249
289
275
319
362
366
286
232
282
284
275
207
111
117
106
42
-12
-39
8
27
-16
-39
-36
61
74
32
-22
-36
-4
-14
-40
-50
7
5
8
34
3
-5
-39
-68
-77
-29
-36
-20
-7
-35
-100
-119
-93
-110
-49
-7
-3
-82
-101
-158
-198
-189
-235
-247
-248
-229
-259
-267
-315
-327
-252
-259
-296
-319
-287
-229
-191
-153
-144
-117
-99
-88
-125
-81
-68
-50
46
54
140
215
216
170
167
198
186
179
147
191
175
136
90
91
128
161
188
185
220
188
171
174
255
291
301
279
241
238
236
263
302
342
367
383
369
399
367
315
322
237
182
116
34
-51
-76
-75
-129
-205
-162
-204
-259
-309
-319
-314
-384
-391
-339
-294
-231
-239
-250
-253
-277
-273
-272
-326
-323
-337
-398
-373
-381
-292
-230
-230
-221
-224
-193
-145
-170
-141
-111
-83
-116
-167
-194
-155
-108
-118
-49
-52
-25
10
30
35
67
129
184
164
189
191
201
218
204
258
334
350
386
360
317
325
272
255
276
305
317
334
357
332
366
389
366
307
309
322
307
284
299
368
370
407
359
305
294
250
263
239
164
74
70
-4
-122
-198
-243
-258
-244
-253
-343
-349
-352
-372
-461
-492
-464
-441
-390
-368
-340
-304
-322
-350
-332
-323
-390
-480
-483
-478
-477
-469
-477
-448
-396
-340
-315
-287
-261
-208
-180
-171
-183
-236
-226
-253
-260
-291
-248
-177
-125
-107
-91
-29
-41
-8
65
184
252
286
301
283
317
345
361
385
406
433
448
443
480
548
593
623
633
663
668
699
693
648
642
597
594
618
593
569
542
525
506
512
434
411
310
229
115
3
-48
-120
-129
-219
-255
-343
-365
-459
-526
-506
-524
-512
-541
-560
-569
-494
-507
-502
-494
-534
-520
-525
-518
-475
-479
-490
-474
-440
-408
-426
-389
-393
-358
-344
-353
-314
-301
-287
-322
-338
-345
-330
-285
-238
-210
-189
-132
-82
-41
11
65
145
205
260
303
330
345
366
423
463
417
387
431
450
442
416
463
497
452
537
614
610
644
696
716
715
707
692
714
639
614
558
446
455
426
409
409
313
278
259
172
59
-6
-33
-117
-141
-159
-231
-284
-340
-456
-538
-585
-644
-681
-714
-728
-767
-793
-801
-902
-952
-898
-864
-812
-802
-769
-648
-572
-587
-593
-589
-514
-443
-489
-492
-462
-387
-339
-341
-228
-149
-46
-26
68
130
168
231
170
139
123
212
245
314
298
329
404
462
491
461
528
521
551
590
622
679
687
687
692
644
671
664
596
519
492
479
490
481
496
538
540
549
564
583
553
557
501
485
500
450
444
407
324
242
186
103
86
79
34
-19
-73
-103
-220
-370
-443
-507
-603
-645
-751
-788
-823
-876
-912
-936
-895
-901
-908
-904
-918
-888
-891
-934
-954
-953
-945
-982
-986
-940
-883
-811
-731
-639
-611
-574
-455
-391
-284
-188
-40
57
130
179
171
240
241
238
273
322
411
458
533
642
736
821
879
919
957
988
1074
1126
1138
1114
1081
1063
985
958
957
903
830
752
663
705
680
617
585
537
501
444
393
330
305
281
194
102
58
-31
-54
-163
-208
-251
-317
-355
-418
-478
-528
-591
-574
-523
-533
-557
-598
-613
-619
-660
-744
-794
-804
-852
-906
-879
-898
-875
-879
-860
-884
-874
-860
-871
-839
-840
-811
-785
-711
-640
-618
-516
-515
-464
-375
-355
-275
-227
-184
-154
-142
-61
12
50
105
149
238
300
354
447
563
657
748
848
927
968
1051
1106
1097
1134
1177
1216
1193
1173
1212
1242
1291
1290
1277
1229
1178
1138
1073
1000
821
720
644
568
503
437
331
216
159
135
132
72
37
1
-80
-132
-259
-309
-380
-505
-505
-568
-660
-775
-862
-898
-896
-943
-996
-1002
-987
-967
-962
-938
-928
-911
-895
-867
-834
-794
-764
-792
-861
-803
-791
-778
-813
-794
-783
-757
-761
-707
-660
-642
-580
-603
-589
-551
-459
-352
-282
-220
-134
-95
-41
-5
-5
98
154
201
237
313
368
390
472
557
602
683
794
828
865
946
1048
1095
1081
1065
1116
1149
1145
1064
1065
1068
1051
1089
1089
1059
1012
1030
985
900
859
867
790
713
653
641
597
569
550
474
444
359
278
149
30
-52
-107
-165
-270
-287
-321
-419
-446
-521
-553
-597
-658
-769
-913
-1018
-1119
-1195
-1238
-1296
-1334
-1290
-1284
-1296
-1282
-1228
-1171
-1199
-1178
-1079
-1022
-1055
-1006
-962
-966
-949
-838
-719
-649
-578
-499
-432
-409
-342
-254
-176
-88
26
128
195
252
302
327
356
388
458
577
622
622
701
800
800
825
909
1020
979
1067
1071
1107
1085
984
1073
906
1003
1005
972
942
980
952
830
827
735
690
646
552
484
552
458
352
391
359
238
253
210
168
128
68
40
2
-29
-82
-170
-289
-334
-379
-396
-529
-568
-557
-593
-638
-672
-562
-643
-827
-864
-809
-777
-774
-859
-985
-1123
-1232
-1178
-1156
-1127
-1059
-983
-945
-970
-975
-862
-783
-811
-750
-642
-561
-509
-449
-397
-334
-259
-108
56
87
134
137
197
261
390
474
516
530
528
651
769
832
884
894
887
858
889
953
949
909
893
940
961
974
991
1019
984
935
882
782
764
773
768
649
508
457
402
379
301
224
167
104
2
-40
-19
-82
-162
-201
-229
-278
-287
-348
-452
-536
-588
-603
-624
-653
-703
-741
-759
-836
-839
-849
-889
-847
-827
-817
-807
-730
-643
-620
-608
-542
-508
-470
-446
-399
-322
-296
-319
-315
-301
-306
-304
-280
-248
-195
-102
-47
-17
19
30
88
167
196
257
341
410
396
447
474
463
500
577
545
471
490
496
502
565
653
681
678
666
640
645
674
679
678
658
642
592
561
523
487
476
413
344
323
329
252
224
115
43
-76
-116
-109
-126
-117
-190
-211
-315
-332
-397
-485
-523
-551
-582
-644
-651
-702
-730
-712
-683
-656
-625
-573
-598
-632
-613
-570
-572
-558
-528
-493
-450
-424
-360
-282
-226
-213
-137
-87
-81
-55
-17
-49
-99
-76
-45
-11
0
47
44
30
27
40
91
173
214
222
222
290
335
366
351
355
390
382
416
405
387
441
446
433
483
443
451
454
482
457
406
415
357
377
372
375
371
394
366
386
405
409
433
405
395
365
306
305
262
176
134
76
21
20
-10
-42
-84
-139
-190
-217
-211
-281
-299
-277
-323
-321
-313
-358
-367
-388
-410
-424
-464
-503
-528
-619
-623
-573
-562
-558
-509
-497
-512
-476
-453
-480
-461
-447
-473
-477
-450
-426
-396
-356
-328
-292
-298
-290
-308
-300
-254
-214
-206
-175
-157
-105
-24
28
2
6
69
112
169
238
291
322
408
493
561
657
692
684
677
685
645
650
640
630
638
688
697
689
685
652
564
511
487
435
422
365
301
267
219
218
196
189
224
201
212
195
163
147
143
138
84
38
14
-25
-93
-172
-232
-323
-376
-429
-463
-497
-552
-524
-532
-554
-533
-559
-554
-601
-603
-563
-539
-517
-480
-475
-474
-486
-524
-481
-486
-463
-405
-367
-366
-328
-262
-211
-243
-252
-196
-188
-114
-137
-107
-91
-114
-98
-106
-100
-28
72
170
165
199
247
278
284
314
416
396
317
305
373
412
450
512
560
543
524
571
558
517
494
499
538
616
602
578
577
539
451
294
215
254
326
292
210
219
264
247
260
223
190
179
106
55
-17
-89
-182
-279
-369
-377
-451
-465
-409
-417
-446
-455
-446
-479
-548
-542
-577
-618
-630
-610
-603
-594
-550
-540
-533
-546
-502
-504
-453
-386
-341
-294
-267
-239
-194
-157
-164
-123
-32
9
12
61
148
186
217
218
201
208
185
211
259
253
272
297
304
313
345
357
393
405
432
478
448
413
407
448
420
399
434
416
427
396
366
285
195
123
84
51
1
-29
-21
-54
-110
-111
-135
-113
-84
-80
-82
-80
-78
-28
-18
-64
-83
-143
-198
-216
-233
-205
-195
-207
-209
-215
-194
-178
-176
-201
-195
-156
-95
-135
-122
-51
-34
16
20
69
62
84
83
25
37
11
-55
-83
-113
-130
-117
-117
-80
-116
-99
-71
-64
-35
-14
8
-45
-75
-73
-91
-70
-22
-38
0
38
63
124
138
70
84
126
168
146
85
80
32
-7
28
-14
22
122
109
100
111
119
136
188
135
123
145
113
121
146
157
112
87
53
30
-8
-12
-101
-184
-208
-245
-261
-308
-283
-273
-256
-227
-246
-275
-279
-277
-158
-101
-112
-110
-130
-120
-107
-41
60
124
114
63
-11
2
21
48
47
12
-37
-18
-15
19
104
139
150
123
125
128
173
229
254
216
239
247
250
257
250
256
311
272
182
174
160
162
161
147
134
116
92
102
135
98
56
47
40
10
-6
31
7
-26
-95
-149
-161
-103
-70
-24
15
-86
-158
-234
-314
-338
-313
-285
-301
-322
-318
-338
-345
-328
-272
-266
-247
-210
-191
-154
-101
-99
-101
-90
-114
-81
-37
-31
-53
-104
-133
-137
-117
-127
-101
-118
-138
-63
-5
15
64
100
65
99
115
154
214
213
226
186
163
117
102
123
121
134
125
142
153
174
180
209
228
243
289
294
317
340
327
307
311
276
256
210
176
183
158
192
252
304
359
346
343
231
157
86
23
15
-13
-40
-126
-183
-290
-345
-384
-402
-373
-375
-341
-346
-348
-346
-374
-374
-396
-358
-314
-283
-318
-258
-190
-157
-80
-36
1
26
12
-45
-56
-63
-41
-33
-37
-36
-46
-38
-89
-81
-89
-98
-157
-216
-220
-230
-203
-176
-106
-22
-1
-57
-137
-112
-113
-106
-69
-58
-16
5
60
85
101
108
106
154
168
242
272
293
351
405
457
502
448
431
441
370
366
397
443
443
417
380
343
285
251
179
169
145
126
159
112
139
191
177
140
116
73
-21
-42
-90
-122
-130
-111
-85
-127
-187
-198
-239
-293
-314
-341
-368
-352
-355
-348
-338
-350
-341
-346
-345
-370
-344
-318
-280
-254
-180
-116
-145
-189
-232
-250
-304
-301
-251
-205
-198
-163
-106
-129
-131
-95
-110
-75
-58
-78
-25
-22
-15
9
56
81
67
118
105
91
159
220
212
210
211
246
271
272
270
309
336
336
352
379
327
281
247
189
173
170
147
114
103
69
125
111
60
72
130
139
85
59
38
77
52
9
2
1
37
25
-2
-18
-42
-82
-78
-114
-154
-115
-204
-226
-181
-195
-200
-219
-224
-267
-301
-355
-305
-254
-265
-269
-167
-133
-125
-93
-99
-120
-178
-168
-122
-74
-51
-35
-48
-34
-28
-30
45
95
140
214
198
219
233
249
225
216
200
204
198
191
194
269
336
362
406
368
318
290
252
261
257
264
231
224
220
222
239
196
127
74
105
42
-5
2
-14
-44
-70
-119
-148
-186
-215
-188
-185
-256
-206
-208
-227
-239
-244
-235
-278
-274
-254
-236
-291
-247
-242
-265
-302
-325
-378
-370
-338
-338
-320
-316
-337
-390
-345
-324
-354
-308
-255
-239
-216
-239
-242
-263
-238
-194
-162
-144
-152
-90
-62
-2
59
107
167
216
301
352
412
424
453
481
448
491
519
486
423
366
322
287
293
276
329
304
279
302
307
331
319
309
321
310
328
351
325
288
266
288
343
335
379
413
377
367
328
249
110
62
-2
-36
-72
-92
-119
-157
-176
-218
-183
-154
-179
-225
-211
-274
-368
-414
-411
-397
-429
-448
-419
-429
-451
-435
-377
-394
-450
-417
-369
-388
-371
-308
-343
-315
-306
-251
-172
-124
-37
1
22
-3
13
49
23
16
3
10
-49
-78
-111
-193
-202
-157
-141
-123
-96
-58
-16
37
57
74
103
101
125
164
146
116
114
129
115
82
101
140
141
149
191
195
163
185
165
176
127
93
110
137
131
143
195
188
219
233
261
254
276
282
242
234
194
199
214
194
230
262
194
133
110
169
141
108
88
50
54
48
36
23
20
-22
-6
-47
-85
-104
-133
-144
-250
-293
-266
-281
-316
-306
-313
-344
-331
-292
-298
-341
-336
-306
-260
-257
-291
-278
-278
-329
-319
-289
-271
-277
-260
-201
-129
-56
53
71
79
67
55
80
26
77
98
54
18
7
7
20
-40
40
115
115
153
179
258
245
266
322
295
242
242
284
257
246
291
335
340
337
388
414
411
396
381
400
357
329
342
292
277
234
247
225
161
160
147
98
83
69
63
-9
-88
-89
-128
-141
-124
-105
-131
-163
-250
-302
-342
-384
-366
-343
-352
-382
-342
-317
-325
-328
-335
-339
-373
-366
-371
-429
-458
-527
-486
-490
-492
-486
-492
-477
-477
-416
-378
-351
-334
-272
-248
-255
-208
-186
-191
-220
-212
-168
-90
-22
57
167
170
191
240
292
344
386
459
489
489
487
481
404
394
383
396
460
475
504
519
528
541
567
522
499
508
490
508
554
546
516
482
358
295
266
235
234
244
199
133
103
133
152
91
33
36
-42
-147
-209
-270
-341
-378
-344
-291
-306
-322
-277
-282
-321
-332
-343
-384
-452
-475
-408
-403
-353
-330
-271
-284
-326
-300
-295
-308
-309
-265
-301
-358
-342
-393
-418
-448
-455
-444
-451
-464
-470
-383
-301
-232
-180
-50
-19
10
126
147
111
103
110
114
136
119
109
153
147
118
226
354
430
443
500
507
494
522
518
560
561
598
650
624
639
629
614
557
522
512
456
407
373
355
280
266
262
264
272
181
126
86
15
2
-44
-36
-86
-139
-109
-205
-285
-325
-354
-403
-491
-531
-578
-629
-663
-736
-612
-454
-539
-592
-646
-701
-764
-717
-582
-550
-467
-397
-425
-427
-420
-466
-404
-259
-201
-221
-229
-13
-26
-116
-87
-34
20
-26
-52
132
183
-16
54
202
245
242
308
319
301
213
199
383
429
402
402
487
530
460
531
568
596
562
589
643
592
547
523
492
446
370
406
462
389
387
395
330
347
327
274
234
161
158
141
99
70
41
-19
-48
-122
-118
-119
-180
-231
-271
-311
-262
-255
-297
-350
-431
-476
-404
-390
-379
-334
-309
-359
-482
-622
-689
-671
-660
-609
-519
-431
-424
-526
-597
-653
-647
-568
-497
-434
-351
-269
-264
-206
-236
-202
-147
-148
-67
-11
-7
-9
25
-5
2
55
101
198
298
404
463
467
445
507
563
555
613
640
624
587
527
551
540
485
471
506
526
517
538
559
492
465
440
458
419
345
352
273
217
153
127
127
87
91
71
84
71
21
30
-22
10
-29
-85
-138
-262
-298
-318
-341
-379
-395
-429
-442
-400
-412
-408
-413
-417
-448
-502
-573
-546
-536
-658
-697
-709
-682
-652
-626
-581
-599
-583
-534
-541
-526
-457
-391
-320
-313
-310
-306
-247
-171
-95
-26
6
79
121
142
211
272
335
359
400
484
479
522
538
581
682
675
699
718
726
694
687
691
706
602
592
503
448
453
463
531
540
529
521
558
507
466
369
321
219
158
101
7
-12
-78
-84
-80
-54
-128
-170
-186
-236
-243
-219
-161
-175
-249
-230
-262
-349
-326
-294
-314
-387
-410
-480
-463
-466
-474
-464
-447
-409
-342
-330
-330
-348
-392
-340
-316
-260
-236
-222
-286
-261
-279
-278
-231
-220
-195
-224
-233
-248
-249
-219
-200
-146
-101
-108
-73
-44
6
48
70
86
145
170
197
178
139
187
186
230
237
230
289
330
397
441
426
441
423
330
303
258
185
213
181
171
230
213
251
258
243
250
217
192
147
149
151
121
78
2
-38
-56
-57
31
82
39
86
140
137
134
67
20
-27
-87
-137
-200
-237
-232
-279
-289
-293
-318
-343
-371
-320
-332
-343
-329
-326
-299
-320
-298
-306
-320
-273
-267
-272
-234
-234
-189
-174
-180
-204
-223
-219
-260
-208
-206
-156
-71
-16
29
115
227
255
319
362
392
397
368
366
318
352
359
305
336
351
344
342
340
373
399
370
388
378
348
338
329
318
306
254
234
270
258
252
241
248
192
210
185
149
146
96
34
8
-49
-134
-167
-179
-215
-219
-213
-258
-245
-263
-225
-174
-158
-156
-176
-206
-210
-249
-272
-239
-284
-399
-413
-415
-439
-417
-448
-456
-479
-516
-456
-436
-412
-367
-354
-274
-203
-171
-151
-97
-118
-123
-159
-186
-174
-106
-100
-86
-44
2
86
113
166
195
258
251
252
281
229
178
154
135
176
286
321
341
430
405
422
463
443
429
370
359
356
339
333
313
312
241
177
181
191
201
204
206
215
174
166
174
141
80
91
96
40
-13
-83
-129
-184
-193
-180
-175
-194
-281
-308
-356
-382
-335
-334
-298
-346
-400
-367
-366
-402
-374
-406
-342
-292
-304
-260
-314
-319
-302
-323
-343
-311
-308
-297
-249
-245
-205
-174
-106
-66
-17
19
45
61
68
120
134
185
182
198
251
292
317
393
411
417
384
292
322
383
360
394
467
437
463
434
429
383
346
326
284
243
197
179
173
162
136
114
55
32
54
2
23
8
-42
-49
-97
-117
-156
-127
-108
-169
-184
-175
-151
-130
-120
-103
-113
-85
-102
-92
-82
-75
-55
-128
-107
-129
-117
-80
-148
-138
-169
-203
-173
-135
-151
-164
-199
-211
-226
-286
-277
-287
-304
-329
-276
-317
-342
-333
-338
-304
-303
-242
-170
-132
-158
-129
-104
-114
-120
-115
-73
-41
-7
36
86
133
212
232
252
271
285
287
286
304
283
292
275
292
319
340
336
387
443
423
404
384
359
315
262
203
236
231
177
188
158
69
28
26
0
11
27
-3
-28
-6
-37
-88
-85
-92
-63
-76
-96
-99
-78
-111
-150
-131
-144
-177
-171
-140
-170
-127
-172
-191
-216
-288
-316
-316
-323
-306
-245
-225
-178
-116
4
33
46
94
116
119
88
117
71
43
51
73
115
132
153
126
131
85
76
100
104
127
111
81
8
-62
-72
-113
-89
-76
-64
3
-1
-11
73
112
84
74
88
35
-20
-21
-26
-25
-37
-40
-74
-32
-30
-67
-46
-20
10
-30
-31
-58
-6
68
121
195
222
197
174
139
67
60
-13
-17
28
-1
-14
4
21
57
48
50
102
43
-52
-92
-138
-112
-125
-127
-117
-152
-198
-194
-228
-219
-222
-249
-218
-290
-296
-285
-284
-278
-264
-202
-211
-211
-211
-187
-154
-135
-119
-67
-33
48
115
147
145
99
48
77
103
96
122
130
184
174
153
152
129
154
153
117
90
118
180
196
141
150
228
224
220
266
308
286
293
333
256
246
239
192
184
194
181
206
179
155
128
102
124
48
11
-25
-47
-51
-10
-44
-70
-53
-75
-125
-170
-113
-103
-85
-91
-141
-117
-182
-209
-193
-216
-219
-221
-197
-186
-195
-246
-224
-233
-258
-283
-259
-236
-210
-172
-122
-123
-123
-130
-122
-135
-150
-113
-117
-97
-84
-56
-106
-123
-111
-100
-103
-122
-51
-8
30
69
53
99
131
118
114
164
122
143
165
192
181
190
221
204
218
268
297
290
326
320
369
387
391
397
406
341
332
297
196
130
53
-21
-46
-72
-116
-154
-158
-176
-149
-122
-101
-54
-61
24
-6
-39
-12
-37
-38
-10
-9
-18
-63
-58
-105
-181
-232
-325
-290
-284
-324
-335
-311
-326
-333
-304
-299
-277
-280
-203
-197
-186
-159
-160
-88
-38
-13
22
36
66
81
77
101
81
39
20
35
24
75
155
182
203
269
255
247
249
214
193
172
160
187
225
168
180
207
163
101
100
69
88
121
100
96
47
77
80
122
177
172
205
199
178
143
106
96
18
-7
-47
-74
-89
-117
-138
-183
-186
-143
-134
-131
-80
-98
-152
-214
-253
-260
-300
-344
-370
-336
-315
-321
-284
-222
-186
-187
-162
-145
-149
-95
-44
-10
-1
3
38
49
92
93
63
61
21
33
-10
-12
7
-57
-51
-58
-66
-44
-31
-15
24
23
93
131
151
211
197
168
217
256
259
247
239
228
243
247
245
269
232
231
207
167
96
37
-5
-44
-78
-115
-89
-108
-120
-120
-135
-94
-82
-75
-90
-49
-50
-43
-24
-6
35
4
3
-3
-1
9
17
-41
-64
-60
-81
-107
-106
-171
-194
-141
-85
17
41
75
94
96
109
157
176
166
151
158
148
121
65
20
-54
-127
-188
-258
-299
-295
-297
-301
-294
-292
-264
-236
-156
-133
-97
-43
-35
-25
-54
-82
-68
-78
-36
-18
6
45
84
91
89
150
118
148
182
191
175
125
120
126
135
188
245
290
281
254
261
240
190
144
149
127
105
105
121
62
70
88
56
4
-28
-7
-34
-43
-52
-80
-132
-133
-132
-121
-89
-66
-43
-56
-71
-101
-120
-152
-149
-171
-138
-115
-165
-196
-193
-188
-209
-182
-182
-181
-175
-233
-224
-187
-159
-122
-91
-77
-45
-4
-39
-14
10
36
-8
12
65
80
124
148
211
216
187
136
99
51
36
49
38
69
115
165
228
233
236
242
241
245
253
246
259
253
235
226
211
198
161
136
61
4
-5
-19
11
45
17
44
-23
-44
-44
-88
-74
-85
-85
-72
-109
-105
-130
-173
-167
-163
-148
-153
-136
-102
-119
-131
-170
-201
-200
-238
-215
-218
-178
-172
-153
-107
-146
-106
-122
-44
-57
-52
27
25
6
-24
-19
-37
-55
-43
-2
62
114
115
115
84
12
-29
-102
-109
-98
-130
-107
-102
-76
-76
-109
-113
-75
-48
-49
-123
-142
-154
-134
-102
-47
-26
11
89
194
274
265
304
288
254
220
238
229
236
221
217
214
173
132
74
107
96
108
111
97
73
20
-55
-93
-90
-75
-8
49
1
24
63
38
62
118
178
186
204
188
181
173
135
122
107
133
90
44
93
24
-39
17
11
-30
-52
-39
-75
-140
-160
-212
-237
-253
-287
-257
-239
-223
-179
-179
-167
-140
-95
-123
-135
-120
-148
-174
-241
-296
-291
-310
-328
-359
-340
-297
-299
-286
-252
-235
-209
-127
-57
-1
45
98
151
173
188
205
251
214
216
213
179
143
166
182
209
277
326
404
421
463
469
436
440
378
328
302
242
280
261
254
284
263
222
165
159
86
39
-3
5
1
15
18
-41
-70
-104
-153
-152
-118
-130
-156
-265
-309
-310
-322
-272
-241
-236
-234
-264
-282
-271
-244
-252
-250
-271
-285
-263
-281
-278
-247
-244
-205
-196
-227
-204
-197
-244
-218
-230
-255
-275
-318
-349
-333
-297
-263
-224
-208
-127
-103
-49
38
47
74
125
223
303
366
447
486
528
536
530
538
514
493
487
507
507
473
456
434
411
375
377
360
331
304
241
198
154
132
100
46
26
-13
-35
-23
-66
-109
-176
-261
-347
-365
-325
-256
-239
-225
-171
-121
-139
-129
-150
-157
-168
-232
-263
-298
-328
-356
-399
-455
-409
-401
-345
-285
-254
-257
-252
-255
-227
-162
-153
-94
-68
-26
34
78
147
210
257
285
297
319
339
343
347
356
345
319
300
313
296
278
324
302
337
328
295
283
277
308
292
325
326
345
335
337
309
254
233
129
118
61
-1
-59
-118
-117
-100
-64
-50
18
-28
-61
-69
-112
-154
-204
-234
-333
-405
-443
-466
-505
-478
-476
-507
-510
-478
-427
-406
-402
-368
-370
-396
-410
-407
-396
-414
-393
-394
-365
-329
-287
-214
-177
-102
-68
-44
-13
-39
-27
-15
8
36
81
135
150
150
183
159
136
126
101
88
56
70
106
114
149
209
287
323
329
268
218
181
151
129
136
164
158
149
133
119
179
231
241
243
253
263
287
310
344
372
310
310
319
236
217
230
150
102
40
30
40
40
87
58
21
11
-32
-27
53
101
40
60
63
48
51
42
34
-5
14
11
8
26
4
-40
-43
-93
-94
-121
-92
-81
-99
-81
-109
-39
-81
-87
-80
-94
-95
