-22
-16
-11
-5
2
8
10
16
14
14
19
13
12
11
6
7
1
4
5
13
17
21
22
15
8
6
8
15
20
23
33
28
27
28
30
32
32
30
34
33
35
34
34
29
23
15
11
9
10
4
-8
-11
-21
-23
-31
-35
-31
-27
-21
-19
-9
-7
-10
-11
-16
-21
-20
-25
-23
-12
-7
-6
-11
-11
-11
-4
-10
-16
-17
-17
-13
-9
-5
-2
-5
-10
-11
-9
-11
-7
-3
-2
-3
-4
-2
-1
1
-6
-3
-3
0
0
4
8
6
13
17
21
19
16
14
14
18
17
18
12
12
12
8
7
9
11
18
24
31
35
32
27
16
11
8
8
4
0
0
-6
-5
-4
-3
-1
1
-6
-9
-5
-8
-12
-16
-22
-24
-22
-26
-33
-36
-41
-40
-40
-42
-39
-38
-39
-31
-24
-21
-17
-11
-3
2
-2
-5
-2
-7
-2
-2
1
3
1
3
4
-1
-9
-8
-6
-1
2
4
10
10
8
8
3
5
8
11
10
12
16
14
17
17
22
22
20
17
15
7
0
-5
-9
-9
-6
-3
-7
-16
-19
-20
-18
-19
-19
-16
-15
-13
-14
-15
-14
-11
-8
-9
-11
-16
-19
-15
-12
-1
0
5
11
13
17
21
18
20
27
26
23
21
19
13
13
19
17
20
15
8
8
11
13
15
17
14
10
3
4
6
14
17
19
20
23
26
23
14
11
7
9
10
3
-3
-8
-10
-2
-2
-8
-9
-15
-16
-14
-19
-19
-14
-12
-9
-9
-8
-3
6
14
20
20
21
23
15
14
10
7
10
9
18
22
27
24
28
29
26
26
26
28
33
35
34
33
29
26
17
11
0
-14
-14
-16
-22
-23
-27
-27
-25
-26
-28
-30
-29
-21
-29
-30
-34
-41
-39
-43
-37
-39
-44
-43
-50
-57
-57
-54
-49
-43
-33
-29
-29
-24
-22
-18
-19
-22
-25
-25
-27
-27
-22
-14
-8
-9
-10
-10
-9
-10
-11
-9
2
5
5
9
14
17
23
22
23
22
25
29
30
26
25
28
27
31
34
35
41
50
53
56
53
55
51
50
48
53
56
57
53
45
39
39
31
31
34
27
25
22
19
12
11
5
1
-7
-10
-10
-13
-17
-21
-24
-26
-30
-27
-27
-33
-23
-26
-23
-23
-28
-25
-22
-20
-23
-23
-24
-21
-22
-24
-24
-24
-21
-15
-15
-21
-25
-27
-33
-28
-30
-29
-24
-26
-25
-30
-34
-33
-28
-28
-26
-24
-19
-18
-8
-4
-7
-4
2
3
9
13
14
13
22
24
21
16
9
8
6
2
-3
-4
-7
-6
-3
-3
4
6
10
13
6
9
4
7
13
8
5
-1
2
4
3
4
2
4
5
3
0
-1
-9
-11
-12
-11
-9
-7
-3
-4
-9
-10
-12
-2
6
9
14
13
11
13
14
18
17
23
25
24
24
21
17
19
21
23
25
20
18
14
8
13
7
10
9
6
5
0
-4
2
2
0
1
-6
-7
-13
-16
-10
-9
-9
-8
-15
-12
-17
-16
-14
-13
-7
-5
-8
-9
-15
-16
-10
-2
1
2
0
-1
-3
-3
-6
-7
-1
7
11
7
7
5
5
6
6
16
20
23
21
16
15
14
17
21
17
15
17
20
19
23
26
22
22
19
23
36
30
34
34
38
36
27
23
17
18
12
6
5
5
9
5
2
-7
-11
-11
-17
-16
-23
-31
-38
-37
-38
-46
-40
-35
-36
-37
-39
-43
-41
-38
-35
-37
-40
-39
-44
-40
-33
-36
-31
-31
-22
-13
-15
-14
-10
-8
-7
-19
-20
-21
-24
-20
-23
-19
-9
1
7
20
27
33
40
41
41
49
48
44
43
43
43
43
35
35
36
37
33
32
26
14
7
-5
-12
-24
-25
-18
-12
-14
-14
-14
-16
-12
-11
-16
-22
-30
-31
-34
-42
-41
-43
-40
-32
-30
-25
-18
-9
-11
-5
-2
3
9
13
17
24
32
32
34
34
39
41
47
52
50
51
42
35
35
28
20
11
8
8
5
5
-2
-9
-12
-17
-21
-25
-30
-35
-42
-44
-47
-42
-35
-33
-34
-28
-22
-18
-16
-17
-18
-16
-12
-7
-4
5
11
6
12
10
13
16
22
32
29
33
34
34
37
36
28
33
34
35
26
14
5
-8
-14
-16
-21
-16
-14
-14
-11
-22
-31
-38
-40
-38
-39
-41
-40
-40
-43
-48
-63
-61
-62
-59
-51
-43
-31
-18
-12
-10
-12
-10
-12
-11
-3
-3
8
19
30
41
49
52
51
49
48
42
36
35
25
23
23
19
16
18
23
25
22
26
29
43
51
60
72
74
75
81
81
73
62
42
34
27
23
20
7
6
1
-10
-6
-5
4
15
20
20
11
7
-1
-1
0
1
3
-6
-12
-12
-12
-16
-19
-27
-38
-38
-45
-52
-52
-43
-46
-47
-47
-53
-53
-62
-67
-71
-82
-94
-116
-124
-141
-155
-163
-168
-164
-163
-157
-145
-142
-127
-127
-128
-126
-113
-102
-77
-44
-22
8
32
62
84
102
125
144
165
188
206
234
271
307
341
372
398
412
414
410
402
381
357
332
312
292
259
237
210
179
157
130
97
53
12
-32
-74
-105
-145
-181
-220
-252
-274
-303
-319
-323
-343
-339
-336
-332
-325
-317
-308
-306
-304
-307
-306
-320
-338
-356
-372
-396
-434
-462
-483
-503
-535
-550
-542
-524
-494
-467
-448
-399
-328
-259
-208
-159
-72
25
115
199
288
385
506
599
673
741
844
956
1029
1077
1145
1224
1264
1276
1272
1270
1251
1198
1125
1027
930
858
773
672
587
511
415
310
220
128
29
-77
-194
-304
-386
-479
-574
-650
-739
-808
-855
-909
-958
-1024
-1069
-1100
-1114
-1107
-1123
-1120
-1119
-1124
-1116
-1108
-1086
-1057
-1057
-1076
-1091
-1142
-1186
-1234
-1302
-1339
-1378
-1393
-1390
-1356
-1259
-1187
-1100
-993
-878
-724
-579
-443
-284
-70
167
374
593
831
1093
1348
1599
1842
2088
2357
2579
2794
2987
3159
3292
3381
3426
3371
3290
3128
2937
2759
2576
2416
2226
2009
1837
1674
1492
1309
1140
949
798
588
293
32
-286
-551
-806
-1055
-1338
-1549
-1687
-1885
-1989
-2108
-2195
-2208
-2243
-2225
-2222
-2201
-2191
-2170
-2161
-2162
-2121
-2083
-2046
-2020
-1957
-1891
-1814
-1667
-1532
-1387
-1267
-1190
-1076
-990
-934
-969
-958
-954
-971
-973
-1006
-1013
-996
-949
-935
-882
-706
-448
-224
-40
145
439
712
943
1119
1356
1657
1930
2106
2260
2455
2648
2837
2946
2991
3076
3189
3217
3161
3130
3122
3165
3089
2870
2669
2445
2248
1995
1685
1424
1195
958
648
375
114
-69
-305
-596
-873
-1101
-1287
-1499
-1740
-1910
-2057
-2189
-2311
-2417
-2469
-2490
-2473
-2477
-2453
-2371
-2260
-2150
-2105
-2005
-1868
-1729
-1618
-1542
-1368
-1177
-1034
-931
-793
-706
-635
-546
-520
-487
-476
-603
-726
-825
-884
-983
-1136
-1166
-1142
-998
-986
-972
-863
-685
-436
-369
-275
-121
163
334
386
470
708
994
1247
1447
1658
1986
2313
2532
2667
2825
3060
3191
3187
3118
3121
3145
3057
2832
2604
2441
2309
2130
1915
1702
1581
1429
1195
973
735
618
409
181
-130
-387
-554
-787
-1030
-1272
-1428
-1553
-1700
-1842
-1884
-1875
-1886
-1899
-1893
-1832
-1710
-1696
-1694
-1713
-1679
-1640
-1696
-1681
-1617
-1510
-1424
-1388
-1340
-1246
-1105
-1059
-985
-951
-833
-931
-1159
-1346
-1507
-1484
-1781
-2013
-2154
-2121
-1980
-2114
-2072
-1797
-1436
-1086
-986
-836
-460
73
393
542
700
1068
1565
1788
1890
2064
2455
2866
2970
3057
3157
3499
3695
3701
3641
3565
3590
3487
3266
2963
2637
2458
2244
1931
1488
1244
1053
853
663
440
382
269
191
32
-247
-446
-611
-734
-894
-1119
-1254
-1227
-1215
-1320
-1351
-1346
-1287
-1252
-1247
-1157
-1078
-969
-1022
-1071
-1097
-1117
-1180
-1364
-1418
-1460
-1513
-1561
-1529
-1562
-1621
-1601
-1656
-1644
-1633
-1606
-1572
-1610
-1687
-1931
-2142
-2349
-2501
-2687
-2923
-2946
-2940
-2800
-2735
-2747
-2512
-2128
-1738
-1479
-1254
-902
-437
-6
309
569
959
1422
1803
2063
2385
2798
3251
3542
3670
3826
4106
4381
4381
4312
4211
4185
4173
3994
3773
3528
3281
3102
2814
2495
2259
2116
1936
1659
1332
1059
865
635
407
155
-41
-167
-302
-429
-617
-770
-842
-884
-987
-1125
-1194
-1253
-1265
-1289
-1280
-1280
-1320
-1389
-1462
-1484
-1572
-1627
-1683
-1793
-1896
-2037
-2172
-2284
-2356
-2395
-2460
-2496
-2405
-2387
-2324
-2282
-2348
-2383
-2396
-2400
-2510
-2687
-2821
-2867
-2964
-3140
-3159
-3117
-2932
-2880
-2784
-2450
-1977
-1458
-1127
-817
-340
228
757
1032
1353
1865
2425
2777
3057
3347
3748
4140
4343
4461
4605
4795
4942
4910
4874
4863
4842
4754
4502
4216
3891
3573
3284
2880
2465
2117
1759
1445
1115
799
552
244
-40
-356
-639
-864
-1021
-1151
-1321
-1540
-1722
-1815
-1895
-2052
-2272
-2371
-2414
-2440
-2514
-2603
-2585
-2554
-2537
-2549
-2549
-2470
-2406
-2402
-2448
-2477
-2494
-2395
-2434
-2461
-2368
-2315
-2255
-2221
-2157
-2052
-1937
-1885
-1801
-1697
-1709
-1806
-1877
-1929
-1873
-2038
-2121
-2061
-2020
-1850
-1795
-1596
-1154
-723
-344
-42
255
648
1113
1472
1725
2039
2403
2741
2988
3190
3432
3691
3945
4102
4281
4532
4783
4989
5022
5046
5064
5036
4959
4703
4377
4034
3626
3187
2662
2164
1712
1279
883
470
130
-119
-401
-633
-825
-1074
-1290
-1393
-1576
-1851
-2109
-2262
-2425
-2603
-2843
-3073
-3209
-3273
-3369
-3476
-3528
-3472
-3419
-3345
-3200
-3012
-2757
-2545
-2412
-2345
-2221
-2117
-2026
-2013
-1959
-1921
-1903
-1842
-1754
-1517
-1285
-1062
-970
-820
-654
-634
-769
-951
-1104
-1098
-1231
-1441
-1555
-1568
-1486
-1518
-1408
-1122
-747
-316
-68
165
575
1057
1499
1828
2127
2495
2947
3220
3438
3664
3923
4204
4365
4478
4625
4891
4998
4959
4976
4940
4860
4637
4339
3960
3587
3136
2745
2316
1854
1413
944
500
123
-293
-651
-986
-1333
-1622
-1834
-2026
-2209
-2421
-2657
-2848
-3025
-3106
-3189
-3312
-3365
-3454
-3503
-3476
-3389
-3290
-3159
-3022
-2803
-2595
-2315
-2014
-1796
-1584
-1397
-1255
-1068
-948
-868
-810
-783
-757
-769
-784
-701
-674
-676
-656
-637
-604
-687
-904
-1070
-1202
-1217
-1441
-1697
-1764
-1798
-1771
-1801
-1775
-1544
-1175
-837
-614
-365
58
616
1111
1438
1756
2164
2636
2937
3137
3341
3683
4062
4282
4466
4654
4817
5003
5030
4964
4841
4748
4610
4388
4042
3590
3180
2727
2219
1686
1195
764
269
-156
-631
-1018
-1433
-1782
-2123
-2469
-2714
-2907
-3009
-3135
-3255
-3288
-3287
-3253
-3291
-3228
-3194
-3114
-3004
-2882
-2756
-2624
-2461
-2219
-1929
-1644
-1359
-1066
-794
-504
-304
-204
-111
-42
82
90
35
20
-66
-92
-168
-255
-392
-513
-623
-801
-1068
-1321
-1427
-1598
-1736
-2101
-2313
-2339
-2308
-2271
-2366
-2310
-1974
-1651
-1380
-1232
-856
-354
225
669
1015
1477
2039
2576
2826
3014
3244
3620
4016
4166
4325
4486
4763
4864
4879
4800
4784
4686
4498
4194
3837
3507
3116
2623
2055
1493
1031
542
25
-404
-851
-1234
-1570
-1859
-2084
-2298
-2450
-2520
-2589
-2672
-2676
-2686
-2604
-2539
-2484
-2405
-2319
-2166
-1972
-1761
-1586
-1466
-1257
-1010
-785
-485
-340
-221
-137
-118
-130
-199
-314
-405
-542
-641
-804
-968
-1181
-1357
-1486
-1670
-1827
-1982
-2103
-2247
-2510
-2762
-2851
-3038
-3042
-3247
-3433
-3413
-3415
-3264
-3210
-3100
-2678
-2140
-1681
-1332
-870
-304
387
843
1215
1693
2225
2820
3080
3353
3740
4166
4614
4823
5030
5237
5541
5720
5762
5774
5708
5642
5459
5156
4793
4383
3932
3454
2935
2350
1795
1359
925
414
-130
-529
-784
-1108
-1439
-1749
-2055
-2188
-2273
-2463
-2612
-2652
-2631
-2671
-2792
-2855
-2775
-2633
-2540
-2506
-2387
-2182
-1938
-1835
-1721
-1537
-1359
-1166
-1090
-1060
-1057
-1085
-1227
-1411
-1606
-1728
-1840
-1946
-2032
-2037
-2045
-2105
-2145
-2161
-2171
-2204
-2283
-2483
-2470
-2634
-2723
-2985
-3107
-3009
-2910
-2707
-2671
-2521
-2078
-1589
-1153
-879
-527
12
658
1103
1417
1826
2244
2711
3049
3325
3675
4132
4613
4849
5122
5358
5646
5920
6028
6029
6062
6031
5889
5584
5170
4728
4260
3714
3094
2444
1789
1208
640
103
-441
-833
-1170
-1530
-1869
-2226
-2508
-2691
-2854
-2988
-3141
-3283
-3367
-3389
-3495
-3542
-3534
-3450
-3371
-3391
-3285
-3093
-2851
-2611
-2427
-2159
-1818
-1485
-1285
-1123
-1005
-899
-862
-853
-978
-1035
-1059
-1215
-1330
-1382
-1298
-1256
-1253
-1220
-1141
-1085
-1066
-1186
-1347
-1318
-1470
-1550
-1857
-1964
-1933
-1900
-1882
-2001
-1880
-1547
-1157
-850
-759
-404
75
713
1105
1401
1807
2293
2879
3193
3488
3906
4328
4737
4930
5124
5385
5747
5910
5896
5770
5684
5572
5311
4962
4471
3947
3472
2889
2244
1445
934
359
-323
-923
-1442
-1680
-2113
-2476
-2758
-3101
-3308
-3453
-3577
-3842
-3987
-4013
-3964
-4019
-4124
-3929
-3802
-3615
-3460
-3229
-2891
-2577
-2204
-1893
-1473
-1061
-638
-300
-145
106
265
330
216
37
-52
-165
-394
-593
-665
-689
-763
-752
-808
-797
-770
-902
-1035
-1357
-1361
-1459
-1531
-1775
-2144
-2182
-2312
-2293
-2458
-2510
-2228
-1911
-1636
-1481
-1179
-707
-79
442
854
1423
1976
2707
3177
3454
3840
4184
4702
4918
5124
5362
5631
5886
5844
5787
5701
5646
5324
4896
4385
3850
3384
2761
2132
1432
763
245
-432
-975
-1583
-1946
-2293
-2672
-2935
-3217
-3278
-3308
-3284
-3315
-3325
-3253
-3173
-3005
-2974
-2835
-2709
-2548
-2368
-2211
-1875
-1578
-1257
-1003
-762
-382
-79
210
344
510
598
498
308
23
-263
-590
-977
-1321
-1628
-1815
-1978
-2109
-2272
-2290
-2243
-2217
-2242
-2558
-2471
-2581
-2501
-2700
-2910
-2831
-2890
-2739
-2724
-2624
-2367
-2038
-1629
-1417
-952
-458
261
758
1140
1615
2145
2864
3240
3537
3974
4399
4921
5140
5325
5490
5813
5973
5962
5877
5743
5771
5572
5177
4701
4244
3814
3287
2612
1749
1196
684
179
-378
-1002
-1361
-1764
-2003
-2294
-2478
-2572
-2596
-2405
-2426
-2480
-2475
-2358
-2303
-2375
-2363
-2418
-2323
-2314
-2252
-2090
-1928
-1671
-1465
-1186
-928
-659
-382
-392
-385
-434
-461
-707
-1082
-1446
-1786
-2166
-2588
-2893
-3061
-3257
-3433
-3477
-3433
-3277
-3168
-3032
-3143
-2896
-2826
-2671
-2646
-2895
-2779
-2811
-2578
-2575
-2586
-2260
-1845
-1458
-1184
-728
-171
539
1108
1515
2115
2705
3411
3839
4129
4493
4871
5403
5674
5900
6043
6317
6598
6548
6390
6227
6161
5890
5480
4995
4479
3992
3449
2878
2052
1423
961
435
-108
-811
-1140
-1467
-1760
-1961
-2228
-2422
-2489
-2408
-2511
-2716
-2760
-2696
-2678
-2901
-3024
-3033
-2960
-2940
-2951
-2778
-2687
-2450
-2245
-2166
-1994
-1731
-1370
-1344
-1441
-1465
-1433
-1495
-1858
-2143
-2327
-2541
-2781
-2999
-3057
-3063
-3074
-3036
-2941
-2700
-2556
-2333
-2343
-2122
-2007
-1817
-1776
-1995
-1941
-1960
-1764
-1700
-1769
-1525
-1090
-653
-495
-201
316
929
1411
1695
2177
2604
3243
3771
4097
4428
4777
5274
5559
5733
5883
6156
6396
6391
6306
6088
5996
5675
5230
4809
4354
3855
3352
2922
2281
1465
1065
435
-132
-867
-1433
-1692
-2161
-2477
-2747
-3011
-3172
-3195
-3266
-3500
-3580
-3543
-3346
-3484
-3578
-3451
-3346
-3218
-3266
-3112
-2867
-2617
-2359
-2218
-2020
-1745
-1344
-1119
-1024
-972
-712
-658
-911
-1145
-1379
-1466
-1652
-1840
-1900
-1918
-2007
-1958
-1950
-1728
-1609
-1523
-1626
-1682
-1580
-1577
-1542
-1808
-1839
-1902
-1823
-1752
-1999
-1942
-1599
-1222
-1012
-856
-468
121
751
1055
1468
1912
2441
3031
3359
3740
4125
4648
5096
5363
5521
5699
6064
6149
6094
5966
5963
5842
5504
5108
4740
4237
3736
3205
2757
1970
1356
1012
368
-179
-855
-1057
-1325
-1815
-2054
-2356
-2623
-2826
-2919
-3098
-3298
-3367
-3219
-3075
-3331
-3317
-3142
-3066
-3100
-3154
-3010
-2909
-2694
-2543
-2360
-2154
-1921
-1621
-1652
-1607
-1642
-1507
-1591
-1829
-1985
-2113
-2181
-2398
-2499
-2377
-2386
-2280
-2164
-1869
-1703
-1503
-1558
-1570
-1482
-1654
-1529
-1780
-1766
-1755
-1791
-1562
-1601
-1499
-1256
-843
-592
-450
-128
368
909
1121
1562
2036
2466
2952
3198
3587
3932
4385
4820
5098
5391
5657
6086
6336
6349
6244
6222
6136
5779
5352
4965
4640
4200
3711
3164
2366
2031
1454
897
248
-358
-632
-1124
-1556
-1981
-2337
-2674
-2866
-3056
-3417
-3623
-3806
-3745
-3958
-4167
-4063
-4090
-4068
-4113
-3957
-3797
-3720
-3465
-3295
-3043
-2825
-2486
-2184
-2061
-1875
-1655
-1437
-1500
-1562
-1551
-1584
-1743
-1981
-1909
-1809
-1819
-1758
-1582
-1303
-1139
-1050
-954
-995
-930
-985
-853
-968
-1142
-1178
-1281
-1208
-1366
-1405
-1247
-958
-741
-634
-246
74
538
907
1194
1643
2055
2706
3163
3524
3936
4389
4984
5286
5547
5739
6144
6399
6369
6292
6227
6214
5976
5609
5241
4838
4400
3930
3498
2816
2075
1848
1296
736
-19
-519
-855
-1510
-2044
-2513
-2955
-3356
-3582
-3863
-4176
-4356
-4470
-4354
-4593
-4670
-4559
-4500
-4424
-4529
-4323
-4101
-3834
-3596
-3413
-3047
-2758
-2314
-2142
-1928
-1746
-1408
-1278
-1419
-1492
-1595
-1553
-1671
-1810
-1807
-1774
-1694
-1580
-1422
-1251
-1084
-933
-1036
-906
-996
-848
-944
-1157
-1150
-1288
-1106
-1107
-1197
-1060
-718
-365
-257
17
429
1000
1385
1673
2171
2640
3310
3758
4073
4467
4922
5537
5879
6177
6347
6623
6835
6891
6783
6638
6698
6421
5940
5373
4987
4578
3914
3199
2553
1817
1283
554
-116
-743
-1328
-1849
-2353
-2884
-3371
-3735
-4072
-4362
-4675
-4847
-4942
-5101
-5195
-5275
-5259
-5239
-5219
-5076
-4875
-4673
-4491
-4226
-3963
-3624
-3232
-2847
-2396
-2127
-1773
-1485
-1166
-992
-961
-916
-926
-1048
-1099
-1111
-1119
-1085
-1161
-1007
-922
-741
-639
-578
-659
-636
-536
-512
-490
-744
-718
-665
-635
-678
-804
-696
-402
-180
3
173
529
984
1517
1816
2170
2585
3170
3736
4126
4544
4996
5585
5988
6205
6464
6685
6933
6948
6839
6548
6337
6090
5697
5199
4615
4161
3623
2949
2252
1541
989
357
-215
-1029
-1673
-2146
-2729
-3281
-3859
-4221
-4613
-4904
-5170
-5498
-5640
-5696
-5681
-5724
-5707
-5515
-5315
-5066
-4906
-4635
-4350
-4020
-3560
-3219
-2831
-2425
-1919
-1538
-1263
-988
-750
-536
-607
-629
-730
-740
-857
-938
-962
-895
-838
-779
-644
-471
-335
-240
-311
-264
-159
-140
-80
-405
-437
-462
-421
-438
-599
-487
-171
153
233
366
689
1157
1654
1938
2362
2770
3331
3853
4108
4445
4843
5347
5721
5937
6143
6294
6539
6482
6360
6071
5899
5648
5240
4665
4108
3682
3058
2417
1808
1072
304
-142
-802
-1522
-2169
-2725
-2980
-3622
-4137
-4460
-4872
-5138
-5291
-5418
-5603
-5623
-5475
-5272
-5284
-5290
-4912
-4667
-4439
-4279
-4011
-3622
-3257
-2838
-2506
-2059
-1596
-1094
-724
-505
-233
75
256
194
27
-86
-118
-238
-427
-333
-343
-380
-305
-158
45
139
158
137
228
75
179
15
-248
-271
-487
-421
-551
-668
-512
-217
49
55
247
652
1201
1507
1763
2189
2638
3218
3635
4033
4369
4714
5202
5548
5806
5963
6219
6356
6256
6053
5828
5704
5344
4800
4216
3728
3186
2481
1797
1085
554
-64
-641
-1205
-1860
-2295
-2776
-3229
-3776
-4216
-4585
-4861
-5203
-5564
-5685
-5762
-5806
-5800
-5688
-5505
-5405
-5171
-4850
-4474
-4149
-3828
-3370
-2928
-2470
-2030
-1518
-1094
-827
-477
-76
239
328
310
332
321
308
211
158
99
43
22
17
108
209
287
292
154
149
210
236
201
-38
-101
-163
-223
-354
-514
-478
-342
-164
-20
207
530
935
1392
1689
2082
2480
3109
3650
3922
4292
4751
5219
5565
5703
5793
5970
6068
6039
5884
5541
5369
5112
4640
4050
3542
3079
2553
1923
1281
586
112
-443
-1077
-1766
-2291
-2771
-3305
-3804
-4327
-4664
-4972
-5248
-5499
-5741
-5859
-5906
-5815
-5743
-5652
-5409
-5117
-4815
-4579
-4249
-3889
-3471
-3003
-2552
-2012
-1528
-1102
-774
-479
-169
105
238
268
258
230
240
136
-8
-87
-107
-125
-101
19
156
397
537
645
580
603
704
683
662
356
359
340
347
289
157
277
483
722
837
907
1236
1593
2092
2378
2734
3120
3567
4057
4283
4585
4983
5387
5623
5639
5692
5666
5690
5518
5241
4865
4580
4295
3860
3402
2770
2234
1654
931
280
-476
-1066
-1678
-2333
-2853
-3399
-3807
-4251
-4651
-5040
-5333
-5619
-5780
-5859
-6013
-5996
-5992
-5838
-5692
-5536
-5267
-5040
-4735
-4397
-3930
-3401
-2891
-2391
-1859
-1261
-747
-285
67
434
763
1006
1099
1060
1029
978
921
758
676
675
742
762
787
928
1048
1202
1401
1452
1417
1346
1370
1273
1156
889
781
693
567
471
259
169
318
494
641
671
879
1222
1613
1797
2080
2439
2805
3272
3466
3698
3986
4253
4474
4506
4545
4577
4691
4617
4373
4065
3747
3470
3026
2472
1937
1416
933
334
-252
-882
-1397
-1816
-2340
-2839
-3313
-3662
-4001
-4345
-4635
-4855
-4984
-5091
-5196
-5262
-5243
-5156
-5063
-4897
-4713
-4478
-4205
-3873
-3531
-3124
-2595
-2102
-1652
-1180
-649
-200
232
584
932
1206
1325
1385
1341
1299
1208
1153
989
850
796
789
829
815
877
1055
1211
1355
1465
1502
1366
1383
1305
1115
954
559
428
162
-25
-197
-347
-329
-198
8
65
250
537
895
1308
1472
1789
2076
2391
2706
2918
3258
3534
3846
4002
4082
4096
4145
4280
4169
3990
3661
3469
3195
2815
2320
1749
1264
717
203
-399
-1044
-1468
-1958
-2430
-2945
-3289
-3592
-3880
-4149
-4463
-4613
-4764
-4799
-4920
-5022
-4986
-4867
-4709
-4615
-4386
-4087
-3797
-3446
-3142
-2677
-2155
-1670
-1183
-722
-223
196
522
744
941
1036
1158
1110
1007
896
755
677
466
376
403
522
631
783
952
1231
1424
1623
1784
1805
1672
1517
1448
1223
1011
589
326
95
-179
-343
-546
-587
-418
-193
38
167
429
851
1294
1546
1870
2217
2559
3012
3206
3359
3559
3797
3943
3960
3901
3854
3838
3684
3474
3148
2888
2720
2433
1946
1515
1138
758
246
-318
-881
-1317
-1833
-2406
-2831
-3281
-3614
-3953
-4242
-4444
-4674
-4719
-4656
-4645
-4650
-4572
-4440
-4254
-4115
-3927
-3630
-3420
-3167
-2826
-2451
-2026
-1684
-1314
-854
-415
36
397
625
755
850
900
942
808
765
786
714
654
556
683
821
981
1145
1317
1553
1802
1974
2055
2062
2011
1867
1694
1396
1076
795
331
97
-175
-317
-440
-538
-548
-435
-254
-71
111
372
764
1177
1395
1666
1914
2275
2559
2660
2788
2868
3149
3249
3213
3130
3130
3204
3045
2826
2491
2364
2170
1794
1260
798
414
-23
-601
-1222
-1690
-2047
-2427
-2885
-3344
-3608
-3734
-3807
-3954
-4122
-4104
-4075
-4007
-4031
-4034
-3846
-3663
-3497
-3329
-3048
-2747
-2373
-2026
-1727
-1306
-933
-520
-156
121
465
772
1053
1164
1238
1295
1321
1323
1216
1292
1299
1265
1325
1384
1585
1684
1785
1889
2029
2171
2244
2261
2167
2066
1864
1510
1136
751
387
105
-371
-761
-952
-1065
-1107
-1271
-1357
-1109
-838
-635
-562
-415
-40
278
479
655
837
1141
1376
1500
1662
1798
2035
2279
2305
2303
2352
2515
2501
2275
2028
1888
1713
1440
1044
709
364
-127
-650
-1171
-1622
-2005
-2385
-2715
-2965
-3142
-3228
-3250
-3228
-3209
-3142
-3015
-2895
-2836
-2804
-2666
-2533
-2469
-2291
-2018
-1704
-1521
-1303
-1000
-642
-267
47
327
607
910
1152
1365
1486
1531
1623
1691
1671
1584
1571
1622
1586
1627
1654
1749
1836
1770
1736
1680
1689
1631
1569
1406
1225
1033
845
501
179
-157
-530
-876
-1333
-1535
-1732
-1810
-1854
-2020
-1917
-1712
-1526
-1371
-1252
-1068
-804
-472
-316
-19
272
605
948
1110
1381
1642
1910
2096
2221
2314
2468
2647
2568
2424
2201
2049
1871
1456
1020
573
151
-253
-800
-1182
-1467
-1605
-1753
-1977
-2074
-2114
-2060
-1966
-1937
-1880
-1793
-1702
-1657
-1730
-1796
-1771
-1715
-1657
-1548
-1376
-1165
-989
-835
-618
-364
-63
221
432
556
752
919
1035
1082
1098
1172
1262
1235
1209
1194
1169
1087
983
975
965
1061
1093
1163
1107
1065
1082
1009
946
796
638
467
101
-188
-530
-772
-1064
-1470
-1566
-1639
-1642
-1689
-1776
-1759
-1613
-1401
-1288
-1108
-916
-643
-400
-267
-32
170
501
745
926
1112
1329
1641
1777
1904
1947
2066
2135
2131
1978
1677
1460
1168
837
421
47
-262
-545
-858
-1057
-1199
-1230
-1284
-1332
-1258
-1089
-940
-817
-876
-961
-968
-1030
-1010
-1119
-1174
-1179
-1182
-1180
-1115
-984
-804
-627
-497
-244
24
337
580
758
963
1189
1375
1577
1653
1671
1679
1618
1537
1470
1321
1249
1109
977
886
826
858
776
701
655
653
640
507
372
243
85
-119
-462
-740
-960
-1257
-1462
-1872
-2051
-2125
-2229
-2371
-2561
-2585
-2428
-2201
-2082
-1938
-1835
-1565
-1168
-955
-724
-452
-127
278
508
839
1171
1492
1786
1947
1983
2024
2121
2070
1957
1631
1424
1204
962
717
438
334
220
157
82
71
127
156
162
187
278
377
509
439
269
87
-106
-187
-410
-650
-865
-989
-971
-963
-872
-822
-739
-562
-330
-90
102
383
628
854
998
1133
1222
1174
1093
1016
930
806
633
506
362
250
114
82
87
114
73
36
74
109
124
59
-82
-231
-317
-363
-500
-745
-1036
-1198
-1433
-1604
-1869
-2080
-2214
-2373
-2454
-2599
-2591
-2450
-2268
-2109
-2063
-1839
-1538
-1077
-829
-593
-235
129
558
852
1155
1417
1611
1800
1891
1847
1816
1855
1798
1682
1419
1303
1287
1217
1114
980
975
1021
1074
1039
1012
1044
1054
1062
1031
935
832
697
464
127
-179
-385
-490
-681
-898
-1058
-1114
-1000
-953
-831
-602
-395
-152
58
334
546
712
865
1000
1026
1043
1061
980
813
661
558
447
328
229
130
41
-4
-7
100
153
141
190
244
332
297
290
204
41
-111
-257
-405
-732
-1099
-1390
-1740
-2032
-2394
-2654
-2767
-2970
-3097
-3236
-3238
-3103
-2899
-2778
-2670
-2497
-2199
-1761
-1508
-1252
-970
-647
-226
47
274
579
898
1119
1196
1257
1382
1540
1645
1694
1739
1851
2091
2267
2407
2457
2549
2702
2776
2796
2708
2627
2553
2389
2177
1907
1637
1376
1050
668
296
-14
-185
-299
-446
-485
-494
-473
-415
-377
-273
-133
15
196
293
347
363
389
437
373
250
162
-6
-224
-372
-405
-416
-513
-539
-475
-428
-354
-254
-95
38
111
89
126
84
1
-66
-263
-470
-680
-872
-1059
-1270
-1572
-1927
-2106
-2354
-2652
-2815
-3065
-3135
-3253
-3265
-3261
-3300
-3205
-3032
-2843
-2768
-2612
-2362
-2037
-1751
-1626
-1224
-842
-385
18
288
608
946
1342
1744
2063
2327
2664
3056
3366
3530
3609
3863
3991
4069
4048
3990
3998
3920
3692
3359
3037
2797
2514
2128
1723
1379
1071
852
584
314
148
5
-110
-295
-391
-358
-295
-216
-154
-113
-106
-112
-125
-243
-373
-447
-424
-486
-590
-685
-725
-718
-726
-725
-695
-573
-552
-485
-353
-189
-126
-130
-137
-206
-322
-529
-670
-864
-1075
-1281
-1503
-1661
-1841
-2010
-2155
-2371
-2605
-2747
-2941
-3042
-3193
-3290
-3386
-3499
-3421
-3406
-3407
-3394
-3413
-3326
-3127
-2927
-2734
-2515
-2246
-1846
-1469
-1093
-607
-72
526
1000
1511
2011
2500
3059
3425
3721
4043
4329
4598
4778
4823
4878
4963
4966
4879
4714
4566
4411
4161
3841
3487
3157
2870
2503
2111
1789
1527
1302
1085
796
586
412
259
157
-15
-159
-249
-376
-455
-547
-662
-749
-951
-1120
-1267
-1317
-1268
-1316
-1317
-1313
-1240
-1128
-1063
-1032
-948
-820
-761
-797
-883
-936
-992
-1173
-1473
-1700
-1878
-2089
-2233
-2445
-2597
-2712
-2761
-2811
-2876
-2900
-2877
-2857
-2873
-2860
-2849
-2868
-2947
-2972
-3110
-3178
-3356
-3446
-3417
-3385
-3284
-3176
-2983
-2658
-2192
-1822
-1481
-1054
-553
35
557
1026
1533
2012
2506
2917
3270
3656
4138
4521
4807
5024
5188
5438
5532
5558
5481
5371
5262
5057
4763
4460
4194
3908
3601
3291
2994
2726
2501
2276
2056
1832
1685
1523
1286
1003
746
465
212
-62
-404
-694
-944
-1182
-1402
-1581
-1696
-1832
-1907
-1922
-1897
-1870
-1826
-1764
-1725
-1692
-1695
-1729
-1807
-1922
-2046
-2136
-2266
-2444
-2578
-2687
-2823
-3023
-3170
-3242
-3239
-3268
-3239
-3148
-3046
-2894
-2795
-2656
-2591
-2539
-2399
-2397
-2387
-2463
-2535
-2559
-2676
-2634
-2631
-2542
-2506
-2446
-2239
-2001
-1665
-1419
-1090
-712
-295
51
365
773
1177
1675
2037
2417
2824
3201
3647
3955
4279
4578
4875
5137
5286
5401
5457
5509
5438
5387
5247
5099
4950
4632
4362
4027
3764
3548
3293
2969
2671
2471
2248
1992
1703
1432
1170
802
464
79
-313
-644
-948
-1269
-1578
-1859
-2107
-2303
-2461
-2609
-2740
-2819
-2844
-2836
-2870
-2890
-2954
-3002
-3053
-3119
-3201
-3238
-3304
-3421
-3523
-3590
-3553
-3578
-3510
-3444
-3345
-3206
-3037
-2824
-2683
-2510
-2343
-2188
-1992
-1856
-1758
-1687
-1596
-1542
-1440
-1392
-1376
-1280
-1203
-1067
-906
-813
-645
-509
-344
-186
-59
150
323
525
656
815
998
1248
1441
1576
1769
1973
2254
2503
2751
3064
3375
3722
4040
4295
4500
4694
4854
4924
4957
4926
4894
4804
4671
4425
4156
3979
3774
3556
3263
3010
2749
2486
2230
1995
1733
1508
1258
935
564
181
-195
-585
-1097
-1528
-1873
-2177
-2417
-2706
-2957
-3170
-3323
-3471
-3608
-3725
-3833
-3988
-4139
-4223
-4342
-4374
-4397
-4392
-4357
-4240
-4123
-4003
-3862
-3657
-3403
-3195
-2960
-2698
-2437
-2160
-1920
-1698
-1500
-1276
-1092
-997
-893
-831
-683
-528
-405
-283
-186
-33
140
371
501
689
858
1000
1122
1179
1331
1357
1410
1367
1359
1395
1330
1318
1265
1238
1346
1471
1580
1720
1886
2082
2366
2600
2847
3136
3420
3701
3858
3987
4157
4219
4220
4134
4084
4002
3935
3836
3680
3518
3282
3093
2877
2659
2452
2257
2010
1722
1374
1076
826
533
189
-154
-543
-947
-1324
-1757
-2228
-2677
-3069
-3455
-3774
-4095
-4377
-4539
-4690
-4843
-4992
-5124
-5192
-5179
-5091
-5012
-4912
-4732
-4505
-4247
-3937
-3628
-3310
-2942
-2602
-2248
-1919
-1607
-1312
-1033
-789
-554
-267
-7
239
474
605
732
901
1050
1271
1524
1647
1832
1995
2207
2303
2322
2343
2357
2344
2284
2207
1985
1869
1650
1464
1242
1011
916
818
745
692
721
839
961
1118
1212
1337
1446
1616
1785
1906
2100
2216
2336
2391
2455
2551
2637
2743
2752
2808
2847
2908
2886
2790
2705
2570
2439
2184
1919
1637
1315
1009
670
343
40
-257
-603
-972
-1307
-1639
-1910
-2219
-2569
-2965
-3301
-3582
-3918
-4181
-4468
-4710
-4872
-4972
-4989
-4966
-4890
-4768
-4596
-4371
-4045
-3680
-3295
-2896
-2478
-2053
-1663
-1310
-968
-669
-367
-103
135
366
546
750
934
1140
1337
1505
1686
1821
1912
2009
2169
2302
2371
2408
2407
2319
2210
2086
1930
1739
1593
1327
1113
864
680
528
328
210
82
106
157
214
243
220
256
291
297
264
338
422
501
658
738
945
1123
1324
1499
1698
1920
2139
2404
2592
2680
2728
2747
2740
2641
2510
2302
2114
1806
1482
1162
847
580
224
-64
-316
-553
-753
-1008
-1215
-1463
-1694
-1931
-2173
-2500
-2884
-3188
-3481
-3726
-3943
-4156
-4285
-4342
-4304
-4192
-3984
-3688
-3365
-3061
-2721
-2348
-1999
-1643
-1329
-1072
-806
-573
-376
-209
-74
104
319
486
623
746
889
1035
1191
1357
1547
1718
1836
1875
1911
1935
1912
1932
1916
1828
1732
1629
1509
1365
1215
1038
883
758
604
508
418
286
193
82
-5
-43
-114
-177
-227
-270
-238
-169
-153
-102
-23
104
332
507
752
1018
1232
1402
1537
1692
1840
1943
2004
2018
1978
1945
1922
1804
1690
1546
1376
1209
1069
942
780
610
431
180
-18
-214
-406
-616
-895
-1205
-1480
-1746
-1995
-2254
-2546
-2771
-3009
-3155
-3276
-3364
-3386
-3391
-3360
-3271
-3131
-3004
-2838
-2593
-2301
-2036
-1779
-1515
-1259
-1012
-775
-583
-398
-243
-47
126
292
472
607
760
893
1048
1201
1373
1566
1747
1916
2052
2151
2189
2189
2200
2105
2044
1900
1697
1499
1268
1044
817
633
479
380
251
126
48
-70
-68
-114
-120
-125
-203
-215
-284
-267
-276
-289
-277
-272
-251
-229
-73
63
226
318
482
716
911
1101
1247
1441
1580
1659
1757
1808
1836
1826
1749
1603
1494
1352
1207
1067
829
620
422
229
37
-163
-342
-544
-797
-1037
-1248
-1484
-1736
-2004
-2295
-2538
-2737
-2915
-3025
-3129
-3182
-3172
-3135
-3020
-2881
-2717
-2549
-2344
-2071
-1826
-1569
-1331
-1081
-833
-636
-413
-166
76
325
556
765
1001
1220
1393
1585
1697
1832
1930
1988
2052
2035
2061
2015
1916
1798
1687
1544
1381
1177
960
768
626
515
398
321
243
151
82
-63
-181
-312
-470
-607
-783
-888
-1035
-1158
-1234
-1275
-1252
-1237
-1225
-1177
-1066
-935
-675
-451
-227
53
355
719
1018
1270
1566
1796
2001
2185
2343
2427
2452
2433
2396
2318
2231
2125
1983
1810
1559
1358
1152
906
666
397
81
-230
-552
-903
-1211
-1564
-1886
-2118
-2373
-2561
-2738
-2932
-3108
-3238
-3355
-3394
-3373
-3291
-3148
-2949
-2701
-2457
-2196
-1925
-1614
-1289
-981
-653
-327
9
299
568
840
1084
1330
1545
1662
1753
1874
2029
2166
2246
2256
2263
2222
2230
2224
2096
2020
1885
1761
1577
1381
1227
1002
789
543
310
123
-80
-308
-498
-734
-947
-1169
-1393
-1565
-1732
-1832
-1886
-1945
-1929
-1861
-1756
-1612
-1491
-1339
-1189
-992
-730
-433
-124
175
490
837
1203
1541
1884
2165
2389
2598
2744
2857
2901
2881
2813
2629
2436
2228
1982
1679
1329
1013
667
347
68
-238
-556
-869
-1179
-1478
-1779
-2064
-2347
-2604
-2903
-3100
-3267
-3406
-3470
-3558
-3503
-3411
-3264
-3068
-2865
-2576
-2259
-1942
-1642
-1292
-902
-502
-148
202
575
910
1223
1503
1740
1936
2185
2404
2572
2682
2760
2851
2896
2922
2897
2835
2734
2600
2443
2284
2066
1834
1533
1242
889
557
237
-118
-469
-771
-1040
-1267
-1495
-1694
-1851
-1980
-2040
-2131
-2160
-2145
-2071
-2008
-1996
-1954
-1886
-1792
-1652
-1508
-1327
-1065
-776
-483
-136
230
650
1085
1467
1861
2157
2446
2705
2932
3053
3062
3043
2914
2742
2520
2236
1926
1560
1184
780
415
84
-239
-583
-937
-1263
-1532
-1801
-2030
-2240
-2464
-2703
-2905
-3042
-3155
-3242
-3313
-3358
-3349
-3274
-3119
-2916
-2621
-2296
-1937
-1534
-1057
-553
-70
444
891
1329
1724
2069
2364
2633
2831
2976
3072
3132
3165
3180
3161
3095
3000
2892
2750
2580
2380
2170
1948
1652
1347
1059
794
446
120
-259
-613
-952
-1317
-1614
-1916
-2125
-2326
-2493
-2637
-2761
-2808
-2799
-2721
-2638
-2486
-2322
-2146
-1906
-1711
-1459
-1203
-969
-679
-397
-117
222
589
960
1301
1588
1847
2092
2285
2457
2552
2588
2565
2470
2374
2227
2070
1846
1560
1274
977
683
410
124
-188
-435
-727
-1003
-1275
-1534
-1777
-1991
-2157
-2347
-2500
-2588
-2646
-2674
-2697
-2654
-2549
-2403
-2214
-1997
-1700
-1363
-1013
-650
-287
50
390
711
1054
1366
1631
1883
2105
2307
2460
2584
2672
2706
2750
2795
2763
2701
2592
2499
2337
2141
1939
1700
1447
1171
887
607
345
68
-240
-554
-851
-1127
-1368
-1587
-1799
-2030
-2247
-2416
-2505
-2567
-2600
-2607
-2629
-2585
-2491
-2396
-2299
-2147
-1968
-1763
-1496
-1211
-920
-596
-327
-43
264
569
848
1142
1431
1643
1861
2030
2196
2316
2340
2341
2323
2268
2206
2091
1944
1774
1565
1339
1100
856
615
303
-20
-314
-600
-818
-1052
-1254
-1422
-1554
-1658
-1742
-1793
-1833
-1828
-1821
-1771
-1685
-1600
-1450
-1302
-1162
-1013
-848
-690
-507
-316
-79
194
447
702
930
1180
1376
1568
1729
1822
1898
1931
1932
1928
1910
1821
1700
1580
1453
1344
1190
1045
943
808
649
453
210
-11
-236
-455
-700
-937
-1160
-1363
-1569
-1771
-1966
-2145
-2270
-2372
-2406
-2445
-2384
-2287
-2203
-2053
-1851
-1590
-1364
-1093
-819
-572
-274
43
334
585
810
1031
1241
1430
1626
1763
1885
1995
2089
2150
2185
2195
2143
2111
2039
1915
1759
1608
1426
1212
978
736
443
173
-80
-328
-559
-776
-959
-1128
-1221
-1289
-1368
-1413
-1452
-1488
-1492
-1495
-1492
-1469
-1407
-1362
-1270
-1136
-1042
-933
-804
-627
-503
-340
-166
41
245
395
648
845
1029
1168
1243
1311
1373
1381
1378
1353
1261
1150
1049
939
817
684
533
400
233
95
-70
-208
-336
-455
-592
-741
-898
-1098
-1254
-1421
-1578
-1694
-1815
-1936
-1998
-2033
-2018
-1981
-1890
-1775
-1635
-1423
-1193
-919
-649
-366
-84
199
436
630
826
989
1115
1248
1382
1527
1652
1774
1887
1964
2003
2021
2081
2137
2161
2164
2147
2095
2024
1950
1870
1722
1533
1289
1050
841
607
319
53
-168
-390
-608
-787
-926
-1079
-1212
-1326
-1437
-1496
-1512
-1528
-1524
-1519
-1517
-1510
-1463
-1403
-1329
-1252
-1174
-1054
-916
-791
-648
-474
-294
-145
-5
181
328
455
578
656
727
742
737
733
693
635
519
436
336
210
73
-85
-273
-456
-638
-775
-897
-1046
-1111
-1210
-1336
-1408
-1478
-1517
-1518
-1493
-1451
-1409
-1341
-1241
-1110
-989
-853
-672
-489
-286
-70
150
375
591
788
971
1136
1312
1489
1652
1811
1935
2062
2146
2253
2362
2446
2503
2542
2534
2524
2526
2494
2432
2328
2163
1982
1793
1553
1310
1011
712
414
123
-134
-397
-634
-856
-1094
-1305
-1503
-1683
-1815
-1935
-2049
-2159
-2220
-2245
-2259
-2259
-2224
-2142
-2039
-1948
-1808
-1652
-1502
-1306
-1085
-890
-721
-520
-320
-130
16
150
277
350
458
534
544
556
513
416
352
284
209
127
56
-29
-124
-209
-289
-354
-450
-520
-592
-663
-700
-735
-748
-730
-722
-711
-686
-660
-616
-534
-448
-374
-246
-78
97
266
437
589
744
933
1103
1288
1452
1584
1714
1826
1941
2051
2133
2158
2194
2211
2202
2197
2154
2119
2055
1974
1870
1761
1660
1525
1374
1225
1031
887
732
514
314
90
-149
-386
-616
-870
-1113
-1381
-1628
-1799
-1979
-2124
-2232
-2309
-2360
-2416
-2442
-2424
-2375
-2306
-2189
-2054
-1922
-1758
-1572
-1398
-1235
-1082
-926
-788
-668
-551
-435
-300
-193
-127
-69
18
65
77
110
150
201
216
224
235
246
234
207
199
133
115
108
69
28
-13
-68
-122
-165
-257
-336
-367
-353
-324
-261
-171
-50
19
119
240
354
487
620
753
876
1002
1113
1240
1347
1436
1526
1625
1708
1792
1879
1956
1993
2022
2031
2031
2022
1958
1887
1829
1765
1714
1598
1458
1288
1114
947
736
516
275
35
-197
-429
-664
-887
-1088
-1259
-1453
-1603
-1713
-1850
-2010
-2148
-2227
-2258
-2302
-2297
-2262
-2203
-2147
-2106
-2035
-1943
-1803
-1700
-1561
-1443
-1328
-1225
-1106
-1024
-992
-914
-859
-783
-677
-553
-420
-297
-171
-22
140
299
394
489
587
633
662
664
679
687
639
587
539
478
437
431
442
441
418
393
399
450
481
515
550
605
673
733
794
862
927
986
1034
1083
1149
1163
1171
1217
1265
1306
1352
1367
1419
1438
1465
1498
1511
1502
1486
1487
1440
1380
1297
1191
1074
936
794
621
427
304
107
-65
-205
-343
-448
-611
-788
-934
-1103
-1263
-1396
-1507
-1599
-1685
-1777
-1877
-1960
-2039
-2088
-2115
-2118
-2133
-2130
-2131
-2131
-2099
-2027
-1927
-1832
-1747
-1672
-1560
-1420
-1295
-1173
-1067
-976
-903
-804
-670
-545
-408
-282
-142
-16
101
229
365
488
604
660
736
830
910
1006
1045
1109
1138
1186
1230
1249
1259
1259
1279
1308
1334
1384
1390
1401
1432
1446
1473
1486
1461
1396
1349
1279
1254
1219
1169
1156
1117
1090
1063
1039
1040
1044
1002
943
896
871
852
776
671
542
408
294
194
127
42
-34
-119
-193
-267
-343
-385
-441
-509
-556
-609
-674
-784
-877
-964
-1097
-1220
-1331
-1459
-1559
-1646
-1784
-1909
-2019
-2122
-2192
-2252
-2263
-2239
-2221
-2153
-2069
-1978
-1858
-1721
-1599
-1465
-1349
-1226
-1094
-986
-889
-784
-655
-559
-445
-359
-240
-137
-34
104
231
372
534
695
861
1010
1147
1285
1405
1520
1594
1668
1741
1785
1812
1831
1819
1791
1741
1728
1711
1708
1690
1644
1607
1543
1469
1394
1310
1251
1166
1076
1025
918
852
758
644
549
452
404
317
235
159
131
102
86
84
71
58
33
10
-19
-46
-105
-149
-213
-273
-344
-411
-459
-536
-642
-760
-843
-952
-1029
-1115
-1204
-1276
-1391
-1504
-1606
-1679
-1754
-1831
-1900
-1977
-1991
-2011
-2028
-2035
-2036
-2029
-1968
-1854
-1750
-1637
-1473
-1318
-1154
-991
-823
-645
-502
-364
-190
16
227
414
589
746
880
1009
1129
1240
1287
1367
1451
1515
1591
1675
1745
1833
1902
1929
1975
1983
1978
1982
1933
1841
1733
1579
1444
1336
1189
1067
1013
935
852
758
655
592
513
453
362
284
215
134
61
-26
-68
-114
-207
-289
-338
-376
-409
-445
-496
-501
-488
-487
-470
-448
-422
-414
-418
-413
-439
-470
-474
-524
-589
-656
-743
-811
-878
-968
-1051
-1117
-1142
-1190
-1259
-1298
-1332
-1366
-1387
-1389
-1395
-1391
-1383
-1373
-1359
-1361
-1392
-1410
-1394
-1373
-1319
-1266
-1201
-1115
-1009
-866
-702
-518
-319
-106
103
311
506
687
849
1030
1186
1330
1452
1562
1654
1732
1789
1841
1880
1910
1960
1997
1985
1931
1907
1896
1882
1822
1778
1699
1582
1489
1351
1222
1065
904
743
573
412
247
129
24
-79
-141
-182
-216
-240
-246
-242
-262
-270
-307
-368
-406
-430
-463
-483
-481
-488
-472
-495
-485
-495
-511
-522
-545
-545
-555
-566
-588
-592
-617
-660
-698
-726
-755
-804
-830
-870
-927
-975
-1022
-1050
-1090
-1109
-1119
-1136
-1171
-1186
-1198
-1222
-1203
-1197
-1165
-1141
-1110
-1077
-1019
-947
-878
-784
-671
-557
-419
-263
-110
61
231
370
492
668
841
977
1132
1288
1420
1519
1609
1681
1677
1708
1701
1672
1656
1628
1600
1563
1553
1505
1463
1392
1316
1258
1178
1072
976
881
775
635
494
378
235
100
-29
-156
-266
-358
-458
-513
-537
-575
-599
-623
-613
-615
-637
-622
-648
-667
-686
-690
-676
-674
-639
-631
-633
-624
-618
-566
-511
-482
-480
-462
-452
-444
-426
-417
-370
-379
-403
-455
-509
-529
-579
-642
-706
-778
-847
-876
-895
-904
-871
-836
-803
-749
-696
-624
-573
-529
-470
-391
-325
-257
-141
-42
55
104
161
245
311
401
506
616
739
839
930
1042
1128
1205
1272
1334
1394
1444
1442
1460
1458
1404
1330
1268
1221
1154
1080
1036
996
954
906
813
727
643
563
482
405
319
234
132
30
-85
-172
-278
-381
-464
-557
-627
-718
-785
-859
-915
-924
-923
-932
-913
-905
-898
-851
-819
-790
-748
-671
-608
-576
-529
-422
-372
-330
-304
-297
-274
-269
-197
-163
-143
-122
-97
-93
-121
-158
-191
-246
-312
-343
-368
-383
-389
-440
-485
-522
-556
-581
-605
-606
-586
-531
-471
-398
-303
-218
-137
-41
23
92
145
196
238
300
366
434
484
522
595
668
732
806
865
894
903
916
933
918
910
881
842
814
759
700
626
545
499
467
439
428
421
385
364
348
349
332
334
323
307
289
227
183
88
-5
-145
-248
-335
-449
-530
-644
-704
-735
-752
-730
-693
-650
-572
-495
-415
-355
-279
-224
-169
-102
-88
-64
-65
-40
-23
-31
-11
-54
-77
-96
-117
-135
-144
-145
-170
-169
-181
-222
-260
-308
-357
-399
-456
-506
-543
-580
-622
-680
-687
-681
-660
-604
-561
-494
-425
-356
-275
-209
-146
-83
-9
37
98
132
171
220
278
331
381
446
481
511
548
587
611
660
696
713
736
785
790
766
786
801
797
809
797
767
734
709
690
651
593
562
517
462
381
325
283
215
170
106
19
-39
-109
-207
-265
-341
-422
-462
-498
-533
-533
-544
-542
-538
-543
-534
-496
-462
-432
-383
-343
-351
-357
-405
-443
-480
-493
-509
-524
-501
-512
-469
-463
-456
-399
-354
-350
-339
-313
-290
-253
-224
-209
-172
-145
-162
-147
-156
-178
-191
-218
-231
-229
-236
-261
-254
-246
-228
-158
-118
-76
-44
-26
3
39
90
107
135
138
139
156
196
193
232
308
369
430
470
545
586
622
673
726
765
824
846
876
881
873
853
821
799
765
715
646
588
534
462
392
339
274
241
195
159
118
97
79
65
31
-7
-34
-103
-143
-205
-239
-271
-319
-331
-358
-371
-363
-393
-389
-364
-348
-302
-260
-216
-197
-176
-151
-167
-183
-213
-276
-318
-370
-421
-481
-515
-532
-558
-602
-616
-613
-639
-633
-653
-669
-665
-653
-636
-616
-603
-574
-564
-563
-536
-512
-465
-419
-339
-273
-210
-153
-90
-14
42
102
181
269
355
436
490
538
604
663
706
732
735
758
753
784
817
819
866
896
902
910
914
896
899
898
863
818
758
711
649
560
472
389
325
239
199
152
95
77
47
-4
-33
-71
-132
-180
-237
-271
-279
-288
-306
-330
-376
-379
-401
-440
-474
-503
-519
-530
-506
-500
-496
-496
-494
-519
-509
-503
-501
-484
-505
-523
-565
-591
-583
-565
-565
-587
-596
-605
-619
-621
-632
-651
-637
-613
-573
-538
-483
-421
-380
-342
-315
-265
-228
-218
-239
-199
-140
-98
5
69
131
207
285
365
446
542
626
678
767
826
850
884
901
944
967
1003
990
990
975
945
931
927
919
879
864
867
870
854
819
768
726
683
624
540
461
333
240
158
40
-55
-123
-166
-239
-298
-352
-402
-492
-554
-573
-592
-602
-617
-613
-627
-631
-623
-621
-618
-624
-645
-664
-671
-681
-678
-662
-649
-619
-591
-598
-590
-599
-585
-566
-571
-557
-539
-535
-523
-476
-450
-431
-393
-375
-340
-304
-265
-217
-193
-164
-126
-83
-17
43
77
118
159
199
249
296
337
343
377
418
427
454
467
498
494
521
564
613
662
686
724
726
718
708
718
727
762
759
770
739
683
644
602
551
511
484
471
489
479
478
446
420
351
292
214
142
104
28
-23
-110
-191
-273
-351
-406
-430
-454
-496
-509
-539
-553
-568
-551
-531
-530
-574
-577
-577
-582
-585
-604
-628
-670
-693
-734
-738
-750
-775
-761
-718
-662
-621
-585
-550
-514
-495
-491
-472
-441
-400
-348
-282
-263
-232
-191
-160
-105
-38
38
125
181
223
299
354
402
461
542
612
667
675
690
696
690
678
682
714
723
710
723
712
715
685
677
682
637
633
626
634
612
583
550
522
494
471
429
402
365
321
294
289
255
244
235
180
132
96
58
47
-4
-38
-69
-148
-226
-289
-365
-440
-489
-553
-614
-678
-721
-746
-769
-799
-820
-835
-857
-904
-915
-904
-909
-899
-851
-810
-775
-732
-678
-640
-605
-581
-541
-525
-504
-442
-410
-362
-342
-324
-290
-240
-185
-109
-29
54
142
209
313
371
439
468
496
537
561
581
623
639
640
660
666
690
693
683
687
684
689
711
722
729
718
695
625
573
545
505
433
406
347
340
322
292
270
234
210
172
133
83
38
-16
-65
-126
-155
-200
-223
-212
-207
-181
-151
-136
-152
-162
-174
-191
-206
-208
-247
-291
-317
-373
-411
-442
-490
-510
-550
-626
-688
-729
-753
-783
-815
-826
-818
-785
-741
-686
-616
-545
-480
-421
-387
-344
-329
-315
-302
-284
-255
-203
-162
-113
-56
19
97
164
244
314
369
416
471
515
567
599
626
673
694
716
748
791
820
845
839
865
871
839
810
755
730
678
640
626
610
583
536
488
453
389
338
297
241
210
171
124
84
28
-24
-63
-123
-174
-227
-275
-317
-381
-423
-441
-462
-518
-548
-552
-569
-560
-565
-606
-611
-625
-596
-559
-562
-527
-497
-498
-489
-483
-476
-475
-472
-448
-462
-443
-435
-442
-430
-440
-461
-484
-474
-460
-440
-429
-399
-381
-383
-375
-374
-314
-290
-273
-234
-196
-143
-86
-16
74
155
211
296
368
449
504
542
603
683
738
778
838
876
908
925
931
930
926
884
864
855
826
791
779
787
781
759
735
695
667
628
579
539
455
389
321
271
225
175
105
7
-68
-137
-182
-230
-270
-305
-360
-402
-422
-435
-451
-456
-460
-482
-489
-488
-516
-540
-569
-564
-563
-573
-545
-569
-585
-596
-591
-596
-620
-607
-610
-631
-608
-594
-588
-566
-531
-478
-451
-464
-472
-466
-462
-475
-471
-469
-478
-466
-456
-409
-336
-274
-225
-171
-102
-29
42
102
178
246
312
403
482
563
634
722
795
849
880
910
916
903
866
843
819
776
776
768
775
762
738
720
674
664
672
654
629
599
557
498
444
398
360
287
230
171
103
51
14
-36
-99
-165
-247
-322
-384
-447
-482
-516
-560
-569
-570
-594
-599
-598
-608
-616
-634
-652
-655
-666
-667
-660
-678
-701
-736
-755
-777
-766
-739
-705
-652
-610
-553
-491
-440
-399
-395
-368
-329
-300
-265
-232
-152
-114
-64
-4
33
59
59
96
178
269
344
398
455
486
502
537
584
618
660
708
763
774
778
810
805
790
770
778
747
717
718
702
679
658
640
600
567
523
494
452
364
313
273
232
188
177
146
110
80
38
5
-55
-84
-129
-162
-203
-245
-291
-345
-377
-433
-497
-548
-600
-627
-640
-642
-666
-684
-697
-712
-728
-727
-723
-767
-793
-811
-799
-771
-740
-705
-666
-641
-621
-566
-549
-484
-391
-363
-342
-293
-254
-173
-121
-86
-11
22
67
116
170
203
216
232
262
289
291
328
351
375
417
436
478
528
545
541
557
561
576
597
606
649
680
712
697
706
702
652
655
648
623
569
540
534
508
484
455
392
339
283
220
159
104
90
80
40
26
11
-36
-63
-83
-104
-119
-138
-185
-221
-262
-243
-254
-269
-258
-299
-311
-337
-366
-390
-435
-451
-457
-474
-489
-485
-498
-529
-545
-565
-609
-617
-636
-657
-643
-616
-574
-541
-523
-490
-458
-435
-373
-346
-308
-232
-171
-99
-48
-7
17
59
108
129
139
161
181
172
174
149
150
176
218
262
300
373
418
441
459
489
513
531
562
596
604
608
618
611
608
586
583
576
561
534
474
444
403
353
303
235
196
160
138
120
101
73
23
-33
-78
-147
-208
-269
-321
-344
-355
-377
-390
-385
-383
-387
-364
-348
-344
-329
-308
-305
-284
-293
-291
-287
-274
-282
-290
-309
-319
-299
-330
-329
-341
-348
-325
-318
-341
-338
-334
-334
-334
-343
-327
-311
-294
-279
-252
-217
-195
-178
-172
-146
-94
-54
-7
22
62
100
126
147
203
272
292
303
303
325
367
415
484
521
512
507
518
524
537
541
536
514
474
451
423
351
336
314
264
273
260
245
241
241
212
221
207
186
151
122
129
120
118
105
68
54
33
-2
-18
-44
-48
-69
-93
-112
-152
-204
-231
-275
-273
-280
-279
-293
-304
-301
-323
-317
-340
-361
-349
-363
-335
-339
-369
-396
-428
-455
-470
-468
-459
-447
-448
-414
-416
-383
-379
-396
-412
-415
-394
-370
-337
-309
-262
-225
-172
-123
-86
-43
13
55
98
136
201
256
311
341
365
412
444
467
493
506
514
543
543
548
544
524
539
572
608
637
610
575
548
550
534
522
536
540
489
473
443
398
384
345
304
225
144
85
17
-42
-109
-159
-200
-241
-253
-269
-283
-309
-348
-355
-367
-406
-458
-490
-514
-490
-480
-490
-497
-499
-486
-493
-460
-420
-397
-343
-318
-303
-315
-309
-289
-296
-270
-254
-245
-212
-203
-178
-155
-128
-108
-110
-98
-90
-72
-69
-56
-77
-90
-92
-95
-85
-65
-51
-26
-3
35
70
98
152
189
215
236
277
308
319
334
372
370
370
387
389
376
383
378
364
316
282
255
226
222
202
202
200
223
230
223
241
255
266
258
241
226
222
192
161
156
137
114
74
40
33
16
9
-6
-42
-56
-64
-63
-47
-39
-42
-53
-82
-112
-116
-132
-175
-204
-230
-248
-270
-303
-319
-338
-383
-398
-394
-406
-399
-384
-359
-353
-316
-284
-295
-314
-318
-309
-319
-293
-258
-260
-261
-265
-237
-206
-200
-171
-139
-102
-49
-3
38
60
70
86
106
115
146
185
210
221
218
225
223
229
224
208
214
184
153
146
145
148
162
171
204
229
216
247
261
251
261
240
235
258
248
245
229
237
271
279
308
306
276
245
238
219
180
135
105
104
91
88
62
56
62
25
-13
-48
-74
-95
-104
-109
-113
-154
-217
-236
-257
-268
-292
-304
-335
-366
-381
-410
-426
-430
-446
-442
-450
-473
-471
-433
-433
-414
-382
-340
-283
-257
-219
-173
-115
-92
-35
-9
20
60
47
54
47
55
73
92
101
128
147
146
135
143
174
175
184
192
210
211
193
215
233
237
258
263
289
311
301
304
312
271
244
230
208
164
147
142
145
169
186
221
226
218
207
187
128
121
92
59
69
26
24
42
49
84
69
52
57
63
36
22
1
-17
-33
-53
-79
-93
-107
-157
-201
-239
-227
-240
-283
-317
-302
-325
-349
-326
-306
-310
-315
-300
-295
-295
-286
-259
-271
-273
-255
-246
-233
-232
-221
-230
-189
-126
-89
-10
60
125
173
225
267
292
333
347
340
326
330
327
289
266
225
212
188
154
124
128
164
151
121
110
63
24
37
20
-4
35
71
46
-20
-46
-56
-85
-88
-72
-79
-74
-54
-54
-30
7
32
19
15
25
0
-25
-27
-28
-40
-36
-43
-49
-52
-36
-12
-27
-28
-30
-33
-53
-43
-19
-22
-33
-36
-62
-87
-82
-96
-101
-106
-115
-95
-112
-129
-122
-134
-105
-89
-50
1
28
25
10
-9
-23
-15
11
17
26
22
18
32
24
37
33
7
40
43
28
50
81
117
139
186
204
190
157
128
96
75
64
88
116
96
81
50
18
8
-22
-67
-101
-132
-144
-166
-172
-184
-206
-202
-192
-180
-169
-152
-148
-137
-86
-29
38
72
94
135
126
110
118
126
131
127
103
93
81
57
32
43
62
97
143
139
143
160
143
130
126
106
112
125
112
85
59
14
-13
-50
-56
-84
-122
-123
-183
-217
-225
-244
-238
-217
-191
-161
-160
-156
-130
-110
-94
-71
-55
-50
-41
-47
-16
-5
-2
9
5
6
0
10
7
-1
10
-3
-6
15
23
4
-8
-19
-53
-41
-41
-58
-40
-26
-19
-9
-22
-25
6
9
-20
-39
-18
-29
-43
-38
-27
-47
-71
-54
-25
-12
-8
13
32
57
72
93
123
155
159
136
138
146
131
98
116
135
140
135
120
126
126
132
157
181
216
217
223
225
194
153
103
71
21
-37
-77
-107
-123
-114
-68
-58
-34
-12
-18
-21
-48
-47
-37
-19
-2
34
72
91
111
101
125
137
138
130
117
104
79
58
32
19
-10
-27
-40
-50
-39
-55
-75
-116
-133
-130
-172
-196
-226
-267
-296
-310
-327
-329
-322
-305
-297
-266
-254
-241
-224
-253
-249
-213
-188
-195
-187
-145
-126
-93
-46
-25
3
28
59
76
83
94
99
121
158
182
174
171
166
165
196
179
189
222
227
241
226
222
226
239
241
237
242
275
275
283
296
271
226
181
166
168
162
162
147
132
106
77
83
100
115
137
141
101
96
101
61
27
-6
-31
-65
-101
-135
-176
-210
-228
-250
-269
-279
-287
-302
-345
-364
-365
-390
-387
-395
-396
-411
-431
-415
-381
-340
-320
-302
-301
-316
-353
-353
-351
-336
-296
-270
-240
-192
-164
-138
-86
-70
-60
-26
-1
59
102
135
143
155
175
177
211
220
232
249
277
306
324
326
354
364
352
347
335
314
281
313
314
312
319
335
339
334
324
316
327
299
302
285
256
229
201
180
167
130
87
57
32
40
12
-22
-32
-13
-11
-19
-17
-5
-24
-37
-19
-50
-66
-85
-103
-122
-142
-159
-193
-191
-196
-233
-259
-269
-293
-289
-287
-303
-289
-323
-315
-313
-344
-343
-361
-371
-374
-352
-334
-308
-300
-282
-286
-277
-282
-276
-260
-257
-237
-219
-196
-160
-108
-74
-4
59
103
168
204
235
238
257
264
252
263
250
280
299
326
354
376
382
371
370
366
370
371
361
333
324
307
282
277
277
243
243
241
257
257
231
205
168
151
117
106
99
102
98
96
90
85
54
38
13
-44
-49
-61
-100
-142
-181
-229
-262
-288
-283
-280
-300
-287
-295
-277
-238
-222
-211
-211
-211
-197
-198
-186
-210
-239
-263
-284
-280
-276
-266
-252
-242
-208
-201
-212
-188
-191
-193
-162
-155
-148
-158
-163
-128
-86
-38
-14
9
11
40
57
48
58
91
112
126
145
141
162
197
239
276
331
354
388
427
433
455
431
417
416
423
422
409
402
394
372
352
351
335
290
239
167
125
79
37
1
-57
-59
-83
-122
-126
-137
-144
-173
-183
-172
-181
-158
-148
-144
-137
-127
-132
-153
-197
-243
-281
-309
-323
-326
-340
-373
-369
-347
-345
-338
-313
-334
-342
-334
-316
-299
-265
-225
-217
-201
-195
-168
-152
-155
-160
-140
-131
-106
-99
-96
-80
-76
-57
-35
-6
19
17
8
13
25
52
41
68
100
148
205
231
247
258
288
290
304
344
359
364
384
396
393
390
365
368
360
375
367
352
354
342
348
328
305
297
287
277
275
245
197
153
93
40
-35
-112
-142
-170
-198
-231
-247
-259
-304
-324
-327
-339
-335
-328
-323
-320
-313
-269
-264
-271
-246
-241
-215
-204
-198
-207
-221
-219
-251
-256
-232
-203
-188
-157
-129
-116
-96
-93
-61
-58
-55
-22
10
41
78
95
92
118
156
166
169
187
207
217
223
210
188
179
175
161
129
108
108
109
98
115
125
123
128
127
143
155
159
169
147
133
111
89
73
79
83
89
74
73
56
48
51
40
19
19
35
12
-1
-27
-13
-32
-56
-74
-64
-93
-91
-65
-68
-72
-93
-111
-121
-163
-183
-176
-197
-175
-177
-191
-200
-209
-255
-273
-274
-251
-221
-189
-162
-157
-153
-159
-150
-160
-172
-179
-181
-187
-178
-156
-148
-123
-105
-78
-62
-39
-18
2
44
69
93
126
175
228
253
298
333
336
353
371
385
385
383
370
352
302
286
280
275
273
272
288
264
233
223
229
196
204
202
195
210
181
178
174
180
176
174
143
104
68
27
-2
-28
-86
-113
-118
-138
-151
-162
-184
-210
-205
-216
-239
-256
-255
-257
-252
-223
-221
-213
-226
-247
-241
-246
-226
-202
-227
-244
-250
-256
-247
-254
-256
-259
-239
-230
-257
-257
-264
-295
-315
-316
-305
-267
-204
-178
-140
-118
-109
-85
-94
-76
-72
-36
0
31
46
51
76
90
96
114
171
207
228
262
261
284
285
286
311
326
347
351
350
356
346
300
264
244
217
204
192
154
146
129
92
94
87
85
84
65
64
66
53
42
42
35
30
29
26
37
38
37
20
8
-10
-32
-42
-40
-34
-48
-56
-52
-54
-86
-124
-146
-172
-211
-198
-172
-161
-169
-173
-142
-149
-162
-161
-165
-185
-224
-228
-267
-302
-312
-315
-311
-299
-293
-277
-255
-219
-180
-166
-159
-137
-90
-47
9
40
65
93
152
175
214
229
230
245
226
210
192
198
207
214
238
273
270
271
278
295
317
340
365
382
381
359
349
347
351
331
296
284
260
226
190
158
114
67
38
15
13
9
-27
-45
-42
-63
-72
-77
-80
-101
-145
-162
-166
-175
-189
-190
-210
-214
-216
-249
-270
-309
-356
-358
-375
-403
-426
-417
-401
-407
-383
-346
-311
-293
-287
-262
-232
-212
-176
-168
-151
-120
-125
-111
-118
-112
-115
-121
-102
-124
-128
-127
-108
-99
-73
-48
-17
13
49
102
125
163
224
275
283
293
277
280
287
287
319
338
347
352
354
348
338
322
329
345
361
347
349
343
337
343
328
310
316
324
329
289
258
234
183
136
96
88
51
30
23
8
-48
-90
-135
-179
-218
-252
-264
-263
-266
-280
-280
-285
-271
-248
-253
-239
-225
-211
-238
-251
-243
-245
-225
-219
-190
-169
-145
-131
-118
-108
-101
-105
-119
-130
-117
-102
-113
-108
-115
-107
-96
-88
-87
-85
-72
-62
-68
-50
-24
-32
-53
-71
-43
-18
-4
0
-17
-42
-48
-21
1
27
48
72
69
96
112
112
128
160
215
240
274
266
276
276
282
304
339
352
343
319
279
266
234
215
181
147
125
113
80
56
29
-6
-25
-53
-75
-110
-109
-129
-143
-145
-150
-154
-174
-184
-168
-141
-129
-139
-149
-150
-150
-146
-135
-126
-127
-132
-155
-146
-148
-151
-149
-150
-143
-154
-158
-189
-202
-178
-175
-164
-166
-186
-188
-174
-164
-162
-140
-121
-107
-100
-87
-62
-44
9
34
33
75
85
105
135
160
184
193
221
232
221
197
162
155
143
123
139
140
133
145
143
135
151
167
141
149
148
160
161
161
163
158
169
174
161
141
137
95
83
95
102
102
121
126
141
157
168
174
156
168
156
110
83
69
58
51
30
15
9
12
-12
-36
-71
-122
-152
-208
-217
-246
-283
-299
-316
-343
-389
-415
-404
-392
-403
-373
-371
-375
-372
-363
-337
-324
-290
-256
-214
-192
-192
-166
-132
-91
-69
-46
-26
11
29
71
95
96
106
103
123
135
155
139
162
221
257
284
305
332
336
363
362
381
373
367
358
307
298
291
277
276
249
210
194
159
124
77
37
10
-25
-47
-43
-42
-44
-56
-81
-74
-76
-91
-95
-92
-98
-106
-95
-92
-109
-118
-107
-122
-125
-107
-99
-75
-28
-26
-21
-23
-40
-55
-83
-85
-81
-73
-56
-63
-76
-105
-111
-124
-137
-162
-181
-195
-198
-185
-196
-174
-177
-163
-153
-144
-135
-129
-121
-118
-88
-81
-53
-29
-3
11
3
9
18
43
58
71
77
79
94
100
93
95
97
100
98
112
141
157
178
185
163
147
147
154
160
180
197
215
199
183
188
168
140
116
84
75
83
54
27
32
9
-9
-8
-29
-44
-47
-56
-57
-60
-56
-55
-63
-81
-96
-77
-69
-81
-75
-64
-70
-83
-64
-47
-34
-41
-44
-46
-64
-65
-65
-61
-38
-37
-44
-28
-4
7
-16
-19
-14
-30
-21
-22
-37
-55
-69
-75
-74
-73
-77
-113
-110
-89
-95
-70
-73
-61
-89
-98
-77
-68
-56
-38
-22
3
20
-2
11
28
9
2
35
43
69
86
102
117
136
174
163
169
148
135
116
97
90
108
94
95
101
82
82
60
54
63
56
62
41
14
-12
-45
-41
-36
-27
-1
19
-3
4
19
23
-2
-3
7
6
8
14
-11
-22
-18
-32
-50
-55
-57
-63
-65
-76
-85
-111
-140
-162
-182
-183
-138
-135
-126
-113
-113
-112
-98
-92
-100
-97
-88
-90
-99
-86
-79
-85
-71
-65
-65
-41
-21
-3
-6
9
12
21
25
44
63
73
91
101
111
115
136
144
155
178
197
211
222
198
173
188
177
163
200
195
183
176
173
149
145
142
119
104
65
35
24
17
-5
-24
-24
-5
14
32
45
18
-7
-40
-53
-71
-90
-72
-82
-81
-108
-91
-71
-86
-96
-103
-100
-97
-83
-104
-122
-118
-126
-133
-117
-104
-71
-81
-86
-82
-80
-72
-83
-54
-31
-42
-31
1
6
33
63
65
55
41
42
28
20
37
35
38
21
15
17
7
-19
-10
-12
-17
-21
-23
-14
-16
-14
-18
-5
-4
-10
-12
-15
6
0
-15
-34
-68
-79
-83
-79
-95
-61
-49
-35
-10
17
26
22
7
-6
12
7
16
18
29
22
14
21
25
20
10
17
25
19
17
24
11
-7
-20
-26
-22
-17
-15
-10
-6
-14
-18
-27
-27
-30
-7
14
31
70
78
77
102
117
132
146
148
166
171
188
171
163
152
137
152
140
109
80
42
-2
-16
-34
-64
-75
-87
-70
-88
-135
-131
-143
-151
-134
-135
-138
-118
-129
-127
-147
-161
-143
-139
-121
-122
-133
-131
-121
-113
-92
-78
-89
-103
-76
-46
-15
-2
16
36
44
59
72
89
90
79
57
38
36
22
7
22
33
29
34
29
30
45
38
46
58
44
0
-19
-39
-63
-50
-36
-18
-21
-13
-3
-3
19
35
33
57
79
97
120
126
104
111
125
128
141
166
186
192
226
241
234
241
260
237
202
202
200
164
157
153
135
106
104
91
82
54
29
-1
-57
-92
-129
-121
-126
-125
-129
-160
-184
-209
-271
-310
-340
-380
-394
-392
-379
-376
-371
-352
-352
-370
-349
-326
-330
-301
-274
-270
-247
-211
-181
-162
-131
-104
-72
-48
-35
-14
0
-5
18
57
102
140
187
204
211
249
237
255
296
318
296
290
298
298
292
309
344
348
364
354
343
322
302
279
247
220
177
158
121
91
76
46
58
57
55
43
55
44
10
-13
-29
-26
-18
-46
-41
-39
-47
-69
-81
-96
-136
-137
-153
-135
-122
-97
-83
-81
-82
-90
-95
-101
-103
-118
-133
-111
-110
-95
-92
-92
-66
-66
-61
-50
-46
-57
-69
-79
-78
-82
-67
-64
-57
-85
-109
-127
-174
-180
-196
-190
-200
-226
-241
-232
-211
-212
-203
-197
-180
-176
-155
-131
-123
-109
-83
-54
-26
13
44
69
108
159
207
238
269
290
317
338
352
354
346
368
375
347
329
284
259
242
224
209
159
122
85
56
51
24
18
38
40
44
65
50
41
25
-17
-34
-57
-55
-41
-24
-3
2
5
-17
-31
-33
-52
-53
-71
-102
-126
-160
-173
-162
-162
-143
-122
-140
-142
-155
-190
-198
-195
-203
-205
-203
-191
-172
-148
-119
-147
-150
-149
-134
-114
-116
-146
-143
-125
-114
-112
-131
-115
-77
-52
-64
-71
-87
-28
1
-20
-24
-18
-10
-19
-28
2
31
32
33
46
73
88
102
122
168
193
216
259
271
287
290
316
328
341
351
356
369
345
349
357
333
303
292
264
234
193
146
115
95
51
12
2
-26
-18
-10
-7
-17
-59
-96
-107
-108
-135
-143
-150
-133
-100
-88
-80
-86
-104
-159
-203
-223
-226
-225
-226
-232
-218
-218
-186
-143
-141
-168
-162
-146
-159
-129
-92
-102
-107
-93
-101
-139
-169
-197
-218
-226
-242
-249
-247
-249
-239
-235
-232
-217
-207
-191
-205
-174
-132
-110
-78
-52
-14
28
76
123
170
224
272
317
357
376
391
391
409
414
408
405
407
407
401
399
408
422
435
431
441
419
417
422
394
355
321
285
228
202
170
141
124
93
60
16
-1
-45
-91
-131
-177
-205
-240
-248
-272
-281
-281
-304
-322
-342
-354
-377
-382
-379
-379
-388
-401
-407
-407
-407
-415
-412
-411
-423
-420
-385
-337
-289
-261
-233
-201
-184
-153
-146
-136
-98
-70
-33
12
39
80
106
147
191
206
219
217
207
218
217
216
218
230
248
246
233
251
243
216
223
251
259
254
270
262
259
272
265
267
280
271
274
264
242
228
195
151
136
110
82
65
31
23
-9
-51
-72
-105
-107
-140
-176
-177
-199
-214
-232
-230
-215
-214
-195
-192
-178
-171
-187
-184
-189
-194
-197
-208
-193
-214
-233
-246
-249
-278
-299
-262
-250
-234
-220
-218
-200
-175
-150
-120
-99
-75
-44
2
25
40
62
32
9
9
1
-3
5
16
25
28
34
55
79
85
94
97
90
118
133
149
171
202
235
260
287
308
347
354
373
396
371
355
332
320
316
275
238
199
190
146
107
73
56
61
44
50
30
34
27
36
40
41
56
47
34
22
5
-31
-59
-81
-88
-93
-129
-136
-152
-160
-178
-198
-177
-200
-196
-179
-171
-162
-148
-134
-146
-159
-163
-165
-156
-161
-173
-192
-208
-209
-196
-191
-195
-179
-188
-179
-163
-151
-134
-122
-139
-157
-165
-150
-143
-132
-107
-82
-77
-75
-65
-67
-52
-45
-8
28
37
37
37
47
61
53
54
56
54
62
95
124
139
140
156
170
181
205
205
217
214
221
242
243
251
263
247
243
219
204
202
194
211
213
222
222
236
237
244
238
221
205
196
169
141
122
114
107
93
90
70
54
31
11
-13
-22
-43
-63
-95
-106
-138
-159
-187
-219
-252
-280
-305
-329
-330
-345
-352
-364
-357
-360
-356
-351
-339
-326
-324
-298
-261
-225
-222
-201
-180
-186
-160
-135
-127
-98
-86
-66
-43
-14
10
20
25
64
82
99
120
130
154
177
190
211
236
261
287
296
296
294
298
281
285
281
281
290
279
283
263
233
236
213
210
202
175
160
149
127
94
70
29
-1
-26
-61
-78
-94
-95
-106
-113
-113
-148
-178
-190
-210
-203
-197
-206
-205
-191
-192
-203
-183
-175
-176
-191
-191
-182
-177
-185
-196
-178
-153
-136
-106
-78
-39
-27
-37
-33
-32
-38
-38
-30
-39
-22
-19
-20
-31
-61
-81
-100
-99
-86
-76
-73
-49
-51
-75
-87
-100
-92
-74
-43
-31
-13
6
25
65
84
84
85
92
93
63
63
75
106
141
173
197
190
175
161
168
165
146
154
169
188
202
234
256
244
225
219
223
229
239
224
221
185
153
122
110
75
54
27
0
-10
-56
-89
-117
-140
-156
-151
-133
-107
-90
-70
-54
-57
-57
-63
-69
-73
-47
-49
-62
-75
-123
-143
-154
-178
-192
-217
-230
-249
-248
-231
-210
-180
-138
-107
-74
-55
-43
-26
-10
-11
-17
-18
-17
-19
-8
5
22
43
44
39
32
27
22
34
44
54
70
99
105
109
100
80
60
27
-6
-3
-10
-11
-26
-46
-30
-11
6
24
37
43
48
45
62
70
89
130
143
153
184
180
198
187
169
152
113
93
79
63
32
8
7
6
9
10
19
-7
-16
-30
-28
-41
-58
-41
-35
-34
-19
10
17
15
15
-5
-12
-23
-27
-34
-34
-62
-82
-93
-107
-116
-146
-127
-98
-63
-50
-61
-67
-70
-74
-76
-92
-112
-122
-101
-103
-121
-120
-104
-102
-95
-94
-102
-96
-116
-121
-136
-125
-110
-94
-66
-41
-13
-6
9
11
49
82
96
130
158
172
157
138
135
144
152
171
169
165
164
179
192
202
218
210
200
196
193
183
184
188
195
176
151
125
106
93
75
57
9
-49
-90
-115
-124
-156
-179
-192
-177
-195
-218
-204
-204
-201
-201
-208
-212
-214
-200
-197
-204
-190
-201
-197
-184
-212
-204
-198
-190
-171
-144
-117
-101
-83
-53
-26
-9
19
45
91
132
184
199
217
214
203
200
171
148
151
161
171
173
172
166
157
140
120
110
97
98
103
119
90
76
41
39
27
23
17
-17
-22
-24
-18
-29
-41
-48
-75
-74
-71
-74
-80
-69
-61
-49
-27
8
16
14
-11
-45
-77
-124
-119
-107
-94
-69
-31
-11
-1
-41
-46
-36
-62
-64
-86
-99
-115
-119
-108
-97
-94
-73
-35
-9
3
22
28
29
25
27
29
27
32
51
69
63
80
90
77
62
62
68
64
66
67
68
61
53
57
30
13
21
10
9
24
31
13
3
0
4
6
17
38
45
61
68
56
36
42
42
46
19
-19
-26
-37
-36
-55
-64
-74
-90
-78
-67
-65
-82
-83
-93
-114
-125
-121
-119
-105
-93
-80
-62
-42
-53
-59
-48
-52
-41
-43
-21
19
16
21
42
40
40
41
52
45
69
90
99
128
140
159
161
188
199
196
180
147
132
152
165
162
148
100
81
76
79
74
44
37
13
-14
-3
11
16
8
0
-14
-18
-10
-14
-30
-50
-42
-21
-13
6
1
-23
-61
-75
-84
-99
-135
-157
-149
-152
-157
-163
-155
-162
-160
-160
-123
-97
-87
-79
-69
-68
-81
-93
-92
-89
-82
-69
-53
-16
-14
8
19
6
15
23
20
45
46
67
108
103
127
154
158
170
171
153
125
79
60
40
26
8
7
5
-2
0
-16
-18
-32
-39
-48
-49
-39
-32
-1
24
26
22
23
28
22
27
20
-2
25
14
16
5
5
21
4
-9
-35
-32
-58
-73
-72
-76
-68
-30
-11
-6
7
-11
-14
-28
-25
-48
-54
-48
-70
-70
-84
-94
-92
-90
-86
-92
-121
-130
-135
-133
-126
-106
-97
-100
-88
-91
-70
-63
-25
-3
25
35
53
80
90
104
111
118
115
149
160
177
193
210
210
224
208
212
206
182
163
123
92
71
45
22
19
9
9
-15
-39
-38
-31
-20
-24
-20
-35
-55
-60
-71
-79
-95
-100
-102
-98
-100
-82
-75
-62
-43
-34
-11
-1
6
3
-15
-21
-17
-15
-5
-3
4
5
8
18
27
39
38
29
35
35
34
38
9
-29
-35
-26
-36
-37
-38
-35
-27
-46
-64
-59
-72
-95
-116
-112
-95
-91
-79
-78
-88
-81
-83
-80
-86
-94
-96
-88
-77
-65
-14
30
57
84
120
119
142
162
159
157
152
148
146
148
136
133
124
110
96
79
65
50
46
46
52
64
63
55
35
21
10
-10
-4
18
23
35
33
41
35
3
-24
-41
-41
-41
-58
-46
-32
-24
-18
-8
-21
-37
-45
-36
-30
-25
-16
-13
-16
-28
-36
-38
-50
-71
-52
-34
-20
5
4
4
29
54
59
55
80
83
63
48
30
22
16
3
-4
-30
-71
-95
-110
-126
-142
-147
-141
-122
-108
-71
-45
-25
1
17
13
8
7
-3
2
2
4
4
3
-13
-20
-38
-59
-61
-54
-33
-19
-6
8
7
24
35
34
41
45
52
72
80
80
99
110
127
154
135
100
90
67
46
47
59
47
25
23
-15
-50
-83
-109
-139
-142
-151
-159
-156
-158
-127
-105
-84
-58
-39
-39
-20
-36
-24
-11
-13
-21
-14
-3
2
16
9
0
-26
-21
-39
-40
-47
-55
-28
0
24
51
76
67
67
75
60
62
49
40
45
60
55
39
47
38
43
58
42
37
49
64
68
75
87
87
85
80
70
60
43
29
24
11
10
4
-12
-8
-4
7
-12
-20
-23
-30
-27
-33
-25
-28
-42
-70
-79
-80
-67
-78
-86
-80
-73
-49
-48
-33
-35
-31
-33
-35
-11
-7
9
16
3
-2
-2
-11
-30
-34
-41
-56
-59
-53
-46
-33
-17
-1
6
15
16
1
-7
-12
0
8
16
17
5
14
17
12
5
-2
-1
-10
-11
-13
-16
3
14
14
14
36
43
50
45
58
67
65
68
44
15
-10
-17
-18
-33
-35
-33
-40
-44
-42
-34
-7
9
40
64
65
85
82
94
95
84
86
75
69
70
63
44
43
29
16
6
-8
-8
-16
-23
-18
-37
-44
-47
-59
-74
-80
-82
-81
-68
-61
-64
-75
-80
-97
-96
-70
-58
-29
4
32
59
82
107
109
90
98
102
89
82
82
67
68
55
42
38
34
8
-3
-13
-20
-7
-26
-19
-17
-16
-13
-15
-10
-15
-9
-13
-19
-20
-39
-50
-62
-58
-41
-33
-31
-24
-11
-11
0
-8
-18
-23
-32
-29
-19
1
21
32
35
42
39
34
23
12
9
10
11
13
17
24
27
39
42
46
55
41
47
39
19
15
4
-7
-12
-20
-45
-64
-59
-76
-79
-83
-88
-73
-82
-89
-94
-113
-114
-102
-95
-85
-68
-48
-41
-31
-14
1
12
22
22
26
29
30
30
41
45
53
45
49
55
60
69
66
61
65
72
73
70
56
51
36
25
10
-19
-48
-77
-88
-102
-117
-107
-108
-112
-111
-107
-123
-119
-114
-97
-83
-62
-49
-37
-16
-2
0
0
6
35
55
78
103
99
120
120
122
123
125
120
115
123
120
118
115
103
95
91
92
87
93
104
96
90
71
60
51
29
22
15
7
-4
-7
-7
-5
-10
-23
-31
-48
-50
-58
-73
-71
-70
-61
-54
-47
-38
-46
-58
-63
-69
-68
-78
-76
-81
-86
-91
-89
-79
-72
-61
-60
-51
-52
-46
-41
-41
-45
-43
-41
-33
-30
-28
-28
-41
-42
-55
-58
-61
-58
-47
-42
-32
-23
-18
-11
-8
-20
-31
-26
-20
0
33
44
57
54
58
66
63
63
72
80
92
113
109
112
115
113
107
107
115
120
125
136
139
127
144
130
120
92
62
43
13
10
-13
-21
-27
-34
-41
-49
-49
-59
-64
-62
-59
-57
-46
-42
-32
-24
-25
-41
-49
-54
-59
-78
-86
-85
-95
-95
-92
-105
-109
-107
-91
-75
-71
-66
-56
-29
-10
-3
1
-5
-8
-10
-7
-10
-19
-3
6
10
16
20
15
15
27
47
53
56
63
67
74
84
94
100
102
99
92
78
85
86
82
93
100
98
84
78
69
58
54
48
49
41
25
14
24
18
9
-1
-11
-23
-44
-44
-62
-60
-53
-53
-41
-45
-20
-6
-14
-13
-37
-51
-60
-63
-71
-77
-75
-68
-59
-42
-34
-39
-50
-55
-54
-53
-61
-41
-38
-47
-48
-46
-46
-42
-33
-33
-23
-6
0
1
-11
-27
-34
-30
-24
-19
-7
-3
8
16
14
23
17
1
-9
-17
-11
-23
-28
-39
-35
-36
-36
-32
-37
-28
-16
-15
-22
-11
-20
-27
-28
-29
-25
-15
7
22
29
38
38
32
43
51
50
56
50
46
45
39
37
51
52
50
53
44
43
31
24
23
19
15
14
11
8
6
0
5
9
5
6
1
4
3
14
17
16
21
42
53
49
47
32
27
31
26
19
18
22
29
34
30
21
3
-19
-26
-28
-28
-28
-21
-12
-17
-7
-8
-10
-13
-16
-16
-25
-23
-19
-18
-19
-22
-23
-15
-23
-36
-38
-47
-47
-50
-59
-63
-51
-50
-52
-57
-65
-54
-56
-45
-42
-35
-29
-22
-3
7
0
3
4
2
11
23
39
55
62
75
85
89
96
91
89
73
57
49
56
63
69
87
92
94
88
77
67
66
54
43
34
25
18
-1
-19
-37
-52
-68
-71
-72
-82
-79
-80
-90
-81
-76
-73
-70
-61
-51
-39
-23
-15
-12
-14
1
-11
-20
-20
-18
-8
-1
-1
8
-1
-3
10
13
27
26
17
1
2
-8
-17
-16
-21
-20
-23
-30
-33
-28
-29
-27
-24
-24
-21
-4
3
-2
5
3
4
7
1
-7
-1
0
6
8
13
11
10
15
10
15
13
36
40
35
38
32
36
35
41
54
50
59
65
56
62
59
64
67
59
56
53
56
51
45
29
26
35
22
13
12
2
9
7
4
-3
-14
-33
-43
-46
-51
-70
-76
-72
-80
-72
-80
-83
-80
-74
-70
-69
-62
-52
-50
-48
-35
-28
-20
-14
-5
-7
-5
-11
-14
-13
-24
-36
-50
-56
-55
-33
-30
-33
-19
-22
-23
-12
-6
-5
7
9
4
1
7
15
15
27
27
23
37
29
24
16
18
16
24
40
30
37
44
49
52
57
54
62
64
61
72
72
67
57
53
41
28
12
7
0
-1
4
-4
-11
-15
-8
-3
-6
-9
-13
-17
-13
-15
-15
-12
-11
-21
-18
-23
-34
-44
-52
-58
-64
-63
-65
-62
-63
-76
-82
-83
-80
-81
-77
-71
-70
-69
-71
-61
-39
-30
-26
-12
-6
9
12
25
47
55
66
67
67
70
74
74
72
66
67
61
59
52
54
69
72
67
61
61
45
36
37
31
28
34
31
27
24
26
18
11
4
8
10
9
21
26
29
14
7
5
-5
-2
-5
2
5
11
19
19
22
14
3
1
1
-8
-13
-16
-23
-27
-31
-33
-32
-39
-46
-43
-40
-36
-31
-25
-29
-36
-41
-46
-53
-54
-52
-55
-59
-65
-59
-58
-59
-57
-47
-42
-33
-21
-15
-25
-28
-26
-27
-38
-34
-29
-29
-19
-11
11
22
24
34
30
36
48
50
57
54
61
51
52
51
45
58
52
42
47
50
42
41
39
29
17
14
18
29
24
15
10
8
8
5
15
20
29
33
37
49
42
35
32
27
29
21
14
14
-4
-16
-24
-39
-45
-59
-68
-68
-64
-57
-52
-46
-46
-46
-44
-36
-32
-24
-23
-23
-26
-18
-9
-11
-7
-17
-18
-26
-36
-27
-23
-12
0
11
11
15
24
26
29
27
33
36
33
29
27
29
24
17
3
2
-1
-8
-1
-11
-12
-7
-4
2
1
7
16
23
15
19
18
16
12
15
22
18
20
20
25
19
18
13
2
-7
-15
-10
-5
1
11
16
24
15
12
12
1
-12
-18
-20
-32
-36
-37
-37
-29
-24
-20
-14
-4
-6
-1
-1
-5
-14
-16
-14
-23
-32
-40
-41
-37
-33
-20
-8
-1
5
2
-1
-9
-12
-16
-22
-20
-28
-30
-33
-38
-35
-28
-21
-24
-25
-14
-9
-11
-13
-17
-23
-17
-11
-6
1
0
3
12
18
22
24
29
36
40
42
37
44
40
39
38
35
34
21
17
16
18
14
11
9
6
14
10
12
18
12
18
16
20
30
33
33
26
18
6
1
-12
-24
-27
-28
-23
-18
-16
-15
-15
-21
-20
-23
-21
-19
-17
-27
-25
-15
-19
-11
-5
-8
6
4
4
8
10
10
6
7
12
19
18
20
23
26
20
13
14
6
-8
-7
-1
-1
12
21
26
22
23
19
13
15
15
24
23
26
29
22
28
27
16
20
19
16
16
10
7
8
6
4
10
12
13
14
17
16
13
24
21
11
9
3
4
-1
-4
-7
-24
-28
-37
-47
-56
-51
-49
-50
-53
-52
-41
-40
-23
-12
-6
4
10
13
9
-1
-1
-1
-2
-6
-7
-4
-12
-23
-30
-44
-54
-61
-70
-66
-56
-38
-32
-26
-16
-18
-17
-18
-15
-10
-4
-5
1
1
4
6
5
7
5
9
13
23
33
39
43
52
48
38
34
39
48
51
54
57
51
50
49
42
44
36
24
23
21
14
3
6
1
-8
-8
-9
-12
-11
-12
-11
-9
-14
-11
-12
-12
-9
-12
-17
-33
-38
-43
-39
-37
-31
-24
-25
-28
-30
-32
-33
-33
-31
-27
-25
-16
-14
-17
-14
-19
-23
-22
-23
-14
-3
15
19
34
43
42
48
48
45
38
40
37
40
35
35
41
42
36
28
21
22
21
24
16
6
-2
-11
-15
-17
-3
0
-1
-5
-15
-22
-34
-47
-55
-54
-49
-40
-33
-25
-29
-37
-40
-39
-35
-25
-24
-23
-21
-22
-27
-37
-40
-41
-37
-38
-37
-30
-23
-14
-2
15
24
30
31
30
38
35
40
50
44
38
29
31
28
21
24
11
11
10
1
-5
-10
-15
-17
-16
-15
-1
12
24
35
37
45
45
39
33
32
28
19
9
-1
0
-1
-3
-8
-11
-12
-7
-6
-10
-3
-5
-1
9
11
9
12
10
14
10
7
12
8
15
15
7
5
3
5
10
11
14
3
-6
-9
-17
-23
-29
-36
-44
-40
-43
-37
-26
-17
-17
-13
-18
-13
-6
-4
1
1
7
14
20
23
33
47
43
42
30
21
20
17
16
11
-4
-10
-5
-5
-12
-12
-15
-15
-11
-11
-12
-18
-24
-26
-28
-25
-21
-19
-12
-11
3
10
20
28
35
38
40
42
39
43
39
39
33
27
23
20
22
18
17
12
12
4
-1
0
-4
9
4
2
-2
-7
-7
-5
-3
-7
-2
3
5
3
0
-6
-14
-23
-28
-22
-15
-7
-1
-1
-10
-10
-18
-22
-24
-18
-13
-21
-26
-26
-39
-47
-47
-52
-47
-45
-42
-42
-45
-39
-34
-36
-26
-18
-14
-12
-7
4
11
21
31
29
34
34
27
29
22
19
20
9
-3
-8
-22
-35
-39
-47
-46
-49
-50
-57
-59
-59
-62
-58
-57
-49
-40
-33
-19
-6
0
7
15
20
17
20
18
16
16
20
30
44
57
69
75
74
75
82
84
86
88
89
85
84
89
79
76
73
71
62
46
38
20
10
10
9
8
2
6
-1
-9
-17
-25
-30
-39
-43
-43
-51
-44
-47
-52
-57
-60
-60
-66
-62
-59
-48
-42
-34
-33
-40
-46
-52
-47
-44
-39
-33
-32
-30
-27
-33
-28
-26
-22
-23
-17
-13
-13
-9
-19
-10
-4
-1
10
27
21
27
40
41
54
46
51
53
52
51
49
53
51
43
42
38
40
42
36
41
38
42
46
51
61
55
45
37
35
20
12
6
5
5
3
-5
-1
-1
1
8
1
1
-4
-3
-5
-11
-7
-8
-10
-10
-8
-20
-25
-32
-48
-53
-55
-53
-54
-53
-54
-59
-66
-78
-84
-88
-91
-84
-71
-61
-51
-36
-27
-15
0
6
10
22
22
29
24
21
20
15
18
22
25
29
28
22
19
15
13
11
9
11
8
9
15
11
6
5
