-3
-7
-12
-9
-8
-9
-6
-7
-4
-7
-3
5
-1
0
0
-5
-7
-8
-9
-6
-7
-12
-16
-20
-21
-25
-22
-22
-18
-15
-12
-6
-4
0
6
7
11
14
15
18
14
16
20
18
21
25
27
28
28
29
29
30
25
27
33
29
26
33
35
35
34
35
32
32
24
21
23
17
16
11
7
2
0
0
-4
-4
-5
-12
-15
-15
-21
-25
-23
-27
-31
-29
-31
-32
-31
-31
-32
-28
-30
-24
-23
-21
-23
-22
-19
-24
-21
-20
-18
-21
-24
-23
-20
-21
-18
-15
-14
-7
-10
-8
-3
-1
1
2
2
2
3
5
5
5
8
7
13
13
13
17
18
21
20
17
19
21
19
22
18
20
20
22
21
20
22
16
17
13
14
13
13
15
11
10
8
8
2
0
-2
-5
-8
-13
-12
-10
-15
-13
-15
-13
-16
-11
-6
-14
-8
-7
-11
-11
-18
-25
-22
-24
-29
-26
-20
-19
-25
-22
-17
-16
-15
-13
-9
-7
-5
1
2
1
0
6
6
6
8
11
14
15
23
21
23
24
21
24
25
27
23
25
26
30
24
28
30
29
29
30
25
21
19
15
15
19
19
16
19
11
15
10
4
5
2
2
2
-1
-3
-4
-6
-7
-8
-12
-11
-13
-19
-20
-23
-25
-24
-25
-23
-24
-23
-22
-19
-21
-21
-19
-19
-23
-22
-24
-25
-25
-24
-25
-20
-21
-22
-21
-22
-17
-20
-18
-17
-17
-17
-13
-11
-5
-2
-3
0
1
4
9
10
13
21
17
20
24
25
25
22
26
24
25
32
34
37
39
35
31
29
27
25
23
28
23
18
14
13
12
10
8
7
4
-5
-9
-10
-9
-15
-15
-17
-22
-20
-17
-23
-24
-22
-28
-30
-33
-35
-33
-29
-30
-27
-24
-22
-21
-21
-20
-21
-14
-17
-12
-8
-10
-4
-2
-2
-4
0
-1
-3
4
7
6
7
8
11
11
12
15
19
19
19
18
18
17
18
19
17
21
18
14
15
9
13
16
10
11
13
10
11
9
9
5
-1
0
-4
-5
-8
-10
-8
-11
-10
-7
-3
-4
-7
-10
-9
-10
-10
-7
-2
0
-1
-1
-5
-2
-2
-7
-2
-3
-3
-6
-4
-6
-10
-5
-7
-6
-7
-9
-2
0
3
6
4
5
3
-1
0
3
-1
-4
-2
-5
-3
0
-5
0
2
0
0
1
0
-3
-1
-4
-1
0
5
4
7
15
11
11
15
11
7
9
8
9
9
8
7
8
10
15
12
15
15
13
9
3
6
4
2
1
1
1
2
-2
-2
-2
-7
-9
-10
-11
-11
-9
-13
-10
-9
-9
-10
-10
-5
-5
-5
-1
-4
-1
-1
2
0
-2
1
-7
-2
-6
-7
-3
-6
-7
-3
-2
-3
-4
0
-1
-5
-3
-4
-6
-8
-10
-9
-9
-7
-2
-1
-3
-1
-2
-3
-2
2
2
2
9
4
3
5
4
0
5
2
0
-2
-2
-1
0
6
2
2
6
8
4
15
13
14
19
19
20
21
23
21
17
13
10
4
3
4
3
0
1
0
-2
-3
-1
-4
-2
-4
-6
-8
-11
-8
-10
-7
-9
-8
-8
-11
-14
-15
-19
-21
-21
-17
-17
-13
-8
-11
-7
-9
-8
-4
-10
-5
3
-4
0
6
4
8
7
7
9
9
13
14
12
11
11
10
7
2
5
7
10
9
13
8
11
7
3
8
7
5
0
-2
0
-2
-9
-7
0
-3
-7
-3
-4
-3
-4
-5
-8
-5
-5
-7
-9
-8
-11
-13
-7
-7
-8
-4
-2
-4
-7
-2
3
2
4
2
2
5
3
0
2
2
-1
1
-1
-1
2
-1
-3
1
-1
-1
-1
-3
0
-2
-3
-5
1
-2
-5
-9
-4
-5
-10
-5
-4
-6
-11
-11
-12
-12
-13
-12
-11
-7
-8
-7
-6
-7
-3
-1
-7
2
2
0
8
9
12
10
14
20
17
17
18
17
17
16
10
13
13
15
15
15
18
15
13
10
14
13
12
10
9
7
9
10
7
12
8
8
6
6
3
1
4
4
6
9
12
8
8
10
4
2
2
-2
-5
-6
-7
-9
-7
-10
-9
-8
-17
-19
-17
-16
-17
-19
-13
-18
-19
-15
-18
-16
-10
-15
-19
-15
-15
-13
-13
-7
-6
-11
-10
-12
-12
-11
-7
-4
-4
1
-1
0
4
4
2
4
4
2
3
-3
2
7
4
5
3
6
3
2
6
2
-3
-5
-4
-7
-4
-3
-3
-2
-6
-7
-7
-3
-4
-5
-3
-3
-2
-6
-2
0
-1
0
7
8
7
6
7
5
9
10
11
16
13
13
17
16
17
16
20
20
17
18
16
16
15
14
13
17
12
12
13
8
9
8
10
6
1
3
-2
-3
-7
-3
-6
-8
-4
-2
-1
-1
-4
-5
-3
-10
-11
-9
-12
-9
-9
-9
-10
-11
-12
-14
-14
-14
-12
-14
-16
-10
-9
-7
-3
0
-1
0
4
4
5
11
5
5
10
3
3
2
2
0
-3
0
-1
-4
-6
-4
-5
-9
-11
-8
-8
-7
-4
-2
-1
1
-1
0
1
0
2
2
0
-1
-1
-2
1
-5
-7
-1
-8
-9
-7
-7
-9
-7
-6
-7
-8
-5
-4
-7
-6
-7
-7
-6
-5
-6
-1
3
3
4
9
9
5
3
3
5
3
5
7
6
4
6
8
6
12
8
7
12
12
12
15
16
16
14
17
13
10
12
10
7
6
9
4
2
1
-2
-5
-6
-8
-12
-11
-8
-9
-8
-7
-9
-9
-12
-14
-13
-16
-14
-13
-17
-15
-12
-12
-11
-10
-8
-9
-6
-3
-7
-1
-7
-8
-1
-3
-3
2
6
5
6
8
5
6
7
8
7
6
12
12
14
9
10
9
10
10
8
10
7
8
6
5
6
6
7
10
13
7
8
8
4
6
6
8
9
12
14
13
16
8
4
5
-1
-3
-1
-3
-4
-7
-8
-8
-9
-11
-6
-1
-5
-2
5
2
-1
0
2
-1
-4
-1
1
2
1
6
8
6
8
5
2
1
1
-1
-4
-8
-10
-11
-14
-13
-14
-15
-14
-14
-19
-23
-21
-21
-21
-18
-16
-17
-16
-14
-12
-11
-7
-9
-8
-7
-2
-1
-6
1
-1
0
0
1
4
0
7
9
3
9
9
9
9
9
14
15
14
12
16
16
14
9
11
12
9
7
9
8
8
8
9
6
8
12
9
7
6
3
-1
-3
-3
0
-2
-5
-4
-2
-9
-9
-6
-6
-7
-4
-2
1
-1
1
1
-1
-2
1
0
-1
-3
-3
-1
-1
-3
2
2
2
-1
-3
0
-2
2
0
3
6
5
4
6
3
0
7
0
-3
-1
2
1
1
6
4
5
4
3
4
2
3
2
3
4
4
4
3
0
-1
-2
-5
-3
-1
-2
-2
0
-2
-2
-5
-7
-6
-7
-7
-5
-6
-9
-7
-9
-14
-11
-13
-15
-14
-18
-17
-18
-16
-14
-14
-15
-14
-11
-10
-8
-8
-5
-4
-2
-2
-1
1
1
0
4
7
2
3
3
6
5
2
5
5
3
5
8
5
4
6
8
10
10
14
15
16
14
11
14
10
10
11
15
13
14
14
10
9
8
9
6
6
6
9
8
8
9
6
3
0
-1
0
-2
-3
-6
-7
-8
-8
-7
-8
-8
-10
-10
-12
-12
-11
-8
-8
-8
-8
-11
-10
-11
-13
-13
-16
-17
-12
-13
-8
-8
-7
-7
-9
-10
-6
-4
-6
-4
-5
-2
-3
0
7
11
14
16
16
17
17
15
13
13
12
11
13
11
12
12
9
12
6
3
1
1
-3
-5
1
1
3
0
1
0
-1
0
-3
-1
0
-2
-2
1
-4
-5
-5
-9
-11
-9
-7
-7
-6
-5
-4
-2
-3
-7
-4
-4
-6
-1
0
5
4
-2
2
4
4
9
10
6
9
9
11
11
15
14
14
14
15
13
14
15
17
12
13
17
11
10
7
4
5
2
-3
-1
-1
2
-4
-3
-2
-5
-13
-19
-16
-18
-17
-14
-17
-9
-9
-9
-3
-7
-9
-12
-12
-12
-20
-18
-14
-17
-15
-11
-2
-15
-7
-4
-12
-11
-9
-5
-8
-6
-6
0
-3
4
7
7
10
2
1
9
8
5
9
8
9
8
10
14
15
10
7
6
7
10
9
6
4
3
-1
-2
-8
-7
-2
-7
-4
-5
-6
-6
-4
6
10
7
11
7
4
-4
-10
-4
-9
-5
-3
-6
-10
-9
-8
-6
-13
-9
-5
-17
-15
-10
-12
-16
-17
-13
-17
-18
-10
-13
-11
-9
-7
-13
-15
-11
-13
-14
-6
4
5
7
13
20
16
16
21
17
20
21
18
15
17
20
11
11
21
16
16
16
13
17
15
21
18
18
17
20
20
17
21
19
20
15
17
17
14
19
15
12
9
11
5
-2
2
1
2
-3
-2
-5
-10
-14
-10
-18
-21
-12
-19
-20
-16
-24
-13
-22
-26
-22
-27
-24
-27
-25
-20
-17
-21
-20
-18
-12
-14
-16
-11
-9
-19
-13
-9
-11
-13
-13
-8
-9
-9
-2
-2
-2
-1
-2
3
2
0
0
4
1
0
3
4
6
5
8
1
11
17
2
5
19
9
9
21
21
25
23
26
29
22
27
30
24
31
27
27
28
26
21
13
11
8
8
2
1
-1
-6
-10
-13
-14
-15
-13
-21
-13
-1
-13
-12
-16
-12
-19
-21
-10
-20
-10
-16
-29
-25
-30
-33
-29
-23
-23
-10
-14
-25
-15
-14
-20
-21
-15
5
-8
-16
-2
8
-2
-8
6
-27
-108
-141
-18
79
97
81
97
95
63
50
31
61
130
141
65
-7
64
61
-31
-90
-47
40
65
55
30
26
10
-24
-43
-15
68
54
-22
-72
-50
-1
-10
-15
-24
1
7
-8
-18
-21
-33
-70
-74
-40
3
14
-54
-88
-77
-34
-28
-47
-10
-17
-44
-49
-54
-51
-68
-64
-76
-58
-43
-23
-55
-72
-46
-28
3
3
-1
-10
-3
10
22
40
54
59
44
56
85
78
75
47
38
54
62
74
66
83
87
86
90
107
83
61
80
75
55
61
71
49
4
25
41
25
3
0
1
3
-3
-17
1
-12
-36
-26
-13
-21
-57
-68
-96
-105
-72
-72
-102
-91
-64
-97
-100
-79
-79
-86
-89
-93
-105
-78
-30
-51
-62
-54
-50
-94
-66
-42
-38
-46
-65
-58
-31
-27
-28
-16
-20
-42
-24
14
13
39
57
70
90
116
106
75
67
47
41
74
76
71
94
107
81
106
133
150
119
118
121
98
123
148
132
137
151
147
128
133
124
90
58
52
20
-22
6
-2
-46
-54
-33
-26
-27
-12
-34
-72
-58
-41
-78
-80
-59
-71
-105
-120
-139
-173
-145
-120
-135
-140
-133
-169
-240
-265
-296
-334
-337
-316
-314
-287
-218
-162
-150
-105
-41
-48
-27
33
71
85
129
124
127
132
138
147
149
169
147
153
164
172
192
192
168
138
151
159
187
216
224
272
312
319
312
284
302
316
276
251
240
206
152
90
24
1
-10
-54
-107
-115
-125
-116
-135
-157
-145
-90
-132
-184
-214
-201
-222
-197
-120
-58
1
47
-1
-148
-202
-525
-1071
-1672
-1663
-1220
-683
-403
-301
-118
98
132
-127
-148
360
873
910
551
388
585
765
468
-22
-36
287
492
323
190
173
73
-102
-242
-144
176
253
16
-218
-17
368
777
992
1115
1286
1285
1136
859
667
454
292
310
275
211
104
-130
-365
-453
-349
-329
-228
-148
-81
-125
-178
-178
-240
-145
-128
-155
-210
-220
-236
-362
-324
-312
-285
-262
-358
-532
-641
-668
-869
-957
-870
-552
-278
-5
165
252
221
-123
-1200
-3144
-4655
-4351
-1884
441
1014
158
-338
99
331
-235
-753
547
2986
3666
1821
-72
696
2452
2294
-164
-1722
13
2806
3253
750
-1340
-1158
75
502
42
216
1307
2068
1268
14
263
1862
2989
2228
1126
1614
2677
2683
548
-1384
-1470
-368
264
-236
-934
-1320
-1122
-1184
-1452
-1149
-288
192
-372
-525
-31
242
98
-150
-146
-169
-32
-351
-804
-1006
-1123
-1264
-1281
-695
-432
-824
-1094
-892
-349
-112
-59
-54
565
1485
1704
1313
987
709
117
-580
-1062
-993
-679
-649
-859
-843
-567
-299
-508
-1188
-2008
-2840
-4061
-4991
-3826
-1159
1251
1905
1156
533
674
864
263
-340
529
2336
2689
1126
-297
106
1610
1843
204
-855
430
2597
2801
982
-435
-380
334
392
71
349
1048
1252
401
-429
-530
219
1213
1466
1260
1581
2043
1788
1014
511
604
945
1276
1188
461
-77
-527
-1192
-1775
-1844
-1755
-1679
-1299
-882
-677
-477
-196
94
431
731
730
589
634
768
689
658
739
559
310
-129
-508
-430
-73
-299
-1105
-1569
-1428
-889
-586
-606
-728
-806
-525
-306
1
144
340
168
-299
-894
-1862
-2957
-4458
-5409
-5090
-2744
-427
434
-86
-808
-693
-281
-26
295
1357
2811
3086
2000
882
954
1465
1109
91
-297
1200
2573
2435
888
-334
-288
118
531
773
1292
1553
1266
963
915
1484
1862
1995
2028
2331
2781
3073
2837
1679
-164
-507
350
-999
-2700
-2095
-153
-457
535
1318
211
-585
-295
-1536
-2958
-592
810
-825
-1196
-640
-730
-817
52
-472
-683
701
407
-2
645
1134
-451
-1394
-1008
-718
-174
-418
-1161
-1793
-1324
-1016
-1634
-1358
-899
-795
-1164
-1001
-647
-637
-527
-252
-29
524
906
345
-974
-1767
-2655
-4303
-6363
-6462
-3664
-181
1585
870
-175
167
962
452
-654
536
3590
5359
3879
1333
1087
3002
3933
1936
-227
535
3115
4029
2089
-203
-768
72
621
653
1155
1852
1790
487
-429
-23
1245
2218
2681
3078
3627
3743
3259
1904
514
-837
-1071
-119
-1617
-3713
-3838
-1798
-2153
-1737
-510
-1160
-1658
-1133
-1510
-2591
-426
1339
-486
-1180
-218
272
-68
332
-368
-1131
117
-71
-819
-612
-73
-1556
-2607
-1718
-1135
-1064
-1255
-1365
-1429
-701
-33
100
738
1019
595
-187
-149
275
68
-543
-1151
-753
399
705
277
-497
-813
-1386
-2067
-2823
-3358
-3804
-4121
-2823
-109
2268
2632
1522
853
1368
2065
1857
1549
2472
3663
3772
2494
1726
2021
2419
1715
540
283
1248
2036
1437
339
-258
-144
176
49
-147
-6
67
-175
-446
-147
987
2068
2195
1971
1817
2267
2100
1201
-810
-908
-1217
-3583
-4802
-3097
-1749
-2848
-1266
-1175
-1779
-1215
-272
-1413
-1217
1745
1485
-249
275
853
780
505
653
-820
-321
541
-319
-521
-130
-601
-2280
-2125
-1149
-531
-85
-417
-714
-384
1093
1648
1287
1664
1971
1710
1132
934
422
-148
-702
-1644
-1655
-629
-131
-703
-1480
-1545
-1812
-1711
-1683
-1811
-2800
-3909
-3212
-790
2238
3067
1920
831
974
1126
-310
-1093
-55
2098
2732
1301
267
959
2386
1683
13
-366
1245
2766
2529
1275
395
387
152
-313
-206
632
1201
509
-334
132
1315
2138
1914
1912
2099
1983
1300
665
499
320
202
-207
-485
-803
-1266
-1999
-2531
-2225
-1707
-1465
-1724
-1623
-1135
-828
-608
-631
-472
-184
267
323
222
321
330
8
23
516
510
143
-431
-1041
-1279
-1347
-1181
-1440
-1595
-1011
-180
441
725
661
500
459
480
566
731
339
-410
-1120
-1405
-1151
-627
-183
-573
-896
-1268
-1338
-1152
-1141
-1706
-2978
-4089
-4294
-2828
-564
912
1289
688
249
155
427
393
876
2329
3423
2987
2139
2129
2594
2464
1686
1039
1236
2249
2475
1738
738
227
-202
-688
-638
-127
685
933
448
-134
506
1774
2602
2711
2792
2918
3244
2759
2467
998
-2288
-3817
-2503
-808
-1518
-792
-1562
-2579
-2127
-1655
-2306
-1873
467
336
-1154
-919
-528
-330
-393
16
-657
652
1969
1076
428
327
-19
-1268
-1163
-615
-577
-712
-1478
-2048
-2008
-954
-353
-356
139
544
815
898
1163
877
-455
-913
-1022
-487
124
-44
-886
-1932
-1872
-1907
-1476
-1022
-593
-847
-1969
-3107
-4590
-4662
-3042
-371
1496
1798
1385
762
757
369
190
1173
3113
4613
4166
2777
2312
3104
3540
2391
1129
1120
2131
2497
1827
793
-149
-812
-1347
-1092
275
1515
1799
1291
935
1522
2514
3206
2911
2188
1727
1025
333
-314
-149
-777
-1521
-1853
-1956
-2160
-2629
-2815
-2884
-2447
-2208
-2462
-2441
-2288
-2145
-2141
-1907
-1461
-1068
-240
96
184
224
307
486
554
599
648
716
358
-267
-971
-1512
-1569
-1229
-689
-454
-409
-276
281
766
646
670
639
440
394
454
558
543
330
-55
-192
-133
-511
-891
-501
-193
-700
-1684
-2601
-3474
-4238
-4522
-3241
-364
1831
1881
1168
795
887
1176
1603
2392
3827
4571
3674
2225
1754
2153
1838
503
-303
318
1624
1903
1026
-160
-845
-767
-488
552
1883
2670
1931
732
716
1580
1928
1705
1699
1717
1383
1382
1335
-307
-2048
-2636
-2624
-2689
-1117
-577
-1536
-2008
-2044
-2540
-2500
-1076
-752
-1206
-1168
-1204
-1082
-913
-528
-791
-309
541
774
1070
1210
1024
360
35
50
317
451
-293
-902
-1261
-1296
-1390
-1478
-1142
-483
164
358
356
316
94
-106
-313
64
603
660
134
-575
-736
-545
-400
-421
-455
-467
-988
-1961
-2765
-3217
-3995
-4806
-3948
-1467
858
1696
1228
535
613
1077
1288
1568
2682
3745
3484
2343
2028
2378
2428
1800
644
532
1548
2297
1767
858
309
77
190
331
990
1615
1727
1235
922
1166
2023
1907
1225
1004
1467
1709
1601
1307
311
-474
-837
-1235
-1808
-1633
-1741
-2733
-3146
-2840
-2723
-2806
-2699
-2504
-2279
-1527
-775
-536
232
735
790
570
586
1106
1411
1059
502
260
-59
-481
-1062
-1724
-2395
-2484
-1810
-1295
-1117
-906
-555
-216
40
269
386
656
973
1124
980
854
724
203
-482
-885
-853
-661
-526
-708
-1010
-1512
-2141
-2902
-3039
-3181
-3580
-3246
-1280
1066
2020
1717
1005
1044
1279
1490
1856
2659
3609
3241
1818
892
1577
2430
2248
1725
1701
2342
2603
2275
1569
1169
785
118
4
876
1673
1311
330
-112
244
1221
1530
1539
1778
2542
2807
1585
481
-85
-463
-1598
-1580
-1173
-1226
-1421
-2252
-3458
-4042
-3346
-2983
-3022
-2456
-2102
-2144
-2283
-1756
-1230
-316
504
594
844
1464
2076
1693
878
409
38
-144
-620
-1035
-1430
-1954
-2323
-2487
-1878
-1016
-326
181
359
716
1103
1615
1941
1793
1514
849
610
131
-352
-653
-424
-292
-666
-759
-773
-873
-1703
-3070
-3644
-3854
-3863
-3336
-1616
518
1557
1203
338
331
960
1529
1595
2075
2990
3331
2852
2141
2262
2692
2590
1857
1343
1818
2124
1600
533
-129
-372
-560
-541
325
1429
1752
1015
490
635
1385
1855
1812
2123
2215
1703
1076
868
624
27
-633
-1479
-1829
-1882
-2351
-2887
-3079
-2920
-3088
-3333
-3160
-2695
-1908
-1262
-680
-209
326
627
523
713
1005
1183
1154
1168
963
412
84
-463
-909
-1466
-1762
-1627
-1099
-523
-455
-416
-272
282
599
754
754
749
778
616
348
269
49
-315
-905
-834
-632
-359
-277
-570
-586
-1033
-1759
-2770
-3157
-3336
-4003
-4173
-2773
-389
897
714
99
118
982
1565
1880
2428
3493
3546
2616
2145
2421
2921
2375
1521
999
1453
1938
1845
999
232
273
495
838
1308
2013
2349
1936
1278
1253
1875
2520
2525
2327
2183
2656
1477
-276
-1509
-1544
-1841
-1843
-1117
-1753
-2095
-2332
-3011
-3477
-2544
-1179
-1492
-1650
-1537
-1479
-1535
-1477
-1357
-1576
-649
-494
-488
-148
160
-254
-873
-528
-465
-324
-351
-680
-1139
-1356
-933
-639
-310
-106
-169
-95
466
797
505
176
118
-125
-144
-155
-328
-634
-933
-1059
-517
202
567
615
347
83
-252
-695
-1494
-1998
-2575
-3059
-2971
-1925
-406
212
122
-129
212
1050
1496
1689
2135
3289
3830
3452
2893
2713
2912
2583
2255
2141
2372
2519
2008
1126
678
858
964
1078
1276
1569
1591
1034
674
1003
1780
1859
1533
2071
1929
934
-512
-837
-827
-986
-1136
-1638
-1899
-2058
-2443
-3384
-3814
-3121
-2744
-2835
-2943
-2573
-2072
-1907
-1730
-2088
-1687
-1136
-641
-447
-258
-54
-11
44
116
444
454
369
128
-215
-319
-350
-357
-372
-180
100
477
916
980
709
606
660
891
926
1003
554
7
-233
-281
76
574
854
669
440
112
-567
-1124
-1583
-1905
-2547
-3131
-3625
-3741
-2854
-1447
-475
239
597
894
1471
2032
2346
2585
3281
3792
3629
3128
2718
2849
2554
2032
1442
1630
2113
1965
1455
817
445
-129
-386
-211
163
369
85
-61
302
1024
1482
1652
1642
1648
1527
209
-1412
-2005
-1765
-2456
-2588
-2272
-2666
-3074
-3261
-3924
-4155
-2888
-1568
-1694
-1709
-1321
-1082
-1007
-803
-548
1
976
1162
1157
1549
1460
515
-463
-482
-54
233
-19
-546
-1010
-1007
-801
-837
-385
366
971
1293
1721
2044
1952
1479
818
622
972
1001
263
-576
-932
-621
-348
-326
-30
370
350
-466
-1091
-1247
-1086
-1711
-2282
-2448
-2343
-2285
-2175
-1025
-149
559
628
959
1475
1573
1608
1745
2757
3634
3402
2712
2031
2372
2497
2277
1752
1622
1844
1507
1102
583
484
-134
-959
-1158
-530
323
699
752
812
994
1445
1445
461
-72
155
350
-629
-594
-977
-2049
-2609
-2895
-3273
-3485
-2730
-2815
-3177
-2801
-2254
-1812
-1714
-1243
-1112
-807
-204
125
433
690
777
488
593
929
869
630
282
-73
-770
-820
-699
-764
-764
-563
-247
128
733
1188
1622
1853
1722
1462
1469
1454
1147
442
-304
-554
-311
-134
-122
-177
-387
-305
-484
-432
-510
-674
-1029
-1558
-1996
-2164
-2420
-2973
-2890
-1492
-51
489
358
452
594
924
1287
1675
2611
3619
3405
2367
1905
2480
3046
2797
2299
2165
2543
2503
1672
533
-255
-734
-1342
-1438
-685
120
113
-131
175
726
1427
1625
1393
1008
1186
709
-970
-1985
-2042
-2132
-2771
-2258
-2051
-2492
-2954
-3488
-3910
-3479
-1942
-1321
-1515
-1127
-825
-603
-212
603
883
1534
2384
2159
1785
1521
969
101
-35
242
-27
-321
-764
-1260
-1562
-1119
-407
347
1242
1729
2029
2317
2384
1995
1537
1283
775
167
38
-100
-376
-990
-1568
-1630
-1292
-1077
-911
-699
-600
-788
-1308
-1407
-1277
-2008
-2926
-3081
-2814
-2453
-1598
-441
149
305
7
14
742
1501
1858
2026
2738
3376
3227
2566
2358
2648
2875
2969
2561
2214
1925
1325
70
-905
-1081
-972
-969
-763
-127
506
833
759
383
558
881
532
-84
149
405
-204
-647
-933
-1574
-1994
-2280
-2822
-3049
-2347
-2157
-2706
-2830
-2222
-1461
-922
-313
10
450
846
936
1093
1415
1505
963
573
761
1086
1162
695
63
-417
-609
-713
-555
75
524
880
1282
1664
1849
1856
1677
1268
1372
1351
1014
301
-201
-395
-791
-1149
-1615
-1723
-1716
-1828
-1987
-1784
-1348
-1089
-746
-628
-792
-1077
-1631
-2336
-2717
-2643
-2979
-2900
-1978
-653
-268
-257
11
492
971
1208
1668
2320
3345
3663
3286
3011
3184
3331
3032
2644
2060
1838
1403
679
-43
-181
-256
-740
-831
-376
301
569
500
366
178
354
777
530
217
583
999
76
-528
-837
-1499
-2148
-2377
-2486
-2532
-1849
-1740
-2504
-2601
-2059
-1704
-1402
-393
273
690
1048
1183
1259
1557
1895
1505
1290
1284
1123
725
210
-33
-281
-275
-214
-249
-81
219
248
-12
27
495
756
929
1106
1083
812
249
-497
-1170
-1259
-1407
-1666
-1968
-2116
-2034
-1931
-1525
-1337
-962
-492
-363
-537
-889
-1108
-1461
-2034
-2379
-2634
-2656
-2404
-1337
-61
306
57
57
634
1242
1818
2460
3214
4018
4262
3739
3023
2976
3342
3023
2334
1486
1242
1290
912
-73
-728
-452
-439
-744
-902
-517
-254
-141
-195
30
917
1228
728
396
830
929
649
-37
-637
-1299
-1960
-2538
-2815
-2465
-1947
-1995
-2211
-1868
-1161
-704
-258
184
686
1176
1439
1507
1690
1847
1619
1189
700
382
190
-131
-231
-367
-439
-659
-817
-965
-1021
-828
-433
165
518
727
908
942
751
343
20
-386
-835
-1228
-1840
-2153
-2295
-2283
-2157
-1814
-1482
-1247
-1058
-783
-335
62
542
501
-37
-759
-1579
-2170
-2322
-2322
-2428
-2066
-783
161
527
442
794
1443
2119
2817
3524
4441
4939
4485
3391
2595
2708
2674
2394
1925
1791
1439
472
-434
-1218
-1675
-1901
-1856
-1365
-491
228
255
54
239
623
765
724
766
862
920
537
-182
-798
-1385
-2006
-2499
-2761
-2520
-2180
-1925
-2063
-1702
-958
-380
-65
197
687
797
772
649
723
914
770
438
155
282
350
141
-103
-350
-382
-509
-764
-786
-751
-411
-188
54
332
628
661
426
317
218
-173
-795
-1258
-1564
-1702
-1706
-1723
-1660
-1376
-1326
-1461
-1280
-584
-134
117
259
556
312
88
-245
-731
-1627
-2351
-2767
-2775
-2034
-678
458
996
1134
1555
2105
2840
3564
3974
4391
4953
4737
3621
2824
2551
2210
1586
1306
1243
1300
875
-53
-1041
-1308
-1170
-1155
-801
-113
461
487
380
230
366
312
15
-409
-297
-23
-524
-1449
-2208
-2129
-2264
-2296
-2196
-1929
-1438
-1628
-1838
-1759
-1034
-446
-228
-27
307
605
521
392
211
434
707
549
338
125
-78
-267
-555
-714
-460
-131
-209
-398
-445
-287
-149
-178
-82
170
245
190
92
-104
-346
-678
-1134
-1157
-930
-981
-942
-884
-696
-550
-396
-294
-230
153
329
398
551
743
658
381
113
-415
-1215
-1799
-2192
-2172
-1892
-687
840
1786
1915
1740
1992
2090
2585
3103
3496
3994
3762
2832
1739
1393
1197
728
388
129
357
297
-93
-868
-1445
-1531
-1603
-1402
-1003
-95
301
-154
-551
-426
-238
-425
-584
-408
-219
-414
-568
-742
-733
-848
-1282
-1547
-1245
-721
-584
-481
-319
-201
-232
-289
-95
49
384
613
962
1270
1315
1132
649
413
348
409
574
631
371
24
-280
-601
-660
-648
-620
-622
-615
-583
-594
-468
-260
-7
44
-68
-96
-277
-457
-686
-888
-952
-911
-893
-1012
-1001
-830
-662
-477
-264
-96
-57
152
502
608
468
379
94
-698
-1548
-1924
-1829
-1447
-888
444
1417
1738
1498
1397
1832
2232
2442
2274
2615
2721
2242
1435
681
527
573
604
419
592
864
501
-359
-1068
-1309
-1193
-918
-543
-354
-217
-307
-547
-659
-742
-398
-271
-79
71
468
485
-274
-862
-1212
-1249
-1150
-518
-173
-235
-198
-574
-866
-618
81
280
449
825
781
643
461
408
408
690
1097
1001
788
457
-79
-543
-786
-904
-1067
-1024
-1055
-878
-702
-580
-319
-221
45
209
284
237
136
-5
-238
-419
-718
-833
-802
-851
-937
-826
-544
-171
25
71
-91
-19
158
453
748
852
702
403
87
-775
-1552
-2043
-2027
-1541
-756
504
1305
1604
1271
908
864
1175
1768
1978
2291
2342
1961
1178
448
631
781
860
666
672
713
438
-297
-1155
-1580
-1624
-1539
-1122
-442
-87
-144
-419
-650
-753
-614
-469
-53
327
773
625
204
142
34
-11
-149
109
580
699
411
-158
-353
-284
73
116
175
474
529
479
350
412
461
385
168
33
212
72
-351
-700
-908
-882
-749
-702
-563
-492
-577
-557
-367
-263
-234
-343
-331
-154
-202
-331
-501
-634
-891
-1140
-1237
-1104
-791
-526
-421
-286
34
166
165
340
606
768
744
686
607
306
47
-263
-989
-1390
-1558
-1397
-1012
-311
543
882
671
327
386
657
1177
1697
1961
2149
2097
1667
1016
785
922
777
700
671
708
559
-1
-738
-1215
-1088
-708
-369
-72
202
266
35
-378
-651
-650
-388
9
534
942
935
806
473
221
229
413
577
424
131
-300
-696
-790
-491
-114
-55
55
102
167
111
-189
-375
-545
-583
-282
-40
109
-59
-314
-571
-643
-462
-365
-560
-801
-891
-972
-925
-884
-705
-582
-504
-477
-479
-444
-473
-546
-780
-864
-732
-400
-182
-86
160
426
534
640
945
900
839
789
967
934
838
683
318
-4
-313
-895
-1545
-1934
-1900
-1500
-383
418
551
425
158
148
469
1032
1496
1793
2145
1902
1104
447
239
232
2
37
363
765
595
-59
-642
-876
-711
-628
-301
-25
-12
-330
-608
-983
-1106
-876
-593
-148
823
1631
1551
1331
923
442
107
301
686
659
361
-194
-599
-712
-471
-210
-144
-69
-164
-75
0
-20
-132
-188
-115
84
378
412
284
51
-223
-292
-267
-197
-177
-398
-641
-569
-408
-296
-208
-180
-83
-42
-9
61
36
-118
-129
-74
47
261
225
12
-162
-209
-97
96
332
295
88
-37
-128
-26
130
171
59
-76
-403
-1155
-1750
-2195
-2184
-1844
-1241
-192
443
626
226
-31
132
531
992
1093
1425
1592
1352
853
553
700
704
754
748
893
1003
543
-132
-764
-947
-851
-670
-519
-436
-439
-639
-656
-614
-503
-145
405
1024
1275
1447
1482
1194
915
609
500
520
643
469
-81
-591
-981
-988
-943
-786
-597
-485
-279
-169
-138
6
47
59
243
409
388
289
74
-299
-543
-646
-698
-905
-974
-1032
-1061
-803
-443
-244
-196
-134
-116
23
241
445
385
150
108
117
112
152
98
52
17
119
154
297
444
501
572
643
747
686
533
260
-7
-290
-606
-1100
-1667
-1934
-2083
-1888
-1349
-434
159
90
-219
-257
89
653
1056
1318
1551
1731
1476
1113
799
838
826
635
589
615
735
335
-313
-868
-1026
-896
-755
-493
-136
53
-59
-110
-179
176
797
1138
1276
1628
1786
1397
1073
737
273
28
113
-134
-414
-389
-585
-851
-953
-770
-572
-408
-213
-317
-213
-94
-211
-394
-294
-98
-202
-241
-266
-391
-666
-813
-853
-859
-821
-688
-513
-271
-11
126
232
427
378
38
75
161
102
29
15
-10
-218
-543
-691
-536
-81
360
644
714
768
505
147
-21
-41
2
-126
-114
-183
-471
-1024
-1423
-1770
-2120
-2271
-2245
-1949
-1458
-770
-259
-36
81
169
536
1059
1593
1686
1779
1915
1676
1239
982
946
935
857
713
537
428
265
-103
-210
-98
-158
-240
-153
138
420
521
659
841
944
879
864
936
1151
1320
1188
883
596
247
-112
-268
-177
-62
-101
-320
-598
-671
-593
-391
-267
-132
28
3
-115
-281
-356
-326
-392
-374
-342
-396
-413
-510
-616
-540
-491
-376
-235
-18
-6
-77
-87
-127
-287
-520
-632
-463
-262
-336
-332
-298
-178
-212
-231
-73
-23
99
146
288
307
312
86
-250
-315
-465
-591
-807
-908
-937
-1135
-1388
-1581
-1411
-1080
-1048
-1280
-1367
-1179
-1009
-552
81
733
998
1007
929
934
970
980
896
972
1095
1141
1010
1022
1158
1178
1111
1050
1138
1350
1329
1054
765
670
557
458
468
549
561
399
-25
-509
-618
-403
-312
-74
557
986
920
776
634
379
441
701
647
522
471
87
-478
-785
-847
-904
-1077
-1191
-1201
-1096
-911
-920
-911
-519
-105
215
348
381
282
53
-64
-116
-83
-15
4
-225
-608
-766
-934
-1048
-964
-764
-457
-186
29
82
9
-112
-114
217
530
717
649
410
70
-220
-428
-634
-823
-1038
-1155
-1171
-1053
-1033
-1060
-909
-624
-260
95
437
372
-298
-936
-1182
-1091
-770
-266
133
98
-6
-253
-320
-74
414
863
1151
1497
1811
1863
1763
1719
1740
1922
1996
1980
1993
1725
1097
282
-370
-650
-794
-872
-753
-663
-635
-668
-787
-626
-126
395
962
1651
1905
1886
1617
1257
945
698
628
335
-113
-418
-978
-1456
-1644
-1577
-1547
-1370
-1060
-770
-465
-169
18
34
182
362
544
624
370
19
-379
-725
-878
-953
-905
-959
-1178
-1310
-1330
-1187
-963
-533
-142
323
702
766
818
727
644
402
172
55
-65
-326
-846
-1115
-1275
-1318
-1217
-1202
-989
-633
-335
-170
41
175
307
625
863
1079
1140
868
390
-359
-1034
-1383
-1543
-1508
-1231
-876
-612
-455
-221
83
442
1017
1703
2260
2690
2879
2758
2474
2108
1786
1697
1466
1125
761
281
-301
-778
-1150
-1351
-1327
-1034
-911
-730
-475
-318
-177
12
440
1033
1346
1472
1597
1384
926
681
444
98
-3
-32
-429
-813
-934
-1118
-1202
-1080
-803
-426
-110
121
3
-139
-115
-185
-236
-178
23
-75
-364
-572
-729
-876
-962
-990
-1026
-828
-566
-440
-226
44
180
316
569
688
632
496
324
82
-140
-367
-653
-903
-932
-886
-928
-796
-665
-616
-412
-85
197
508
753
798
674
576
664
667
590
333
14
-314
-760
-1170
-1635
-1909
-2106
-2149
-1725
-1050
-415
208
719
1029
1205
1514
1966
2297
2389
2251
2094
1865
1471
1108
792
598
341
156
-20
-34
-212
-564
-736
-610
-251
-63
45
154
308
386
123
141
493
772
710
929
886
602
401
-97
-454
-492
-228
-210
-400
-409
-555
-733
-757
-574
-452
-462
-367
-600
-675
-595
-666
-769
-822
-639
-623
-596
-623
-749
-698
-571
-291
80
531
892
855
751
744
687
507
327
77
-123
-306
-530
-706
-877
-940
-1003
-893
-636
-334
-63
185
345
522
769
975
1076
968
911
734
439
128
-184
-456
-666
-880
-1026
-1111
-1290
-1441
-1426
-1491
-1497
-1312
-839
-356
158
554
811
1072
1207
1109
1069
1062
1144
1103
937
757
650
545
502
459
550
670
612
464
179
168
179
52
-24
20
115
4
-135
-125
23
-77
-275
-253
-2
26
163
330
498
531
643
596
371
450
457
248
44
-98
-161
-368
-446
-573
-743
-720
-736
-795
-832
-637
-561
-551
-344
-58
113
167
241
373
623
769
722
700
613
340
17
-216
-385
-624
-699
-768
-892
-888
-777
-607
-435
-191
4
230
331
376
503
544
594
501
342
297
106
-166
-319
-399
-586
-837
-863
-889
-881
-787
-792
-692
-651
-606
-606
-585
-614
-853
-821
-539
-333
-279
-166
-92
39
192
293
532
772
1013
1045
1156
1454
1601
1503
1290
1100
1024
874
722
484
218
64
-106
-196
-205
-45
17
-99
-289
-200
-129
-376
-463
-80
461
875
1321
1269
1170
965
737
491
487
801
441
-75
-390
-609
-730
-855
-774
-849
-598
-396
-319
-273
-197
-263
-388
-173
152
431
520
428
106
-184
-191
-226
-350
-373
-481
-593
-680
-752
-706
-588
-489
-385
-208
-25
49
24
86
90
79
96
71
28
-93
-210
-293
-396
-429
-431
-454
-342
-132
29
21
-48
-51
-204
-342
-420
-438
-586
-739
-1024
-1261
-1324
-1188
-1117
-993
-710
-500
-316
-92
250
627
944
1148
1260
1341
1448
1445
1294
1278
1263
1169
1016
790
711
694
512
271
160
152
76
-91
-154
-155
-36
70
144
308
570
816
825
816
824
848
862
734
608
534
441
201
-51
-326
-483
-600
-698
-688
-621
-548
-557
-454
-437
-404
-323
-301
-194
3
156
226
321
306
256
146
92
65
-63
-189
-411
-679
-916
-1024
-1066
-1050
-989
-880
-783
-676
-477
-302
-142
-9
63
149
197
179
90
79
35
-99
-249
-325
-395
-491
-577
-655
-789
-894
-951
-1075
-1090
-1139
-1213
-1246
-1208
-1020
-800
-568
-80
380
663
879
990
1030
1190
1354
1491
1659
1598
1505
1360
1238
1188
1162
1113
1004
925
802
600
451
311
267
239
260
205
97
24
-92
-151
-52
129
231
309
364
331
470
541
478
431
370
377
205
72
-118
-391
-600
-818
-903
-827
-844
-918
-1057
-1075
-859
-760
-682
-514
-275
-40
28
172
387
439
352
199
109
35
-116
-268
-423
-554
-607
-737
-793
-810
-806
-759
-678
-528
-346
-127
49
296
508
674
817
796
763
710
565
398
291
179
-74
-273
-501
-656
-781
-991
-1061
-1102
-1091
-1124
-1012
-760
-555
-285
22
315
443
610
721
796
935
983
1120
1214
1235
1168
1109
1091
976
897
732
625
547
497
397
342
241
215
160
91
73
47
31
-17
-46
43
147
194
236
189
124
-6
-35
-9
-114
-268
-431
-540
-651
-746
-813
-847
-910
-1058
-1111
-1013
-902
-771
-676
-606
-443
-307
-216
-106
38
101
81
25
87
143
157
125
99
68
77
35
-13
-17
-2
19
35
119
185
114
41
5
39
80
153
188
297
476
582
581
559
502
336
198
142
87
-64
-229
-493
-658
-734
-820
-855
-876
-935
-920
-862
-613
-322
-65
99
206
314
458
590
672
815
878
955
904
854
819
733
625
478
453
385
302
156
3
-163
-214
-127
-18
106
236
259
258
311
301
369
413
417
366
294
261
78
-142
-327
-446
-512
-614
-696
-760
-766
-797
-764
-619
-465
-372
-404
-400
-205
-90
-60
67
132
93
-5
-45
-59
-77
-126
-200
-105
-92
-69
-90
-56
-24
-82
30
150
283
386
342
263
261
234
173
76
-31
-71
-102
-204
-207
-238
-218
-168
-131
29
211
343
362
298
216
183
39
-206
-289
-313
-417
-662
-748
-718
-606
-465
-265
-83
110
219
296
424
542
681
689
659
623
567
484
391
323
278
290
266
140
96
-4
-112
-137
-100
73
200
337
447
538
535
552
574
515
423
323
151
-38
-264
-496
-636
-715
-738
-832
-863
-918
-996
-1010
-915
-732
-523
-355
-232
-127
-71
-43
-30
68
147
200
261
226
140
1
-157
-235
-239
-287
-298
-225
-88
-51
-61
64
88
199
269
383
494
568
572
461
367
247
149
17
-11
-122
-197
-285
-341
-380
-400
-336
-254
-148
-11
80
80
108
113
15
-45
-58
-11
67
174
294
319
390
390
503
625
690
785
791
778
779
744
695
654
596
482
242
130
22
-48
-135
-250
-232
-222
-191
-209
-220
-241
-161
-53
97
261
334
365
260
141
65
-39
-158
-266
-407
-568
-746
-832
-972
-1027
-997
-985
-939
-835
-738
-700
-615
-552
-440
-274
-113
3
64
180
199
142
96
69
35
-42
-114
-185
-229
-330
-401
-425
-310
-271
-160
-49
44
139
216
307
348
432
434
482
530
476
393
345
236
122
-26
-81
-204
-246
-277
-296
-318
-253
-168
-136
-78
29
116
268
416
618
701
717
756
789
788
779
816
760
663
625
584
510
498
536
461
409
367
344
291
132
43
-158
-261
-325
-366
-364
-352
-368
-396
-283
-212
-169
-155
-91
-51
-9
26
84
90
-30
-168
-302
-382
-507
-612
-709
-751
-774
-816
-758
-662
-609
-547
-517
-376
-244
-122
19
97
153
96
176
202
204
195
87
42
-92
-218
-224
-260
-429
-415
-402
-457
-453
-347
-261
-171
4
81
198
279
315
311
313
374
368
287
177
38
-79
-112
-126
-206
-205
-177
-218
-217
-195
-87
55
174
264
379
560
664
715
761
817
943
945
920
950
919
830
786
743
619
498
371
270
171
109
81
42
15
28
-33
-32
-27
-74
-160
-183
-163
-174
-154
-117
-104
-127
-150
-197
-263
-372
-420
-559
-664
-706
-861
-933
-987
-1079
-1101
-1088
-1069
-1002
-927
-852
-734
-538
-337
-156
-18
39
117
129
142
185
229
241
244
245
161
69
-31
-130
-166
-155
-164
-138
-56
-24
-19
34
140
165
211
301
289
251
264
275
250
268
219
124
169
141
74
84
42
-4
-4
2
-7
40
154
202
221
443
622
658
743
810
828
889
959
1000
1019
985
864
794
729
670
626
608
529
501
470
407
285
201
92
-35
-204
-306
-310
-403
-473
-505
-531
-609
-669
-671
-641
-592
-557
-496
-441
-486
-543
-562
-602
-680
-691
-699
-743
-827
-866
-923
-951
-900
-847
-758
-634
-510
-334
-187
-78
51
230
358
442
610
676
675
626
571
456
349
246
125
33
-17
-137
-267
-279
-290
-231
-146
-22
93
188
237
270
299
291
288
251
128
39
-86
-247
-338
-408
-520
-502
-499
-520
-482
-518
-459
-374
-316
-157
8
197
353
469
512
564
621
623
698
740
755
779
732
723
691
687
646
594
597
539
538
513
521
470
411
367
291
279
214
94
48
-3
-121
-219
-281
-304
-434
-479
-437
-474
-513
-484
-504
-576
-600
-607
-684
-721
-748
-795
-768
-807
-828
-842
-849
-828
-708
-585
-450
-337
-221
-85
58
195
327
389
507
603
606
603
672
638
512
469
440
461
379
352
314
199
134
61
39
62
38
58
98
133
185
154
92
75
68
33
-27
-94
-174
-281
-378
-406
-365
-338
-343
-309
-338
-341
-271
-253
-169
-41
81
275
445
545
614
691
725
756
805
844
845
817
777
702
664
589
518
412
296
210
84
-46
-125
-139
-177
-186
-202
-262
-365
-388
-427
-494
-485
-438
-460
-546
-635
-697
-746
-855
-908
-922
-951
-1024
-1051
-999
-966
-917
-808
-716
-596
-423
-320
-198
-116
-82
62
163
271
344
419
428
385
350
318
345
373
421
426
465
495
532
511
564
612
603
605
614
579
474
386
273
173
90
-9
-51
-44
-72
-52
-63
-77
-76
-93
-11
37
69
75
21
-1
-68
-78
-10
-4
33
31
9
-25
-53
-26
-26
47
103
240
349
343
396
432
469
497
522
495
479
434
346
243
127
47
-52
-142
-181
-256
-321
-397
-494
-507
-423
-380
-339
-251
-226
-236
-236
-219
-255
-259
-306
-348
-412
-482
-552
-581
-630
-675
-652
-624
-517
-406
-339
-224
-73
41
150
258
392
474
478
508
515
523
457
393
356
315
266
196
180
155
167
153
166
204
234
258
207
240
245
187
145
107
21
-82
-131
-125
-189
-235
-226
-308
-378
-399
-405
-393
-344
-302
-214
-164
-54
-49
-36
-6
30
75
77
120
123
99
109
126
139
164
210
199
218
221
190
171
200
259
241
256
290
257
212
184
104
49
-17
-35
-83
-178
-174
-231
-306
-346
-359
-373
-391
-425
-416
-416
-473
-468
-397
-323
-262
-229
-233
-224
-243
-251
-181
-118
-62
-25
12
49
83
163
232
308
347
365
400
440
409
400
405
382
380
355
307
257
196
126
100
86
57
102
123
112
128
113
60
14
-67
-93
-158
-173
-151
-131
-121
-157
-153
-152
-147
-117
-120
-54
-65
-126
-111
-50
-16
20
103
138
199
230
265
249
258
258
234
287
308
315
292
232
134
115
109
20
34
3
-84
-136
-155
-176
-213
-178
-157
-161
-92
-103
-137
-161
-171
-165
-144
-116
-111
-174
-223
-241
-310
-313
-286
-310
-307
-256
-310
-308
-289
-330
-297
-205
-136
-82
10
62
76
101
101
120
90
117
102
120
122
84
87
99
89
62
41
37
8
-23
-7
-14
-39
-26
-3
-74
-120
-133
-167
-137
-110
-71
34
31
60
110
135
150
160
194
185
184
144
139
111
69
77
104
77
55
67
31
7
5
46
120
172
288
402
450
487
520
484
477
484
431
441
453
388
346
306
195
154
92
14
-59
-124
-197
-247
-227
-215
-228
-262
-245
-224
-269
-295
-306
-332
-352
-362
-344
-355
-371
-352
-359
-425
-381
-343
-370
-359
-366
-326
-313
-325
-277
-285
-262
-196
-155
-97
-38
10
21
41
102
96
126
168
181
194
202
173
178
210
204
233
192
206
190
128
115
63
53
3
-1
6
-61
-85
-70
-51
-26
-8
34
63
59
103
109
79
63
6
-19
-31
-45
-43
-53
-84
-66
-50
-28
-9
30
92
70
78
161
228
267
319
406
414
407
424
381
371
350
280
278
279
201
181
183
87
65
16
-86
-102
-152
-162
-187
-188
-177
-205
-253
-207
-189
-225
-253
-241
-260
-282
-272
-267
-267
-271
-369
-372
-330
-387
-366
-302
-309
-310
-242
-215
-142
-106
-70
-25
-10
29
96
128
196
289
270
300
365
330
319
327
318
341
268
219
177
103
50
14
-24
-55
-100
-154
-208
-226
-227
-247
-215
-212
-192
-160
-128
-64
-47
-3
-27
-57
-14
-45
-91
-59
-57
-113
-143
-125
-126
-148
-113
-52
-1
22
79
124
206
271
294
380
465
493
505
536
537
518
518
472
422
428
351
298
236
200
149
66
18
-34
-71
-146
-176
-187
-267
-280
-320
-343
-329
-349
-337
-327
-340
-322
-337
-329
-270
-295
-319
-283
-294
-289
-278
-280
-271
-258
-246
-227
-190
-114
-102
-67
9
84
152
209
252
290
323
328
412
440
432
420
413
392
317
270
182
128
55
-64
-98
-153
-227
-209
-223
-236
-205
-235
-245
-258
-279
-255
-240
-231
-174
-173
-195
-191
-207
-216
-193
-169
-131
-97
-16
30
41
81
67
75
127
141
169
259
285
304
327
376
395
410
465
454
432
435
378
325
273
243
220
185
150
95
40
-2
-51
-80
-77
-129
-168
-218
-243
-296
-355
-369
-383
-376
-363
-351
-311
-282
-275
-249
-181
-144
-102
-97
-60
-14
-55
-33
-23
-24
2
45
6
72
122
133
161
169
219
257
305
365
398
440
445
433
408
366
337
300
242
206
151
70
-2
-71
-143
-168
-232
-252
-275
-309
-302
-324
-310
-351
-372
-383
-395
-405
-399
-402
-412
-436
-450
-448
-432
-431
-394
-319
-268
-190
-108
-49
2
62
145
218
261
347
398
404
403
403
413
388
401
387
357
394
378
371
361
321
315
329
301
319
312
212
176
84
11
-18
-92
-133
-187
-243
-262
-302
-353
-341
-344
-362
-332
-322
-284
-222
-205
-170
-124
-114
-96
-86
-52
-34
-24
3
35
16
22
94
113
120
153
200
225
260
319
349
374
410
378
389
324
249
214
122
83
24
-6
-65
-61
-77
-176
-158
-159
-183
-206
-189
-178
-178
-189
-210
-220
-259
-296
-327
-359
-407
-452
-490
-476
-486
-491
-447
-376
-341
-312
-188
-147
-95
16
84
106
161
200
228
275
271
306
295
298
282
227
242
246
216
191
230
251
220
192
245
225
205
191
170
168
122
73
26
17
-49
-105
-116
-128
-143
-161
-153
-109
-123
-105
-38
-21
-9
-17
10
57
75
46
79
99
60
72
81
105
165
152
168
209
193
223
258
282
273
266
282
281
234
253
246
132
92
23
-27
-96
-140
-134
-190
-211
-204
-219
-243
-227
-247
-257
-245
-236
-185
-165
-151
-163
-133
-139
-185
-175
-184
-205
-186
-236
-209
-206
-275
-256
-240
-284
-270
-229
-205
-197
-119
-43
-19
58
75
125
121
132
152
167
199
198
211
190
180
153
114
73
35
24
-24
-2
17
15
72
82
82
71
67
21
-18
-21
-27
-17
-24
-32
-26
-21
-25
-28
15
19
17
58
73
104
140
135
136
150
139
103
109
112
97
131
113
96
126
140
131
136
135
155
144
138
167
175
144
138
132
85
44
-2
-32
-102
-162
-167
-215
-209
-175
-174
-133
-117
-108
-99
-79
-100
-121
-92
-85
-76
-87
-97
-75
-83
-82
-46
-27
-29
-40
-66
-66
-80
-89
-97
-55
-34
-34
-30
-16
-49
-8
4
-1
35
42
69
59
40
24
45
8
-23
9
-28
-76
-80
-102
-138
-171
-146
-180
-141
-122
-138
-95
-123
-114
-83
-55
-49
-31
-2
15
22
13
54
61
77
90
99
102
86
89
87
82
139
166
171
190
179
196
172
166
199
210
147
169
156
109
79
62
34
2
23
63
53
89
80
61
37
-18
-25
14
-39
-49
-23
-53
-40
-43
-65
-56
-64
-58
-30
-5
30
-14
-19
5
-33
-41
-14
-8
1
-4
19
10
-18
-4
-56
-57
-35
-89
-81
-74
-104
-82
-124
-106
-70
-119
-103
-116
-153
-138
-152
-162
-170
-162
-162
-154
-152
-132
-173
-143
-109
-123
-93
-66
-38
-19
33
42
81
134
128
130
137
101
108
119
109
95
87
45
40
48
18
1
-9
-10
-60
-39
-6
-3
-1
51
90
94
61
78
91
77
90
109
118
101
101
53
26
-2
-34
-50
-33
-14
-38
16
24
36
34
49
107
78
102
125
148
137
108
107
62
51
64
49
30
47
55
43
29
18
73
43
31
82
62
45
78
48
38
38
16
49
54
39
80
41
19
49
23
12
29
-7
-88
-112
-128
-214
-252
-244
-266
-265
-295
-250
-227
-266
-216
-209
-171
-167
-185
-111
-63
-47
-6
35
48
12
43
33
53
33
8
41
0
12
1
56
48
66
54
54
77
29
59
89
56
59
101
91
99
93
67
82
53
23
26
41
-18
-33
-27
-51
-65
-85
-94
-87
-121
-100
-74
-46
-4
-4
1
23
78
71
93
136
132
94
87
69
71
58
53
45
57
79
60
92
97
107
124
96
94
117
89
100
111
90
83
60
62
87
71
78
83
74
88
76
94
104
71
30
-2
-57
-103
-176
-240
-249
-302
-325
-296
-296
-293
-299
-316
-302
-312
-310
-323
-310
-276
-297
-267
-249
-216
-193
-194
-170
-102
-97
-56
4
36
62
48
79
80
78
105
143
179
207
209
263
275
274
345
329
306
281
268
247
188
180
145
102
66
90
47
62
81
72
73
42
39
41
36
10
-20
-27
-27
-32
-1
4
20
-13
-14
16
3
-17
-57
-41
-74
-103
-118
-101
-90
-112
-39
5
-14
13
33
17
-1
58
28
15
61
63
55
70
64
63
51
11
19
-9
-5
-45
-95
-113
-153
-161
-173
-214
-235
-248
-273
-254
-248
-218
-166
-166
-155
-125
-95
-117
-98
-77
-58
-50
-6
49
54
85
135
155
180
172
216
227
226
263
260
265
263
282
259
244
265
243
221
243
211
178
149
105
86
39
3
5
-33
-43
-49
-70
-49
-86
-98
-96
-90
-81
-66
-51
-68
-65
-65
-81
-79
-62
-63
-52
-74
-43
-11
-45
-53
-37
-43
-63
-82
-58
-42
-79
-66
-70
-57
-75
-72
-83
-97
-88
-112
-117
-92
-104
-105
-74
-42
-29
-34
-13
-36
-34
-48
-31
-30
-29
-21
-23
12
32
42
8
14
-4
-51
-46
-26
-19
-45
-7
-3
-17
30
28
4
10
12
-5
-5
13
3
4
20
-11
-49
-34
-54
-72
-36
-35
-16
0
36
50
65
83
126
139
113
137
101
92
105
115
79
66
94
58
33
30
26
11
4
-1
26
59
36
71
74
81
93
69
68
88
46
59
80
62
86
72
98
86
86
89
63
57
31
8
19
11
19
30
51
44
34
25
-1
-22
-29
-47
-33
-39
-39
-34
-39
-23
-47
-63
-71
-83
-93
-63
-48
-73
-100
-129
-94
-143
-184
-177
-198
-229
-245
-218
-191
-188
-201
-128
-153
-162
-107
-118
-92
-76
-67
-29
-31
-30
-32
-46
-39
-46
-30
-55
-50
-62
-54
-22
21
30
55
106
111
142
171
207
196
212
233
210
231
194
204
196
147
149
124
108
79
89
75
63
62
60
64
40
55
48
6
4
27
5
17
33
37
0
-15
-4
-26
-62
-87
-69
-77
-99
-90
-87
-121
-108
-123
-146
-128
-134
-132
-145
-102
-60
-52
-44
-17
3
-15
-3
32
24
17
36
26
62
34
27
46
10
-1
13
30
23
30
31
6
-7
2
10
28
46
65
95
93
115
158
120
95
118
110
63
60
58
26
27
42
25
14
15
-19
-47
-52
-22
-39
-36
-1
-29
-25
-14
-30
-3
28
7
14
-2
-10
-26
-72
-89
-93
-105
-108
-120
-125
-102
-104
-78
-49
-60
-45
-25
-33
-5
-8
-18
-16
-44
-50
-29
-40
-43
-3
1
1
8
29
-5
-24
4
4
-3
-3
-15
-32
-51
-63
-68
-50
-51
-75
-72
-45
-62
-70
-41
-43
-36
-10
-19
5
41
55
89
105
84
63
61
70
51
25
44
44
29
56
63
48
26
66
83
51
88
91
86
97
85
98
106
136
130
122
123
120
90
74
95
33
6
51
-1
-8
16
-5
-29
-15
8
3
32
52
54
42
52
31
14
29
27
-7
-24
-7
-2
-39
-40
-62
-76
-81
-98
-75
-85
-110
-126
-118
-129
-135
-113
-122
-96
-89
-113
-107
-94
-103
-117
-84
-82
-62
-12
18
46
48
55
75
76
62
61
65
51
62
38
27
0
-36
-14
-48
-49
-34
-2
7
35
43
19
18
-3
-36
-45
-50
-84
-91
-114
-127
-138
-146
-152
-165
-138
-130
-133
-95
-58
-16
30
18
63
115
122
154
182
218
213
216
219
200
198
146
127
137
118
141
124
119
113
92
94
75
65
22
-32
-38
-51
-120
-137
-121
-178
-190
-162
-207
-195
-176
-212
-239
-229
-216
-244
-206
-161
-136
-79
-63
-20
6
-6
17
46
46
64
76
86
76
110
128
162
187
190
214
234
244
233
230
222
228
217
197
190
157
122
97
81
79
57
60
13
-29
-41
-59
-125
-149
-142
-146
-153
-135
-112
-112
-74
-86
-83
-35
-37
-39
-28
-7
-22
-5
-12
-15
-1
-24
-21
-22
-13
-23
8
21
31
25
42
35
29
27
8
1
-9
-8
-41
-29
-28
-39
-74
-91
-87
-129
-128
-125
-135
-141
-157
-154
-142
-167
-144
-128
-136
-121
-122
-87
-67
-55
-43
-27
-16
22
37
61
86
112
131
105
148
160
135
174
176
147
144
154
140
129
126
131
131
84
65
83
87
37
32
48
27
18
8
-5
-7
-20
-30
-19
-46
-35
-42
-70
-78
-104
-129
-132
-135
-116
-132
-145
-127
-139
-121
-123
-120
-106
-130
-96
-84
-84
-64
-41
-30
-22
-5
-13
-20
-33
-26
-4
30
41
89
114
109
132
159
184
197
223
215
251
239
222
239
219
204
155
134
130
98
105
103
105
105
104
104
77
77
67
59
58
78
55
22
52
23
-35
-27
-44
-78
-92
-85
-97
-85
-51
-60
-75
-36
-45
-40
-41
-28
-15
-50
-65
-67
-76
-111
-125
-132
-106
-137
-124
-104
-133
-144
-173
-184
-206
-204
-213
-230
-198
-198
-192
-190
-162
-116
-128
-124
-107
-95
-80
-80
-100
-96
-87
-104
-114
-100
-83
-113
-116
-88
-68
-46
-31
22
78
113
115
169
182
171
192
192
217
186
199
210
212
223
206
199
186
172
156
172
174
158
157
133
108
76
88
57
51
43
59
54
6
36
9
-11
-44
-60
-71
-99
-77
-83
-90
-58
-57
-49
-62
-73
-79
-95
-101
-84
-103
-97
-81
-84
-45
-43
-42
-44
-23
-24
-39
-20
0
-2
-17
-24
0
-14
-38
-12
8
0
6
14
21
26
23
0
7
36
19
4
26
88
69
73
135
137
138
143
186
175
149
165
165
161
165
132
127
122
84
82
72
54
42
32
22
7
16
33
5
2
35
17
-3
11
10
-24
-48
-55
-92
-95
-123
-153
-143
-156
-166
-161
-172
-190
-200
-186
-182
-198
-163
-150
-174
-134
-117
-118
-99
-117
-126
-96
-114
-103
-84
-109
-124
-121
-119
-90
-71
-71
-52
-46
-66
-63
-65
-49
-39
-44
-33
-6
10
4
42
50
67
77
83
105
113
156
155
176
183
170
171
156
140
135
98
89
84
71
85
80
47
71
63
45
45
60
67
53
70
88
92
98
111
91
90
69
59
87
78
34
57
53
20
10
-1
2
-30
2
20
33
39
45
43
27
3
0
30
6
33
31
-2
-11
-5
-26
-17
-25
-48
-21
-52
-59
-34
-43
-53
-50
-35
-49
-64
-74
-65
-90
-61
-62
-80
-56
-56
-60
-78
-75
-68
-68
-75
-64
-49
-67
-59
-61
-81
-83
-118
-104
-72
-61
-34
-13
23
-7
-10
11
13
2
10
43
32
72
71
42
42
50
39
11
34
28
17
34
21
16
46
36
26
56
34
27
22
25
24
20
35
9
7
0
-24
-40
-48
-64
-68
-29
-43
-25
-47
-36
-35
-47
-16
-18
-12
-26
-49
-37
-40
-45
-24
-44
-73
-44
-57
-58
-51
-81
-55
-44
-43
-55
-45
-71
-68
-83
-76
-60
-46
-61
-33
-6
-5
45
62
65
107
101
91
143
135
123
159
161
169
166
159
156
117
126
112
103
106
104
115
91
77
65
51
40
31
28
39
26
36
36
22
17
21
-24
-36
-40
-60
-70
-89
-72
-67
-57
-68
-80
-71
-89
-91
-99
-90
-75
-84
-77
-56
-45
-38
-33
-16
-40
-53
-8
-25
-35
2
-5
-1
16
29
26
25
44
55
33
55
94
85
86
115
103
88
96
95
76
55
62
49
29
-1
9
12
-23
-22
-6
-28
-59
-57
-57
-51
-67
-75
-74
-94
-91
-91
-79
-76
-86
-63
-72
-71
-50
-73
-66
-61
-63
-56
-61
-52
-53
-45
-34
-13
-11
-13
15
17
-2
2
18
7
3
-6
4
-1
-15
5
-12
-8
9
11
10
-1
8
7
10
-4
-8
-22
-7
-27
-28
-5
4
10
13
34
32
11
18
22
7
14
13
40
40
45
58
76
79
74
90
83
46
66
64
55
68
76
65
74
106
91
91
109
84
88
90
69
68
54
45
39
31
17
9
4
6
-22
-39
-29
-60
-69
-54
-67
-54
-42
-52
-67
-50
-66
-59
-54
-64
-50
-64
-72
-73
-70
-53
-51
-45
-37
-29
-19
-50
-49
-51
-47
-61
-50
-40
-40
-21
-31
-21
-10
-23
-36
-28
-34
-51
-53
-49
-40
-34
-21
-16
-21
-14
-7
-18
-7
0
-22
-4
14
-2
5
-3
7
11
8
19
27
26
19
13
12
7
24
37
37
37
43
58
52
51
34
41
16
-7
1
5
-9
-5
11
11
22
19
23
19
25
38
32
61
62
53
53
50
54
44
52
55
64
43
53
45
44
30
21
9
6
0
-8
8
14
0
-1
9
3
-13
-29
1
-6
-27
-20
3
-9
-27
-12
-7
-12
-24
-17
5
8
0
17
15
26
14
7
23
22
10
2
11
3
-5
0
1
-21
-35
-32
-47
-49
-45
-46
-52
-52
-50
-48
-54
-49
-51
-67
-64
-60
-67
-69
-70
-73
-71
-67
-68
-39
-54
-50
-23
-39
-34
-14
-23
-14
-1
-3
12
13
35
47
47
50
54
52
57
40
31
35
26
23
15
9
4
-8
0
16
11
32
18
14
28
16
11
15
18
6
13
14
22
20
19
14
-9
-7
-18
-24
-20
-17
-28
-7
-1
-6
-3
-5
11
-13
-19
-5
-8
-20
-7
-22
-30
-10
-3
6
25
26
32
53
36
54
49
52
57
45
64
52
54
69
74
67
65
93
72
81
99
73
76
74
73
77
67
61
51
47
13
-5
-11
-57
-47
-50
-66
-67
-69
-63
-67
-61
-68
-71
-76
-93
-84
-60
-73
-52
-28
-39
-31
-25
-25
-36
-37
-40
-34
-22
-18
-5
5
3
11
20
21
26
23
14
15
21
2
-3
-6
-16
-7
-11
-16
1
-6
-19
-18
-25
-30
-20
-36
-50
-48
-60
-70
-60
-56
-68
-46
-57
-36
-40
-50
-45
-47
-41
-34
-19
-11
2
5
12
33
44
50
58
55
55
40
24
19
2
-1
-4
1
18
3
8
8
5
1
4
14
5
5
-2
-15
-30
-21
-32
-33
-23
-20
-15
-24
-2
-2
1
4
5
14
15
25
22
38
50
42
64
73
70
74
86
69
71
61
44
44
39
39
19
28
31
32
26
10
19
0
-25
-9
-9
-28
-17
3
-4
6
9
4
8
9
7
9
-4
-15
-17
-11
-9
-16
2
-4
-2
4
7
1
-6
7
6
-1
14
16
12
28
34
21
27
29
18
19
3
-8
0
3
-15
-14
0
-4
-27
-21
-23
-37
-23
-36
-28
-25
-22
-22
-30
-15
-24
-21
-14
-22
-14
-20
-28
-18
-10
-20
-17
-23
-13
-1
-2
13
14
22
8
10
8
0
-1
-11
-5
-4
-10
-10
4
1
-1
1
2
-8
-10
-8
-7
-2
1
3
5
2
-4
-10
-19
-24
-24
-15
-29
-25
-25
-38
-42
-31
-35
-33
-27
-41
-18
-7
-18
-12
-22
-26
-27
-26
-29
-25
-21
-19
-15
-20
-7
-13
-20
-13
-7
-14
-4
16
17
8
16
29
22
10
24
24
17
22
32
52
37
47
62
44
45
51
37
46
44
52
64
55
67
65
53
50
45
25
27
24
11
4
-1
2
-11
-20
-23
-16
-26
-33
-19
-24
-19
-20
-19
-9
-16
-15
-3
-10
-13
-1
0
13
13
22
25
27
37
23
30
45
36
27
34
32
31
14
25
37
18
12
15
18
-2
1
13
7
8
4
-13
-8
-23
-36
-26
-31
-35
-28
-27
-30
-23
-22
-24
-23
-23
-22
-31
-38
-45
-40
-39
-45
-29
-31
-36
-34
-30
-30
-39
-40
-44
-45
-51
-48
-38
-29
-13
-13
-12
1
-4
-3
-2
-5
-2
-5
6
7
-7
-1
0
2
1
1
5
-8
-2
-5
-20
-17
-18
-27
-26
-29
-29
-35
-25
-14
-11
2
8
13
13
21
14
19
22
23
27
24
23
33
35
48
38
41
48
31
36
28
31
35
37
42
57
46
44
50
43
49
42
32
39
29
25
24
3
-1
-5
-17
-19
-11
-23
-35
-25
-34
-45
-47
-39
-40
-32
-33
-28
-24
-33
-32
-31
-27
-28
-31
-24
-19
-24
-8
7
4
9
22
18
19
39
41
42
40
45
57
52
39
60
54
35
55
47
47
55
39
33
29
27
10
14
15
12
15
11
16
9
5
-1
-8
-3
-9
-17
-21
-10
-22
-23
-14
-11
-20
-27
-10
-17
-15
-11
-11
-10
-14
-23
-25
-29
-29
-23
-32
-26
-41
-40
-37
-34
-40
-34
-32
-44
-33
-36
-28
-20
-23
-23
-21
-13
-18
-25
-23
-19
-22
-33
-29
-31
-39
-31
-25
-31
-20
-19
-19
-18
-23
-20
-13
-23
-19
-13
-13
-8
-3
6
-1
-3
3
10
9
7
13
19
16
16
15
17
19
14
25
30
39
32
55
59
49
55
51
49
49
41
42
48
37
42
40
37
39
35
38
30
24
26
27
28
19
13
18
9
0
11
5
-1
-9
-5
-8
-19
-16
-14
-28
-17
-26
-35
-29
-40
-41
-35
-30
-40
-17
-15
-20
-24
-17
-17
-29
-20
-12
-10
-9
-4
4
2
0
0
-4
-2
-4
-6
-7
0
0
-10
-4
3
1
0
5
4
-3
-4
-2
10
2
11
15
6
18
22
13
28
36
25
28
36
41
32
40
45
34
33
33
47
42
35
38
32
34
29
27
26
24
16
14
13
-5
-7
-29
-41
-48
-63
-67
-69
-67
-71
-66
-69
-68
-71
-62
-67
-65
-63
-74
-59
-61
-55
-46
-40
-34
-22
-17
-16
-21
-6
-10
-18
-7
-12
-9
3
-8
8
12
6
16
18
20
15
22
14
19
17
13
17
17
13
11
13
18
12
7
13
12
7
11
5
5
0
-1
5
-5
10
18
11
12
19
22
20
27
30
38
35
49
46
57
60
47
54
50
41
34
38
37
26
17
21
21
14
16
20
4
5
16
1
-1
3
-1
0
4
12
4
5
6
-2
-3
-13
-9
1
-10
-18
-10
-3
-11
-12
-4
-1
0
1
7
5
0
-1
-7
-7
-8
-13
-8
-6
-17
-9
-18
-32
-26
-33
-45
-36
-34
-44
-42
-34
-34
-27
-26
-29
-27
-35
-35
-36
-41
-41
-42
-38
-36
-29
-19
-17
-13
-2
3
6
13
11
5
6
11
16
23
31
41
38
54
55
58
65
52
54
44
38
25
16
17
2
-2
-8
-17
-19
-32
-40
-39
-41
-45
-42
-44
-43
-42
-34
-34
-35
-29
-32
-28
-30
-23
-24
-26
-21
-14
-10
-15
0
7
0
12
6
5
4
3
12
8
12
24
29
29
35
36
32
33
37
38
27
33
36
23
30
27
27
28
25
25
20
18
21
16
14
14
15
9
13
12
16
14
20
19
23
27
28
31
23
27
19
7
11
8
-4
9
9
3
10
13
3
1
-2
-3
-16
-25
-24
-34
-42
-36
-40
-41
-33
-42
-40
-33
-36
-32
-36
-31
-30
-33
-20
-23
-23
-20
-14
-17
-15
-15
-8
-13
-19
-9
-14
-11
-18
-15
-13
-11
-7
-4
1
4
-1
6
7
4
11
9
12
3
-3
5
5
-1
5
16
9
17
20
24
22
19
22
12
13
11
10
12
8
18
12
8
10
11
7
10
12
9
12
17
26
22
25
29
22
20
19
17
12
4
5
-3
-9
-8
-14
-24
-26
-29
-31
-38
-36
-34
-40
-40
-33
-41
-40
-25
-28
-21
-4
-4
-4
2
5
10
11
8
7
12
17
18
17
23
29
18
22
29
22
25
19
9
5
3
4
10
7
17
24
16
20
16
19
11
14
13
-1
10
-5
-6
-8
-13
-17
-20
-7
-13
-13
-4
-6
-18
-13
-12
-20
-18
-17
-11
-8
-10
-8
4
-1
-1
8
-4
2
-2
0
-3
-5
-8
-7
-5
-8
-6
-7
-5
-6
-13
-14
-8
-7
-6
4
5
2
3
11
12
6
5
3
9
6
6
5
3
3
0
4
-6
2
1
2
2
-8
-1
-3
-8
2
7
4
14
10
16
17
6
10
7
6
6
-7
2
1
-3
-7
3
-1
-1
8
11
10
9
12
7
13
4
-1
-1
-5
-11
-16
-19
-26
-27
-25
-28
-27
-17
-20
-20
-11
-7
-15
-12
-5
-9
-8
-4
-2
0
6
0
1
6
8
16
21
17
24
25
20
24
32
19
23
35
30
33
33
26
25
28
18
18
18
17
17
13
23
16
9
7
7
6
-7
-6
-9
-12
-17
-12
-23
-27
-32
-35
-40
-43
-42
-44
-40
-39
-31
-28
-36
-28
-30
-31
-28
-32
-30
-30
-30
-21
-21
-17
-9
-17
-11
-9
-16
-14
-7
-8
-9
-7
-1
-4
-7
2
1
3
6
18
16
20
22
21
19
12
14
13
13
15
20
19
21
21
19
12
9
6
4
-3
1
4
2
6
7
10
14
8
14
12
8
15
11
16
14
16
21
22
27
30
27
24
24
18
21
6
10
11
5
11
10
10
16
16
16
18
16
19
16
15
18
12
12
10
11
15
6
3
5
5
1
-2
-2
-7
-10
-13
-11
-11
-1
-3
-4
1
0
-3
-7
-7
-4
-10
-6
-1
-1
4
-3
-2
-1
-4
-3
-9
-6
-9
-15
-16
-14
-20
-27
-27
-29
-29
-33
-37
-37
-37
-36
-43
-38
-38
-35
-30
-34
-28
-23
-26
-27
-22
-27
-33
-27
-23
-24
-25
-25
-22
-16
-16
-16
-13
-6
-12
-4
1
-6
4
5
10
19
19
28
30
24
27
27
22
28
21
19
23
25
26
29
33
23
25
29
24
21
22
25
22
13
18
12
6
4
11
11
14
21
19
24
25
25
28
31
26
24
23
22
21
19
17
14
11
12
9
1
2
5
-3
-4
-6
-2
-8
-15
-17
-20
-24
-27
-27
-32
-35
-35
-43
-48
-39
-47
-45
-39
-36
-37
-30
-23
-21
-15
-12
-6
-5
1
10
10
11
11
14
9
12
9
7
9
4
13
17
15
12
11
1
6
3
-6
0
2
-2
-6
-1
0
-2
-1
4
4
-4
-3
5
-1
5
12
7
6
9
12
10
7
12
14
3
11
11
3
10
13
7
6
14
10
10
18
16
17
23
18
13
16
15
13
7
7
12
7
7
12
5
5
-1
-9
-6
-10
-8
-9
-5
6
0
2
4
6
5
-2
-3
-3
-11
-11
-15
-16
-9
-13
-15
-18
-13
-18
-25
-19
-17
-24
-23
-14
-18
-19
-13
-9
-16
-10
-8
-17
-12
-5
-3
-11
-3
-4
-4
-4
-5
-8
-9
-9
-18
-10
-7
-8
-4
-6
-7
-10
-10
-13
-16
-11
-21
-23
-15
-23
-20
-15
-15
-11
-11
-10
-6
-3
3
3
9
14
11
18
16
15
15
23
21
18
25
22
24
24
19
22
28
18
15
23
17
15
26
22
18
18
20
15
15
14
14
8
8
12
5
9
8
7
8
4
1
4
4
5
2
3
7
3
7
2
1
0
3
6
5
4
3
8
-2
3
4
2
0
3
7
2
2
4
5
1
-4
4
-3
-8
-6
-14
-12
-17
-19
-19
-24
-24
-18
-16
-16
-14
-3
-7
-4
-1
2
5
6
12
12
17
18
17
16
13
21
18
12
23
20
17
19
21
18
16
10
12
10
5
-5
-3
-7
-24
-21
-23
-26
-31
-34
-35
-34
-34
-30
-30
-31
-37
-32
-33
-35
-32
-26
-34
-31
-24
-25
-26
-27
-23
-27
-22
-22
-22
-19
-19
-13
-6
-3
3
4
9
10
11
15
11
19
18
14
17
14
13
12
4
9
2
-4
5
1
3
8
6
8
4
-2
2
0
0
10
8
9
13
15
15
16
21
22
31
28
27
28
26
27
22
22
24
23
24
30
32
29
30
31
27
22
18
19
15
7
8
5
-2
-4
0
-9
-14
-12
-18
-24
-21
-22
-26
-28
-26
-20
-25
-28
-15
-12
-12
-11
-4
-2
-4
-2
2
1
5
6
4
14
16
13
14
21
24
18
18
24
29
27
20
27
26
13
18
20
16
9
6
9
2
-2
-4
-7
-9
-15
-15
-22
-24
-21
-24
-29
-26
-23
-27
-31
-30
-34
-36
-35
-42
-38
-43
-44
-42
-43
-39
-38
-30
-22
-18
-9
-6
-2
-1
-1
-3
-1
-2
-1
-3
2
3
0
9
9
8
11
12
7
9
6
6
3
-2
10
8
1
5
12
6
10
15
11
11
21
22
15
17
15
16
14
13
20
18
16
18
12
10
12
8
3
7
6
4
13
7
3
12
4
1
10
5
3
2
-1
8
6
4
15
10
4
8
11
4
7
0
-5
-3
-12
-8
-16
-19
-16
-19
-16
-14
-11
-11
-10
-7
-4
-3
-3
-3
-3
-9
-9
-8
-10
-6
1
4
6
12
12
15
12
18
18
16
18
17
20
19
21
22
21
17
22
21
18
17
15
16
12
10
13
14
8
10
9
1
-7
-6
-4
-7
-10
-11
-10
-18
-23
-23
-28
-27
-26
-29
-30
-24
-24
-26
-21
-19
-24
-23
-21
-22
-23
-18
-15
-17
-9
-11
-5
-5
1
-1
-5
3
-3
3
2
0
5
11
7
11
13
6
7
7
8
1
4
4
-4
-9
-4
-7
-3
-6
-7
-3
-11
-8
-7
-9
-4
-9
-7
2
-8
-11
-5
-8
-10
-10
-11
-7
-4
-7
-2
-1
-2
0
7
3
3
10
11
11
10
13
13
6
3
4
4
4
9
12
14
9
7
15
10
11
16
9
10
11
9
11
8
8
3
6
5
-3
0
-7
-8
-9
-12
-8
-10
-13
-1
-9
-7
-2
-7
-6
-4
1
-1
2
3
4
7
3
6
6
5
5
4
12
14
12
12
15
18
14
15
18
15
11
11
13
11
2
7
7
4
8
10
14
10
8
11
8
5
1
-1
-4
-3
-7
-6
0
-3
-3
-5
-11
-9
-11
-14
-9
-8
-10
-3
-4
-5
-3
4
-1
2
5
1
0
-1
6
6
4
5
10
3
3
4
-2
-3
-8
-10
-13
-9
-9
-8
-11
-7
-9
-13
-13
-20
-20
-20
-21
-15
-15
-14
-7
-10
-6
-6
-8
-3
-5
-9
-8
-3
-5
-8
-6
-3
-7
-5
-7
-8
-10
-10
-11
-7
-13
-11
-13
-15
-9
-8
-9
-8
-4
-8
-3
-3
-2
-1
-4
0
3
4
5
9
11
12
13
13
20
20
20
24
23
21
22
26
26
31
33
30
26
24
25
27
23
22
24
21
23
25
22
18
14
18
14
8
6
3
0
-4
-3
-5
-6
-1
-4
-7
-3
-7
-12
-10
-8
-8
-11
-10
-7
-5
-11
-8
-2
-10
-9
-13
-21
-20
-17
-23
-23
-16
-17
-19
-16
-14
-15
-14
-13
-12
-10
-13
-14
-13
-20
-23
-17
-18
-18
-14
-10
-11
-6
-2
-6
-3
0
-4
3
7
0
6
0
1
2
2
2
5
4
3
5
6
6
5
8
3
8
11
1
7
6
0
4
4
8
6
1
5
2
6
8
3
8
7
4
9
2
4
2
-3
-2
-2
-4
-4
-4
-11
-12
-6
-11
-14
-7
-6
-11
-7
-8
-8
-4
-3
3
-2
0
4
1
2
5
1
5
-2
-2
-2
-1
1
2
0
5
5
2
8
4
3
6
11
7
9
13
10
11
12
16
17
19
11
14
17
15
9
12
19
8
19
24
19
20
20
21
20
26
21
21
18
19
14
11
11
4
1
2
1
-2
0
0
-6
-6
-6
-10
-11
-18
-15
-13
-19
-20
-17
-20
-23
-27
-31
-25
-39
-40
-33
-37
-38
-33
-25
-27
-23
-14
-12
-12
-8
-8
-3
-5
