8
11
13
10
13
14
10
11
12
12
13
9
8
6
8
11
9
10
7
8
4
2
6
6
5
9
9
6
6
4
6
4
4
4
1
-3
-2
0
2
6
6
2
1
1
-2
-2
-4
-2
-8
-8
-8
-7
-10
-11
-11
-14
-12
-13
-9
-8
-8
-10
-13
-13
-12
-15
-12
-9
-11
-13
-14
-16
-17
-17
-14
-10
-12
-10
-11
-10
-10
-8
-10
-9
-10
-6
-8
-7
-2
-1
-2
-1
-2
3
5
4
4
3
6
4
11
14
11
14
16
15
12
12
13
13
13
16
16
17
16
11
13
15
15
17
16
12
14
14
12
9
6
2
-2
2
6
6
9
7
6
5
2
4
4
2
-1
-2
-3
-3
-7
-8
-8
-10
-7
-11
-13
-11
-11
-15
-13
-15
-19
-20
-24
-21
-18
-16
-13
-13
-10
-13
-11
-9
-6
-4
-2
-1
0
3
3
0
-2
0
-3
1
6
5
8
12
9
7
7
9
7
9
9
11
5
9
12
11
9
9
7
5
2
1
-3
-6
-2
3
3
3
3
4
0
1
2
-2
-1
-3
-1
-3
-3
-1
-2
2
0
0
-2
-2
-3
-6
-8
-5
-3
-6
-6
-4
-8
-4
-4
-3
1
-1
-3
-6
-6
-7
-3
0
3
3
2
0
0
1
4
8
6
5
3
3
2
4
5
5
9
11
11
12
10
11
11
7
4
2
4
7
8
7
10
7
8
5
1
1
-2
-5
-4
-6
-10
-9
-10
-9
-11
-14
-15
-13
-9
-10
-9
-11
-15
-13
-14
-10
-8
-4
-6
-9
-8
-9
-8
-6
-6
-9
-4
-2
-1
-1
-1
-3
-2
2
0
4
5
4
2
3
3
4
4
0
1
3
5
9
7
9
6
3
2
3
6
8
9
7
5
6
6
6
6
6
4
-1
-3
-4
-3
-2
-2
1
-2
-2
-1
0
2
4
3
5
3
2
3
2
3
0
2
-5
-4
-3
-2
3
-2
0
-4
-3
2
2
1
4
1
3
6
5
4
4
5
7
9
4
4
2
0
0
2
1
2
5
6
2
1
1
2
5
-1
-4
-1
2
-1
1
4
1
-2
-2
-6
-8
-8
-5
-2
3
0
0
-3
-4
-5
-4
-1
-1
-4
-2
-2
-6
-8
-9
-10
-9
-6
-2
1
2
1
0
2
-1
-3
-6
-7
-12
-14
-11
-9
-7
-5
-6
-5
-4
0
-1
2
2
-2
2
4
6
5
1
-1
3
2
0
1
1
-1
1
1
-1
-1
1
0
-1
3
4
5
3
3
6
7
6
6
5
3
1
1
-1
1
0
4
8
6
6
2
3
6
6
7
10
5
2
0
4
2
-1
3
2
2
2
2
1
3
-1
1
1
1
-1
-4
-4
-8
-7
-2
2
2
4
2
0
-2
-10
-13
-16
-18
-14
-16
-13
-11
-11
-7
-7
-7
-9
-4
-3
-4
1
-1
-3
1
3
2
3
9
5
3
8
10
12
14
16
17
16
17
15
17
18
15
16
14
16
19
18
14
11
7
7
6
5
4
-1
0
0
-2
-6
-6
-8
-14
-11
-13
-13
-9
-11
-9
-9
-8
-8
-8
-11
-10
-9
-14
-16
-16
-14
-12
-9
-8
-8
-10
-9
-12
-10
-8
-10
-7
-6
-5
-3
-3
-3
4
3
4
0
-5
-8
-7
-5
-2
0
2
3
3
2
1
2
2
5
7
5
6
9
10
11
10
7
4
1
2
3
1
-1
1
2
1
7
5
3
2
4
1
0
1
2
6
6
5
2
-2
0
-2
-4
-4
-4
-2
-7
-6
-9
-8
-4
-3
-2
-2
3
0
-1
-3
0
1
1
2
2
6
10
7
9
9
10
10
12
10
10
12
10
11
9
8
7
7
3
3
6
7
6
4
3
1
1
0
2
-1
-2
0
-1
0
-1
-5
-9
-11
-10
-7
-4
-1
0
-2
-2
-1
-2
-5
-5
-5
-9
-7
-9
-4
-3
-6
-4
-7
-8
-8
-7
-4
-5
-4
-5
-5
-7
-8
-7
-6
-3
0
-1
-5
-6
-2
-1
2
1
4
9
11
12
6
0
-4
-8
-3
-1
2
5
5
3
3
2
1
0
-1
1
-1
3
5
4
3
4
2
-1
0
1
1
4
6
3
3
3
-1
0
0
1
3
4
8
6
-2
-3
-1
-2
-1
1
2
-1
-4
-8
-5
-5
-11
-9
-7
-5
-6
-2
-1
-3
-6
-4
-6
-8
0
1
-1
2
3
-1
-2
-1
-5
-2
0
0
-1
0
4
6
7
7
8
8
10
7
5
2
0
1
4
6
9
10
9
7
5
10
9
11
7
9
11
11
9
8
4
1
5
2
6
5
3
3
-3
1
-2
-5
-11
-8
-6
-7
-5
-4
-9
-8
-12
-15
-15
-16
-15
-16
-19
-17
-16
-19
-20
-21
-21
-21
-19
-17
-15
-14
-11
-9
-10
-7
-10
-8
-3
3
3
7
10
7
8
6
12
12
19
20
20
22
21
22
22
17
14
16
13
12
14
14
8
7
7
5
10
8
11
7
3
5
3
4
3
5
3
2
2
1
4
3
0
-3
-10
-11
-11
-10
-8
-6
-6
-6
-11
-13
-13
-12
-15
-10
-10
-9
-4
-4
-1
-3
-4
-1
-6
-8
-8
-8
-8
-3
-3
-5
-3
0
4
2
0
-3
-1
-2
-7
-5
-4
-3
2
0
2
0
0
2
1
5
3
0
3
3
4
10
12
12
14
13
12
13
15
12
10
7
11
14
13
10
6
4
-4
-6
0
4
5
5
3
0
-1
-2
-3
1
0
-1
-2
-2
-4
-8
-2
-3
-2
0
0
-3
-6
-8
-11
-9
-5
-1
-4
-2
-4
-2
-2
-5
-3
-5
-9
-12
-15
-13
-15
-18
-13
-12
-12
-6
-5
-4
-6
-6
-1
0
1
0
-2
-1
0
1
6
5
4
5
6
6
7
7
4
8
9
12
14
10
8
4
6
8
6
11
9
7
7
3
1
3
4
4
5
7
5
3
3
-1
0
1
-1
-4
-4
-4
-9
-13
-12
-7
-10
-5
-1
-2
-1
-1
1
2
1
4
3
2
3
2
3
4
5
6
11
9
5
5
5
6
6
8
9
5
3
2
0
3
5
6
10
5
0
-3
-2
-2
-6
-5
-7
-8
-10
-9
-7
-12
-15
-17
-16
-16
-14
-13
-16
-15
-16
-21
-19
-12
-9
-8
-6
-5
-4
-5
-2
-2
0
1
3
3
4
0
-2
-2
-3
2
2
8
5
2
3
1
-3
-2
0
2
2
7
11
7
8
7
3
2
2
4
6
6
6
6
10
13
15
13
11
12
9
6
7
6
7
2
-1
-2
-3
0
3
1
1
-3
-3
0
-3
-3
1
3
5
4
4
3
3
6
3
5
-1
-3
-6
-4
-4
-6
-2
-5
-1
0
-2
3
2
1
-1
0
-1
-5
0
2
9
10
5
5
9
7
5
1
0
-6
-7
-9
-8
-8
-6
0
-1
2
-12
-14
-29
-25
-22
-22
-17
-11
1
-6
-2
6
14
24
22
27
29
23
18
16
21
7
16
27
30
26
13
17
7
1
-4
-9
-14
-26
-41
-48
-59
-59
-61
-64
-57
-47
-37
-34
-19
-4
7
19
21
28
27
29
32
27
24
26
33
32
28
25
27
28
17
11
8
2
-10
-27
-39
-50
-53
-51
-50
-46
-38
-23
-20
-14
5
22
34
40
45
48
53
51
47
39
35
38
45
43
49
47
43
35
27
12
7
-14
-32
-47
-58
-67
-80
-74
-74
-60
-49
-37
-19
-13
8
27
39
41
44
41
23
15
14
14
17
17
18
25
25
24
22
23
15
13
6
-5
-11
-20
-20
-25
-30
-30
-30
-40
-44
-45
-38
-37
-43
-40
-51
-46
-41
-31
-34
-18
-9
1
6
4
25
24
33
31
29
24
21
20
20
27
34
41
49
36
38
22
4
7
6
8
9
12
18
17
15
12
0
-9
-21
-20
-33
-38
-29
-28
-20
-21
-12
-8
-1
5
10
15
21
30
24
15
9
1
-5
-25
-46
-53
-58
-50
-39
-39
-32
-22
-9
-4
-8
-14
-13
-17
-23
-18
-13
-15
-15
-21
-25
-18
5
30
53
73
79
90
89
87
75
67
55
42
46
49
31
27
17
10
10
15
22
25
23
22
21
14
3
4
3
-8
-14
-26
-15
-6
-6
-14
-15
-14
-23
-19
-21
-16
-15
-3
-6
-22
-35
-59
-73
-84
-79
-72
-71
-57
-38
-32
-31
-32
-20
-19
-22
-13
-6
1
1
-3
8
29
44
45
21
-28
-94
-144
-203
-240
-279
-298
-309
-312
-297
-254
-202
-149
-84
-31
38
103
169
233
285
323
368
401
440
488
506
521
523
523
510
468
430
370
310
244
165
93
8
-53
-135
-206
-244
-271
-276
-289
-259
-226
-202
-172
-144
-126
-113
-93
-73
-50
-38
-7
2
11
33
41
37
37
34
22
17
-1
-19
-67
-128
-173
-212
-257
-321
-332
-333
-340
-321
-289
-236
-215
-156
-121
-167
-326
-501
-540
-534
-557
-676
-717
-590
-443
-349
-284
-196
-30
154
308
384
434
522
643
735
717
689
801
997
1115
1093
1027
1071
1160
1160
1012
866
761
635
429
141
-36
-167
-365
-576
-725
-690
-680
-648
-573
-470
-354
-274
-155
-44
7
21
57
113
78
54
69
87
88
102
170
218
255
289
293
274
222
102
-6
-171
-344
-536
-719
-864
-958
-960
-1012
-1004
-917
-815
-691
-608
-451
-301
-184
-32
3
112
173
280
359
379
406
449
567
662
701
503
153
-204
-340
-476
-739
-1149
-1394
-1356
-1255
-1254
-1273
-1162
-875
-562
-301
-96
118
444
847
1193
1260
1314
1598
2117
2398
2316
2162
2257
2524
2556
2336
1966
1769
1766
1491
944
465
245
28
-340
-892
-1231
-1443
-1570
-1737
-1909
-1961
-2000
-1875
-1734
-1568
-1497
-1312
-963
-697
-530
-396
-185
98
280
317
404
644
917
1077
1161
1239
1336
1280
1129
893
655
400
40
-339
-694
-964
-1190
-1377
-1499
-1497
-1447
-1326
-1149
-1026
-839
-712
-656
-642
-520
-392
-423
-474
-528
-429
-270
-162
-130
0
241
508
640
759
872
660
300
-365
-744
-1117
-1388
-1750
-2102
-2097
-1952
-1653
-1489
-1380
-985
-355
194
535
785
1312
1821
2145
2143
2269
2553
2863
2932
2746
2754
2868
3002
2875
2596
2426
2339
2129
1778
1321
772
321
-228
-744
-1159
-1688
-2045
-2255
-2268
-2288
-2180
-1985
-1702
-1462
-1368
-1198
-976
-750
-489
-417
-267
-126
127
398
528
727
1044
1391
1566
1617
1611
1646
1509
1171
701
293
-65
-451
-751
-1045
-1139
-1253
-1293
-1314
-1441
-1415
-1452
-1486
-1622
-1733
-1712
-1779
-1734
-1667
-1587
-1448
-1218
-804
-323
3
348
821
1144
1146
460
-231
-857
-974
-1191
-1832
-2513
-2780
-2317
-1839
-1583
-1388
-1058
-349
314
864
1259
1499
2012
2464
2777
2560
2491
2928
3435
3434
2942
2654
2910
3372
3415
3170
2848
2846
2773
2342
1622
1042
583
-108
-818
-1500
-1945
-2180
-2355
-2471
-2589
-2622
-2559
-2223
-1723
-1491
-1397
-1339
-1154
-951
-978
-831
-566
-242
-31
89
415
896
1327
1584
1562
1494
1489
1337
1062
587
123
-336
-810
-1310
-1770
-1891
-1901
-1923
-1982
-1892
-1587
-1327
-1077
-1029
-1004
-801
-710
-681
-709
-642
-545
-425
-216
94
484
764
875
1108
1449
1726
1885
1746
1718
1656
1282
327
-768
-1462
-1628
-1938
-2567
-3118
-3007
-2222
-1533
-1211
-976
-429
275
925
1282
1433
1536
1779
2004
2044
1860
1924
2369
2860
3097
2855
2721
2904
3242
3284
2715
1943
1451
1108
495
-416
-1234
-1777
-2121
-2515
-2978
-3116
-2932
-2464
-2113
-2094
-1902
-1601
-1011
-899
-1035
-1088
-1068
-883
-829
-657
-401
-78
321
637
1108
1517
1973
2378
2395
2201
1866
1782
1524
951
304
-232
-576
-857
-1150
-1277
-1208
-1195
-1142
-1138
-979
-821
-722
-689
-866
-901
-900
-955
-1001
-931
-618
-408
-226
37
548
1024
1103
1060
1159
1305
1307
1037
629
196
-114
-351
-1160
-1887
-2490
-2301
-2054
-2466
-2705
-2406
-1394
-788
-734
-667
-318
157
259
245
364
461
855
1068
1302
1615
2081
2868
3396
3683
3801
3925
4119
4115
3623
2988
2167
1604
964
175
-485
-984
-1219
-1722
-2159
-2252
-1998
-1744
-1813
-1933
-1963
-1906
-1821
-1860
-1850
-1934
-1937
-1749
-1548
-1090
-731
-247
134
496
1018
1508
1983
2220
2161
2115
2024
1831
1551
1164
794
329
-45
-228
-381
-446
-484
-548
-752
-1052
-1261
-1445
-1594
-1777
-2036
-2109
-2107
-1873
-1553
-1310
-1106
-960
-552
-132
177
423
652
827
856
759
508
487
468
503
220
-578
-1260
-1809
-1585
-1501
-1762
-2195
-2162
-1434
-868
-583
-671
-646
-205
321
633
515
567
1143
1679
1965
1838
2033
2927
3773
3905
3546
3390
3649
4077
3825
3116
2478
2206
2000
1464
668
37
-221
-535
-881
-1478
-1705
-1758
-1672
-1748
-2176
-2468
-2668
-2372
-2453
-2675
-2930
-2764
-2253
-2003
-1889
-1675
-1263
-659
-283
8
365
983
1423
1368
1197
1220
1625
1557
1120
742
773
839
709
443
336
404
322
145
-238
-266
-305
-603
-1140
-1654
-1707
-1624
-1508
-1481
-1401
-1177
-1024
-733
-254
365
664
613
541
578
794
785
658
396
157
106
16
-223
-587
-842
-835
-796
-1020
-1298
-1260
-839
-436
-355
-515
-552
-430
-170
-81
-135
-116
5
255
554
907
1176
1692
2371
2948
3245
3246
3281
3452
3431
2980
2347
1878
1596
1163
581
11
-236
-504
-918
-1134
-1276
-1154
-1366
-1586
-1690
-1704
-1755
-1961
-2170
-2284
-2466
-2530
-2478
-2300
-2038
-1759
-1338
-1017
-508
168
848
1228
1380
1652
1947
2146
2086
1882
1695
1429
1123
947
776
671
504
204
-140
-315
-244
-279
-483
-1002
-1335
-1446
-1664
-1694
-1692
-1661
-1666
-1671
-1459
-1047
-600
-231
51
179
144
216
285
418
388
305
106
-496
-1006
-1173
-845
-670
-897
-1265
-1173
-492
227
517
485
350
424
586
553
307
57
145
250
294
276
788
1744
2674
3194
3246
3412
3902
4392
4267
3587
2682
2093
1579
831
-62
-757
-1038
-1248
-1604
-1935
-1972
-1672
-1259
-1298
-1606
-1795
-1896
-1725
-1897
-2308
-2643
-2849
-2660
-2443
-2123
-1816
-1408
-793
-94
509
1023
1708
2294
2368
2268
2279
2385
2238
1732
1158
787
522
317
3
-306
-468
-726
-837
-939
-926
-951
-1205
-1578
-1888
-1884
-1909
-1862
-1736
-1647
-1474
-1384
-1017
-485
114
460
522
590
712
901
959
780
562
285
224
271
280
-24
-464
-684
-820
-801
-1092
-1268
-1307
-950
-775
-1055
-1176
-1163
-911
-643
-367
-11
240
634
1193
1819
2275
2595
3289
4014
4456
4303
4083
4140
4220
3826
3018
2245
1873
1496
780
-18
-549
-761
-1185
-1699
-2154
-2249
-2298
-2456
-2714
-2869
-3051
-3239
-3311
-3179
-3037
-3030
-2818
-2481
-2017
-1555
-983
-390
317
950
1468
1823
2056
2150
2288
2380
2289
2085
1844
1621
1306
997
730
392
-101
-473
-864
-1196
-1420
-1535
-1595
-1733
-1945
-1984
-1838
-1548
-1195
-798
-498
-208
144
418
762
1063
1166
1263
1001
898
772
801
779
499
332
87
-48
-651
-1122
-1508
-1399
-1544
-1996
-2434
-2385
-1732
-1331
-1338
-1425
-1057
-517
-34
256
458
827
1332
1683
2177
2487
3021
3643
4163
4392
4238
4237
4314
4313
3836
3075
2271
1784
1358
646
-221
-1091
-1617
-2168
-2661
-3109
-3306
-3311
-3368
-3554
-3837
-3666
-3453
-3075
-3083
-3116
-2838
-2422
-1716
-1338
-1036
-621
-71
575
1114
1508
1988
2456
2649
2527
2503
2636
2777
2548
2034
1597
1242
925
423
26
-489
-834
-1296
-1613
-1637
-1685
-1676
-1829
-1924
-1834
-1506
-1223
-1045
-830
-690
-496
-253
52
371
571
619
646
692
812
903
961
871
793
698
661
655
543
485
121
-262
-673
-931
-993
-1270
-1676
-1935
-1812
-1571
-1471
-1544
-1490
-1204
-702
-221
225
535
1100
1855
2444
2792
3119
3713
4218
4247
3799
3505
3546
3480
2993
2241
1624
1109
663
64
-491
-977
-1298
-1761
-2225
-2396
-2533
-2488
-2742
-2887
-3077
-3105
-3082
-3010
-2834
-2658
-2508
-2370
-2021
-1418
-884
-375
229
830
1456
1925
2368
2693
2962
2983
2785
2431
2071
1692
1195
767
157
-288
-608
-872
-1127
-1328
-1417
-1422
-1444
-1500
-1484
-1440
-1387
-1240
-1138
-982
-918
-731
-483
-305
-178
-3
218
293
328
304
474
550
612
552
564
572
590
251
-193
-682
-897
-945
-1307
-1557
-1701
-1462
-1261
-1097
-1075
-908
-727
-343
118
464
666
1065
1673
2238
2554
2800
3418
4037
4434
4229
4061
4069
4062
3698
2960
2238
1644
1127
292
-520
-1128
-1492
-1941
-2511
-2911
-3081
-3044
-3034
-3255
-3332
-3321
-3176
-3130
-3198
-3212
-3237
-3030
-2808
-2393
-1961
-1399
-761
-51
631
1126
1751
2387
2937
3224
3209
3203
3131
2867
2454
1866
1402
930
489
11
-407
-699
-802
-872
-972
-1105
-1157
-1137
-1160
-1174
-1204
-1216
-1161
-1087
-1059
-991
-758
-536
-276
-1
191
337
476
710
1010
1132
1150
932
828
814
754
684
516
432
-39
-501
-1046
-1058
-999
-1183
-1559
-1772
-1480
-1120
-826
-778
-612
-232
272
826
1208
1384
1946
2439
2841
2900
2947
3282
3395
3219
2701
2336
2146
1972
1284
536
-66
-441
-867
-1448
-1883
-2038
-2080
-2426
-2834
-2980
-2927
-2886
-3001
-3149
-3121
-3037
-2886
-2581
-2242
-1946
-1575
-1110
-502
118
669
1255
1815
2351
2633
2879
3159
3354
3276
2955
2638
2362
2095
1706
1171
653
322
21
-343
-694
-930
-1138
-1405
-1614
-1722
-1806
-1861
-1844
-1687
-1484
-1323
-1094
-806
-444
-210
-64
81
221
279
284
199
234
302
268
197
122
110
105
172
158
157
-243
-492
-867
-943
-995
-1186
-1479
-1737
-1572
-1281
-923
-722
-501
-180
380
997
1465
1730
2110
2541
2962
3100
3105
3334
3644
3647
3191
2699
2384
2283
1944
1282
544
59
-336
-757
-1346
-1826
-2004
-2275
-2549
-2829
-2923
-2850
-2845
-2949
-3038
-2879
-2549
-2293
-2096
-1909
-1624
-1191
-729
-280
61
359
664
1118
1616
2037
2352
2653
2776
2761
2631
2437
2243
1833
1338
764
177
-216
-479
-589
-813
-988
-1230
-1285
-1155
-1064
-953
-989
-1090
-1134
-1122
-1063
-1004
-922
-759
-602
-560
-420
-205
-27
209
437
608
626
541
557
565
592
510
471
332
265
161
142
129
-182
-607
-976
-853
-919
-1112
-1517
-1441
-952
-603
-433
-398
-138
368
841
1180
1298
1451
1857
2123
2098
1844
1840
2037
2101
1660
1008
697
634
522
59
-485
-596
-353
-377
-507
-677
-608
-625
-960
-1194
-1324
-1334
-1659
-2012
-2270
-2343
-2392
-2291
-2065
-1720
-1343
-1029
-497
218
905
1431
1924
2342
2816
2999
3006
2875
2735
2486
2174
1725
1341
1047
765
560
339
214
154
98
16
-149
-350
-472
-635
-773
-929
-1163
-1400
-1548
-1604
-1659
-1723
-1790
-1746
-1620
-1455
-1250
-1154
-1091
-920
-785
-682
-576
-460
-314
-188
-276
-215
-42
205
454
504
460
304
106
-173
-187
-382
-552
-844
-839
-629
-387
-274
-261
-110
294
696
1070
1271
1464
1702
1808
1884
1786
1860
1907
1882
1594
1205
1002
1044
987
789
543
274
213
210
175
85
-176
-407
-625
-788
-946
-1094
-1085
-1348
-1478
-1566
-1484
-1298
-1171
-1005
-908
-743
-494
6
400
573
636
730
1033
1187
1197
1231
1196
1195
1092
1096
1123
1068
923
788
715
575
465
390
290
52
-304
-691
-1031
-1345
-1593
-1897
-2308
-2580
-2596
-2449
-2365
-2385
-2251
-2006
-1794
-1585
-1279
-838
-496
-336
-129
206
572
771
896
870
971
1211
1346
1439
1524
1530
1770
1909
1958
1712
1382
1019
694
502
-27
-410
-723
-829
-978
-1157
-1277
-1304
-1344
-1268
-1117
-935
-799
-531
-169
217
439
494
856
1299
1693
1620
1535
1759
2153
2316
2253
2071
1946
1994
1847
1528
1111
731
351
-145
-658
-1158
-1373
-1691
-1937
-2109
-2077
-2116
-1947
-1748
-1454
-1215
-1242
-904
-529
-247
-127
157
429
497
466
722
1064
1209
1169
1330
1541
1709
1746
1772
1728
1442
1149
784
350
-166
-605
-1176
-1709
-2237
-2559
-2771
-3037
-3217
-3232
-3077
-2854
-2519
-2190
-1685
-1260
-903
-492
-260
22
299
663
883
1008
1212
1373
1575
1658
1903
2192
2429
2498
2589
2609
2636
2425
1912
1292
556
162
-492
-1179
-2044
-2429
-2446
-2541
-2718
-2841
-2595
-2069
-1612
-1172
-824
-486
30
377
747
883
1157
1592
1994
2156
2202
2301
2523
2821
2962
2884
2742
2602
2439
2192
1703
1206
665
15
-613
-1313
-1797
-2097
-2502
-2836
-3071
-3050
-2737
-2516
-2250
-2065
-1770
-1477
-1121
-663
-434
-213
-73
207
468
671
1018
1355
1666
1931
2158
2455
2611
2547
2366
2035
1617
1111
607
-71
-863
-1574
-2129
-2631
-3096
-3364
-3420
-3357
-3268
-2950
-2421
-1795
-1383
-1086
-784
-402
-27
208
421
646
916
1144
1346
1687
2049
2385
2591
2729
3021
3257
3206
3036
2774
2589
2174
1636
931
153
-635
-1589
-2193
-2818
-3160
-3575
-3685
-3590
-3467
-3309
-3056
-2770
-2331
-1772
-1366
-1101
-771
-219
338
963
1346
1887
2478
3074
3402
3598
3796
4045
4142
3873
3439
2820
2319
1695
1052
287
-343
-850
-1361
-1769
-2122
-2205
-2419
-2567
-2678
-2648
-2529
-2465
-2355
-2327
-2079
-2093
-1713
-1518
-1008
-539
-81
488
1004
1746
2215
2643
3006
3445
3577
3448
3210
2996
2363
1658
868
328
-396
-1218
-1767
-2247
-2512
-2812
-2993
-3095
-3017
-2897
-2716
-2599
-2256
-1898
-1607
-1485
-1294
-842
-390
52
316
820
1410
1799
2191
2601
3062
3345
3278
3134
2960
2823
2596
2121
1639
1046
758
484
59
-390
-985
-1385
-2149
-2636
-3121
-3442
-3773
-4089
-4177
-4118
-3918
-3656
-3229
-2777
-2207
-1529
-754
-25
755
1447
2171
2692
3179
3670
4099
4313
4253
4182
4140
3967
3579
3168
2794
2326
1734
1209
602
14
-453
-940
-1305
-1757
-2121
-2419
-2608
-2804
-2930
-3081
-3184
-3158
-2958
-2680
-2351
-1866
-1208
-639
-155
357
912
1662
2238
2574
2737
2922
3051
3072
2955
2735
2449
2081
1627
1099
624
167
-221
-588
-1119
-1612
-1957
-2203
-2373
-2518
-2674
-2862
-2838
-2623
-2355
-2047
-1725
-1340
-886
-319
276
774
1180
1644
2049
2399
2543
2577
2526
2339
2090
1749
1407
1123
874
518
271
-62
-196
-459
-721
-1016
-1501
-1981
-2682
-3015
-3438
-3702
-4028
-4337
-4175
-3880
-3408
-3009
-2560
-1832
-951
-24
716
1386
2095
2644
3193
3485
3769
4048
4262
4300
4097
3831
3685
3546
3273
2848
2238
1730
1233
845
264
-318
-847
-1308
-1719
-2219
-2648
-2928
-3042
-3168
-3214
-3165
-2928
-2752
-2292
-1979
-1527
-931
-497
177
579
1104
1429
1820
2148
2380
2612
2792
2934
3051
3035
3050
2893
2565
2133
1546
1118
432
-176
-833
-1490
-2160
-2689
-3076
-3338
-3500
-3545
-3490
-3329
-2974
-2510
-1797
-1252
-588
-76
366
803
1002
1255
1426
1565
1609
1606
1643
1649
1503
1370
1259
1230
1138
1094
949
768
741
443
119
-357
-705
-1268
-1958
-2750
-3237
-3668
-4054
-4197
-4323
-4039
-3626
-2993
-2349
-1745
-1167
-299
480
1228
1827
2401
2930
3411
3786
4046
4267
4397
4496
4303
4031
3723
3493
3137
2710
2019
1377
905
349
-235
-887
-1369
-1793
-2130
-2426
-2647
-2874
-3033
-3122
-3212
-3331
-3158
-2896
-2529
-2238
-1926
-1420
-831
-231
259
773
1385
1980
2393
2829
3192
3471
3516
3430
3163
2847
2556
2130
1533
723
-13
-589
-1152
-1679
-2162
-2459
-2721
-2905
-2918
-2832
-2726
-2620
-2417
-2188
-1905
-1648
-1383
-1021
-667
-303
2
240
466
830
1195
1414
1578
1728
1906
1971
1885
1796
1701
1555
1392
1215
1022
646
282
-14
-280
-696
-1083
-1504
-1958
-2496
-2990
-3127
-3367
-3449
-3601
-3380
-2986
-2488
-1887
-1278
-586
114
806
1527
2115
2643
3097
3339
3426
3452
3669
3636
3474
3217
2993
2806
2618
2357
2060
1708
1252
884
578
296
-118
-601
-1156
-1607
-2117
-2535
-2863
-3218
-3321
-3359
-3362
-3228
-2784
-2152
-1406
-974
-310
497
1328
1938
2336
2790
3052
3138
3165
3154
3008
2645
2281
1987
1553
1199
846
559
117
-296
-584
-921
-1306
-1763
-2325
-2859
-3284
-3503
-3670
-3778
-3844
-3868
-3594
-3241
-2730
-2009
-1375
-723
-185
393
1091
1648
2121
2324
2435
2538
2565
2636
2551
2383
2135
1929
1656
1265
1015
743
396
-120
-628
-937
-1137
-1452
-1816
-2395
-2869
-3239
-3453
-3505
-3575
-3380
-3108
-2694
-2103
-1332
-540
244
747
1330
1804
2273
2642
2907
3179
3270
3353
3346
3455
3589
3596
3451
3312
3001
2757
2371
1943
1325
643
36
-648
-1198
-1772
-2229
-2754
-3146
-3380
-3385
-3215
-3047
-2612
-2184
-1729
-1250
-794
-192
178
565
871
1245
1593
1742
1899
1966
2027
2029
2027
2117
2116
1994
1898
1665
1472
1216
894
388
-291
-955
-1452
-1976
-2520
-3103
-3556
-3788
-3850
-3652
-3448
-3048
-2661
-2189
-1628
-1063
-423
123
654
1066
1370
1680
1913
2142
2181
2244
2203
2103
2099
2099
2013
1735
1381
1002
703
379
25
-399
-780
-1158
-1498
-1755
-2027
-2238
-2385
-2643
-2736
-2876
-2905
-2803
-2780
-2474
-2224
-1812
-1320
-736
-166
334
785
1311
1931
2545
2897
3195
3408
3444
3434
3324
3288
3103
2723
2279
1857
1439
1163
787
467
96
-263
-471
-671
-839
-973
-1086
-1349
-1514
-1694
-1715
-1724
-1767
-1730
-1656
-1577
-1319
-998
-609
-236
154
748
1380
1838
2082
2408
2602
2691
2607
2468
2229
1851
1411
997
517
61
-301
-727
-1216
-1779
-2109
-2268
-2469
-2685
-2906
-3055
-3100
-3105
-2906
-2699
-2474
-2272
-1858
-1386
-934
-379
89
562
938
1319
1800
2207
2472
2577
2628
2615
2464
2330
2047
1713
1319
905
617
224
-90
-426
-769
-1102
-1415
-1654
-1807
-1909
-2109
-2195
-2340
-2382
-2392
-2422
-2381
-2280
-1887
-1480
-1016
-429
292
932
1366
1748
2211
2661
2927
2989
3021
2968
2851
2692
2365
2201
1992
1664
1355
1050
842
670
477
212
-40
-247
-428
-668
-826
-1055
-1275
-1576
-1779
-1856
-1978
-1984
-1943
-1705
-1427
-1082
-661
-131
429
813
1151
1483
1739
1936
1915
1746
1474
1232
1036
722
347
-52
-316
-507
-686
-769
-805
-800
-910
-1073
-1180
-1274
-1370
-1486
-1607
-1789
-1826
-1719
-1626
-1491
-1268
-996
-601
-164
377
878
1252
1545
1799
2114
2343
2468
2455
2284
2103
1790
1378
972
535
83
-419
-868
-1262
-1543
-1648
-1783
-1900
-1920
-1834
-1679
-1569
-1400
-1209
-1081
-1048
-1113
-1017
-1013
-908
-918
-976
-857
-688
-397
-38
282
555
776
1013
1300
1582
1812
1918
1877
1792
1739
1670
1583
1408
1258
1088
911
730
581
529
431
318
127
-11
-62
-105
-130
-269
-404
-483
-451
-423
-267
-272
-176
-143
-129
59
202
198
267
145
255
349
355
407
321
277
9
-37
-76
-59
-84
-124
-109
-102
-60
56
-73
-194
-344
-448
-488
-643
-698
-852
-1050
-1224
-1244
-1271
-1210
-1147
-993
-807
-527
-194
190
557
711
966
1139
1321
1295
1121
980
711
424
169
-107
-319
-552
-760
-859
-947
-833
-698
-547
-494
-523
-365
-255
-166
-146
-240
-277
-401
-582
-748
-882
-1029
-1120
-1177
-1134
-1002
-686
-365
-78
198
518
834
1050
1183
1303
1299
1227
1052
940
949
917
859
808
848
941
975
1081
1170
1265
1336
1237
1157
1075
974
804
571
333
47
-283
-484
-706
-738
-780
-937
-934
-876
-667
-509
-390
-275
-239
-148
-103
-98
-93
-143
-124
-147
-179
-153
-148
-51
70
168
351
458
527
560
491
403
276
182
-16
-188
-404
-621
-717
-819
-830
-843
-860
-738
-582
-346
-179
-68
-6
55
122
175
173
159
46
-59
-141
-253
-276
-344
-501
-640
-713
-709
-617
-553
-489
-429
-378
-290
-273
-246
-229
-256
-359
-396
-338
-308
-250
-377
-469
-604
-694
-687
-740
-714
-728
-650
-610
-446
-203
51
286
378
488
674
819
983
1161
1259
1320
1394
1548
1649
1763
1791
1836
1816
1795
1736
1688
1613
1525
1325
1091
830
630
399
137
-240
-433
-577
-734
-830
-979
-960
-1049
-923
-989
-927
-991
-983
-935
-826
-677
-611
-409
-360
-244
-121
83
307
542
637
728
749
809
805
767
587
387
141
-118
-378
-609
-776
-955
-1059
-1173
-1083
-1021
-903
-829
-742
-563
-425
-220
-132
-85
-52
-68
-93
-91
-48
-30
-85
-74
-58
-21
98
117
183
238
254
276
283
208
34
-110
-213
-377
-523
-703
-780
-862
-928
-914
-914
-916
-909
-991
-961
-923
-808
-681
-543
-393
-275
-144
5
262
460
698
912
1086
1286
1517
1672
1751
1796
1849
1859
1816
1762
1698
1655
1553
1455
1324
1196
1068
950
735
499
299
92
-122
-391
-559
-688
-896
-1064
-1195
-1240
-1258
-1223
-1155
-997
-753
-519
-337
-128
65
251
381
413
465
449
481
457
330
277
159
68
-35
-165
-253
-332
-460
-535
-627
-665
-652
-696
-722
-736
-704
-641
-623
-607
-578
-483
-345
-275
-157
-18
130
198
242
302
279
248
202
159
103
-11
-87
-245
-421
-549
-665
-728
-807
-842
-816
-745
-675
-631
-557
-465
-335
-268
-225
-156
-68
-25
35
38
67
90
124
175
232
303
353
423
531
607
609
670
669
688
699
668
653
633
671
706
753
752
852
929
950
1002
1041
1104
1088
1031
953
866
820
763
727
594
507
358
243
118
51
-23
-221
-305
-461
-432
-591
-670
-688
-712
-754
-777
-767
-749
-815
-793
-705
-763
-792
-759
-562
-503
-487
-353
-136
11
51
113
219
276
319
363
308
320
239
146
-36
-230
-280
-327
-466
-582
-548
-500
-473
-512
-479
-406
-387
-438
-517
-565
-577
-666
-680
-708
-763
-735
-694
-639
-631
-486
-301
-165
-44
147
399
568
615
653
680
636
624
587
597
530
452
378
215
52
-57
-149
-232
-366
-481
-559
-542
-469
-449
-322
-266
-142
32
199
342
424
536
685
828
958
1088
1222
1378
1471
1538
1563
1570
1566
1520
1474
1327
1224
1148
979
779
553
296
62
-209
-459
-670
-907
-1096
-1291
-1414
-1525
-1565
-1524
-1464
-1372
-1263
-1080
-959
-795
-621
-528
-392
-232
-79
107
257
387
538
661
729
788
869
909
867
786
629
462
282
82
-128
-310
-450
-568
-649
-656
-678
-693
-662
-639
-628
-617
-577
-569
-567
-503
-511
-542
-486
-441
-454
-476
-413
-306
-235
-206
-114
107
312
445
562
657
686
750
733
654
463
283
67
-221
-414
-587
-692
-793
-846
-831
-817
-703
-513
-368
-171
54
294
488
662
843
926
991
1023
1030
986
921
928
1014
986
896
820
803
802
784
801
761
725
661
585
467
379
273
113
-51
-222
-383
-499
-555
-672
-823
-877
-947
-1011
-1031
-1062
-1058
-1048
-1040
-1004
-940
-875
-796
-715
-615
-511
-445
-253
-130
57
261
444
633
785
903
1021
1079
1018
998
946
867
724
616
511
363
285
164
50
-101
-273
-371
-502
-557
-592
-650
-675
-712
-723
-746
-834
-876
-991
-1087
-1168
-1170
-1089
-989
-860
-723
-505
-278
-51
260
545
755
955
1084
1162
1152
1071
927
760
621
500
405
303
224
255
288
328
423
500
548
557
547
490
411
340
311
213
76
-13
-81
-127
-145
-145
-140
-142
-115
-48
65
159
276
390
486
528
618
754
774
758
631
432
225
78
-113
-340
-567
-812
-989
-1137
-1269
-1429
-1517
-1566
-1622
-1649
-1546
-1406
-1271
-1159
-958
-738
-550
-299
-37
185
383
630
825
1009
1201
1308
1414
1445
1415
1391
1292
1137
970
750
527
334
122
-55
-224
-393
-541
-708
-796
-857
-995
-1139
-1265
-1316
-1382
-1445
-1480
-1483
-1455
-1354
-1204
-1042
-766
-443
-85
274
608
1017
1385
1679
1913
2107
2267
2314
2327
2259
2078
1838
1517
1182
835
455
108
-229
-527
-764
-927
-1024
-1156
-1181
-1125
-1127
-1104
-1087
-997
-867
-753
-602
-475
-334
-169
-15
136
382
551
725
927
1104
1222
1314
1442
1510
1516
1412
1304
1106
884
610
330
39
-271
-600
-909
-1233
-1565
-1767
-1937
-2033
-2101
-2067
-2026
-1933
-1709
-1495
-1276
-1081
-832
-569
-349
-53
195
441
666
844
1048
1203
1325
1418
1458
1455
1440
1388
1337
1156
939
707
429
102
-242
-489
-747
-911
-1064
-1176
-1194
-1216
-1184
-1109
-999
-873
-787
-595
-412
-292
-111
72
258
504
715
952
1205
1391
1567
1660
1735
1821
1834
1804
1707
1579
1380
1155
909
646
374
27
-313
-590
-846
-1151
-1393
-1592
-1747
-1866
-1882
-1896
-1867
-1742
-1600
-1353
-1060
-825
-545
-263
-29
197
454
723
874
993
1087
1174
1190
1177
1136
1040
876
693
518
290
106
-81
-226
-339
-512
-641
-786
-950
-1042
-1098
-1162
-1225
-1225
-1155
-1151
-1115
-1074
-984
-799
-624
-468
-339
-145
38
193
351
489
673
801
974
1133
1191
1265
1274
1297
1309
1265
1173
1045
916
788
710
602
443
298
77
-98
-230
-328
-430
-445
-491
-521
-550
-479
-352
-192
-11
149
326
505
648
728
814
821
848
824
750
692
606
527
380
250
128
16
-74
-154
-236
-245
-282
-359
-500
-665
-781
-932
-1063
-1185
-1241
-1291
-1365
-1433
-1420
-1347
-1262
-1152
-1075
-959
-815
-622
-446
-254
-96
42
161
268
437
554
627
678
647
594
518
464
408
323
295
269
255
233
239
232
175
214
209
190
183
88
44
-37
-132
-218
-358
-410
-426
-410
-375
-380
-327
-284
-196
-115
5
202
378
465
571
679
762
864
869
864
826
784
750
687
615
533
443
328
258
234
210
211
154
134
141
145
160
79
39
23
-60
-58
-59
-111
-132
-161
-154
-154
-92
-43
-41
-10
-57
-114
-150
-170
-143
-126
-103
-91
-65
-62
-21
-51
-86
-119
-190
-238
-289
-408
-493
-574
-721
-853
-937
-1022
-1047
-1048
-1084
-1075
-999
-870
-744
-627
-478
-359
-236
-109
46
143
166
188
162
142
158
189
215
292
345
343
363
408
428
492
570
654
652
699
758
748
722
579
454
329
219
124
-25
-129
-221
-286
-308
-288
-292
-227
-209
-174
-139
-34
92
212
318
401
466
498
585
583
657
684
733
789
799
821
805
798
789
736
708
619
459
355
261
165
-18
-171
-281
-446
-526
-619
-756
-843
-892
-958
-996
-970
-924
-824
-777
-683
-585
-483
-388
-302
-194
-101
10
97
156
217
284
300
333
301
286
303
214
170
61
-63
-177
-296
-383
-439
-514
-590
-663
-745
-786
-811
-834
-789
-768
-765
-732
-674
-581
-479
-362
-243
-111
-3
128
273
461
594
676
759
818
896
944
979
981
934
890
837
750
658
534
433
308
170
66
-69
-226
-342
-475
-587
-636
-603
-587
-582
-549
-452
-358
-260
-220
-154
-99
-35
61
140
252
379
474
548
642
716
788
835
864
884
896
887
848
709
579
439
267
145
12
-98
-205
-330
-457
-512
-553
-589
-605
-614
-629
-595
-527
-444
-356
-285
-166
-70
67
174
297
408
513
602
665
734
679
634
559
519
413
284
141
-28
-148
-325
-476
-633
-780
-898
-1064
-1181
-1262
-1324
-1352
-1385
-1352
-1331
-1250
-1135
-1026
-898
-803
-675
-536
-352
-190
-53
92
222
357
508
655
754
812
857
883
865
838
849
817
770
694
596
538
484
417
315
185
59
-40
-135
-173
-188
-208
-172
-141
-98
3
79
165
160
210
262
264
288
336
441
516
593
705
733
793
867
877
891
835
765
646
512
353
157
-17
-214
-372
-539
-676
-775
-875
-877
-894
-892
-866
-835
-801
-764
-659
-602
-531
-400
-327
-226
-118
-19
70
182
306
415
511
589
671
688
724
717
665
602
483
325
160
-35
-173
-323
-488
-600
-693
-762
-826
-874
-890
-950
-951
-927
-900
-864
-812
-722
-660
-567
-457
-320
-220
-93
10
127
277
412
536
648
759
840
884
924
940
915
884
877
815
727
672
584
486
428
318
219
144
54
-5
-111
-190
-225
-292
-365
-444
-500
-474
-501
-526
-465
-400
-349
-254
-153
-58
43
115
176
253
352
390
434
415
345
330
339
333
294
224
148
48
-17
-31
-120
-190
-241
-259
-285
-307
-346
-410
-403
-388
-367
-318
-259
-188
-127
-53
51
130
228
303
361
429
504
574
604
611
628
614
585
537
479
391
300
167
37
-56
-183
-339
-471
-603
-667
-752
-858
-939
-1072
-1149
-1125
-1134
-1096
-1043
-1002
-917
-827
-705
-578
-447
-309
-155
14
146
297
419
489
591
640
683
765
793
841
872
857
831
752
704
633
557
490
386
257
118
-9
-96
-168
-254
-300
-339
-366
-377
-386
-371
-313
-269
-224
-162
-41
70
182
277
282
321
403
475
563
589
587
603
548
555
521
464
431
356
294
189
80
-13
-138
-254
-343
-452
-569
-653
-686
-720
-706
-679
-606
-550
-525
-456
-407
-303
-200
-98
8
122
183
277
367
448
543
671
761
845
922
892
860
756
621
467
312
152
-9
-141
-325
-469
-624
-762
-865
-950
-1003
-1032
-1046
-1042
-1014
-932
-837
-752
-622
-512
-408
-279
-177
-117
-5
86
143
224
328
394
430
489
476
463
481
506
474
376
337
241
103
-17
-163
-259
-367
-464
-548
-589
-575
-562
-522
-479
-438
-403
-261
-144
-27
112
195
303
402
491
581
680
734
759
796
874
905
896
861
807
767
678
597
495
425
366
293
244
210
175
141
87
-1
-54
-140
-231
-296
-368
-382
-410
-417
-376
-344
-330
-239
-185
-126
-24
93
211
274
401
472
523
542
541
533
477
424
389
319
224
96
-46
-191
-309
-413
-549
-641
-732
-783
-855
-922
-955
-938
-927
-905
-870
-824
-789
-734
-646
-580
-508
-440
-383
-325
-274
-238
-197
-119
-67
-2
61
179
267
325
367
366
370
393
406
406
393
321
246
146
47
-56
-143
-203
-263
-291
-268
-229
-159
-108
-20
93
177
277
344
412
479
582
657
716
760
764
765
713
625
551
456
391
363
299
271
258
258
245
217
142
65
-7
-78
-131
-196
-208
-223
-241
-273
-281
-280
-247
-223
-216
-157
-140
-110
-54
-12
25
57
115
154
208
295
340
337
309
287
218
163
114
16
-92
-168
-277
-368
-428
-509
-542
-606
-636
-657
-713
-732
-698
-712
-655
-615
-556
-460
-426
-335
-281
-281
-268
-219
-206
-177
-131
-79
-17
9
101
160
237
332
347
395
444
464
469
452
455
395
323
273
182
153
88
16
-16
-88
-128
-151
-167
-187
-205
-182
-158
-141
-101
-30
18
90
167
248
331
356
375
389
420
422
398
396
356
343
290
234
194
137
101
110
153
206
255
280
274
284
243
188
157
135
85
54
27
-3
-12
-49
-74
-74
-46
-42
-15
-4
-6
-8
-32
-31
-12
16
22
15
-8
-26
-18
-42
-96
-132
-164
-217
-217
-226
-259
-259
-294
-351
-384
-417
-475
-535
-577
-621
-629
-578
-510
-479
-394
-305
-240
-171
-131
-122
-130
-126
-106
-54
-23
7
48
69
138
166
176
216
211
217
242
233
196
205
221
177
173
163
108
84
34
0
-29
-53
-57
-63
-65
-51
-35
-1
54
84
139
149
158
167
144
120
106
94
109
72
55
52
12
24
-6
-12
-26
-23
20
58
59
112
133
145
175
192
218
205
219
219
205
240
238
229
205
190
202
205
228
214
209
193
176
173
161
142
88
56
34
0
-34
-49
-49
-50
-69
-68
-47
-46
-60
-100
-137
-173
-260
-315
-299
-322
-336
-335
-332
-320
-296
-233
-219
-186
-164
-200
-166
-112
-86
-9
9
8
11
-21
9
16
45
51
55
47
-18
-28
-13
-41
-77
-79
-105
-114
-131
-177
-178
-182
-174
-189
-186
-200
-232
-200
-196
-193
-195
-173
-143
-88
-40
-20
41
31
38
37
47
77
80
144
154
143
127
104
103
115
123
122
138
151
141
134
171
216
245
304
313
348
407
395
431
440
453
451
426
425
380
346
305
214
147
45
-36
-81
-130
-162
-167
-215
-254
-266
-267
-275
-297
-260
-213
-202
-190
-177
-201
-175
-152
-148
-138
-143
-152
-132
-117
-74
-64
-80
-59
-72
-71
-89
-88
-117
-152
-173
-194
-153
-160
-140
-126
-107
-114
-82
-34
-36
-44
-69
-87
-103
-114
-119
-106
-101
-118
-66
-12
14
52
102
144
144
132
150
146
140
166
152
171
218
187
169
145
122
122
127
139
138
137
101
53
77
105
92
90
63
37
16
10
11
22
6
-3
7
34
61
61
96
94
90
110
108
117
100
49
17
-4
6
9
13
30
15
10
25
-5
-21
-74
-117
-170
-188
-207
-242
-255
-288
-271
-212
-171
-135
-124
-83
-36
0
59
114
170
205
236
211
195
193
195
205
213
161
130
117
53
32
21
10
-1
-24
-42
-64
-47
-35
-29
-39
-26
-17
-49
-89
-129
-151
-172
-198
-218
-220
-210
-217
-208
-182
-188
-171
-170
-151
-66
-31
27
59
64
66
49
39
7
-51
-94
-109
-140
-173
-186
-208
-228
-225
-252
-223
-217
-196
-172
-143
-98
-46
11
60
130
193
245
263
259
248
284
311
325
341
374
374
364
362
351
311
301
335
338
363
379
374
356
288
202
88
-10
-110
-170
-211
-230
-212
-217
-199
-159
-148
-134
-116
-92
-76
-52
-21
50
93
108
131
106
103
90
77
78
89
19
9
-10
-44
-58
-123
-115
-159
-197
-202
-237
-241
-257
-257
-259
-257
-228
-227
-235
-225
-238
-242
-240
-249
-225
-215
-213
-201
-154
-165
-115
-63
-23
3
18
78
73
93
111
94
63
33
2
-22
-63
-132
-165
-221
-250
-223
-178
-133
-102
-51
-5
63
131
169
238
287
304
298
313
300
264
243
197
177
167
112
90
83
95
139
188
227
247
248
273
304
296
286
272
259
236
166
123
100
45
-3
-35
-38
-37
-46
-40
-53
-56
-44
-74
-80
-65
-40
-29
-21
-32
-21
-25
-41
-60
-76
-95
-108
-102
-106
-139
-142
-168
-180
-177
-183
-164
-188
-170
-172
-169
-163
-134
-80
-55
-17
-31
-42
-35
-30
-38
-20
-27
-52
-51
-35
-42
-68
-72
-83
-98
-81
-87
-104
-77
-62
-24
-7
6
1
0
-48
-36
-20
-24
-46
-56
-34
-33
-22
-32
32
50
64
114
147
156
164
177
173
183
196
228
269
291
297
293
267
222
192
159
97
27
-12
-42
-72
-80
-73
-45
-50
-70
-70
-43
-29
-7
-32
-48
-64
-46
-27
-18
12
18
0
10
-13
-20
-36
-57
-75
-86
-95
-110
-60
-95
-92
-49
-1
8
-5
-34
-38
-79
-113
-147
-181
-174
-160
-133
-115
-113
-101
-63
-45
-8
68
84
121
166
177
246
262
254
272
292
301
315
319
286
289
247
207
142
90
67
47
18
-33
-37
-77
-90
-95
-128
-192
-233
-231
-260
-247
-222
-230
-232
-201
-205
-227
-221
-217
-170
-171
-137
-82
-37
-12
-9
20
22
55
66
77
54
38
44
44
57
-4
-41
-48
-71
-81
-78
-71
-113
-153
-180
-170
-175
-160
-128
-112
-93
-83
-66
-61
-35
-14
13
29
41
63
77
97
86
122
150
155
182
177
224
243
245
266
249
199
153
107
82
78
57
42
56
52
69
100
117
130
109
115
136
166
201
236
240
248
224
169
147
126
82
59
45
25
15
10
-25
-37
-31
-77
-98
-132
-137
-163
-205
-240
-287
-340
-392
-415
-407
-414
-413
-394
-386
-358
-344
-303
-306
-250
-225
-213
-166
-125
-45
-1
38
102
131
162
208
188
166
160
147
149
117
119
102
95
99
80
76
48
10
-40
-89
-116
-141
-167
-166
-140
-118
-104
-85
-68
-67
-25
29
72
114
174
218
248
260
265
307
318
325
332
368
392
380
381
370
326
292
276
198
163
155
143
132
129
78
38
13
-37
-40
-57
-87
-88
-135
-175
-149
-141
-154
-155
-146
-157
-143
-139
-133
-124
-120
-130
-144
-133
-129
-79
-79
-74
-94
-101
-109
-127
-126
-115
-121
-130
-167
-194
-176
-196
-208
-235
-250
-283
-268
-220
-200
-162
-131
-126
-92
-28
3
22
33
60
61
95
156
169
209
223
203
198
199
208
216
236
250
252
248
236
218
208
171
120
103
102
82
40
38
37
-19
-50
-78
-122
-145
-143
-130
-118
-145
-120
-101
-77
-13
7
26
38
61
42
42
57
61
60
60
52
36
38
-2
-6
-44
-77
-81
-62
-46
-75
-70
-67
-64
-85
-82
-86
-86
-87
-89
-80
-64
-61
-47
-44
-31
0
-7
3
7
30
50
42
70
80
128
178
190
177
173
169
127
107
75
52
9
-28
-41
-67
-101
-137
-149
-169
-206
-177
-183
-181
-170
-165
-150
-136
-101
-64
-49
-52
-2
16
22
66
85
111
147
129
127
162
169
188
178
179
175
144
136
128
132
126
84
29
-18
-87
-123
-145
-173
-196
-206
-227
-209
-206
-217
-179
-161
-150
-107
-53
-21
11
35
32
62
111
155
166
192
207
202
175
167
127
113
133
136
131
96
73
55
24
-38
-39
-80
-120
-138
-140
-136
-169
-179
-194
-191
-159
-124
-75
-62
-43
-26
-51
-39
-19
24
65
77
86
110
99
112
104
88
93
88
94
66
84
79
68
68
20
-28
-53
-99
-154
-170
-206
-208
-203
-240
-221
-222
-230
-190
-189
-146
-139
-81
-35
-27
10
37
54
92
115
141
177
191
213
232
290
278
245
215
171
163
160
197
201
196
176
139
114
84
13
9
20
-33
-45
-49
-50
-13
12
9
38
25
21
30
29
7
-4
-22
-50
-59
-57
-64
-77
-59
-69
-79
-74
-45
-57
-45
-69
-63
-62
-64
-34
-62
-70
-64
-59
-50
-38
-20
0
25
59
56
83
104
105
128
116
114
130
121
113
87
51
6
-12
-36
-76
-60
-78
-95
-132
-155
-183
-206
-220
-214
-215
-213
-229
-210
-175
-173
-143
-157
-155
-156
-133
-119
-95
-50
-17
13
21
60
85
106
96
124
147
140
142
133
135
124
130
102
97
100
89
75
63
53
16
-3
-16
-14
-17
-5
33
35
25
10
-7
2
12
32
36
45
77
52
39
34
49
33
22
32
40
76
59
47
25
7
-10
-37
-69
-80
-97
-101
-120
-129
-115
-116
-109
-77
-41
2
19
19
21
-10
-3
10
32
33
45
52
65
71
88
110
120
115
93
90
62
87
91
84
88
59
49
35
15
-18
-43
-69
-114
-133
-148
-142
-146
-132
-133
-149
-119
-90
-55
-26
-22
-11
-3
19
18
25
79
103
141
154
120
142
125
85
102
76
46
34
27
2
18
2
-31
-13
-33
-31
-41
-73
-67
-46
-44
-70
-74
-54
-24
-12
-2
33
3
8
-10
-39
-26
-43
-49
-52
-65
-54
-43
-24
10
17
-11
-21
-42
-80
-102
-142
-148
-147
-142
-132
-121
-108
-106
-82
-69
-57
-45
-19
-2
6
19
31
48
81
88
107
142
151
163
180
184
183
207
189
157
136
90
57
62
57
59
52
9
-33
-51
-68
-88
-106
-125
-133
-149
-166
-156
-152
-156
-134
-117
-119
-103
-66
-26
16
50
74
123
157
181
188
215
228
214
180
149
123
84
87
66
73
79
78
90
95
89
68
68
62
42
8
-14
-36
-72
-111
-135
-127
-148
-126
-119
-113
-113
-113
-115
-89
-63
-68
-74
-103
-74
-78
-75
-55
-53
-12
-3
17
38
18
15
8
-12
-19
-44
-79
-52
-52
-51
-24
-8
29
71
86
91
113
144
119
117
104
89
88
73
83
76
79
76
85
105
117
70
30
34
14
7
-8
-11
3
27
16
-23
-48
-93
-127
-139
-152
-120
-77
-85
-68
-44
-21
1
-3
-18
-37
-59
-68
-88
-87
-68
-55
-31
2
9
27
35
55
56
68
80
81
100
92
75
83
89
71
62
27
-25
-74
-100
-151
-164
-174
-198
-199
-181
-165
-141
-140
-135
-141
-170
-185
-212
-221
-216
-193
-148
-125
-78
-25
-24
9
36
59
74
113
125
125
153
169
231
254
240
234
199
166
134
139
147
146
156
158
163
165
154
123
73
38
7
-24
-34
-65
-95
-86
-85
-65
-45
-39
-27
-25
16
42
63
97
91
86
81
93
93
75
89
103
68
70
52
18
-35
-67
-62
-92
-116
-118
-116
-101
-77
-92
-81
-88
-87
-55
-42
-29
-34
-39
-38
-37
-43
-35
-21
2
24
11
11
-35
-54
-56
-71
-44
-29
-9
-6
33
38
34
21
-1
-1
-10
23
38
40
46
30
30
-5
-24
-54
-88
-109
-127
-111
-100
-61
-60
-55
-21
4
25
49
20
40
64
76
113
94
114
115
96
66
61
61
25
-4
-48
-53
-56
-61
-65
-47
-20
-22
-37
-51
-70
-63
-82
-103
-93
-94
-69
-80
-86
-132
-127
-123
-92
-49
-30
37
92
96
88
106
135
136
146
155
170
169
160
154
137
118
85
48
39
35
1
-1
3
42
33
38
24
10
-19
-44
-45
-68
-68
-71
-44
-19
-39
-32
-16
8
-3
0
15
10
17
12
24
34
26
18
7
8
-7
-22
-39
-57
-56
-53
-20
-13
7
28
13
16
6
7
15
-8
-2
-4
-1
-27
-20
-45
-65
-24
-15
-5
13
36
60
63
57
45
54
63
74
73
87
84
40
16
-6
-5
-6
-25
-46
-56
-71
-83
-71
-58
-68
-51
-37
-39
-47
-49
-47
2
39
67
106
111
132
141
135
98
67
43
-19
-43
-54
-74
-78
-107
-123
-154
-167
-146
-149
-157
-146
-141
-128
-126
-105
-92
-112
-105
-106
-101
-111
-121
-107
-99
-106
-31
-24
5
43
29
57
89
98
121
145
141
163
158
175
174
166
156
130
95
81
77
82
78
88
105
85
96
78
86
82
50
32
2
-38
-61
-68
-69
-43
-43
-17
-28
-23
-12
-4
18
8
-32
-37
-49
-68
-57
-64
-92
-110
-140
-178
-199
-195
-138
-106
-92
-71
-61
-60
-50
-18
-13
-34
-32
-30
-14
21
47
52
47
46
38
47
65
71
87
82
67
66
59
71
79
81
88
92
92
99
93
80
73
75
63
54
64
73
42
57
59
25
28
8
12
11
-4
-16
-45
-41
-61
-67
-45
-15
28
13
18
35
59
51
51
31
15
-3
-4
19
10
-10
-34
-64
-87
-80
-107
-116
-130
-141
-154
-158
-135
-115
-113
-92
-88
-73
-56
-18
-8
2
20
14
25
44
48
17
40
42
41
17
-1
-16
-14
-10
-1
23
39
55
84
90
102
103
86
90
67
77
87
118
132
138
135
145
109
90
82
52
35
23
15
-15
-40
-60
-79
-95
-89
-79
-81
-85
-84
-61
-69
-40
-34
-30
2
15
37
-1
-46
-60
-93
-126
-132
-136
-132
-143
-147
-153
-148
-128
-101
-60
-41
-51
-49
-38
-5
9
30
59
62
79
99
109
96
108
97
118
146
129
134
116
103
99
68
56
50
15
0
10
12
26
21
40
32
23
28
-1
5
18
-2
-7
4
-17
-23
-18
-16
-12
-10
16
7
12
40
72
87
88
97
54
51
37
13
-7
-39
-67
-83
-91
-84
-92
-106
-113
-116
-118
-138
-152
-130
-127
-132
-143
-152
-96
-115
-109
-63
-68
-65
-49
-28
-9
15
21
41
45
19
22
7
5
11
-15
22
42
76
112
92
94
87
75
94
110
97
93
111
113
101
108
84
71
39
35
26
6
0
8
-3
-11
-6
-16
-9
-3
8
13
8
-5
32
32
39
68
48
46
59
30
-12
-34
-57
-61
-78
-108
-100
-120
-125
-125
-149
-172
-192
-166
-156
-115
-57
-52
-52
-62
-36
-38
-17
-22
-28
-12
-25
-17
-35
-36
-44
-61
-58
-55
-23
14
18
66
120
160
207
195
200
224
196
149
160
137
128
119
146
177
182
192
195
187
185
143
107
111
103
84
52
18
-3
-46
-75
-111
-145
-173
-195
-205
-215
-217
-188
-180
-172
-185
-208
-175
-201
-156
-130
-124
-104
-113
-108
-115
-114
-104
-99
-96
-92
-88
-74
-64
-65
-61
-53
-44
-18
-1
27
49
65
65
68
99
122
138
172
187
191
219
235
246
243
222
220
202
208
188
147
125
107
110
122
104
75
43
1
-17
-59
-49
-35
-50
-67
-71
-64
-32
-19
-31
-29
-27
-29
-17
21
24
22
13
-3
-12
-12
-2
-4
-15
6
9
20
23
19
-16
-50
-48
-57
-87
-117
-156
-166
-175
-172
-174
-173
-170
-148
-136
-122
-118
-103
-56
-58
-23
-38
-15
11
27
53
62
68
89
87
60
66
59
58
60
43
20
15
10
11
2
-6
-9
-48
-43
-24
-12
16
48
45
53
57
50
41
26
38
30
28
11
-11
-4
-11
1
3
-1
23
39
70
77
57
52
38
38
35
13
12
25
32
28
27
12
6
-19
-59
-89
-83
-109
-122
-125
-131
-108
-100
-104
-104
-107
-94
-82
-66
-58
-44
-30
-20
-16
7
-9
-17
-8
5
41
45
45
49
54
50
65
75
82
79
88
84
69
66
60
36
24
3
-13
6
15
29
43
51
59
50
44
23
16
13
-8
-15
-22
-42
-71
-81
-89
-68
-47
-27
-22
-33
-27
-27
-27
12
22
21
42
48
57
49
36
32
26
-5
3
-22
-30
-23
-9
21
37
58
27
4
-34
-29
-52
-43
-12
-19
11
5
31
68
82
103
119
102
111
107
100
96
115
120
91
85
94
70
44
40
13
6
-12
5
-19
-51
-75
-87
-80
-79
-93
-96
-93
-101
-83
-91
-56
-40
-52
-41
-38
-45
-60
-82
-87
-98
-116
-114
-112
-119
-101
-98
-83
-66
-81
-59
-51
-57
-81
-86
-106
-122
-119
-122
-104
-77
-60
-60
-59
-52
-11
11
35
54
67
79
75
96
134
166
193
206
202
195
203
205
214
236
215
209
170
134
124
109
69
38
-11
-21
-7
0
8
8
-9
-65
-81
-76
-80
-67
-64
-71
-67
-61
-37
8
5
28
31
40
49
43
38
28
38
47
31
56
64
64
71
71
60
46
13
-26
-61
-105
-135
-154
-166
-185
-172
-146
-119
-109
-103
-95
-72
-54
-44
-49
-56
-82
-99
-113
-115
-94
-81
-42
-21
-13
-14
22
55
67
95
94
92
98
98
98
107
116
128
132
140
123
116
117
117
119
116
117
104
104
83
54
18
-35
-81
-104
-119
-110
-117
-111
-97
-76
-61
-56
-40
-25
-2
-8
-26
-47
-34
-27
-28
-27
-13
-13
-2
-5
-33
-52
-87
-96
-83
-88
-93
-72
-41
-46
-39
-43
-47
-35
-30
-10
-10
15
-1
-9
4
0
6
6
21
49
25
9
5
-15
-19
-46
-17
-7
41
48
65
83
58
43
36
35
12
-3
-16
-3
-10
-20
-27
-26
-41
-36
-23
-15
-11
1
27
36
35
21
30
28
42
50
71
71
86
98
110
102
82
54
11
15
12
24
39
40
30
9
-21
-37
-72
-100
-117
-141
-129
-108
-66
-28
-18
-11
-10
-32
-21
-15
8
35
63
93
98
101
89
79
64
72
58
56
65
54
57
43
26
23
20
-1
-11
-21
-39
-55
-60
-70
-79
-76
-62
-50
-48
-28
-26
-37
-43
-61
-83
-88
-77
-36
-36
-11
3
18
28
-3
-21
-30
-35
-31
-3
6
24
12
2
11
4
18
3
2
24
1
-7
-13
-19
-3
0
22
45
50
40
40
43
6
3
6
-4
5
2
4
26
19
37
35
29
60
58
45
46
58
52
52
33
41
35
31
44
45
31
18
11
30
57
42
48
46
36
35
27
7
-2
-20
-20
-33
-26
-37
-69
-48
-42
-48
-59
-64
-76
-75
-86
-61
-43
-20
-10
-8
-22
-37
-54
-78
-85
-69
-53
-39
-44
-59
-54
-57
-50
-42
-52
-58
-54
-51
-34
-21
-23
-16
0
4
3
9
6
6
25
49
55
34
37
51
47
67
59
62
73
62
57
40
33
39
32
37
43
41
51
56
60
55
54
65
66
72
55
23
-9
-26
-50
-56
-42
-54
-40
-25
-17
-22
-41
-46
-47
-42
-17
-5
10
19
3
15
6
0
-2
-1
1
-18
-36
-49
-51
-60
-60
-51
-49
-38
-39
-27
-17
-18
-17
-43
-51
-57
-44
-24
-7
15
39
55
75
76
76
68
45
35
27
16
14
18
12
18
14
7
-10
-13
-13
-10
5
4
5
15
25
47
46
33
27
16
-11
-30
-47
-53
-35
-43
-14
1
-6
-1
-23
-20
-11
18
30
28
34
24
5
-6
-13
-15
-12
-18
-27
-18
-5
-10
-6
-30
-40
-58
-62
-72
-57
-28
-34
-10
2
-1
15
27
27
43
38
39
52
50
54
52
45
21
7
2
-4
-15
-7
-4
-15
-25
-4
10
13
17
31
50
58
64
64
60
47
19
1
12
10
1
1
-17
-47
-56
-66
-63
-75
-66
-51
-48
-47
-48
-38
-33
-15
-12
-12
-3
18
31
36
33
36
49
48
37
31
17
22
16
6
20
22
28
23
6
10
22
25
34
36
39
30
17
7
-8
-25
-23
-14
-17
-24
-41
-54
-56
-66
-53
-59
-61
-64
-84
-80
-76
-65
-58
-38
-29
-21
4
40
60
62
44
43
53
63
86
99
108
97
79
66
57
26
-7
1
0
6
15
34
48
41
45
38
23
13
18
15
13
12
5
6
13
6
2
-5
-18
-26
-45
-52
-55
-76
-74
-69
-62
-55
-52
-59
-59
-78
-75
-62
-49
-30
-30
-20
-12
-9
-7
-3
-9
-19
-5
1
17
13
6
7
7
11
9
19
5
1
-4
-17
-11
-8
4
14
19
17
28
28
24
17
2
-5
-13
4
16
25
32
25
22
28
33
21
22
21
11
6
8
10
10
22
29
40
36
42
56
45
45
55
44
39
18
-5
-18
-35
-35
-33
-34
-31
-35
-60
-70
-88
-110
-117
-118
-107
-77
-51
-30
-4
19
26
12
10
16
20
22
34
39
33
22
11
-12
-27
-46
-48
-38
-25
-9
-5
-8
-14
2
11
28
31
28
31
27
23
33
38
36
38
22
7
-4
-20
-29
-29
-32
-18
-19
-12
-10
-6
14
23
25
31
42
40
43
51
48
31
32
15
-14
-10
-19
0
12
19
22
5
-3
5
3
11
23
24
25
15
23
37
42
46
39
32
21
20
25
18
10
-4
-25
-34
-41
-52
-60
-71
-80
-67
-72
-60
-62
-65
-47
-37
-20
-7
-7
4
10
0
1
-1
15
8
12
19
19
18
16
10
-12
-5
4
7
19
21
30
19
18
10
2
2
-12
-7
-3
12
4
13
17
7
9
0
-6
-11
-5
-17
-15
-4
-3
3
19
35
50
53
49
43
37
29
24
6
2
1
-3
10
18
18
18
23
15
9
1
2
-3
-8
-12
-19
-18
-18
-30
-37
-32
-28
-20
-21
-22
-29
-40
-40
-50
-55
-49
-51
-49
-42
-28
-16
-6
-11
-16
-15
-15
-11
3
16
26
20
16
24
39
56
61
62
60
56
48
39
36
31
9
-10
-13
-19
-13
-5
3
4
-4
7
-4
-4
-27
-38
-32
-47
-50
-44
-40
-44
-28
-24
-17
-12
-20
-11
-3
1
1
-5
-3
-14
-21
-17
-23
-20
-28
-22
-24
-15
-3
5
22
36
45
49
67
79
77
77
76
78
76
70
61
52
46
37
44
32
27
32
31
20
9
-1
-24
-24
-17
-34
-40
-37
-43
-44
-48
-55
-53
-50
-46
-32
-24
-35
-36
-31
-37
-45
-54
-48
-39
-30
-18
-17
-7
2
3
-7
-6
-5
-10
-8
-8
-3
-2
17
24
26
28
28
30
22
27
18
18
1
-8
-8
-12
-11
-1
4
-5
-3
3
-5
-13
-14
-23
-13
-17
-12
-16
-24
-21
-19
-15
-6
10
18
18
15
14
12
2
-6
-8
-1
8
13
16
17
15
13
15
24
16
10
11
11
7
6
3
4
13
11
18
14
17
26
18
29
31
33
32
29
10
2
12
7
1
-9
-4
-22
-22
-15
-17
-16
-9
-5
-14
-6
-3
3
11
16
17
22
12
12
18
3
-12
-7
-13
-22
-34
-47
-48
-49
-38
-33
-27
-25
-22
-19
-19
-15
-7
-11
-8
-9
-11
8
21
23
25
26
31
24
18
12
7
-2
-10
-15
-2
18
17
11
19
16
19
31
39
41
37
26
26
29
29
27
28
32
27
20
9
0
-11
-22
-28
-36
-37
-31
-23
-14
-11
-17
-13
-14
-21
-23
-30
-18
-9
-2
9
11
5
-3
-5
-6
-15
-16
-13
-18
-17
-25
-28
-24
-21
-20
-27
-26
-21
-13
-7
7
20
22
24
29
26
26
29
30
31
31
30
32
18
14
14
8
8
-6
-3
0
0
11
16
21
19
24
27
26
13
-8
-24
-26
-25
-25
-27
-24
-30
-39
-40
-43
-30
-26
-26
-24
-21
-13
-11
-1
10
15
17
4
4
5
-2
9
7
7
5
-4
1
3
-6
1
1
6
19
32
39
50
56
45
50
35
23
2
2
4
-5
-6
-2
-4
-16
-23
-29
-39
-52
-56
-53
-53
-48
-42
-33
-28
-38
-31
-25
-15
-17
-12
-4
1
7
2
7
11
8
-1
1
-13
-12
-13
-8
8
7
14
21
19
14
9
1
3
8
8
16
21
28
19
12
8
-6
-8
0
11
15
22
21
14
20
20
17
24
20
12
15
12
23
25
22
18
7
8
3
-7
-7
-10
-11
-8
-2
-1
-2
-3
-7
-9
-1
-1
-5
-4
-13
-15
-16
-14
-12
-6
-4
0
-11
-12
-8
-7
0
-5
-11
-12
-9
-14
-7
-3
3
10
3
0
3
5
5
18
11
10
10
4
0
-5
3
1
11
19
20
13
4
-9
-18
-14
-9
-2
0
2
0
2
-4
-16
-17
-18
-2
4
-5
-15
-17
-11
-14
-12
-11
-13
-7
-9
-8
2
7
0
3
1
4
-1
-4
-1
4
13
19
21
19
17
18
12
14
20
13
13
10
8
13
17
21
33
32
35
41
44
40
25
12
4
-3
-11
-11
-15
-21
-25
-32
-27
-26
-23
-18
-21
-19
-10
-11
-7
-3
-7
-12
-13
-9
-9
-17
-11
-18
-22
-18
-20
-15
-14
-10
-5
-1
6
10
5
8
15
13
16
18
19
18
15
13
17
26
28
33
35
29
24
10
5
1
-1
-3
-8
-9
-14
-15
-23
-20
-10
-22
-22
-22
-30
-21
-15
-10
-16
-17
-15
-28
-30
-36
-42
-39
-40
-37
-33
-24
-17
-22
-10
2
13
21
22
23
19
24
20
14
13
13
14
17
19
19
26
21
27
24
18
21
16
15
13
11
14
10
13
11
7
12
14
10
14
12
2
-6
-11
-10
-11
-11
-12
-8
-4
-9
-3
-19
-20
-16
-15
-4
0
9
13
14
16
15
10
3
6
8
-1
-5
-11
-16
-21
-23
-21
-16
-19
-20
-21
-27
-25
-18
-10
-11
-2
4
6
9
8
9
13
6
3
7
9
3
-5
0
3
6
-3
-3
-1
2
5
-1
-3
-8
-13
-16
-19
-15
-15
-19
-18
-10
-8
-7
-1
-2
-6
-9
-7
-15
-14
-15
-20
-17
-5
-1
13
20
24
24
22
27
36
41
44
38
33
34
26
24
23
23
18
18
19
21
15
14
11
11
18
16
14
10
11
11
7
8
9
10
10
4
6
3
1
-3
-13
-22
-24
-26
-29
-29
-29
-32
-38
-42
-42
-43
-43
-37
-29
-25
-16
-19
-7
2
