21
18
15
12
13
11
13
16
15
15
15
13
11
10
11
12
12
13
13
14
12
13
12
13
10
7
6
2
0
-4
1
-2
2
4
-1
-1
-7
-7
-8
-9
-15
-19
-21
-23
-19
-18
-17
-18
-21
-20
-16
-17
-17
-14
-13
-13
-10
-9
-5
-6
-2
-1
1
-1
1
5
13
21
21
22
21
22
21
20
21
20
17
13
12
12
9
9
6
3
2
0
-1
-5
-10
-14
-14
-20
-20
-21
-22
-24
-26
-25
-30
-26
-27
-27
-23
-17
-14
-10
-6
-3
-7
-6
-6
-6
-9
-10
-5
-7
-5
-4
-2
0
0
0
4
2
2
3
-3
-3
-3
-3
-4
-4
-2
-5
-5
-2
-3
-6
-7
-10
-15
-16
-13
-8
-2
3
3
3
6
14
22
20
21
26
25
26
24
22
22
23
27
29
28
29
31
27
28
30
30
30
26
26
27
29
30
29
33
27
19
20
15
13
14
10
6
4
1
-1
-3
-9
-9
-9
-15
-13
-15
-18
-16
-16
-16
-12
-12
-12
-12
-13
-19
-18
-20
-22
-19
-20
-15
-10
-4
-2
4
4
1
0
1
-2
-7
-8
-14
-15
-18
-19
-21
-23
-22
-26
-25
-23
-27
-25
-22
-23
-22
-22
-22
-26
-30
-30
-28
-28
-24
-20
-21
-19
-20
-19
-17
-13
-11
-8
-3
-1
5
8
11
12
17
21
25
30
36
34
35
34
34
32
27
25
22
20
16
14
14
14
14
11
8
8
5
6
3
1
-2
-6
-3
-3
-3
-3
-5
-10
-10
-9
-10
-8
-13
-12
-12
-11
-10
-13
-11
-11
-6
-5
-8
-4
-5
-1
-1
0
1
3
7
8
10
13
15
13
18
19
24
26
34
33
30
28
30
30
32
35
37
37
33
33
33
32
24
22
18
10
4
-2
-6
-10
-13
-13
-13
-14
-14
-17
-13
-13
-16
-20
-22
-21
-22
-28
-29
-30
-31
-27
-29
-30
-28
-25
-23
-21
-18
-22
-18
-14
-14
-14
-8
-8
-4
-5
-7
-3
-3
0
0
-3
-5
-6
-13
-21
-22
-15
-11
-12
-5
-3
-1
-3
-1
-1
1
4
5
6
7
13
16
23
22
22
21
21
20
22
26
25
23
22
23
19
16
17
18
14
14
14
13
13
12
9
8
4
2
-2
-5
-7
-9
-10
-12
-13
-13
-18
-18
-18
-23
-19
-17
-16
-15
-18
-20
-20
-19
-16
-13
-14
-12
-12
-18
-15
-18
-16
-13
-18
-14
-12
-12
-10
-9
-7
-4
-1
5
7
8
11
15
14
12
15
14
15
19
26
26
24
25
24
19
16
9
5
4
2
1
3
-1
1
-1
0
2
6
13
12
12
11
12
14
13
16
14
12
10
10
11
13
8
6
5
5
7
5
5
8
6
4
6
4
1
7
8
7
8
1
-1
1
1
-2
0
-1
1
0
-2
-7
-11
-12
-11
-14
-18
-21
-24
-24
-26
-28
-30
-27
-21
-18
-24
-22
-23
-24
-24
-26
-23
-23
-17
-13
-13
-9
-13
-15
-11
-8
-3
4
3
2
3
2
2
6
1
5
7
5
6
6
9
11
13
11
10
8
9
10
14
12
15
14
10
12
10
5
6
4
3
1
-2
-8
-10
-11
-12
-7
-13
-15
-13
-12
-14
-15
-11
-4
3
8
10
10
7
9
6
6
8
10
13
15
15
21
23
25
27
25
26
24
25
26
32
28
21
19
15
19
22
22
19
16
14
13
11
9
7
3
-1
-3
-9
-16
-14
-16
-19
-25
-29
-32
-33
-32
-32
-32
-38
-36
-36
-36
-34
-30
-29
-30
-32
-33
-30
-29
-25
-18
-15
-16
-15
-13
-9
-11
-13
-12
-9
-5
-1
6
13
14
23
31
29
30
33
35
36
40
37
38
43
42
41
37
34
31
31
27
27
24
20
20
18
15
14
12
8
7
5
0
-4
-4
-5
-3
-1
-2
-1
-2
-1
0
-5
-6
-10
-14
-13
-16
-18
-20
-20
-21
-28
-32
-36
-36
-34
-33
-32
-30
-30
-28
-32
-30
-26
-24
-22
-19
-19
-23
-20
-21
-19
-16
-17
-17
-18
-18
-16
-14
-12
-9
-10
-6
0
5
8
9
15
17
21
22
21
24
24
28
27
24
29
26
27
31
28
30
37
41
41
42
41
41
38
34
35
35
38
38
33
34
32
28
26
24
20
14
11
8
5
-5
-11
-17
-19
-20
-24
-23
-29
-32
-35
-35
-36
-41
-42
-47
-51
-49
-51
-54
-52
-47
-44
-41
-43
-40
-33
-27
-23
-22
-19
-16
-10
-3
1
0
1
2
6
11
9
13
12
18
20
18
23
23
28
27
28
27
24
25
27
33
31
29
32
33
29
29
25
20
15
15
18
18
10
5
7
4
0
-4
-6
-5
0
-4
-4
-9
-11
-11
-6
0
-5
-3
-4
-10
-7
-9
-14
-13
-16
-18
-20
-19
-20
-21
-24
-25
-28
-28
-23
-23
-22
-24
-21
-20
-15
-7
0
-1
-3
-4
-6
-8
-10
-9
-9
-11
-14
-13
-11
-10
-4
-1
3
6
7
11
13
16
19
23
24
20
23
26
29
29
37
43
42
39
37
34
26
17
15
17
14
12
13
13
15
12
12
12
1
-5
-7
-6
-7
-3
-5
-11
-9
-9
-1
5
0
-1
-1
-10
-9
-10
-14
-5
-10
-15
-16
-23
-22
-24
-25
-19
-19
-8
-8
-6
0
3
9
11
13
11
5
1
2
4
5
2
1
4
3
6
9
6
11
13
15
12
11
9
4
-2
-2
-3
-5
-8
-4
-2
-10
-12
-12
-7
-8
-4
-10
-18
-23
-25
-24
-26
-26
-26
-27
-24
-23
-27
-27
-26
-30
-36
-38
-30
-27
-25
-22
-18
-10
-8
-5
-3
-2
4
1
-1
3
10
10
6
5
8
14
16
16
19
26
34
35
41
42
50
59
63
61
54
48
56
48
41
43
36
29
33
49
53
49
44
35
29
25
15
6
2
1
-4
-16
-19
-22
-20
-8
-9
-1
0
-9
-8
-14
-14
-32
-37
-37
-38
-31
-33
-41
-50
-46
-57
-70
-64
-63
-57
-53
-57
-53
-54
-43
-39
-28
-30
-22
-2
4
20
25
14
22
32
37
46
41
35
33
27
27
27
27
24
15
2
-6
-8
-16
-20
-22
-24
-27
-27
-19
-11
-8
-14
-25
-31
-24
-20
-19
-23
-21
-18
-3
15
25
31
20
16
16
17
14
17
20
24
23
22
25
24
28
25
9
3
11
23
34
35
20
1
-7
-4
7
19
23
21
30
23
12
15
11
4
-4
-4
2
3
6
6
-5
-10
-14
-11
-4
0
0
6
13
18
20
13
0
-6
-3
-1
-1
-1
-6
-9
-13
-25
-37
-39
-41
-41
-30
-20
-21
-11
-11
-8
-5
-14
-3
1
9
12
4
-5
-11
-20
-16
-2
-9
-15
-4
8
25
28
25
-57
-243
-352
-212
55
199
253
273
238
47
-155
-158
51
217
79
-63
-68
-4
-66
-112
-13
55
80
65
120
174
203
118
-24
-27
45
103
49
53
101
69
0
-49
18
32
8
-60
-64
-52
-95
-129
-169
-106
-103
-106
-120
-94
-115
-199
-262
-322
-308
-303
-269
-246
-174
-141
-146
-118
-106
-52
-38
27
91
154
207
194
185
172
150
115
137
173
176
154
106
99
98
83
59
83
126
162
177
213
263
301
314
308
337
366
369
388
396
349
276
183
97
25
-22
-89
-131
-156
-117
-96
-119
-127
-110
-91
-90
-73
-58
-34
-21
-64
-53
-38
-101
-161
-146
-128
-162
-207
-303
-394
-535
-679
-826
-1067
-1436
-1786
-1604
-974
-307
75
239
360
262
-21
-230
141
815
1109
892
625
692
699
415
-84
-331
-178
51
181
259
378
199
-254
-690
-724
-375
-18
299
594
1006
1263
1214
1102
1083
1115
1068
1087
1164
1257
1076
625
123
-249
-448
-604
-583
-390
-148
-61
-111
-184
-189
-149
-158
-96
64
306
517
563
383
113
-190
-438
-542
-566
-553
-524
-577
-682
-804
-892
-1012
-1044
-872
-693
-477
-312
-228
-244
-316
-388
-464
-495
-630
-757
-797
-814
-955
-1145
-1331
-1693
-2087
-2164
-1696
-1011
-339
270
746
923
746
526
638
1084
1546
1734
1704
1651
1485
1109
663
364
349
510
894
1385
1718
1763
1391
932
602
570
753
1155
1641
1927
1962
1716
1370
1098
920
782
710
769
835
801
656
327
-84
-454
-728
-787
-604
-400
-371
-540
-720
-978
-1222
-1439
-1568
-1561
-1533
-1412
-1248
-1181
-1230
-1386
-1420
-1207
-846
-574
-493
-429
-609
-783
-1196
-1479
-1799
-2009
-2643
-3793
-4352
-3735
-2208
-1021
-301
-193
47
-292
-977
-855
495
2224
2632
2771
2957
3481
3388
2705
1990
1600
1741
1569
1566
1401
1077
126
-1165
-1913
-2064
-1554
-891
0
926
1709
2035
2112
2461
2795
3190
3159
3179
3264
3092
2548
1548
617
-430
-1183
-1591
-1672
-1503
-1362
-1475
-1877
-2045
-2040
-1771
-1215
-530
188
739
1122
1068
854
534
287
55
-150
-248
-450
-807
-1399
-2096
-2661
-2827
-2693
-2496
-2166
-1815
-1501
-1191
-1036
-795
-430
-5
373
704
1004
1013
1028
752
422
9
-569
-1475
-3065
-4150
-4264
-3000
-1773
-1402
-1510
-1353
-615
-559
-214
962
2785
3420
2870
2559
2952
3613
3047
1974
1277
1618
1950
1814
1614
1241
768
-366
-1220
-1382
-975
-588
-508
-90
468
1073
1259
1345
1633
1975
2294
2584
3066
3139
2750
1994
1314
808
223
-493
-1092
-1137
-1148
-1194
-1337
-1363
-1399
-1645
-1672
-1558
-1111
-510
65
351
425
375
174
30
-82
-99
-50
105
94
-5
-122
-325
-491
-736
-976
-1242
-1288
-974
-614
-372
-237
-184
-515
-1048
-1373
-1077
-491
-180
-201
-235
76
533
542
-881
-4652
-9356
-10865
-7330
-1215
2875
3820
3021
1812
-629
-3767
-3622
826
5751
6012
3666
2937
4664
4883
1043
-3469
-4566
-1301
2197
4002
4462
3886
1711
-2160
-5220
-5807
-3613
-381
2049
3298
3801
4334
4199
3193
1724
1321
2449
4026
5079
5398
5364
3856
1027
-1879
-3147
-2880
-2136
-983
202
865
68
-1238
-1963
-2113
-2346
-2704
-2001
-134
1944
2324
1205
-201
-1117
-1582
-1907
-1324
-168
874
615
-339
-1062
-1551
-2019
-2784
-3053
-2673
-1708
-619
-21
45
-515
-1319
-2065
-2391
-2300
-1767
-720
39
266
62
7
-136
-596
-1104
-1493
-1545
-1595
-2425
-4710
-7180
-7738
-5182
-1294
1405
2145
1893
1340
-125
-1302
-233
3315
5818
5465
4105
4148
5379
5234
3205
965
688
1768
2689
2988
2762
1900
-265
-2792
-4039
-3329
-1415
405
1874
3078
4004
4314
4506
4605
4525
4420
4272
4442
4488
3976
2505
547
-2693
-5674
-6304
-5187
-3352
-1647
-215
-832
-1958
-3677
-4808
-3530
-1183
11
425
2304
2379
1383
318
-585
-1483
-1471
-345
61
1236
1360
-507
-3082
-4422
-4688
-4632
-3535
-2504
-1611
-1106
-745
-715
-655
-38
3
208
753
1669
2145
2156
1627
413
-368
-830
-1012
-1355
-1545
-1821
-2464
-2990
-4045
-5900
-7944
-8005
-5080
-861
2451
3742
3835
3309
1805
-103
342
3889
6854
6842
5126
4530
4981
4543
2448
43
-298
740
1719
2043
2146
1555
-465
-2773
-3805
-2968
-1351
197
1594
2887
3786
3958
3993
4259
4469
4275
3850
3803
3775
3176
1457
-417
-3013
-6311
-7927
-7456
-5530
-3469
-1509
-1154
-1855
-2708
-3930
-3211
-713
1545
1760
2861
3610
2756
1801
405
-1031
-2174
-1350
-709
286
1098
-81
-2524
-4356
-4575
-4512
-3510
-2309
-1167
-332
222
537
704
1391
1309
831
803
1599
2296
2324
1868
704
-242
-978
-1261
-1193
-1065
-1373
-2185
-2467
-2393
-1921
-1552
-2269
-4622
-7222
-7139
-3641
1195
4058
4301
3633
2711
1314
-133
772
3845
6160
5786
4334
4186
4422
3517
862
-1067
-831
444
1547
2289
2905
1822
-995
-3885
-4818
-3522
-1719
42
2024
4303
5246
4507
3472
3123
3227
2958
2615
2512
2642
2343
1107
-428
-3641
-7148
-8108
-6600
-3691
-1196
712
140
-1009
-2567
-3894
-2472
-59
1248
949
2640
2996
2275
1242
-323
-1799
-2464
-1102
-476
1137
1914
490
-2047
-3637
-3679
-3701
-2958
-2246
-1367
-275
867
1400
1241
1193
413
207
795
1560
1727
1486
979
-353
-1336
-1856
-1850
-1613
-1359
-1338
-1049
-351
-190
-448
-1064
-2068
-4160
-6614
-7271
-5018
-1213
1443
2099
1832
1288
279
-964
-473
2409
5444
6155
5156
4929
5193
4544
2171
190
3
1175
2387
2888
3199
2206
-235
-2894
-4021
-3217
-1862
-512
825
2581
3826
3739
3142
2917
3319
3349
3352
3748
4321
3906
2035
10
-1608
-2633
-3725
-4336
-4126
-3403
-2826
-2919
-3089
-3460
-3491
-3134
-2231
-1146
-136
860
1470
1635
1178
556
121
291
738
1162
1150
543
-448
-1708
-2523
-2935
-3039
-3112
-3117
-2695
-1833
-961
-441
-340
-397
-177
73
330
643
904
963
685
565
514
317
92
-305
-608
-1051
-1165
-1024
-860
-836
-1504
-3026
-5298
-7315
-7781
-5658
-1893
1435
3001
3207
2728
1799
895
1344
3675
6367
7452
6818
6087
5522
4285
1902
-276
-1049
-510
618
1601
2234
1530
-285
-2270
-3210
-2658
-1564
109
2292
4336
5133
4682
3987
3707
3765
3424
3013
2896
2980
1292
-1939
-4213
-5094
-5182
-5108
-4315
-3586
-2925
-3222
-4503
-4638
-3682
-2693
-2362
-1098
-314
-74
437
974
983
446
637
561
1187
1849
1774
920
-128
-1129
-2649
-3374
-3335
-2854
-2321
-1677
-1027
-651
-168
-133
193
1075
2184
2667
2466
2410
1906
1326
462
-180
-322
-286
-552
-879
-416
-28
-259
-1019
-1505
-1440
-1701
-3056
-5174
-6857
-6669
-4740
-1936
348
1765
2291
1780
1168
832
2114
4283
6351
6764
5843
5084
4275
3094
1056
-191
-459
225
1137
1691
2093
1471
-163
-2205
-2990
-2174
-562
1155
2548
3767
4137
3618
2835
2527
2627
2600
2747
2939
2950
2083
308
-1532
-4279
-6774
-7511
-6413
-4351
-2625
-1396
-1965
-2718
-3928
-4541
-2991
-548
959
1313
2629
2614
2063
1322
591
4
-77
833
1232
2310
2171
455
-1856
-3256
-3495
-3665
-3079
-2212
-1019
-432
-365
-306
-70
607
868
1289
1877
2503
2504
1937
1181
235
-436
-719
-608
-554
-670
-927
-1215
-1616
-2058
-2388
-2319
-2063
-2623
-3979
-5526
-6057
-5101
-3178
-699
1032
2128
2084
1299
587
696
2459
4278
5448
4907
4496
4578
4515
3612
2042
1763
2248
3326
3822
3867
2910
747
-1558
-3286
-3151
-2095
-885
22
898
1953
2533
3010
3432
4016
4255
4259
4154
3735
3165
1849
410
-2834
-5780
-6530
-5769
-4179
-3478
-3110
-4081
-4316
-5082
-5312
-3096
-625
531
383
2011
2402
2549
2165
1440
969
1001
2223
2332
2522
1156
-1189
-3643
-5043
-5062
-5174
-4492
-3659
-2833
-2584
-2205
-1535
-746
949
2317
3584
4197
4024
2930
1663
1307
1099
1214
1005
429
-494
-1306
-1886
-2396
-2469
-2274
-1684
-1166
-880
-1006
-2016
-3421
-4933
-5612
-4686
-2280
596
2394
3220
2839
1705
722
684
1991
3908
5846
6410
6315
5721
4953
3694
2100
1411
1271
1944
2406
2569
1733
-301
-2660
-4613
-4859
-3670
-1695
28
1508
2923
3586
3427
2808
2515
2400
2212
1982
1630
1407
581
-1092
-3221
-4741
-5466
-6029
-6127
-5941
-5265
-4467
-3544
-2686
-2114
-1510
-830
372
1741
3007
3624
3673
3744
3499
2856
1818
994
169
-398
-799
-1535
-2574
-3562
-3889
-3772
-3078
-2084
-980
236
1142
1780
2429
3047
3004
2308
1477
942
661
435
361
101
-372
-1215
-2174
-2707
-2517
-1834
-1334
-1015
-1124
-1525
-2107
-2476
-2715
-3793
-4881
-5467
-4314
-1975
522
2394
2854
2821
1835
1152
1168
2687
4435
5358
5473
4719
4137
3112
2336
1483
1673
2753
3486
3847
3293
2251
449
-1352
-2483
-2532
-1432
-290
745
1351
1808
1827
1538
1243
1282
1807
2039
2346
2239
1468
-88
-2842
-5453
-6511
-5969
-4721
-3176
-1471
-1145
-1772
-2945
-3665
-2747
-1030
212
852
2516
3469
3111
2085
889
-240
-915
-358
231
1244
1948
1302
-483
-1947
-2351
-2302
-1749
-1203
-815
-592
-305
-151
-91
305
505
375
77
-167
-233
41
475
380
80
-342
-666
-1078
-1499
-1360
-915
-431
-595
-1096
-1609
-1716
-1935
-2290
-3124
-4259
-4874
-5027
-3908
-2564
-699
669
1467
1529
940
1128
1757
3333
4708
6193
6788
6559
5757
4605
3910
3046
2834
2740
3061
2913
1861
430
-1276
-2263
-2704
-2442
-1854
-1068
-160
612
1546
2023
2275
1980
1862
2190
2701
3012
1917
533
-1046
-2026
-2888
-3667
-3855
-3929
-3941
-4541
-4595
-4396
-4071
-3698
-2719
-1200
91
1201
1652
1868
1885
1764
1810
2166
2747
2732
2221
1276
49
-1203
-2216
-2620
-2603
-1988
-1605
-1517
-1670
-1741
-1569
-1174
-356
437
1009
1448
1637
1548
1132
418
-414
-1064
-1341
-1248
-906
-490
-358
-917
-1574
-2065
-2291
-2291
-1808
-830
-211
-43
-1144
-2961
-4712
-5365
-4440
-2348
263
1772
2462
2200
1906
1895
2606
4389
5813
7035
7228
6916
6079
5092
3869
2287
1357
891
1290
1610
1576
739
-717
-2118
-3228
-3235
-2578
-1485
-154
1078
1956
2102
2009
1668
1468
1171
857
509
60
-417
-1413
-2585
-4621
-6593
-7592
-7141
-5845
-4387
-2758
-1920
-1801
-2052
-1719
-477
1482
2863
3144
3316
3230
2898
2484
2132
1259
117
-472
-485
-101
-33
-346
-1308
-2153
-2587
-2637
-2073
-1048
35
602
988
1417
1979
2274
2163
1661
1182
1072
631
50
-438
-520
-540
-704
-966
-1249
-1141
-909
-832
-961
-844
-710
-582
-770
-1179
-1595
-2700
-3644
-4168
-3279
-1631
-36
1236
1729
2481
2502
2545
2753
3860
5249
6140
6562
5711
4429
2995
2395
1590
1102
1130
1123
1217
897
355
-924
-2310
-3431
-3850
-3132
-1756
-568
-130
3
-139
-427
-799
-823
-337
139
196
-199
-880
-1810
-2862
-3605
-3781
-3343
-2875
-2862
-2954
-2869
-2537
-1899
-933
19
697
1052
1169
1126
1194
1377
1620
1986
2382
2429
1997
1435
822
328
100
331
697
746
412
-24
-91
154
197
-158
-407
-327
73
435
705
587
20
-794
-1347
-1440
-998
-247
115
79
-57
54
54
-19
-436
-867
-1122
-1091
-1023
-1097
-1170
-1586
-2138
-3182
-3939
-4273
-3660
-2387
-515
1304
2467
3097
2684
2507
2714
3841
4734
5329
5398
4685
4046
3335
2866
1794
914
289
233
355
170
-313
-1189
-1949
-2842
-3072
-2563
-1645
-944
-664
-456
-490
-584
-525
-222
212
493
482
175
-94
-904
-2120
-2910
-2905
-2565
-2637
-2732
-2544
-2081
-1500
-1095
-582
-57
268
444
726
1336
2031
2625
2742
2579
2281
1927
1627
1605
1618
1273
822
420
277
149
38
-42
-186
-373
-697
-892
-741
-417
-93
69
15
-248
-598
-856
-792
-492
-16
300
313
57
-209
-553
-941
-925
-648
-214
-183
-588
-1577
-2363
-2489
-2604
-3210
-3922
-3940
-3451
-2506
-1176
538
1678
2016
1720
1894
2906
3941
4402
4623
5009
4492
3257
2201
1860
1462
731
187
253
549
228
-542
-1443
-2126
-2757
-2994
-2406
-1403
-665
-609
-934
-1166
-1324
-1088
-282
766
1434
1463
1302
914
297
-429
-861
-995
-1221
-1725
-1966
-1667
-1223
-912
-656
-246
-4
145
434
1056
1983
2974
3434
3493
3506
3338
3016
2730
2436
1801
1178
808
473
148
-338
-892
-1502
-1806
-1991
-2158
-1935
-1467
-993
-676
-302
-177
-316
-642
-977
-1177
-882
-218
178
54
-580
-1515
-2213
-2188
-1577
-1091
-889
-1109
-1685
-1928
-2021
-2110
-2532
-3131
-3697
-4119
-3613
-2683
-1385
-15
1015
1776
1838
2027
2407
3207
3849
4281
4640
4293
3507
2407
1798
1182
796
710
918
1215
1026
454
-603
-1422
-1999
-2301
-2118
-1432
-498
169
452
344
392
656
1075
1544
2063
2563
2445
1737
625
-280
-849
-1169
-1269
-1151
-816
-724
-706
-375
379
833
751
863
1417
2000
2406
2679
2579
2249
1854
1393
983
777
606
308
203
40
-508
-1156
-1700
-2177
-2732
-3141
-3344
-3253
-2796
-2256
-1909
-1637
-1470
-1438
-1475
-1529
-1356
-1256
-1259
-1376
-1473
-1695
-2061
-2265
-2137
-1728
-1238
-758
-501
-426
-378
-587
-772
-919
-964
-1182
-1794
-2272
-2550
-2047
-1080
466
1789
2610
2708
2519
2959
3638
4224
4300
4718
4659
4133
3474
3214
3043
2535
2114
1989
2215
2183
1674
899
252
-472
-1173
-1505
-1422
-1235
-1321
-1330
-1233
-770
-124
222
729
1232
1640
1440
1116
905
792
472
-26
-419
-782
-834
-1081
-1110
-921
-969
-1266
-1358
-1060
-945
-882
-574
-153
204
701
1263
1391
1247
907
409
91
-160
-340
-682
-1073
-1679
-2445
-2958
-3239
-3227
-3074
-2801
-2470
-1999
-1507
-1011
-609
-472
-465
-538
-522
-353
-189
-215
-466
-803
-1066
-940
-500
-47
178
366
508
432
194
12
-203
-438
-591
-1025
-1568
-1880
-1652
-1121
-437
601
1538
2121
2148
2092
2319
2878
3416
3740
4183
4229
3851
3276
2985
2791
2547
2375
2212
2106
1531
485
-681
-1685
-2312
-2517
-2455
-2129
-1840
-1722
-1658
-1124
-157
639
1213
1687
1956
1858
1471
1111
869
643
96
-679
-1137
-1231
-1178
-1158
-1064
-1004
-1024
-1042
-887
-614
-526
-440
-227
262
770
815
578
348
169
-35
-74
34
141
-49
-442
-1083
-1691
-2062
-2242
-2232
-2028
-1688
-1521
-1388
-1354
-1294
-1260
-1232
-1265
-1315
-1260
-1295
-1201
-1098
-975
-841
-608
-258
44
537
993
1436
1685
1640
1427
1279
942
324
-317
-802
-1475
-2204
-2374
-2168
-1648
-1122
-81
869
1862
2279
2338
2676
3356
4074
4426
5022
4995
4198
3051
2591
2389
2166
1884
1512
1192
643
-110
-970
-1305
-1541
-1841
-2085
-1818
-1495
-1248
-960
-573
-112
-103
-77
-63
95
189
141
23
-35
-4
-134
-127
-200
-459
-702
-664
-567
-626
-772
-1026
-1326
-1638
-1679
-1536
-983
-426
-267
-440
-627
-542
-492
-415
-196
88
47
-214
-539
-863
-1180
-1425
-1530
-1570
-1579
-1598
-1617
-1591
-1652
-1826
-1752
-1527
-1195
-954
-878
-841
-765
-508
-41
676
1437
2019
2404
2872
3148
3180
2978
2571
1977
1302
752
245
-171
-603
-1226
-2023
-2400
-2223
-1562
-690
510
1672
2504
2678
2410
2624
3158
3651
3661
3844
3894
3259
2345
1723
1388
779
242
-40
54
19
-506
-1277
-1936
-2373
-2856
-2951
-2677
-2379
-2181
-1919
-1554
-1261
-944
-749
-666
-690
-555
-272
223
568
624
272
-103
-316
-392
-200
-5
172
55
-229
-759
-1145
-1162
-1076
-1131
-1080
-740
-437
-171
204
669
839
939
977
1088
1188
1294
1315
989
693
222
-191
-550
-763
-985
-1181
-1234
-1257
-1220
-1155
-985
-945
-959
-832
-580
-178
336
775
1119
1333
1396
1299
1333
1545
1700
1607
1321
994
555
6
-558
-1134
-1727
-1882
-1977
-2315
-2822
-2853
-2317
-1615
-617
401
1235
1338
846
669
1276
2022
2215
2132
2010
1770
1299
1008
1173
1341
1212
906
779
1009
911
278
-489
-1075
-1433
-1848
-2086
-2199
-2188
-2201
-2179
-1801
-1139
-556
-280
74
687
1530
2160
2536
2646
2520
2234
1835
1554
1409
1019
326
-334
-904
-1335
-1630
-1750
-1806
-1665
-1337
-903
-434
158
534
704
808
871
943
962
938
773
552
151
-394
-1043
-1508
-1815
-1807
-1690
-1695
-1755
-1710
-1503
-1372
-1284
-1274
-1122
-739
-240
222
611
978
1296
1441
1488
1483
1591
1495
1277
1080
800
604
392
172
-179
-508
-913
-1218
-1454
-1686
-2079
-1998
-1321
-709
-360
-84
347
473
230
93
689
1449
1774
1944
2447
3009
2887
2460
2197
2235
2118
1799
1605
1528
1070
-117
-1338
-2181
-2704
-3239
-3675
-3745
-3389
-2899
-2390
-1694
-1039
-643
-307
194
1029
2057
2897
3202
3079
2676
2238
1744
1168
513
-268
-1005
-1556
-1731
-1868
-1901
-1936
-1885
-1744
-1434
-854
-290
323
949
1635
1954
1939
1660
1354
1058
832
643
303
-161
-847
-1428
-1737
-1889
-1946
-1905
-1747
-1439
-1058
-606
-237
4
12
82
305
642
897
1015
1098
1161
1200
1308
1284
1009
619
249
186
203
214
48
-187
-544
-965
-1272
-1286
-1263
-1520
-1971
-2209
-1989
-1777
-1671
-1433
-965
-709
-769
-682
48
1050
1695
2111
2670
3279
3273
2870
2614
2689
2556
2191
1712
1151
365
-786
-1787
-2269
-2307
-2646
-2993
-2890
-2368
-1721
-1354
-969
-315
656
1446
2182
2913
3526
3725
3386
2934
2479
2037
1416
699
-26
-553
-986
-1274
-1439
-1682
-1896
-1882
-1612
-1145
-474
54
401
679
961
1072
1022
934
686
254
-224
-606
-992
-1250
-1516
-1685
-1776
-1739
-1674
-1553
-1337
-1132
-932
-797
-645
-438
-347
-305
-406
-453
-433
-411
-207
85
329
405
505
474
568
668
869
1211
1372
1360
1095
863
518
89
-485
-1118
-1644
-2026
-2439
-2816
-2770
-2309
-1977
-1955
-1612
-773
176
800
1311
2118
3042
3436
3276
3264
3540
3472
2804
2099
1686
1312
600
-91
-451
-793
-1404
-2115
-2318
-2075
-1847
-1739
-1489
-942
-442
-86
311
1094
1851
2242
2274
2179
2144
1883
1518
1022
616
219
-137
-419
-571
-671
-899
-1022
-949
-764
-615
-431
-254
-148
-186
-194
-206
-187
-249
-467
-684
-740
-722
-782
-756
-704
-688
-653
-503
-349
-252
-178
-129
-125
-161
-166
-329
-445
-387
-231
-70
-49
-3
-111
-212
-136
31
289
532
904
1212
1622
1744
1497
1149
831
505
148
85
-130
-603
-1325
-2036
-2511
-2669
-2634
-2624
-2451
-2065
-1638
-1282
-889
-364
208
564
859
1320
1957
2401
2332
2066
1923
1716
1275
911
786
808
671
326
118
34
-164
-430
-584
-572
-373
-161
54
225
417
552
568
627
754
887
983
1104
1228
1172
962
758
655
553
467
379
233
9
-299
-451
-461
-462
-612
-768
-863
-912
-878
-915
-836
-651
-468
-426
-495
-554
-646
-651
-527
-373
-222
-127
-164
-300
-450
-484
-479
-498
-586
-565
-544
-573
-577
-495
-370
-201
-173
-155
46
348
750
1108
1359
1415
1323
1067
741
461
37
-415
-886
-1337
-1769
-2146
-2496
-2756
-2773
-2660
-2363
-1945
-1285
-556
-45
178
452
837
1183
1400
1669
2068
2272
2177
1905
1717
1537
1292
1028
912
871
797
599
511
559
557
455
345
440
562
664
706
702
678
540
464
418
527
525
433
330
355
307
285
420
370
316
146
-47
-122
-65
-58
-232
-393
-704
-978
-1171
-1252
-1174
-1153
-1099
-1087
-1060
-1018
-965
-875
-711
-570
-486
-326
-30
213
233
145
-59
-272
-467
-555
-508
-473
-531
-804
-1084
-1081
-810
-545
-184
113
301
552
783
1083
1375
1521
1447
1211
978
688
311
-16
-532
-1184
-1699
-2023
-2149
-2113
-1959
-1878
-1689
-1329
-868
-439
22
397
610
831
1098
1319
1468
1587
1511
1365
1212
1149
1011
893
805
748
707
602
627
733
971
1088
1110
1050
943
925
1009
1039
807
553
359
177
-13
-215
-336
-388
-476
-464
-258
-64
104
171
254
270
283
259
210
146
37
-127
-337
-504
-787
-1035
-1264
-1249
-1114
-1014
-965
-946
-870
-811
-728
-725
-650
-481
-263
-177
-196
-182
-269
-396
-522
-496
-393
-362
-440
-665
-762
-789
-688
-603
-444
-160
36
185
342
589
585
443
399
480
531
442
177
-103
-410
-817
-1163
-1431
-1469
-1558
-1622
-1643
-1541
-1314
-1053
-549
8
514
888
1112
1288
1435
1573
1673
1767
1908
1875
1767
1635
1497
1354
1273
1260
1211
1028
880
924
997
999
914
818
773
723
718
760
752
795
710
639
571
568
576
502
456
289
176
40
-3
-4
-112
-313
-620
-867
-1024
-1111
-1159
-1122
-1127
-1215
-1348
-1423
-1362
-1271
-1183
-1074
-1014
-934
-949
-980
-858
-597
-435
-410
-376
-339
-381
-565
-659
-708
-783
-777
-864
-895
-900
-887
-921
-914
-725
-575
-347
-215
74
416
651
903
1119
1300
1255
1169
927
682
475
193
-74
-300
-451
-792
-1105
-1280
-1311
-1225
-960
-561
-273
-46
99
322
603
900
1081
1313
1596
1829
1963
2042
1980
1674
1410
1154
1140
1124
922
713
471
280
67
56
96
157
190
214
289
281
236
189
204
275
265
206
241
149
98
16
-74
-101
-116
-103
-136
-223
-487
-697
-909
-967
-898
-808
-620
-517
-570
-631
-667
-664
-641
-588
-601
-667
-672
-638
-583
-511
-465
-499
-433
-377
-366
-374
-446
-498
-535
-448
-381
-300
-243
-283
-353
-494
-459
-438
-284
-176
-90
1
46
264
397
603
656
686
573
436
438
380
272
58
-30
-203
-322
-491
-692
-854
-975
-895
-733
-463
-239
-134
-28
163
385
748
1133
1481
1620
1665
1659
1752
1883
1873
1817
1686
1535
1295
1031
874
712
525
388
291
223
92
-34
-199
-391
-487
-496
-374
-154
4
67
86
191
276
309
416
501
550
511
347
-11
-414
-666
-746
-763
-837
-880
-1057
-1251
-1449
-1548
-1516
-1429
-1335
-1268
-1221
-1225
-1149
-1060
-837
-635
-499
-366
-265
-106
-41
-25
-29
-26
-151
-313
-379
-356
-333
-385
-532
-674
-803
-914
-889
-699
-385
-116
52
172
321
523
781
1057
1290
1396
1435
1406
1327
1116
891
605
288
-34
-389
-592
-710
-762
-871
-988
-1091
-980
-721
-412
26
481
888
1044
1195
1390
1659
1875
2158
2382
2409
2310
2096
1924
1579
1228
856
536
332
126
-97
-384
-713
-1017
-1224
-1289
-1117
-933
-748
-609
-386
-100
103
263
369
498
560
518
446
329
170
59
-133
-389
-621
-840
-1065
-1210
-1263
-1233
-1137
-994
-870
-877
-959
-1104
-1220
-1219
-1154
-986
-792
-647
-572
-536
-460
-366
-248
-161
-16
174
325
399
317
194
76
-70
-195
-240
-280
-315
-265
-103
29
68
-2
6
172
379
639
869
1131
1227
1187
1084
954
812
619
337
111
-2
-105
-277
-583
-907
-1125
-1186
-1025
-720
-406
-63
300
537
725
935
1168
1374
1609
1779
1884
1830
1685
1518
1225
941
619
356
147
-70
-298
-495
-663
-785
-875
-826
-717
-667
-661
-581
-478
-407
-314
-174
-39
57
125
111
128
147
144
114
40
-63
-120
-167
-195
-288
-396
-515
-571
-527
-515
-543
-595
-713
-917
-995
-973
-968
-894
-744
-499
-294
-84
63
104
163
193
269
391
467
421
250
-4
-294
-479
-585
-588
-603
-645
-627
-539
-418
-309
-162
6
169
345
526
752
963
1108
1246
1266
1208
1085
835
591
334
125
-75
-260
-353
-482
-582
-631
-639
-600
-466
-260
-19
188
386
601
748
871
991
1078
1142
1217
1199
1169
1099
955
790
559
279
-23
-271
-458
-565
-651
-741
-833
-929
-962
-926
-875
-823
-695
-604
-456
-229
-54
174
318
377
395
334
309
335
303
246
131
-32
-161
-287
-347
-301
-303
-333
-339
-360
-305
-290
-228
-187
-85
22
71
177
275
329
384
450
497
534
460
349
212
34
-116
-227
-242
-230
-276
-362
-458
-521
-523
-405
-222
-82
-21
-78
-132
-141
-104
36
205
242
227
144
57
-52
-202
-335
-526
-679
-760
-787
-704
-697
-730
-754
-782
-729
-627
-527
-452
-342
-170
70
197
347
435
472
556
630
749
843
860
759
707
683
623
523
441
404
342
296
225
140
114
148
140
104
74
14
-59
-38
59
88
90
87
76
87
141
196
325
421
418
436
382
410
420
342
301
231
169
159
164
158
161
150
164
168
203
226
241
293
393
447
370
240
58
-63
-193
-275
-334
-418
-494
-553
-553
-538
-506
-461
-409
-346
-325
-323
-392
-483
-473
-412
-368
-359
-329
-314
-393
-503
-557
-608
-701
-766
-852
-833
-808
-714
-574
-498
-447
-477
-406
-370
-286
-258
-179
-191
-281
-287
-361
-364
-396
-358
-256
-101
22
132
295
493
590
691
798
942
1009
992
1006
930
955
986
993
927
861
752
596
554
555
583
530
446
373
278
176
124
99
116
131
164
184
195
219
216
245
312
382
405
395
367
322
260
200
220
198
159
102
-13
-126
-162
-189
-228
-275
-330
-406
-394
-395
-382
-410
-486
-547
-583
-621
-589
-504
-482
-500
-555
-563
-579
-562
-563
-578
-568
-575
-588
-566
-467
-432
-452
-583
-669
-693
-564
-469
-385
-325
-266
-193
-253
-161
-167
-142
-166
-146
-85
-21
53
17
18
-22
52
15
106
152
182
175
179
278
381
562
634
644
609
643
684
744
793
820
856
883
879
833
775
742
762
767
798
840
873
878
849
771
635
486
408
323
250
103
-45
-134
-203
-225
-223
-185
-177
-148
-194
-215
-218
-201
-110
-44
66
107
93
53
39
-59
-167
-320
-458
-549
-562
-684
-836
-913
-997
-1027
-1087
-1082
-1015
-933
-855
-735
-644
-559
-484
-432
-305
-185
-118
-52
9
8
-23
-70
-173
-275
-330
-429
-432
-408
-425
-380
-365
-257
-208
-117
-106
-45
40
172
318
352
392
335
292
258
277
300
346
314
214
168
139
168
180
184
167
175
207
271
350
431
470
492
493
520
617
670
727
781
830
867
894
894
918
913
884
841
734
681
558
368
214
51
-80
-210
-299
-330
-355
-384
-455
-431
-400
-359
-295
-237
-132
-53
3
38
56
57
6
-93
-188
-279
-336
-390
-445
-507
-624
-723
-790
-801
-802
-768
-711
-660
-578
-500
-470
-434
-386
-307
-253
-168
-148
-92
-50
0
32
40
40
-3
20
9
3
-65
-87
-24
-2
10
-5
-38
-37
-64
-61
-6
53
57
-8
-25
-53
-43
-40
-20
106
209
238
255
291
300
271
254
260
252
206
156
39
-72
-177
-273
-336
-362
-333
-237
-157
-121
-19
58
159
335
494
613
720
837
932
1001
1002
1001
899
761
626
437
276
116
-29
-173
-315
-381
-449
-429
-410
-326
-156
3
92
251
391
506
573
549
479
433
392
324
272
158
2
-202
-371
-544
-637
-671
-696
-721
-720
-666
-565
-510
-433
-375
-348
-312
-299
-244
-179
-140
-136
-104
-126
-130
-139
-168
-220
-282
-291
-275
-255
-283
-242
-239
-252
-252
-237
-193
-190
-168
-164
-125
-82
-49
36
119
227
283
346
376
372
357
331
300
323
366
368
318
206
59
-20
-101
-222
-305
-406
-412
-429
-376
-309
-210
-128
-43
114
244
422
582
673
759
844
881
854
811
717
611
506
377
272
184
50
-117
-250
-326
-317
-285
-195
-89
-9
54
120
173
221
260
278
284
276
294
229
190
136
25
-119
-227
-304
-337
-335
-329
-327
-333
-344
-364
-307
-248
-213
-230
-231
-238
-256
-277
-277
-270
-277
-318
-350
-353
-334
-272
-221
-163
-152
-114
-55
-87
-158
-212
-229
-226
-182
-173
-136
-107
-126
-178
-181
-105
-10
117
196
178
126
162
194
246
249
268
274
209
104
35
22
5
-2
-79
-140
-208
-269
-386
-443
-438
-434
-355
-245
-102
42
165
231
341
423
474
496
543
530
493
434
353
330
248
198
108
81
46
16
2
33
71
115
199
261
327
354
387
352
415
457
449
502
487
432
370
297
177
79
64
42
15
20
20
-21
-28
-59
-90
-99
-123
-138
-180
-173
-206
-268
-303
-361
-382
-394
-410
-371
-357
-332
-343
-357
-309
-274
-231
-185
-163
-157
-189
-221
-246
-293
-307
-282
-282
-237
-167
-167
-206
-195
-222
-183
-132
-81
-17
49
74
89
86
51
9
-63
-91
-127
-110
-136
-141
-185
-276
-307
-315
-299
-285
-223
-164
-114
-76
-52
-12
65
92
191
291
354
399
417
374
360
389
359
341
261
240
204
189
196
204
236
254
341
419
464
463
474
505
512
495
481
444
373
300
184
102
4
-45
-100
-132
-158
-156
-108
-109
-88
-39
7
72
80
121
129
63
42
-16
-24
-104
-189
-244
-331
-396
-449
-482
-524
-500
-463
-412
-364
-316
-261
-212
-124
-29
58
150
229
324
397
366
388
378
319
292
252
219
174
133
68
16
-67
-161
-186
-203
-168
-146
-175
-226
-223
-241
-248
-263
-291
-304
-286
-261
-246
-267
-256
-304
-320
-338
-394
-422
-444
-444
-451
-422
-439
-472
-484
-448
-402
-396
-308
-189
-104
-44
-22
12
80
141
215
326
399
460
523
568
598
586
606
628
620
621
585
523
410
310
281
278
292
344
421
495
517
481
475
444
438
472
512
546
535
518
402
320
238
165
107
12
-41
-154
-245
-305
-322
-331
-366
-351
-366
-347
-335
-308
-281
-272
-230
-145
-83
-53
-50
-73
-115
-158
-185
-239
-283
-277
-284
-322
-369
-398
-421
-439
-441
-453
-440
-393
-354
-325
-305
-300
-321
-255
-207
-176
-106
-107
-102
-159
-235
-253
-282
-308
-350
-343
-350
-387
-432
-454
-438
-389
-299
-237
-120
-61
44
109
146
205
292
370
435
479
513
562
659
736
769
774
750
724
683
623
571
518
457
391
336
292
293
325
330
367
350
340
337
319
304
296
316
304
281
253
203
167
115
82
80
44
-7
-40
-120
-183
-268
-319
-355
-398
-436
-443
-445
-447
-403
-405
-344
-276
-212
-156
-96
-33
39
96
179
222
247
233
205
135
10
-129
-275
-356
-374
-411
-453
-499
-533
-534
-537
-541
-496
-390
-273
-163
-83
-51
-77
-110
-160
-202
-215
-227
-220
-248
-258
-308
-389
-440
-446
-389
-316
-261
-270
-236
-199
-136
-25
62
120
239
344
435
475
509
558
575
589
599
546
460
403
330
255
191
202
225
283
292
308
261
236
234
244
252
195
204
169
155
144
169
163
187
249
281
281
257
254
182
167
163
144
106
61
5
-86
-147
-171
-181
-192
-189
-117
-81
-53
-18
11
116
202
263
350
379
418
438
459
471
408
328
174
4
-141
-268
-387
-474
-538
-633
-718
-772
-804
-796
-771
-710
-604
-489
-421
-381
-349
-290
-310
-292
-310
-323
-364
-439
-479
-524
-533
-552
-565
-553
-511
-467
-455
-384
-342
-308
-274
-224
-108
5
144
302
454
529
605
629
678
762
796
801
780
742
693
683
707
664
689
669
634
571
468
370
256
163
101
65
63
59
44
52
14
-9
-12
-8
53
138
175
212
250
214
156
104
26
-35
-76
-115
-155
-241
-277
-328
-362
-368
-406
-389
-385
-337
-273
-206
-168
-151
-104
-28
47
94
109
84
32
-46
-112
-145
-193
-292
-372
-445
-482
-514
-517
-485
-444
-387
-359
-275
-231
-174
-119
-94
-25
57
140
189
192
189
194
164
192
183
216
209
190
196
170
142
100
49
27
56
99
149
208
268
297
280
320
306
334
401
455
493
455
406
343
315
249
178
153
146
89
70
59
1
-62
-147
-236
-295
-311
-335
-338
-350
-351
-345
-358
-358
-360
-352
-286
-185
-119
-69
-65
-137
-187
-233
-256
-272
-290
-291
-311
-353
-359
-351
-349
-322
-323
-244
-134
-58
21
123
205
267
310
354
400
401
388
381
413
457
462
436
348
233
176
157
141
136
148
88
38
24
15
2
42
63
56
96
169
262
298
298
234
185
195
158
139
106
27
-52
-143
-207
-297
-307
-326
-309
-259
-253
-217
-208
-171
-144
-91
-22
9
22
71
108
112
116
108
86
23
27
-29
-94
-125
-175
-171
-165
-172
-191
-222
-206
-176
-160
-146
-137
-156
-149
-136
-106
-73
-67
-4
14
24
34
15
22
31
55
58
76
91
71
47
16
2
42
42
45
60
21
41
23
-10
-36
-60
-36
25
78
144
187
223
243
244
266
278
272
237
175
105
16
-52
-84
-103
-122
-141
-179
-203
-190
-171
-202
-195
-161
-111
-39
55
112
136
201
192
183
228
178
147
124
109
78
44
-11
-32
-39
-50
-67
-74
-31
-17
1
26
56
118
192
216
198
169
143
95
63
30
-32
-90
-132
-166
-213
-280
-313
-332
-313
-282
-236
-207
-185
-162
-138
-88
-63
-46
-43
-24
5
10
31
7
-26
-69
-91
-126
-127
-127
-109
-70
-64
-41
-84
-125
-140
-135
-156
-164
-138
-132
-146
-169
-195
-198
-201
-170
-116
-43
32
62
79
97
157
241
272
295
310
323
321
325
351
343
271
244
200
148
112
88
107
103
117
164
209
275
335
373
394
429
471
487
519
470
436
377
324
267
206
151
57
2
-48
-79
-128
-174
-189
-212
-242
-272
-295
-304
-290
-272
-282
-295
-351
-424
-443
-472
-447
-430
-429
-399
-379
-344
-359
-396
-451
-503
-512
-508
-449
-378
-374
-356
-350
-346
-311
-260
-176
-109
-54
-15
30
84
109
162
207
238
289
364
420
414
402
390
454
479
487
481
431
402
362
309
264
249
252
220
201
223
221
231
246
272
273
270
294
279
243
218
182
106
57
-15
-57
-96
-126
-134
-153
-149
-166
-126
-106
-71
-17
-12
-21
-31
-40
-30
-35
-74
-98
-103
-123
-125
-150
-154
-181
-227
-245
-233
-196
-173
-151
-133
-139
-148
-135
-110
-83
-70
-78
-81
-106
-113
-108
-135
-138
-153
-191
-175
-138
-145
-184
-191
-149
-134
-118
-125
-132
-155
-143
-127
-97
-113
-128
-76
-20
24
59
103
140
185
244
313
363
411
451
493
516
534
514
476
464
437
387
340
298
235
189
171
158
117
92
73
15
-60
-84
-86
-112
-121
-154
-198
-226
-239
-244
-248
-275
-319
-318
-323
-324
-318
-332
-332
-318
-279
-232
-210
-193
-180
-152
-123
-95
-62
-58
-40
-19
23
92
154
220
241
258
256
269
272
264
245
201
201
182
165
159
127
80
46
4
-8
-22
-46
-70
-78
-143
-178
-159
-190
-182
-160
-123
-77
-60
-71
-89
-111
-131
-129
-155
-147
-160
-172
-191
-221
-224
-254
-224
-185
-131
-45
19
70
132
191
214
263
308
355
397
423
435
462
467
430
397
342
289
233
195
156
125
77
45
17
-12
-11
-8
-9
-30
-75
-113
-133
-146
-147
-169
-185
-224
-279
-300
-317
-311
-316
-292
-285
-273
-284
-301
-286
-294
-277
-261
-262
-247
-240
-219
-168
-129
-77
-46
-16
13
58
87
125
174
196
186
196
189
186
170
166
131
92
54
-3
3
7
3
7
36
49
68
82
93
103
105
114
105
88
69
81
97
144
162
183
177
136
123
106
102
97
75
86
116
128
133
146
177
214
240
268
304
320
325
333
329
323
329
309
281
272
229
189
168
126
79
-8
-64
-117
-155
-162
-180
-209
-262
-252
-280
-304
-320
-355
-375
-385
-400
-410
-413
-468
-500
-495
-463
-488
-498
-461
-465
-444
-424
-391
-363
-363
-345
-308
-300
-268
-232
-195
-146
-108
-70
-18
36
127
217
272
335
358
366
357
315
303
295
284
242
233
208
177
160
107
75
59
65
75
148
183
215
239
248
312
366
374
388
342
301
297
282
244
204
140
79
49
-6
-52
-74
-51
-37
-46
-55
-55
-52
-56
-56
-30
-50
-28
-10
30
34
30
54
35
22
47
13
-3
-4
-47
-59
-76
-126
-141
-121
-113
-113
-110
-107
-125
-161
-196
-224
-275
-272
-258
-224
-178
-153
-133
-124
-125
-135
-125
-122
-84
-53
-49
-56
-61
-68
-49
-25
-16
5
-19
23
41
32
51
40
27
20
35
72
82
94
104
122
134
125
128
143
165
162
137
77
43
-7
-45
-104
-146
-162
-172
-186
-173
-183
-167
-116
-62
-11
-3
45
65
100
130
151
147
128
123
85
74
93
83
67
46
38
32
52
74
87
89
66
61
70
82
126
139
152
145
155
161
167
151
118
111
115
108
112
52
12
15
30
40
32
11
-21
-66
-134
-150
-158
-194
-189
-163
-142
-140
-129
-110
-125
-108
-96
-95
-62
-37
-33
-47
-61
-121
-126
-96
-82
-85
-64
-74
-98
-103
-102
-109
-115
-121
-104
-30
-23
1
11
20
52
67
83
133
157
168
170
153
124
51
26
7
-16
-42
-35
-22
-27
-19
2
10
37
52
47
79
100
130
159
132
90
47
59
75
75
67
46
-2
-90
-82
-92
-91
-90
-126
-127
-127
-140
-105
-116
-116
-99
-96
-98
-111
-121
-140
-112
-119
-134
-133
-133
-121
-85
-70
-72
-61
-76
-56
-39
-11
34
53
49
44
65
85
79
85
94
93
106
116
124
133
142
147
187
215
261
303
316
306
275
249
226
187
152
118
83
35
14
-7
-18
-8
-19
-24
-15
-30
10
57
87
124
113
117
95
85
48
-15
-39
-58
-62
-81
-96
-145
-185
-218
-226
-213
-182
-186
-192
-178
-162
-149
-135
-118
-84
-59
-65
-58
-38
-19
8
41
54
28
23
35
41
48
29
14
13
-12
-16
-36
-76
-80
-93
-134
-147
-156
-173
-164
-155
-134
-130
-121
-94
-92
-89
-68
-52
-23
1
28
46
59
106
119
151
157
147
109
81
66
26
22
35
68
97
108
112
121
149
169
170
163
164
170
182
196
169
131
81
6
-21
-22
-46
-61
-73
-97
-152
-127
-119
-136
-97
-48
-25
-21
2
6
4
12
-4
-13
-54
-102
-105
-102
-81
-94
-82
-75
-113
-128
-170
-178
-185
-199
-191
-140
-70
-8
50
81
118
90
66
98
96
109
92
81
84
79
88
93
91
92
60
37
17
7
9
-18
-54
-83
-99
-91
-78
-81
-61
-64
-60
-66
-39
-19
19
36
28
-5
-11
8
3
19
16
4
11
8
0
-2
1
9
16
36
41
58
92
126
152
176
189
220
249
277
299
284
247
200
177
162
140
136
123
111
71
34
20
-13
-45
-62
-76
-77
-109
-115
-94
-101
-111
-108
-95
-69
-44
-50
-75
-87
-92
-86
-98
-104
-127
-157
-170
-192
-179
-190
-184
-214
-209
-218
-226
-209
-192
-151
-104
-71
-35
14
39
90
135
148
157
119
103
96
79
83
65
38
3
-15
-15
-52
-52
-61
-92
-88
-111
-123
-114
-103
-89
-112
-84
-54
-38
-2
25
38
50
62
55
33
14
7
-8
-29
-37
-12
-19
-2
-7
-18
9
15
24
51
54
52
98
145
168
175
197
212
230
249
266
268
226
185
182
163
151
131
108
77
30
17
-8
-15
-31
-44
-55
-89
-98
-111
-102
-101
-83
-45
-20
-7
5
-8
-9
2
-15
-21
-9
8
-4
-11
-10
-13
9
27
46
58
75
105
114
134
133
125
136
143
139
121
86
51
27
13
-3
0
-16
-43
-50
-56
-97
-122
-148
-177
-181
-215
-251
-247
-231
-220
-225
-214
-239
-236
-237
-224
-234
-245
-265
-290
-283
-285
-262
-235
-227
-217
-208
-161
-138
-96
-78
-97
-88
-98
-99
-92
-64
-27
15
35
94
150
176
195
257
317
331
351
358
354
364
358
353
327
313
266
245
228
192
154
118
100
92
82
50
53
74
88
102
91
106
135
134
169
137
99
62
51
31
-3
-37
-64
-84
-97
-78
-71
-78
-109
-101
-90
-62
-22
-1
6
12
7
10
9
-19
-45
-66
-77
-88
-107
-147
-170
-203
-234
-245
-233
-229
-210
-173
-191
-192
-180
-175
-173
-159
-140
-172
-190
-162
-136
-112
-119
-155
-151
-126
-109
-47
-27
-21
2
12
35
63
100
116
137
189
196
183
197
204
220
218
229
211
234
247
243
259
296
316
322
359
368
388
384
368
349
311
285
243
197
156
81
2
-50
-71
-94
-134
-135
-164
-194
-198
-181
-177
-175
-172
-193
-182
-193
-179
-168
-174
-191
-194
-210
-233
-219
-219
-250
-261
-273
-256
-238
-205
-173
-166
-134
-116
-89
-47
-36
-46
-41
-4
-2
10
6
5
4
-8
-21
-50
-41
-16
30
41
42
46
64
78
74
77
49
19
33
44
74
87
77
86
100
112
140
178
193
205
189
173
192
186
147
116
72
31
32
28
15
12
14
22
11
5
-7
13
13
10
19
8
16
6
-2
28
19
13
0
-16
-17
-28
-6
-20
-31
-46
-69
-75
-88
-106
-100
-128
-149
-127
-134
-167
-182
-175
-167
-138
-116
-76
-59
-28
4
21
52
65
75
95
115
106
88
70
64
58
71
74
68
41
28
8
6
-4
-17
-9
-10
-5
-5
11
18
16
32
48
56
76
68
73
49
4
-8
-3
12
6
16
-3
-20
-11
21
8
4
20
14
27
18
49
67
62
52
68
57
36
21
-3
9
-22
-15
-41
-60
-35
-28
-33
-44
-50
-37
-34
-42
-67
-89
-92
-70
-85
-141
-148
-165
-183
-174
-177
-176
-171
-157
-134
-97
-58
-60
-50
-58
-51
-23
-17
16
18
24
39
67
73
72
70
71
82
87
79
71
72
89
78
127
188
208
217
240
243
222
210
188
168
114
84
26
-23
-85
-101
-90
-98
-82
-86
-99
-115
-130
-117
-111
-126
-96
-63
-37
-16
1
-4
-6
4
32
52
48
28
28
39
49
39
37
47
66
92
126
164
171
195
218
208
197
162
121
92
78
81
74
37
12
-30
-52
-67
-82
-95
-96
-89
-105
-104
-125
-137
-123
-148
-142
-166
-186
-194
-212
-212
-226
-216
-211
-186
-172
-179
-123
-112
-119
-119
-132
-123
-132
-113
-99
-110
-85
-43
-22
10
19
14
13
26
46
59
90
116
121
117
138
161
171
175
196
223
234
255
249
235
219
167
153
137
137
158
125
130
115
125
138
161
146
113
110
88
99
81
48
21
-10
-43
-45
-56
-84
-116
-126
-121
-106
-99
-110
-99
-107
-72
-56
-31
-2
6
-9
-4
-8
-33
-53
-79
-101
-145
-138
-135
-131
-131
-135
-138
-149
-167
-154
-145
-165
-125
-118
-111
-84
-94
-110
-132
-172
-194
-204
-205
-206
-190
-176
-160
-141
-116
-88
-74
-35
12
64
106
114
113
109
86
81
98
126
154
173
161
148
155
129
143
168
203
255
279
305
311
297
288
289
284
270
250
226
208
201
179
156
139
92
46
32
26
-12
-23
-37
-46
-45
-55
-69
-67
-66
-67
-49
-77
-84
-126
-135
-140
-146
-130
-145
-137
-155
-136
-117
-110
-112
-97
-102
-123
-129
-138
-146
-130
-101
-71
-69
-53
-29
-11
24
36
41
43
34
48
29
17
-9
-14
7
-6
-13
-29
-36
-68
-92
-129
-177
-201
-206
-190
-169
-197
-223
-196
-159
-122
-95
-67
-34
-6
31
55
76
81
76
67
63
77
70
83
109
129
147
153
165
197
231
274
278
262
265
244
235
235
192
177
158
146
113
78
76
47
38
18
15
43
28
20
-7
-12
-19
-49
-43
-40
-51
-57
-83
-69
-87
-106
-92
-100
-116
-141
-161
-174
-175
-167
-143
-146
-101
-90
-72
-65
-87
-71
-72
-64
-47
-50
-53
-21
-1
36
42
46
49
64
62
40
47
20
23
16
30
37
42
30
9
10
4
-21
-17
-7
7
18
-18
-3
-8
-33
-42
-48
-47
-55
-62
-76
-75
-58
-42
-37
-51
-59
-56
-24
14
51
75
89
113
124
111
92
76
93
105
96
83
78
101
111
114
99
81
95
70
50
28
27
31
29
45
50
42
31
-3
16
14
-16
-13
-44
-52
-63
-68
-85
-108
-128
-116
-110
-101
-96
-117
-132
-110
-102
-107
-85
-82
-61
-53
-42
-70
-59
-47
-50
-18
-27
-3
-3
10
39
33
54
46
59
77
79
81
64
67
63
54
54
24
7
-11
-16
-1
-16
-45
-35
-41
-43
-37
-38
-62
-68
-60
-60
-33
-40
-46
-42
-39
-37
-16
-14
6
9
-7
-5
24
42
33
46
35
54
97
99
94
111
152
137
147
153
127
135
121
107
102
101
99
89
80
70
33
15
31
29
8
-9
-10
-24
-39
-37
-40
-62
-87
-85
-81
-60
-45
-60
-81
-107
-117
-116
-104
-93
-90
-86
-84
-79
-96
-90
-81
-82
-52
-54
-52
-65
-54
-30
-23
-19
-17
-24
-35
-8
-12
-14
-13
-26
-42
-41
-35
-36
-37
-23
0
20
37
63
85
102
111
87
74
60
52
59
82
101
105
120
125
101
89
70
85
101
87
104
131
105
76
54
27
47
29
20
22
10
0
4
-6
-4
-36
-40
-44
-44
-32
-25
-13
-15
-23
-42
-34
-44
-41
-41
-53
-49
-43
-70
-68
-60
-62
-60
-83
-84
-110
-153
-184
-204
-211
-209
-218
-206
-174
-171
-154
-130
-116
-94
-95
-85
-58
-19
15
36
37
65
76
87
93
100
99
120
136
135
138
145
172
181
219
202
200
190
184
199
179
171
193
200
210
211
194
166
118
89
75
61
25
22
0
-2
-4
-2
7
-21
-30
-54
-39
-28
-17
2
11
-20
-62
-107
-117
-134
-153
-138
-142
-147
-154
-156
-151
-158
-190
-193
-201
-222
-234
-233
-219
-201
-187
-157
-173
-148
-123
-93
-57
-57
-49
-51
-53
-32
8
25
25
4
25
46
72
84
84
112
103
100
111
115
102
122
111
92
81
69
70
86
86
100
130
166
206
208
206
166
153
134
160
145
109
115
120
134
139
110
81
64
63
41
30
35
5
-19
-18
5
0
-3
-15
-15
12
-12
-31
-24
-35
-39
-47
-50
-64
-109
-154
-170
-184
-190
-186
-193
-207
-198
-192
-176
-160
-126
-107
-96
-92
-99
-95
-89
-67
-57
-54
-43
-48
-31
-28
-29
-18
-14
-17
-22
-8
-4
-14
-2
7
8
23
45
36
27
21
32
55
54
63
78
75
64
51
53
42
34
17
14
8
-2
8
9
18
12
16
19
34
45
32
39
28
18
31
53
46
57
64
50
47
48
59
68
49
59
39
-11
-42
-17
1
-12
10
7
5
11
25
29
20
32
29
28
42
56
71
64
60
46
43
23
10
6
-5
-2
-25
-36
-54
-45
-46
-30
-23
-35
-52
-63
-43
-10
27
46
69
52
54
64
52
60
68
62
49
35
38
35
25
21
33
36
46
43
24
1
-23
-33
-46
-65
-59
-75
-73
-74
-83
-89
-93
-98
-105
-101
-119
-141
-154
-152
-141
-120
-123
-116
-126
-115
-93
-68
-69
-66
-72
-71
-41
-38
-47
-27
-23
-37
-28
-15
-21
-20
-20
-12
20
29
69
100
122
143
122
115
116
106
127
104
82
77
70
89
58
47
30
7
7
20
58
53
59
58
56
20
26
38
26
44
36
26
21
52
58
57
41
42
34
13
7
9
31
48
77
70
76
93
85
82
82
76
65
32
30
38
8
-8
-17
-28
-38
-48
-67
-70
-82
-87
-101
-118
-101
-90
-86
-56
-71
-68
-42
-58
-30
-35
-26
-20
-20
-8
-7
0
-32
-51
-57
-54
-51
-35
-45
-47
-49
-37
-18
0
-5
0
2
-5
8
-7
-14
-11
-12
-17
-14
4
4
-4
-3
-24
-11
-3
-20
-16
5
16
-10
-9
-17
-24
-39
-62
-57
-64
-69
-70
-62
-47
-62
-61
-69
-77
-70
-57
-23
3
9
11
12
3
4
-14
-4
21
47
66
80
94
108
133
126
118
106
103
106
110
115
106
98
88
96
85
99
88
78
64
47
52
46
40
47
26
49
59
60
68
68
50
41
31
21
5
-17
-14
-56
-77
-87
-107
-122
-116
-120
-135
-130
-127
-139
-149
-158
-162
-169
-156
-122
-108
-117
-100
-96
-75
-76
-59
-51
-38
-16
-7
20
18
40
61
84
85
101
115
102
87
81
100
116
123
113
123
113
89
71
62
47
23
30
36
57
54
61
68
70
79
65
60
72
58
56
49
36
30
23
11
-4
-17
-35
-45
-42
-39
-52
-52
-68
-69
-42
-29
-24
-24
-26
-43
-29
-24
-28
-30
-37
-48
-47
-51
-64
-60
-49
-51
-45
-43
-53
-36
-34
-28
-34
-43
-55
-63
-77
-61
-51
-55
-39
-39
-22
-25
-23
-28
-42
-51
-59
-59
-63
-81
-82
-90
-85
-63
-53
-32
-10
-3
6
12
30
37
63
74
91
90
84
91
84
80
57
69
73
73
81
76
71
58
63
61
54
62
54
63
67
84
90
98
101
111
106
80
76
48
36
29
28
11
-16
-22
-31
-33
-37
-56
-72
-74
-63
-48
-43
-33
-39
-47
-48
-41
-42
-43
-35
-38
-53
-60
-55
-66
-87
-75
-84
-87
-87
-89
-66
-48
-28
-22
-17
-9
-1
-14
-1
7
5
10
22
31
41
49
48
56
66
60
66
63
74
73
68
77
70
67
61
71
86
90
78
71
60
44
30
32
25
20
33
24
26
25
12
-13
-23
-19
-39
-41
-42
-45
-35
-49
-57
-57
-64
-52
-48
-50
-49
-58
-67
-71
-79
-80
-76
-75
-63
-49
-38
-41
-56
-55
-78
-80
-82
-85
-86
-94
-77
-57
-45
-24
-22
-26
-28
-20
-16
0
9
-1
19
22
31
51
61
61
68
76
88
121
138
131
128
95
71
71
75
49
33
18
-15
-23
-32
-29
-35
-36
-30
-27
-4
-1
10
22
18
13
2
0
2
2
1
5
-6
-9
0
1
-10
-9
-1
-4
1
2
1
-10
-19
-13
-16
-20
-10
-1
10
14
6
10
9
8
8
2
7
12
9
21
33
41
39
49
40
31
30
17
11
6
6
2
1
-8
-17
-14
-2
5
-2
8
15
1
9
8
9
0
1
-5
-14
-25
-28
-14
-12
-2
7
8
-3
-1
3
8
35
29
39
52
43
37
16
21
15
8
8
10
-10
-21
-25
-40
-44
-53
-56
-43
-35
-29
-27
-28
-23
-31
-31
-13
-14
-16
-2
-5
-13
0
-10
-17
-22
-26
-20
-21
-5
-3
-11
-5
-4
5
16
13
11
8
14
26
36
44
29
13
2
-13
-15
-27
-28
-27
-23
-13
-11
-13
-9
-4
1
14
29
52
49
57
59
52
31
16
6
5
5
-8
-14
-20
-15
-24
-16
-22
-32
-23
-23
-21
-14
-19
-31
-25
-40
-58
-64
-73
-76
-73
-76
-66
-70
-74
-65
-54
-49
-39
-28
-12
2
3
10
14
23
15
23
24
36
49
56
66
73
84
90
101
91
77
80
81
84
105
106
106
101
94
94
98
97
82
80
73
73
73
56
38
18
-3
-8
-20
-26
-23
-28
-34
-47
-65
-85
-93
-99
-99
-99
-99
-88
-84
-78
-78
-95
-117
-122
-112
-106
-107
-106
-107
-116
-115
-109
-102
-98
-86
-73
-65
-50
-43
-30
-23
-6
4
17
27
51
59
53
61
52
59
69
74
71
87
100
106
103
105
101
83
86
78
65
45
25
18
30
34
22
33
36
36
42
29
25
28
31
40
32
24
20
16
20
21
17
16
1
0
0
0
5
6
9
4
1
-9
-22
-22
-17
-25
-32
-35
-35
-44
-43
-53
-68
-69
-68
-48
-48
-31
-26
-27
-16
-13
-7
8
17
31
31
29
33
19
26
20
22
30
18
22
32
36
33
20
12
13
-7
-3
-5
-13
-6
7
10
-5
-4
-7
-9
-11
-5
-1
-5
-13
-18
-15
-18
-17
-17
-8
5
14
27
28
19
10
0
-25
-26
-19
-11
-4
-2
3
-10
-8
-10
-12
-25
-29
-32
-41
-48
-53
-56
-59
