-31
-29
-30
-30
-26
-18
-13
-11
-8
-3
10
15
23
20
16
14
9
10
6
4
3
-2
-1
4
4
2
-1
0
-6
-5
-5
-3
8
13
15
16
18
15
9
9
11
16
12
11
12
3
2
5
4
4
2
2
8
7
7
2
0
2
5
7
8
10
9
7
14
20
19
15
10
16
17
14
12
21
22
21
24
21
20
14
10
5
-4
-4
-13
-17
-13
-17
-13
-5
-6
0
-8
-14
-16
-17
-15
-20
-15
-19
-21
-16
-14
-12
-3
-2
6
5
7
9
12
15
15
14
10
11
7
3
-4
0
-1
-2
0
0
-1
-4
0
-1
-3
-2
3
5
-3
-15
-26
-33
-40
-42
-45
-42
-44
-43
-43
-36
-36
-38
-30
-33
-30
-27
-27
-34
-26
-20
-18
-13
-3
11
18
25
26
29
31
32
27
23
20
22
20
18
12
9
5
5
3
0
-1
-5
-7
-8
-4
-4
-6
-9
-7
-8
-11
-9
-7
0
5
6
7
7
3
0
4
3
0
-5
-12
-12
-7
-6
-1
7
9
14
15
13
11
7
4
1
-1
5
5
3
0
2
9
21
29
28
29
30
29
28
34
41
44
53
60
71
75
73
68
65
61
48
37
33
24
13
0
-10
-13
-16
-15
-14
-16
-16
-23
-22
-24
-35
-35
-37
-44
-51
-55
-66
-65
-65
-63
-55
-51
-41
-37
-31
-30
-29
-34
-33
-38
-46
-48
-57
-57
-61
-61
-59
-53
-54
-50
-45
-35
-25
-15
-1
3
6
2
7
5
2
1
-3
-7
-11
-11
-16
-10
-3
8
30
37
41
52
53
62
71
78
85
92
97
101
101
92
79
61
56
56
57
63
67
68
59
61
65
64
66
63
57
54
52
43
35
17
-1
-12
-14
-20
-20
-23
-32
-35
-38
-50
-63
-71
-80
-79
-80
-71
-65
-64
-69
-73
-80
-79
-85
-89
-92
-97
-93
-91
-92
-90
-93
-95
-94
-87
-74
-63
-50
-39
-30
-10
2
3
11
17
33
49
55
59
69
81
88
91
99
106
118
116
121
137
135
129
123
111
98
93
47
25
4
-5
0
-41
-10
13
29
24
28
68
78
75
81
79
92
89
96
98
99
98
122
122
95
86
88
80
39
11
18
21
-12
-55
-81
-107
-133
-183
-210
-234
-272
-293
-314
-338
-351
-372
-397
-420
-422
-430
-436
-446
-435
-422
-414
-393
-384
-348
-314
-268
-215
-148
-78
-26
41
100
181
250
319
408
460
524
571
624
656
673
696
699
694
680
691
670
628
591
551
516
460
406
370
339
297
247
191
147
109
56
36
29
-15
-47
-87
-104
-136
-160
-185
-222
-231
-267
-263
-273
-297
-307
-337
-355
-360
-399
-423
-514
-581
-640
-707
-761
-880
-953
-1014
-1028
-1040
-1037
-990
-934
-862
-790
-731
-663
-574
-444
-367
-276
-158
27
178
302
446
629
809
934
1059
1156
1251
1306
1327
1356
1312
1335
1279
1199
1128
1048
980
908
797
734
705
647
558
457
406
368
304
217
129
84
4
-62
-145
-220
-241
-318
-361
-393
-369
-333
-355
-336
-338
-301
-278
-252
-252
-294
-327
-332
-353
-379
-376
-398
-440
-487
-553
-619
-717
-847
-1026
-1132
-1236
-1404
-1554
-1636
-1667
-1681
-1737
-1805
-1722
-1618
-1501
-1399
-1271
-1036
-775
-551
-364
-135
210
600
952
1222
1551
1903
2218
2429
2604
2855
3056
3176
3160
3186
3254
3223
3054
2844
2662
2472
2293
2022
1832
1645
1480
1249
990
746
517
321
98
-134
-377
-591
-813
-1093
-1359
-1527
-1649
-1770
-1956
-1951
-1960
-1872
-1868
-1823
-1664
-1593
-1476
-1482
-1362
-1311
-1327
-1306
-1356
-1300
-1516
-1715
-1907
-2087
-1962
-2313
-2338
-2432
-2321
-2208
-2281
-2108
-1833
-1370
-1126
-991
-823
-537
-121
41
205
312
710
1067
1270
1436
1667
2056
2419
2629
2705
2939
3259
3328
3345
3237
3394
3405
3266
2998
2737
2601
2364
2078
1759
1562
1443
1245
1056
827
747
673
516
318
85
-91
-330
-543
-771
-967
-1122
-1241
-1423
-1637
-1616
-1607
-1689
-1759
-1855
-1776
-1737
-1730
-1763
-1780
-1694
-1737
-1750
-1788
-1700
-1631
-1584
-1561
-1537
-1418
-1272
-1489
-1781
-1898
-2008
-1797
-2260
-2434
-2512
-2283
-2118
-2361
-2291
-2083
-1598
-1278
-1246
-1025
-603
51
326
519
718
1265
1849
2104
2302
2607
3146
3531
3703
3688
3842
4111
4141
4110
3885
3863
3774
3595
3277
2901
2659
2476
2227
1957
1630
1519
1288
1103
794
576
430
208
-12
-402
-719
-1055
-1299
-1610
-1918
-2211
-2396
-2390
-2519
-2452
-2365
-2248
-2100
-2085
-1976
-1871
-1840
-1834
-1882
-1815
-1830
-1780
-1896
-1809
-1731
-1661
-1534
-1534
-1318
-1183
-1006
-974
-1106
-1162
-1049
-1203
-1306
-1783
-1992
-2117
-2215
-2158
-2377
-2443
-2224
-1847
-1507
-1393
-1143
-614
-3
415
646
1010
1494
1971
2278
2491
2821
3335
3685
3878
3990
4047
4346
4420
4415
4263
4199
4157
4014
3716
3409
3108
2807
2563
2203
1809
1208
853
584
111
-391
-1017
-1167
-1352
-1676
-2048
-2381
-2338
-2389
-2485
-2636
-2707
-2495
-2295
-2225
-2249
-2108
-1821
-1571
-1522
-1464
-1221
-912
-799
-759
-599
-494
-376
-392
-385
-311
-234
-174
-280
-314
-232
-243
-194
-396
-355
-393
-572
-930
-1300
-1434
-1562
-1671
-2138
-2264
-2323
-2272
-2365
-2649
-2591
-2411
-2048
-1839
-1748
-1402
-940
-358
37
276
679
1229
1814
2117
2382
2788
3257
3552
3712
3825
4012
4223
4291
4259
4125
3991
3823
3665
3387
3048
2678
2374
2043
1625
1112
743
43
-142
-634
-1149
-1569
-2173
-2047
-2451
-2623
-2820
-2903
-2678
-2648
-2499
-2319
-1887
-1448
-1197
-945
-672
-155
117
374
456
725
1064
1184
1258
1104
1257
1146
1097
881
764
784
564
431
155
109
-58
-337
-626
-933
-1063
-1458
-1787
-2381
-2814
-3093
-3548
-3773
-4275
-4300
-4439
-4409
-4369
-4527
-4289
-4017
-3538
-3284
-3045
-2592
-2103
-1438
-1080
-657
-140
554
1199
1596
2085
2620
3360
3779
4198
4529
4826
5226
5299
5446
5419
5445
5388
5241
4972
4618
4253
3858
3464
2957
2447
2003
1399
1101
637
83
-394
-873
-904
-1388
-1669
-1935
-1962
-1895
-1868
-1841
-1838
-1517
-1251
-930
-796
-588
-187
45
287
300
393
591
474
323
129
113
1
-131
-369
-671
-757
-932
-1059
-1299
-1474
-1571
-1786
-1988
-2176
-2268
-2557
-2856
-3340
-3693
-3930
-4294
-4546
-5005
-5030
-5127
-5057
-4974
-4982
-4569
-4152
-3531
-3081
-2732
-2098
-1548
-834
-439
22
585
1206
1786
2138
2626
3122
3711
4044
4404
4712
5023
5443
5616
5825
5828
5921
5946
5866
5721
5441
5159
4899
4582
4293
3750
3270
2935
2224
2001
1155
785
335
-173
-339
-996
-1079
-1223
-1378
-1390
-1509
-1422
-1282
-1140
-1140
-1078
-1096
-1070
-955
-1159
-1116
-1416
-1492
-1597
-1737
-1894
-2174
-2118
-2296
-2211
-2260
-2316
-2272
-2278
-2161
-2194
-2322
-2293
-2348
-2432
-2538
-2644
-2839
-3073
-3446
-3635
-3947
-4102
-4328
-4488
-4400
-4430
-4322
-4276
-4063
-3577
-3087
-2533
-2193
-1760
-1071
-452
99
489
1009
1571
2016
2330
2648
3078
3587
4030
4290
4583
4941
5308
5620
5930
6154
6333
6532
6591
6484
6377
6122
5899
5509
5051
4416
3794
3195
2474
2018
1197
790
182
-165
-410
-912
-1076
-1390
-1481
-1554
-1693
-1781
-1843
-1850
-1976
-2158
-2436
-2518
-2556
-2815
-2945
-3170
-3066
-3081
-3216
-3298
-3298
-3125
-3181
-3024
-3001
-2884
-2806
-2656
-2516
-2522
-2555
-2523
-2511
-2497
-2540
-2595
-2720
-2713
-3003
-3194
-3179
-3436
-3230
-3641
-3466
-3379
-3186
-2852
-2868
-2560
-2309
-1794
-1454
-1106
-685
-206
415
720
1137
1546
2028
2640
2923
3374
3701
4325
4746
5105
5456
5708
6229
6392
6647
6637
6768
6778
6605
6359
5940
5586
5100
4635
4087
3330
2820
2178
1596
1035
331
-26
-703
-1108
-1501
-2016
-2317
-2561
-2737
-2889
-2971
-3118
-3056
-3023
-3093
-3062
-3212
-3238
-3339
-3446
-3499
-3629
-3541
-3574
-3441
-3479
-3370
-3202
-3062
-2809
-2651
-2309
-2135
-1899
-1707
-1638
-1632
-1580
-1454
-1566
-1478
-1416
-1546
-1452
-1850
-1776
-1964
-2040
-2062
-2475
-2289
-2427
-2222
-2285
-2206
-1929
-1586
-1145
-1003
-721
-340
192
618
835
1197
1532
2074
2431
2716
3122
3503
4147
4468
4874
5146
5518
5929
6122
6241
6158
6262
6157
5973
5586
5153
4810
4313
3907
3238
2583
2068
1463
835
176
-370
-949
-1286
-1764
-2116
-2582
-2964
-3048
-3300
-3478
-3749
-3831
-3861
-4001
-4032
-4088
-4013
-3916
-3868
-3621
-3523
-3302
-3124
-2890
-2598
-2430
-2094
-1801
-1453
-1196
-889
-666
-468
-207
8
190
170
189
310
232
150
21
-151
-294
-808
-901
-1392
-1623
-1993
-2460
-2508
-2840
-2785
-2940
-2987
-2869
-2631
-2388
-2063
-1919
-1555
-1011
-623
-255
115
594
1283
1672
2105
2524
3062
3712
4152
4585
4929
5468
5828
6111
6221
6216
6358
6324
6151
5805
5420
5055
4629
4129
3474
2930
2305
1791
1143
365
-143
-792
-1259
-1776
-2246
-2646
-2948
-3105
-3321
-3607
-3780
-3726
-3703
-3742
-3737
-3749
-3570
-3468
-3412
-3264
-3163
-2882
-2703
-2352
-2214
-1929
-1519
-1278
-868
-659
-253
10
177
300
402
436
256
145
49
-148
-364
-658
-842
-1267
-1727
-1954
-2411
-2476
-3098
-3227
-3462
-3556
-3580
-3864
-3768
-3626
-3225
-3004
-2719
-2449
-1957
-1278
-895
-499
-84
568
1213
1614
2125
2690
3474
4041
4445
4809
5153
5682
5923
6198
6165
6230
6313
6250
6027
5643
5338
4963
4562
4113
3485
3032
2241
1847
1201
469
-65
-761
-853
-1511
-1930
-2274
-2478
-2506
-2647
-2697
-2870
-2746
-2650
-2455
-2517
-2572
-2322
-2296
-2241
-2402
-2373
-2200
-2130
-2026
-2112
-1884
-1771
-1517
-1336
-1353
-1161
-949
-772
-746
-799
-824
-824
-958
-1191
-1232
-1360
-1567
-1811
-2339
-2371
-2880
-3002
-3423
-3808
-3780
-4071
-3902
-4077
-3988
-3658
-3256
-2792
-2615
-2220
-1735
-1033
-538
-153
496
985
1712
2107
2626
3129
3657
4347
4637
4999
5223
5673
6033
6162
6164
6084
6233
6250
6065
5814
5502
5215
4754
4350
3798
3328
2680
2152
1744
885
572
-150
-426
-771
-1409
-1487
-1724
-1821
-1953
-2069
-2225
-2377
-2420
-2384
-2418
-2666
-2559
-2512
-2574
-2682
-2921
-2734
-2760
-2786
-2881
-2878
-2741
-2688
-2415
-2399
-2328
-2245
-2071
-1915
-1975
-2013
-1980
-1893
-2062
-2127
-2113
-2301
-2318
-2812
-2849
-3087
-3221
-3271
-3673
-3445
-3558
-3364
-3292
-3215
-2942
-2601
-2166
-1990
-1560
-1064
-325
244
554
1168
1675
2377
2847
3272
3770
4186
4778
5057
5419
5635
5933
6239
6351
6429
6319
6349
6353
6249
6022
5726
5522
5104
4778
4286
3832
3038
2492
2189
1136
749
-204
-350
-920
-1671
-1872
-2393
-2476
-2757
-2851
-3108
-3275
-3263
-3216
-3134
-3480
-3349
-3362
-3539
-3622
-3892
-3607
-3728
-3707
-3853
-3828
-3594
-3556
-3193
-3203
-2926
-2720
-2310
-2104
-1972
-1843
-1616
-1375
-1417
-1166
-1023
-977
-1014
-1308
-1162
-1351
-1408
-1710
-1949
-1915
-2143
-2001
-2224
-2071
-1921
-1689
-1352
-1339
-989
-558
-42
257
448
914
1402
1914
2135
2486
2996
3437
3913
4169
4551
4896
5334
5629
5800
5838
5872
6152
6119
5956
5738
5630
5550
5233
4871
4493
3929
3350
2829
2176
1614
847
353
-126
-938
-1500
-1974
-2342
-2591
-3008
-3253
-3497
-3642
-3621
-3794
-3870
-4047
-4063
-4184
-4404
-4622
-4722
-4664
-4684
-4668
-4556
-4189
-3998
-3627
-3269
-2918
-2457
-2000
-1635
-1283
-995
-694
-455
-351
-215
-20
24
82
-42
-214
-208
-687
-808
-1274
-1503
-1618
-1846
-1917
-2173
-2102
-2036
-1767
-1719
-1632
-1314
-942
-461
-353
-95
336
826
1274
1596
2101
2520
3045
3474
3786
4215
4596
5103
5443
5631
5775
6022
6254
6253
6114
5915
5856
5615
5325
4875
4321
3764
3143
2747
1914
1298
621
160
-300
-1103
-1468
-1902
-2232
-2600
-2963
-3155
-3412
-3661
-3732
-3784
-4022
-4056
-4075
-4126
-4224
-4412
-4217
-4087
-3998
-3915
-3731
-3323
-3140
-2589
-2215
-1796
-1400
-1016
-602
-407
-214
-46
102
77
111
97
105
31
-195
-481
-581
-941
-1086
-1508
-1824
-1986
-2341
-2340
-2532
-2640
-2606
-2448
-2408
-2423
-2302
-1953
-1595
-1330
-1074
-684
-190
310
773
1293
1832
2367
3002
3506
3957
4389
4879
5334
5621
5773
5968
6161
6196
6061
5887
5685
5395
5079
4562
3985
3522
3100
2621
2001
1415
953
601
182
-397
-846
-1191
-1469
-1839
-2164
-2420
-2596
-2711
-2915
-3004
-3074
-3136
-3265
-3414
-3510
-3590
-3584
-3566
-3507
-3436
-3223
-2971
-2701
-2370
-2080
-1695
-1410
-1204
-883
-729
-521
-470
-369
-282
-326
-258
-418
-523
-865
-962
-1352
-1606
-2117
-2582
-2686
-3044
-3116
-3480
-3537
-3436
-3361
-3205
-3169
-3008
-2647
-2201
-1853
-1439
-913
-423
293
697
1210
1760
2324
3032
3433
3962
4360
4948
5373
5635
5855
5990
6285
6398
6393
6249
6116
5847
5616
5336
4828
4400
3927
3425
2952
2199
1742
1266
799
314
-266
-713
-1095
-1427
-1791
-2040
-2323
-2411
-2533
-2719
-2823
-2932
-2949
-3055
-3232
-3381
-3519
-3520
-3556
-3496
-3419
-3222
-2996
-2830
-2478
-2192
-1925
-1738
-1555
-1427
-1363
-1300
-1265
-1121
-1083
-1067
-1178
-1320
-1526
-1704
-1808
-2166
-2412
-2791
-2958
-3152
-3412
-3568
-3770
-3697
-3512
-3385
-3224
-3112
-2780
-2371
-1997
-1663
-1240
-750
-240
378
886
1516
2121
2822
3352
3832
4362
4808
5424
5795
6093
6314
6550
6755
6704
6643
6491
6339
6061
5717
5331
4765
4400
3890
3464
2862
2176
1732
1161
678
87
-401
-848
-1177
-1521
-1952
-2127
-2414
-2533
-2764
-2991
-3113
-3317
-3341
-3525
-3684
-3833
-3852
-3818
-3750
-3670
-3448
-3169
-2935
-2624
-2346
-1986
-1734
-1507
-1254
-1020
-883
-761
-659
-629
-600
-708
-914
-1175
-1502
-1615
-2018
-2149
-2630
-2825
-2916
-3171
-3189
-3516
-3485
-3436
-3304
-3261
-3235
-3003
-2691
-2291
-2080
-1628
-1133
-609
51
406
1032
1554
2170
2869
3282
3889
4445
5069
5556
5888
6171
6512
6748
6765
6634
6441
6316
6073
5732
5283
4775
4364
3845
3363
2864
2277
1893
1415
990
499
9
-337
-726
-1148
-1569
-1899
-2221
-2484
-2849
-3124
-3380
-3565
-3683
-3790
-3913
-4022
-3932
-3870
-3685
-3550
-3290
-3025
-2805
-2533
-2257
-1890
-1599
-1293
-1086
-838
-673
-640
-623
-566
-600
-601
-626
-776
-1045
-1260
-1451
-1641
-1899
-2340
-2398
-2673
-2820
-3002
-3282
-3346
-3299
-3279
-3261
-3281
-3097
-2763
-2509
-2194
-1853
-1374
-788
-236
232
810
1398
2131
2716
3205
3735
4259
4857
5260
5561
5758
6038
6209
6206
6083
6054
5933
5801
5517
5093
4718
4278
3901
3437
2978
2562
2149
1668
1214
749
329
8
-324
-787
-1195
-1483
-1732
-1901
-2176
-2419
-2644
-2775
-2912
-3033
-3123
-3159
-3193
-3153
-3044
-2958
-2746
-2511
-2315
-2081
-1849
-1598
-1319
-1097
-804
-559
-426
-383
-376
-376
-454
-549
-806
-1081
-1455
-1640
-2003
-2274
-2725
-3071
-3244
-3667
-3813
-4239
-4317
-4326
-4219
-4117
-4025
-3839
-3486
-3100
-2807
-2439
-2053
-1572
-964
-576
-101
434
1053
1854
2345
2955
3494
4116
4686
5078
5432
5769
6174
6405
6492
6425
6411
6276
6108
5721
5304
4903
4480
4055
3553
2962
2559
2198
1759
1244
718
399
55
-227
-622
-917
-1177
-1381
-1556
-1873
-2086
-2321
-2478
-2633
-2812
-2928
-3066
-3076
-3067
-3066
-2995
-2819
-2589
-2326
-1980
-1686
-1328
-1102
-768
-459
-232
-147
-78
9
-83
-219
-412
-684
-1113
-1455
-1842
-2245
-2573
-3155
-3337
-3627
-3884
-4062
-4439
-4402
-4380
-4246
-4166
-4168
-4013
-3722
-3340
-3166
-2828
-2492
-1952
-1374
-971
-381
181
973
1659
2241
2811
3437
4174
4686
5208
5546
5887
6334
6519
6553
6483
6397
6290
6009
5585
5118
4741
4296
3843
3386
2901
2540
2159
1810
1415
1058
690
516
251
-146
-509
-867
-1103
-1386
-1654
-1852
-2077
-2305
-2500
-2656
-2837
-2880
-2819
-2752
-2575
-2412
-2150
-1852
-1621
-1318
-1047
-795
-592
-334
-118
-48
-3
-104
-203
-332
-585
-722
-959
-1436
-1825
-2204
-2668
-3011
-3642
-3829
-4146
-4469
-4691
-4994
-5037
-5012
-4946
-4953
-4837
-4747
-4378
-3967
-3714
-3239
-2784
-2166
-1571
-1037
-379
310
1157
1827
2498
3122
3784
4502
5001
5486
5830
6078
6367
6531
6540
6466
6419
6287
6031
5650
5150
4910
4575
4194
3804
3434
3189
2850
2423
2010
1570
1135
863
440
-56
-441
-770
-1064
-1341
-1636
-1806
-2003
-2207
-2464
-2627
-2724
-2783
-2715
-2762
-2662
-2568
-2303
-2023
-1722
-1537
-1269
-1084
-918
-678
-616
-425
-454
-512
-639
-719
-934
-1138
-1366
-1753
-2129
-2418
-2745
-2986
-3528
-3766
-4014
-4291
-4424
-4718
-4707
-4693
-4600
-4572
-4389
-4192
-3911
-3512
-3314
-2898
-2513
-2006
-1358
-945
-337
325
1027
1718
2285
2916
3556
4235
4693
5222
5596
5947
6300
6492
6590
6518
6485
6351
6135
5816
5430
5186
4869
4510
4085
3566
3261
2899
2513
2104
1715
1311
991
676
220
-102
-479
-740
-1042
-1481
-1749
-2074
-2345
-2620
-2887
-3131
-3234
-3259
-3366
-3282
-3199
-2942
-2626
-2388
-2100
-1830
-1508
-1261
-971
-850
-713
-660
-694
-665
-781
-916
-1108
-1312
-1527
-1914
-2112
-2443
-2711
-3060
-3510
-3611
-3970
-4054
-4327
-4531
-4558
-4575
-4478
-4493
-4364
-4254
-3897
-3628
-3334
-2833
-2457
-1749
-1251
-734
-60
544
1361
1983
2566
3141
3793
4409
4877
5281
5615
6005
6317
6442
6421
6342
6336
6125
5851
5516
5209
5056
4626
4308
3843
3522
3176
2838
2424
1939
1594
1212
952
431
-51
-390
-761
-1022
-1434
-1792
-2058
-2364
-2549
-2794
-2859
-2879
-2837
-2806
-2829
-2646
-2433
-2057
-1846
-1505
-1261
-897
-612
-453
-233
-243
-158
-232
-284
-340
-494
-618
-778
-983
-1234
-1598
-1887
-2278
-2531
-3049
-3378
-3574
-4006
-4116
-4517
-4695
-4801
-4800
-4740
-4723
-4575
-4429
-4053
-3769
-3444
-3004
-2597
-1861
-1325
-752
-84
661
1436
2001
2587
3059
3706
4220
4692
5032
5259
5648
5838
5923
5963
5992
6000
5860
5589
5309
5130
4857
4509
4159
3718
3462
3130
2854
2409
1900
1434
1063
683
92
-310
-627
-922
-1221
-1655
-1886
-2116
-2374
-2579
-2745
-2783
-2802
-2638
-2585
-2442
-2228
-1907
-1518
-1256
-918
-647
-304
26
145
331
411
464
443
295
261
76
-135
-378
-584
-904
-1394
-1762
-2149
-2664
-3049
-3606
-3818
-4106
-4421
-4693
-5093
-5292
-5389
-5367
-5376
-5402
-5371
-5024
-4612
-4263
-3775
-3232
-2560
-1886
-1310
-561
163
951
1716
2344
3026
3605
4326
4879
5232
5472
5770
6101
6309
6290
6237
6272
6241
6186
5925
5692
5511
5323
4944
4548
4080
3733
3378
2802
2226
1667
1221
815
319
-215
-617
-928
-1259
-1537
-1840
-2074
-2210
-2361
-2434
-2465
-2426
-2339
-2217
-2122
-1960
-1756
-1447
-1122
-922
-733
-391
-163
-27
87
123
201
107
-46
-173
-364
-555
-754
-975
-1166
-1420
-1927
-2272
-2740
-3282
-3641
-4241
-4508
-4923
-5282
-5569
-5936
-6083
-6177
-6082
-5981
-5851
-5610
-5141
-4568
-4101
-3393
-2780
-2010
-1127
-433
408
1136
1942
2666
3223
3772
4291
4906
5353
5675
5917
6216
6516
6720
6707
6686
6767
6708
6600
6310
6063
5819
5457
5073
4535
4090
3640
3211
2595
1974
1342
797
407
-219
-709
-1154
-1462
-1688
-2021
-2173
-2300
-2379
-2488
-2554
-2482
-2380
-2239
-2074
-1890
-1786
-1599
-1302
-1065
-880
-739
-484
-250
-186
-226
-241
-212
-361
-540
-749
-856
-1049
-1336
-1516
-1736
-1900
-2347
-2790
-3127
-3684
-4016
-4496
-4946
-5159
-5594
-5716
-5976
-6154
-6111
-5944
-5712
-5557
-5239
-4771
-3984
-3440
-2826
-2053
-1310
-300
441
1225
2009
2732
3558
4216
4671
5028
5480
5906
6246
6372
6510
6787
6906
6906
6803
6799
6698
6521
6223
5789
5464
5078
4647
4179
3570
2955
2404
1852
1173
553
0
-460
-886
-1457
-1801
-2108
-2316
-2459
-2661
-2645
-2580
-2492
-2310
-2153
-2063
-1945
-1765
-1571
-1422
-1243
-986
-751
-541
-348
-223
10
119
82
0
-72
-218
-408
-587
-826
-1051
-1338
-1589
-1863
-2152
-2426
-2835
-3293
-3626
-4068
-4330
-4760
-5242
-5460
-5823
-5950
-6096
-6166
-6018
-5675
-5329
-4973
-4533
-4030
-3186
-2500
-1801
-1030
-304
608
1337
1938
2533
3140
3718
4229
4584
4880
5261
5643
5950
6124
6306
6577
6729
6768
6647
6544
6491
6214
5970
5458
4973
4612
4035
3497
2830
2174
1646
1131
473
24
-443
-794
-1013
-1495
-1636
-1714
-1781
-1655
-1768
-1746
-1626
-1490
-1263
-1231
-1130
-1042
-959
-827
-791
-728
-650
-508
-428
-315
-190
-66
-80
-141
-193
-392
-572
-809
-1051
-1275
-1615
-1932
-2243
-2660
-3092
-3602
-3994
-4514
-4944
-5240
-5620
-5662
-6022
-6101
-6103
-6095
-5869
-5837
-5584
-5130
-4647
-4215
-3727
-3252
-2569
-1769
-1216
-476
175
862
1625
2112
2687
3238
3794
4340
4774
5084
5456
5912
6269
6548
6649
6775
6897
6940
6818
6594
6366
6099
5720
5233
4658
4203
3708
3183
2646
2018
1521
1046
587
174
-158
-434
-579
-688
-800
-790
-784
-725
-664
-735
-716
-691
-692
-721
-770
-754
-706
-638
-727
-769
-780
-773
-750
-757
-784
-767
-807
-981
-1143
-1410
-1664
-2032
-2448
-2850
-3175
-3606
-4071
-4515
-4915
-5271
-5606
-5810
-6007
-6251
-6244
-6252
-6134
-6051
-5963
-5582
-5366
-5040
-4791
-4451
-3859
-3300
-2796
-2336
-1855
-1263
-512
1
543
1074
1546
2268
2814
3329
3964
4567
5183
5690
6111
6534
6946
7263
7435
7447
7382
7401
7223
6956
6531
6116
5855
5402
4972
4367
3836
3455
2900
2477
2045
1709
1466
1195
885
609
395
254
178
-56
-249
-337
-462
-564
-718
-859
-950
-1109
-1258
-1379
-1482
-1595
-1717
-1869
-2013
-2102
-2163
-2147
-2160
-2212
-2299
-2359
-2503
-2771
-3011
-3292
-3643
-4098
-4511
-4901
-5292
-5638
-5888
-6076
-6203
-6169
-6044
-5829
-5721
-5537
-5123
-4825
-4375
-4128
-3762
-3290
-2983
-2638
-2414
-2069
-1692
-1258
-953
-576
-149
337
953
1328
1758
2271
2787
3497
4009
4507
5049
5571
6044
6400
6635
6823
7075
7116
7103
6850
6635
6440
6125
5757
5197
4839
4466
4037
3683
3246
3028
2855
2557
2293
1992
1738
1607
1429
1130
867
585
391
225
-140
-343
-584
-848
-1106
-1494
-1708
-1885
-2117
-2317
-2479
-2651
-2697
-2739
-2834
-2848
-3001
-3105
-3153
-3311
-3438
-3592
-3764
-4009
-4308
-4577
-4757
-5004
-5209
-5384
-5465
-5463
-5455
-5357
-5229
-4920
-4601
-4180
-3771
-3276
-2931
-2415
-2092
-1835
-1510
-1471
-1107
-1004
-911
-819
-808
-629
-393
-127
47
297
643
1198
1680
2039
2660
3118
3709
4221
4538
5002
5391
5805
6049
6151
6161
6222
6267
6106
5848
5545
5403
5299
5041
4768
4517
4352
4211
4053
3857
3596
3488
3251
2944
2599
2206
1983
1747
1412
1057
737
473
192
-209
-644
-1007
-1429
-1752
-2165
-2565
-2838
-3167
-3401
-3602
-3765
-3913
-4053
-4226
-4435
-4626
-4770
-4836
-4967
-5111
-5206
-5312
-5346
-5475
-5523
-5466
-5481
-5441
-5425
-5230
-5036
-4777
-4478
-4041
-3558
-3051
-2500
-2014
-1558
-1151
-836
-488
-324
-266
-107
-235
-144
-199
-203
-158
-153
-23
264
616
883
1241
1598
2112
2558
2881
3336
3720
4138
4515
4734
5039
5277
5499
5631
5681
5662
5687
5792
5778
5751
5696
5735
5707
5623
5516
5384
5202
4947
4653
4383
3999
3747
3422
3052
2695
2255
1921
1527
1007
515
77
-416
-882
-1439
-1993
-2363
-2830
-3234
-3668
-4111
-4374
-4674
-4929
-5154
-5401
-5574
-5748
-5880
-6035
-6090
-6100
-6083
-6077
-6052
-5958
-5793
-5586
-5390
-5127
-4845
-4429
-4094
-3729
-3324
-2936
-2540
-2151
-1728
-1334
-941
-656
-390
-99
168
334
447
608
637
760
683
689
848
841
986
931
935
1053
1299
1518
1588
1756
1983
2397
2667
2956
3348
3633
4053
4324
4546
4819
5092
5433
5632
5764
5850
6028
6154
6237
6181
6017
5937
5742
5531
5187
4883
4611
4260
3821
3326
2861
2437
1971
1410
842
357
-118
-598
-1135
-1654
-2182
-2652
-3089
-3617
-4070
-4577
-5037
-5480
-5918
-6256
-6569
-6804
-6962
-7009
-6979
-6856
-6639
-6464
-6232
-5961
-5635
-5269
-4930
-4524
-4080
-3643
-3241
-2832
-2411
-1975
-1587
-1260
-894
-502
-191
61
287
533
860
1115
1379
1645
1897
2152
2338
2431
2549
2476
2432
2299
2130
2087
1948
1870
1600
1394
1295
1301
1308
1280
1354
1513
1821
2040
2379
2755
3130
3597
3885
4248
4587
4993
5368
5528
5614
5608
5673
5586
5386
5119
4860
4721
4341
3987
3562
3144
2716
2174
1726
1182
755
328
-168
-686
-1213
-1637
-2088
-2579
-3221
-3807
-4338
-4879
-5346
-5886
-6331
-6649
-6939
-7101
-7224
-7232
-7137
-6950
-6682
-6368
-5927
-5441
-4904
-4391
-3897
-3336
-2811
-2344
-1895
-1478
-1108
-746
-489
-152
174
459
778
1003
1293
1627
1877
2108
2288
2464
2691
2830
2983
3036
3085
3074
3024
2822
2553
2365
2033
1840
1409
1166
1034
811
725
494
409
526
775
1000
1237
1542
1823
2290
2615
2974
3330
3585
3964
4104
4236
4357
4456
4494
4454
4314
4123
3998
3790
3539
3156
2784
2441
2039
1622
1160
716
296
-169
-623
-1191
-1715
-2150
-2577
-3052
-3501
-3894
-4310
-4691
-5117
-5469
-5743
-5950
-6084
-6239
-6282
-6241
-6069
-5764
-5483
-5104
-4694
-4283
-3849
-3367
-2898
-2412
-1889
-1471
-1098
-730
-414
-92
162
413
644
906
1169
1385
1569
1725
1903
2069
2247
2317
2405
2484
2486
2525
2517
2470
2448
2357
2215
2129
2013
1874
1675
1544
1356
1231
1033
870
883
824
915
863
872
999
1170
1317
1419
1553
1683
1943
2103
2242
2368
2418
2598
2641
2622
2661
2646
2613
2550
2370
2186
2055
1778
1489
1049
619
281
-134
-516
-893
-1271
-1616
-1993
-2347
-2724
-3057
-3336
-3517
-3715
-3911
-3998
-4055
-4068
-4152
-4140
-4108
-4033
-3918
-3866
-3747
-3576
-3377
-3130
-2879
-2555
-2214
-1854
-1497
-1155
-813
-422
-8
271
572
839
1106
1353
1474
1571
1621
1690
1780
1804
1830
1862
1874
1902
1911
1850
1825
1742
1660
1627
1610
1656
1647
1674
1621
1593
1662
1680
1758
1687
1732
1667
1632
1555
1386
1344
1162
1077
908
727
656
590
539
430
329
288
343
361
303
334
313
410
419
349
271
130
23
-193
-446
-756
-943
-1162
-1405
-1690
-1979
-2128
-2246
-2396
-2511
-2551
-2499
-2373
-2290
-2178
-2043
-1862
-1703
-1550
-1436
-1280
-1169
-1101
-1084
-1051
-1034
-1020
-980
-986
-911
-848
-722
-526
-329
-107
153
394
629
850
1072
1296
1445
1528
1590
1562
1484
1450
1378
1284
1112
938
815
730
687
711
734
746
799
907
1019
1139
1246
1378
1523
1620
1713
1782
1826
1837
1794
1760
1731
1535
1375
1196
924
762
432
229
6
-245
-409
-645
-793
-901
-988
-1101
-1201
-1362
-1453
-1515
-1673
-1795
-1918
-1995
-2056
-2170
-2245
-2324
-2294
-2245
-2223
-2202
-2115
-1906
-1704
-1505
-1303
-1027
-730
-443
-181
58
308
509
645
712
711
772
807
840
766
654
610
598
598
612
648
616
667
704
758
851
875
949
1008
1025
1047
1062
1053
1002
877
761
663
565
416
304
238
211
252
278
378
490
590
752
930
1106
1286
1447
1592
1702
1764
1801
1825
1780
1686
1575
1437
1310
1151
979
788
611
351
204
-80
-283
-543
-883
-1134
-1594
-1940
-2322
-2651
-2979
-3358
-3660
-3913
-4042
-4244
-4360
-4489
-4541
-4470
-4434
-4234
-4068
-3759
-3361
-3025
-2635
-2251
-1732
-1186
-712
-280
109
593
1041
1442
1769
2056
2341
2537
2694
2828
2939
2998
3052
3011
2938
2930
2933
2972
2954
2913
2887
2849
2731
2587
2428
2229
2089
1881
1660
1477
1268
1066
862
672
525
399
262
143
59
12
8
-9
-6
33
81
150
251
377
502
557
621
647
665
722
749
708
631
590
538
453
301
109
-93
-269
-444
-652
-858
-1043
-1318
-1519
-1747
-1910
-2146
-2382
-2632
-2962
-3271
-3660
-3933
-4206
-4450
-4685
-4969
-5143
-5158
-5075
-4977
-4828
-4610
-4211
-3750
-3324
-2790
-2262
-1660
-1069
-533
34
577
1154
1695
2114
2414
2771
3103
3375
3640
3734
3883
3960
4020
4110
4047
4023
3982
3910
3801
3647
3528
3431
3299
3109
2977
2875
2779
2614
2425
2273
2067
1927
1737
1520
1286
1053
857
698
570
447
302
185
99
24
-23
-79
-117
-159
-134
-154
-188
-270
-378
-436
-510
-601
-701
-817
-883
-978
-1123
-1280
-1447
-1601
-1747
-1945
-2133
-2265
-2430
-2513
-2639
-2766
-2898
-3027
-3152
-3271
-3370
-3492
-3585
-3697
-3840
-3901
-3944
-3949
-3918
-3890
-3781
-3664
-3518
-3304
-3047
-2765
-2393
-2057
-1689
-1212
-770
-267
231
717
1234
1721
2156
2597
3009
3353
3723
3980
4146
4328
4425
4518
4548
4510
4455
4386
4243
4088
3906
3726
3598
3503
3427
3312
3269
3244
3171
3067
2985
2921
2863
2771
2586
2344
2121
1814
1512
1215
857
556
252
-8
-246
-481
-674
-773
-901
-976
-1066
-1184
-1258
-1352
-1502
-1683
-1835
-1992
-2131
-2314
-2532
-2730
-2892
-3034
-3168
-3298
-3379
-3464
-3525
-3564
-3585
-3614
-3586
-3515
-3472
-3392
-3353
-3280
-3174
-3105
-2996
-2922
-2849
-2697
-2627
-2574
-2498
-2446
-2299
-2158
-1977
-1759
-1517
-1294
-1097
-890
-621
-284
62
407
735
1063
1406
1690
1990
2246
2503
2728
2900
3092
3223
3423
3562
3709
3812
3916
4013
4123
4202
4241
4290
4275
4311
4335
4292
4245
4182
4126
4082
3999
3896
3784
3628
3431
3225
2993
2759
2465
2140
1805
1432
1111
829
481
113
-237
-546
-838
-1145
-1443
-1727
-1999
-2306
-2580
-2870
-3164
-3429
-3735
-4007
-4214
-4332
-4475
-4594
-4695
-4762
-4751
-4769
-4683
-4570
-4401
-4170
-3990
-3812
-3589
-3384
-3227
-3061
-2911
-2745
-2584
-2439
-2257
-2113
-1946
-1716
-1509
-1300
-1071
-832
-551
-334
-115
97
279
463
590
778
935
1084
1216
1293
1390
1455
1539
1576
1654
1796
1896
2043
2168
2321
2530
2783
3038
3265
3538
3781
4018
4233
4411
4539
4663
4753
4758
4740
4687
4627
4527
4414
4242
4057
3866
3685
3436
3168
2903
2673
2421
2156
1874
1541
1228
907
515
110
-339
-793
-1255
-1732
-2200
-2670
-3165
-3617
-4005
-4401
-4720
-5008
-5220
-5372
-5465
-5521
-5542
-5525
-5456
-5314
-5150
-4965
-4785
-4572
-4367
-4155
-3892
-3630
-3346
-3144
-2946
-2703
-2441
-2187
-1968
-1749
-1554
-1326
-1112
-846
-586
-324
-26
167
433
708
978
1255
1477
1666
1814
1918
2001
2036
1999
1990
1966
1946
1924
1904
1947
2016
2107
2248
2369
2554
2805
3016
3243
3458
3667
3883
4050
4185
4315
4393
4466
4456
4409
4376
4260
4122
3899
3705
3487
3285
3068
2847
2642
2449
2239
1993
1713
1362
1039
696
374
27
-373
-772
-1198
-1596
-2000
-2455
-2884
-3291
-3719
-4091
-4417
-4649
-4888
-5081
-5257
-5380
-5465
-5534
-5476
-5417
-5334
-5251
-5087
-4924
-4715
-4495
-4245
-3945
-3695
-3399
-3086
-2759
-2455
-2150
-1837
-1528
-1214
-909
-621
-322
-15
270
504
715
949
1154
1404
1597
1777
1982
2121
2278
2409
2566
2665
2754
2844
2924
2968
2953
3016
2999
2965
2920
2874
2870
2813
2735
2673
2597
2597
2602
2563
2563
2597
2621
2627
2646
2627
2633
2614
2555
2493
2439
2367
2282
2212
2101
1943
1724
1557
1357
1129
888
613
387
103
-155
-414
-678
-922
-1137
-1399
-1647
-1850
-2035
-2206
-2352
-2530
-2703
-2878
-3029
-3185
-3375
-3563
-3752
-3898
-4064
-4187
-4286
-4332
-4354
-4347
-4290
-4218
-4121
-3971
-3824
-3610
-3332
-3053
-2741
-2478
-2186
-1880
-1599
-1350
-1087
-822
-604
-372
-137
93
311
523
752
952
1168
1392
1654
1934
2202
2461
2688
2971
3185
3395
3576
3711
3832
3896
3937
3955
3884
3783
3692
3525
3375
3175
2977
2781
2595
2388
2192
2023
1837
1637
1411
1234
1095
930
770
590
395
237
132
43
-50
-141
-258
-308
-381
-395
-435
-433
-429
-487
-499
-516
-517
-580
-626
-693
-751
-822
-908
-984
-1050
-1125
-1199
-1281
-1385
-1491
-1637
-1789
-1910
-2047
-2188
-2288
-2437
-2533
-2613
-2734
-2813
-2885
-2943
-2990
-3015
-2971
-2888
-2806
-2736
-2613
-2439
-2248
-2053
-1866
-1673
-1444
-1215
-991
-744
-539
-283
-29
245
482
743
1025
1259
1485
1704
1954
2205
2435
2652
2835
3031
3225
3379
3479
3564
3618
3618
3594
3515
3432
3292
3116
2925
2717
2489
2230
1985
1753
1485
1209
939
658
419
168
-43
-229
-415
-546
-681
-798
-881
-978
-1043
-1097
-1146
-1158
-1166
-1149
-1073
-986
-898
-789
-706
-609
-513
-437
-387
-373
-382
-403
-460
-510
-600
-655
-687
-752
-787
-848
-871
-941
-991
-1035
-1121
-1222
-1356
-1460
-1599
-1722
-1850
-1967
-2091
-2230
-2316
-2387
-2444
-2428
-2370
-2299
-2174
-1977
-1798
-1587
-1372
-1137
-854
-571
-251
42
360
653
935
1180
1429
1669
1877
2082
2256
2391
2509
2653
2792
2928
3081
3178
3269
3326
3359
3354
3284
3224
3100
2941
2769
2581
2321
2050
1799
1532
1193
864
507
183
-76
-346
-591
-821
-1042
-1272
-1440
-1579
-1717
-1787
-1860
-1946
-1980
-2016
-2005
-1986
-1959
-1926
-1872
-1809
-1725
-1641
-1567
-1444
-1329
-1163
-1019
-905
-781
-645
-499
-338
-205
-58
46
92
164
216
255
279
276
230
166
76
-22
-111
-226
-335
-445
-565
-683
-771
-835
-862
-893
-901
-901
-879
-854
-846
-802
-717
-628
-539
-397
-226
-54
97
259
410
604
788
957
1125
1281
1432
1590
1713
1830
1944
2035
2137
2185
2235
2257
2268
2255
2218
2159
2086
1973
1839
1718
1572
1412
1246
1035
849
650
410
189
-41
-271
-543
-751
-982
-1212
-1447
-1684
-1845
-1995
-2122
-2208
-2286
-2329
-2375
-2409
-2417
-2399
-2307
-2208
-2086
-1940
-1764
-1565
-1362
-1176
-1005
-810
-613
-407
-218
-78
85
240
387
549
671
784
919
1040
1143
1205
1254
1315
1298
1246
1207
1144
1077
995
859
722
590
459
329
184
67
-65
-199
-317
-404
-494
-555
-588
-612
-588
-544
-463
-385
-309
-241
-128
-3
62
117
212
289
376
478
589
670
734
797
868
950
1029
1120
1164
1202
1230
1262
1286
1230
1163
1086
1000
902
736
566
372
146
-62
-248
-437
-630
-816
-1004
-1201
-1406
-1565
-1688
-1802
-1864
-1900
-1927
-1930
-1899
-1847
-1798
-1736
-1625
-1497
-1334
-1172
-1025
-867
-715
-563
-446
-296
-138
6
191
385
549
747
916
1067
1216
1333
1451
1569
1690
1795
1881
1907
1904
1843
1733
1588
1441
1268
1102
893
679
520
343
200
22
-127
-268
-399
-508
-621
-746
-824
-913
-1011
-1037
-1068
-1076
-1071
-1066
-1056
-1012
-954
-905
-867
-807
-719
-633
-511
-369
-164
-8
143
276
395
525
618
729
827
902
943
947
936
902
844
747
661
543
420
314
181
37
-130
-260
-412
-574
-702
-808
-916
-1014
-1097
-1115
-1106
-1135
-1099
-1058
-1013
-955
-891
-812
-782
-722
-659
-573
-443
-347
-201
-64
94
255
420
578
759
952
1128
1279
1426
1586
1737
1862
1943
1997
1996
1988
1974
1943
1873
1820
1694
1546
1400
1221
1032
850
639
436
238
30
-128
-315
-471
-658
-826
-1003
-1175
-1341
-1480
-1613
-1711
-1776
-1854
-1860
-1896
-1867
-1870
-1863
-1799
-1694
-1556
-1397
-1225
-1064
-899
-755
-598
-444
-324
-218
-83
29
95
144
186
234
255
230
189
182
190
132
103
38
5
-3
-49
-57
-91
-103
-114
-104
-79
-50
-48
-7
49
55
59
98
160
227
280
326
407
489
569
617
701
759
804
895
963
1050
1152
1237
1323
1392
1433
1474
1513
1555
1587
1605
1592
1574
1540
1456
1378
1288
1200
1082
950
813
676
527
351
148
-62
-249
-451
-609
-766
-952
-1114
-1279
-1411
-1540
-1649
-1772
-1884
-1951
-1978
-2001
-2068
-2094
-2128
-2140
-2119
-2085
-2006
-1895
-1807
-1672
-1540
-1406
-1264
-1149
-995
-875
-734
-580
-463
-345
-256
-180
-122
-38
51
125
222
296
351
418
502
578
624
711
794
850
942
997
1071
1137
1180
1216
1258
1323
1380
1444
1508
1574
1622
1637
1639
1641
1632
1585
1542
1507
1490
1426
1372
1313
1191
1104
1003
926
883
796
712
614
497
393
253
136
21
-108
-216
-312
-402
-471
-545
-628
-674
-734
-768
-812
-875
-921
-975
-1022
-1068
-1099
-1151
-1227
-1304
-1385
-1488
-1588
-1661
-1704
-1720
-1735
-1734
-1705
-1703
-1690
-1622
-1545
-1472
-1377
-1279
-1210
-1151
-1076
-956
-867
-828
-739
-658
-574
-534
-486
-412
-338
-208
-132
-18
130
251
360
475
604
757
908
1050
1221
1393
1555
1687
1807
1916
2015
2119
2200
2275
2323
2355
2371
2374
2366
2350
2311
2237
2119
2019
1931
1793
1668
1521
1357
1199
1026
815
636
445
236
40
-159
-344
-509
-652
-829
-976
-1116
-1257
-1375
-1503
-1635
-1725
-1771
-1792
-1779
-1787
-1771
-1735
-1693
-1646
-1575
-1507
-1439
-1384
-1302
-1213
-1175
-1093
-1038
-995
-965
-936
-921
-912
-888
-879
-854
-832
-806
-754
-748
-723
-668
-645
-569
-488
-461
-412
-388
-368
-325
-317
-286
-271
-227
-169
-115
-50
37
130
221
336
441
552
680
824
979
1149
1332
1498
1663
1817
1957
2082
2218
2328
2393
2480
2517
2533
2538
2546
2510
2421
2323
2227
2123
1997
1866
1709
1552
1359
1175
973
736
476
239
39
-168
-390
-642
-878
-1079
-1259
-1465
-1652
-1837
-2005
-2160
-2302
-2417
-2498
-2552
-2584
-2594
-2570
-2507
-2412
-2293
-2182
-2059
-1944
-1809
-1639
-1506
-1359
-1203
-1058
-918
-787
-621
-501
-394
-267
-158
-70
-15
17
70
110
167
216
259
301
326
325
368
412
397
375
357
333
324
344
373
398
401
412
410
456
520
564
651
747
831
948
1028
1133
1246
1352
1491
1608
1712
1798
1865
1923
1971
1992
1981
1959
1924
1889
1862
1809
1757
1672
1548
1384
1218
1065
886
715
567
388
225
41
-140
-328
-556
-738
-944
-1126
-1316
-1498
-1672
-1868
-2024
-2198
-2300
-2421
-2502
-2558
-2611
-2606
-2609
-2574
-2527
-2425
-2303
-2179
-2014
-1896
-1736
-1556
-1400
-1209
-1053
-890
-745
-585
-431
-258
-120
19
159
281
397
509
615
688
773
795
858
908
929
963
950
932
939
917
886
881
833
784
757
751
739
730
743
750
782
821
845
874
925
970
1005
1048
1098
1145
1177
1228
1269
1281
1304
1327
1330
1322
1325
1305
1261
1202
1140
1080
1018
966
914
881
763
640
524
382
236
97
-49
-217
-346
-529
-732
-897
-1097
-1298
-1509
-1706
-1892
-2067
-2209
-2321
-2390
-2439
-2465
-2465
-2478
-2462
-2407
-2344
-2258
-2169
-2035
-1912
-1783
-1652
-1508
-1374
-1214
-1043
-856
-675
-461
-243
-64
121
287
428
600
749
872
1028
1179
1329
1455
1555
1643
1665
1703
1728
1722
1735
1711
1661
1615
1551
1485
1418
1305
1213
1126
1056
972
900
828
763
697
633
599
563
516
490
469
442
408
417
422
415
423
428
433
436
424
419
387
339
312
276
240
166
72
11
-62
-142
-230
-319
-407
-501
-579
-658
-749
-863
-977
-1098
-1216
-1324
-1431
-1532
-1643
-1742
-1825
-1894
-1963
-2016
-2054
-2068
-2056
-2024
-1952
-1854
-1752
-1676
-1565
-1422
-1271
-1135
-999
-850
-719
-591
-462
-310
-142
38
235
439
639
833
1023
1172
1291
1398
1512
1628
1717
1800
1853
1879
1907
1921
1905
1879
1831
1777
1705
1630
1529
1449
1360
1257
1150
1040
980
911
833
784
725
670
642
577
544
483
397
351
278
204
142
57
10
-57
-114
-137
-175
-205
-270
-304
-347
-385
-438
-488
-508
-548
-607
-673
-731
-814
-856
-933
-1001
-1051
-1123
-1182
-1231
-1291
-1353
-1409
-1432
-1460
-1473
-1483
-1518
-1512
-1505
-1483
-1452
-1426
-1398
-1351
-1289
-1202
-1137
-1018
-922
-817
-685
-564
-460
-337
-213
-112
27
191
312
419
523
627
733
805
899
984
1098
1206
1338
1478
1602
1702
1781
1832
1861
1901
1873
1831
1803
1750
1684
1643
1576
1518
1476
1414
1352
1274
1212
1128
1035
941
850
736
672
588
491
408
318
233
152
67
-27
-114
-249
-363
-445
-559
-688
-811
-920
-1014
-1135
-1233
-1316
-1369
-1399
-1463
-1477
-1522
-1572
-1598
-1630
-1639
-1652
-1674
-1684
-1680
-1676
-1684
-1670
-1639
-1652
-1627
-1585
-1556
-1492
-1405
-1295
-1182
-1021
-877
-733
-581
-439
-297
-176
-46
70
188
294
399
516
596
707
786
868
963
1058
1177
1283
1383
1419
1491
1578
1668
1762
1847
1899
1913
1929
1946
1953
1931
1894
1856
1796
1709
1633
1556
1468
1357
1277
1210
1147
1071
986
906
827
735
649
538
427
333
237
113
-11
-132
-296
-437
-577
-703
-819
-917
-1022
-1147
-1246
-1345
-1431
-1528
-1619
-1708
-1783
-1864
-1939
-1986
-2037
-2023
-2029
-2028
-2004
-1986
-1960
-1925
-1870
-1790
-1705
-1641
-1556
-1464
-1363
-1257
-1135
-999
-871
-717
-581
-444
-306
-159
-19
82
229
344
460
578
693
806
907
1009
1080
1170
1231
1301
1356
1407
1448
1488
1543
1600
1656
1708
1754
1766
1786
1820
1825
1822
1796
1753
1722
1670
1647
1595
1540
1446
1329
1237
1138
1041
961
848
740
650
544
424
319
229
146
85
7
-64
-144
-257
-331
-399
-471
-553
-660
-761
-874
-1022
-1184
-1304
-1407
-1528
-1650
-1744
-1860
-1957
-2023
-2069
-2063
-2090
-2127
-2151
-2161
-2171
-2192
-2187
-2168
-2106
-2034
-1977
-1910
-1817
-1716
-1599
-1445
-1281
-1103
-912
-699
-516
-332
-162
-3
177
357
533
702
874
1039
1173
1322
1443
1554
1669
1736
1803
1838
1889
1931
1970
2005
2007
1989
1984
1982
1954
1924
1862
1829
1809
1758
1695
1623
1550
1449
1348
1265
1161
1074
975
842
747
645
552
487
398
344
262
191
136
60
-12
-80
-156
-220
-299
-379
-449
-562
-668
-795
-920
-1027
-1143
-1206
-1278
-1355
-1428
-1498
-1556
-1575
-1593
-1641
-1683
-1734
-1753
-1743
-1732
-1746
-1745
-1742
-1709
-1698
-1652
-1573
-1502
-1415
-1348
-1246
-1156
-1066
-964
-861
-751
-620
-484
-355
-232
-105
27
155
311
442
555
672
786
884
968
1034
1102
1167
1223
1310
1349
1400
1439
1473
1539
1574
1597
1608
1588
1602
1595
1569
1590
1568
1511
1480
1411
1344
1267
1164
1063
965
865
780
710
648
599
536
472
402
292
234
134
21
-81
-179
-249
-325
-399
-480
-571
-632
-685
-722
-782
-831
-871
-945
-1002
-1056
-1105
-1172
-1235
-1310
-1378
-1437
-1481
-1513
-1515
-1522
-1530
-1514
-1485
-1451
-1394
-1338
-1275
-1231
-1152
-1101
-1079
-1031
-993
-908
-854
-780
-682
-570
-466
-335
-215
-96
18
106
221
329
470
593
688
787
872
967
1040
1115
1198
1272
1310
1350
1386
1402
1434
1440
1474
1484
1477
1478
1471
1461
1428
1398
1367
1327
1269
1235
1189
1127
1081
1023
984
927
865
787
725
662
585
539
457
354
260
144
24
-98
-223
-345
-451
-556
-677
-791
-904
-991
-1089
-1171
-1244
-1311
-1369
-1422
-1470
-1501
-1517
-1554
-1542
-1526
-1486
-1469
-1431
-1382
-1322
-1238
-1182
-1135
-1113
-1057
-1003
-950
-883
-842
-798
-759
-697
-633
-545
-472
-418
-348
-284
-200
-144
-73
-9
39
90
146
236
302
381
483
588
690
785
905
996
1041
1092
1147
1176
1191
1239
1241
1234
1260
1291
1302
1317
1318
1351
1372
1361
1383
1365
1332
1307
1285
1239
1192
1151
1084
974
875
801
703
622
545
430
343
248
157
86
-21
-116
-221
-323
-427
-546
-650
-745
-855
-970
-1084
-1175
-1257
-1342
-1413
-1507
-1569
-1629
-1675
-1696
-1736
-1772
-1765
-1762
-1717
-1658
-1618
-1538
-1459
-1350
-1268
-1201
-1105
-1037
-961
-867
-762
-647
-535
-437
-340
-242
-160
-58
40
150
265
366
440
527
619
703
807
884
974
1019
1059
1134
1192
1224
1280
1317
1329
1345
1367
1381
1368
1347
1349
1361
1360
1326
1276
1228
1168
1128
1101
1069
1048
1016
966
932
892
808
721
640
555
466
348
249
158
78
-6
-65
-116
-186
-266
-355
-419
-502
-584
-662
-747
-833
-921
-1002
-1053
-1129
-1176
-1243
-1304
-1353
-1415
-1440
-1453
-1454
-1451
-1413
-1371
-1340
-1309
-1283
-1232
-1172
-1093
-1027
-953
-861
-769
-691
-616
-539
-446
-346
-267
-186
-102
-34
47
131
221
290
349
411
428
493
555
604
676
751
795
843
887
934
964
983
1017
1020
1030
1041
1083
1096
1089
1073
1052
1015
961
923
896
863
815
771
713
662
614
563
534
505
441
375
329
255
194
155
89
52
-34
-116
-173
-233
-281
-349
-404
-479
-539
-588
-621
-623
-646
-682
-704
-740
-782
-795
-815
-827
-836
-833
-854
-867
-887
-902
-911
-924
-906
-895
-857
-798
-768
-736
-687
-594
-505
-425
-346
-316
-241
-202
-191
-154
-114
-78
-49
0
41
67
104
132
189
251
285
346
429
478
517
548
544
572
596
628
676
736
802
823
839
841
833
817
804
800
773
765
743
725
703
688
666
646
631
625
619
601
552
540
498
464
403
335
307
210
138
79
1
-83
-167
-247
-324
-396
-455
-501
-575
-630
-665
-696
-698
-691
-711
-713
-716
-747
-732
-722
-702
-739
-746
-725
-707
-669
-657
-643
-640
-610
-567
-540
-503
-471
-451
-426
-388
-331
-280
-239
-205
-169
-157
-169
-136
-125
-138
-137
-112
-88
-62
-16
-2
-9
-17
19
88
157
224
281
344
424
471
516
583
644
689
750
788
842
882
918
965
1007
1020
1014
983
941
925
923
916
897
880
833
775
704
661
609
532
466
401
308
204
80
-23
-115
-209
-291
-402
-478
-587
-679
-771
-864
-945
-1018
-1040
-1060
-1066
-1072
-1094
-1078
-1078
-1078
-1061
-1054
-1035
-1043
-1040
-1004
-962
-946
-904
-856
-805
-749
-700
-613
-557
-466
-414
-369
-295
-202
-97
3
117
196
277
339
431
486
532
602
648
686
706
728
747
795
802
813
798
804
814
827
851
870
877
897
913
912
917
907
916
895
895
854
805
775
732
708
655
625
610
587
573
561
508
439
394
337
257
190
140
90
45
-12
-81
-149
-218
-286
-372
-476
-530
-630
-740
-833
-945
-1048
-1130
-1196
-1268
-1319
-1374
-1421
-1452
-1475
-1485
-1494
-1452
-1405
-1347
-1272
-1207
-1114
-1038
-928
-796
-676
-580
-492
-429
-350
-259
-210
-137
-66
6
72
136
192
260
341
382
464
533
601
685
732
789
813
836
881
926
954
961
993
994
997
990
972
972
953
976
983
992
1015
1002
1014
1024
1018
1002
977
947
906
857
785
729
654
599
515
445
373
287
216
145
71
-18
-117
-208
-298
-408
-499
-569
-619
-693
-760
-801
-867
-933
-985
-1024
-1042
-1074
-1112
-1164
-1201
-1249
-1276
-1278
-1308
-1321
-1329
-1338
-1321
-1295
-1268
-1225
-1175
-1128
-1082
-1032
-961
-889
-812
-706
-605
-525
-425
-322
-246
-143
-24
93
185
256
337
418
482
553
678
800
889
961
1045
1138
1225
1307
1391
1455
1492
1528
1526
1529
1516
1508
1470
1411
1395
1375
1343
1310
1284
1233
1179
1117
1071
1002
922
836
750
685
618
539
448
353
242
139
20
-125
-259
-386
-532
-663
-777
-876
-941
-987
-1053
-1077
-1105
-1153
-1199
-1224
-1229
-1239
-1259
-1256
-1259
-1253
-1269
-1266
-1230
-1225
-1210
-1211
-1213
-1220
-1203
-1169
-1102
-1055
-1014
-950
-878
-788
-688
-564
-478
-365
-244
-162
-63
16
102
188
278
363
436
490
531
565
574
571
589
601
625
673
698
736
785
816
870
902
929
973
1023
1073
1093
1119
1113
1118
1112
1094
1116
1116
1124
1125
1099
1062
1032
985
942
886
815
741
673
595
516
411
324
264
203
130
54
-30
-138
-225
-314
-439
-573
-678
-791
-900
-1012
-1119
-1211
-1311
-1387
-1437
-1465
-1476
-1481
-1452
-1421
-1398
-1379
-1354
-1305
-1263
-1199
-1131
-1061
-968
-913
-846
-769
-705
-653
-617
-569
-517
-489
-443
-373
-307
-240
-176
-106
-43
20
73
148
230
316
393
489
550
613
659
684
737
759
809
843
904
940
973
1015
1078
1143
1168
1191
1208
1236
1222
1258
1283
1284
1296
1268
1260
1224
1185
1146
1115
1088
1074
1048
1003
984
923
855
777
715
660
535
402
309
197
80
-37
-162
-256
-354
-454
-559
-659
-780
-911
-1032
-1146
-1225
-1305
-1364
-1432
-1477
-1544
-1628
-1656
-1662
-1666
-1653
-1648
-1623
-1594
-1549
-1495
-1436
-1353
-1305
-1240
-1162
-1079
-998
-922
-846
-775
-727
-662
-615
-541
-460
-386
-302
-205
-101
-21
76
150
217
288
384
483
580
678
749
830
893
977
1058
1116
1178
1207
1255
1283
1309
1365
1396
1429
1461
1485
1508
1494
1496
1482
1466
1465
1461
1448
1389
1318
1258
1178
1121
1021
905
817
721
600
482
389
267
160
24
-89
-178
-286
-415
-537
-619
-733
-829
-945
-1039
-1126
-1192
-1254
-1335
-1380
-1433
-1456
-1492
-1532
-1545
-1558
-1595
-1582
-1569
-1546
-1524
-1494
-1462
-1399
-1330
-1258
-1169
-1101
-1009
-933
-816
-715
-608
-512
-422
-333
-242
-141
-48
54
139
257
349
429
499
550
616
662
725
791
835
878
914
958
1036
1079
1127
1184
1239
1300
1333
1353
1373
1397
1386
1390
1405
1381
1331
1304
1262
1212
1156
1102
1059
980
931
871
830
779
722
667
608
542
452
370
263
149
46
-53
-158
-275
-419
-555
-667
-803
-896
-984
-1104
-1199
-1299
-1389
-1468
-1547
-1584
-1612
-1629
-1630
-1630
-1638
-1656
-1642
-1650
-1640
-1604
-1557
-1491
-1412
-1349
-1278
-1207
-1129
-1022
-961
-858
-757
-652
-526
-436
-333
-213
-112
-9
102
198
293
369
447
516
605
689
767
836
904
981
1047
1110
1187
1258
1296
1326
1371
1402
1434
1467
1482
1496
1498
1493
1467
1468
1444
1402
1368
1311
1250
1176
1108
1066
1011
949
902
830
773
718
643
574
490
378
285
167
51
-55
-152
-251
-362
-466
-551
-630
-736
-808
-917
-1006
-1070
-1145
-1203
-1259
-1325
-1376
-1427
-1467
-1482
-1507
-1498
-1474
-1461
-1442
-1441
-1429
-1406
-1385
-1339
-1269
-1241
-1181
-1104
-1022
-957
-894
-808
-722
-639
-549
-434
-321
-227
-112
9
134
252
334
430
499
578
647
727
821
886
953
1003
1058
1103
1152
1213
1261
1269
1280
1287
1280
1285
1277
1274
1251
1235
1204
1166
1110
1095
1069
1039
1012
961
904
842
778
701
636
565
469
350
243
164
70
11
-50
-131
-204
-305
-377
-474
-550
-593
-649
-718
-780
-826
-883
-930
-956
-969
-1003
-1040
-1093
-1141
-1176
-1214
-1237
-1254
-1277
-1284
-1257
-1223
-1173
-1133
-1105
-1053
-989
-937
-873
-794
-742
-693
-619
-556
-502
-456
-366
-295
-246
-172
-112
-27
30
102
179
264
369
464
546
613
668
719
783
849
930
997
1080
1143
1169
1202
1212
1220
1213
1197
1186
1164
1169
1144
1147
1129
1118
1063
1010
964
894
853
803
757
700
657
584
501
454
385
275
212
123
23
-61
-118
-191
-249
-324
-395
-462
-555
-601
-661
-692
-717
-752
-768
-808
-843
-859
-871
-901
-907
-910
-911
-932
-904
-906
-910
-896
-921
-931
-944
-938
-959
-941
-897
-844
-780
-742
-686
-637
-566
-495
-407
-341
-293
-235
-187
-142
-102
-54
-9
39
61
84
134
169
209
254
321
366
430
474
523
576
621
691
756
840
920
990
1040
1083
1115
1121
1134
1119
1105
1076
1040
1024
972
935
905
878
829
776
720
643
567
494
418
329
253
184
75
-14
-74
-130
-175
-214
-251
-275
-320
-365
-427
-488
-559
-625
-673
-739
-779
-823
-841
-849
-850
-834
-820
-799
-783
-745
-712
-682
-655
-630
-613
-590
-585
-581
-584
-579
-562
-578
-560
-562
-549
-544
-526
-483
-438
-420
-368
-308
-260
-231
-211
-168
-124
-70
-20
29
97
166
194
241
293
348
401
457
516
557
617
671
713
775
845
918
973
1039
1096
1134
1167
1205
1221
1207
1180
1135
1082
1026
983
936
875
801
706
597
497
371
287
214
142
66
-24
-75
-152
-222
-293
-384
-446
-501
-548
-593
-647
-694
-719
-753
-777
-803
-838
-870
-898
-935
-957
-947
-943
-917
-901
-883
-860
-855
-841
-832
-813
-791
-815
-784
-718
-673
-608
-548
-487
-429
-390
-365
-312
-245
-187
-134
-85
-61
-39
3
40
90
102
138
184
221
270
312
341
369
413
469
529
569
619
681
734
796
839
895
952
998
1043
1062
1075
1090
1110
1104
1094
1076
1051
1017
980
954
906
885
831
766
715
619
546
480
387
292
176
86
0
-112
-197
-276
-361
-450
-537
-606
-678
-781
-875
-963
-1018
-1075
-1128
-1136
-1131
-1109
-1072
-1048
-1032
-993
-980
-947
-917
-869
-819
-799
-740
-722
-720
-708
-693
-660
-648
-614
-568
-524
-455
-408
-365
-296
-220
-154
-92
-29
39
125
181
260
346
417
515
588
636
691
736
756
774
767
775
762
746
747
752
765
759
752
758
774
774
748
749
725
698
690
674
681
669
651
602
550
514
483
435
367
305
245
206
178
161
140
118
85
41
-1
-55
-121
-193
-286
-341
-412
-511
-570
-641
-736
-786
-817
-838
-844
-844
-825
-851
-852
-859
-871
-892
-888
-872
-860
-825
-785
-723
-656
-613
-559
-513
-490
-485
-461
-416
-363
-303
-266
-199
-159
-124
-56
-9
37
106
176
231
276
297
311
352
389
447
508
556
607
645
674
701
702
733
729
735
765
774
775
763
766
769
759
753
738
710
696
655
614
566
520
485
454
407
341
295
261
220
193
162
118
90
60
4
-38
-75
-117
-136
-153
-154
-147
-155
-166
-200
-237
-271
-324
-356
-377
-418
-454
-504
-562
-604
-657
-717
-755
-794
-811
-841
-881
-899
-907
-908
-910
-918
-905
-890
-886
-845
-820
-770
-703
-646
-566
-488
-407
-321
-226
-135
-65
-3
77
129
174
214
269
335
389
452
468
488
524
550
596
649
691
726
782
803
802
816
818
812
819
797
788
767
760
750
729
709
667
618
546
515
494
458
433
396
339
266
180
125
92
45
-13
-68
-114
-158
-188
-216
-248
-261
-298
-322
-337
-381
-402
-442
-481
-515
-524
-543
-580
-593
-621
-641
-670
-700
-706
-734
-751
-748
-706
-636
-595
-560
-516
-478
-447
-417
-370
-331
-301
-279
-251
-204
-155
-121
-95
-45
-8
45
82
101
124
149
160
176
186
220
237
289
357
409
472
508
562
602
653
676
697
726
717
750
760
751
739
710
663
626
590
541
519
474
443
406
383
363
320
257
226
202
165
173
157
112
62
4
-46
-101
-163
-195
-224
-271
-320
-361
-395
-432
-453
-490
-502
-516
-528
-524
-535
-528
-515
-513
-515
-525
-528
-514
-540
-533
-539
-547
-579
-598
-606
-636
-622
-600
-576
-564
-556
-538
-524
-487
-453
-412
-369
-328
-294
-250
-198
-147
-81
-33
49
124
197
264
330
407
465
517
578
616
635
687
705
716
750
756
791
808
847
886
919
948
962
959
955
925
888
856
800
756
713
640
565
493
419
395
327
274
236
171
97
40
5
-36
-90
-156
-228
-278
-342
-398
-451
-510
-568
-618
-644
-692
-727
-771
-767
-784
-788
-798
-820
-834
-855
-848
-858
-860
-851
-836
-824
-792
-767
-746
-707
-649
-602
-569
-523
-482
-432
-383
-333
-267
-210
-162
-117
-64
-2
73
123
192
235
268
298
313
344
393
441
501
537
571
623
654
728
792
854
893
922
963
961
963
967
961
929
895
856
814
781
730
674
598
543
523
485
438
380
306
236
174
109
73
47
-1
-33
-73
-109
-143
-193
-229
-265
-290
-335
-394
-451
-518
-573
-634
-672
-693
-703
-721
-736
-742
-737
-736
-757
-780
-788
-761
-773
-753
-737
-721
-709
-722
-701
-688
-661
-621
-593
-559
-535
-493
-452
-421
-358
-314
-273
-232
-173
-123
-76
-32
9
62
97
117
167
211
280
340
391
456
480
529
577
633
675
740
829
900
956
1016
1073
1099
1121
1148
1127
1102
1078
1030
985
951
934
906
875
826
759
689
625
570
507
454
403
338
256
172
115
54
-27
-135
-233
-329
-439
-542
-634
-713
-783
-843
-904
-976
-1030
-1061
-1067
-1076
-1065
-1065
-1075
-1062
-1043
-1032
-996
-944
-906
-871
-828
-790
-749
-703
-674
-629
-573
-510
-469
-422
-377
-371
-343
-320
-281
-226
-180
-104
-68
-20
33
94
182
243
314
353
397
460
510
562
612
625
653
665
680
705
700
720
734
772
797
812
835
862
871
894
909
900
897
905
924
923
916
885
830
776
728
679
625
541
485
366
251
181
90
10
-51
-113
-186
-253
-333
-377
-432
-482
-529
-554
-577
-619
-639
-636
-653
-674
-708
-735
-760
-791
-791
-785
-802
-831
-825
-833
-819
-808
-802
-797
-773
-745
-718
-687
-645
-600
-560
-500
-430
-368
-298
-236
-195
-140
-103
-55
15
64
118
151
197
235
258
277
315
355
381
414
431
477
534
587
628
666
717
724
734
756
771
780
760
748
749
732
704
699
675
662
628
603
569
526
500
437
394
349
280
229
183
133
89
37
4
-27
-66
-99
-141
-168
-219
-252
-274
-309
-343
-380
-407
-462
-529
-571
-628
-673
-697
-734
-750
-757
-771
-768
-794
-804
-795
-805
-782
-761
-731
-683
-639
-592
-547
-502
-466
-443
-406
-361
-365
-333
-274
-226
-175
-122
-86
-38
13
23
74
110
157
209
254
313
348
386
426
469
514
553
594
636
681
697
716
759
782
804
818
846
846
847
844
833
828
797
773
735
705
683
643
615
582
540
503
462
401
352
304
262
225
173
109
43
-24
-101
-160
-241
-332
-423
-509
-557
-614
-646
-667
-679
-688
-679
-687
-693
-679
-700
-699
-676
-654
-658
-647
-654
-647
-626
-618
-606
-606
-600
-570
-542
-502
-475
-458
-443
-427
-422
-414
-403
-403
-370
-355
-324
-263
-215
-156
-119
-57
-2
47
107
136
181
231
293
347
387
405
401
404
418
430
446
474
513
530
536
576
591
618
643
666
715
758
792
810
788
755
728
706
661
596
551
499
468
423
386
351
313
274
247
208
177
137
97
42
-1
-21
-43
-74
-113
-135
-168
-175
-209
-238
-278
-337
-372
-399
-419
-418
-457
-479
-514
-572
-605
-647
-674
-693
-730
-754
-747
-745
-710
-688
-692
-675
-671
-647
-609
-582
-526
-478
-420
-366
-313
-240
-189
-155
-119
-60
-10
17
56
87
113
122
132
154
170
189
204
240
278
326
371
425
487
522
557
578
575
588
603
611
631
654
671
673
674
669
675
635
616
603
583
553
517
513
495
450
412
350
316
284
226
204
164
129
88
29
-25
-73
-130
-170
-224
-268
-321
-376
-414
-457
-478
-499
-546
-576
-609
-620
-614
-620
-619
-594
-567
-565
-553
-517
-481
-477
-469
-461
-471
-470
-478
-475
-463
-445
-434
-428
-395
-364
-357
-339
-297
-287
-251
-222
-202
-177
-171
-124
-68
-36
-1
47
74
102
117
155
192
226
294
346
405
460
493
537
605
631
656
644
621
622
608
621
616
617
607
580
547
563
575
579
594
598
622
587
576
522
486
460
402
367
303
232
149
61
-15
-95
-163
-235
-305
-361
-415
-440
-429
-438
-450
-453
-464
-455
-468
-464
-476
-467
-501
-529
-517
-547
-565
-557
-563
-575
-561
-553
-534
-541
-547
-551
-531
-502
-480
-443
-405
-347
-306
-267
-198
-150
-91
-57
-13
60
104
143
160
163
164
154
164
194
213
237
281
309
311
323
338
347
364
407
429
453
455
457
476
431
404
456
466
486
511
492
463
452
495
488
448
490
525
486
461
457
468
468
451
410
331
284
274
216
141
97
75
-12
-99
-107
-133
-171
-208
-241
-249
-305
-344
-396
-424
-455
-491
-521
-569
-592
-601
-611
-603
-620
-633
-661
-709
-717
-718
-693
-661
-634
-583
-554
-526
-503
-501
-475
-434
-368
-338
-297
-259
-201
-140
-99
-47
-8
2
-2
32
45
81
113
141
182
222
257
287
341
360
353
352
357
354
383
398
424
480
509
513
532
512
497
496
481
484
486
481
463
445
454
438
401
374
338
303
265
228
212
218
206
199
212
199
171
142
136
140
133
120
86
53
11
-20
-64
-78
-108
-159
-174
-203
-241
-268
-286
-324
-340
-359
-385
-393
-397
-427
-446
-468
-488
-502
-542
-549
-574
-574
-571
-550
-550
-530
-508
-481
-447
-447
-389
-365
-331
-304
-273
-236
-197
-157
-118
-76
-8
55
94
133
158
178
222
241
278
311
332
352
348
388
393
397
407
422
412
403
450
466
470
465
435
426
418
445
461
473
448
429
438
419
425
419
428
425
395
367
353
335
320
289
249
197
142
72
14
-53
-89
-120
-180
-247
-307
-342
-412
-436
-461
-475
-496
-502
-511
-538
-560
-575
-573
-561
-575
-589
-597
-642
-663
-651
-639
-630
-624
-617
-602
-589
-567
-536
-494
-485
-466
-430
-381
-339
-289
-190
-133
-88
-28
16
59
108
165
225
288
357
403
416
469
524
569
640
644
658
675
667
689
707
726
735
739
724
695
655
632
621
604
588
572
523
491
457
429
393
361
328
295
240
191
149
117
108
82
45
-6
-83
-137
-147
-181
-184
-219
-251
-274
-327
-362
-391
-405
-440
-483
-500
-494
-488
-489
-511
-512
-504
-533
-543
-557
-580
-589
-584
-577
-556
-532
-522
-500
-472
-449
-419
-387
-366
-361
-363
-316
-273
-220
-166
-107
-48
8
84
159
217
253
281
287
294
297
302
320
342
363
374
379
402
414
423
448
493
524
554
565
590
597
623
607
620
619
607
599
559
537
504
482
462
440
383
327
289
251
200
174
132
86
46
-2
-41
-91
-115
-146
-192
-245
-287
-360
-434
-486
-527
-547
-574
-575
-598
-633
-658
-668
-683
-682
-679
-675
-653
-655
-665
-654
-666
-661
-630
-624
-584
-543
-512
-454
-420
-390
-361
-342
-315
-288
-242
-194
-139
-90
-24
19
51
117
181
240
310
346
359
399
425
452
494
528
557
605
624
645
691
727
756
760
768
780
768
757
762
762
783
784
747
725
675
637
594
556
520
493
481
436
384
343
299
242
172
118
63
-25
-104
-157
-210
-272
-336
-405
-458
-525
-572
-584
-607
-624
-642
-651
-661
-675
-695
-716
-744
-752
-761
-752
-768
-778
-775
-780
-751
-721
-696
-668
-643
-622
-594
-561
-483
-433
-401
-337
-270
-227
-174
-123
-73
-28
-25
48
117
187
255
317
380
436
461
487
498
516
555
558
602
627
660
679
696
728
704
677
673
650
617
587
545
504
470
418
388
372
297
243
195
164
143
130
124
83
52
17
1
-11
-2
4
6
7
9
6
2
8
-31
-71
-147
-194
-215
-225
-244
-268
-279
-313
-351
-385
-397
-411
-431
-438
-446
-461
-464
-466
-470
-490
-483
-480
-483
-479
-484
-474
-446
-441
-427
-417
-418
-390
-378
-352
-304
-268
-225
-195
-168
-141
-123
-63
11
62
140
197
240
290
326
354
386
423
475
513
538
560
590
610
644
715
730
738
717
687
690
661
641
621
580
542
520
497
489
486
455
410
350
302
247
225
189
173
160
118
72
16
-42
-96
-151
-214
-252
-296
-329
-361
-402
-441
-478
-487
-494
-522
-511
-505
-493
-465
-446
-418
-403
-406
-413
-418
-407
-398
-411
-427
-428
-463
-474
-487
-495
-487
-483
-462
-430
-416
-419
-412
-400
-358
-303
-283
-235
-205
-204
-163
-130
-101
-54
2
44
90
151
190
256
306
324
366
389
419
451
485
530
581
608
625
601
579
566
548
550
540
515
487
471
470
460
459
435
437
409
375
353
339
321
297
266
210
181
106
62
1
-56
-114
-166
-214
-253
-238
-238
-248
-244
-222
-212
-216
-229
-236
-250
-254
-258
-284
-295
-305
-329
-361
-371
-398
-426
-433
-425
-412
-379
-348
-332
-310
-261
-241
-218
-176
-161
-142
-123
-100
-85
-82
-81
-91
-93
-100
-101
-62
-62
-40
-34
-23
-5
5
14
5
-1
-29
-53
-85
-74
-57
-18
17
53
103
146
185
212
241
256
305
326
367
398
413
447
471
492
514
516
515
497
492
480
480
467
442
436
424
400
365
357
358
330
271
219
152
80
21
-36
-91
-129
-162
-193
-222
-254
-296
-319
-348
-374
-383
-402
-413
-434
-433
-448
-480
-503
-513
-513
-510
-473
-440
-424
-408
-404
-427
-437
-444
-443
-434
-415
-390
-370
-359
-339
-351
-333
-321
-322
-278
-253
-190
-142
-94
-35
0
13
39
82
122
189
224
277
315
333
354
376
386
386
399
410
430
436
464
494
518
553
569
579
609
631
617
620
604
602
588
551
546
504
490
491
444
416
399
350
317
272
208
165
122
70
32
-16
-47
-73
-135
-175
-216
-245
-258
-272
-293
-316
-340
-379
-426
-461
-486
-505
-523
-545
-568
-605
-627
-637
-638
-653
-645
-640
-623
-599
-576
-527
-491
-456
-437
-397
-355
-309
-257
-198
-177
-149
-124
-87
-60
-6
44
96
147
173
207
227
253
258
261
278
315
326
347
381
392
420
417
412
404
365
318
302
311
318
329
336
336
327
322
321
323
328
320
325
292
267
260
232
235
204
184
207
191
169
163
136
94
68
48
29
-15
-41
-70
-106
-156
-210
-241
-283
-294
-307
-327
-315
-318
-335
-314
-323
-336
-343
-343
-359
-398
-389
-401
-394
-384
-379
-346
-321
-298
-288
-270
-266
-276
-246
-217
-184
-179
-163
-152
-161
-129
-133
-137
-119
-107
-100
-68
-34
5
43
82
117
122
153
180
219
270
306
348
390
416
432
426
419
401
389
375
345
333
324
313
286
244
217
193
185
187
200
226
243
256
274
299
290
259
233
240
220
190
187
152
111
40
-26
-58
-80
-104
-111
-106
-129
-148
-171
-183
-210
-216
-222
-237
-250
-263
-272
-296
-285
-305
-317
-296
-330
-343
-346
-341
-333
-322
-289
-270
-266
-240
-226
-218
-182
-138
-100
-82
-68
-58
-65
-71
-40
-17
10
30
32
27
12
4
6
20
13
37
50
52
55
65
77
73
95
141
171
186
211
207
206
210
211
231
253
269
274
297
297
286
306
299
291
301
316
326
296
261
228
186
143
101
74
56
36
20
2
-15
-40
-63
-86
-80
-86
-79
-58
-80
-93
-119
-133
-154
-169
-189
-206
-213
-213
-208
-248
-270
-284
-307
-311
-311
-317
-303
-298
-292
-290
-282
-266
-252
-247
-241
-239
-224
-203
-180
-163
-132
-118
-97
-72
-63
-41
-23
-11
14
7
11
25
36
53
70
98
104
99
106
99
96
117
133
153
177
220
267
325
356
387
426
456
460
478
487
479
463
454
420
407
378
330
307
260
218
172
136
119
91
58
43
35
38
31
62
66
87
86
64
51
14
-12
-32
-60
-82
-118
-161
-202
-242
-288
-298
-302
-319
-311
-344
-356
-398
-439
-451
-447
-457
-462
-448
-439
-441
-421
-414
-396
-405
-414
-404
-403
-387
-362
-335
-316
-278
-264
-264
-263
-256
-228
-186
-153
-84
-38
-3
34
84
168
217
279
319
348
383
406
455
494
501
520
507
499
505
504
484
457
440
451
446
431
435
457
470
461
474
466
445
427
417
395
389
375
341
291
253
203
136
99
60
21
-25
-94
-147
-193
-256
-298
-352
-401
-416
-437
-456
-447
-429
-437
-440
-449
-450
-462
-462
-466
-491
-505
-528
-543
-567
-577
-568
-548
-549
-554
-534
-522
-489
-451
-410
-342
-294
-232
-201
-157
-115
-92
-31
10
49
107
126
140
154
169
192
231
272
328
388
428
484
539
570
603
628
634
635
628
644
652
627
627
609
579
566
538
519
483
455
425
396
380
347
324
308
276
254
234
197
166
129
57
3
-73
-147
-200
-279
-299
-331
-359
-357
-386
-391
-403
-417
-425
-441
-443
-435
-427
-421
-422
-427
-410
-410
-424
-439
-455
-452
-456
-457
-441
-422
-394
-380
-371
-348
-334
-340
-305
-269
-221
-208
-181
-141
-124
-66
-18
23
54
83
113
126
112
137
138
134
175
200
245
279
315
346
357
380
385
409
438
474
495
498
479
475
481
473
463
422
393
358
325
289
275
243
203
198
174
168
127
133
132
129
100
64
64
34
25
-6
-24
-35
-58
-83
-107
-149
-154
-167
-201
-227
-253
-283
-297
-330
-352
-346
-392
-397
-406
-424
-419
-442
-443
-442
-453
-452
-470
-460
-436
-429
-403
-374
-337
-295
-266
-230
-177
-135
-97
-59
-24
17
55
93
138
149
164
182
191
198
189
210
218
226
236
240
250
251
254
277
282
311
332
312
318
333
329
322
329
307
303
295
306
291
286
276
260
245
228
223
205
165
145
145
124
95
87
84
72
65
48
52
37
15
-30
-71
-89
-100
-107
-107
-160
-226
-260
-293
-304
-325
-337
-345
-383
-394
-365
-365
-356
-329
-311
-288
-268
-246
-232
-207
-193
-172
-171
-162
-142
-120
-96
-89
-73
-76
-73
-80
-85
-89
-87
-55
-59
-65
-66
-86
-82
-69
-67
-54
-15
15
45
84
110
129
156
167
173
161
166
161
181
232
226
240
251
245
220
210
198
204
200
177
206
198
198
191
173
186
207
233
236
250
251
257
245
243
246
239
227
234
234
197
176
131
105
94
52
28
1
-49
-72
-93
-131
-173
-185
-174
-147
-136
-140
-143
-176
-197
-220
-275
-313
-320
-365
-393
-399
-401
-401
-393
-415
-426
-432
-450
-458
-449
-401
-391
-372
-339
-313
-285
-262
-233
-190
-167
-160
-110
-85
-50
-22
8
43
70
101
159
224
264
304
333
362
403
419
415
426
444
447
450
439
448
455
450
431
403
374
352
352
326
299
281
260
237
217
201
177
168
171
133
105
91
73
44
12
-14
-66
-82
-108
-135
-130
-111
-105
-94
-74
-57
-31
-45
-35
-29
-37
-57
-83
-85
-105
-108
-131
-140
-178
-210
-222
-257
-283
-294
-324
-329
-340
-343
-359
-358
-364
-378
-392
-432
-419
-436
-418
-413
-397
-355
-330
-313
-291
-265
-243
-208
-191
-186
-161
-130
-108
-63
-12
39
82
138
163
190
223
255
284
299
311
321
329
344
370
392
430
443
456
454
468
459
444
441
413
398
391
406
388
355
326
304
292
273
248
226
182
146
119
92
93
65
35
-7
-50
-62
-78
-73
-66
-59
-54
-79
-111
-135
-157
-185
-216
-243
-259
-293
-333
-360
-377
-403
-407
-422
-458
-458
-458
-443
-425
-398
-354
-310
-273
-243
-202
-171
-141
-125
-125
-146
-131
-102
-86
-65
-40
-31
-24
-18
-21
-12
21
72
94
138
178
216
247
265
289
307
321
342
365
383
374
378
375
356
360
334
313
270
246
223
207
193
165
151
134
114
89
88
70
67
57
45
40
35
27
24
25
6
-32
-56
-78
-85
-102
-112
-108
-110
-125
-163
-199
-248
-266
-290
-296
-306
-301
-297
-299
-310
-316
-300
-276
-280
-269
-271
-257
-224
-209
-179
-191
-196
-194
-175
-163
-132
-114
-127
-118
-118
-104
-87
-58
-50
-19
15
41
71
101
143
151
178
210
230
253
264
282
292
306
297
316
327
319
328
337
340
314
302
295
280
280
268
255
259
268
294
298
294
299
295
259
247
240
226
204
165
141
134
88
69
52
21
-42
-124
-173
-218
-252
-289
-306
-334
-343
-351
-371
-354
-341
-338
-325
-303
-298
-298
-288
-284
-269
-260
-270
-278
-297
-328
-324
-336
-343
-341
-331
-316
-306
-272
-235
-199
-165
-132
-115
-106
-92
-74
-62
-41
-41
-7
29
59
97
128
157
174
166
175
201
199
210
223
242
254
258
246
249
244
243
265
312
335
340
341
327
320
320
318
315
293
284
269
224
202
176
173
158
152
123
89
71
45
58
52
58
68
53
37
4
-2
-29
-57
-80
-119
-134
-152
-163
-167
-158
-171
-193
-199
-205
-201
-217
-233
-253
-277
-292
-277
-286
-277
-248
-243
-205
-184
-169
-158
-150
-117
-110
-98
-96
-92
-118
-136
-146
-142
-127
-132
-124
-140
-148
-139
-131
-111
-99
-106
-84
-76
-49
-29
-5
1
26
58
63
74
81
88
102
98
105
110
109
128
132
153
167
192
220
229
249
284
311
319
329
344
357
356
361
365
357
338
329
305
275
239
224
208
188
166
126
94
44
11
-1
-37
-71
-106
-137
-145
-131
-142
-158
-195
-238
-247
-272
-286
-291
-315
-329
-293
-279
-268
-263
-266
-259
-260
-260
-238
-218
-201
-181
-185
-173
-164
-145
-134
-132
-108
-84
-63
-24
0
13
16
35
41
45
73
70
59
56
38
39
52
81
104
100
132
158
177
185
170
179
194
202
215
214
221
222
212
188
162
176
177
163
178
177
161
163
147
137
130
107
79
65
47
35
20
16
20
18
8
-17
-12
-25
-30
-33
-54
-53
-47
-63
-70
-69
-66
-84
-96
-126
-158
-172
-189
-191
-207
-225
-238
-262
-257
-281
-283
-251
-266
-261
-266
-279
-277
-262
-233
-217
-205
-196
-166
-163
-152
-130
-101
-88
-79
-60
-54
-47
-28
9
16
47
87
136
173
212
213
224
231
242
252
269
286
279
278
269
267
270
259
228
224
227
241
261
262
253
235
231
230
246
243
243
236
220
221
203
185
145
112
84
56
51
36
10
1
-21
-58
-83
-104
-114
-125
-148
-168
-177
-196
-213
-219
-233
-242
-257
-261
-263
-263
-271
-276
-287
-286
-308
-322
-318
-335
-338
-344
-332
-329
-328
-312
-294
-236
-197
-172
-131
-93
-59
-22
24
41
63
74
81
82
90
87
92
101
103
127
139
153
156
156
176
205
226
215
222
218
202
213
230
275
311
323
342
356
355
363
343
320
303
284
260
222
189
140
85
47
20
-1
-28
-66
-83
-111
-96
-95
-111
-113
-115
-110
-78
-86
-73
-78
-96
-71
-82
-119
-158
-184
-225
-277
-301
-308
-330
-343
-325
-310
-295
-283
-262
-239
-220
-191
-171
-187
-174
-168
-171
-151
-120
-94
-92
-77
-61
-66
-53
-17
-14
-14
-6
5
33
47
84
121
159
183
184
212
230
246
273
279
271
283
278
297
301
281
290
286
285
246
221
197
156
123
80
49
28
4
-14
-18
-16
2
-9
-8
8
19
26
37
48
60
65
48
54
68
66
39
8
25
16
-1
-18
-48
-68
-90
-122
-137
-152
-177
-176
-192
-195
-200
-193
-181
-165
-144
-128
-112
-110
-100
-104
-93
-74
-78
-61
-52
-55
-60
-53
-40
-37
-33
-23
-24
-41
-45
-38
-39
-39
-41
-32
-19
-19
-9
-4
4
19
42
65
80
72
82
78
79
70
63
62
49
50
48
39
48
50
56
68
60
44
32
30
23
30
43
60
76
101
110
129
154
138
130
131
100
78
88
96
76
70
43
9
5
-13
-42
-65
-107
-128
-141
-158
-168
-163
-150
-138
-129
-116
-91
-79
-62
-45
-51
-41
-47
-44
-46
-41
-26
-24
-8
-25
-12
-17
-4
5
16
25
2
31
43
58
84
92
98
122
104
94
90
59
28
-6
-49
-79
-108
-127
-155
-181
-188
-189
-173
-152
-132
-119
-109
-98
-67
-29
-16
-6
11
24
27
33
38
32
43
57
36
37
48
55
60
67
89
91
84
94
103
112
131
153
161
165
154
150
134
113
106
92
86
86
88
93
86
81
78
79
75
53
38
33
27
16
-1
-18
-6
-12
-23
-42
-62
-71
-94
-118
-113
-128
-143
-137
-156
-149
-155
-158
-152
-139
-139
-140
-135
-148
-154
-137
-117
-112
-89
-79
-102
-97
-96
-95
-104
-97
-85
-85
-81
-71
-62
-81
-84
-69
-49
-17
12
32
49
53
43
43
40
33
24
16
6
8
40
69
101
142
183
189
199
224
231
234
251
252
250
255
260
269
267
253
212
182
158
127
116
140
152
157
172
183
190
192
191
183
171
160
160
146
116
85
50
-2
-43
-63
-113
-134
-154
-184
-190
-203
-210
-226
-241
-251
-259
-260
-264
-272
-290
-301
-313
-329
-341
-362
-381
-387
-398
-409
-422
-433
-430
-459
-437
-395
-353
-297
-236
-178
-135
-82
-26
24
77
125
154
199
221
240
272
272
289
293
282
286
290
322
343
348
360
349
342
343
349
340
328
328
332
317
321
319
315
314
292
291
264
216
176
130
82
32
-18
-55
-84
-91
-103
-148
-160
-196
-245
-266
-275
-265
-251
-241
-222
-215
-210
-184
-202
-213
-212
-233
-238
-240
-220
-220
-237
-246
-263
-267
-261
-247
-235
-189
-138
-98
-65
-27
8
11
38
66
92
91
101
110
125
157
165
162
148
137
142
155
151
156
154
155
149
145
145
146
145
129
123
104
92
108
112
115
124
140
164
144
141
111
82
49
16
-11
-11
-7
-17
-25
-43
-43
-71
-75
-85
-101
-84
-76
-77
-74
-55
-24
-43
-56
-54
-65
-84
-113
-147
-166
-186
-214
-224
-223
-227
-232
-248
-246
-216
-183
-156
-131
-108
-91
-63
-46
-23
4
47
66
68
75
58
50
37
22
17
7
-9
-20
-32
-16
-10
-9
22
49
89
110
134
142
163
159
151
159
155
146
151
147
145
131
113
92
74
64
58
59
48
63
57
58
66
56
66
79
68
71
63
65
60
49
45
34
45
21
8
-5
-30
-58
-75
-77
-87
-86
-97
-80
-45
-50
-55
-57
-47
-45
-16
8
9
24
27
19
8
16
21
40
30
13
-9
-16
-6
-11
6
0
-14
-38
-32
-19
-18
-19
-8
-1
-2
23
14
4
-7
-29
-30
-18
-7
-20
3
11
8
25
14
27
0
-6
-1
-48
-63
-73
-70
-84
-87
-72
-60
-51
-43
-31
-3
-2
7
13
-2
14
9
24
21
22
20
-10
1
3
-6
-23
-45
-65
-66
-72
-62
-36
-22
26
52
62
64
71
73
86
78
74
59
38
33
22
3
-14
-12
6
20
19
22
21
7
-4
2
-8
-31
-37
-40
-44
-32
-31
-38
-56
-85
-92
-110
-127
-127
-130
-136
-141
-125
-119
-126
-121
-95
-69
-75
-41
-27
-8
-6
-12
-5
-12
0
5
10
-2
5
13
50
68
95
99
95
100
94
100
96
104
73
40
14
10
4
14
30
62
111
113
132
163
182
187
202
212
224
254
265
263
245
250
235
210
162
93
43
7
-22
-62
-79
-83
-114
-136
-123
-112
-87
-94
-76
-65
-83
-103
-108
-107
-104
-114
-142
-129
-127
-142
-159
-160
-178
-196
-205
-212
-228
-235
-231
-221
-206
-179
-149
-148
-153
-173
-189
-190
-186
-179
-168
-144
-105
-73
-63
-18
-2
6
43
75
91
100
78
75
78
78
90
94
121
153
174
224
241
248
282
271
285
307
315
314
299
284
263
257
234
224
203
168
160
127
122
105
93
117
95
84
93
118
139
123
99
77
58
19
-5
-34
-67
-77
-112
-141
-186
-203
-213
-225
-238
-244
-238
-258
-250
-256
-257
-274
-269
-265
-245
-231
-220
-192
-198
-204
-226
-234
-197
-177
-166
-127
-112
-74
-47
