-115
-114
-115
-125
-137
-152
-171
-181
-185
-180
-172
-165
-162
-156
-138
-116
-97
-82
-67
-53
-40
-23
-5
0
9
25
42
51
59
63
57
51
45
42
43
48
45
49
59
60
66
74
78
74
82
79
80
77
76
71
68
67
60
62
50
40
34
17
15
6
13
15
21
23
21
15
8
-1
-12
-22
-33
-44
-48
-65
-72
-87
-110
-116
-135
-135
-143
-151
-148
-155
-153
-148
-149
-139
-140
-121
-110
-93
-75
-59
-38
-23
-10
5
23
46
67
83
104
116
141
160
167
175
180
187
192
201
198
198
196
187
166
148
138
114
113
99
95
85
67
64
48
48
38
44
45
51
46
43
34
23
16
-4
-15
-34
-47
-67
-79
-96
-106
-114
-133
-146
-155
-154
-152
-151
-150
-157
-169
-176
-167
-160
-151
-142
-144
-147
-144
-142
-136
-132
-123
-118
-122
-99
-97
-81
-80
-69
-52
-40
-25
-12
9
23
42
66
85
101
104
112
124
133
143
173
179
192
207
222
247
249
269
277
269
277
272
259
248
236
223
201
183
165
149
119
92
63
39
25
6
-10
-27
-48
-62
-84
-88
-98
-113
-124
-131
-141
-149
-156
-162
-171
-177
-185
-191
-188
-191
-204
-209
-217
-206
-205
-207
-211
-218
-215
-225
-221
-212
-202
-196
-191
-164
-143
-142
-135
-127
-104
-87
-58
-40
-35
-16
-10
4
15
31
41
48
62
78
93
94
98
111
112
118
128
133
140
142
145
151
148
151
144
138
139
145
147
148
149
142
154
154
152
150
157
149
155
155
151
160
161
158
163
149
139
121
108
98
79
71
65
61
49
34
13
-10
-21
-39
-61
-64
-76
-84
-91
-88
-83
-84
-83
-93
-92
-93
-95
-88
-83
-77
-79
-79
-86
-103
-109
-104
-102
-100
-98
-96
-96
-93
-98
-99
-90
-94
-103
-111
-117
-125
-138
-139
-137
-128
-127
-125
-120
-116
-112
-115
-112
-93
-85
-74
-54
-40
-20
-4
5
17
30
46
68
82
105
121
127
145
163
168
170
161
161
150
142
142
135
145
142
146
142
128
120
106
106
102
80
72
62
51
32
18
-1
-14
-26
-39
-41
-53
-62
-75
-70
-67
-67
-72
-72
-70
-70
-66
-58
-57
-57
-59
-52
-47
-56
-46
-50
-49
-39
-39
-29
-21
1
5
1
-10
-16
-15
-34
-37
-44
-56
-65
-59
-63
-55
-43
-38
-25
-25
-19
-15
-2
9
18
43
59
67
81
92
104
104
101
99
95
94
88
84
80
67
62
51
40
29
12
-18
-37
-52
-67
-69
-83
-82
-89
-100
-97
-104
-104
-108
-114
-112
-106
-88
-77
-69
-62
-62
-58
-58
-52
-44
-25
-18
-5
18
31
36
32
44
43
38
41
45
49
47
45
44
39
44
51
59
71
81
84
88
95
98
106
104
116
118
122
132
125
116
125
121
123
125
117
117
115
115
111
109
95
94
82
71
60
57
43
35
36
32
48
29
18
13
-9
-20
-21
-13
-16
-14
-15
-19
-22
-33
-45
-54
-70
-94
-107
-124
-136
-158
-168
-177
-187
-188
-196
-198
-216
-236
-242
-244
-242
-233
-233
-234
-237
-243
-253
-266
-272
-266
-259
-257
-253
-255
-259
-252
-236
-224
-212
-197
-175
-145
-126
-104
-76
-63
-38
-8
16
56
84
120
147
177
210
232
263
285
299
336
366
389
405
413
421
433
449
460
482
494
492
493
481
468
449
436
405
385
356
330
317
293
284
255
225
202
169
147
126
93
58
17
-20
-65
-113
-148
-181
-215
-246
-264
-286
-322
-356
-377
-384
-386
-389
-379
-376
-365
-376
-382
-384
-380
-375
-371
-353
-342
-327
-314
-293
-277
-255
-232
-203
-186
-160
-148
-139
-129
-119
-100
-87
-76
-56
-55
-54
-56
-65
-53
-56
-46
-32
-13
2
19
26
50
80
98
117
128
134
139
142
153
161
181
190
205
223
241
261
265
270
285
304
309
319
304
293
277
270
257
253
247
233
216
200
182
170
153
129
114
97
91
80
76
59
39
9
-7
-32
-56
-83
-105
-125
-149
-148
-168
-170
-163
-173
-168
-161
-160
-174
-189
-182
-181
-183
-188
-187
-185
-177
-163
-154
-138
-138
-142
-141
-142
-150
-146
-140
-132
-126
-129
-128
-132
-136
-134
-112
-113
-112
-95
-92
-95
-103
-101
-105
-103
-108
-100
-95
-89
-81
-64
-56
-54
-27
7
36
61
92
111
121
131
157
179
209
222
241
256
258
281
280
291
299
292
290
275
279
266
249
240
226
213
202
201
178
163
140
111
89
74
51
31
12
15
10
-1
-10
-15
-13
-22
-33
-32
-41
-62
-89
-114
-142
-161
-187
-206
-205
-206
-201
-202
-218
-225
-208
-201
-197
-198
-182
-158
-136
-115
-90
-68
-50
-18
-8
11
33
40
55
65
90
91
107
98
108
115
111
117
106
122
107
111
105
96
92
88
94
99
94
101
90
76
81
70
63
46
27
-7
-34
-67
-89
-106
-123
-119
-140
-144
-166
-189
-199
-198
-194
-191
-188
-188
-183
-179
-173
-166
-150
-147
-140
-137
-128
-120
-115
-107
-103
-106
-91
-78
-79
-64
-43
-22
0
10
8
13
22
29
28
40
43
39
31
32
31
27
23
28
26
38
47
66
86
101
119
131
148
159
196
219
242
270
276
280
288
300
325
332
338
355
362
362
355
344
329
319
300
290
254
240
217
186
145
88
50
26
7
-23
-50
-70
-106
-141
-182
-224
-257
-293
-325
-347
-359
-373
-395
-395
-400
-403
-398
-408
-411
-399
-391
-378
-368
-358
-352
-346
-325
-313
-292
-281
-261
-241
-211
-160
-145
-124
-89
-63
-50
-15
22
57
70
84
91
84
90
90
98
104
102
99
99
116
123
147
170
191
230
261
299
319
342
331
330
334
311
327
327
322
308
291
270
249
234
215
202
183
179
164
151
138
125
120
90
62
26
-23
-68
-89
-119
-136
-152
-167
-193
-200
-196
-204
-181
-167
-150
-118
-93
-79
-57
-45
-35
-51
-49
-42
-54
-61
-68
-81
-91
-111
-123
-138
-126
-128
-119
-98
-94
-88
-86
-58
-40
-15
-13
9
10
-1
7
-4
-15
-16
-11
-27
-25
-31
-17
-11
-20
-9
-12
-5
-2
-8
-3
9
8
-4
-5
-7
-1
6
3
1
16
10
31
49
50
46
57
65
46
44
37
29
15
13
12
8
12
11
11
-4
-13
-15
-17
-3
0
7
17
25
18
3
-6
-15
-23
-30
-19
-19
-25
-20
-35
-55
-68
-86
-92
-108
-117
-125
-141
-158
-159
-150
-130
-108
-112
-86
-71
-59
-46
-38
-24
-5
26
51
70
78
96
109
119
131
169
187
203
223
235
250
264
290
291
319
316
315
319
310
303
287
267
244
228
202
184
164
144
123
93
73
45
19
3
-20
-52
-92
-112
-121
-144
-164
-173
-182
-197
-199
-221
-241
-249
-252
-259
-268
-274
-282
-280
-287
-294
-308
-310
-323
-340
-343
-352
-363
-361
-339
-322
-308
-305
-273
-264
-236
-207
-174
-131
-98
-78
-42
2
40
80
114
159
196
241
268
295
328
360
388
417
452
467
482
487
496
507
512
504
480
439
413
387
367
356
340
309
292
265
232
208
177
154
110
59
-9
-78
-125
-187
-231
-274
-330
-362
-394
-422
-422
-419
-418
-399
-400
-410
-429
-431
-427
-409
-385
-372
-354
-327
-306
-303
-267
-221
-213
-199
-161
-159
-141
-112
-86
-27
0
31
54
78
118
116
149
196
202
207
204
218
244
241
244
243
264
267
268
251
245
259
248
251
228
222
211
169
123
81
19
-19
-41
-66
-82
-95
-108
-107
-109
-145
-165
-186
-202
-227
-208
-192
-198
-184
-177
-148
-125
-111
-85
-78
-51
-24
-12
41
69
97
127
133
143
129
119
99
97
107
88
96
104
106
99
91
84
70
41
15
30
34
51
62
81
95
102
107
129
122
125
87
86
79
34
27
-2
6
13
20
-2
-9
-14
-38
-45
-29
-39
-50
-26
-19
-12
-30
-31
-48
-69
-55
-65
-110
-102
-82
-54
-33
-32
-17
-31
-61
-76
-97
-106
-111
-101
-119
-136
-139
-147
-136
-114
-108
-113
-101
-90
-78
-28
-10
6
5
19
40
38
67
76
100
126
127
158
181
188
179
146
158
179
224
209
186
170
146
126
86
31
15
-107
-146
-118
-69
-162
-373
-399
-310
-339
-522
-581
-447
-336
-347
-404
-426
-400
-275
-181
-215
-249
-119
126
177
19
33
263
454
415
326
467
638
676
644
642
773
848
792
703
697
735
753
648
566
505
423
352
241
201
150
101
21
-67
-147
-177
-299
-420
-473
-555
-690
-804
-842
-810
-881
-904
-896
-875
-877
-966
-937
-873
-798
-710
-647
-597
-503
-407
-361
-280
-163
-32
43
57
190
329
397
482
527
637
664
661
719
710
754
719
657
598
576
515
503
450
388
453
450
363
261
237
291
335
296
196
175
206
223
51
-67
-54
-72
-129
-352
-518
-499
-400
-502
-685
-728
-510
-364
-718
-985
-902
-584
-602
-1036
-1219
-976
-636
-667
-977
-1054
-640
-143
-206
-591
-612
-5
510
399
13
48
721
1073
670
262
544
1241
1357
754
496
916
1388
1197
770
802
1208
1271
992
797
864
1186
1159
953
864
925
921
637
485
515
561
535
274
191
234
109
-66
-240
-229
-301
-436
-593
-643
-638
-677
-715
-772
-774
-790
-895
-918
-925
-978
-1026
-1045
-1193
-1450
-1583
-1333
-1040
-1161
-1606
-1755
-1439
-1057
-1166
-1651
-1691
-1201
-826
-1041
-1525
-1599
-1068
-566
-646
-989
-826
-181
187
52
-192
246
1049
1337
1112
969
1330
1810
1995
1875
1928
2267
2493
2429
2145
2122
2421
2476
2264
1940
2024
2101
1999
1902
1744
1727
1529
1301
1116
923
784
477
305
271
149
-111
-415
-494
-538
-742
-977
-1102
-1093
-1158
-1348
-1511
-1611
-1655
-1771
-1924
-1863
-1769
-1746
-1763
-1758
-1600
-1492
-1549
-1610
-1551
-1542
-1658
-1747
-1636
-1316
-1175
-1363
-1689
-1547
-1065
-671
-659
-1117
-1151
-661
-295
-423
-647
-555
35
443
376
117
118
684
1139
1044
805
1106
1878
2255
1814
1347
1577
2228
2462
1884
1512
1806
2106
1932
1395
1251
1567
1797
1545
1121
1039
1292
1438
1180
772
717
983
951
579
288
247
351
185
-136
-379
-339
-236
-506
-928
-1085
-937
-807
-995
-1296
-1374
-1133
-979
-1161
-1331
-1332
-1062
-1053
-1226
-1352
-1260
-1073
-987
-996
-865
-758
-608
-880
-1870
-2115
-908
1000
719
-1637
-2706
-974
1158
350
-2487
-3252
-492
1909
689
-2904
-3934
-568
2431
1047
-2586
-2978
912
3417
766
-2855
-1606
3393
5280
1509
-2148
-323
4281
4983
1202
-980
1751
5027
3922
143
-657
2709
5100
3226
-43
-198
2442
3553
1674
-369
105
1873
1937
123
-1158
-564
523
304
-1043
-1848
-1398
-930
-1390
-2249
-2180
-1398
-1315
-2156
-2867
-2377
-1579
-1549
-2085
-2246
-1614
-1160
-1453
-1958
-1686
-840
-438
-764
-1208
-899
-103
174
-143
-330
61
625
663
246
222
657
1038
937
620
452
788
854
44
-401
-28
1207
1185
-339
-1187
-486
690
271
-1422
-1949
-519
893
302
-1934
-2768
-921
776
122
-1841
-1947
338
1583
259
-1416
-484
2308
3112
1180
-421
613
2746
3090
1406
520
1691
3077
2605
970
408
1613
2642
2114
857
312
1077
1838
1513
417
-99
516
1194
757
-335
-770
-368
97
-345
-1021
-1077
-870
-867
-1385
-1554
-1153
-942
-1077
-1323
-1163
-896
-838
-920
-730
-388
-201
-295
-450
-354
-55
129
51
-15
231
533
506
380
310
194
-66
-1102
-1577
-675
682
678
-1695
-3163
-1879
229
-95
-2755
-4161
-2207
361
-197
-3472
-5428
-2939
496
-14
-3495
-4788
-1439
1859
245
-3535
-3429
1270
4329
1552
-2519
-1646
3009
4963
1916
-930
942
4664
4784
1572
135
2668
5731
4977
2034
1050
3131
5035
4111
2129
1756
3186
3860
2701
1030
967
2132
2689
1669
-15
-227
556
804
-241
-1563
-1369
-536
-712
-2013
-2791
-2138
-1424
-1856
-2891
-3075
-2275
-1898
-2490
-3099
-2684
-1909
-1760
-2178
-2404
-1937
-1581
-1612
-1796
-1508
-1046
-1102
-1435
-1466
-972
-534
-718
-1028
-952
-398
-136
-340
-557
-251
-661
-1330
-1303
-158
1085
-186
-1953
-1792
87
1102
-459
-2351
-1662
614
1390
-650
-3118
-2143
1129
2209
-210
-2545
-1027
2547
2785
-256
-1724
1368
5286
4430
631
-383
2982
5907
4254
1091
1280
4313
5594
3133
762
1868
4613
4827
2371
677
1699
3359
3091
1467
619
1273
1957
883
-586
-555
143
226
-1049
-2020
-2015
-1875
-1999
-2567
-3195
-2923
-2316
-2641
-3712
-4220
-3025
-2012
-2540
-3219
-2736
-1562
-1130
-1997
-2563
-1587
-233
-68
-1227
-1701
-582
298
0
-720
-701
93
534
128
-428
-253
471
-113
-1502
-1370
463
1501
-472
-2728
-2180
168
781
-1476
-3477
-2220
684
1057
-2042
-4636
-2871
1148
1997
-1332
-3828
-1351
2898
2600
-1440
-2717
1487
5612
3858
-798
-1311
3288
6354
3919
265
1137
5175
6216
2822
369
2445
5792
5548
2158
398
2107
4298
3676
1284
505
1845
2823
1783
-217
-918
40
792
109
-1410
-2123
-1498
-1081
-1860
-3069
-3004
-2031
-1824
-2927
-3808
-3251
-2315
-2353
-3175
-3425
-2661
-1988
-2259
-2864
-2563
-1498
-1057
-1425
-1817
-1448
-797
-662
-795
-796
-331
128
36
-143
-89
174
398
455
391
486
729
915
-395
-1259
-396
1927
2513
-343
-2411
-1076
1837
1778
-1573
-3543
-940
2519
1875
-2411
-4718
-1206
3148
2446
-2031
-3558
608
4445
2201
-2377
-2266
3152
6431
2987
-1706
-918
4062
6191
2832
-589
1056
4967
5250
1591
-636
1716
4928
4117
575
-1040
1116
3329
2248
-276
-905
922
1945
628
-1940
-2103
-15
762
-809
-3041
-2615
-1071
-1293
-2968
-3738
-2827
-1576
-1853
-3502
-3954
-2836
-1404
-1634
-3062
-2807
-1229
-441
-1108
-2103
-1412
-42
418
-246
-816
-333
331
243
-124
187
564
600
253
159
431
615
632
553
-310
-1083
-624
805
1624
-177
-2035
-1648
341
889
-1380
-3366
-2065
715
869
-2001
-4594
-2992
744
1466
-1498
-3861
-1605
2379
2389
-1265
-2755
954
5293
4346
-396
-1747
2451
6502
4842
323
-28
4055
6332
3272
-675
457
4887
5837
1870
-1368
353
4047
3998
723
-847
1065
3130
1995
-742
-1238
709
1705
140
-1937
-1735
-221
-366
-1975
-2988
-2090
-1057
-1859
-3319
-3473
-2232
-1593
-2225
-3093
-2664
-1541
-1199
-1769
-2467
-1951
-770
-222
-781
-1568
-1087
-14
297
-416
-977
-274
688
658
-231
-633
69
905
850
166
-17
513
466
-927
-1434
-275
1468
799
-1959
-2876
-1155
572
-582
-3242
-3588
-910
874
-693
-4092
-4571
-1012
1814
466
-2848
-2900
1011
3342
767
-2380
-1011
3860
5565
1816
-1511
527
5191
5967
2148
-179
2529
6119
5205
1138
-4
3334
6167
4277
548
96
3123
4899
2751
3
227
2693
3311
1012
-1159
-1147
832
1404
-399
-2405
-2385
-691
-652
-2519
-3604
-2714
-1580
-1631
-3138
-4082
-3346
-2073
-1652
-2712
-3399
-2361
-1050
-1211
-2366
-2613
-1284
-215
-682
-1611
-1501
-438
-55
-823
-983
-207
321
-178
-845
-489
214
392
-161
-577
-887
-1004
-674
-79
392
-652
-2046
-2140
-963
-262
-1423
-2878
-2319
-479
31
-1618
-3509
-2491
523
1466
-643
-2376
-657
2651
2716
-238
-1248
1812
5229
4087
260
-257
3560
6474
4418
869
1323
5000
6314
3326
538
1971
5274
5439
2219
183
1597
4124
3941
1267
-45
1155
2912
2352
-24
-1131
-210
861
90
-1633
-2401
-1557
-1138
-1920
-3020
-3249
-2464
-2268
-2877
-3208
-3054
-2685
-2633
-2961
-2698
-2357
-2285
-2400
-2546
-2129
-1653
-1473
-1596
-1588
-1334
-1071
-1065
-1246
-1046
-549
-97
-205
-464
-330
8
315
66
-73
243
711
559
-908
-1083
286
1948
1280
-1380
-2053
-337
1318
104
-2468
-2655
91
1769
-79
-3349
-3772
-34
2567
628
-2787
-2461
1700
3655
587
-2607
-568
4652
5817
1382
-1980
646
5407
5489
1236
-848
2187
5672
4209
193
-549
2927
5278
3007
-384
-349
2675
3786
1441
-856
-30
2204
2183
17
-1527
-1340
330
562
-828
-2048
-1952
-937
-1436
-2814
-3076
-2024
-1718
-2304
-3305
-3125
-2075
-1797
-1979
-2441
-2062
-901
-666
-1297
-1488
-579
480
197
-761
-685
369
961
354
-614
-88
1163
1258
342
-252
376
1150
1058
575
300
189
-411
-498
189
1116
526
-1398
-1930
-508
745
-272
-2623
-2977
-861
492
-924
-3795
-4147
-1283
790
-806
-3561
-3177
170
1796
-760
-2931
-1039
2937
3770
534
-1416
883
4211
4007
1130
201
2563
4795
3596
1027
869
3472
5250
3649
1339
1108
3417
4557
3063
1326
1293
2993
3391
1817
119
144
1454
1712
281
-1243
-1161
-239
-290
-1625
-2625
-1981
-1116
-1526
-2776
-3276
-2381
-1636
-1963
-2692
-2871
-2370
-2070
-2413
-2661
-2290
-1664
-1579
-2099
-2312
-1829
-1247
-1070
-1247
-1331
-910
-570
-605
-823
-736
-253
178
102
-153
-152
262
109
-1044
-954
393
2004
572
-2336
-2573
15
1959
44
-3182
-3020
404
1815
-852
-4310
-3279
1060
2703
-373
-3311
-1487
2770
3409
-373
-2351
801
5055
4579
308
-1231
2104
5601
4591
1035
404
3552
5913
3836
617
747
4023
5664
3129
311
649
3274
4063
2017
19
762
2554
2475
198
-1194
-825
414
1035
-565
-1937
-2274
-1241
-1169
-2580
-3058
-2052
-1510
-2443
-3291
-3126
-2055
-2000
-2466
-2456
-2139
-1643
-1442
-1891
-1707
-1193
-633
-693
-1197
-1200
-860
-584
-553
-566
-580
-375
-145
-263
-428
-474
-170
128
138
-171
-357
-921
-1359
-845
-33
727
-685
-2489
-2247
-458
387
-1375
-3347
-2232
512
871
-1845
-4242
-2373
1363
1833
-1462
-3214
-642
3070
2523
-1022
-1711
1949
5328
3802
11
-387
3144
5699
4179
1432
1565
4189
5452
3636
1651
2017
4269
5149
3476
1471
1385
3051
3785
2454
693
758
2101
2500
733
-1127
-957
299
613
-763
-2251
-2248
-1568
-1510
-2458
-2955
-2436
-2072
-2528
-3311
-3273
-2744
-2593
-2880
-3155
-2988
-2795
-2705
-2608
-2442
-2281
-2305
-2176
-1880
-1416
-1262
-1371
-1432
-1162
-605
-193
-269
-575
-545
119
614
425
35
351
1081
1046
-100
-1227
-91
1887
2235
2
-1926
-816
1259
1225
-1010
-2322
-759
1413
939
-1501
-2814
-939
1829
1860
-575
-1857
-32
2713
2662
-75
-1301
1088
4180
3651
276
-911
2092
5131
4016
377
-401
2771
5127
2984
-452
-113
3498
4908
1656
-1560
-377
3307
3978
826
-1581
-34
2677
2355
-830
-2557
-609
1663
958
-1714
-2698
-1056
240
-618
-2204
-2415
-1189
-432
-1310
-2652
-2660
-1327
-568
-1469
-2450
-1929
-694
-568
-1566
-2027
-1037
39
-500
-1515
-1390
-185
312
-626
-1279
-641
373
275
-617
-784
-114
387
121
-333
-174
-29
-537
-1642
-1066
387
1264
-11
-2263
-2074
-458
500
-814
-2594
-2190
96
819
-1236
-3655
-3031
345
1868
-469
-3148
-2144
1572
2557
-537
-2654
-36
4198
4077
-195
-2274
1182
5241
4518
368
-909
2523
5532
3908
323
295
3851
5677
2992
-340
125
3572
5159
2809
65
372
2601
3167
1053
-656
62
1641
1590
-181
-1324
-504
488
4
-1388
-1956
-1191
-801
-1365
-2186
-2232
-1774
-1730
-2288
-2617
-2190
-1679
-1711
-2407
-2885
-2434
-1668
-1435
-1915
-2381
-2079
-1508
-1133
-1386
-1656
-1298
-598
-339
-664
-1009
-719
81
541
389
-86
-154
-224
-888
-792
463
1703
1070
-1119
-1849
-251
1298
283
-2060
-2257
123
1458
-389
-3215
-2760
707
2286
-167
-3184
-1919
1892
2894
-290
-2704
-252
3699
3695
-16
-1648
1459
4787
3899
445
-162
2975
5244
3433
373
766
3692
4914
2445
15
960
3524
3876
1378
-283
1038
2946
2516
132
-832
320
944
633
-625
-563
45
-18
-930
-2128
-1708
-526
-722
-2423
-2848
-2004
-1258
-2092
-3213
-2452
-1222
-1147
-1981
-2547
-1781
-881
-930
-1181
-1173
-754
-430
-420
-480
-369
-219
172
398
186
-282
-357
42
653
623
134
15
-81
-632
-1471
-784
1090
1870
-609
-3146
-2539
179
1020
-1619
-3862
-2706
126
138
-2793
-4640
-2461
775
524
-2684
-4125
-1410
1956
1268
-1915
-2527
738
3634
2200
-1057
-1084
2514
4813
2851
30
554
3858
5435
3239
752
1603
4599
5407
3035
697
1698
4279
4602
2126
207
1519
3707
3347
672
-689
698
2271
1404
-642
-1175
124
668
-647
-1810
-1339
-286
-726
-2001
-2621
-1971
-1439
-1798
-2156
-2140
-1720
-1900
-2371
-2435
-1861
-1232
-1344
-1839
-1923
-1375
-949
-931
-1110
-734
-70
54
-537
-1004
-541
428
631
21
-302
233
611
29
-1079
-1758
-640
520
503
-1172
-2782
-2049
-517
95
-1275
-3003
-2770
-1057
-168
-1452
-3265
-3186
-1011
439
-942
-2841
-2296
444
1853
-32
-1957
-701
2586
3706
1175
-807
981
4253
4551
1804
438
2601
5280
4425
1531
747
3154
5229
3718
881
539
2789
4219
2911
844
987
2564
2953
1484
-32
208
1546
1848
626
-482
-512
347
279
-558
-910
-656
-328
-837
-1587
-1649
-1120
-865
-1335
-1764
-1699
-1523
-1493
-1642
-1454
-1274
-1429
-1602
-1603
-1290
-1322
-1438
-1179
-856
-782
-1262
-1435
-1016
-716
-1071
-1482
-1080
-581
-512
-1207
-1362
-1738
-1825
-1477
-539
27
-1656
-3196
-2756
-840
-356
-2277
-4225
-2956
-677
-565
-2845
-4389
-2373
484
317
-2190
-3020
-557
2190
1370
-1166
-1123
2052
4240
2765
49
530
3816
5479
3540
1296
2088
4918
5642
3301
1606
2908
5379
5367
2820
1359
2685
4643
4453
2476
1443
2474
3867
3277
1410
353
1326
2601
1983
63
-892
-128
922
303
-1525
-2007
-1151
-326
-1223
-2798
-2797
-1618
-1033
-2079
-3377
-3148
-1923
-1584
-2611
-3467
-3026
-1921
-1800
-2628
-3142
-2647
-1747
-1555
-2212
-2804
-2302
-1611
-1460
-2020
-2397
-1659
-870
-934
-1526
-1827
-1128
-1301
-2202
-2351
-942
538
-737
-3012
-3025
-614
618
-1029
-3349
-2602
143
859
-1121
-2914
-1652
1124
1697
-187
-1561
-254
2433
2993
1085
-219
1150
3634
4212
2223
842
2401
4938
5089
2705
1291
3170
5586
5056
2397
1410
3659
5556
4198
1395
1077
3507
4967
3196
684
919
2857
3655
1820
-226
37
1759
2154
534
-1180
-831
752
680
-968
-2231
-1508
-272
-804
-2450
-2983
-1975
-1273
-2145
-3345
-3203
-2220
-2168
-3138
-3615
-2885
-2101
-2467
-3273
-3297
-2553
-2236
-2597
-2910
-2588
-2151
-2138
-2152
-1981
-1767
-1664
-1710
-1496
-1003
-1119
-1103
-1431
-1847
-1457
-709
237
-365
-1763
-2017
-764
455
-239
-2175
-2452
-296
1204
231
-2106
-2368
209
2054
922
-1365
-1114
2015
3746
1854
-608
384
3953
5433
2958
348
1659
5206
5936
3123
963
2856
5937
5419
2261
818
3301
5825
4469
1311
567
3196
4989
3287
598
542
2750
3529
1497
-710
-260
1681
1967
45
-1686
-1157
455
266
-1528
-2625
-1569
-314
-1187
-3097
-3704
-2272
-1190
-2071
-3571
-3673
-2502
-2084
-2996
-3899
-3451
-2492
-2440
-3268
-3573
-3020
-2228
-2053
-2528
-2751
-2628
-2169
-1892
-2005
-2206
-2065
-1612
-1094
-1142
-1309
-1415
-829
-589
-1145
-1323
-845
449
292
-1020
-1664
-715
504
207
-1303
-1683
-129
1073
449
-1353
-1543
497
2031
1156
-548
-235
2172
3333
1867
227
1350
4023
4761
2658
1128
2621
5030
5084
3000
2057
3638
5322
4512
2578
2347
4030
4840
3389
1619
1911
3529
3843
2372
965
1563
2606
2366
968
151
897
1461
850
-673
-1181
-388
100
-768
-2314
-2454
-1460
-1084
-2341
-3880
-3456
-2131
-1999
-3478
-4430
-3431
-2190
-2452
-3997
-4358
-3250
-2366
-2812
-3825
-3693
-2673
-2204
-2836
-3455
-3054
-2156
-1693
-2174
-2606
-2275
-1431
-905
-1216
-1493
-1263
-587
-253
-639
-1434
-1198
-92
930
650
-850
-1292
-150
1165
775
-607
-1025
464
1811
1337
-221
-622
1165
3008
2448
518
337
2737
4570
3182
716
939
4055
5639
3865
1399
2156
5012
5724
3555
1603
2694
5079
5019
2568
1121
2377
4219
3788
1636
649
1757
2921
2256
318
-304
631
1411
618
-1101
-1518
-641
-93
-841
-2122
-2292
-1511
-1439
-2396
-3236
-2816
-2136
-2443
-3485
-3753
-3176
-2850
-3243
-3806
-3627
-3162
-3159
-3498
-3618
-3163
-2711
-2680
-2824
-2780
-2332
-2024
-1940
-1863
-1554
-1020
-918
-1031
-1161
-749
-286
-136
-358
-487
-75
239
314
248
263
216
444
647
1186
1198
530
139
439
1064
1175
501
-235
353
1322
1607
718
-110
664
1991
2230
1228
454
1535
2944
2791
1429
1206
2951
4343
3551
1682
1670
3601
4562
3009
1268
1806
3807
3945
1907
440
1505
3415
3104
901
-301
874
2250
1700
-161
-701
356
1150
378
-1330
-1811
-834
4
-521
-1836
-2406
-1784
-1270
-1738
-2625
-2874
-2352
-2085
-2644
-3210
-3113
-2662
-2387
-2619
-2859
-2704
-2505
-2518
-2641
-2481
-1974
-1650
-1804
-2013
-1932
-1713
-1386
-1296
-1315
-1342
-1186
-882
-805
-666
-518
-258
-77
-155
-357
-158
222
465
114
-610
-418
259
1128
757
-120
-278
407
1194
759
-320
-458
781
1787
1222
-361
-640
1018
2574
1952
240
87
2148
3450
2179
477
1330
3979
4880
2788
812
1824
4202
4424
2423
1315
2575
4151
3355
1447
1189
2794
3819
2571
626
503
1905
2440
1388
168
260
985
700
-475
-1127
-678
4
-430
-1562
-1995
-1567
-1334
-2022
-2927
-2817
-2115
-2193
-3057
-3706
-3295
-2712
-2919
-3562
-3598
-3023
-2831
-3365
-3792
-3228
-2405
-2261
-2767
-2920
-2222
-1505
-1356
-1680
-1732
-1273
-910
-896
-1067
-941
-551
-292
-171
-211
-90
274
595
810
580
420
-4
234
960
1675
1741
785
346
906
1821
1873
1243
688
1171
1944
1940
1176
497
995
2177
2513
1659
802
1375
2655
2794
1681
1063
2118
3319
2958
1571
1261
2439
3408
2680
1168
860
2000
2768
2072
878
663
1518
1915
1100
146
189
927
1188
232
-852
-752
143
471
-465
-1635
-1587
-759
-758
-1714
-2441
-2095
-1601
-2010
-2803
-3037
-2486
-2266
-2777
-3252
-3060
-2684
-2718
-3034
-3051
-2687
-2442
-2412
-2466
-2251
-2083
-1875
-1655
-1389
-1153
-1139
-915
-531
-299
-288
-234
74
465
484
200
217
749
1341
1359
895
860
1280
1491
486
158
1097
2408
2276
139
-655
758
2510
1780
-573
-1332
720
2419
1349
-1160
-1731
753
2826
1651
-865
-1067
1662
3585
1800
-848
-369
2823
4386
2131
-540
404
3383
4149
1573
-309
1172
3847
3639
737
-638
1034
3199
2506
103
-727
834
2233
1250
-613
-901
520
1362
268
-1371
-1569
-376
218
-680
-1755
-1899
-1133
-1091
-2140
-2829
-2358
-1581
-1883
-2900
-3327
-2732
-2102
-2283
-2800
-2738
-2214
-1979
-2289
-2481
-2023
-1439
-1318
-1629
-1827
-1483
-963
-784
-853
-884
-662
-417
-320
-314
-334
-257
34
423
451
351
328
581
1004
910
746
441
497
854
1001
1151
896
548
439
600
814
853
509
379
765
1118
976
431
309
1118
1677
1309
688
897
1953
2131
1230
608
1510
2770
2711
1392
791
1649
2773
2652
1516
1054
1698
2341
1933
1005
618
1288
1927
1596
523
-107
326
1024
721
-515
-1120
-582
77
-468
-1790
-2125
-1269
-729
-1419
-2391
-2405
-1763
-1560
-2110
-2398
-2102
-1879
-2051
-2409
-2253
-1785
-1587
-1771
-2116
-2049
-1677
-1340
-1316
-1429
-1413
-1322
-1146
-974
-860
-710
-765
-838
-813
-649
-349
-309
-213
-200
-114
-166
-129
-75
233
408
351
-86
-615
12
790
1455
668
-439
-304
609
1064
389
-231
236
1486
1558
449
-460
153
1875
2266
1191
349
784
2166
2445
1470
962
2057
3315
3205
1734
869
1948
3496
3484
1983
1063
1851
3129
2747
1399
845
1801
2538
1601
169
16
1186
1672
683
-623
-712
122
300
-480
-1485
-1545
-1031
-1103
-1756
-2342
-2084
-1789
-2155
-2934
-3146
-2599
-2290
-2581
-3178
-3268
-2616
-2326
-2619
-3010
-2888
-2293
-2034
-2190
-2422
-2247
-1757
-1305
-1305
-1453
-1203
-951
-726
-693
-580
-255
116
329
239
175
363
831
1048
996
971
1087
1303
1353
1293
1292
1497
1680
1696
1207
1023
1378
2034
2304
1564
963
1201
2012
2274
1534
553
865
1805
1989
1076
-56
283
1400
1554
557
-312
291
1421
1222
32
-463
682
1814
1363
-222
-542
626
1513
926
-269
-303
605
918
88
-672
-265
631
530
-432
-1005
-580
54
-57
-621
-844
-684
-439
-474
-855
-849
-659
-649
-997
-1459
-1274
-821
-759
-1313
-1707
-1400
-968
-1126
-1717
-1768
-1100
-774
-1337
-2046
-1849
-917
-426
-931
-1607
-1419
-634
-378
-896
-1168
-722
-153
-70
-573
-816
-417
144
356
21
-411
-322
165
679
571
246
365
881
970
-40
-234
758
2209
1826
-258
-959
625
2573
2053
-130
-862
1023
2538
1577
-646
-900
1431
2910
1456
-785
-696
1814
3065
1359
-639
21
2558
3262
1226
-645
468
2795
2961
752
-614
781
2610
2013
-79
-803
805
2249
1237
-841
-1220
395
1511
544
-1255
-1424
-139
604
-294
-1744
-1704
-526
-43
-973
-2241
-2158
-1097
-726
-1697
-2670
-2294
-1420
-1559
-2731
-3037
-2126
-1330
-1826
-2902
-2803
-1699
-1117
-1795
-2425
-1825
-877
-873
-1516
-1487
-609
-20
-405
-808
-354
414
599
184
240
769
939
864
1019
1561
1873
1490
1259
1451
2025
2300
2150
2066
2007
1975
1959
2126
2108
1939
2074
2302
2203
1407
676
1019
1859
1966
695
-334
135
1173
1137
-216
-1021
-460
453
-4
-1238
-1449
-379
348
-382
-1587
-1538
-372
369
-363
-1439
-1383
-399
163
-469
-1170
-967
-83
269
-451
-1028
-602
255
371
-299
-796
-423
221
270
-153
-450
-270
2
-204
-673
-747
-438
-159
-542
-1043
-1035
-602
-420
-819
-1164
-1061
-631
-529
-993
-1163
-790
-421
-503
-840
-683
-231
51
-229
-544
-238
338
427
49
-97
124
474
407
212
428
910
1102
748
387
497
914
1243
1191
938
926
1101
1193
1050
856
1081
1106
992
629
470
839
896
620
194
182
360
202
-322
-470
-109
142
-378
-1249
-1279
-512
-261
-898
-1478
-1082
-312
-508
-1276
-1402
-383
520
205
-817
-979
-10
828
522
-186
-138
641
1134
638
-18
173
1133
1462
756
5
144
947
1312
805
82
153
733
936
417
-243
-130
220
233
-187
-682
-673
-469
-382
-532
-874
-1135
-1076
-957
-1047
-1106
-1216
-965
-791
-1045
-1231
-1089
-539
-328
-540
-822
-775
-288
-147
-297
-411
-160
171
249
100
-71
195
569
680
487
395
730
1091
1086
786
730
1134
1442
1238
793
938
999
777
541
758
1370
995
34
-303
320
843
172
-1041
-1024
-17
459
-578
-2051
-1909
-430
308
-774
-2125
-1804
-193
311
-1032
-2151
-1110
778
1049
-686
-1831
-513
1347
1324
-368
-993
518
1974
1342
-121
-119
1486
2287
1124
-199
118
1525
2009
988
16
354
1107
1187
331
-370
-38
550
517
-270
-895
-685
-104
-283
-1137
-1612
-1232
-603
-719
-1462
-1687
-1276
-927
-1091
-1440
-1275
-744
-632
-887
-856
-369
45
-54
-342
-139
195
267
199
288
722
845
668
586
910
1309
1402
1223
1182
1422
1488
1270
1059
1132
1337
1273
914
602
580
665
591
346
-35
-110
-141
-161
-512
-946
-963
-742
-654
-1122
-1703
-1659
-969
-702
-1227
-2099
-2220
-1448
-995
-1392
-1882
-1540
-696
-475
-1169
-1494
-663
408
566
-256
-665
103
1057
1129
418
235
935
1646
1476
803
827
1481
1962
1531
839
935
1555
1858
1301
607
597
1036
1187
762
335
362
619
626
256
4
53
217
107
-278
-473
-395
-95
-33
-398
-680
-572
-173
-172
-602
-862
-587
-122
-141
-613
-738
-156
374
133
-356
-287
419
839
399
-96
26
591
717
194
-266
-142
294
267
-175
-455
-307
-61
-281
-835
-1300
-1113
-595
-478
-901
-1547
-1645
-1132
-823
-1154
-1833
-1816
-1172
-930
-1467
-2261
-2095
-1164
-612
-991
-1562
-1251
-371
117
-263
-548
30
984
1357
910
609
1082
1998
2339
1929
1614
1906
2527
2591
1947
1560
1821
2441
2487
1668
1131
1383
1941
1814
895
363
753
1236
783
-168
-546
-91
349
-163
-970
-1221
-791
-631
-1122
-1561
-1420
-966
-1061
-1547
-1645
-1226
-799
-998
-1410
-1236
-650
-320
-624
-809
-401
183
306
-18
-17
550
1057
912
439
443
1031
1425
1146
703
640
924
1119
783
404
519
752
699
121
-340
-159
153
207
-321
-841
-865
-558
-432
-842
-1219
-1300
-1101
-1157
-1571
-1840
-1749
-1372
-1457
-2004
-2334
-2197
-1750
-1658
-1895
-1965
-1719
-1398
-1280
-1173
-957
-558
-164
-45
92
299
689
1161
1329
1322
1362
1673
1990
2054
1951
1976
2212
2334
2217
2072
2175
2281
2119
1836
1688
1767
1779
1545
1360
1332
1268
1118
825
675
658
577
393
113
36
1
-108
-154
-260
-262
-295
-439
-506
-556
-505
-478
-558
-659
-790
-739
-475
-337
-474
-566
-528
-323
-381
-557
-529
-326
-244
-526
-837
-763
-469
-460
-814
-1113
-1053
-903
-999
-1297
-1312
-1179
-1252
-1445
-1576
-1416
-1272
-1309
-1494
-1694
-1694
-1591
-1422
-1372
-1346
-1219
-1197
-1183
-1326
-1327
-996
-636
-549
-740
-710
-261
131
139
42
231
770
1184
1141
1002
1295
1834
2104
1938
1913
2331
2776
2846
2559
2534
2906
3102
2793
2347
2296
2523
2596
2228
1810
1743
1921
1970
1560
1105
908
905
897
493
56
-42
-63
-198
-475
-646
-691
-733
-908
-1027
-1146
-1179
-1160
-1298
-1388
-1420
-1170
-1072
-1169
-1345
-1300
-1034
-949
-1081
-1131
-872
-573
-590
-834
-890
-677
-394
-449
-688
-824
-670
-489
-643
-891
-969
-750
-647
-856
-1169
-1203
-806
-749
-1046
-1360
-1345
-920
-727
-1063
-1412
-1227
-768
-684
-1141
-1276
-717
-189
-392
-867
-844
-168
148
-211
-415
28
710
742
315
219
801
1391
1288
920
1005
1478
1808
1673
1461
1628
2076
2345
2167
1964
1971
2254
2417
2234
1924
1869
2133
2156
1767
1421
1481
1668
1543
1139
837
947
991
571
140
42
298
307
-184
-605
-553
-421
-555
-827
-887
-871
-1034
-1197
-1237
-1100
-1044
-1073
-1140
-1210
-1206
-1233
-1131
-1037
-1142
-1376
-1367
-1137
-1124
-1311
-1481
-1287
-1021
-1167
-1433
-1509
-1213
-1029
-1188
-1324
-1231
-855
-687
-830
-937
-751
-555
-490
-644
-739
-701
-521
-455
-547
-633
-667
-552
-519
-552
-609
-467
-294
-230
-365
-369
-43
311
395
254
242
511
801
975
1056
1101
1312
1456
1529
1564
1706
1966
2132
2185
2220
2358
2540
2536
2458
2455
2647
2721
2438
2198
2098
2327
2327
1935
1620
1599
1734
1531
1053
760
737
656
292
-231
-485
-415
-433
-813
-1205
-1270
-1117
-1194
-1596
-1814
-1690
-1467
-1656
-2078
-2187
-2019
-1832
-2090
-2405
-2399
-2132
-2049
-2266
-2398
-2245
-1909
-1900
-2164
-2202
-1906
-1556
-1462
-1618
-1625
-1324
-923
-814
-874
-814
-515
-188
-180
-338
-402
-83
239
185
-30
-87
203
487
446
299
310
477
573
510
496
706
914
944
956
960
1110
1254
1340
1392
1369
1424
1535
1515
1460
1454
1573
1633
1549
1419
1461
1695
1783
1656
1465
1464
1666
1731
1561
1352
1343
1522
1408
1155
1060
1203
1273
1121
852
691
715
593
365
89
-22
43
-18
-226
-573
-747
-647
-586
-809
-1264
-1531
-1420
-1192
-1453
-2009
-2197
-1945
-1758
-2057
-2512
-2493
-2096
-1879
-2179
-2519
-2397
-1992
-1699
-1888
-2077
-1892
-1521
-1247
-1315
-1455
-1279
-924
-674
-730
-815
-598
-214
-19
-67
-117
139
477
616
543
514
765
977
945
869
921
1111
1149
1031
1032
1189
1323
1171
972
988
1106
1137
1009
829
813
871
937
931
863
785
785
858
771
733
743
857
983
931
830
813
990
1179
1182
1056
1029
1159
1294
1363
1246
1078
1098
1155
1113
967
835
827
881
788
573
429
417
403
234
-139
-434
-522
-645
-867
-1118
-1253
-1346
-1523
-1722
-1877
-1952
-2001
-2154
-2229
-2264
-2307
-2482
-2632
-2522
-2345
-2358
-2508
-2496
-2283
-2088
-2049
-2020
-1821
-1572
-1425
-1385
-1299
-985
-671
-496
-427
-347
-154
122
291
400
507
666
860
958
1068
1107
1285
1409
1405
1317
1216
1374
1474
1399
1254
1224
1314
1276
1085
929
885
966
1030
1006
977
914
908
911
914
950
988
988
1033
1054
1088
1011
978
1144
1269
1214
1009
976
1156
1380
1354
1120
1062
1146
1256
1123
887
885
926
921
775
576
489
436
383
181
-100
-361
-533
-505
-557
-820
-1218
-1342
-1272
-1349
-1634
-2027
-2119
-2016
-2000
-2257
-2617
-2652
-2428
-2274
-2415
-2711
-2644
-2334
-2130
-2244
-2462
-2262
-1879
-1695
-1810
-1831
-1476
-1011
-865
-997
-917
-538
-160
-64
-19
187
493
712
721
791
1056
1347
1446
1345
1303
1439
1614
1651
1588
1544
1647
1685
1630
1506
1458
1493
1545
1429
1231
1152
1175
1132
954
773
790
902
837
687
578
655
728
624
445
406
489
544
473
432
446
503
623
677
664
584
499
473
575
615
559
539
556
574
497
362
442
509
415
174
-38
-38
-58
-297
-574
-730
-826
-976
-1246
-1407
-1438
-1565
-1782
-1957
-1989
-1946
-2062
-2194
-2164
-2024
-1962
-2112
-2185
-2046
-1810
-1748
-1889
-1937
-1674
-1288
-1172
-1292
-1299
-1054
-714
-533
-541
-479
-123
277
418
351
366
698
1072
1254
1125
1051
1299
1610
1717
1576
1505
1655
1824
1732
1462
1340
1401
1495
1395
1118
964
989
1076
1000
814
665
708
801
784
644
490
435
407
334
191
153
161
191
215
239
205
200
260
334
398
331
254
315
467
537
476
409
444
525
451
326
311
449
468
263
53
79
142
62
-188
-431
-461
-479
-582
-802
-943
-1025
-1110
-1260
-1488
-1620
-1698
-1685
-1654
-1724
-1915
-2002
-1941
-1833
-1820
-1910
-1855
-1719
-1591
-1546
-1487
-1309
-1038
-870
-924
-892
-638
-332
-254
-279
-131
98
291
365
433
656
882
985
956
990
1120
1241
1294
1311
1374
1390
1428
1417
1430
1436
1355
1292
1228
1151
1092
1054
1069
1084
951
814
798
790
672
505
406
439
488
378
193
120
159
283
243
71
-13
5
131
161
86
11
57
198
228
152
48
138
295
315
205
128
179
311
313
241
126
2
26
-53
-65
-216
-314
-389
-421
-457
-621
-752
-801
-821
-998
-1249
-1395
-1365
-1279
-1332
-1448
-1531
-1545
-1494
-1519
-1541
-1499
-1413
-1378
-1336
-1319
-1188
-1087
-1017
-901
-811
-713
-595
-458
-320
-148
-34
133
269
358
429
599
791
854
864
875
964
1006
1039
1112
1248
1322
1339
1234
1213
1262
1274
1202
1114
1131
1148
1077
912
852
864
855
691
532
493
479
466
408
333
311
323
284
223
162
153
149
181
205
147
141
196
246
223
140
80
198
287
218
132
99
180
207
49
-115
-133
-33
-128
-325
-462
-387
-266
-336
-578
-712
-675
-713
-778
-917
-961
-940
-900
-984
-1178
-1277
-1184
-1115
-1230
-1371
-1374
-1225
-1208
-1283
-1428
-1345
-1045
-928
-969
-989
-787
-567
-507
-608
-561
-413
-272
-166
-142
5
157
343
462
556
729
850
924
1041
1198
1279
1272
1236
1355
1398
1407
1357
1350
1419
1429
1424
1380
1347
1311
1276
1168
1056
974
850
726
600
502
455
433
331
223
128
50
-13
-77
-157
-262
-293
-271
-278
-307
-366
-365
-325
-344
-360
-423
-453
-435
-459
-422
-480
-465
-424
-441
-430
-470
-416
-435
-469
-471
-538
-486
-422
-449
-504
-496
-526
-554
-640
-742
-733
-725
-752
-799
-877
-886
-818
-779
-754
-769
-694
-686
-644
-640
-542
-432
-430
-403
-353
-252
-199
-185
-141
-22
87
119
132
221
379
487
486
477
544
629
655
674
729
899
1030
1030
1050
1028
1115
1118
1056
1013
975
961
949
979
962
945
920
896
886
815
692
626
611
630
549
358
239
227
227
88
-111
-174
-108
-38
-174
-329
-379
-336
-299
-452
-602
-572
-424
-383
-516
-642
-657
-572
-576
-655
-681
-662
-622
-651
-717
-747
-685
-616
-604
-626
-714
-650
-517
-512
-540
-587
-527
-465
-460
-454
-476
-412
-358
-392
-376
-339
-319
-306
-245
-199
-220
-203
-269
-214
-135
-106
-119
-129
-46
8
26
45
88
210
323
350
353
438
603
637
644
584
658
773
834
848
771
811
844
890
900
900
926
992
1033
945
885
850
922
939
838
711
645
642
615
523
409
389
386
293
97
-32
-85
-132
-239
-387
-473
-448
-448
-525
-612
-646
-626
-666
-743
-815
-897
-889
-842
-844
-842
-890
-894
-849
-846
-857
-903
-898
-846
-824
-800
-778
-729
-648
-526
-432
-350
-269
-191
-104
-3
46
64
102
112
154
154
117
113
135
149
151
175
182
182
165
185
145
121
105
54
119
135
116
113
140
189
188
196
244
374
407
364
386
486
602
571
560
569
683
751
739
756
756
785
742
689
655
677
688
664
662
677
642
578
504
449
457
410
291
169
100
106
98
19
-76
-151
-148
-168
-230
-284
-377
-452
-524
-592
-644
-743
-770
-813
-856
-872
-922
-988
-1022
-984
-968
-990
-989
-947
-899
-873
-848
-794
-701
-673
-668
-612
-480
-369
-329
-281
-194
-128
-34
32
113
199
221
292
388
443
487
480
449
468
501
497
484
519
554
543
509
491
502
484
422
359
308
301
250
173
161
111
61
-2
-14
75
112
98
47
48
119
134
134
115
116
184
216
232
219
175
140
113
81
87
101
126
171
233
259
222
193
170
200
250
238
175
103
103
59
14
-8
-12
-8
-83
-193
-198
-179
-212
-282
-357
-342
-312
-305
-353
-404
-438
-445
-436
-489
-480
-436
-407
-391
-363
-358
-324
-271
-233
-230
-184
-127
-62
-23
-126
-57
27
40
29
10
68
144
166
118
157
233
264
213
122
149
167
119
106
83
95
72
11
-18
-43
-40
-55
-76
-74
-76
-52
-59
-83
-58
-66
-25
-23
-18
15
45
100
89
75
60
126
209
337
364
329
400
420
486
550
587
584
577
593
605
579
539
471
466
511
461
318
216
204
205
181
71
-5
-4
-12
-88
-183
-242
-257
-269
-327
-383
-456
-475
-528
-602
-664
-713
-722
-712
-746
-767
-729
-687
-648
-657
-631
-563
-532
-555
-589
-553
-425
-336
-251
-231
-187
-24
85
102
67
87
158
187
156
92
166
272
298
187
125
215
304
359
300
261
305
343
348
234
181
234
261
245
174
113
137
224
261
209
158
213
258
280
306
266
270
341
365
390
376
381
408
416
406
372
385
393
400
428
372
294
276
197
179
134
79
36
-27
-26
-72
-115
-134
-135
-138
-154
-198
-234
-214
-236
-285
-375
-456
-500
-563
-581
-621
-644
-648
-691
-721
-773
-820
-809
-799
-808
-823
-811
-753
-657
-600
-597
-558
-506
-420
-328
-197
-103
-34
47
80
127
208
330
406
471
494
588
630
621
633
584
628
677
695
713
703
685
681
660
585
492
493
501
455
359
317
281
228
216
174
133
93
107
87
30
13
1
-31
-58
-99
-117
-118
-102
-61
-22
34
37
-3
15
1
41
8
-105
-95
-70
-59
-58
-126
-141
-43
-10
-46
-100
-86
-69
-63
-71
-90
-92
-139
-224
-279
-307
-345
-385
-410
-405
-455
-503
-564
-629
-616
-556
-495
-534
-564
-545
-469
-393
-405
-403
-371
-276
-264
-262
-215
-133
-26
-8
3
60
184
252
283
278
326
383
371
343
369
480
530
493
465
456
558
636
547
433
415
427
410
362
321
278
289
299
220
156
136
171
187
142
91
95
108
100
93
117
206
287
274
232
234
278
279
245
215
230
265
274
275
260
293
281
214
169
119
76
-1
-61
-163
-179
-182
-280
-325
-339
-323
-352
-448
-487
-512
-536
-560
-578
-594
-590
-608
-650
-657
-653
-673
-738
-758
-738
-731
-747
-758
-769
-669
-583
-557
-523
-447
-326
-293
-259
-183
-72
67
141
183
223
290
386
448
509
525
565
626
687
682
602
548
588
631
614
599
592
628
646
661
651
622
615
558
480
377
293
274
265
214
176
147
52
10
53
22
-56
-71
-76
-53
-76
-127
-112
-104
-72
-120
-164
-132
-94
-21
-82
-149
-163
-200
-205
-290
-322
-354
-387
-416
-476
-481
-455
-429
-470
-501
-495
-457
-458
-465
-431
-351
-307
-310
-329
-333
-240
-179
-224
-275
-258
-159
-57
-35
-6
36
92
144
161
142
159
269
314
277
200
162
197
219
259
222
204
230
276
287
245
310
381
389
371
359
382
415
441
445
443
445
448
451
480
487
471
446
406
358
299
249
256
289
268
244
201
161
127
47
-17
-39
-15
-37
-131
-173
-168
-168
-235
-254
-320
-325
-290
-303
-305
-325
-307
-336
-378
-420
-405
-355
-349
-340
-365
-398
-404
-433
-467
-477
-457
-467
-515
-503
-497
-495
-510
-523
-502
-501
-488
-430
-404
-351
-272
-224
-244
-263
-213
-128
-41
-75
-94
-61
37
106
150
183
252
345
361
392
434
498
528
546
561
563
567
575
605
585
599
593
613
614
580
544
491
463
421
417
346
303
257
241
235
214
214
185
192
119
89
30
-55
-88
-99
-72
-57
-90
-110
-148
-202
-235
-279
-292
-330
-302
-263
-268
-241
-236
-249
-262
-272
-273
-247
-233
-242
-223
-234
-236
-239
-214
-192
-196
-185
-180
-175
-171
-181
-217
-225
-241
-243
-251
-292
-291
-245
-236
-250
-224
-195
-143
-123
-151
-138
-97
-80
-86
-52
9
49
59
75
130
187
213
187
198
242
298
282
265
274
354
405
394
394
421
465
503
478
409
365
353
384
341
335
342
373
360
374
357
338
329
265
216
222
224
234
170
80
19
25
52
16
-65
-77
-93
-128
-158
-229
-255
-257
-251
-342
-404
-422
-415
-412
-493
-535
-525
-502
-487
-508
-549
-521
-483
-479
-474
-454
-402
-382
-381
-372
-386
-362
-349
-316
-322
-276
-175
-130
-128
-123
-76
23
82
64
85
107
175
208
235
295
361
403
401
390
421
452
469
484
427
393
405
403
392
398
432
456
438
406
380
397
398
368
285
235
255
272
222
150
114
106
117
85
48
59
61
30
-39
-55
-67
-55
-100
-132
-141
-172
-169
-193
-269
-303
-317
-332
-359
-386
-392
-381
-367
-364
-409
-449
-457
-460
-429
-423
-413
-343
-302
-279
-273
-256
-195
-157
-110
-83
-92
-65
-26
5
24
27
71
108
158
191
191
233
257
253
246
258
281
299
309
313
265
221
178
152
145
107
94
59
64
46
-16
-41
-94
-104
-112
-121
-87
-77
-57
-58
-70
-54
-67
-58
-38
-27
11
-26
-43
6
32
51
41
60
64
80
117
95
104
83
90
88
63
53
57
78
52
48
53
72
62
84
115
122
169
153
155
170
165
161
146
144
138
113
93
107
125
106
49
-11
-48
-60
-97
-137
-175
-172
-230
-280
-286
-265
-218
-213
-233
-229
-165
-120
-98
-171
-187
-164
-148
-142
-182
-189
-169
-145
-163
-154
-159
-100
-76
-50
-49
-48
14
36
62
47
34
26
30
18
-24
-4
46
93
92
75
54
72
84
71
88
116
186
228
251
274
291
280
284
292
257
284
277
259
235
209
212
190
200
172
161
157
141
96
57
59
42
4
4
11
19
16
7
-65
-99
-90
-116
-113
-127
-158
-142
-135
-98
-94
-103
-111
-158
-199
-243
-230
-234
-213
-201
-189
-171
-141
-163
-176
-189
-227
-220
-228
-226
-217
-170
-132
-119
-101
-81
-49
-62
-107
-71
-73
-97
-110
-133
-135
-143
-151
-181
-190
-156
-146
-144
-123
-83
-31
-21
-28
-4
23
84
111
76
46
62
101
158
152
150
226
265
303
307
304
324
357
360
320
297
301
311
358
344
322
305
269
285
286
274
274
252
252
288
257
228
171
113
92
34
2
-40
-52
-51
-44
-50
-82
-85
-84
-93
-103
-163
-209
-221
-287
-320
-337
-377
-404
-406
-419
-394
-331
-283
-234
-219
-222
-185
-131
-126
-164
-165
-146
-126
-94
-109
-99
-48
-36
-46
-46
-32
-29
-55
-68
-93
-91
-93
-117
-118
-128
-139
-123
-164
-221
-212
-213
-179
-181
-172
-159
-133
-91
-42
-42
-27
19
75
127
133
142
174
221
256
292
331
368
368
408
412
412
425
418
421
409
388
398
402
415
436
412
419
444
443
413
387
372
329
276
208
180
167
128
61
8
-24
-60
-66
-113
-145
-164
-204
-252
-288
-317
-304
-283
-280
-265
-285
-284
-278
-271
-274
-257
-242
-243
-266
-288
-268
-266
-266
-287
-301
-319
-309
-312
-331
-317
-283
-248
-216
-218
-223
-246
-266
-245
-238
-222
-214
-194
-140
-99
-124
-133
-145
-109
-93
-96
-82
-84
-73
-42
7
33
67
101
146
168
178
226
256
288
320
337
350
377
406
427
430
452
485
506
507
472
469
469
495
491
471
492
480
457
377
331
314
284
248
205
159
119
102
63
0
-64
-77
-77
-107
-132
-186
-172
-157
-144
-137
-161
-148
-178
-195
-218
-229
-240
-255
-285
-290
-306
-279
-276
-296
-306
-301
-241
-270
-307
-342
-358
-347
-348
-348
-357
-363
-362
-348
-333
-365
-371
-370
-346
-335
-342
-306
-311
-280
-254
-216
-160
-107
-66
-32
1
38
78
103
124
180
248
259
262
282
298
317
330
339
340
342
370
381
378
400
426
423
438
418
416
436
407
414
413
387
384
354
346
322
303
309
257
193
176
161
154
99
26
15
-2
-21
-58
-108
-126
-150
-197
-221
-260
-301
-318
-343
-374
-370
-372
-384
-345
-334
-350
-363
-352
-333
-340
-306
-283
-295
-287
-243
-187
-191
-153
-116
-122
-131
-156
-165
-171
-161
-143
-142
-120
-107
-37
-3
12
7
-15
1
9
10
12
45
57
70
49
29
33
50
64
60
62
87
109
129
134
139
177
194
185
195
224
252
263
308
338
337
346
338
317
331
350
384
404
391
394
393
365
337
292
232
185
143
120
117
74
64
18
5
-20
-83
-74
-84
-110
-135
-170
-161
-195
-227
-239
-259
-294
-336
-341
-299
-274
-277
-224
-222
-213
-196
-227
-233
-226
-215
-198
-162
-134
-129
-124
-122
-122
-127
-128
-120
-123
-128
-127
-108
-100
-103
-103
-99
-98
-87
-117
-129
-123
-125
-87
-76
-69
-75
-45
-28
-51
-72
-80
-84
-95
-93
-114
-101
-107
-76
-35
-9
44
53
107
133
157
186
223
276
250
249
288
310
331
364
352
388
386
412
411
391
409
418
430
395
389
364
332
296
262
260
231
201
149
97
79
80
61
34
-7
-24
-26
-41
-9
-15
-10
-28
-73
-105
-173
-203
-246
-267
-267
-267
-268
-302
-313
-341
-334
-360
-396
-401
-424
-414
-411
-402
-374
-356
-310
-290
-293
-271
-223
-187
-181
-175
-184
-158
-134
-148
-166
-171
-143
-119
-112
-103
-66
-1
74
95
84
72
110
118
119
121
124
160
208
217
205
190
192
192
163
149
171
215
219
222
207
199
227
230
260
272
279
281
239
196
167
149
134
118
106
100
112
146
146
134
126
140
134
110
119
123
154
164
160
154
157
173
164
128
78
54
36
8
-26
-91
-94
-124
-206
-219
-303
-329
-348
-393
-416
-395
-390
-410
-402
-420
-412
-394
-366
-375
-367
-350
-300
-286
-306
-296
-275
-225
-200
-174
-140
-119
-64
-31
-8
-4
36
66
95
135
145
157
187
208
172
147
150
161
159
154
125
120
113
114
96
95
119
149
120
115
116
104
125
128
139
145
170
179
187
212
244
275
257
218
245
237
256
291
293
303
312
321
260
247
209
158
140
117
90
105
104
62
40
11
25
31
16
-1
-37
-62
-48
-81
-121
-141
-129
-171
-201
-228
-258
-264
-297
-331
-350
-346
-310
-302
-284
-255
-228
-202
-204
-209
-196
-221
-227
-248
-273
-280
-323
-323
-335
-323
-286
-250
-226
-212
-160
-150
-173
-170
-184
-169
-156
-132
-126
-94
-66
-35
12
50
123
183
201
220
221
234
264
245
268
256
278
301
284
306
318
371
394
398
394
376
401
388
391
358
348
350
356
329
298
296
295
280
243
208
180
155
113
103
79
82
78
45
41
28
24
22
-2
-45
-80
-89
-109
-126
-178
-213
-252
-272
-292
-306
-339
-355
-370
-387
-378
-395
-399
-412
-418
-431
-418
-407
-400
-376
-374
-340
-314
-288
-256
-236
-230
-235
-214
-203
-189
-123
-89
-46
-7
-11
2
30
33
37
71
121
139
128
139
148
150
179
177
182
196
234
266
273
293
320
332
337
364
343
332
307
274
251
270
272
262
273
293
276
252
253
182
153
150
115
100
67
73
53
16
-33
-86
-115
-141
-129
-124
-115
-110
-80
-77
-78
-83
-75
-84
-71
-63
-76
-67
-9
10
10
1
-13
0
-26
-56
-76
-91
-93
-147
-188
-207
-226
-220
-226
-241
-249
-252
-247
-258
-235
-209
-194
-193
-214
-225
-242
-246
-241
-255
-230
-201
-167
-161
-156
-147
-139
-120
-118
-123
-133
-111
-108
-80
-44
-15
26
48
72
90
114
144
171
184
200
234
255
269
277
302
323
361
391
430
439
420
422
400
394
360
352
346
320
267
231
219
184
156
146
128
88
73
72
50
27
0
-8
-23
-37
-24
-28
-19
-22
-33
-57
-67
-67
-73
-70
-97
-101
-115
-122
-129
-151
-148
-125
-128
-122
-127
-150
-163
-162
-181
-194
-216
-238
-221
-216
-217
-224
-231
-232
-226
-235
-220
-191
-177
-157
-160
-149
-132
-85
-53
-30
-22
-1
51
49
33
-14
-40
-41
-34
-39
-26
4
6
42
63
64
100
155
198
199
214
211
244
253
226
229
218
206
188
156
127
157
144
129
105
64
66
49
38
13
6
-8
-45
-68
-43
-51
-40
-49
-74
-65
-95
-116
-115
-104
-76
-52
-52
-21
-33
-43
-30
-50
-47
-57
-39
-32
-31
-26
-37
-16
-5
-20
-19
-13
-21
-22
-23
-24
-38
-52
-57
-55
-48
-31
-33
-21
-36
-50
-76
-92
-61
-68
-46
-21
-8
8
39
47
24
32
7
-43
-39
-11
6
23
29
4
7
14
29
20
35
28
40
57
69
76
71
86
76
79
93
141
179
214
216
236
255
232
214
180
170
161
146
98
79
66
88
113
113
83
49
58
46
29
-21
-27
-20
16
-3
-36
-44
-27
-54
-78
-107
-178
-198
-241
-227
-243
-236
-229
-215
-200
-186
-188
-192
-199
-226
-206
-211
-194
-166
-156
-163
-158
-157
-146
-154
-172
-151
-136
-113
-71
-54
-6
5
5
10
30
85
103
77
17
19
30
53
74
69
73
99
113
112
105
105
113
123
117
95
106
84
49
42
56
39
46
70
41
30
47
19
6
-13
-35
-18
10
14
35
53
33
42
28
5
4
44
64
43
79
98
137
142
142
174
174
198
184
163
141
104
73
33
14
13
33
35
22
-1
-21
-47
-63
-90
-125
-132
-169
-156
-139
-137
-113
-95
-84
-100
-97
-105
-103
-114
-135
-139
-160
-149
-127
-125
-120
-88
-55
-28
10
32
45
45
65
67
60
57
38
57
29
27
23
25
29
0
17
6
22
58
73
78
96
102
121
129
140
148
145
158
137
127
119
111
114
109
135
142
167
209
231
222
184
163
138
118
103
91
64
8
-35
-83
-73
-101
-132
-148
-176
-177
-189
-174
-162
-165
-176
-188
-220
-250
-288
-326
-334
-340
-302
-260
-262
-251
-229
-224
-208
-164
-133
-107
-120
-93
-80
-79
-45
-47
-39
-51
-34
-18
-6
1
-4
-4
-16
0
45
57
75
93
85
106
103
107
160
198
211
194
203
222
200
201
223
253
277
270
266
249
226
234
228
190
180
152
160
146
117
124
107
71
52
43
31
13
-7
0
-49
-88
-94
-131
-133
-131
-142
-161
-164
-151
-170
-166
-142
-136
-124
-115
-106
-67
-58
-37
-11
-45
-39
-41
-18
-10
8
42
27
38
36
45
26
13
14
64
87
68
80
56
56
59
42
2
-20
-51
-68
-68
-79
-68
-64
-71
-79
-102
-133
-171
-211
-189
-169
-169
-173
-185
-186
-178
-175
-177
-202
-218
-213
-192
-173
-156
-150
-133
-81
-67
-51
-57
-11
50
88
109
98
114
131
163
196
200
209
242
224
236
249
274
305
303
300
273
287
287
289
288
313
320
312
263
247
214
157
168
171
121
74
42
12
15
-14
-43
-87
-124
-152
-148
-145
-172
-210
-250
-289
-294
-279
-284
-237
-222
-207
-189
-222
-222
-265
-246
-204
-204
-204
-194
-203
-201
-178
-149
-94
-96
-147
-169
-172
-129
-94
-51
3
25
39
32
28
43
83
94
114
81
85
66
12
49
62
91
119
138
129
149
178
174
155
167
142
118
131
120
138
137
139
118
154
161
147
140
121
144
125
125
96
104
90
83
98
107
74
76
91
54
86
66
72
47
64
79
84
111
33
31
-12
2
18
25
48
20
1
-37
-47
-75
-51
-47
-19
-6
-71
-69
-130
-137
-158
-213
-212
-218
-212
-205
-180
-172
-178
-158
-166
-185
-158
-170
-152
-140
-109
-112
-90
-135
-186
-120
-190
-92
-138
-85
-74
-161
-50
-152
-117
-89
-109
-68
-41
-54
-45
-41
-30
-16
-21
5
49
61
114
136
154
164
80
157
142
166
189
191
226
105
139
107
60
107
69
92
102
101
86
95
98
79
64
46
61
23
48
90
87
113
85
78
86
86
106
91
95
100
82
97
91
73
28
26
18
11
28
18
33
14
-41
-71
-81
-75
-74
-100
-132
-141
-126
-81
-91
-84
-84
-92
-123
-127
-111
-42
-19
18
49
18
-4
-68
-48
-25
-1
18
-32
-62
-105
-107
-118
-146
-117
-92
-98
-108
-81
-109
-81
-46
-19
-34
-49
7
25
1
-17
-27
-26
-23
-35
-28
-18
-32
-60
-60
-57
-85
-29
24
49
106
121
115
91
59
62
166
163
179
208
168
125
107
66
44
97
117
137
123
160
167
207
194
179
147
91
61
11
35
10
41
21
-16
-34
-66
-38
-33
-6
3
-10
-51
-106
-91
-66
-51
-37
-27
-60
-104
-49
-33
9
16
-14
-12
-62
-103
-104
-95
-101
-103
-121
-114
-171
-206
-215
-245
-240
-207
-241
-211
-206
-183
-104
-129
-63
-23
-15
66
26
18
7
-67
-60
-83
-44
-4
-27
-21
-33
-16
56
102
136
166
159
204
189
201
207
189
236
196
179
163
133
177
196
171
162
90
71
74
72
74
57
59
25
49
111
86
138
151
136
148
142
170
171
171
132
54
-7
-48
-96
-72
-97
-87
-99
-128
-178
-225
-206
-189
-165
-174
-219
-239
-212
-172
-94
-98
-113
-143
-209
-245
-230
-216
-154
-105
-117
-71
-80
-77
-74
-21
18
18
46
38
78
76
89
90
92
65
12
25
40
43
52
58
37
-1
-29
-20
-12
-10
-11
20
8
-14
-26
-32
-7
13
23
11
-33
-17
11
30
57
31
18
24
58
86
125
114
113
85
88
92
77
73
65
69
61
100
104
99
85
81
82
61
112
95
71
55
52
59
38
28
68
63
32
82
68
45
44
3
-73
-115
-104
-128
-143
-178
-194
-174
-147
-119
-100
-96
-71
-57
-78
-115
-98
-71
-79
-43
-21
-15
-16
-24
-36
-59
-44
-36
-33
-32
-55
-64
-94
-118
-82
-89
-67
-32
-47
-18
-30
-21
0
-17
25
60
54
104
88
62
29
-30
-3
3
42
63
75
71
63
55
89
86
83
60
21
24
10
70
52
70
54
55
30
53
72
79
127
78
100
100
83
96
119
132
171
195
213
229
195
203
173
155
121
76
82
42
-3
-15
-59
-71
-87
-148
-147
-173
-216
-215
-209
-190
-185
-166
-135
-126
-133
-159
-228
-258
-250
-207
-181
-178
-155
-165
-170
-141
-182
-167
-185
-189
-138
-114
-66
-52
-49
-67
-62
-126
-108
-75
-61
-23
12
42
54
65
59
78
93
111
141
209
226
160
141
142
145
154
197
201
198
218
249
241
220
187
167
143
88
84
89
111
125
123
111
142
111
92
108
75
55
20
3
-19
-10
2
25
-14
-12
-4
-26
8
27
-16
-33
-54
-123
-152
-144
-78
-54
-4
-4
-70
-120
-166
-188
-200
-215
-219
-211
-229
-205
-229
-201
-153
-149
-142
-149
-120
-85
-43
-14
-22
-57
-58
-30
-18
-19
24
15
14
-12
-7
44
38
47
69
112
110
121
118
102
133
133
105
67
63
67
93
102
145
129
118
101
61
64
38
40
37
26
45
72
81
98
47
26
24
9
12
12
3
10
63
72
90
59
53
65
48
91
89
121
130
79
22
-46
-59
-87
-66
-9
-3
11
7
-30
-51
-87
-119
-100
-107
-116
-108
-97
-69
-84
-82
-42
-71
-89
-120
-169
-145
-118
-122
-146
-167
-181
-202
-194
-170
-151
-150
-167
-148
-126
-94
-51
-24
-27
17
6
38
62
50
33
-10
15
26
23
31
59
90
100
76
64
56
67
119
138
135
152
127
108
89
81
84
110
124
126
120
128
142
107
64
53
75
89
108
170
185
148
173
180
161
105
91
116
116
152
168
156
121
99
70
35
22
14
28
1
-41
-125
-184
-222
-215
-140
-144
-169
-162
-184
-181
-175
-175
-114
-103
-106
-126
-152
-206
-223
-221
-232
-249
-251
-227
-194
-143
-161
-161
-128
-118
-57
1
34
76
98
77
67
61
82
109
119
146
99
53
10
-63
-55
-59
-63
-46
-44
-21
19
51
79
68
89
80
100
159
173
164
174
147
128
114
68
32
2
16
-15
-14
-52
-42
-26
-38
-51
-40
-27
14
44
81
97
74
69
74
75
46
56
26
18
-25
-51
-51
-37
-19
-44
-42
-42
-11
-31
24
83
105
145
169
149
133
122
117
168
124
94
28
21
9
-6
-22
-86
-97
-118
-159
-156
-161
-170
-157
-160
-133
-156
-179
-168
-184
-141
-134
-119
-69
-38
-56
-31
-8
-52
-91
-131
-137
-107
-80
-56
-30
-20
21
35
42
73
94
111
80
85
53
8
3
19
38
65
65
15
7
-2
61
120
166
161
134
102
72
74
46
40
38
54
41
56
47
22
-16
-31
-20
-10
35
84
120
125
93
72
64
44
51
62
98
130
177
191
193
177
128
106
101
89
90
92
55
56
31
47
27
-31
13
-3
-37
-59
-95
-137
-160
-165
-163
-141
-121
-106
-124
-98
-64
-107
-98
-141
-144
-137
-104
-54
-57
-52
-106
-123
-122
-136
-118
-90
-82
-85
-127
-147
-130
-98
-78
-80
-78
-62
-59
-42
-14
-21
0
-11
-33
-53
-28
19
11
18
0
-22
16
-9
-42
-20
-38
-38
-52
-13
30
39
74
75
49
59
54
80
87
70
80
107
156
191
184
172
154
107
73
48
55
53
37
46
45
27
-6
-27
-35
-17
-35
-29
-53
-73
-54
-38
2
14
29
36
39
32
10
-29
-36
-70
-89
-87
-111
-102
-88
-62
-30
-26
-41
-42
-80
-87
-94
-62
0
-31
-48
-55
-32
-25
-4
11
2
-1
-12
-20
2
11
32
33
65
94
148
201
200
206
176
127
102
98
127
139
157
192
156
165
155
140
159
149
141
149
144
127
86
58
48
12
-22
-57
-80
-69
-60
-14
14
29
43
14
-15
-40
-103
-122
-150
-156
-150
-147
-132
-120
-128
-140
-150
-176
-204
-232
-246
-252
-279
-284
-263
-251
-196
-185
-160
-143
-147
-128
-143
-129
-121
-139
-121
-106
-69
-54
-39
1
-1
39
90
93
105
124
118
103
86
101
140
170
201
233
213
208
205
193
186
155
153
133
112
124
144
160
143
143
141
110
108
73
59
35
12
25
16
27
41
54
49
50
23
-23
-43
-75
-51
-41
-25
21
44
49
44
61
40
24
17
-22
-20
-21
-17
-28
