-19
-18
-14
-11
-11
-11
-11
-11
-9
-7
-4
2
4
3
5
10
13
16
18
19
23
26
29
32
36
36
32
29
27
24
23
20
18
16
10
9
8
4
1
-3
-7
-10
-17
-20
-19
-27
-26
-28
-32
-29
-32
-35
-37
-36
-37
-34
-31
-29
-25
-23
-18
-12
-15
-11
-6
-5
3
3
5
9
18
17
20
21
26
27
26
28
29
34
34
36
34
33
33
27
25
20
24
22
14
14
5
6
4
0
1
-6
-7
-2
-6
-2
0
-3
-5
-5
-13
-16
-9
-9
-4
-1
-4
-3
-1
1
3
5
9
10
5
1
-5
-5
-9
-8
-8
-10
-2
-11
-9
-12
-11
-12
-9
-6
-14
-10
-11
-10
-12
-9
-9
-12
-13
-15
-8
-13
-11
-20
-20
-21
-25
-24
-18
-20
-19
-21
-22
-19
-17
-15
-18
-10
-9
-7
-3
-2
-2
-1
5
5
5
5
14
17
14
21
25
21
24
26
29
37
36
32
38
43
45
47
51
53
50
48
47
46
45
45
39
29
30
28
24
23
14
9
8
7
3
4
2
-5
-9
-17
-16
-24
-27
-29
-28
-29
-29
-32
-35
-42
-47
-49
-50
-49
-50
-47
-47
-50
-46
-45
-42
-39
-44
-37
-27
-23
-25
-19
-13
-4
1
1
1
1
5
2
3
13
16
19
28
28
30
30
28
30
37
33
31
34
35
32
28
23
11
16
14
15
15
10
2
-8
-5
-16
-17
-16
-24
-18
-10
-12
-8
-6
-12
-14
-16
-18
-29
-27
-21
-20
-24
-20
-11
-15
-21
-20
-12
-19
-16
-17
-18
-8
-4
-3
-4
-2
10
10
5
8
9
15
17
11
4
13
28
34
35
30
35
36
22
17
32
37
23
21
18
19
20
15
16
17
20
20
15
10
13
16
18
16
22
29
-25
-87
-116
-29
-27
-32
-29
58
106
99
107
100
87
48
34
-19
-37
-32
-39
-69
-46
-66
-123
-203
-166
-140
-124
-97
-19
47
79
166
171
151
154
177
90
-17
-21
-2
-53
-87
-62
-44
-63
-60
-65
-50
-9
-9
-82
-132
-77
-56
-110
-141
-89
-72
-95
-69
4
53
78
87
73
53
70
44
-7
-2
37
9
-39
-29
19
22
-23
-47
-73
-81
-84
-93
-116
-85
-21
23
47
121
192
186
159
151
136
97
73
13
-35
-36
-3
-25
-48
-23
2
-26
-23
12
15
4
4
9
13
32
43
68
66
72
86
84
80
73
65
59
25
-26
-15
-3
-2
-22
-13
-16
-21
14
34
6
-8
17
-6
-41
-43
-6
-16
-3
50
84
65
59
38
-12
-28
-19
-61
-97
-82
-45
-108
-113
-56
-39
-88
-95
-43
-77
-106
-116
-102
-161
-133
-123
-125
-110
-53
-31
-60
-42
3
-22
-55
-23
-32
-34
-28
9
14
30
66
69
49
73
119
148
135
160
180
195
230
238
235
238
248
233
223
201
160
80
-1
-16
-6
-27
-16
17
63
70
79
105
128
115
60
26
1
2
-6
-8
-16
-9
-18
-72
-94
-120
-165
-203
-268
-300
-312
-309
-291
-268
-203
-136
-58
-22
34
78
91
46
51
-1
-56
-125
-217
-344
-464
-660
-1041
-1448
-1678
-1542
-1309
-1041
-727
-211
365
849
1121
1311
1418
1418
1262
997
749
568
403
256
214
252
332
301
314
334
317
253
74
-151
-280
-379
-471
-431
-137
217
514
739
982
1232
1346
1292
1112
907
658
406
190
174
268
273
142
67
140
185
-39
-418
-750
-1025
-1237
-1449
-1491
-1350
-1090
-849
-565
-88
416
687
643
541
443
311
27
-259
-493
-638
-725
-773
-766
-638
-583
-686
-822
-815
-725
-805
-1211
-2199
-3261
-3808
-3460
-2834
-2128
-1452
-332
938
2147
2935
3165
3082
2832
2434
1661
865
366
364
632
986
1308
1593
1996
2346
2235
1748
1189
855
303
-544
-1263
-1637
-1395
-741
4
637
1261
1960
2524
2933
3152
2953
2492
1734
893
361
344
522
423
-16
-252
-81
202
108
-493
-1253
-1927
-2529
-2975
-3042
-2771
-2384
-2056
-1569
-742
170
736
810
538
167
-204
-390
-652
-952
-1379
-1598
-1548
-1238
-757
-505
-611
-962
-1290
-1508
-1455
-1327
-1368
-1412
-1224
-706
-56
631
1258
1741
1827
1780
1633
507
-1830
-4662
-5733
-5705
-5272
-5198
-4347
-2444
83
2454
3643
4483
5082
5586
4937
3515
2179
1465
1252
1311
1231
1303
1625
2369
2905
2842
2329
1667
728
-574
-1775
-2787
-3272
-2934
-2079
-1166
-254
1020
2526
3645
4278
4251
3735
2913
2092
1043
269
243
571
465
185
489
1228
1659
1123
146
-1063
-2096
-2996
-3883
-4413
-4328
-3758
-3212
-2415
-1009
503
1389
1439
1336
1023
627
177
-305
-840
-1097
-977
-723
-210
487
803
493
17
-481
-998
-1800
-2539
-3225
-3542
-3486
-2907
-2020
-1015
100
949
1423
1905
2293
2271
1775
1026
233
-771
-2330
-4079
-5004
-4569
-3775
-3122
-2563
-1267
458
1852
2584
2641
2862
2930
2897
2324
1753
1586
1673
1913
2126
2353
2378
2106
1844
1558
1279
904
408
-351
-1235
-1649
-1650
-1173
-518
232
712
994
1509
2281
2903
2990
2632
2266
2018
1749
1499
1449
1608
1501
927
399
368
391
-80
-1095
-2036
-2665
-3094
-3525
-3813
-3576
-3050
-2469
-1831
-932
147
942
1224
1217
1421
1595
1512
1077
545
275
119
-117
-423
-667
-1044
-1658
-2364
-2835
-3074
-3244
-3481
-3766
-3691
-2997
-2050
-1225
-343
676
1667
1994
1491
70
-1504
-2575
-3250
-3774
-4121
-3650
-2475
-950
490
1721
2637
3225
3573
3391
2700
1999
1462
1274
1429
1770
2124
2627
3352
4106
4427
4322
3890
3135
1884
268
-1224
-2263
-2457
-2198
-1804
-1296
-299
1169
2495
3370
3710
3632
3237
2591
1931
1483
1409
1456
1095
820
1145
1621
1629
914
-126
-1324
-2659
-3950
-5026
-5629
-5800
-5543
-4917
-3727
-2027
-467
474
1021
1566
1723
1338
673
0
-537
-1024
-1225
-1018
-512
25
123
-301
-655
-923
-1425
-2286
-3053
-3354
-3553
-3440
-2908
-2065
-1153
-58
847
1536
2111
2517
2390
1869
1353
918
626
269
109
-628
-2085
-3705
-4006
-3550
-3262
-3150
-2704
-1277
244
1741
2680
3572
4416
5103
5148
4657
4352
3925
3195
2434
1953
1655
1279
924
637
423
552
670
514
42
-300
-652
-1198
-1161
-690
-173
-29
141
792
1669
2473
2852
2938
2645
2121
1392
764
574
351
-537
-1805
-2260
-1877
-1477
-1653
-2251
-2681
-3019
-3180
-3403
-3468
-3075
-2698
-2494
-1981
-704
747
1731
1943
1915
1920
1916
1619
846
-69
-784
-1304
-1662
-1703
-1316
-975
-1100
-1377
-1388
-1127
-879
-1025
-1272
-1391
-1274
-877
-189
525
1173
1637
1788
1835
1867
2013
1879
1435
287
-787
-1730
-1963
-2760
-3599
-4297
-3864
-3141
-2458
-1474
-295
862
1512
2075
2525
2855
2907
2812
2370
2016
1941
2166
2139
2234
2025
1706
1383
1434
1558
1236
586
-160
-549
-721
-863
-1191
-1254
-839
-525
-524
132
1432
2306
2485
2513
2759
2955
2876
2435
1486
565
173
-155
-890
-1361
-1197
-1257
-1787
-2043
-1750
-1806
-2305
-2635
-2817
-2589
-2108
-1609
-1202
-543
458
1017
1155
1412
1772
1382
545
-141
-637
-1141
-1511
-1708
-1844
-1778
-1391
-1066
-813
-574
-488
-768
-1089
-931
-736
-810
-982
-848
-510
90
733
1159
1388
1505
1509
1222
918
702
460
172
69
175
326
-183
-2800
-6357
-8452
-6675
-4487
-3922
-4612
-3409
176
3659
5350
4846
4743
5390
5940
4363
1899
766
1192
1885
2081
1520
1571
2458
4116
4539
3190
1603
1028
987
-303
-2700
-5008
-4932
-2502
-554
-737
-1083
946
4363
5815
5244
4199
3947
2975
1536
237
151
915
965
-269
-1730
-883
1182
1837
-483
-2721
-3631
-4300
-5433
-6064
-5774
-5510
-4875
-3663
-1691
819
2894
3364
2774
2662
2802
2095
1062
736
3
-1557
-2129
-808
577
476
-597
-1433
-1428
-1135
-1578
-2887
-3625
-3358
-3192
-3318
-2172
298
1773
1838
2028
3106
3949
3650
2558
1413
816
468
-221
-822
-546
-62
-637
-1753
-2538
-3698
-6351
-8712
-8590
-6708
-5220
-4534
-2930
455
4646
7214
7568
7467
8342
8598
6467
3185
1168
654
468
-53
-621
-474
584
2096
2992
3007
2703
2001
620
-1133
-2701
-4070
-4602
-3552
-1928
-846
66
2230
4898
6293
6035
5286
4251
2676
1146
-201
-1074
-1398
-1032
-1287
-1722
-1098
180
267
-1428
-3092
-4264
-5286
-6260
-6508
-6087
-5164
-3552
-1539
632
3114
4988
5258
4651
4192
3723
2182
545
-485
-1446
-2446
-2542
-1602
-829
-562
-765
-1014
-1232
-1140
-1356
-2329
-2912
-2615
-2084
-1462
-84
1620
2464
2603
2883
3360
3464
2742
1421
45
-802
-982
-1183
-1413
-1256
-751
-510
-553
-566
-780
-2429
-5591
-8300
-8189
-6100
-4300
-3635
-2406
794
4542
6942
7345
7063
6923
6344
4475
1893
-7
-610
-477
-52
427
1221
2402
3915
4965
4748
3257
1387
14
-1351
-3123
-5191
-6136
-4853
-2402
-695
23
1342
3712
5523
5439
4263
3236
2442
839
-877
-1651
-970
-211
-263
-1056
-1264
-315
361
-673
-2773
-4063
-4638
-5341
-5838
-4894
-3089
-1513
-151
1634
3655
5421
5915
4886
3298
2233
1044
-634
-1759
-2008
-2331
-2818
-2289
-905
69
-102
-731
-1219
-1372
-1617
-2201
-2777
-2619
-2107
-1891
-1549
-57
1598
2080
1667
1801
2330
2164
1348
545
298
252
197
-65
82
622
579
-508
-1828
-3382
-6024
-8981
-9716
-7838
-5855
-4901
-3618
-342
4122
7475
8311
7783
7934
8506
7452
4405
1674
858
1035
943
691
876
1756
2877
3337
2786
1863
1058
-44
-1742
-3623
-4926
-5296
-4111
-1891
-184
504
1381
3288
5006
5456
4611
3431
2039
633
-616
-1274
-1144
-713
-969
-1892
-1850
-319
747
-333
-2444
-3638
-4161
-4830
-5298
-4900
-3659
-2465
-1376
-22
2112
4178
4457
3129
1974
1780
1482
486
-470
-898
-1163
-1367
-889
230
1167
1196
286
-542
-794
-831
-1535
-2576
-2970
-2842
-2549
-1949
-593
683
1092
997
1202
1847
2088
1560
616
62
41
171
126
224
535
504
-244
-1166
-2067
-4115
-7164
-9227
-8443
-6341
-4654
-3620
-1586
1893
5346
7143
7180
7020
7240
6766
4751
2143
739
826
1386
1766
1906
2231
3093
4236
4481
3484
1772
79
-1535
-3184
-4923
-6336
-6559
-5088
-3273
-2168
-1084
898
3223
4324
4223
3418
2655
1873
1184
533
552
1396
2065
1630
871
1140
1782
1280
-857
-3132
-4500
-5306
-6162
-6676
-6101
-4404
-2604
-1135
581
2859
4649
4962
4319
3743
3236
2256
1063
267
-301
-900
-1276
-1000
-157
442
116
-738
-1358
-1433
-1644
-2245
-2597
-2428
-2208
-2252
-1802
-720
361
1019
1161
1299
1504
1646
1426
1175
995
983
839
584
605
834
806
118
-758
-1648
-2510
-4543
-7314
-9477
-9110
-7051
-5272
-4078
-2204
1080
4324
6467
7304
7538
7440
6809
5358
3396
1818
1134
929
1226
1587
1895
2018
2371
2717
2143
644
-965
-1934
-2858
-4359
-5846
-6144
-4732
-2584
-1109
-164
1301
3578
5193
5535
5335
4938
4106
2614
1586
1326
1763
1802
622
-823
-1239
-555
-536
-1713
-3334
-4474
-5326
-5795
-5186
-3622
-2361
-1700
-962
582
2766
4138
4136
3114
2497
2156
1277
316
-133
-589
-1685
-2408
-1846
-511
226
-128
-1078
-1567
-1337
-1141
-1363
-1755
-2004
-2602
-3102
-2588
-991
300
529
559
963
1688
2010
1967
1676
1398
970
483
307
813
1350
1027
355
165
352
5
-1051
-2997
-5434
-7608
-8143
-6756
-4984
-3479
-2227
-80
2995
5897
7151
6750
6085
5716
5057
3439
1808
1054
1010
1012
954
1137
1874
2932
3361
2461
1016
-57
-1054
-2576
-4656
-6400
-7087
-6207
-4310
-2491
-857
1070
3319
5055
5996
6132
5493
4287
2993
1740
537
202
295
-50
-1159
-1530
-770
-107
-857
-2754
-4493
-5334
-4961
-4729
-4703
-4214
-2523
-799
739
2666
4573
5300
4896
4061
2952
1840
946
114
-1040
-1771
-1716
-1201
-554
321
740
362
-295
-661
-1018
-1848
-2695
-3297
-3645
-3344
-2330
-816
705
2022
2902
3300
3620
3887
3533
2342
1145
271
-266
-519
-473
-535
-640
-488
-276
-236
-709
-1564
-3122
-5713
-8174
-9148
-8008
-6040
-4279
-2726
-325
2972
5984
7433
7240
6477
5553
4338
2531
657
-634
-1141
-1005
-279
758
1883
2770
3220
2858
1770
178
-1466
-3053
-4649
-6013
-6618
-5634
-3125
-429
1455
2882
4539
6105
6921
6823
5546
3649
1851
687
-99
-299
223
601
277
28
589
1076
738
-361
-1901
-3580
-4727
-4673
-3921
-3027
-2025
-1097
-9
1670
3505
4134
3238
2011
953
-182
-985
-1124
-1121
-1514
-1627
-921
420
1633
2148
1558
266
-755
-1419
-2119
-2661
-2946
-3209
-3390
-2594
-894
606
1403
1773
1942
1746
1419
921
300
-254
-575
-677
-532
194
1006
1278
1053
928
796
50
-1220
-2606
-4007
-5911
-7948
-9154
-8316
-6067
-4017
-2681
-1029
1857
4711
6230
6342
5887
5551
4917
3822
2456
1563
1482
1678
1922
2245
2703
2811
2399
1535
375
-830
-2074
-3277
-4204
-4665
-4480
-3602
-1920
180
2018
3455
4718
5798
6160
5987
5008
3780
2352
1185
515
226
374
369
49
-447
-180
292
-175
-1760
-3384
-4150
-4570
-4753
-4647
-3997
-3151
-2109
-919
383
1972
2968
2722
1730
1023
891
596
113
-347
-680
-719
-186
751
1340
1386
794
-120
-981
-1485
-1692
-2123
-2863
-3260
-3140
-2198
-698
770
1494
1673
1813
2008
2334
2349
2016
1022
69
-368
-374
-174
-134
-405
-875
-1327
-1522
-1749
-2114
-2882
-3938
-5375
-6912
-7834
-7562
-6072
-4340
-2654
-786
1482
3807
5557
6281
6033
5370
4624
3739
2836
1952
1464
1345
1625
2319
2951
3132
2823
2259
1527
640
-345
-1364
-2298
-2945
-3124
-2549
-1170
870
2719
3837
4288
4572
4752
4787
4460
3354
1794
550
128
80
346
883
921
76
-718
-703
-652
-1335
-2680
-4113
-4957
-4980
-4265
-3730
-3186
-2450
-1533
-713
408
1641
2146
1725
1040
605
467
552
716
498
-69
-62
411
874
784
196
-851
-1993
-2698
-3153
-3564
-3635
-3416
-3291
-2874
-1809
-390
655
1310
1896
2380
2714
2848
2688
2176
1419
698
127
-92
-232
-490
-1214
-1837
-2091
-2202
-2453
-2947
-3599
-4270
-4773
-5312
-5801
-5675
-4226
-2061
-86
1375
3047
4989
6805
7516
6978
5836
4925
4331
3594
2399
1282
697
767
1174
1545
1678
1623
1456
1090
606
318
267
63
-617
-1391
-1524
-958
-2
483
752
799
856
906
943
1031
666
174
-394
-538
-340
282
916
924
326
-334
-636
-642
-1137
-2159
-3763
-4948
-5036
-4659
-4496
-4399
-3778
-2752
-1599
-271
1071
2239
2895
3007
2897
2896
3236
3106
2393
1361
808
571
366
84
-631
-1724
-2788
-3235
-3206
-2953
-2823
-2803
-2455
-1332
419
1953
3037
3723
4143
4369
4374
4175
3548
2313
876
-379
-1134
-1353
-1727
-2408
-3201
-3389
-3306
-3199
-3303
-3570
-3795
-4053
-3930
-3905
-3901
-3842
-2904
-1265
610
2244
3549
4729
5677
5981
5477
4298
3142
2247
1349
270
-758
-944
-552
109
550
817
1214
1606
1869
1748
1430
908
2
-1130
-1992
-2246
-2303
-2243
-1940
-1226
-327
334
773
1334
2185
2637
2358
2072
2228
2422
2053
1673
1373
832
51
-583
-915
-1547
-2425
-3531
-4351
-4498
-4154
-3932
-3612
-2434
-624
969
2305
3713
5001
5580
5223
4611
3857
3105
1900
280
-1419
-2195
-2290
-2662
-3240
-3486
-3232
-3218
-3106
-2385
-1365
-668
-437
-133
760
2110
3077
3257
3078
3305
3360
2650
1576
884
154
-1269
-2963
-3769
-3669
-3482
-3695
-4234
-4113
-3261
-2170
-1632
-1469
-1244
-1017
-1077
-1038
-887
-1197
-2127
-2463
-1480
-107
693
975
1194
1607
1865
1699
1353
1234
1397
1249
795
1027
2111
3155
3591
3721
3920
3898
3642
3048
2183
1146
-10
-1262
-2421
-3035
-3208
-3219
-3073
-2335
-1223
-209
912
1821
2439
2859
3472
3546
3191
2904
2439
1698
1081
1101
629
-604
-1636
-2005
-2407
-3070
-3519
-3585
-3387
-2535
-1591
-759
391
2005
3081
3502
4170
4852
4512
3219
1947
803
-502
-1682
-2513
-3225
-3641
-3520
-3182
-2653
-1557
-431
36
-87
307
832
909
841
807
606
363
465
721
793
595
181
-586
-1474
-2122
-2668
-3341
-3883
-3981
-3928
-3743
-3011
-2039
-1259
-774
-255
270
712
936
723
-67
-753
-1206
-1867
-3007
-4147
-4362
-3725
-2581
-1708
-805
396
1904
3151
3999
4638
5075
5184
4882
4450
4026
3629
3350
3182
2804
2111
1336
820
638
434
-282
-1290
-1964
-2040
-1755
-1579
-1420
-697
353
1368
2012
2617
3221
3579
3313
2585
2098
1631
1080
131
-554
-868
-789
-838
-1125
-1189
-954
-630
-732
-807
-773
-690
-732
-810
-818
-520
-41
365
532
568
621
521
195
-360
-858
-1339
-1572
-1686
-1729
-1591
-1197
-623
-191
121
261
303
166
-139
-424
-782
-956
-1056
-1092
-981
-713
-490
-580
-847
-1021
-1035
-1181
-1491
-1903
-2246
-2378
-2264
-2044
-1790
-1458
-1032
-670
-374
-130
132
285
350
367
299
84
-351
-711
-1087
-1784
-2559
-2906
-2302
-1071
-200
559
1566
2981
4171
4706
4742
4577
4391
4073
3462
2854
2504
2273
2073
1908
1970
2029
1899
1553
1204
778
199
-446
-980
-1428
-1719
-1769
-1478
-868
-133
359
801
1109
1155
981
758
783
475
296
99
-49
-183
67
388
61
-440
-588
-537
-939
-1525
-1959
-2394
-2466
-1972
-1370
-1031
-626
15
437
809
1269
1345
797
-3
-420
-694
-868
-717
-826
-1214
-1204
-562
-85
191
441
545
448
246
282
275
230
91
-286
-818
-1023
-784
-764
-1170
-1645
-1900
-2144
-2321
-2306
-2175
-2084
-1798
-1209
-661
-215
298
719
808
982
1120
1173
949
716
391
-122
-563
-946
-1284
-1968
-2613
-3031
-2857
-2057
-1030
-178
629
1629
2767
3592
4189
4468
4302
3853
3381
3037
2568
2026
1492
1160
906
663
536
467
351
288
95
-393
-838
-984
-1104
-1371
-1597
-1406
-967
-479
4
345
522
764
1211
1487
1207
911
794
526
160
234
366
133
-100
-47
75
10
109
-44
-535
-895
-837
-902
-1046
-899
-514
-331
-153
317
645
649
438
127
-323
-492
-335
-356
-659
-592
9
488
885
1187
1260
965
493
135
-630
-1473
-2068
-2603
-3186
-3414
-3115
-2784
-2556
-2245
-1763
-1334
-823
-425
-230
-148
13
181
204
354
616
672
490
443
564
534
469
466
396
104
-183
-521
-995
-1508
-1958
-2460
-2839
-2713
-2050
-966
211
1393
2286
3070
3767
4419
4577
4111
3351
2545
1913
1459
1173
845
606
597
780
903
863
780
548
263
20
-316
-838
-1279
-1460
-1505
-1518
-1260
-711
-50
315
333
351
545
584
311
135
-57
-35
103
526
867
1097
1243
1142
930
822
617
225
-194
-482
-739
-1085
-1115
-947
-571
-302
74
358
431
384
241
23
-358
-581
-730
-736
-555
-244
15
247
520
653
521
215
-159
-551
-1002
-1473
-1931
-2360
-2673
-2585
-2225
-1826
-1471
-1220
-944
-610
-249
-92
-247
-411
-429
-470
-472
-304
41
406
605
740
992
1210
1157
864
386
-72
-570
-1175
-1753
-2148
-2266
-2427
-2539
-2307
-1540
-482
428
1235
1962
2463
2740
2792
2666
2414
2060
1684
1375
1305
1308
1203
1059
1067
1048
766
519
486
446
239
-16
-50
48
110
51
-42
20
403
521
425
312
277
202
-100
223
639
866
936
1180
1395
1537
1809
2028
1861
1477
1131
784
451
318
188
-315
-717
-879
-785
-940
-989
-1011
-1178
-1246
-1227
-1094
-1079
-1000
-854
-936
-904
-600
-316
-320
-396
-178
-117
-210
-365
-509
-826
-1084
-1479
-1903
-2071
-2122
-2296
-2642
-2635
-2294
-1946
-1907
-1779
-1466
-1078
-885
-557
-12
454
680
673
708
996
1360
1337
1122
964
842
503
162
140
197
-21
-391
-630
-635
-636
-929
-1296
-1607
-1690
-1762
-1748
-1316
-437
550
1228
1947
2833
3515
3753
3644
3393
3011
2443
1634
861
449
413
385
173
221
576
943
1019
914
923
829
456
12
-295
-498
-568
-568
-425
-88
484
955
932
967
1157
1219
773
696
1047
1192
1058
1158
1471
1500
1446
1116
712
106
-441
-1162
-2000
-2444
-2323
-2301
-2480
-2186
-1463
-906
-596
-172
55
-43
-286
-514
-645
-605
-452
-486
-564
-253
252
324
-58
-199
-317
-732
-1385
-1860
-2100
-2243
-2256
-2320
-2212
-1750
-972
-464
-233
85
570
742
686
686
571
316
121
133
272
493
615
531
150
-18
-80
-355
-877
-1273
-1487
-1647
-1666
-1397
-1085
-1013
-1054
-989
-818
-669
-595
-606
-546
-307
245
652
1022
1523
1950
2047
1984
2119
2189
2047
1796
1582
1546
1629
1771
1908
2023
2220
2262
2031
1806
1694
1393
689
-188
-878
-1197
-1388
-1391
-1125
-593
-201
266
913
1693
2057
2242
2342
2195
2093
2022
1667
931
657
526
100
-489
-776
-907
-1276
-1744
-1810
-1725
-1725
-1700
-1626
-1494
-1121
-510
-262
-111
196
405
253
-121
-272
-581
-1161
-1638
-1831
-1956
-2027
-1829
-1604
-1412
-1285
-1071
-968
-952
-913
-1090
-1305
-1293
-938
-724
-651
-169
456
772
854
969
1059
862
364
-120
-499
-766
-1049
-1403
-1531
-1157
-574
-323
-241
117
569
559
384
413
462
201
-201
-451
-639
-808
-1000
-1336
-1531
-1413
-1140
-900
-540
214
874
1393
1900
2532
3096
3213
3052
2846
2580
2445
2324
2080
1793
1604
1424
1144
1046
1198
1190
857
648
668
697
592
338
166
149
259
296
308
273
247
298
456
479
312
298
362
282
171
161
-7
-240
-367
-408
-645
-805
-738
-584
-695
-822
-683
-636
-847
-1120
-1303
-1617
-1818
-1964
-2142
-2185
-2029
-1797
-1605
-1261
-642
-249
-172
-51
212
212
-60
-313
-440
-605
-700
-750
-679
-466
-226
-91
-140
-140
-201
-478
-953
-1105
-1076
-1056
-1008
-710
-201
301
740
1071
1396
1542
1513
1186
659
232
-136
-636
-1181
-1451
-1523
-1594
-1643
-1574
-1441
-1257
-1030
-877
-722
-513
-243
-104
64
395
967
1609
2158
2469
2575
2516
2499
2335
1985
1563
1129
793
557
567
816
1202
1513
1847
2232
2581
2732
2671
2373
1829
1275
669
82
-258
-500
-618
-651
-439
-94
174
350
329
142
-286
-678
-906
-953
-1068
-1125
-933
-499
179
796
1142
1141
931
522
21
-743
-1508
-2168
-2745
-3015
-2971
-2639
-2184
-1638
-1106
-721
-397
-151
-78
-215
-377
-470
-498
-348
-35
306
527
712
885
937
752
452
64
-454
-959
-1400
-1627
-1536
-1195
-817
-484
-68
453
712
712
518
170
-215
-672
-1102
-1486
-1671
-1686
-1554
-1299
-975
-623
-342
-258
-246
-367
-674
-1028
-1324
-1424
-1445
-1182
-684
-17
541
1053
1579
2017
2287
2255
2036
1745
1594
1479
1356
1339
1490
1745
1943
2120
2384
2597
2618
2363
1958
1532
1195
851
450
101
-47
-87
7
140
328
416
326
200
90
15
-80
-268
-419
-340
-191
3
146
224
369
358
231
28
-120
-264
-595
-906
-1020
-1050
-1072
-1068
-1019
-933
-839
-757
-724
-682
-699
-746
-812
-740
-566
-433
-301
-167
23
78
135
222
218
161
-48
-361
-578
-605
-591
-648
-720
-664
-498
-298
-124
56
46
30
-93
-334
-553
-789
-1027
-1287
-1450
-1521
-1487
-1312
-1129
-1033
-1034
-1082
-1156
-1193
-1193
-1277
-1413
-1535
-1517
-1358
-1119
-798
-486
-200
148
613
1110
1506
1737
1740
1750
1730
1750
1730
1555
1511
1557
1732
2030
2388
2668
2752
2698
2563
2390
2170
1825
1381
864
445
216
161
227
299
296
233
236
364
487
567
491
288
106
-29
-68
-28
-24
-127
-209
-138
-2
-37
-126
-262
-402
-517
-575
-644
-746
-872
-987
-1049
-985
-796
-660
-628
-702
-646
-604
-506
-411
-414
-498
-567
-462
-264
-88
-87
-130
-114
-131
-302
-510
-654
-807
-991
-1158
-1209
-1033
-828
-740
-688
-655
-528
-347
-277
-355
-426
-527
-586
-567
-501
-489
-548
-610
-686
-721
-836
-1043
-1357
-1618
-1875
-1974
-2002
-1992
-1873
-1576
-1158
-678
-114
492
1025
1394
1671
1842
1994
2080
2127
2000
1866
1842
1880
2044
2164
2127
2063
1984
1936
1846
1744
1668
1514
1323
1162
1132
1117
1064
956
741
553
397
210
-21
-290
-371
-330
-207
6
201
445
605
743
895
936
785
531
225
-122
-468
-883
-1178
-1375
-1501
-1639
-1670
-1476
-1244
-1023
-789
-554
-315
-130
48
196
359
484
433
327
354
455
460
283
17
-218
-398
-742
-1231
-1528
-1681
-1766
-1874
-1892
-1714
-1390
-1080
-783
-412
-37
277
459
501
492
350
121
-168
-367
-409
-498
-622
-820
-875
-981
-1209
-1458
-1688
-1891
-2078
-2211
-2246
-2072
-1783
-1401
-983
-518
-54
335
662
968
1297
1487
1580
1658
1772
1942
2100
2316
2429
2497
2536
2480
2282
1973
1537
1050
702
430
282
254
374
596
841
1072
1224
1285
1302
1272
1067
849
599
452
359
257
268
344
481
570
556
472
317
152
-84
-364
-569
-752
-817
-959
-1036
-1011
-953
-824
-808
-843
-835
-770
-734
-731
-642
-497
-295
-123
25
78
110
136
86
-4
-158
-440
-722
-889
-1068
-1146
-1215
-1283
-1232
-1209
-1118
-1027
-956
-764
-606
-548
-425
-284
-123
-25
-3
-68
-154
-268
-372
-312
-331
-476
-685
-889
-967
-1014
-1089
-1225
-1374
-1510
-1535
-1357
-1150
-876
-602
-350
-86
291
766
1117
1392
1547
1639
1652
1641
1634
1631
1615
1609
1637
1788
1946
2065
2074
1966
1871
1700
1507
1229
935
647
399
238
290
414
462
469
408
420
456
436
336
243
112
8
-44
-81
-69
-124
-303
-478
-560
-605
-665
-753
-806
-861
-840
-788
-685
-596
-518
-416
-392
-278
-176
-93
-89
-164
-214
-285
-374
-405
-392
-371
-315
-247
-139
9
69
105
130
86
17
-69
-162
-253
-319
-410
-484
-382
-335
-355
-373
-378
-301
-378
-505
-610
-644
-701
-758
-806
-796
-676
-565
-545
-481
-345
-269
-300
-393
-495
-618
-725
-780
-784
-780
-673
-606
-540
-419
-233
28
248
461
742
942
1052
1194
1314
1328
1270
1162
1057
981
908
810
656
580
547
498
463
415
409
389
320
302
295
256
187
181
142
103
127
201
328
413
475
450
409
362
324
312
281
167
50
-25
-81
-100
-81
-141
-225
-242
-234
-183
-92
29
185
399
553
718
864
956
915
750
659
497
264
-11
-190
-296
-432
-491
-486
-398
-270
-191
-140
-92
-19
-30
-142
-280
-335
-379
-428
-385
-384
-386
-416
-518
-615
-713
-892
-1119
-1360
-1555
-1724
-1744
-1654
-1508
-1382
-1225
-1031
-835
-655
-563
-588
-594
-628
-658
-589
-559
-499
-427
-376
-267
-49
99
284
510
721
982
1219
1364
1450
1523
1559
1493
1369
1179
1032
904
706
482
277
182
177
172
215
374
547
765
855
901
966
925
833
737
613
509
411
239
165
84
-54
-224
-367
-479
-558
-660
-720
-696
-621
-483
-411
-266
-63
146
252
342
485
592
628
619
593
591
598
543
496
428
323
98
-230
-420
-577
-720
-816
-869
-792
-635
-465
-218
29
245
399
463
470
409
368
217
41
-150
-342
-535
-651
-744
-868
-1022
-1177
-1285
-1383
-1398
-1398
-1349
-1273
-1130
-987
-762
-544
-348
-239
-159
-129
-117
-146
-217
-285
-350
-328
-343
-207
-65
91
213
327
554
754
954
1062
1128
1179
1196
1203
1136
1077
968
745
506
321
156
-1
-255
-480
-565
-566
-516
-434
-212
84
344
557
750
952
1123
1144
1039
883
723
578
367
158
-10
-101
-160
-206
-208
-203
-244
-264
-240
-212
-156
-86
22
187
370
597
708
794
859
909
867
733
595
460
357
182
25
-101
-147
-168
-200
-236
-225
-217
-273
-352
-415
-517
-558
-611
-629
-546
-525
-464
-419
-378
-351
-410
-534
-646
-764
-929
-1126
-1275
-1325
-1297
-1315
-1313
-1263
-1154
-1092
-1093
-1008
-884
-740
-675
-656
-548
-412
-233
-120
11
177
336
519
625
797
962
1027
1010
979
966
957
923
878
844
845
803
712
623
530
492
471
443
420
440
419
392
397
475
562
575
579
576
517
451
334
277
245
202
105
32
45
151
171
118
63
-4
-46
-159
-195
-232
-266
-323
-363
-347
-286
-302
-320
-313
-292
-234
-171
-81
-15
35
109
134
160
319
443
522
566
631
676
647
582
464
331
132
-102
-299
-422
-575
-738
-836
-894
-920
-886
-806
-674
-527
-403
-251
-75
69
158
173
159
73
-60
-225
-409
-569
-713
-851
-925
-900
-865
-799
-778
-741
-642
-549
-512
-478
-403
-240
-55
156
373
594
874
1053
1151
1233
1210
1094
940
746
540
367
186
-4
-134
-242
-312
-371
-417
-403
-349
-326
-250
-91
12
113
150
206
247
265
289
223
183
94
-2
-84
-151
-202
-257
-198
-97
-51
-15
52
102
195
268
324
340
266
286
305
305
287
241
189
155
119
105
110
90
80
29
95
180
236
333
412
468
465
458
481
463
416
332
219
180
75
-51
-156
-255
-291
-362
-421
-469
-481
-530
-561
-571
-547
-437
-343
-329
-296
-239
-246
-291
-348
-456
-600
-730
-832
-943
-997
-976
-951
-860
-718
-579
-428
-201
36
220
383
579
787
914
1010
1052
1128
1167
1158
1152
1127
1038
873
657
427
211
15
-148
-295
-430
-469
-495
-483
-419
-389
-303
-213
-135
-85
-75
-86
-74
-106
-147
-183
-227
-224
-204
-218
-276
-270
-335
-378
-413
-451
-509
-534
-502
-486
-426
-298
-100
54
250
435
517
520
533
554
553
522
488
502
471
481
531
556
596
631
654
606
531
427
318
238
176
124
83
113
202
294
354
438
482
420
289
146
26
-130
-292
-486
-588
-670
-718
-710
-748
-732
-702
-686
-648
-669
-657
-633
-629
-625
-541
-408
-275
-130
-10
75
137
168
134
93
29
2
-10
-9
24
106
194
334
392
390
385
338
261
150
69
-14
-97
-158
-182
-180
-137
-88
-83
-118
-142
-194
-282
-363
-425
-483
-510
-474
-443
-347
-202
-74
-10
35
57
59
57
43
-7
-35
-12
11
67
130
239
321
410
479
510
534
566
591
605
685
780
899
1009
1087
1198
1247
1238
1223
1116
913
692
420
178
-33
-200
-289
-344
-389
-406
-355
-303
-293
-249
-202
-209
-171
-165
-184
-244
-310
-352
-441
-518
-604
-720
-906
-1042
-1135
-1281
-1371
-1469
-1504
-1469
-1388
-1257
-1105
-863
-616
-413
-207
14
280
430
467
495
513
533
558
543
494
455
390
372
384
399
448
476
454
480
520
587
597
530
491
430
352
299
259
194
100
3
-43
-85
-122
-192
-270
-336
-421
-462
-476
-482
-439
-414
-357
-339
-276
-179
-134
-67
-15
18
74
102
92
55
-50
-88
-79
-126
-124
-93
26
142
233
386
555
684
767
799
773
767
754
644
556
525
415
308
252
190
94
78
27
-37
-27
-33
3
17
62
129
178
212
169
205
205
131
34
-55
-149
-272
-410
-527
-615
-747
-837
-881
-903
-910
-884
-837
-757
-714
-622
-502
-383
-200
-69
8
142
318
480
587
597
647
630
535
416
304
240
205
142
89
124
151
197
219
235
246
280
284
203
195
107
-25
-155
-258
-302
-383
-434
-491
-553
-636
-695
-723
-752
-768
-791
-802
-802
-688
-538
-459
-404
-326
-254
-187
-121
1
114
144
200
266
377
491
517
468
430
491
594
624
609
682
728
754
809
889
960
927
856
738
697
708
653
544
393
283
229
157
139
153
180
135
131
168
188
188
110
22
-26
-89
-123
-239
-308
-347
-432
-498
-530
-532
-594
-673
-709
-648
-632
-594
-572
-614
-595
-580
-544
-479
-407
-343
-320
-281
-187
-130
-99
-129
-152
-133
-95
-48
-21
35
55
64
70
60
133
167
192
233
257
259
251
194
132
73
-8
-65
-84
-137
-198
-209
-231
-246
-222
-190
-180
-143
-68
-6
47
78
135
137
152
138
118
115
99
85
108
116
88
86
99
117
148
193
200
208
200
189
139
171
273
340
432
422
424
454
453
439
358
273
197
135
85
29
19
25
18
4
25
42
46
24
2
-18
-98
-122
-126
-158
-165
-202
-210
-244
-231
-259
-310
-362
-383
-388
-408
-383
-349
-324
-271
-213
-107
-3
92
152
174
216
200
206
155
136
107
32
-37
-94
-145
-182
-235
-284
-263
-263
-209
-165
-108
-67
9
82
99
128
144
170
107
23
-65
-128
-161
-191
-223
-239
-234
-230
-225
-235
-235
-266
-275
-273
-264
-232
-171
-139
-85
-42
0
-7
-19
25
21
53
62
95
144
147
206
221
273
304
324
359
346
337
350
365
337
403
428
447
500
497
482
466
429
389
258
149
32
-49
-110
-144
-124
-105
3
97
206
281
363
392
356
350
311
247
188
129
114
101
62
32
-16
-53
-91
-146
-193
-226
-297
-347
-394
-425
-446
-413
-344
-258
-128
-32
37
102
177
146
138
48
-23
-101
-189
-238
-311
-311
-334
-375
-402
-373
-356
-315
-317
-334
-303
-298
-273
-229
-222
-194
-196
-233
-246
-234
-245
-267
-315
-363
-392
-418
-360
-313
-275
-217
-185
-144
-77
-21
-21
-68
-72
-13
38
81
126
227
333
382
413
458
483
488
425
334
362
372
380
413
434
468
464
437
416
411
373
354
355
275
226
139
69
5
-76
-113
-143
-134
-185
-238
-268
-262
-205
-206
-186
-137
-94
-9
49
79
159
205
218
242
228
223
223
184
161
133
124
106
74
71
79
82
103
149
214
314
323
369
416
426
418
382
324
286
237
171
105
44
9
-44
-78
-115
-187
-219
-220
-262
-274
-383
-463
-513
-576
-608
-595
-575
-570
-546
-520
-512
-546
-555
-578
-603
-609
-628
-611
-581
-599
-596
-578
-494
-415
-336
-245
-204
-126
-76
-40
10
74
120
170
229
297
298
340
341
285
268
225
232
248
274
261
290
301
351
426
454
496
460
430
419
415
397
345
270
228
170
131
97
41
35
-5
-38
-20
-43
-61
-26
10
23
34
86
131
142
152
160
116
123
38
-26
-61
-111
-115
-98
-55
-2
76
111
192
276
338
412
478
504
465
427
387
358
307
277
247
158
113
53
-19
-123
-186
-204
-263
-283
-312
-338
-316
-292
-265
-253
-262
-250
-230
-238
-260
-295
-367
-440
-548
-625
-655
-673
-700
-721
-672
-644
-562
-530
-513
-447
-378
-331
-303
-219
-137
-83
-51
9
95
185
215
253
293
288
258
235
211
168
178
148
94
98
118
115
125
161
186
229
279
342
388
418
388
391
340
294
236
141
90
54
41
19
59
109
108
146
193
206
220
224
230
226
244
288
279
254
295
308
295
319
299
286
270
247
290
288
279
274
273
284
274
279
272
206
164
89
26
-46
-118
-170
-166
-210
-190
-132
-95
-82
-108
-124
-194
-280
-335
-409
-484
-513
-537
-508
-476
-431
-399
-407
-446
-478
-524
-585
-647
-665
-647
-673
-642
-582
-538
-488
-482
-458
-418
-374
-350
-341
-330
-267
-186
-123
-36
29
101
181
224
269
309
341
333
315
290
267
250
245
264
271
284
330
362
402
410
400
409
431
450
441
417
396
361
297
308
272
196
182
151
149
188
208
214
212
215
252
267
279
268
236
190
138
107
87
81
82
78
73
111
148
147
139
112
91
60
27
73
91
103
140
137
120
75
28
-28
-130
-180
-210
-253
-273
-290
-304
-329
-342
-355
-392
-427
-477
-504
-507
-472
-466
-446
-389
-391
-419
-417
-379
-371
-394
-396
-406
-430
-426
-435
-388
-365
-325
-237
-189
-111
-35
25
105
137
189
281
307
335
380
410
439
423
405
375
328
270
235
215
184
165
162
153
137
158
165
190
187
220
246
246
292
277
241
168
116
31
-21
-81
-108
-154
-220
-242
-253
-236
-188
-139
-166
-131
-98
-69
-50
-24
20
23
59
110
106
98
89
101
86
43
57
43
-8
12
-23
-12
57
82
166
228
288
386
394
403
406
377
393
314
223
175
89
63
26
-4
-14
-38
-82
-110
-165
-176
-145
-130
-129
-103
-49
-18
24
23
2
-14
-72
-127
-185
-244
-286
-343
-376
-409
-424
-391
-345
-280
-257
-284
-254
-214
-205
-188
-176
-149
-92
-48
-47
-50
-74
-98
-142
-165
-168
-211
-239
-245
-228
-225
-202
-157
-146
-127
-94
-61
-6
48
16
49
65
72
81
87
96
89
75
38
25
-20
-15
-20
-20
-1
37
91
117
202
259
270
275
277
300
342
358
410
430
429
438
416
397
405
383
350
308
310
327
307
335
332
335
335
379
413
376
384
386
403
375
359
309
221
155
103
55
23
-4
-26
-81
-138
-161
-180
-207
-252
-282
-307
-323
-360
-390
-365
-353
-365
-346
-368
-429
-438
-504
-547
-528
-558
-564
-511
-490
-441
-389
-337
-290
-244
-203
-167
-164
-161
-172
-177
-158
-176
-183
-150
-140
-139
-104
-115
-93
-115
-107
-108
-110
-131
-150
-109
-72
-43
-39
17
33
15
43
23
14
63
30
4
19
13
-22
-48
-35
30
61
102
181
193
184
224
250
250
281
307
303
350
379
460
495
523
546
519
532
508
472
464
447
428
367
336
331
305
310
282
275
241
220
174
146
94
62
57
63
69
40
103
126
131
133
107
7
-64
-125
-186
-227
-295
-324
-350
-368
-408
-400
-396
-404
-390
-410
-415
-408
-427
-399
-381
-377
-341
-313
-311
-314
-301
-305
-290
-301
-302
-316
-316
-318
-335
-312
-258
-194
-120
-61
-34
-46
-50
-35
-74
-102
-111
-109
-111
-98
-62
-30
26
56
109
135
159
204
212
212
242
208
170
186
222
231
255
268
245
265
258
245
256
242
246
237
234
225
249
278
292
303
308
320
301
284
297
236
212
236
258
253
248
256
250
220
215
173
128
122
48
15
11
6
6
-15
9
-49
-83
-79
-136
-154
-192
-239
-262
-259
-281
-286
-261
-251
-251
-221
-194
-233
-241
-264
-297
-289
-263
-256
-257
-260
-255
-222
-187
-159
-98
-41
-37
-62
-74
-64
-41
-40
-36
-39
-28
12
56
60
67
21
-13
-15
-47
-58
-48
-45
-66
-89
-94
-103
-70
-75
-55
-40
-37
-47
-61
-107
-169
-158
-138
-126
-130
-54
-14
-33
-39
-42
-45
-79
-65
-7
-43
-14
2
59
87
121
153
181
231
281
334
359
376
367
334
334
323
344
321
288
310
299
283
280
301
236
204
181
156
152
173
220
240
217
235
225
197
171
117
46
10
-33
-102
-135
-228
-268
-266
-282
-284
-301
-246
-245
-199
-197
-205
-158
-148
-132
-153
-150
-175
-192
-165
-172
-157
-158
-159
-123
-105
-139
-144
-122
-134
-77
-92
-19
25
-2
81
101
120
140
125
145
160
100
56
11
-11
-51
-84
-77
-106
-78
-105
-122
-106
-115
-128
-141
-147
-186
-190
-174
-202
-150
-105
-132
-159
-156
-157
-162
-159
-158
-157
-172
-137
-160
-114
-96
-48
40
69
132
173
187
190
214
204
209
239
269
254
263
261
229
211
164
151
136
122
158
160
185
252
254
235
235
190
237
201
173
215
164
183
167
121
106
85
33
-19
-21
-76
-111
-130
-148
-162
-147
-120
-128
-122
-42
-16
-29
39
76
81
93
79
81
31
-25
-48
-115
-153
-161
-190
-170
-157
-147
-145
-140
-128
-111
-77
-141
-119
-74
-87
-40
-36
-2
28
44
50
-10
-23
-11
-6
-14
-49
-66
-114
-110
-150
-177
-192
-191
-188
-235
-248
-272
-267
-249
-258
-268
-282
-251
-254
-241
-237
-198
-150
-117
-68
-87
-70
-66
-26
45
95
123
167
220
289
383
401
457
499
474
440
457
420
390
380
356
378
342
313
251
256
233
207
237
191
223
243
228
177
179
155
98
60
47
15
-34
-34
-101
-107
-139
-199
-191
-223
-221
-231
-219
-162
-181
-172
-170
-197
-152
-167
-177
-159
-143
-113
-27
-15
-19
15
13
-14
-35
26
-23
-36
-48
-67
-66
-68
-48
-57
-61
-49
-41
-52
-13
-30
-72
-71
-72
-35
-86
-91
-85
-140
-117
-161
-227
-235
-243
-289
-313
-299
-280
-254
-220
-229
-209
-180
-137
-113
-89
-72
-76
-53
-53
-15
0
-5
13
40
61
57
121
114
132
149
147
164
216
239
270
338
373
397
401
366
391
408
405
435
442
458
434
417
408
379
312
286
234
181
162
102
66
40
-13
-5
0
16
-4
-15
-20
-77
-111
-90
-142
-170
-199
-238
-223
-209
-175
-186
-225
-251
-252
-261
-246
-218
-201
-212
-143
-125
-96
-99
-34
-79
-15
25
5
51
41
48
-33
7
-41
-92
-85
-67
-65
-63
-93
-105
-99
-131
-124
-141
-185
-204
-203
-209
-182
-199
-203
-238
-291
-285
-342
-360
-359
-367
-334
-279
-246
-211
-110
-92
-84
-53
-35
0
15
34
57
103
108
109
149
136
125
161
158
124
154
155
155
202
254
353
382
435
477
513
521
479
468
461
386
334
343
284
203
172
115
51
-25
-54
-111
-123
-87
-110
-115
-135
-90
-54
-18
17
35
77
69
90
132
84
139
123
70
32
9
3
-67
-54
-51
-60
-52
-21
-45
-55
-26
13
22
52
92
96
102
79
66
81
52
52
113
78
40
41
10
-12
-9
-98
-105
-89
-109
-102
-94
-103
-188
-200
-220
-238
-322
-336
-329
-364
-375
-328
-329
-351
-358
-355
-283
-271
-256
-242
-245
-203
-186
-182
-112
-141
-93
-151
-90
-24
-55
-70
-78
-49
-82
-60
-40
-31
9
74
101
146
201
222
268
224
231
216
236
260
287
328
316
316
315
304
285
277
305
298
298
336
337
296
277
214
209
232
180
234
204
187
135
129
108
91
43
49
29
32
1
-3
-9
-48
-54
-61
-85
-102
-70
-83
-70
-58
-18
30
8
18
56
41
26
13
-31
-72
-113
-134
-156
-184
-188
-210
-275
-301
-319
-348
-375
-433
-390
-369
-366
-363
-357
-322
-265
-276
-258
-192
-269
-224
-253
-253
-241
-275
-261
-268
-246
-207
-179
-140
-114
-78
-93
-104
-79
-72
-23
38
92
126
189
204
259
328
338
433
449
490
507
521
497
524
540
469
469
440
413
383
378
378
334
265
242
213
208
148
167
173
146
95
71
67
76
42
-12
-1
-54
-129
-176
-199
-251
-216
-214
-233
-174
-180
-156
-136
-124
-122
-156
-144
-163
-160
-155
-189
-146
-133
-109
-94
-64
-72
-77
-81
-93
-81
-90
-50
-64
-56
-25
-36
-42
-31
-61
-86
-93
-76
-137
-171
-197
-213
-207
-235
-286
-304
-281
-291
-290
-259
-260
-246
-226
-213
-176
-165
-133
-122
-131
-111
-84
-79
-75
-43
-40
-13
3
25
76
101
140
171
164
206
269
303
278
310
347
370
360
358
435
418
408
411
447
486
455
387
376
346
333
285
218
178
85
54
36
9
-3
-17
-55
-95
-102
-103
-101
-104
-95
-72
-50
-71
-55
-33
-46
-66
-88
-70
-65
-54
-11
-25
2
-15
-38
13
-10
-38
-51
-89
-32
-4
-20
15
-6
-19
-9
-33
31
47
62
68
103
108
129
121
95
81
61
58
68
47
-7
-16
-28
-71
-77
-57
-111
-120
-149
-165
-213
-220
-228
-277
-269
-247
-261
-249
-230
-207
-245
-227
-214
-205
-191
-161
-176
-166
-107
-84
-74
-98
-113
-80
-83
-79
-46
-75
-67
-72
-50
-60
-78
-41
-47
-28
-14
20
38
54
33
78
81
74
83
62
126
137
152
168
188
187
175
175
154
137
170
114
98
123
91
107
107
93
100
84
102
80
98
85
77
84
64
85
58
63
46
65
44
43
72
84
74
45
28
14
-1
25
29
41
50
48
55
68
90
37
39
-1
-33
-60
-98
-95
-120
-105
-65
-49
-50
-53
-92
-55
-33
-2
35
1
17
3
-38
-50
-61
-71
-99
-152
-149
-185
-195
-182
-179
-201
-192
-218
-186
-178
-186
-145
-138
-104
-152
-91
-61
-57
-17
23
9
-11
35
14
8
42
41
32
78
93
121
140
133
179
180
177
181
178
196
197
188
194
131
112
121
108
95
87
133
108
98
113
63
79
46
54
44
35
24
31
39
51
51
39
44
22
15
3
9
15
17
17
-5
-28
9
41
25
28
25
21
38
24
14
-4
-32
-61
-73
-69
-47
-87
-74
-103
-128
-109
-142
-154
-139
-145
-157
-201
-200
-162
-191
-179
-147
-158
-185
-225
-228
-239
-252
-233
-250
-206
-167
-151
-111
-126
-150
-152
-154
-118
-81
-81
-79
-77
-79
-32
-19
20
82
70
115
152
145
143
147
145
132
131
143
139
199
209
211
190
173
160
167
173
130
153
145
137
133
141
188
202
199
176
184
195
168
148
171
164
167
178
175
177
198
193
201
195
184
172
160
138
99
123
105
71
69
59
17
5
18
11
-12
-21
-30
0
-9
-9
-2
3
-8
15
-11
3
10
-36
-65
-102
-108
-152
-185
-177
-203
-191
-174
-168
-178
-187
-182
-222
-223
-226
-205
-191
-206
-247
-303
-285
-302
-341
-336
-330
-311
-311
-319
-278
-279
-245
-253
-225
-215
-217
-171
-154
-126
-108
-98
-62
-54
-76
-89
-94
-72
-64
-66
-53
-17
20
45
59
131
135
146
210
161
177
197
176
195
186
199
180
178
182
194
210
224
229
254
276
278
274
270
297
246
250
234
255
225
233
231
237
232
215
240
207
224
182
178
159
141
117
83
89
105
59
52
51
39
41
24
-11
-44
-48
-72
-120
-137
-144
-142
-160
-157
-194
-221
-221
-245
-225
-252
-262
-249
-246
-251
-251
-226
-222
-221
-205
-169
-167
-131
-130
-131
-126
-115
-79
-66
-67
-59
-59
-58
-54
-35
-22
-13
-12
-51
-26
-7
0
-17
-15
-43
-43
9
20
39
43
48
45
62
75
96
106
150
147
163
191
173
150
138
108
71
50
75
77
57
65
37
33
12
3
-40
-37
-38
-37
-52
-66
-27
-42
-7
31
42
74
81
91
83
114
121
74
54
68
55
47
100
129
143
149
140
170
139
98
87
29
31
-4
-49
-55
-86
-103
-112
-84
-96
-98
-108
-110
-144
-150
-108
-109
-63
-46
-74
-117
-150
-180
-225
-198
-204
-167
-140
-145
-139
-124
-88
-97
-83
-64
-55
4
3
22
54
55
50
14
-1
1
8
17
29
62
67
80
85
77
64
82
61
62
65
29
47
50
64
90
88
84
64
70
60
47
37
54
45
9
39
47
91
85
85
92
75
75
72
65
94
64
72
65
31
61
60
68
83
81
81
88
79
85
49
27
16
13
10
-2
-33
-45
-68
-87
-108
-122
-131
-139
-177
-153
-133
-123
-69
-58
-45
19
44
51
71
87
82
97
69
81
89
78
69
53
28
-37
-72
-78
-96
-167
-155
-178
-153
-135
-173
-131
-112
-141
-141
-113
-114
-78
-64
-59
-17
17
29
51
49
19
25
-19
-32
-21
3
34
11
17
19
22
-19
-7
-28
-16
-3
-12
14
36
27
7
24
27
42
34
40
20
36
30
5
4
-3
-29
-55
-67
-81
-81
-108
-122
-94
-72
-63
-58
-53
-58
-43
-54
-56
-37
-57
-41
-40
-14
8
27
30
29
64
49
108
147
153
213
237
222
228
209
220
223
147
134
115
109
84
64
32
43
37
36
63
80
100
85
60
14
38
45
62
92
86
76
50
26
11
-12
8
-8
-30
-48
-65
-105
-145
-187
-216
-195
-195
-205
-225
-200
-201
-175
-178
-159
-118
-104
-73
-51
-54
-54
-16
-26
-14
4
1
10
11
-14
-43
-62
-59
-73
-65
-61
-38
-51
-78
-84
-100
-74
-54
-33
-31
-24
3
-10
9
48
52
48
42
54
74
63
68
78
97
110
122
111
127
135
134
119
123
126
102
121
93
112
94
102
74
60
42
30
50
50
50
14
25
20
34
71
60
99
96
90
107
111
110
133
140
123
153
128
120
95
115
129
147
135
100
94
73
26
-18
-39
-66
-91
-107
-106
-129
-130
-143
-182
-207
-264
-273
-314
-334
-370
-380
-358
-346
-312
-284
-269
-264
-252
-232
-203
-184
-163
-130
-116
-120
-126
-120
-75
-88
-43
-2
36
100
122
133
137
138
119
97
111
103
89
63
49
59
40
52
69
71
63
50
66
100
87
104
92
121
108
78
70
84
88
89
117
114
143
145
137
125
141
128
112
127
128
115
101
100
108
110
112
116
87
83
31
24
15
25
63
33
67
84
120
137
142
128
122
107
96
70
57
57
28
21
-3
-20
-76
-74
-104
-116
-106
-117
-125
-121
-151
-176
-184
-203
-216
-221
-218
-216
-178
-171
-145
-113
-115
-129
-119
-152
-132
-120
-133
-122
-120
-104
-102
-95
-89
-90
-109
-56
-52
-34
-34
-19
-42
-35
-3
-1
8
-12
-9
-22
-19
-34
-41
-34
-44
-71
-72
-41
-33
-4
-16
-11
16
18
26
31
19
31
17
27
52
39
79
87
113
127
136
122
126
108
92
121
100
80
63
85
91
92
122
123
114
128
118
121
131
136
148
165
125
86
86
40
18
44
48
46
39
66
76
80
70
47
54
69
80
61
76
74
54
53
81
75
71
73
74
86
78
56
26
0
-32
-56
-100
-108
-114
-96
-115
-141
-138
-163
-173
-176
-159
-144
-133
-158
-173
-178
-173
-183
-175
-175
-189
-181
-210
-183
-173
-182
-166
-142
-153
-151
-110
-120
-67
-62
-17
-5
-4
5
-34
-34
-37
-15
6
57
96
105
108
116
99
113
102
77
106
104
126
124
125
148
154
155
166
158
163
137
118
132
113
112
99
47
40
48
0
-22
-33
-5
-2
-18
-12
-15
-17
-15
-22
-36
-12
19
47
29
39
30
32
17
-3
10
3
34
-11
-18
-33
-63
-48
-40
-49
-72
-65
-90
-76
-92
-65
-45
-71
-37
-24
-18
-16
-32
-30
-13
-25
-36
-29
-12
40
52
72
84
40
29
15
8
21
21
21
8
-2
8
26
32
25
23
12
28
23
23
-24
-27
-29
-69
-28
-29
-18
-21
-6
27
57
53
62
39
25
6
-31
-29
-43
-57
-42
-54
-62
-76
-80
-112
-138
-134
-122
-90
-74
-55
-40
-48
-47
-51
-28
16
16
27
29
62
56
47
59
77
130
133
141
157
188
183
185
176
152
142
114
89
88
96
89
70
59
55
71
83
62
64
61
29
5
-38
-42
-35
-79
-65
-79
-87
-78
-102
-111
-111
-118
-141
-166
-176
-162
-141
-134
-143
-147
-158
-163
-151
-143
-119
-103
-121
-128
-123
-129
-114
-94
-86
-64
-50
-50
-41
-48
-46
-49
-55
-36
-41
-3
-21
-39
-16
-33
-8
1
32
53
63
85
105
116
110
112
94
91
84
94
115
159
144
139
174
187
194
190
191
198
170
147
123
129
106
104
108
94
85
71
71
56
23
20
4
2
-19
-23
-1
-25
-6
-19
-27
-11
-34
-23
-25
-36
-9
-22
-55
-41
-56
-87
-76
-102
-86
-89
-89
-79
-67
-55
-42
-59
-76
-56
-64
-51
-41
-42
-6
0
5
21
25
24
38
53
69
65
75
90
49
79
75
83
89
79
56
43
51
53
32
16
23
10
-4
-18
-5
-23
-48
-53
-43
-43
-58
-81
-88
-99
-115
-149
-137
-140
-150
-153
-124
-103
-95
-77
-82
-81
-91
-83
-73
-71
-79
-95
-94
-82
-86
-66
-51
-47
-39
-48
-37
-46
-53
-40
-12
-27
-10
-6
17
17
0
32
37
51
54
74
68
86
84
118
125
139
141
132
126
100
111
81
84
71
53
54
10
40
44
17
54
50
45
49
28
69
63
27
33
34
40
48
32
31
16
4
16
-2
31
28
42
59
62
88
106
110
98
96
71
47
25
45
29
2
-6
-15
-8
-12
-27
-50
-47
-50
-63
-90
-110
-109
-121
-111
-110
-99
-90
-79
-64
-50
-38
-20
-13
4
-4
1
-10
-44
-26
-18
-42
-43
-47
-40
-37
-64
-43
-44
-65
-72
-92
-77
-52
-59
-39
-20
1
-7
-3
11
15
25
27
22
16
29
11
-5
7
16
21
33
52
45
52
43
38
62
45
51
35
37
28
27
6
-11
-9
-5
20
-1
-5
0
-3
-10
20
49
71
66
59
55
49
43
42
60
51
36
35
38
29
0
-7
-18
-22
-33
-17
-27
-9
6
5
23
12
42
34
9
14
-6
2
-3
-34
-61
-55
-52
-52
-62
-63
-60
-68
-81
-78
-62
-73
-76
-79
-80
-60
-75
-64
-67
-69
-71
-78
-64
-76
-59
-40
-52
-44
-21
-32
-27
-23
-19
-20
-22
-34
-28
-40
-42
-39
-27
-34
-37
-7
-7
9
22
49
65
88
95
96
99
85
94
103
138
156
184
177
176
187
171
187
179
200
201
179
185
158
133
109
80
86
61
29
34
0
-4
-9
-22
-12
-22
-7
-4
-14
-38
-50
-88
-105
-110
-127
-126
-144
-139
-154
-159
-152
-170
-181
-194
-196
-199
-197
-176
-158
-167
-155
-153
-147
-120
-106
-88
-73
-63
-61
-63
-41
-26
-16
1
0
17
43
44
65
74
78
76
85
99
108
135
141
140
129
158
160
151
162
155
169
163
155
157
140
140
105
85
83
77
84
62
57
38
29
9
-10
-24
-23
-27
-35
-26
-25
-25
-30
-43
-46
-52
-74
-75
-83
-122
-118
-94
-99
-96
-89
-69
-64
-80
-81
-84
-102
-105
-97
-85
-59
-59
-36
-14
-12
-15
7
20
18
16
25
36
25
44
50
56
57
57
56
77
92
89
89
97
75
69
70
53
51
61
55
61
71
55
29
9
11
-2
-26
-23
-47
-36
-59
-69
-57
-74
-76
-104
-75
-75
-82
-76
-84
-88
-63
-57
-62
-44
-39
-53
-37
-19
-30
-11
-14
-19
-21
-17
-23
-23
-8
-5
20
24
36
45
34
24
25
15
15
27
41
53
62
58
43
38
30
31
10
-9
-10
-10
-13
0
-6
0
11
19
14
5
17
17
26
23
5
-3
-10
-7
-16
-12
-1
12
34
22
36
26
20
2
-1
-16
-5
-7
-24
-6
-14
-21
-10
-8
-22
-28
-23
-30
-22
-20
-14
-18
-20
-21
-23
-11
-3
-3
-8
1
9
-9
-27
-20
-33
-25
-36
-25
-12
-14
7
10
25
17
2
-6
-26
-34
-37
-18
-7
3
2
-3
7
6
23
35
37
30
53
48
35
56
62
74
83
83
75
73
49
41
29
30
25
16
15
6
14
6
14
12
19
9
-5
3
7
11
1
-3
-11
-11
-19
-12
-7
3
3
6
4
-15
-21
-20
-27
-28
-41
-43
-34
-57
-59
-59
-75
-75
-77
-79
-60
-59
-48
-55
-38
-26
-12
-22
-37
-30
-25
-27
-17
7
2
22
30
25
38
40
54
52
53
61
63
62
55
63
54
57
59
41
26
26
24
19
29
34
25
30
33
40
56
56
60
51
41
37
31
24
18
21
16
10
16
6
10
-1
-23
-14
-19
-35
-46
-50
-59
-52
-54
-71
-87
-87
-91
-112
-111
-101
-104
-99
-94
-101
-97
-90
-69
-56
-29
-29
-9
-10
-12
-11
-3
-6
-7
1
-2
14
24
37
40
49
60
63
69
84
74
70
78
71
56
65
49
39
50
42
58
41
22
18
3
-16
-14
-17
-25
-29
-33
-41
-53
-39
-47
-51
-44
-38
-30
-33
-40
-31
-27
-22
-5
1
0
1
9
13
12
19
27
42
32
36
45
41
50
43
43
46
39
14
-6
-9
-9
4
14
-6
-1
0
-2
10
13
31
36
38
34
34
31
7
2
1
6
12
9
10
7
0
-14
-24
-30
-43
-65
-85
-96
-94
-91
-81
-67
-68
-65
-58
-56
-52
-48
-34
-18
-17
-9
-3
-3
16
32
39
45
48
64
66
52
52
46
52
45
63
62
61
48
41
37
34
29
23
21
5
0
-11
-2
-11
-6
8
27
34
35
27
24
15
13
5
2
-4
-12
-10
-16
-12
-14
-7
-10
-22
-29
-33
-27
-22
-34
-42
-26
-28
-20
-22
-27
-6
-3
-9
-1
-10
-20
-10
-22
-17
-12
-9
-11
-15
-8
-11
-8
-14
-29
-15
-23
-11
2
18
27
27
29
29
33
38
32
26
20
15
17
8
5
-5
-4
-10
-10
-20
-24
-34
-42
-47
-54
-48
-60
-53
-56
-56
-63
-59
-54
-53
-36
-20
-1
22
40
49
60
73
66
57
68
72
70
75
77
64
64
55
46
50
47
34
30
22
6
3
6
-3
-10
-21
-22
-11
-9
-5
3
8
20
11
4
-3
-16
-13
-30
-29
-24
-16
-14
-8
-16
-14
-4
15
14
12
2
-2
-3
-20
-14
-23
-14
-20
-9
-1
-5
12
8
8
6
9
0
-7
-18
-13
-12
-29
-32
-37
-48
-45
-48
-39
-35
-39
-36
-43
-31
-27
-17
-10
3
20
14
15
0
1
5
12
22
27
39
41
53
61
53
53
65
50
43
49
47
40
38
34
38
41
38
34
19
20
13
8
12
15
20
11
0
-8
-18
-25
-32
-50
-60
-79
-86
-90
-90
-79
-83
-83
-97
-108
-112
-117
-112
-95
-77
-73
-71
-59
-48
-30
-18
-14
-2
12
22
24
28
36
53
50
51
55
55
49
49
55
64
59
54
53
56
64
52
53
45
37
28
33
17
27
34
37
45
42
46
18
13
1
-3
-6
-3
0
-1
-4
-3
4
3
3
5
9
13
9
9
10
10
3
1
14
9
18
25
18
17
18
22
16
10
10
4
3
-8
-5
-11
-16
-21
-26
-36
-37
-31
-32
-17
-17
-21
-23
-22
-24
-32
-39
-43
-43
-55
-52
-51
-47
-37
-34
-29
-23
-18
-13
-10
-15
-11
-1
0
3
9
13
7
10
14
8
14
25
36
43
35
35
32
34
40
37
48
36
37
30
18
8
0
1
-7
-11
-2
-16
-17
-15
-15
-11
-23
-24
-30
-30
-30
-33
-27
-31
-34
-34
-33
-33
-26
-16
-23
-19
-14
-10
-12
-11
-7
-12
-5
-1
2
5
5
6
22
32
30
34
48
53
56
64
57
60
47
38
37
27
22
19
19
14
8
17
15
12
7
5
6
8
4
1
-4
-3
1
2
10
12
11
6
9
8
4
-3
-5
-4
-5
-4
-9
-9
-14
-12
-18
-15
-13
-17
-18
-20
-28
-28
-17
-24
-25
-23
-20
-25
-24
-22
-24
-22
-15
-20
-20
-8
-7
-24
-22
-21
-26
-25
-17
-13
-6
0
11
21
22
23
21
17
5
2
-6
-3
10
3
-6
-6
-11
-11
-18
-21
-19
-18
-17
-14
-12
-2
-5
-6
-3
-1
0
3
16
17
23
28
25
22
17
24
30
19
28
28
23
28
20
30
33
36
33
28
28
22
22
10
17
26
13
14
13
10
6
5
7
-3
-5
-10
-18
-14
-20
-24
-25
-16
-8
-7
-1
0
2
4
3
-6
-8
-15
-26
-16
-11
-13
-12
-5
-7
-11
-10
-16
-19
-31
-29
-32
-29
-27
-30
-27
-25
-14
-19
-12
-19
-22
-33
-47
-56
-61
-66
-63
-57
-50
-39
-35
-35
-34
-25
-32
-31
-23
-20
-19
-10
1
22
33
42
55
51
48
48
57
63
76
86
90
85
88
85
82
77
69
61
59
61
52
56
50
42
43
41
39
34
27
31
31
27
30
22
16
12
8
1
-11
-16
-22
-30
-38
-48
-47
-52
-63
-69
-69
-74
-73
-68
-68
-68
-68
-67
-73
-62
-58
-55
-47
-44
-46
-31
-29
-31
-13
-8
2
3
6
19
13
9
11
15
17
14
13
11
15
19
18
17
6
-1
-3
-11
-23
-19
-21
-30
-26
-17
-23
-12
-4
3
7
14
17
15
18
20
22
24
27
32
39
47
51
40
39
38
48
41
47
48
51
49
47
61
52
61
59
56
54
50
50
47
48
51
43
36
29
23
21
16
15
14
17
1
-17
-20
-19
-31
-40
-51
-64
-63
-76
-80
-80
-81
-76
-77
-80
-79
-78
-77
-65
-59
-53
-47
-49
-44
-40
-38
-34
-30
-24
-12
-15
-10
-5
-15
-13
-11
-2
11
19
23
18
17
22
25
26
21
23
18
14
11
17
22
20
28
35
33
22
18
10
11
13
14
12
10
6
7
7
9
14
12
14
18
17
21
9
3
6
2
13
3
6
14
11
14
14
16
11
15
21
23
22
22
21
15
14
12
14
18
10
1
-1
-7
-11
-13
-13
-15
-24
-38
-46
-48
-50
-56
-53
-49
-55
-47
-40
-44
-48
-38
-39
-46
-46
-47
-44
-37
-31
-28
-25
-18
-11
-15
-17
-8
-11
-9
1
10
10
9
2
-1
-2
9
17
25
24
22
23
21
19
21
29
36
34
36
35
34
37
35
38
37
37
26
25
21
24
30
33
36
42
43
38
41
44
46
41
38
38
33
36
31
24
20
14
20
16
13
22
17
15
13
8
4
-8
-15
-24
-26
-29
-33
-30
-38
-46
-47
-49
-49
-52
-55
-55
-56
-59
-61
-65
-67
-59
-57
-57
-52
-52
-49
-44
-36
-30
-19
-14
-14
-4
7
10
10
14
16
19
16
20
30
31
39
43
45
48
45
50
47
49
41
41
40
38
40
34
40
34
19
25
20
15
13
9
17
12
12
9
3
-4
-16
-17
-20
-28
-31
-27
-29
-31
-24
-22
-17
-25
-27
-21
-19
-16
-18
-23
-25
-28
-24
-21
-24
-22
-27
-31
-34
-27
-21
-18
-18
-9
-1
-5
1
0
-1
7
16
14
10
16
10
-1
-1
-3
-12
-11
-9
-11
-5
-6
-8
-1
1
4
2
6
10
20
30
33
42
42
42
44
39
42
52
54
62
58
61
61
58
53
50
44
42
48
39
35
35
29
22
11
14
8
1
-5
-10
-8
-11
-20
-24
-22
-19
-16
-8
-11
-12
-13
-6
-6
-7
-9
-14
-20
-29
-27
-26
-30
-39
-38
-40
-42
-49
-50
-44
-51
-52
-54
-53
-41
-34
-35
-36
-35
-32
-30
-24
-25
-25
-29
-27
-24
-23
-20
-16
-12
-18
-18
-18
-10
-12
-12
-7
-4
-5
-6
6
11
13
16
16
10
9
8
10
11
11
15
19
18
13
19
18
8
2
2
2
8
7
6
11
7
8
7
8
18
27
26
19
21
24
19
25
27
23
19
12
5
-4
-7
-6
-9
-14
-15
-23
-32
-35
-39
-35
-27
-20
-25
-26
-28
-27
-22
-17
-12
-9
-6
-5
-3
3
-1
-1
-1
0
3
6
11
16
16
27
32
38
51
49
54
58
60
72
81
84
81
86
73
67
57
53
50
45
43
39
36
29
29
31
21
16
7
-2
-7
-15
-20
-19
-26
-35
-39
-38
-46
-52
-48
-50
-53
-51
-53
-50
-49
-50
-41
-41
-42
-39
-41
-42
-44
-43
-44
-43
-40
-42
-39
-38
-36
-33
-31
-27
-24
-19
-20
-22
-15
-8
6
10
15
21
27
26
24
30
26
27
32
26
22
21
19
19
15
21
24
20
19
21
24
26
26
23
24
19
22
18
13
9
-2
-3
-9
-4
-4
3
9
9
13
14
12
13
15
14
14
14
18
17
13
9
5
3
6
11
13
18
18
9
7
1
-3
-5
-16
-20
-31
-31
-30
-33
-25
-27
-27
-24
-20
-17
-16
-9
-8
-11
-11
-12
-10
-9
-15
-14
-12
-11
-14
-15
-9
-8
-9
-9
-7
-10
-4
5
8
21
18
23
22
20
17
14
12
14
21
20
26
21
17
12
8
9
8
1
1
3
1
-2
-7
-11
-10
-5
-1
0
2
1
4
6
7
2
-1
-12
-16
-14
-12
-9
-2
3
0
-3
-8
-10
-4
-3
-5
-5
-8
-10
-16
-19
-16
-17
-21
-22
-22
-25
-25
-29
-29
-32
-31
-30
-21
-19
-22
-17
-15
-8
-4
-1
5
10
7
16
14
11
16
17
21
19
