-2
-9
-9
-4
-5
-5
-3
-8
-8
-9
-9
-4
-5
-9
-5
-3
0
-5
-5
-13
-21
-21
-25
-25
-25
-26
-21
-18
-20
-18
-16
-9
-4
-1
-1
3
1
-2
-3
-3
4
2
1
-2
-3
5
8
18
10
6
1
0
3
4
9
9
13
14
13
7
5
5
2
8
2
-2
0
0
3
5
5
4
3
4
8
6
5
8
3
6
1
0
11
12
15
13
15
17
17
19
12
11
12
20
15
14
15
19
15
13
19
17
11
11
11
12
10
6
5
2
1
-7
0
-1
-1
2
4
-2
-6
-6
-5
-5
-7
1
8
6
7
6
2
0
-4
-13
-20
-15
-11
-10
-11
-15
-11
-11
-16
-11
-13
-11
-6
-1
9
13
13
14
12
5
1
5
5
8
11
12
18
20
21
22
23
19
20
19
21
21
20
17
18
25
26
29
23
19
15
13
6
3
0
2
8
8
9
9
6
-2
-3
1
-5
-7
-7
-11
-18
-15
-16
-16
-15
-18
-17
-24
-29
-28
-30
-29
-31
-33
-36
-37
-41
-43
-45
-47
-54
-62
-61
-66
-66
-65
-59
-59
-62
-56
-59
-59
-63
-62
-65
-66
-62
-62
-57
-56
-46
-42
-38
-38
-38
-36
-36
-31
-21
-7
-10
-8
-2
0
8
5
17
33
51
63
66
78
92
101
103
108
121
120
128
138
142
140
137
144
131
125
120
117
108
88
80
77
66
54
39
25
10
1
0
-13
-20
-12
-8
-20
-22
-13
-3
-4
-12
-5
-6
-17
-23
-27
-28
-38
-42
-46
-49
-53
-56
-58
-71
-75
-74
-77
-85
-92
-89
-80
-76
-77
-68
-72
-75
-70
-64
-66
-63
-70
-75
-74
-66
-41
-33
-30
-15
1
7
21
41
54
51
55
60
64
62
72
72
60
56
59
59
41
37
39
37
22
21
25
24
20
8
2
4
3
6
5
-8
-5
-6
-9
-12
-3
4
1
2
14
16
8
2
-6
-7
-22
-29
-36
-41
-43
-50
-46
-47
-46
-42
-37
-36
-44
-37
-36
-27
-25
-12
9
17
24
30
28
29
26
34
37
29
36
41
44
48
58
59
59
59
61
67
60
59
57
49
44
45
42
35
24
20
12
4
0
0
4
-9
-3
-5
-3
-6
-11
-1
-11
-10
-3
-6
-3
-4
-11
-13
-15
-11
-2
-3
-8
-14
-10
-14
-28
-30
-36
-36
-37
-43
-39
-31
-27
-24
-27
-31
-41
-38
-37
-42
-35
-32
-29
-26
-19
-19
-14
-16
-19
-20
-13
-7
0
5
12
16
33
40
37
40
36
42
36
38
42
42
36
35
33
18
30
25
8
-2
-7
2
9
1
4
1
-13
-21
-35
-35
-36
-42
-41
-34
-36
-37
-39
-41
-44
-37
-28
-32
-38
-54
-56
-66
-62
-53
-54
-55
-50
-47
-46
-44
-37
-22
-13
-24
-20
-7
-4
-6
2
19
20
30
33
39
33
26
35
31
21
20
24
30
29
40
58
72
81
101
121
123
113
119
132
121
108
101
106
103
100
97
76
51
53
43
36
6
-8
-15
-27
-26
-29
-26
-27
-35
-42
-62
-70
-71
-78
-68
-80
-75
-62
-70
-64
-61
-62
-67
-82
-87
-106
-132
-140
-130
-116
-101
-91
-76
-71
-86
-88
-98
-109
-118
-110
-96
-88
-64
-48
-31
-24
-14
20
20
-6
-14
-12
-19
-34
-28
5
30
44
71
99
125
157
186
198
198
205
223
248
244
264
296
300
289
300
317
323
298
269
243
213
173
146
132
111
95
68
27
-17
-35
-43
-57
-68
-86
-112
-127
-139
-155
-154
-169
-186
-192
-201
-228
-252
-279
-313
-355
-384
-361
-358
-368
-385
-370
-369
-375
-352
-333
-311
-317
-310
-306
-305
-281
-246
-217
-175
-155
-117
-84
-46
-4
27
44
75
102
105
110
104
116
106
66
59
56
70
87
121
160
196
250
293
366
406
451
501
554
621
657
671
690
699
725
719
721
716
668
643
612
593
553
504
477
432
349
270
201
116
49
-35
-120
-179
-218
-274
-295
-337
-370
-395
-428
-428
-447
-456
-456
-478
-466
-463
-485
-514
-538
-554
-602
-626
-630
-601
-612
-626
-625
-642
-626
-637
-624
-641
-627
-688
-729
-728
-674
-588
-545
-436
-268
-155
-90
4
121
241
152
-56
-322
-418
-550
-609
-749
-793
-771
-636
-477
-425
-300
-49
231
448
621
780
1037
1355
1588
1673
1692
1857
2121
2318
2354
2358
2426
2447
2354
2101
1889
1729
1494
1128
762
387
101
-153
-373
-620
-797
-978
-1075
-1201
-1274
-1242
-1258
-1051
-997
-875
-802
-592
-400
-341
-329
-164
-31
110
237
417
561
584
645
592
580
521
420
112
-199
-501
-752
-1018
-1383
-1625
-1735
-1854
-1981
-2032
-1923
-1765
-1711
-1615
-1501
-1274
-1117
-929
-670
-417
-225
-130
1
78
240
458
532
655
594
697
654
708
309
-397
-1215
-1635
-1816
-2312
-2880
-3157
-2749
-2509
-2348
-2295
-1850
-1269
-531
-12
373
561
1077
1834
2343
2513
2595
3161
3743
4100
4065
4058
4304
4663
4788
4355
3883
3614
3549
3011
2127
1323
845
382
-229
-868
-1212
-1406
-1700
-1865
-2016
-1991
-2030
-1800
-1616
-1534
-1560
-1367
-977
-778
-765
-718
-381
-33
148
202
605
913
1162
1294
1555
1670
1614
1401
1034
689
247
-132
-674
-1195
-1634
-1928
-2278
-2560
-2575
-2540
-2601
-2714
-2629
-2479
-2437
-2482
-2331
-2166
-2128
-2072
-1900
-1746
-1499
-1165
-808
-444
-181
211
520
858
1040
1221
1268
1115
1011
789
617
235
-168
-686
-1113
-1551
-1757
-1745
-1729
-1680
-1436
-1128
-818
-543
-146
362
744
1032
1218
1690
2026
2257
2454
2774
3153
3485
3727
3966
4258
4321
4261
4022
3768
3501
3102
2511
1814
1247
734
115
-492
-826
-1084
-1284
-1628
-1731
-1712
-1661
-1685
-1716
-1584
-1589
-1559
-1490
-1332
-1163
-975
-819
-566
-276
129
629
930
1076
1175
1304
1262
1091
842
634
300
-107
-529
-923
-1266
-1522
-1672
-1903
-2150
-2362
-2451
-2574
-2634
-2649
-2617
-2675
-2786
-2730
-2526
-2317
-2009
-1575
-1202
-876
-494
26
442
748
839
936
966
1071
921
128
-754
-1593
-1365
-1601
-2142
-2526
-2130
-1380
-987
-834
-461
-75
605
1204
1600
1538
1441
2105
2580
2600
2188
2501
3274
3857
3929
3826
4103
4541
4823
4551
4020
3619
3484
3148
2127
976
252
-209
-878
-1587
-2015
-2233
-2469
-2399
-2317
-2272
-2437
-2211
-1739
-1646
-1975
-2183
-1845
-1560
-1745
-2053
-1801
-1333
-1117
-1007
-585
-86
210
645
1079
1289
1408
1617
1683
1314
813
568
367
-114
-549
-518
-648
-922
-1039
-892
-740
-782
-609
-541
-649
-746
-647
-567
-745
-855
-806
-820
-963
-814
-334
-26
-39
-10
356
547
341
230
364
314
-25
-327
-350
-412
-791
-1165
-1707
-1957
-2163
-2334
-2504
-2560
-2247
-1908
-1881
-1891
-1651
-1014
-514
-269
-82
131
713
1165
1551
1835
2311
2918
3367
3519
3475
3788
4083
3974
3544
3208
3106
2777
2343
1855
1487
1149
729
386
193
116
4
-196
-336
-498
-528
-659
-749
-756
-873
-1030
-1254
-1260
-1104
-793
-656
-495
-257
188
526
754
1077
1363
1508
1425
1356
1296
1148
854
570
226
-39
-295
-586
-947
-1386
-1730
-1999
-2267
-2643
-2957
-3127
-3275
-3391
-3478
-3443
-3148
-2729
-2348
-1951
-1538
-1024
-506
-146
167
399
503
449
425
316
317
305
465
-39
-941
-1824
-1826
-1276
-1433
-1895
-2194
-1579
-949
-850
-942
-605
-150
479
662
705
639
1126
2001
2547
2402
2414
3292
4329
4909
4870
4896
5178
5468
5384
4673
3948
3592
3411
2636
1354
440
195
-60
-712
-1535
-1947
-2057
-2081
-2168
-2297
-2594
-2822
-2672
-2619
-2732
-3063
-2780
-2535
-2572
-2884
-2586
-1860
-1367
-1076
-733
-140
353
875
1389
1704
1889
2054
1934
1597
1238
1312
1262
699
136
-229
-408
-736
-916
-905
-1059
-1475
-1778
-1775
-1877
-2105
-2217
-2101
-2150
-2233
-2206
-2013
-1712
-1403
-970
-709
-667
-415
94
475
551
524
634
741
696
645
755
867
1115
1228
677
14
-457
-133
-352
-1014
-1615
-1533
-1327
-1425
-1622
-1460
-1182
-794
-469
-155
217
677
1476
2106
2522
2787
3570
4227
4479
4504
4551
4743
4540
4202
3829
3468
3008
2520
1961
1398
976
623
105
-498
-899
-1120
-1458
-1953
-2299
-2552
-2998
-3567
-3711
-3687
-3757
-3845
-3585
-3224
-2983
-2678
-2084
-1259
-686
-219
217
583
1036
1453
1946
2129
2177
2242
2217
2003
1669
1631
1524
1038
432
-105
-492
-1019
-1504
-1869
-2349
-2877
-3113
-2893
-2840
-2943
-2775
-2387
-1957
-1657
-1341
-970
-517
-180
-21
-71
-5
193
437
325
73
109
364
701
902
917
589
81
-332
-198
-430
-982
-1474
-1414
-1197
-1540
-2023
-2093
-1745
-1242
-761
-419
-142
466
1646
2675
3230
3610
4500
5452
5857
5806
5723
5809
5734
5335
4670
3981
3522
3284
2755
1871
1042
495
189
-311
-977
-1618
-2137
-2588
-2851
-3272
-3703
-4282
-4301
-4307
-4670
-4865
-4651
-3961
-3652
-3422
-2890
-1946
-1203
-689
-83
698
1435
1896
2197
2463
2698
2804
2692
2336
1944
1696
1461
841
208
-13
-92
-614
-1278
-1544
-1686
-1971
-2484
-2661
-2706
-2892
-3115
-3120
-2977
-2774
-2447
-2062
-1749
-1352
-881
-386
0
403
1037
1502
1695
1846
2092
2351
2363
2213
2099
2019
2039
2057
2037
1339
503
-314
-557
-1129
-1924
-2427
-2618
-2537
-2792
-2822
-2550
-2153
-1634
-972
-371
189
744
1777
2617
3072
3273
3707
4320
4602
4645
4489
4424
4280
3995
3576
3116
2857
2689
2300
1453
909
606
275
-339
-1021
-1551
-2059
-2744
-3409
-3743
-4072
-4246
-4354
-4211
-4034
-3714
-3183
-2430
-1845
-1243
-499
256
798
1280
1931
2277
2500
2591
2847
2862
2630
2127
1809
1427
955
508
-11
-548
-1037
-1459
-2027
-2597
-2938
-2955
-3115
-3411
-3669
-3545
-3297
-3157
-2939
-2653
-2318
-2116
-1823
-1330
-822
-461
-261
-33
170
487
697
771
889
1103
1144
1300
1442
1931
1772
973
343
62
388
-322
-1002
-1347
-1160
-1132
-1431
-1612
-1289
-963
-398
123
684
1193
1899
2987
3779
4205
4413
4997
5526
5644
5267
4794
4536
4293
3897
3014
2316
1940
1848
1348
425
-204
-359
-528
-969
-1606
-2051
-2416
-2719
-3021
-3490
-3853
-4269
-4138
-4182
-4271
-4293
-3749
-2995
-2777
-2435
-1956
-906
-161
275
810
1431
1957
2081
2119
2246
2309
2349
2209
1999
1637
1377
1447
1212
991
690
447
-46
-500
-861
-1289
-1670
-2144
-2420
-2836
-3271
-3561
-3496
-3303
-3232
-3093
-2754
-2292
-1810
-1246
-633
-213
32
318
754
1051
1095
1291
1554
1686
1415
1257
1422
1857
2057
1228
362
-402
-298
-443
-1283
-1835
-1851
-1490
-1642
-1918
-1580
-945
-363
57
378
898
1204
1932
2553
2820
2797
3027
3581
3717
3581
3369
3385
3183
2856
2470
2321
2348
2205
1996
1537
1275
1117
850
239
-290
-724
-1163
-1982
-2754
-3067
-3437
-3682
-3916
-3768
-3451
-3146
-2621
-1855
-1082
-418
166
958
1486
1786
2104
2304
2463
2282
2223
1971
1624
1365
1170
1030
702
578
466
263
-60
-379
-695
-1141
-1495
-1843
-2282
-2852
-3290
-3250
-3190
-3406
-3550
-3302
-2882
-2684
-2430
-1941
-1321
-963
-818
-670
-459
-325
-197
-180
-165
-14
162
324
609
1108
1643
1464
883
575
691
1048
472
-106
-467
-405
-444
-630
-765
-558
-279
241
714
1099
1467
2291
3293
3884
3994
3991
4463
4776
4668
4092
3624
3276
3017
2603
1870
1381
1131
984
432
-155
-450
-469
-619
-1120
-1644
-2011
-2332
-2568
-2870
-3159
-3555
-3895
-3925
-4059
-3997
-3967
-3457
-3081
-2706
-2433
-1813
-1030
-362
166
601
1147
1303
1364
1687
2067
2199
2167
2129
2092
1839
1678
1569
1538
1373
1081
732
233
-113
-480
-880
-1417
-1993
-2333
-2714
-3046
-3247
-3111
-2986
-2795
-2591
-2162
-1770
-1326
-548
173
645
762
1003
1369
1632
1632
1702
1884
2061
1981
1953
2354
2825
3011
2175
1389
680
818
580
-336
-1123
-1432
-1496
-1959
-2512
-2521
-2217
-2148
-1878
-1637
-1199
-941
-224
453
744
596
879
1720
2081
1798
1606
1951
2160
2138
1904
2038
2410
2584
2463
2008
1888
1919
1819
1151
350
-156
-540
-1286
-1970
-2282
-2462
-2800
-3120
-2995
-2606
-2226
-1782
-1034
-363
60
451
1058
1622
1938
2068
2075
2093
2005
2099
2116
1980
1820
1827
1836
1705
1470
1456
1527
1151
561
-80
-618
-1079
-1551
-2159
-2939
-3575
-3827
-3902
-4173
-4226
-3946
-3429
-3184
-3019
-2573
-2028
-1608
-1400
-1134
-955
-911
-816
-548
-381
-315
-115
347
894
1405
1780
2473
2594
2289
1877
1517
1520
749
-144
-900
-1138
-1305
-1854
-2391
-2474
-2151
-1470
-1046
-614
-6
956
1924
2265
2360
2673
3395
3826
3651
3164
2948
3069
3104
2855
2486
2499
2690
2933
2765
2383
2404
2446
2202
1361
554
173
-291
-876
-1540
-2192
-2798
-3443
-3687
-3696
-3608
-3465
-3446
-3012
-2559
-2059
-1632
-1159
-587
-101
187
342
672
1068
1514
1725
1872
1926
2126
2430
2539
2518
2468
2273
1974
1560
1025
386
-321
-993
-1681
-2389
-3183
-3761
-3951
-4105
-4181
-4165
-3874
-3579
-3313
-2924
-2339
-1788
-1375
-1068
-747
-381
-68
317
637
1066
1450
1729
1924
2152
2649
3265
3667
3854
3133
2485
1734
1394
911
-383
-1379
-2091
-2188
-2649
-3396
-3619
-3390
-3172
-2972
-2729
-2295
-1787
-1011
-361
-19
185
903
1919
2404
2288
2237
2666
3159
3224
3232
3435
3843
3874
3869
3685
3554
3483
3107
2546
1753
977
426
-162
-877
-1600
-2192
-2611
-2796
-2828
-2851
-2784
-2450
-2080
-1738
-1444
-886
-159
357
666
1021
1259
1608
1779
2022
2288
2332
2545
2596
2744
2641
2513
2453
2098
1463
738
104
-583
-1386
-2174
-2901
-3685
-4300
-4720
-4875
-5000
-4981
-4784
-4493
-4151
-3835
-3374
-2828
-2232
-1867
-1627
-1446
-1071
-726
-510
-400
-133
519
1097
1550
1933
2781
3560
4012
3757
3237
2601
1960
1405
403
-695
-1716
-2303
-2775
-3233
-3608
-3459
-2944
-2157
-1442
-762
-182
588
1641
2299
2431
2385
2894
3430
3405
3030
3053
3576
3940
4005
3977
4244
4489
4659
4452
4113
3821
3407
2858
1985
1076
274
-525
-1406
-2210
-2904
-3431
-3860
-3920
-3863
-3821
-3696
-3409
-2830
-2550
-2301
-2020
-1443
-993
-940
-876
-568
-117
175
508
911
1421
1792
2141
2443
2606
2654
2557
2159
1547
843
185
-570
-1398
-2179
-2829
-3417
-3964
-4234
-4222
-4124
-4002
-3688
-3304
-2923
-2486
-2019
-1553
-1176
-870
-590
-291
69
548
1172
1590
1940
2410
2865
3270
3547
3871
4123
4078
4003
3576
2507
1381
192
-199
-1239
-2567
-3538
-3684
-3570
-3796
-4028
-3849
-3336
-2633
-1853
-1402
-1121
-738
138
749
840
956
1712
2530
2675
2622
3008
3786
4356
4502
4518
4704
4836
4870
4691
4060
3461
2789
2082
1082
200
-464
-1110
-1959
-2555
-2970
-3314
-3609
-3762
-3524
-3512
-3551
-3324
-2787
-2344
-2078
-1526
-865
-406
-110
421
891
1380
1660
2162
2552
2839
2936
3047
2951
2637
2390
2036
1410
548
-33
-761
-1571
-2425
-3010
-3331
-3742
-4131
-4230
-4157
-4203
-4092
-3889
-3460
-3153
-2861
-2500
-2143
-1817
-1550
-1215
-869
-318
232
788
1171
1613
2233
2956
3390
3753
3999
4178
4286
3988
3059
1943
889
450
-341
-1628
-2600
-2893
-2811
-2921
-3275
-3227
-2815
-2214
-1493
-1026
-752
-536
222
896
1103
1110
1493
2290
2767
2701
2772
3323
4076
4404
4334
4254
4396
4620
4558
3907
3196
2672
2147
1338
256
-684
-1258
-1919
-2591
-3226
-3732
-3999
-3926
-3676
-3712
-3801
-3589
-3218
-3013
-3051
-2762
-2218
-1808
-1658
-1396
-707
20
525
1133
1806
2293
2748
3066
3320
3297
3323
3193
2628
1882
1314
936
260
-561
-1170
-1625
-2235
-2799
-3004
-2983
-3200
-3406
-3293
-2951
-2738
-2556
-2211
-1831
-1472
-1145
-634
-106
487
1109
1785
2214
2539
2940
3225
3448
3546
3582
3440
2958
2749
2564
2380
1426
250
-773
-1522
-1886
-2880
-3614
-4088
-4127
-4169
-4241
-4252
-3936
-3658
-2989
-2478
-2121
-1878
-1258
-282
444
730
998
2013
3047
3639
3849
4209
4862
5356
5369
5057
5113
5172
4945
4317
3394
2771
2180
1418
362
-629
-1272
-1901
-2723
-3457
-3907
-4105
-4240
-4246
-4163
-3982
-3711
-3329
-2802
-2339
-1832
-1160
-459
-46
348
841
1342
1824
2269
2864
3166
3260
3346
3569
3730
3401
2953
2527
2070
1445
725
193
-411
-1076
-1651
-2385
-3101
-3594
-3815
-3987
-4219
-4245
-4027
-3744
-3519
-3128
-2607
-2032
-1579
-904
-239
296
787
1340
1949
2231
2358
2603
2915
2790
2556
2412
2380
2306
2055
1458
493
-403
-1061
-1352
-2040
-2869
-3444
-3589
-3719
-3975
-4171
-4063
-3801
-3348
-2891
-2618
-2355
-1708
-606
155
507
1003
2074
3284
3902
4324
4783
5415
5913
5966
5864
5806
5809
5655
5045
3972
3120
2576
1904
774
-347
-1060
-1580
-2215
-2867
-3312
-3479
-3581
-3632
-3771
-3779
-3585
-3208
-2866
-2736
-2570
-2106
-1552
-1180
-907
-289
343
1004
1435
2080
2741
3199
3581
3920
4110
3968
3681
3597
3318
2600
1812
1092
372
-612
-1627
-2493
-3086
-3755
-4177
-4450
-4600
-4437
-4190
-3796
-3488
-3020
-2244
-1614
-1020
-493
52
464
690
959
1246
1403
1238
1155
1246
1221
1152
980
974
974
932
993
1005
1041
367
-281
-1162
-1594
-2011
-3031
-3909
-4612
-4548
-4569
-4912
-5120
-4755
-4085
-3301
-2699
-2012
-1224
-76
1062
1912
2421
3225
4352
5097
5280
5287
5767
6278
6299
5985
5694
5499
5077
4574
3726
2899
2171
1512
749
-107
-722
-1224
-1699
-2068
-2348
-2686
-2934
-3227
-3246
-3312
-3468
-3501
-3246
-2727
-2352
-2038
-1580
-822
-158
435
1119
1898
2354
2802
3364
3918
4294
4331
4299
4042
3560
2861
2038
1393
710
-210
-1306
-2419
-3134
-3573
-4014
-4421
-4609
-4467
-4440
-4467
-4160
-3527
-2947
-2773
-2590
-2224
-1750
-1364
-859
-411
-133
21
239
630
944
1223
1513
1812
1807
1815
2095
2534
2721
2659
2520
2012
1203
187
-641
-1220
-2126
-3220
-4166
-4766
-4923
-4937
-4886
-4743
-4406
-3591
-2605
-1784
-1022
40
1329
2312
2782
3333
4378
5436
6046
6110
6141
6295
6396
6288
5818
5290
4772
4298
3583
2733
2011
1434
830
208
-455
-1068
-1602
-2084
-2412
-2831
-3396
-3931
-4330
-4491
-4658
-4855
-4711
-4574
-4195
-3706
-3097
-2360
-1626
-670
327
1162
2016
2974
3757
4150
4288
4533
4701
4490
4133
3741
3076
2106
1147
479
-162
-1072
-1908
-2460
-2801
-3197
-3561
-3730
-3872
-3898
-3942
-3917
-3787
-3532
-3139
-2844
-2631
-2263
-1752
-1275
-895
-469
128
567
839
1199
1709
2122
2213
2217
2360
2568
2646
2540
2266
2189
2071
1901
1155
-32
-1072
-1845
-2332
-3353
-4331
-4961
-5072
-5058
-5116
-4892
-4351
-3703
-2822
-1859
-1036
-255
769
2057
2954
3358
3757
4652
5512
5688
5399
5357
5638
5662
5446
5102
4929
4632
4201
3596
2945
2403
1862
1035
97
-769
-1442
-2170
-2972
-3617
-4123
-4586
-4968
-4976
-4674
-4213
-3773
-3075
-2320
-1477
-670
305
1231
1968
2490
3056
3510
3836
4016
4174
4233
4116
3717
3170
2723
2242
1775
1102
383
-416
-1222
-1881
-2604
-3274
-3886
-4329
-4826
-5295
-5522
-5501
-5420
-5229
-4986
-4666
-4237
-3756
-3067
-2238
-1448
-771
-195
342
985
1595
2118
2318
2453
2642
2811
2978
2955
3141
3149
2919
2485
1972
1333
349
-700
-1638
-2516
-3454
-4395
-4996
-5152
-5136
-5001
-4834
-4361
-3592
-2550
-1417
-460
419
1411
2563
3473
4151
4761
5512
6102
6362
6478
6518
6726
6745
6480
5994
5429
5103
4752
4104
3174
2226
1530
780
-211
-1206
-2060
-2798
-3542
-4413
-5181
-5658
-5879
-5884
-5794
-5588
-5226
-4523
-3695
-2951
-2213
-1319
-464
344
1155
1974
2638
3062
3406
3569
3653
3645
3703
3756
3609
3258
2824
2547
2080
1437
735
-62
-937
-1894
-2659
-3343
-4029
-4624
-5171
-5456
-5569
-5511
-5192
-4702
-4032
-3231
-2414
-1660
-863
2
722
1227
1591
2026
2401
2560
2682
2815
2802
2737
2684
2685
2737
2582
2364
2074
1762
1383
967
284
-942
-2182
-3167
-3759
-4671
-5707
-6222
-6207
-5898
-5663
-5294
-4487
-3488
-2321
-1061
22
975
1975
3207
4117
4528
4806
5405
6035
6162
5950
5756
5726
5765
5524
5081
4707
4416
4057
3467
2532
1715
1082
260
-848
-1928
-2713
-3331
-4074
-4678
-5097
-5145
-5090
-4803
-4216
-3534
-2787
-2043
-1122
-148
633
1270
1890
2543
3056
3379
3736
4031
4266
4391
4324
4162
3884
3539
3083
2409
1709
914
-74
-1098
-2132
-3061
-4045
-5038
-5771
-6306
-6697
-6913
-6816
-6327
-5769
-5215
-4557
-3544
-2517
-1653
-975
-249
602
1210
1611
1901
2392
2851
3155
3231
3395
3781
3998
3954
3834
3763
3553
3179
2534
1867
998
-56
-1398
-2707
-3825
-4837
-5680
-6422
-6711
-6674
-6290
-5768
-4998
-4057
-2848
-1595
-373
676
1663
2707
3716
4553
5008
5442
5974
6412
6646
6633
6557
6481
6357
5997
5485
4881
4297
3578
2625
1544
529
-419
-1380
-2374
-3370
-4184
-4830
-5303
-5675
-5811
-5824
-5621
-5249
-4719
-4064
-3311
-2334
-1513
-786
-75
802
1682
2451
3033
3462
3781
4054
4360
4589
4669
4490
4142
3640
3009
2224
1505
754
-95
-1049
-2095
-3089
-3922
-4522
-4965
-5359
-5689
-5740
-5552
-5242
-4782
-4138
-3414
-2681
-1859
-1031
-117
635
1375
2185
2843
3204
3442
3771
4126
4277
4135
3959
3865
3730
3344
2867
2366
1952
1395
671
-122
-712
-1318
-1925
-2972
-4077
-4949
-5501
-5738
-6129
-6302
-6106
-5475
-4677
-3920
-3167
-2150
-1070
156
1151
1961
2679
3456
4184
4640
4829
4875
5222
5522
5357
4848
4475
4382
4160
3647
2974
2491
2010
1467
725
-86
-731
-1316
-1946
-2717
-3254
-3536
-3584
-3678
-3758
-3626
-3244
-2725
-2153
-1449
-735
13
872
1789
2533
3133
3796
4501
4932
5013
4873
4828
4786
4418
3896
3181
2381
1576
621
-309
-1116
-1873
-2726
-3711
-4519
-4998
-5329
-5658
-5864
-5942
-5910
-5786
-5467
-4795
-4066
-3453
-2832
-2071
-1180
-452
277
1135
1907
2415
2662
2974
3272
3602
3757
3691
3515
3227
2945
2616
2160
1561
982
328
-316
-1013
-1636
-2192
-2870
-3662
-4544
-5037
-5404
-5503
-5639
-5658
-5364
-4664
-3891
-3058
-2195
-1185
-102
953
1879
2753
3723
4541
5211
5599
5930
6219
6444
6419
6232
5847
5378
4972
4498
3917
3171
2416
1724
1013
286
-485
-1104
-1649
-2214
-2766
-3194
-3501
-3736
-3897
-3963
-3914
-3667
-3295
-2764
-2118
-1509
-851
-76
773
1616
2185
2608
2949
3242
3353
3344
3308
3311
3148
2726
2257
1849
1487
902
160
-474
-1033
-1692
-2386
-2910
-3278
-3693
-4165
-4467
-4527
-4398
-4216
-3964
-3544
-2962
-2418
-1851
-1127
-210
557
1075
1485
1984
2509
2882
3034
3010
3019
2832
2438
2031
1763
1497
954
345
-222
-599
-888
-1240
-1718
-2208
-2594
-2918
-3140
-3314
-3461
-3818
-4166
-4572
-4569
-4326
-4054
-3835
-3460
-2812
-2072
-1383
-689
160
992
1834
2430
2940
3455
3915
4375
4522
4428
4357
4374
4357
4098
3772
3487
3189
2850
2503
2265
2051
1724
1375
925
510
34
-298
-615
-878
-1176
-1292
-1346
-1334
-1183
-996
-602
-191
283
592
1084
1593
2048
2378
2401
2401
2412
2398
2158
1870
1615
1336
891
415
-3
-262
-550
-1021
-1536
-1885
-2219
-2647
-3054
-3362
-3576
-3816
-3982
-4101
-3947
-3701
-3515
-3209
-2859
-2397
-1909
-1292
-722
-150
263
774
1264
1675
1956
2090
2262
2257
2111
1894
1705
1407
1007
572
246
3
-279
-710
-1100
-1398
-1670
-1893
-2066
-2210
-2221
-2304
-2485
-2783
-3011
-2891
-2826
-2673
-2653
-2389
-1989
-1510
-1020
-480
79
710
1364
1937
2358
2724
3180
3623
3981
3932
3835
3919
3985
3848
3471
3069
2793
2634
2301
2013
1614
1370
1206
920
561
163
-26
-246
-540
-909
-1148
-1281
-1206
-1102
-1002
-876
-613
-290
15
372
665
1004
1326
1460
1534
1577
1570
1506
1240
984
686
312
119
-69
-132
-211
-312
-483
-629
-693
-765
-890
-1155
-1406
-1703
-2025
-2387
-2727
-2913
-3053
-3039
-2959
-2896
-2743
-2384
-1873
-1313
-814
-292
182
660
1059
1293
1446
1511
1522
1345
1065
744
382
44
-356
-781
-1123
-1354
-1489
-1507
-1470
-1394
-1319
-1227
-1132
-975
-868
-873
-825
-970
-1092
-1562
-1718
-1777
-1638
-1540
-1562
-1298
-868
-337
117
435
837
1397
1862
2126
2195
2458
2760
2928
2829
2623
2603
2711
2795
2690
2631
2702
2822
2788
2617
2513
2413
2291
1806
1340
947
579
300
-34
-243
-438
-586
-642
-626
-520
-380
-304
-100
70
94
91
5
55
-25
-308
-658
-893
-1006
-1085
-1209
-1235
-1079
-806
-641
-535
-227
116
299
212
27
-125
-358
-692
-1017
-1254
-1571
-1970
-2277
-2362
-2276
-2160
-2055
-1767
-1279
-835
-460
-89
294
638
700
567
437
297
75
-261
-628
-920
-1125
-1263
-1457
-1522
-1404
-1261
-1044
-787
-477
-219
-17
153
210
247
225
255
69
-61
-297
-593
-806
-953
-886
-931
-884
-940
-748
-452
-172
32
171
248
460
678
925
1106
1275
1534
1798
2023
2171
2487
2789
3110
3286
3271
3293
3299
3388
3298
3099
2708
2436
2196
1917
1627
1221
915
620
266
2
-225
-319
-398
-536
-857
-1218
-1396
-1649
-1682
-2026
-2136
-2102
-2171
-2142
-1958
-1602
-1370
-1235
-910
-425
6
400
850
1194
1289
1192
1112
1028
752
459
67
-440
-932
-1250
-1421
-1722
-1908
-1993
-1976
-1863
-1771
-1478
-1261
-1133
-1023
-914
-800
-760
-630
-474
-571
-824
-916
-812
-691
-670
-547
-261
12
250
555
897
1219
1388
1387
1283
1151
985
796
433
-70
-461
-733
-940
-1129
-1333
-1423
-1641
-1831
-1825
-1738
-1535
-1440
-1368
-1220
-1090
-939
-652
-374
-48
186
597
950
1299
1699
2126
2456
2669
2884
3104
3333
3467
3483
3406
3236
3038
2785
2551
2247
2006
1717
1375
991
612
335
-42
-373
-752
-1098
-1392
-1592
-1745
-1880
-2050
-2088
-1974
-1836
-1689
-1544
-1169
-815
-459
-152
206
543
769
1006
1230
1361
1415
1613
1701
1529
1323
1168
1019
725
301
-39
-393
-763
-1064
-1292
-1474
-1696
-1893
-2043
-2035
-1989
-1943
-1884
-1822
-1610
-1307
-1080
-872
-628
-312
-84
-19
124
372
563
592
549
574
611
515
463
391
246
69
-152
-373
-672
-879
-974
-1153
-1372
-1546
-1648
-1672
-1760
-1789
-1963
-2094
-2186
-2274
-2212
-2207
-2064
-1919
-1677
-1353
-995
-574
-119
358
891
1371
1828
2242
2594
2964
3211
3346
3393
3447
3493
3447
3393
3287
3045
2810
2636
2452
2353
2220
2151
1974
1701
1491
1185
899
538
134
-160
-461
-697
-857
-1000
-1206
-1338
-1317
-1250
-1164
-1077
-901
-680
-542
-408
-211
-24
15
47
68
60
16
-33
25
-64
-250
-356
-441
-502
-580
-646
-788
-971
-1048
-1101
-1104
-1225
-1283
-1280
-1336
-1326
-1222
-986
-786
-674
-478
-267
-56
74
225
349
302
101
-137
-239
-378
-635
-864
-1010
-1154
-1288
-1370
-1422
-1482
-1392
-1264
-1281
-1223
-1069
-933
-870
-910
-816
-666
-624
-545
-355
-151
77
119
233
352
419
527
574
629
717
834
1053
1177
1203
1274
1352
1464
1448
1450
1547
1605
1733
1822
1841
1801
1849
1930
1941
1839
1834
1931
1997
1955
1874
1919
1906
1867
1783
1655
1413
1135
876
695
384
63
-250
-626
-1012
-1320
-1518
-1631
-1739
-1857
-1956
-1976
-1943
-1865
-1729
-1646
-1619
-1572
-1441
-1304
-1062
-744
-402
-217
-27
295
667
1040
1240
1351
1343
1196
1046
907
788
660
401
86
-191
-388
-570
-786
-941
-1064
-1112
-1185
-1302
-1369
-1364
-1360
-1433
-1597
-1767
-1827
-1876
-1961
-2116
-2190
-2149
-2017
-1820
-1614
-1388
-1123
-729
-291
93
398
676
857
955
1052
1107
1116
1091
983
722
404
128
-133
-319
-598
-820
-824
-918
-940
-912
-795
-536
-413
-271
-16
264
547
814
1108
1410
1731
2100
2474
2827
3052
3333
3582
3750
3920
4114
4309
4337
4180
3984
3690
3302
2865
2368
1743
1001
344
-210
-743
-1377
-1936
-2391
-2924
-3395
-3702
-3871
-3889
-3967
-4021
-3921
-3769
-3465
-3104
-2797
-2422
-1979
-1423
-742
-78
651
1347
1840
2212
2543
2853
3009
2977
2830
2566
2122
1616
1196
826
389
-27
-419
-745
-1057
-1293
-1440
-1621
-1776
-1902
-1996
-2078
-2188
-2262
-2330
-2437
-2501
-2453
-2363
-2238
-2072
-1829
-1452
-1098
-692
-165
397
929
1433
1917
2302
2564
2687
2698
2603
2342
1982
1478
951
496
32
-463
-931
-1407
-1765
-2065
-2353
-2507
-2605
-2621
-2571
-2433
-2249
-1985
-1650
-1328
-979
-601
-184
283
813
1223
1579
1965
2423
2887
3280
3656
4052
4410
4552
4534
4538
4533
4370
4045
3609
3046
2364
1639
873
161
-553
-1237
-1933
-2571
-3083
-3425
-3668
-3788
-3863
-3765
-3594
-3321
-2871
-2325
-1641
-1098
-602
-50
508
986
1470
1909
2354
2653
2846
3058
3208
3242
3198
3035
2718
2295
1848
1402
880
345
-255
-831
-1359
-1907
-2349
-2705
-3022
-3307
-3469
-3514
-3574
-3541
-3463
-3349
-3235
-3087
-2840
-2526
-2213
-1853
-1471
-1085
-586
-83
430
963
1458
1967
2383
2613
2685
2640
2502
2155
1709
1241
725
153
-446
-969
-1478
-1967
-2355
-2566
-2625
-2678
-2666
-2486
-2205
-1924
-1613
-1243
-807
-418
-82
217
523
941
1396
1743
1990
2227
2531
2860
3157
3481
3784
4088
4269
4312
4291
4268
4149
3854
3391
2881
2296
1689
1081
432
-276
-940
-1462
-1983
-2424
-2682
-2857
-3040
-3083
-2995
-2797
-2525
-2122
-1727
-1336
-973
-635
-181
278
706
994
1227
1474
1689
1974
2187
2350
2421
2379
2286
2143
1971
1785
1509
1016
443
-131
-690
-1253
-1829
-2343
-2830
-3214
-3501
-3649
-3707
-3701
-3610
-3486
-3417
-3297
-3036
-2708
-2340
-2044
-1673
-1319
-882
-461
-32
367
673
941
1221
1518
1720
1857
1888
1843
1665
1421
1182
917
494
80
-425
-894
-1223
-1544
-1810
-2050
-2158
-2214
-2241
-2280
-2172
-1959
-1671
-1360
-1092
-774
-417
-8
344
737
1152
1583
1997
2325
2626
2898
3172
3362
3465
3532
3517
3507
3470
3345
3166
3013
2833
2704
2435
2177
1883
1534
1189
775
383
-69
-442
-777
-1092
-1381
-1620
-1787
-1946
-2033
-2035
-1975
-1790
-1597
-1332
-1028
-724
-376
-41
310
631
912
1145
1314
1377
1409
1440
1400
1378
1284
1145
895
664
419
110
-196
-530
-874
-1310
-1649
-1880
-2157
-2369
-2501
-2579
-2581
-2552
-2476
-2341
-2134
-1970
-1815
-1558
-1317
-1086
-954
-797
-563
-412
-275
-181
-86
62
172
244
291
312
417
442
389
345
302
255
57
-227
-478
-760
-1068
-1344
-1526
-1639
-1689
-1701
-1684
-1604
-1467
-1211
-927
-607
-283
76
466
814
1169
1478
1737
1923
2071
2222
2340
2417
2509
2596
2654
2672
2663
2687
2690
2711
2641
2570
2505
2384
2207
1969
1678
1359
1025
600
195
-206
-618
-996
-1292
-1503
-1649
-1736
-1778
-1704
-1535
-1360
-1159
-896
-552
-213
94
440
715
933
1122
1336
1407
1374
1348
1317
1206
1003
877
788
596
289
-1
-224
-505
-821
-1085
-1326
-1589
-1911
-2204
-2477
-2635
-2667
-2714
-2723
-2668
-2535
-2323
-2080
-1869
-1654
-1431
-1263
-1072
-840
-671
-509
-339
-238
-129
-70
21
175
303
387
462
528
567
579
542
559
470
257
15
-182
-414
-657
-919
-1151
-1331
-1449
-1522
-1564
-1422
-1190
-938
-596
-212
222
686
1127
1556
1911
2160
2336
2430
2528
2580
2568
2493
2420
2416
2340
2277
2344
2420
2424
2319
2240
2209
2090
1909
1642
1279
898
466
5
-383
-791
-1179
-1523
-1791
-1928
-2013
-2042
-1962
-1815
-1546
-1215
-903
-576
-228
120
438
706
929
1072
1129
1120
1030
919
834
720
644
508
356
269
148
12
-161
-386
-558
-744
-932
-1085
-1311
-1501
-1751
-1962
-2148
-2233
-2241
-2207
-2094
-1993
-1829
-1644
-1423
-1187
-956
-771
-643
-545
-468
-372
-296
-262
-225
-241
-204
-130
-116
-36
40
57
48
-24
-75
-168
-292
-446
-645
-878
-1106
-1181
-1253
-1360
-1393
-1302
-1118
-866
-518
-105
378
845
1275
1757
2196
2585
2959
3230
3437
3557
3629
3612
3464
3320
3084
2855
2591
2351
2127
1867
1641
1391
1144
849
590
288
-2
-315
-685
-1020
-1322
-1508
-1734
-1899
-2027
-2127
-2170
-2146
-2048
-1893
-1733
-1552
-1324
-1068
-749
-387
-51
250
496
686
883
1058
1150
1098
1030
898
728
552
342
160
-55
-252
-447
-659
-824
-977
-1068
-1156
-1291
-1387
-1412
-1392
-1341
-1341
-1343
-1302
-1274
-1124
-978
-840
-654
-439
-235
-22
166
367
609
788
809
832
917
952
988
950
874
748
611
450
286
159
35
-63
-179
-338
-383
-425
-482
-551
-646
-783
-886
-981
-1006
-1029
-1125
-1190
-1228
-1228
-1235
-1137
-959
-708
-397
-91
267
631
1030
1491
1841
2150
2440
2738
2924
3052
3102
3082
2985
2786
2613
2389
2111
1817
1469
1088
741
412
193
-64
-316
-575
-803
-980
-1217
-1356
-1396
-1477
-1587
-1693
-1700
-1642
-1616
-1577
-1470
-1325
-1147
-951
-707
-463
-243
62
290
486
586
619
588
438
317
161
8
-124
-277
-415
-534
-617
-677
-743
-762
-794
-790
-761
-727
-688
-670
-613
-611
-551
-468
-370
-262
-116
97
317
518
681
831
901
963
981
952
880
686
490
251
-22
-311
-603
-803
-996
-1083
-1120
-1106
-1001
-908
-797
-733
-634
-585
-534
-468
-460
-432
-404
-346
-226
-101
-16
88
182
348
519
712
972
1270
1501
1609
1722
1799
1817
1724
1619
1493
1310
1167
974
780
615
349
161
4
-84
-132
-195
-168
-133
-124
-97
-82
-100
-101
-132
-186
-225
-212
-260
-330
-358
-389
-414
-442
-388
-313
-238
-164
-107
-65
-61
-86
-138
-168
-204
-268
-345
-481
-601
-665
-710
-758
-818
-823
-815
-771
-647
-534
-391
-309
-198
-98
-40
30
61
133
182
241
375
472
572
705
845
924
957
1023
1098
1145
1135
1124
1068
1004
896
781
612
388
168
-72
-369
-659
-906
-1118
-1323
-1508
-1663
-1796
-1912
-2022
-2089
-2119
-2134
-2072
-1958
-1819
-1643
-1513
-1333
-1087
-777
-517
-218
118
424
704
951
1190
1440
1686
1863
1962
2066
2134
2115
2098
2014
1918
1817
1724
1612
1499
1399
1277
1086
894
722
556
464
304
134
3
-101
-160
-213
-298
-321
-349
-393
-455
-488
-545
-629
-652
-689
-683
-697
-693
-651
-673
-606
-553
-519
-472
-428
-417
-401
-403
-419
-436
-442
-456
-490
-508
-552
-584
-570
-551
-539
-469
-380
-297
-162
-23
118
219
289
408
535
626
689
754
785
758
697
643
558
449
289
129
15
-77
-172
-277
-409
-505
-576
-682
-760
-760
-753
-734
-706
-678
-596
-492
-361
-226
-82
40
141
183
223
288
312
343
373
403
456
530
605
657
607
539
485
408
362
363
446
455
399
350
296
239
195
175
106
38
2
-23
-47
9
15
-2
-19
10
67
141
244
249
218
193
82
-67
-196
-286
-388
-491
-533
-544
-559
-599
-623
-647
-610
-584
-583
-560
-542
-503
-461
-426
-385
-310
-219
-138
-42
81
201
279
333
408
469
512
584
644
668
719
760
779
799
730
637
538
454
359
293
250
205
162
139
114
84
42
-1
-33
-56
-70
-79
-127
-167
-186
-229
-246
-210
-164
-137
-99
-66
-20
16
-10
-52
-94
-147
-255
-355
-487
-609
-713
-858
-968
-1018
-1052
-1111
-1157
-1142
-1097
-1061
-969
-840
-701
-572
-449
-303
-110
39
181
345
560
783
881
985
1085
1184
1227
1214
1178
1128
1035
870
705
598
469
341
274
207
133
57
-22
-98
-152
-204
-267
-355
-468
-606
-685
-727
-740
-776
-794
-747
-697
-613
-482
-313
-133
64
244
370
509
645
757
825
856
879
817
745
695
611
485
416
380
325
309
258
219
172
115
-4
-61
-141
-215
-244
-311
-365
-381
-354
-322
-273
-227
-101
11
100
184
278
391
466
506
559
586
620
656
679
620
560
521
493
471
408
350
276
147
7
-146
-345
-526
-758
-952
-1092
-1208
-1322
-1404
-1434
-1430
-1402
-1322
-1242
-1123
-984
-788
-621
-492
-315
-147
18
130
220
273
346
390
393
339
269
226
133
23
-109
-171
-228
-300
-375
-431
-455
-504
-561
-625
-674
-705
-663
-593
-539
-500
-457
-408
-274
-165
-38
154
344
555
741
913
1011
1125
1210
1302
1374
1457
1519
1584
1576
1553
1508
1374
1229
1085
914
732
567
423
288
138
33
-110
-229
-351
-397
-384
-304
-202
-102
26
149
260
350
434
490
549
606
651
699
727
695
638
532
424
311
227
129
6
-93
-193
-313
-458
-628
-776
-930
-1103
-1287
-1432
-1546
-1702
-1826
-1913
-1934
-1911
-1856
-1786
-1679
-1510
-1329
-1135
-953
-728
-525
-308
-142
34
209
359
513
548
521
477
403
321
239
168
71
-41
-130
-211
-225
-182
-140
-123
-119
-76
-44
-12
-29
-58
-108
-166
-188
-213
-144
-56
46
122
248
395
552
747
984
1218
1434
1643
1814
1938
2027
2082
2073
2007
1905
1769
1611
1429
1258
1011
737
482
233
-1
-253
-461
-669
-892
-1103
-1284
-1356
-1402
-1485
-1504
-1433
-1377
-1315
-1179
-1030
-834
-645
-445
-230
4
217
390
558
661
743
801
781
714
666
594
538
493
406
295
179
89
-49
-209
-353
-495
-683
-836
-936
-1040
-1119
-1165
-1208
-1202
-1178
-1100
-978
-834
-669
-510
-361
-187
10
201
404
565
747
816
821
828
804
767
664
596
500
359
182
6
-146
-352
-536
-706
-840
-921
-962
-942
-947
-1001
-1006
-987
-990
-938
-842
-736
-658
-571
-508
-396
-257
-100
65
223
453
712
925
1115
1304
1445
1572
1616
1612
1602
1592
1552
1489
1407
1366
1320
1217
1113
996
923
832
751
712
645
523
403
307
214
114
4
-35
-112
-159
-150
-144
-93
-88
-100
-150
-205
-245
-266
-253
-271
-291
-345
-403
-446
-490
-571
-636
-729
-803
-812
-831
-791
-797
-803
-818
-859
-885
-943
-980
-1024
-1084
-1101
-1110
-1109
-1071
-995
-984
-947
-858
-779
-672
-579
-447
-309
-232
-139
-58
36
146
185
253
313
344
391
427
447
413
390
324
279
242
175
145
110
70
40
32
7
18
57
91
169
272
363
490
625
763
916
1018
1091
1129
1169
1203
1230
1249
1264
1258
1206
1172
1116
1017
934
809
699
627
526
435
319
161
22
-140
-267
-392
-478
-522
-569
-620
-645
-619
-645
-647
-623
-556
-457
-357
-284
-229
-171
-114
-62
12
28
36
37
25
15
-47
-80
-133
-172
-205
-257
-341
-435
-479
-510
-577
-631
-658
-649
-627
-581
-563
-519
-430
-347
-251
-175
-78
-24
52
100
154
175
149
139
109
71
31
-32
-92
-136
-185
-239
-308
-400
-447
-500
-539
-575
-584
-576
-589
-567
-557
-550
-543
-555
-552
-488
-456
-422
-370
-318
-250
-126
-1
160
299
431
602
699
802
885
947
956
934
933
895
857
826
802
759
709
587
534
477
439
413
367
382
380
387
355
339
315
291
220
176
148
89
59
62
75
64
84
97
129
188
244
277
286
298
290
245
207
184
160
155
155
136
121
99
70
15
-26
-68
-95
-140
-168
-194
-263
-268
-294
-339
-387
-423
-454
-460
-507
-553
-573
-619
-672
-748
-788
-828
-866
-855
-838
-856
-849
-825
-791
-777
-775
-756
-729
-674
-624
-530
-455
-404
-327
-283
-164
-83
-15
60
100
180
267
347
428
530
597
635
647
668
702
715
700
666
645
611
587
534
531
489
468
472
467
428
378
331
284
254
184
130
55
-7
-31
-15
2
45
93
141
230
334
411
487
534
559
528
501
444
373
334
294
213
101
7
-109
-218
-314
-390
-476
-495
-486
-456
-432
-397
-371
-383
-430
-473
-475
-447
-444
-404
-376
-355
-288
-220
-122
-51
39
108
211
328
436
509
570
595
601
611
579
568
526
423
330
251
155
56
-6
-100
-180
-259
-316
-381
-471
-543
-620
-679
-751
-766
-817
-797
-782
-763
-714
-740
-733
-737
-696
-634
-571
-484
-401
-293
-235
-187
-161
-149
-115
-62
-4
75
176
268
308
364
401
413
431
462
483
489
500
488
489
523
510
478
460
492
517
570
612
618
564
535
499
482
479
449
442
426
411
390
353
330
280
187
124
45
-15
-78
-122
-116
-143
-165
-185
-183
-198
-247
-255
-212
-150
-112
-80
-62
-64
-97
-95
-107
-78
-68
-38
0
44
82
113
198
218
223
202
180
153
129
98
61
-4
-131
-228
-355
-494
-608
-717
-802
-875
-939
-1006
-1067
-1082
-1093
-1079
-1012
-967
-924
-837
-781
-713
-648
-549
-468
-361
-279
-185
-82
-26
65
124
160
186
214
234
284
328
387
461
477
518
571
594
625
640
633
618
565
547
545
510
454
407
325
265
268
250
235
279
320
378
470
551
611
691
722
733
738
725
692
682
693
668
602
556
487
409
334
228
156
107
72
14
-27
-86
-122
-154
-182
-201
-237
-273
-354
-388
-429
-458
-472
-488
-497
-502
-492
-483
-451
-405
-366
-321
-278
-234
-215
-160
-88
-12
55
97
119
103
90
32
-7
-51
-69
-117
-174
-222
-294
-343
-404
-472
-547
-585
-634
-663
-709
-724
-789
-822
-847
-863
-814
-831
-789
-765
-745
-690
-618
-521
-428
-350
-244
-135
-41
51
140
232
332
446
503
569
615
656
681
668
668
645
622
596
561
517
500
506
476
419
410
374
357
351
338
363
357
356
352
323
335
313
297
345
364
398
429
459
494
528
510
512
492
480
474
450
463
450
404
355
277
198
157
117
141
140
124
118
149
171
172
179
167
146
113
89
54
9
15
3
-38
-66
-91
-123
-155
-209
-283
-337
-402
-434
-487
-551
-609
-705
-774
-844
-911
-963
-1015
-1061
-1141
-1202
-1232
-1268
-1270
-1236
-1196
-1132
-1046
-957
-846
-717
-584
-463
-363
-282
-239
-175
-117
-70
24
101
188
274
329
399
438
494
553
588
601
630
619
603
554
538
531
498
467
428
404
382
334
309
263
170
118
72
9
5
48
59
84
107
138
211
269
341
433
534
613
682
723
763
808
809
780
730
682
637
597
568
593
592
565
499
390
273
163
93
-14
-80
-186
-307
-385
-452
-487
-535
-570
-585
-572
-579
-606
-581
-554
-547
-537
-483
-439
-393
-322
-276
-231
-181
-147
-125
-98
-67
-61
-11
12
2
0
3
-23
-79
-160
-243
-358
-496
-591
-683
-719
-759
-793
-788
-760
-723
-663
-579
-475
-358
-250
-155
-50
52
124
190
281
362
413
469
547
583
616
666
712
761
789
835
846
845
823
753
731
658
585
511
429
345
259
168
46
-48
-125
-221
-277
-324
-391
-415
-468
-498
-532
-549
-531
-498
-436
-343
-238
-177
-142
-103
-79
-44
-6
31
53
84
119
150
164
185
212
217
248
240
268
296
321
337
325
338
344
357
357
360
324
309
272
182
125
66
20
-32
-68
-113
-174
-193
-205
-222
-240
-235
-225
-225
-192
-164
-90
-69
-46
-22
-71
-86
-147
-210
-300
-378
-471
-515
-602
-647
-655
-681
-651
-653
-585
-524
-458
-384
-320
-235
-187
-102
-62
-9
38
62
81
113
109
109
133
142
172
179
233
251
304
351
398
442
421
399
381
375
342
323
291
268
247
214
203
178
188
187
210
241
253
262
240
230
220
201
204
199
233
301
289
304
334
337
343
338
330
330
302
275
238
184
140
78
0
-64
-94
-142
-209
-255
-287
-334
-353
-367
-332
-327
-312
-331
-355
-354
-351
-338
-339
-310
-289
-252
-244
-243
-235
-203
-169
-166
-139
-151
-129
-126
-94
-86
-108
-107
-156
-187
-225
-229
-241
-242
-229
-228
-229
-249
-267
-270
-290
-291
-260
-193
-138
-81
-70
-71
-35
-35
-10
5
6
23
44
99
126
135
166
186
205
234
295
307
336
326
315
294
262
226
183
118
55
55
7
20
35
14
-17
-17
-6
-16
4
10
15
0
-30
-37
-56
-42
-17
-21
-36
-4
31
26
82
103
111
150
205
246
225
263
272
292
290
328
346
322
372
370
383
368
339
291
250
241
199
141
152
128
94
91
62
41
7
-26
-79
-142
-180
-213
-246
-245
-225
-229
-220
-166
-149
-109
-75
-69
-56
-97
-114
-155
-188
-213
-259
-288
-304
-318
-329
-305
-296
-276
-260
-243
-244
-273
-303
-346
-356
-366
-376
-381
-366
-351
-331
-313
-311
-299
-284
-250
-237
-248
-223
-190
-159
-128
-74
0
62
131
224
293
359
423
448
491
516
531
504
503
492
434
408
396
386
372
366
360
331
266
229
222
252
259
251
239
194
155
116
110
113
154
206
251
268
264
261
228
217
210
198
198
220
231
211
183
146
100
48
9
-29
-88
-147
-194
-250
-325
-365
-373
-412
-416
-445
-501
-498
-486
-460
-430
-411
-404
-385
-386
-348
-314
-293
-268
-241
-207
-226
-232
-246
-245
-227
-197
-189
-174
-168
-142
-106
-85
-83
-51
-2
13
13
-4
6
11
5
23
27
26
38
8
-7
-6
-12
-9
-19
-7
7
17
52
89
114
151
196
242
266
291
267
255
275
271
273
291
330
331
345
306
280
257
244
239
223
216
164
110
80
57
31
3
-9
-23
-3
18
10
-3
-14
-25
-34
-7
-1
6
11
50
75
70
78
100
115
72
92
117
132
176
206
226
242
247
181
167
147
106
91
97
83
41
-33
-107
-171
-225
-296
-369
-390
-432
-461
-485
-502
-503
-525
-546
-582
-617
-649
-620
-608
-548
-484
-462
-415
-324
-249
-215
-135
-59
26
49
94
138
155
174
173
165
186
187
206
230
216
221
190
196
180
145
118
97
52
-17
-89
-166
-224
-220
-219
-215
-202
-186
-133
-99
-28
33
118
210
301
387
425
487
499
517
529
530
554
526
525
508
477
468
460
428
410
394
347
305
243
172
115
64
22
-20
-62
-108
-156
-206
-260
-243
-238
-232
-212
-211
-221
-231
-225
-200
-184
-152
-122
-101
-79
-71
-61
-44
-40
-23
-1
-21
-4
-5
-9
-8
-47
-110
-159
-224
-269
-329
-402
-447
-447
-412
-430
-424
-421
-439
-456
-431
-360
-301
-233
-156
-96
-47
19
82
136
218
231
297
328
351
419
409
418
416
414
406
356
311
253
204
155
129
105
60
11
-38
-78
-119
-139
-171
-212
-214
-208
-193
-152
-116
-84
-81
-40
31
82
129
160
204
242
293
336
372
438
467
471
440
384
331
254
184
108
28
-68
-133
-197
-255
-288
-316
-328
-334
-352
-346
-346
-316
-285
-225
-159
-120
-35
27
112
163
201
206
223
242
279
271
295
315
321
346
295
247
180
126
58
-22
-82
-123
-178
-222
-276
-301
-347
-379
-405
-445
-427
-415
-414
-391
-387
-356
-365
-355
-313
-283
-224
-165
-73
-35
-12
13
69
97
167
211
241
283
283
259
232
202
146
70
1
-59
-105
-125
-178
-201
-233
-258
-283
-289
-276
-289
-266
-222
-210
-171
-161
-165
-134
-106
-80
-40
-1
30
76
112
170
228
243
278
321
365
407
449
507
523
517
531
522
499
486
457
434
406
374
353
343
292
226
185
101
43
-3
-71
-122
-152
-164
-171
-147
-113
-70
-42
-8
27
87
121
156
189
205
176
111
70
-9
-74
-151
-205
-280
-359
-425
-526
-610
-667
-683
-675
-653
-632
-627
-596
-574
-573
-534
-494
-420
-351
-291
-221
-147
-63
-5
33
71
106
130
161
184
198
227
249
241
228
255
272
292
325
336
319
320
305
306
293
289
311
286
283
232
206
160
116
81
40
0
-12
0
29
73
116
180
201
234
267
298
332
347
346
336
296
204
140
52
-52
-104
-178
-210
-224
-235
-237
-205
-200
-209
-179
-163
-112
-114
-67
-47
-45
-26
-28
-29
-50
-57
-64
-72
-91
-127
-136
-143
-168
-144
-112
-105
-125
-143
-162
-174
-162
-120
-94
-59
-30
-19
-6
-18
-35
-33
-48
-83
-111
-106
-128
-160
-183
-177
-157
-157
-143
-157
-145
-123
-103
-88
-73
-9
56
112
175
231
263
287
323
326
327
312
271
241
194
157
137
98
87
79
35
17
16
-6
-18
-21
-36
-9
-28
-6
6
-14
-6
-10
-28
-18
-29
-43
-64
-62
-72
-99
-107
-112
-85
-96
-75
-51
-36
15
54
103
167
205
253
297
334
339
352
372
349
320
243
169
66
-3
-75
-128
-141
-132
-124
-94
-79
-68
-52
-64
-37
-8
11
2
-6
17
22
31
6
-28
-68
-136
-175
-213
-244
-269
-314
-370
-400
-431
-428
-397
-348
-284
-233
-171
-122
-81
-46
-26
13
21
53
73
56
91
90
126
120
128
135
109
69
63
27
2
8
12
58
66
74
82
119
94
63
58
40
40
8
-3
-22
-60
-69
-122
-166
-207
-258
-255
-270
-265
-257
-248
-222
-171
-102
-12
51
130
193
221
246
254
270
278
271
245
198
158
159
135
81
73
34
12
10
6
30
56
93
97
118
158
211
264
307
333
351
364
335
300
271
240
205
151
79
11
-32
-81
-141
-158
-190
-221
-220
-210
-203
-200
-184
-161
-140
-127
-116
-141
-155
-198
-220
-232
-233
-218
-230
-232
-267
-294
-304
-265
-216
-181
-145
-122
-86
-53
28
58
66
103
149
206
232
233
228
209
195
150
123
119
117
106
71
40
7
-25
-42
-56
-65
-50
-20
10
76
98
113
124
130
141
144
128
134
159
129
149
140
115
76
43
0
-69
-104
-182
-213
-226
-258
-273
-262
-225
-173
-143
-81
-35
2
58
98
108
128
136
102
91
51
30
18
8
-26
-6
2
29
58
60
70
98
130
160
188
186
175
163
156
129
118
109
61
-9
-57
-136
-206
-285
-350
-401
-481
-505
-538
-487
-431
-374
-308
-257
-185
-144
-94
-20
23
106
159
186
199
178
171
124
126
114
125
72
53
58
49
70
87
104
135
161
205
252
306
346
359
351
366
347
329
323
277
281
234
201
195
155
100
26
-38
-120
-198
-249
-274
-277
-281
-278
-266
-240
-225
-223
-204
-165
-167
-135
-102
-78
-67
-40
-20
-18
-33
-29
-22
-37
-31
-84
-77
-88
-109
-98
-69
-65
-73
-59
-55
-5
35
59
70
102
112
132
158
139
160
158
107
97
76
41
0
-27
-30
-65
-81
-71
-47
-42
-51
-65
-62
-42
-29
-8
26
26
30
32
35
58
53
42
22
-24
-93
-125
-151
-175
-187
-208
-201
-196
-150
-77
-29
21
58
102
134
155
181
204
192
171
165
123
85
21
-51
-118
-160
-182
-205
-201
-219
-193
-174
-141
-103
-75
-19
37
63
77
70
39
14
-30
-61
-91
-125
-152
-147
-153
-166
-145
-159
-162
-164
-153
-140
-118
-80
-49
-19
11
91
142
168
190
223
258
277
290
300
302
319
331
319
304
269
234
232
187
137
94
44
30
18
5
9
1
-19
11
15
20
26
28
68
70
74
81
71
55
37
40
32
47
53
53
44
35
20
4
22
14
28
12
23
21
18
31
23
15
34
66
72
89
84
65
11
-46
-89
-141
-164
-217
-262
-305
-340
-357
-342
-325
-299
-272
-241
-207
-187
-173
-197
-175
-155
-166
-159
-160
-157
-168
-159
-167
-154
-144
-135
-129
-168
-186
-196
-188
-164
-127
-94
-69
-16
7
68
118
159
216
259
312
323
347
354
379
393
400
421
445
456
444
419
378
353
331
296
273
256
233
234
199
171
165
128
134
102
86
55
6
-48
-71
-88
-113
-118
-124
-138
-149
-160
-186
-168
-142
-135
-114
-83
-123
-140
-144
-152
-147
-147
-133
-137
-139
-116
-63
-64
-19
-26
-36
-44
-68
-92
-101
-106
-125
-149
-204
-221
-250
-251
-286
-294
-303
-302
-281
-268
-233
-221
-193
-157
-113
-65
-11
31
48
80
122
139
153
177
146
138
107
87
51
11
31
50
77
121
171
168
174
175
129
107
115
101
104
92
83
64
50
31
4
-3
-27
-45
-50
-63
-52
-60
-43
-30
-23
8
9
44
65
93
114
157
180
180
162
150
150
111
100
67
47
39
-2
-24
-58
-78
-91
-128
-148
-147
-153
-135
-91
-50
-34
-30
5
22
46
84
122
149
142
124
127
108
58
35
17
4
-63
-90
-119
-158
-151
-151
-124
-88
-48
-65
-58
-56
-58
-35
-17
2
-6
-7
-23
-53
-83
-128
-144
-165
-183
-205
-216
-228
-219
-223
-240
-206
-176
-135
-63
-9
46
119
180
232
254
268
250
240
227
202
204
217
185
167
141
91
18
-50
-85
-116
-113
-77
-65
-51
-42
-12
-3
31
76
89
142
193
227
242
264
297
343
337
368
374
338
315
271
181
114
68
-23
-75
-106
-117
-121
-126
-140
-150
-163
-173
-191
-225
-238
-250
-251
-225
-226
-200
-165
-183
-178
-170
-151
-157
-144
-115
-115
-111
-124
-108
-90
-40
15
61
112
146
158
142
144
124
106
122
111
114
94
43
-9
-54
-73
-128
-152
-139
-153
-138
-88
-54
-20
13
38
92
114
124
143
161
178
205
222
216
169
126
68
1
-62
-112
-156
-193
-203
-196
-218
-231
-217
-237
-205
-184
-188
-163
-126
-102
-65
0
45
59
90
91
91
87
83
100
137
159
152
181
191
221
220
209
206
195
198
207
224
218
199
184
183
167
162
149
112
92
42
5
-28
-42
-69
-130
-139
-136
-165
-191
-195
-226
-238
-252
-278
-256
-237
-239
-218
-186
-167
-167
-143
-96
-64
-43
-45
-61
-83
-113
-159
-180
-186
-212
-218
-208
-216
-219
-168
-126
-93
-33
5
40
76
97
125
152
189
224
221
238
233
250
242
225
217
183
146
117
95
79
56
10
23
21
24
49
64
76
75
48
54
57
50
87
86
114
93
68
90
99
98
90
58
28
10
-13
-6
-23
-12
-3
-34
-22
-44
-63
-54
-86
-105
-110
-100
-98
-96
-82
-82
-64
-42
-35
-32
-35
-53
-84
-98
-139
-167
-168
-186
-197
-189
-207
-201
-175
-161
-142
-114
-77
-36
3
26
99
145
152
127
110
109
93
70
42
5
-22
-37
-85
-134
-152
-170
-158
-147
-126
-63
-24
9
53
81
112
192
231
257
282
304
323
321
310
302
294
252
214
188
205
193
179
157
107
91
70
31
18
-5
-28
-42
-35
-23
-13
-19
-36
-28
-53
-18
-1
18
14
-3
-37
-62
-71
-95
-83
-66
-74
-85
-115
-148
-201
-215
-169
-156
-111
-90
-110
-152
-158
-147
-153
-138
-106
-118
-147
-143
-149
-166
-159
-145
-120
-70
-39
-3
12
23
49
58
98
121
129
154
201
261
291
316
346
347
316
279
237
196
182
167
140
97
37
-21
-77
-136
-187
-226
-249
-264
-257
-244
-233
-182
-164
-156
-134
-107
-43
1
45
77
78
88
105
126
144
131
129
104
97
98
62
49
17
-41
-64
-84
-103
-93
-91
-58
-66
-119
-152
-175
-212
-197
-186
-155
-153
-173
-193
-203
-181
-141
-86
-41
-1
10
25
38
69
87
117
177
220
256
311
320
328
306
292
261
196
182
124
82
55
17
5
11
16
24
-16
-50
-111
-115
-113
-96
-56
-56
-80
-133
-153
-148
-125
-93
-28
27
23
8
-8
-32
-64
-78
-63
-43
0
-3
-10
-26
-71
-103
-111
-106
-72
-41
-12
-18
-4
-2
-11
5
11
58
51
86
84
94
91
90
100
96
114
95
81
64
65
74
84
87
69
45
7
-27
-62
-114
-148
-145
-162
-171
-188
-238
-284
-295
-300
-279
-247
-233
-213
-223
-233
-236
-213
-201
-156
-118
-112
-63
-30
1
58
132
206
289
359
393
435
436
445
441
455
460
455
452
425
378
313
255
167
117
57
21
0
-32
-56
-105
-140
-167
-174
-203
-218
-227
-231
-207
-196
-176
-157
-119
-112
-82
-26
-18
-39
-44
-67
-71
-64
-70
-60
-53
-61
-43
-8
-1
35
45
44
32
7
21
-3
-7
15
11
23
52
54
57
63
64
75
91
92
120
127
132
166
148
169
172
164
163
153
149
128
111
87
79
63
8
-41
-81
-143
-180
-214
-261
-304
-332
-345
-374
-372
-352
-338
-315
-279
-234
-223
-218
-184
-139
-111
-82
-50
-20
-14
-7
-4
9
15
9
-15
-23
-13
-18
23
73
109
141
179
194
236
248
251
284
325
350
378
392
378
370
358
322
292
250
207
186
178
161
103
73
0
-51
-75
-103
-104
-104
-90
-82
-65
-19
39
43
71
57
39
-1
-56
-90
-185
-259
-297
-342
-370
-408
-422
-450
-454
-415
-379
-335
-280
-222
-194
-135
-100
-53
7
33
42
46
38
41
62
42
27
36
-2
-28
-26
-21
-4
-7
-3
-15
-25
-31
-26
-18
7
21
45
58
99
148
175
189
190
214
200
204
219
238
243
233
225
204
181
173
171
175
195
212
202
191
204
188
179
188
181
155
109
70
24
-49
-105
-154
-197
-235
-259
-281
-296
-297
-300
-297
-273
-227
-209
-164
-122
-83
-39
4
50
47
38
38
29
8
-13
-24
-45
-82
-81
-107
-105
-106
-101
-92
-65
-45
-37
-3
22
65
52
76
83
77
109
110
110
101
75
39
8
7
-16
-41
-81
-108
-131
-163
-177
-204
-191
-179
-144
-93
-59
-22
-12
3
-11
25
50
70
120
98
95
31
-28
-84
-103
-102
-105
-95
-102
-83
-74
-67
-40
11
69
136
193
239
293
360
381
362
331
312
278
232
177
115
58
-16
-76
-118
-153
-169
-189
-205
-172
-147
-101
-71
-30
-9
26
66
81
95
110
121
112
115
91
79
56
22
-3
9
-8
11
8
-8
-37
-40
-26
-45
-48
-44
-66
-82
-81
-72
-56
-59
-28
-16
12
18
-4
-12
-16
-17
-28
-47
-62
-49
-41
-52
-74
-66
-69
-86
-54
-45
-23
6
42
96
125
117
133
145
148
145
104
74
15
-44
-89
-135
-165
-194
-228
-246
-240
-234
-211
-162
-117
-66
-22
12
52
82
112
131
169
202
191
168
151
119
93
92
72
62
65
21
8
-7
-4
16
48
74
81
70
66
76
61
92
102
115
122
113
102
74
59
42
31
22
-21
-56
-75
-111
-128
-143
-155
-136
-111
-93
-72
-76
-72
-78
-83
-85
-99
-108
-90
-78
-90
-101
-119
-135
-169
-205
-222
-235
-259
-242
-210
-193
-149
-111
-75
-19
17
64
111
172
226
258
270
289
276
257
250
228
219
209
175
111
54
-7
-27
-39
-24
-21
-10
13
6
-1
-22
-4
26
43
74
66
91
104
82
77
61
73
49
31
13
-21
-36
-59
-61
-38
-43
-46
-28
-18
-22
-29
-17
-18
-16
-7
9
26
12
14
-19
-43
-59
-91
-128
-155
-166
-202
-226
-227
-218
-226
-220
-204
-197
-174
-152
-148
-116
-70
-46
-6
18
7
11
14
16
8
10
22
13
40
65
68
77
65
68
37
30
22
6
-4
-5
4
14
44
37
44
40
30
36
44
80
113
158
186
206
231
236
257
293
319
317
330
329
287
259
210
169
147
108
80
50
29
24
-27
-58
-113
-159
-174
-184
-163
-128
-127
-109
-79
-80
-89
-93
-81
-94
-75
-45
-32
-23
-45
-30
-26
-30
-25
-18
-24
-12
-24
-35
-36
-56
-44
-65
-82
-82
-84
-59
-38
-34
-44
-71
-82
-132
-161
-173
-156
-131
-146
-157
-157
-130
-123
-93
-80
-55
-45
-51
-54
-73
-65
-65
-70
-60
-54
-15
-4
12
20
9
34
29
39
24
24
10
-23
13
56
92
112
118
103
100
123
119
134
146
156
163
159
131
142
152
165
191
176
182
177
159
146
112
110
122
107
93
99
102
93
93
75
54
43
34
8
-23
-39
-72
-104
-114
-142
-137
-138
-139
-138
-151
-132
-137
-125
-126
-104
-85
-78
-49
-51
-40
-50
-37
-28
-30
-15
-13
-8
-16
-36
-34
-20
3
13
-9
-28
-67
-78
-70
-73
-64
-89
-91
-73
-64
-53
-33
-8
7
39
48
47
46
42
24
20
9
-3
-8
-22
-21
-30
-13
8
46
88
110
112
90
82
72
60
67
65
66
75
74
64
42
30
27
22
19
42
58
46
31
40
53
49
57
54
51
34
10
12
-5
-27
-24
-2
-11
-16
-65
-76
-106
-128
-92
-88
-72
-50
-37
-52
-45
-57
-72
-97
-82
-106
-110
-104
-130
-108
-96
-78
-63
-51
-68
-80
-82
-85
-80
-47
-31
-11
-12
-36
-31
-43
-31
-28
-3
42
56
55
50
53
24
56
80
91
97
112
114
139
116
97
111
107
130
135
171
175
171
185
165
163
143
116
95
84
67
45
32
7
-16
-64
-75
-88
-99
-122
-115
-114
-119
-95
-84
-83
-87
-99
-116
-97
-107
-94
-64
-73
-74
-49
-56
-18
-5
-23
-9
0
3
-13
-21
-25
-41
-71
-64
-66
-77
-89
-114
-102
-108
-104
-95
-94
-66
-48
-39
-16
7
19
36
38
36
26
24
45
63
89
81
72
81
74
72
66
90
112
126
154
162
185
178
204
197
176
148
143
142
104
88
61
47
42
35
31
46
30
25
25
15
24
14
23
4
-15
-23
-39
-61
-75
-61
-68
-60
-82
-104
-114
-138
-181
-199
-191
-176
-194
-179
-154
-139
-128
-116
-108
-74
-68
-60
-36
-41
-48
-61
-43
-45
-32
-30
-43
-24
-2
17
22
40
47
37
55
50
86
89
102
137
156
183
214
231
222
215
197
195
182
170
147
121
105
58
17
-30
-53
-67
-74
-90
-86
-92
-104
-86
-97
-95
-98
-79
-70
-45
-47
-50
-72
-76
-71
-76
-62
-75
-101
-98
-91
-98
-67
-55
-57
-40
-54
-39
-20
-7
22
52
62
59
63
48
25
-3
-26
-25
1
7
37
48
46
10
-9
-11
6
56
96
132
129
112
107
97
98
102
121
86
47
13
-4
8
13
9
-13
-43
-69
-70
-77
-80
-74
-54
-24
0
21
42
31
36
20
16
7
21
21
19
-8
-50
-64
-81
-90
-90
-76
-73
-85
-89
-92
-145
-106
-78
-32
-12
7
29
20
35
34
39
37
37
20
15
17
9
-22
-53
-50
-50
-51
-45
-60
-57
-92
-87
-62
-39
-5
-4
-2
-6
-7
24
51
67
75
82
85
83
56
57
60
26
24
-5
-26
-50
-76
-79
-72
-67
-54
-39
-26
21
71
62
111
150
182
191
183
156
114
67
8
-5
-24
-32
-54
-64
-90
-105
-118
-106
-80
-62
-68
-70
-64
-60
-40
-18
13
41
30
29
39
25
0
-20
-33
-51
-65
-86
-103
-99
-97
-63
-41
-16
-4
-3
10
-8
-25
-41
-40
-45
-11
13
32
39
45
51
65
99
121
124
100
73
45
50
34
37
53
71
64
81
82
56
47
39
54
74
93
109
104
85
76
50
24
-31
-48
-61
-99
-124
-143
-141
-115
-88
-64
-18
-31
-33
-7
36
53
86
129
125
129
156
145
138
136
101
92
74
38
12
-10
-18
-38
-29
-14
-9
10
25
23
12
18
8
13
24
3
-13
-24
-44
-58
-65
-72
-74
-76
-78
-95
-95
-102
-119
-125
-146
-151
-164
-126
-118
-100
-87
-93
-88
-91
-70
-62
-50
-37
-46
-40
-27
-45
-43
-48
-46
-32
-25
-10
12
39
60
75
71
99
119
154
178
200
223
233
230
205
175
157
121
103
91
72
72
39
25
11
-9
-30
-31
-50
-46
-44
-56
-57
-90
-84
-90
-94
-98
-84
-88
-96
-117
-127
-130
-135
-142
-173
-167
-165
-159
-169
-173
-164
-144
-125
-84
-47
6
35
76
102
110
115
109
99
74
53
30
26
3
-14
-2
-8
-14
7
14
34
46
82
112
140
144
127
118
107
125
106
107
114
125
136
111
91
56
15
19
10
7
8
-12
-15
-31
-33
-37
-37
-23
-50
-66
-84
-111
-113
-108
-98
-90
-80
-86
-92
-86
-82
-66
-75
-62
-51
-43
-45
-52
-48
-61
-47
-39
-22
-28
-24
0
6
11
47
65
84
106
127
148
163
169
166
164
166
152
150
134
105
104
75
70
69
81
84
83
85
66
31
8
16
30
30
41
49
26
12
-27
-27
-31
-36
-32
-29
-48
-74
-90
-116
-117
-129
-145
-146
-160
-174
-189
-195
-215
-215
-216
-223
-209
-215
-213
-212
-202
-189
-191
-180
-159
-162
-169
-148
-145
-147
-131
-106
-92
-78
-54
-44
-25
-7
27
55
72
97
98
124
135
163
186
206
213
238
259
261
275
295
305
335
353
348
352
313
307
291
256
248
226
210
168
149
161
157
160
156
147
126
106
91
86
80
73
70
42
26
14
-13
-34
-70
-105
-131
-130
-137
-149
-179
-198
-225
-230
-229
-225
-208
-202
-192
-173
-170
-162
-144
-125
-113
-114
-123
-132
-129
-136
-150
-147
-160
-160
-137
-126
-112
-108
-109
-77
-71
-63
-28
-6
29
51
69
58
60
90
82
97
101
93
100
88
71
59
50
54
42
36
46
50
