5
7
9
10
9
9
10
6
12
9
13
14
13
14
13
5
6
1
0
3
1
2
-8
-7
-6
-4
-4
-8
-10
-12
-12
-15
-13
-20
-22
-19
-21
-18
-17
-14
-14
-14
-13
-12
-14
-13
-11
-10
-4
-2
0
5
4
2
4
2
3
1
0
0
1
3
3
4
9
8
5
6
3
9
14
15
17
20
21
18
18
13
10
8
7
10
4
6
4
3
6
0
0
4
5
0
-2
-4
-3
-4
0
1
-1
0
5
9
13
13
13
13
11
10
7
7
4
5
3
-2
-5
-6
-8
-9
-11
-14
-17
-23
-26
-28
-32
-37
-32
-31
-28
-27
-28
-26
-25
-27
-20
-17
-17
-18
-12
-10
-6
-2
4
11
11
14
18
25
24
29
33
34
34
37
37
35
34
33
32
32
33
33
34
37
33
30
28
19
11
13
10
5
1
-2
-3
-3
-2
-1
-1
-7
-8
-12
-21
-27
-29
-34
-38
-44
-47
-46
-46
-49
-49
-53
-55
-59
-62
-61
-63
-61
-55
-52
-44
-41
-37
-28
-27
-25
-20
-13
-9
-5
-1
-2
-2
8
15
23
29
32
41
44
48
53
54
56
56
55
58
57
58
59
61
56
57
55
51
54
51
45
42
39
35
31
25
23
17
14
12
12
12
6
4
-1
-3
-9
-12
-17
-19
-19
-23
-26
-27
-28
-31
-31
-31
-33
-31
-30
-27
-31
-31
-30
-31
-30
-34
-38
-37
-40
-38
-37
-35
-34
-35
-35
-34
-26
-22
-14
-9
-2
-3
1
6
9
13
15
23
23
24
24
26
21
21
19
20
22
19
25
30
29
34
35
33
29
27
28
22
23
17
15
16
10
11
11
6
5
-5
-5
-7
-10
-9
-11
-13
-18
-20
-25
-21
-26
-25
-26
-30
-27
-32
-32
-26
-28
-29
-31
-31
-25
-24
-25
-24
-29
-31
-31
-35
-33
-30
-26
-26
-18
-14
-7
-2
1
1
1
-2
-2
3
5
12
12
18
22
25
28
34
34
37
37
34
40
39
41
40
43
42
38
36
29
29
24
19
19
11
16
12
9
8
8
5
5
4
13
14
13
13
11
12
7
10
9
9
7
6
4
5
3
-1
-1
-5
-2
-6
-8
-7
-10
-9
-10
-6
-8
-7
-7
-7
-9
-12
-11
-10
-12
-13
-10
-8
-6
1
3
4
6
6
6
1
-1
-5
-10
-13
-12
-10
-14
-16
-21
-24
-24
-22
-20
-17
-12
-8
-3
-3
-4
-2
0
5
2
4
9
8
10
9
12
10
10
8
1
-5
-4
-5
-11
-11
-9
-9
-4
-1
0
-1
-4
-3
-6
-13
-11
-16
-17
-17
-20
-21
-23
-23
-26
-24
-23
-31
-35
-35
-37
-36
-36
-31
-31
-27
-21
-17
-14
-14
-6
-3
3
5
12
14
20
27
28
33
38
45
47
48
48
49
51
55
52
55
57
51
50
44
37
34
27
30
25
24
20
17
16
7
7
1
0
-5
-12
-13
-18
-25
-29
-33
-33
-27
-25
-25
-30
-33
-34
-36
-34
-34
-42
-42
-42
-43
-41
-47
-44
-42
-35
-32
-32
-25
-25
-23
-20
-22
-19
-19
-12
-7
-4
-3
-3
1
7
15
23
32
35
42
43
49
56
55
56
57
58
57
56
56
55
56
55
55
52
50
48
45
42
42
39
33
32
31
28
23
20
16
13
11
4
5
2
-2
-5
-9
-13
-19
-23
-28
-32
-34
-33
-35
-37
-35
-34
-37
-42
-43
-47
-48
-43
-42
-38
-35
-31
-34
-36
-39
-37
-37
-41
-44
-42
-42
-46
-43
-44
-39
-33
-27
-21
-21
-20
-19
-18
-15
-19
-22
-21
-22
-21
-20
-11
-2
-2
-1
-1
2
8
13
16
24
24
29
30
31
34
32
37
35
39
39
43
43
44
43
40
37
36
34
32
28
26
22
22
17
18
15
14
12
8
7
5
5
3
-2
-9
-8
-12
-15
-13
-11
-11
-5
-2
0
0
6
4
4
7
7
9
13
15
12
13
14
16
18
18
17
11
9
4
5
9
4
5
0
2
0
4
7
8
10
8
10
7
6
0
0
-3
-6
-4
-5
-5
-7
-13
-15
-17
-19
-23
-27
-24
-27
-26
-24
-27
-19
-17
-16
-13
-14
-11
-12
-18
-19
-22
-26
-26
-22
-18
-16
-13
-9
-8
-8
-6
-3
-4
-5
-6
-10
-11
-10
-14
-13
-15
-17
-17
-14
-13
-7
-8
-5
3
2
10
16
16
20
18
14
16
21
18
20
26
27
23
22
24
19
18
17
15
13
13
12
13
8
6
8
4
8
4
0
2
-6
-11
-16
-22
-24
-26
-30
-31
-31
-31
-33
-32
-30
-33
-37
-38
-40
-41
-37
-35
-30
-27
-26
-19
-19
-15
-11
-8
-3
-5
2
2
2
8
9
12
18
24
29
35
40
43
46
50
52
53
54
58
55
54
54
52
54
55
60
60
59
61
59
57
53
51
47
40
37
33
30
21
18
18
14
11
8
6
-2
-12
-14
-28
-37
-40
-49
-53
-53
-55
-56
-48
-44
-39
-37
-38
-34
-31
-32
-31
-31
-34
-35
-38
-36
-32
-31
-31
-28
-30
-30
-28
-28
-25
-27
-24
-22
-22
-22
-22
-21
-19
-18
-12
-10
-12
-10
-13
-15
-9
-6
-7
-2
-1
4
4
9
10
13
17
13
11
8
10
9
14
16
15
18
15
13
14
16
17
18
19
21
23
27
31
27
26
25
25
23
18
14
9
7
4
5
1
-2
1
-1
-9
-14
-12
-13
-10
-4
-1
2
2
3
9
9
11
7
2
-1
2
0
3
7
3
1
-2
1
1
-1
7
3
4
3
-1
2
1
2
0
2
1
5
6
9
13
8
7
7
10
9
6
4
3
6
7
5
9
5
2
-4
-4
-7
-9
-12
-12
-10
-12
-7
-4
0
2
1
-1
-2
-4
-7
-6
-7
-9
-8
-9
-8
-3
-3
-4
-5
-6
-9
-12
-12
-9
-6
-9
-7
-4
-3
-2
-2
-2
-1
-1
0
4
4
2
3
-3
-3
-3
-3
4
0
2
0
-6
-10
-15
-16
-8
-11
-11
-7
-7
-2
0
2
-2
-1
-4
-5
-1
2
-2
0
-4
-5
-7
-10
-4
-5
-6
-5
-7
-4
-6
-4
-3
-3
-2
-2
0
3
1
1
-4
-7
-8
-8
-6
-6
-1
-2
0
1
2
-1
-7
-7
-7
-9
-7
-2
-1
3
6
5
8
16
19
23
24
22
23
25
28
35
38
40
38
35
39
41
42
42
38
39
32
32
34
28
24
18
14
12
11
12
9
6
-3
-11
-16
-21
-22
-28
-32
-32
-36
-38
-37
-36
-36
-38
-41
-45
-42
-45
-47
-48
-46
-41
-41
-37
-35
-34
-32
-28
-27
-26
-19
-13
-11
-4
-5
-2
-3
-2
4
9
10
13
13
12
21
24
33
33
32
32
32
31
32
31
30
30
32
35
36
38
38
36
35
29
30
30
33
30
27
27
25
19
14
10
3
4
0
-2
-3
-5
-9
-13
-20
-26
-31
-32
-29
-30
-32
-35
-36
-39
-48
-50
-49
-49
-51
-46
-41
-39
-34
-31
-28
-29
-20
-19
-19
-17
-12
-13
-15
-14
-11
-10
-10
-10
-6
-3
1
1
1
10
13
10
11
16
17
19
19
31
39
36
38
38
40
41
35
38
42
42
41
41
39
38
36
35
38
37
36
36
35
33
17
11
12
0
-2
1
7
6
3
0
-1
0
2
-3
-4
-6
-8
-6
-11
-14
-11
-25
-32
-34
-34
-33
-33
-39
-31
-27
-30
-30
-34
-31
-35
-32
-29
-26
-29
-26
-28
-29
-30
-24
-15
-14
-8
-5
1
2
3
5
11
19
25
27
22
20
21
26
20
26
30
21
18
11
10
3
-3
-9
-6
-6
0
-1
-5
-3
2
0
-6
-3
-2
-5
5
9
14
10
0
-1
-7
-7
-5
-3
-6
-4
-6
-4
-2
-7
-6
-6
-9
-7
-5
-7
-2
-7
-10
-7
-9
-4
-4
-9
-12
-15
-15
-13
-10
-14
-20
-16
-11
-14
-21
-22
-23
-28
-27
-24
-18
-12
-15
-11
-11
-6
-4
6
-1
4
2
2
11
-2
0
5
23
33
41
55
67
74
67
71
76
79
77
65
65
71
74
61
51
45
27
20
20
17
9
15
4
1
-2
-6
-6
-12
-9
-13
-14
-9
-19
-32
-39
-47
-55
-56
-57
-53
-59
-54
-57
-56
-56
-49
-49
-53
-55
-49
-37
-23
-17
-16
-11
-17
-10
-9
1
9
11
13
20
26
20
27
32
27
29
20
20
22
19
13
19
25
20
22
10
4
-2
-12
-13
-19
-27
-25
-20
-17
-16
-3
4
6
23
29
26
12
16
19
6
-7
-8
1
1
6
17
25
22
9
3
-4
-12
-9
-6
-2
3
-2
3
1
-1
-2
3
1
3
9
24
20
14
18
5
6
-5
-9
0
-8
-7
-8
-12
-18
-15
-19
-25
-17
-8
9
14
11
21
22
18
7
6
-2
4
0
-4
0
-16
-36
-39
-20
4
15
9
15
11
10
-20
-2
-176
-437
-529
-200
78
146
235
269
184
-7
-68
-109
99
422
348
115
63
217
29
-184
-226
-173
-67
48
187
149
151
-5
-238
-260
-52
112
59
105
155
176
146
78
2
-64
11
68
145
191
150
-36
-202
-249
-209
-167
-171
-168
-141
-85
-83
-105
-110
-111
-142
-135
-58
4
46
18
-29
-54
-52
-54
-59
-57
-74
-66
-68
-60
-92
-120
-145
-127
-64
27
68
77
76
63
75
65
66
45
17
-23
-9
31
46
61
49
44
61
114
140
155
159
137
140
141
163
145
93
60
84
122
151
171
144
123
130
121
123
95
62
30
43
104
122
92
26
-3
-13
-23
-16
7
0
-85
-150
-146
-120
-134
-166
-207
-262
-228
-188
-166
-171
-148
-169
-215
-196
-142
-100
-122
-99
-109
-98
-91
-111
-97
-117
-99
-99
-55
-15
-17
15
56
139
177
224
207
205
235
252
263
234
222
162
131
147
145
163
156
147
127
124
121
120
136
170
209
237
259
248
242
202
179
169
115
72
74
27
-60
-155
-223
-235
-298
-318
-307
-265
-223
-271
-302
-332
-329
-288
-151
-50
-27
-39
-99
-255
-560
-948
-1470
-1927
-2000
-1588
-900
-332
-92
-179
-348
-418
-335
-97
394
1063
1462
1513
1281
1071
926
704
386
198
475
885
1055
822
382
-56
-469
-691
-614
-282
78
394
578
729
857
824
714
847
1125
1465
1736
1777
1613
1288
957
532
205
-41
-226
-396
-448
-335
-359
-530
-752
-914
-933
-771
-588
-360
-148
-77
-86
-100
-99
-185
-235
-276
-382
-407
-449
-598
-839
-1096
-1170
-1287
-1286
-1191
-1039
-866
-639
-341
-98
-66
-181
-457
-584
-752
-944
-1686
-2800
-3409
-3013
-1774
-737
-242
-98
118
267
68
88
812
2229
2946
2729
2216
2228
2543
2311
1418
709
993
1607
1858
1475
917
355
-427
-1064
-956
-243
338
685
932
1474
2092
2249
2102
1957
2128
2432
2626
2487
2141
1474
694
-116
-525
-657
-920
-1109
-1209
-1262
-1320
-1311
-1371
-1228
-969
-836
-755
-562
-318
-281
-559
-790
-886
-973
-1148
-1352
-1385
-1288
-1260
-1286
-1444
-1456
-1425
-1410
-1202
-863
-628
-411
-71
335
448
322
93
-248
-435
-466
-405
-463
-657
-1096
-1368
-1533
-1298
-1635
-2412
-3074
-2974
-2509
-1678
-313
743
1454
1369
1047
718
1056
1942
2054
2212
2258
2511
2171
1718
1260
731
644
509
1046
1583
2029
1585
777
433
268
403
358
697
965
1276
1455
1363
1372
1132
995
845
1179
1515
1698
1552
1230
853
596
476
213
63
39
2
-175
-114
-213
-606
-1038
-1346
-1399
-1378
-1251
-1248
-1135
-1123
-1202
-1231
-1345
-1285
-1181
-905
-576
-225
-10
213
222
33
-81
-91
-99
-238
-514
-794
-952
-1073
-1109
-1205
-1044
-755
-677
-921
-1413
-1938
-2347
-2884
-4312
-6328
-6703
-4130
-174
2117
2001
916
631
704
-27
-621
1039
4443
5983
4088
1467
1036
2022
1505
-890
-2178
-316
2738
3746
2491
1035
73
-1004
-2082
-1670
407
2528
2888
2122
1967
2720
3053
2165
1420
1766
2918
3548
3254
2302
1210
427
-461
-849
-721
-468
-566
-822
-755
-557
-571
-995
-1381
-1398
-1099
-921
-916
-798
-786
-1140
-1715
-1922
-1567
-1148
-946
-922
-803
-458
-217
-444
-946
-1098
-936
-541
-334
-267
-163
-158
-287
-651
-790
-967
-1082
-1464
-1812
-1906
-1774
-1582
-1571
-1378
-803
-25
438
521
498
495
718
805
-337
-3208
-6560
-7110
-4063
137
2275
1791
805
249
-557
-2251
-2126
1375
5283
5880
3437
2627
4252
5239
3001
-231
-372
2389
5015
5085
3984
2651
568
-2077
-3494
-2278
-274
559
-80
-1
1269
2457
2195
1346
1364
2610
3713
4348
4207
3836
2076
-1786
-3715
-2993
-1125
-1357
-1015
-1455
-2151
-2355
-3760
-4517
-3830
-1132
-1157
-1652
-477
197
406
-823
-885
-1373
-105
841
905
1317
1424
777
-1546
-2254
-2234
-2361
-2460
-2668
-2468
-2506
-1889
-1731
-1423
-669
168
642
1045
1462
1134
641
328
593
981
1240
811
-115
-1021
-1716
-2325
-3169
-4400
-6079
-6942
-5288
-1885
832
1539
1123
1078
1566
1610
1359
2481
4925
6230
5122
3145
2770
3446
3275
1687
469
1239
2845
3410
2540
1314
154
-1123
-2169
-2061
-646
415
463
248
780
1793
2352
2242
2193
2893
3653
4043
3672
3127
1402
-1126
-3101
-3069
-2150
-1809
-1717
-2229
-2513
-3172
-4074
-4805
-4157
-2369
-1608
-1145
-710
134
265
92
-102
-273
220
607
1116
1267
1330
562
-735
-1482
-1730
-1743
-1888
-1785
-1592
-1523
-1621
-1808
-1644
-1056
-156
611
1307
1790
1552
1050
913
1117
1345
1228
793
386
325
117
-461
-906
-989
-1103
-1637
-2053
-2002
-1753
-2007
-3081
-4383
-4615
-3008
-263
1763
2440
2234
1856
1323
621
590
1622
3671
4696
3946
2469
1783
2152
1972
1240
540
906
1688
1881
1356
446
-597
-1999
-2811
-2356
-906
492
1308
1811
2249
2500
2635
2808
3227
3440
3357
3015
2643
2189
1228
-88
-3439
-5651
-5720
-3897
-3116
-2041
-1140
-1977
-1982
-2611
-2682
-1789
1126
2421
1173
1792
1932
2414
1448
1006
-311
-1040
-232
-229
491
430
-397
-3041
-4278
-3420
-2792
-2191
-2047
-1476
-1092
64
780
727
1064
1067
1091
1086
1698
1814
1205
11
-892
-1306
-1282
-1187
-1467
-1427
-1057
-573
-867
-1292
-1622
-2019
-2219
-2633
-3472
-4305
-3856
-1900
299
1378
1055
400
-192
-597
-584
491
2380
3798
3703
2670
2389
3110
3416
2739
2035
2287
3345
3804
3359
2465
1556
302
-1166
-1819
-1360
-583
-337
-306
202
1487
2633
2746
2400
2559
3069
3542
3543
3479
2687
42
-2267
-2795
-1399
-1045
-807
-1328
-2286
-2356
-3089
-3743
-3632
-1550
-970
-1592
-971
-289
330
-296
-242
-540
357
1513
1636
1538
986
387
-1066
-1473
-1124
-1370
-2075
-2934
-3096
-2801
-1809
-1257
-1091
-704
-114
472
947
1380
999
94
-392
79
693
942
369
-511
-922
-1069
-1241
-1414
-1253
-1429
-1855
-2005
-1870
-2277
-3454
-5079
-5673
-4166
-1189
1123
2010
1980
1449
942
911
1873
3794
5654
6101
4835
3548
3340
3267
2174
640
510
1689
3058
3125
1868
388
-951
-1985
-2357
-1423
81
985
1099
1262
2194
3053
3133
2731
2542
3000
3676
3878
3110
1472
-273
-3726
-5725
-5270
-2817
-1920
-1639
-1941
-3433
-3438
-4162
-4145
-3400
-602
687
-601
-199
-68
652
-282
-433
-322
583
2119
1597
1259
399
-356
-2072
-2876
-2154
-1964
-1826
-2297
-2136
-2193
-1370
-452
179
1017
1404
1685
1829
2307
2018
1299
441
254
102
-93
-560
-815
-579
-329
-562
-1307
-1452
-1341
-1218
-1080
-1240
-1806
-2702
-3922
-4731
-3754
-1148
956
1754
1681
1281
965
866
1590
2901
4483
4930
3904
2754
2388
2665
2068
1188
733
1427
2675
3014
2222
872
-146
-903
-1159
-1003
-536
-31
149
469
1055
2135
2699
2827
2515
2796
3046
3087
2109
1323
-452
-3765
-5048
-4420
-2853
-3080
-2454
-3180
-3821
-3476
-3891
-3252
-1626
1704
1556
869
1197
1063
1253
485
1188
964
2191
2329
1152
386
-370
-1155
-2814
-2519
-2218
-2427
-2685
-2828
-2455
-2102
-1068
-673
191
1271
2120
2350
2299
2034
1167
-41
-759
-560
-249
-236
-1027
-1545
-1638
-1465
-1705
-1962
-1936
-2088
-1980
-1459
-699
-1080
-2162
-3980
-4827
-3793
-1319
1184
2558
2638
1631
1113
634
784
1447
2876
4135
4158
3715
3340
3619
3446
2819
2339
2628
3644
3983
3371
2023
820
-480
-1369
-1574
-1219
-776
-405
440
1530
2641
3178
3110
2849
2782
3092
1921
-6
-1102
-925
-810
-1147
-1071
-2289
-3721
-5165
-6147
-5767
-3930
-1719
-1680
-1425
-726
-266
-269
-332
215
538
1732
2319
2723
3035
2349
417
-1814
-2339
-2300
-2027
-2046
-2562
-3255
-3469
-2873
-2356
-1576
-665
437
1435
2561
3063
2777
1897
1053
668
569
546
-11
-527
-1003
-1075
-1244
-1222
-1121
-1323
-1119
-1060
-754
-462
-151
-451
-1405
-2382
-3802
-4534
-4290
-2439
-255
1339
1940
1279
641
268
795
2004
3902
5607
5878
5131
4127
3906
3848
3255
2378
1906
2298
2623
2147
738
-840
-2099
-2920
-2764
-1724
-488
224
461
939
1796
2637
2755
2589
2719
2945
2634
2157
-32
-2208
-3668
-3596
-3675
-3511
-2941
-4005
-4538
-5440
-5387
-4270
-1688
134
-487
-21
178
975
1100
1529
1623
1468
2220
2313
2620
1860
717
-1177
-2256
-1595
-1240
-1320
-1990
-2194
-2222
-1370
-525
-4
809
1583
2232
2465
2688
2205
1574
780
386
87
-218
-598
-1366
-1985
-2157
-1757
-1593
-1604
-1796
-2263
-2293
-2259
-1992
-1704
-1490
-1804
-2403
-3005
-3674
-3248
-1545
535
1799
2021
1709
1218
1038
1238
2159
3474
4711
4975
4477
3791
3845
3693
3309
2851
2480
2309
1867
1184
132
-579
-1151
-1479
-1199
-611
102
357
567
1117
1520
1537
1530
1903
2004
1694
1167
500
-57
-858
-1777
-2536
-2871
-2896
-3418
-3835
-4026
-3826
-3467
-2710
-1547
-664
-99
203
609
1057
1597
1628
1351
1513
1682
1601
1044
227
-416
-994
-1309
-1486
-1440
-1457
-1605
-1675
-1598
-1274
-805
-327
177
765
1166
1039
802
732
909
695
147
-649
-1247
-1549
-1714
-1530
-1544
-1481
-1824
-2007
-1970
-1609
-1427
-1638
-1425
-1096
-835
-1201
-1804
-2795
-3230
-2504
-676
1101
1874
1744
1104
983
1290
2228
3230
4463
5389
5276
4740
4301
4418
4061
3450
2788
2433
2446
2190
1527
599
-28
-734
-1346
-1540
-1283
-1164
-671
44
955
1602
1289
658
174
797
983
1073
649
97
-550
-1569
-2135
-2834
-2961
-3742
-4669
-4919
-4468
-3506
-3013
-2064
-1560
-961
-536
-66
433
1025
1621
1794
2158
2513
2240
1081
-248
-1062
-1306
-1269
-1061
-1007
-1128
-1215
-1707
-1807
-1451
-799
-192
386
1118
1452
1720
1496
980
431
82
-36
-134
-156
-176
-382
-561
-549
-849
-1266
-1563
-1535
-1180
-563
-266
-411
-907
-2076
-3112
-3950
-3631
-2661
-977
550
1201
1448
1179
1435
1848
2916
4078
5179
6429
6464
5642
4100
3244
2672
2308
1981
1642
1517
912
-127
-1215
-1728
-2097
-2295
-1917
-1344
-792
-272
190
419
852
1179
1404
1396
1646
1474
914
232
-1074
-2237
-2968
-3027
-3431
-3968
-4361
-4830
-5031
-4788
-3639
-2511
-1318
-222
480
1040
1531
1940
2051
2184
2201
2051
2063
1885
1103
140
-636
-1145
-1028
-902
-1107
-1649
-2056
-1942
-1431
-612
284
955
1432
1769
1844
1809
1809
1422
964
428
207
-243
-818
-1270
-1691
-1594
-1423
-1136
-1348
-1524
-1667
-1698
-1524
-1219
-1012
-839
-1100
-1759
-2516
-2712
-1863
-598
971
1633
1759
1656
1673
2287
2787
3628
3874
4354
4563
4254
3611
2760
2385
1832
1405
1318
1514
1820
1389
682
-233
-784
-1023
-1044
-791
-333
-95
-341
-515
-468
-246
-384
-62
85
259
223
-258
-894
-1760
-1865
-2109
-1971
-1939
-2370
-2819
-3482
-3471
-3323
-2473
-1637
-1006
-493
-202
143
112
234
382
897
1773
2146
1914
1165
709
316
46
114
209
323
268
-190
-582
-733
-632
-481
-271
-114
23
85
16
35
-115
-252
-380
-329
-149
246
227
202
213
298
347
217
27
-467
-797
-1314
-1916
-2053
-1860
-1688
-2312
-2767
-3146
-2810
-1854
-311
956
1539
1960
1930
2414
3047
3673
4166
4420
4955
4547
3987
3197
2877
2297
1517
940
457
531
122
-605
-1594
-1896
-1902
-1831
-1412
-789
-422
-641
-711
-435
411
766
1058
866
657
460
-171
-806
-1677
-2014
-2517
-2623
-2654
-2824
-3189
-3949
-4063
-3735
-2701
-1347
-169
656
1077
1342
1276
1335
1594
2083
2471
2663
2630
2235
1680
1005
441
9
-43
-221
-475
-709
-703
-562
-298
19
269
678
963
965
889
953
950
865
589
169
-109
-265
-414
-768
-1005
-1092
-1037
-1178
-1489
-1792
-1792
-1698
-1992
-2205
-2399
-2376
-2910
-3175
-3258
-3046
-2402
-1199
225
869
1322
1258
1566
2160
3016
3691
3926
4369
4378
4004
3308
2841
2174
1352
777
359
435
226
-315
-1193
-1494
-1459
-1274
-858
-373
-160
-416
-304
317
1388
1629
1572
1439
1384
1289
672
119
-563
-586
-977
-1554
-2096
-2404
-2750
-3657
-3853
-3409
-2230
-1185
-407
63
381
800
1027
1339
1886
2464
2704
2711
2641
2274
1578
819
284
223
463
481
129
-505
-1079
-1378
-1409
-866
-393
-364
-527
-578
-302
-96
248
245
12
-83
-438
-819
-1069
-918
-1083
-1128
-996
-1189
-1358
-1819
-2154
-2549
-2671
-2663
-2671
-2599
-2910
-2927
-2853
-2650
-1875
-858
476
1097
1568
1795
2067
2627
3093
3629
4119
4528
4558
3778
3214
2736
2534
1942
1324
1120
1067
779
-170
-959
-1022
-769
-584
-687
-616
-459
-931
-1157
-398
988
1608
1594
1714
1729
1969
1638
989
454
325
13
-817
-1203
-1564
-2333
-3370
-3920
-3622
-2698
-1573
-973
-741
-111
629
1163
1701
2447
2907
2849
2761
2720
2365
1807
956
170
-293
-470
-685
-1189
-1824
-2435
-2911
-2937
-2552
-2080
-1911
-1641
-1421
-1040
-690
-557
-435
-621
-580
-669
-744
-775
-918
-1071
-1543
-1490
-1300
-1389
-1577
-1859
-1974
-2226
-2279
-2236
-2087
-1676
-1689
-1571
-1734
-1511
-1098
15
1547
2361
3021
3052
3304
3467
3913
4497
4798
5187
4933
4270
3252
2698
2127
1515
1250
1242
1267
947
364
-143
-328
-365
-363
-232
293
314
-52
-50
568
1175
1064
859
740
808
637
-36
-687
-1102
-1103
-1689
-2157
-2270
-2459
-2949
-3523
-3490
-2921
-1904
-1036
-667
-219
329
793
999
1334
1558
1498
1391
1339
1301
1083
717
4
-594
-942
-1193
-1551
-1836
-2079
-2240
-2183
-1838
-1242
-913
-809
-776
-585
-52
282
260
64
122
150
32
-260
-569
-950
-1365
-1471
-1294
-789
-767
-915
-1168
-1223
-1427
-1818
-1878
-1823
-1494
-1646
-1553
-1548
-1080
-453
478
1558
2422
3287
3232
3188
3244
3817
4544
4927
5057
4299
3636
2722
2453
2078
1788
1440
1004
777
203
-205
-693
-962
-1291
-1439
-1291
-906
-926
-1315
-1225
-580
394
811
1261
1328
1388
1163
606
147
-276
-186
-987
-1716
-2148
-2556
-3268
-3810
-3740
-3405
-2564
-1805
-1170
-499
265
701
782
1144
1777
2039
1900
1784
1652
1361
600
52
-383
-666
-1010
-1694
-2174
-2445
-2291
-2247
-1904
-1349
-983
-738
-553
-197
7
162
239
358
403
65
-586
-1106
-1165
-1046
-1115
-1202
-1149
-945
-991
-1079
-984
-548
-406
-620
-999
-824
-562
-653
-877
-1130
-623
64
1108
1725
2302
2681
2554
2547
2729
3740
4502
5100
4932
4003
3067
2473
2600
2481
2312
1943
1580
1118
341
-365
-854
-1082
-1366
-1283
-1000
-620
-880
-1264
-865
-48
779
843
1071
957
876
661
161
-539
-1062
-1325
-2095
-2590
-2843
-3236
-3906
-4048
-3428
-2609
-1689
-1018
-653
-237
289
556
682
1045
1293
1164
1084
1149
860
186
-562
-1076
-1371
-1395
-1354
-1611
-1792
-1981
-2006
-1737
-1112
-455
-321
-298
-117
85
358
586
585
507
261
-175
-585
-605
-630
-757
-652
-411
30
145
398
231
287
415
573
601
78
-66
-507
-720
-1368
-1398
-1329
-916
-137
779
1771
1987
2330
2351
3019
3661
4439
5083
5177
4759
3306
2507
2052
2341
1795
950
275
-246
-472
-1206
-1736
-2353
-2501
-2492
-2279
-1519
-1092
-1219
-1685
-1252
-211
459
687
683
463
322
-250
-872
-1234
-1227
-1553
-2588
-2977
-2934
-2730
-2862
-2623
-2084
-1455
-625
-156
422
1015
1416
1422
1346
1685
1872
1695
1322
825
391
86
-150
-343
-479
-438
-617
-865
-1023
-929
-494
-126
379
699
991
972
689
671
760
850
467
-15
-441
-759
-900
-1109
-1221
-1081
-802
-463
-119
204
263
209
161
165
71
-9
-351
-923
-1245
-1577
-1817
-1956
-1948
-1825
-1372
-259
689
1565
2110
2491
2651
2812
3305
3520
3617
3375
2684
2052
1843
1866
1399
475
-303
-682
-745
-778
-1015
-1305
-1549
-1677
-1576
-1115
-610
-857
-1057
-799
-112
403
695
936
546
156
-365
-682
-708
-565
-603
-1461
-1553
-1165
-806
-670
-599
-356
-174
396
777
1006
1218
1235
869
476
602
734
432
-18
-283
-354
-352
-428
-463
-470
-422
-473
-576
-475
-411
-288
-179
62
316
233
-214
-750
-964
-951
-920
-1009
-1287
-1599
-1858
-1816
-1335
-948
-584
-390
-108
203
466
837
1092
1075
936
598
418
-129
-844
-1564
-1617
-1531
-1434
-1390
-1464
-1133
-403
923
1934
2664
2891
2751
2705
2635
3132
3243
3453
2940
2218
1674
1328
1098
428
82
-61
306
515
355
-87
-529
-868
-958
-619
-6
-189
-1116
-1523
-1135
-527
-446
-265
-371
-564
-639
-940
-771
-548
-38
-557
-877
-345
198
314
-80
-122
-185
319
649
649
554
280
-203
-741
-521
-132
-167
-623
-805
-808
-666
-471
-434
-168
7
389
418
566
390
109
-15
-22
200
72
-54
-571
-1175
-1605
-1607
-1596
-1705
-1765
-1725
-1420
-1024
-473
-319
-65
191
495
995
1284
1549
1087
610
167
24
-365
-1070
-1546
-1915
-2110
-2364
-2039
-1706
-1252
-540
578
1646
2284
2486
2218
2173
2247
2611
2586
2711
2458
1830
1144
680
818
814
764
515
553
760
800
590
152
-58
-272
-337
-209
-429
-1033
-1534
-1455
-1064
-793
-404
-224
-217
-301
-363
22
545
1170
1023
847
996
1141
1078
775
692
339
243
199
-24
-226
-611
-1008
-1462
-1495
-1326
-1071
-942
-724
-618
-394
-43
264
527
732
978
921
897
566
24
-449
-792
-812
-921
-1110
-1583
-2032
-2231
-2179
-2043
-1865
-1572
-1455
-1335
-910
-350
88
405
721
969
1100
1223
1198
1006
755
392
16
-213
-549
-1066
-1649
-1682
-1602
-1507
-1305
-1051
-467
85
913
1467
1805
1917
1487
1232
1047
1432
1623
1751
1729
1244
912
1031
1626
1904
1809
1608
1422
1518
1444
1032
409
-170
-580
-895
-929
-1290
-1952
-2422
-2201
-1709
-1096
-556
-461
-365
-113
390
842
1676
2247
1820
1483
1644
2035
1846
1329
626
-94
-368
-608
-829
-1093
-1489
-2065
-2338
-1751
-935
-608
-675
-604
-380
98
464
598
569
532
373
-99
-393
-707
-963
-1344
-1328
-1114
-1089
-1152
-1440
-1650
-1579
-1456
-1089
-814
-470
-388
-393
-306
58
470
501
421
361
634
853
869
616
397
362
279
234
-106
-272
-585
-659
-887
-902
-689
-592
-349
-333
242
593
786
724
390
558
706
1141
1281
1628
1761
1612
1661
1927
2565
2666
2471
2066
1828
1588
1113
351
-395
-728
-1197
-1747
-2288
-2915
-3449
-3367
-2540
-1823
-1149
-601
-189
310
982
1690
2185
2732
2939
2482
2184
2119
1795
985
59
-786
-1297
-1394
-1491
-1984
-2382
-2482
-2328
-1922
-1118
-416
-129
55
294
705
1225
1509
1401
1188
938
699
242
-118
-542
-877
-938
-869
-752
-899
-1147
-1388
-1302
-1016
-686
-385
-186
-36
-48
65
158
343
421
452
601
763
906
886
624
303
29
8
119
208
12
-549
-1071
-1256
-983
-1243
-1599
-1916
-1936
-1740
-1493
-1074
-926
-688
-760
-847
-365
353
902
1011
1427
1891
2091
2079
2155
2422
2433
2020
1480
1378
1349
977
-10
-721
-1064
-1249
-1425
-1570
-1896
-2309
-2091
-1254
-245
685
1453
1909
2243
2644
3014
3285
3571
3317
2495
1898
1339
827
107
-502
-1129
-1487
-1353
-1397
-1447
-1514
-1476
-1250
-765
-62
328
474
370
256
240
337
342
106
-171
-353
-514
-647
-708
-1000
-1184
-1242
-1132
-930
-720
-737
-1034
-1178
-1170
-1010
-700
-517
-678
-910
-949
-668
-497
-394
-453
-359
-109
100
464
589
694
404
397
415
488
338
-203
-997
-1586
-1863
-2085
-2428
-2545
-2639
-2714
-2368
-1721
-1084
-530
-201
248
826
1702
2253
2698
3093
3482
3417
3006
2850
3030
3020
2555
1846
1490
1225
783
7
-656
-949
-1165
-1438
-1317
-1132
-1141
-1097
-406
655
1410
1982
2123
2220
2296
2377
2375
2320
2193
1456
498
-154
-408
-548
-967
-1201
-1392
-1285
-1170
-1149
-1189
-1040
-864
-800
-598
-272
-226
-492
-796
-899
-711
-571
-609
-757
-728
-549
-625
-674
-716
-563
-516
-503
-316
-352
-513
-823
-1024
-1039
-1024
-988
-900
-740
-540
-567
-605
-592
-223
216
572
784
839
824
596
559
605
559
506
285
-74
-402
-891
-1185
-1574
-1769
-2009
-2283
-2191
-2085
-1601
-1383
-668
11
515
953
1159
1737
2066
2419
2339
2539
2922
2720
2256
1799
1963
1982
1679
1268
1051
908
526
12
-268
-133
-180
-122
-177
-403
-614
-811
-176
164
716
891
1027
1062
755
791
701
1122
1205
865
495
265
402
164
49
-116
-287
-280
-324
-554
-899
-1141
-1334
-1528
-1533
-1345
-1271
-1412
-1598
-1432
-1059
-829
-723
-703
-461
-294
-162
-32
-34
-59
-256
-357
-398
-601
-900
-1250
-1331
-1274
-1026
-833
-865
-924
-968
-836
-468
-23
385
723
830
966
817
811
800
813
641
348
251
27
-243
-544
-984
-1302
-1597
-1635
-1764
-1791
-1652
-1502
-1301
-642
124
562
647
629
795
1066
1625
2186
2577
2821
2577
2208
1901
2084
2421
2350
2212
2079
2100
1836
1410
997
744
589
252
-63
-215
-641
-1217
-1621
-1458
-1005
-506
-309
-130
27
210
388
677
1235
1534
1402
1186
1069
1095
881
424
-126
-542
-748
-987
-1251
-1586
-1952
-2258
-2280
-2157
-1942
-1827
-1909
-1863
-1540
-1030
-590
-247
-40
199
311
403
524
443
302
27
-146
-72
-7
-146
-436
-598
-576
-500
-478
-485
-427
-421
-330
-163
61
248
286
212
54
26
-58
-205
-316
-454
-422
-474
-392
-375
-332
-296
-533
-809
-982
-971
-1131
-1151
-1219
-1114
-942
-530
-444
-696
-613
-387
126
482
959
1388
1839
2340
2385
2433
2673
3197
3383
3324
3200
2986
2705
2043
1435
970
605
21
-539
-1071
-1687
-2194
-2572
-2255
-1700
-867
-322
116
474
808
1164
1423
2054
2305
2290
2005
1631
1221
663
233
-292
-763
-1151
-1381
-1786
-2116
-2374
-2554
-2500
-2158
-1708
-1437
-1292
-1209
-985
-567
-128
138
266
412
486
556
451
396
237
76
67
185
296
178
-70
-347
-420
-333
-329
-281
-195
-248
-391
-518
-515
-423
-200
-243
-368
-446
-232
-110
-145
-134
-76
177
306
330
276
290
300
-115
-667
-1271
-1592
-1677
-1878
-2029
-2224
-1861
-1501
-1369
-1257
-1034
-187
468
1086
1657
2372
3151
3295
3086
3017
3330
3587
3401
2944
2678
2304
1780
975
265
-276
-717
-1005
-1391
-1591
-1800
-2001
-2000
-1690
-987
-193
311
710
1001
1414
1696
1981
2297
2257
1976
1495
1147
721
244
-262
-964
-1311
-1556
-1725
-1985
-2109
-2213
-2278
-2087
-1759
-1504
-1442
-1367
-1258
-914
-436
77
279
233
291
377
596
622
700
506
248
144
74
131
-26
-243
-504
-706
-741
-768
-662
-653
-694
-597
-459
-424
-400
-229
-163
-14
86
320
372
504
551
787
793
722
504
267
221
17
-278
-864
-1265
-1756
-2092
-2128
-2095
-1987
-1759
-1147
-869
-551
-282
366
1051
1436
1832
2155
2895
3189
3107
2859
2836
3081
2890
2446
1950
1631
1105
485
-84
-368
-529
-1005
-1422
-1830
-1885
-1915
-1688
-1348
-833
-100
314
742
976
1319
1507
1620
1765
1675
1674
1292
826
236
-124
-426
-810
-1061
-1261
-1411
-1719
-1888
-1974
-1831
-1620
-1366
-1099
-879
-645
-622
-420
-191
64
302
492
698
754
759
714
670
647
634
561
419
196
46
-124
-364
-601
-733
-834
-971
-1020
-1098
-1087
-1017
-820
-501
-263
-42
54
68
98
38
149
146
349
484
554
500
216
-9
-221
-460
-987
-1364
-1799
-2024
-2245
-2341
-2225
-2137
-1533
-1118
-773
-636
-243
510
970
1469
1621
1979
2463
2727
2666
2602
2652
2739
2555
2294
2068
1786
1317
706
226
-45
-298
-640
-1153
-1330
-1479
-1384
-1163
-842
-332
16
388
740
886
1150
1253
1469
1463
1482
1407
1131
953
659
433
105
-101
-273
-478
-701
-948
-1088
-1126
-1164
-1175
-1128
-1204
-1284
-1334
-1213
-928
-637
-239
142
537
796
953
1059
1109
1164
1179
1107
910
523
102
-325
-585
-787
-942
-1127
-1364
-1464
-1540
-1528
-1413
-1237
-1020
-920
-675
-457
-147
78
103
144
186
344
344
271
248
167
65
-202
-413
-871
-1394
-2028
-2350
-2341
-2241
-2027
-2245
-2205
-2036
-1499
-866
-354
298
738
1249
1578
1991
2358
2759
3085
3023
3002
3027
3098
2840
2319
1764
1431
1147
834
513
62
-367
-882
-1257
-1280
-1179
-932
-919
-646
-367
28
379
416
725
1144
1696
1951
1987
1989
1683
1514
1320
1123
971
604
140
-410
-759
-1110
-1446
-1679
-1842
-1905
-1887
-1844
-1696
-1480
-1209
-899
-601
-63
373
636
710
724
891
930
1014
889
658
271
-188
-594
-930
-1121
-1371
-1678
-1846
-1890
-1974
-1907
-1722
-1266
-848
-575
-247
-66
146
285
389
579
718
835
860
727
591
334
99
-181
-371
-729
-1264
-1846
-2361
-2657
-2829
-2615
-2255
-1882
-1520
-1272
-946
-398
382
1065
1617
2095
2512
2741
2850
2969
3076
3131
3006
2910
2775
2671
2385
1834
1360
1046
783
396
38
-272
-740
-1110
-1292
-1039
-804
-702
-610
-441
28
408
853
1207
1662
1993
1855
1744
1677
1696
1428
1066
579
85
-394
-878
-1407
-1828
-2061
-2319
-2458
-2483
-2383
-2277
-2133
-1901
-1538
-1054
-685
-426
-202
136
468
588
723
777
712
551
306
58
-214
-633
-1061
-1366
-1432
-1550
-1633
-1700
-1550
-1378
-1178
-902
-578
-183
19
192
423
761
982
1061
1044
960
899
901
815
787
574
408
127
-116
-478
-928
-1467
-1879
-1986
-1986
-1743
-1695
-1442
-1158
-837
-485
-12
705
1142
1648
1865
2281
2656
2723
2630
2504
2649
2709
2617
2388
2075
1643
1264
958
709
503
132
-277
-755
-994
-1158
-1235
-1157
-1100
-848
-599
-146
174
445
687
928
1225
1443
1477
1379
1080
679
321
70
-184
-543
-972
-1264
-1557
-1777
-1916
-1894
-1847
-1786
-1585
-1355
-1160
-958
-807
-596
-279
13
263
368
459
437
481
408
304
152
-36
-230
-420
-539
-625
-641
-673
-712
-596
-459
-290
-145
-81
57
219
444
655
771
713
590
589
638
650
463
262
186
-39
-303
-547
-726
-946
-1193
-1397
-1676
-1660
-1840
-1931
-1941
-1722
-1336
-1075
-729
-518
-130
282
770
1217
1553
1857
1883
1893
1895
2085
2084
1990
1781
1625
1435
1080
800
461
197
-89
-258
-308
-327
-346
-512
-407
-214
98
427
591
859
976
1166
1302
1432
1478
1340
1155
966
668
411
162
-83
-321
-561
-719
-847
-981
-1156
-1289
-1290
-1239
-1092
-1010
-962
-884
-893
-776
-631
-460
-342
-211
-61
-36
54
96
74
25
-56
44
48
-50
-256
-535
-793
-899
-744
-562
-436
-419
-418
-412
-276
20
285
545
680
714
693
626
683
615
508
295
22
-91
-323
-547
-829
-1007
-1145
-1264
-1404
-1479
-1518
-1508
-1524
-1504
-1311
-1016
-599
-304
49
416
813
1141
1404
1649
1837
1964
1955
1882
1856
1864
1673
1443
1164
928
715
553
386
252
147
35
-35
-90
-105
-54
-107
-94
-13
110
235
289
384
466
556
648
661
617
514
462
390
237
118
-116
-335
-471
-546
-709
-874
-982
-1043
-1079
-1188
-1243
-1234
-1247
-1233
-1128
-957
-811
-692
-479
-310
-151
57
259
479
619
621
458
391
227
158
62
-126
-320
-544
-725
-850
-807
-751
-489
-348
-248
-107
-70
130
205
360
335
295
301
142
105
-94
-147
-290
-503
-786
-946
-871
-944
-1053
-1159
-1065
-958
-826
-773
-649
-375
-124
154
358
703
995
1330
1537
1685
1876
1887
1997
1978
1941
1887
1768
1641
1446
1287
1094
906
717
555
475
326
198
138
154
90
26
-25
38
1
60
89
95
115
137
182
251
287
234
78
-63
-107
-139
-198
-396
-505
-648
-737
-903
-1118
-1245
-1371
-1475
-1583
-1548
-1428
-1365
-1338
-1212
-1049
-832
-565
-299
-98
54
202
318
482
632
611
446
263
50
-87
-183
-251
-302
-392
-534
-569
-511
-353
-164
4
107
184
296
300
374
364
343
426
369
295
118
-54
-373
-618
-765
-795
-681
-842
-888
-1064
-1029
-940
-985
-743
-659
-381
-194
94
424
649
873
986
1137
1371
1642
1679
1628
1477
1496
1489
1447
1401
1204
1016
703
529
369
322
263
34
-122
-168
-36
-35
-65
-76
0
55
94
218
270
259
215
155
137
173
113
-45
-243
-392
-464
-499
-538
-608
-780
-962
-1021
-1033
-1042
-1091
-1035
-969
-897
-783
-725
-616
-495
-385
-142
122
294
394
463
596
728
821
828
766
652
450
309
135
-6
-36
-156
-242
-293
-156
-89
-54
21
38
162
196
269
323
442
494
411
262
161
30
-85
-312
-484
-606
-761
-852
-1014
-1034
-1112
-1197
-1236
-1152
-980
-962
-859
-742
-586
-396
-216
83
343
616
790
945
1018
1214
1281
1280
1271
1268
1268
1128
992
764
667
516
350
276
184
114
-8
-108
-108
-24
31
67
85
127
177
195
291
326
391
412
442
452
339
171
32
-94
-175
-293
-391
-488
-675
-863
-989
-1025
-1045
-994
-1028
-1062
-1069
-953
-786
-630
-496
-426
-322
-230
-64
151
347
490
521
480
435
354
317
242
202
250
211
176
136
40
-101
-182
-181
-129
19
40
28
9
18
59
-20
10
20
-74
-108
-192
-169
-253
-403
-540
-717
-706
-743
-739
-820
-841
-836
-810
-596
-384
-237
-178
-83
80
307
504
704
915
1159
1296
1385
1445
1411
1410
1320
1261
1221
1223
1176
943
669
495
434
506
547
569
552
464
411
466
647
755
775
746
663
620
559
459
300
175
-15
-127
-313
-534
-680
-837
-963
-1053
-1110
-1154
-1175
-1237
-1266
-1295
-1260
-1184
-1096
-1046
-1035
-952
-826
-738
-663
-601
-502
-393
-328
-298
-229
-121
-41
14
84
143
151
84
28
28
69
17
-23
-76
-29
8
6
-38
-102
-40
-57
62
183
216
308
192
132
43
-33
-54
-130
-267
-433
-538
-634
-667
-839
-887
-935
-892
-823
-688
-435
-283
-61
21
181
349
581
830
979
1205
1275
1259
1289
1256
1286
1306
1335
1295
1177
1054
840
701
588
505
453
399
343
393
450
468
550
606
585
538
561
538
576
491
387
344
249
125
-14
-115
-274
-450
-606
-610
-629
-652
-747
-863
-896
-927
-898
-847
-802
-809
-846
-868
-837
-803
-722
-636
-654
-665
-634
-590
-555
-509
-429
-307
-210
-81
-41
-63
-68
-6
17
57
107
135
123
34
14
-42
-84
-115
-91
-107
-145
-79
-55
24
26
63
99
129
160
108
75
-76
-235
-356
-465
-476
-488
-553
-631
-725
-725
-650
-540
-354
-200
-12
78
266
495
657
918
1028
1164
1215
1359
1391
1394
1352
1253
1187
1040
941
796
684
531
433
385
419
401
394
404
376
408
455
513
561
589
605
598
570
447
391
276
97
-34
-126
-161
-224
-322
-425
-482
-514
-507
-523
-532
-604
-709
-783
-909
-910
-910
-941
-985
-1012
-1028
-1045
-1047
-1023
-951
-840
-721
-581
-475
-393
-322
-299
-264
-199
-82
-47
-19
-23
-49
-43
-77
-97
-123
-224
-311
-363
-364
-360
-284
-241
-219
-150
-158
-165
-160
-108
-44
55
34
-2
-53
-105
-116
-133
-144
-185
-187
-273
-300
-301
-207
-39
119
306
422
560
646
815
991
1139
1292
1372
1437
1508
1518
1495
1398
1294
1254
1192
1165
1008
869
744
690
588
482
471
404
305
244
218
229
234
176
167
140
111
-14
-154
-245
-280
-274
-320
-390
-430
-562
-651
-715
-713
-668
-682
-693
-804
-848
-917
-927
-935
-965
-971
-1017
-1021
-1011
-957
-966
-935
-880
-817
-750
-674
-534
-467
-420
-407
-391
-362
-272
-134
-2
119
165
205
246
297
361
346
334
251
184
159
84
23
-17
84
150
234
253
322
424
442
512
485
502
480
484
368
264
189
40
-49
-134
-80
-93
-81
-8
2
70
80
162
283
378
520
602
671
770
818
811
783
745
715
640
564
417
300
211
69
-49
-131
-174
-209
-199
-174
-205
-161
-63
26
94
129
124
134
162
176
146
51
-48
-97
-151
-186
-201
-233
-266
-309
-343
-378
-355
-344
-381
-436
-467
-517
-522
-539
-559
-605
-643
-619
-656
-615
-578
-562
-484
-390
-327
-236
-193
-129
-27
42
188
272
256
229
210
164
103
52
-28
-105
-166
-219
-256
-277
-273
-269
-194
-147
-86
-17
43
139
159
188
213
291
281
249
194
203
211
200
145
66
12
-70
-54
-49
41
62
129
184
235
327
394
501
496
577
572
567
592
564
582
520
493
513
535
480
400
341
287
272
258
266
196
120
28
10
-24
-34
-30
-75
-97
-173
-155
-167
-152
-151
-155
-104
-75
-68
-62
-36
-16
16
32
91
133
118
61
16
-45
-171
-312
-448
-591
-725
-768
-796
-786
-812
-805
-799
-787
-701
-619
-498
-360
-217
-133
-47
26
72
100
127
122
122
149
130
81
49
-27
-43
-110
-167
-198
-290
-288
-237
-195
-156
-106
-69
30
59
162
237
285
267
221
288
259
310
355
320
263
175
126
121
84
96
45
19
9
-8
14
52
69
78
100
167
200
242
288
332
375
390
458
485
511
503
428
441
407
344
249
176
132
34
-9
-26
-93
-129
-118
-72
-32
0
31
53
115
153
236
265
212
190
140
112
110
70
18
-24
-126
-232
-315
-390
-498
-615
-747
-819
-850
-868
-841
-839
-751
-645
-517
-380
-289
-178
-86
-1
71
90
137
178
184
160
175
224
244
235
194
110
79
32
8
56
52
64
-21
-78
-98
-68
-4
69
145
171
206
216
285
329
324
266
219
146
62
-58
-153
-223
-309
-330
-372
-399
-408
-431
-398
-336
-222
-141
-69
-11
10
37
90
146
176
267
343
384
418
437
438
440
387
318
309
266
192
136
101
138
158
226
280
288
283
278
244
293
337
357
397
418
443
450
499
489
477
447
444
433
347
244
128
-13
-161
-294
-457
-606
-739
-834
-907
-917
-897
-945
-978
-920
-859
-742
-616
-495
-386
-275
-175
-128
-102
-165
-184
-251
-336
-375
-417
-477
-507
-543
-528
-501
-447
-445
-394
-336
-308
-226
-118
75
192
346
475
595
666
750
772
699
575
481
384
286
268
102
17
-39
-114
-139
-193
-149
-176
-178
-162
-100
8
74
194
230
270
308
357
412
435
414
422
509
549
571
568
548
509
457
468
427
403
352
243
189
147
183
192
193
149
160
207
268
350
376
383
378
379
389
434
452
410
317
226
139
46
-78
-243
-364
-465
-574
-661
-750
-822
-906
-960
-930
-858
-778
-728
-634
-542
-426
-289
-246
-177
-84
-47
-47
-13
-27
-27
-66
-143
-233
-279
-286
-314
-323
-318
-288
-234
-142
-49
-23
7
51
106
133
177
268
274
271
267
216
209
185
153
68
-44
-65
-181
-222
-266
-361
-344
-373
-366
-383
-373
-370
-399
-359
-343
-309
-296
-280
-253
-210
-165
-114
-30
44
114
188
293
352
443
543
608
648
629
697
678
677
669
659
670
628
660
579
548
547
519
499
490
482
478
448
427
397
342
334
249
180
104
21
-38
-113
-188
-262
-294
-394
-467
-488
-547
-583
-596
-620
-556
-508
-477
-451
-447
-393
-381
-342
-315
-305
-277
-322
-279
-273
-264
-191
-186
-162
-159
-125
-70
-79
-51
30
114
222
239
287
300
271
259
253
199
144
88
85
109
89
70
27
-23
-35
-29
-39
-28
-69
-148
-238
-290
-300
-280
-258
-279
-270
-237
-217
-179
-181
-190
-183
-161
-121
-49
5
42
40
65
125
232
339
417
427
408
460
491
542
533
551
543
501
475
433
461
459
430
354
309
295
260
230
164
109
47
-38
-73
-84
-180
-206
-272
-355
-365
-371
-367
-426
-475
-531
-571
-625
-683
-695
-733
-766
-743
-699
-625
-549
-454
-374
-271
-165
-81
14
41
73
72
100
101
136
194
201
274
319
398
464
487
531
530
546
563
576
575
550
510
465
462
441
417
400
381
357
324
261
194
173
101
68
10
-17
-55
-132
-206
-325
-355
-381
-439
-478
-531
-533
-587
-632
-638
-590
-556
-526
-550
-546
-481
-424
-333
-298
-227
-165
-44
77
126
181
199
264
300
308
308
271
242
185
160
108
132
114
75
87
99
128
164
212
227
214
202
218
195
203
235
284
297
314
302
305
260
198
157
118
106
127
92
72
36
23
31
-5
-3
-44
-42
-10
-2
-11
42
58
83
102
82
105
128
123
131
107
71
49
3
-5
1
-14
-22
-22
-36
-84
-170
-239
-245
-265
-301
-317
-346
-339
-333
-333
-372
-397
-410
-418
-404
-433
-475
-491
-514
-483
-440
-418
-399
-424
-425
-412
-389
-359
-317
-283
-307
-317
-251
-222
-197
-178
-149
-82
-8
53
119
185
249
287
335
462
531
594
602
594
582
592
600
565
509
419
391
390
439
465
425
424
375
376
421
453
452
415
398
382
357
320
301
261
219
179
153
124
24
-68
-150
-159
-145
-189
-187
-173
-229
-206
-205
-206
-190
-211
-192
-146
-96
-100
-85
-120
-167
-194
-181
-154
-126
-133
-103
-57
-72
-57
-40
-14
-48
-69
-47
-46
-79
-137
-181
-212
-232
-220
-229
-242
-244
-247
-234
-206
-154
-149
-169
-187
-176
-165
-158
-140
-155
-195
-203
-208
-202
-179
-174
-144
-163
-177
-161
-149
-142
-131
-118
-90
-38
22
110
168
216
249
257
284
269
282
240
210
182
182
174
158
128
126
159
172
161
195
177
173
189
163
165
142
130
85
78
97
121
115
81
30
2
-16
-42
-53
-96
-108
-135
-118
-63
-17
2
9
34
4
55
55
39
40
4
26
8
-32
-18
-41
-9
47
52
82
123
174
208
229
260
240
226
246
272
265
230
226
183
144
133
81
44
8
-40
-42
-34
-36
-26
-27
-52
-77
-115
-126
-104
-84
-75
-79
-96
-120
-141
-161
-206
-252
-278
-275
-318
-394
-454
-508
-504
-473
-508
-490
-458
-428
-378
-342
-316
-267
-231
-206
-152
-94
-38
12
15
27
32
57
105
147
192
235
251
244
250
251
259
286
325
340
355
294
266
233
187
183
153
130
165
171
161
149
141
117
118
126
87
97
61
52
62
45
61
37
26
28
31
17
8
-6
-9
-4
18
80
90
118
137
117
129
147
148
155
149
94
72
73
68
67
50
53
-1
-46
-30
-20
-18
-42
-87
-118
-156
-175
-196
-210
-185
-168
-177
-189
-181
-139
-120
-122
-117
-126
-147
-181
-249
-302
-344
-373
-390
-391
-392
-411
-387
-353
-316
-282
-256
-260
-235
-161
-84
-50
-19
4
21
41
62
90
105
125
93
117
144
184
218
191
193
217
220
254
251
208
189
143
162
208
228
214
181
152
140
137
129
156
167
156
147
165
129
123
133
96
94
74
79
93
64
87
109
112
106
138
163
130
136
118
102
75
77
78
85
118
123
99
45
45
13
19
37
22
18
-3
-10
-12
11
43
49
23
46
47
12
12
-5
-30
-24
-77
-81
-83
-83
-74
-75
-107
-174
-214
-239
-262
-317
-347
-384
-442
-487
-511
-522
-540
-528
-530
-502
-445
-409
-379
-325
-280
-281
-263
-234
-176
-167
-171
-145
-138
-110
-40
-3
74
145
175
222
201
205
231
280
273
268
312
299
322
353
387
394
424
402
386
388
371
357
298
280
261
250
248
233
207
184
143
112
75
56
45
40
42
60
58
64
69
73
120
166
202
226
225
205
193
159
135
134
48
17
0
-17
-47
-78
-124
-157
-181
-220
-250
-238
-237
-231
-200
-204
-191
-249
-252
-243
-253
-225
-219
-206
-172
-146
-159
-148
-145
-178
-182
-175
-150
-179
-221
-207
-209
-225
-192
-140
-120
-143
-131
-70
-67
-66
-62
-29
16
68
88
124
145
156
197
194
214
167
146
119
110
136
123
134
129
140
136
157
188
184
167
121
118
121
115
112
79
63
75
46
0
-9
-4
-52
-53
-53
-49
-44
-64
-54
-72
-86
-63
-56
-62
-56
-73
-59
-61
-21
-1
17
43
39
43
9
-10
16
2
-9
-21
-41
-62
-49
-40
-55
-82
-105
-97
-86
-75
-52
-2
17
3
37
70
56
66
53
41
75
70
77
79
80
55
45
31
19
24
10
1
-34
-33
-49
-54
-50
-41
-40
-16
15
11
12
3
6
6
-6
-32
-13
-16
-59
-70
-84
-108
-127
-133
-177
-195
-182
-178
-133
-93
-50
-19
-3
-2
67
73
98
104
103
150
169
184
168
151
128
110
71
77
73
47
26
0
-22
-33
-42
-58
-74
-59
-50
-35
-3
29
43
84
155
158
188
174
158
113
90
92
64
30
0
-23
-26
-35
-21
-12
-68
-76
-102
-130
-141
-167
-134
-115
-118
-75
-42
-11
-2
13
18
27
41
62
97
87
124
94
74
61
15
-15
-53
-83
-112
-130
-152
-205
-234
-236
-244
-226
-206
-194
-166
-121
-85
-24
11
50
59
83
126
173
217
226
225
230
192
171
139
85
99
109
104
110
109
95
93
55
42
57
67
63
50
49
23
15
23
32
73
53
41
29
11
10
-10
-39
-99
-130
-166
-202
-240
-290
-320
-358
-344
-314
-293
-263
-238
-203
-162
-122
-40
26
81
115
150
186
193
190
179
143
98
97
72
41
1
-43
-53
-54
-52
-26
23
49
52
47
55
63
88
118
145
196
192
202
215
203
189
191
158
135
132
122
104
93
128
121
99
107
80
21
21
14
6
-14
-25
-13
-32
-3
9
37
54
65
81
57
58
31
9
16
19
-30
-80
-99
-138
-176
-191
-228
-252
-281
-299
-296
-299
-305
-268
-238
-199
-152
-137
-139
-122
-121
-147
-159
-193
-185
-199
-190
-180
-159
-151
-126
-98
-74
-73
-82
-75
-98
-61
-49
-22
-45
-40
-2
-27
-18
-12
-1
15
16
48
71
63
74
85
116
106
104
147
159
121
93
60
81
111
138
138
132
134
151
191
218
226
268
294
321
343
360
389
398
375
352
329
289
245
197
126
102
88
69
62
69
72
44
41
36
20
10
8
-17
-42
-69
-88
-117
-142
-160
-173
-139
-126
-116
-157
-175
-201
-270
-293
-320
-367
-372
-372
-365
-341
-315
-294
-275
-279
-234
-186
-145
-72
-10
24
37
64
99
120
148
178
199
235
168
165
175
126
107
78
69
36
39
24
-13
-20
-19
-48
-66
-30
-7
-11
-7
22
37
52
75
81
80
94
77
59
61
48
42
38
23
23
7
-23
-50
-73
-85
-94
-75
-62
-35
-25
-11
13
12
40
44
34
43
50
64
93
59
38
1
-20
-79
-86
-98
-126
-133
-165
-139
-124
-121
-86
-49
-58
-46
-16
-20
-13
2
1
-15
-32
-46
-61
-62
-65
-73
-95
-80
-77
-92
-96
-50
-30
-4
30
2
14
22
21
32
63
79
104
137
183
210
222
248
271
268
278
279
278
294
290
267
252
232
195
155
134
92
31
-16
-64
-99
-118
-123
-99
-62
-55
-33
-18
-19
-40
-52
-48
-38
-50
-61
-78
-105
-150
-182
-211
-237
-269
-280
-267
-287
-272
-267
-232
-211
-184
-140
-93
-35
34
99
116
125
121
114
112
127
118
135
145
154
137
124
110
115
104
87
67
34
34
4
2
-46
-54
-66
-53
-13
6
-1
4
-15
-14
-3
-16
22
-8
-29
-31
-52
-78
-82
-54
-32
-51
-54
-34
-39
-19
-10
-8
1
15
18
39
83
91
102
123
133
132
156
132
97
104
61
36
20
-11
-26
-59
-71
-95
-107
-135
-147
-157
-158
-170
-202
-186
-207
-177
-225
-228
-199
-173
-157
-125
-115
-108
-73
-41
-53
-48
-39
-37
-27
-20
-3
1
28
27
41
53
60
80
121
160
160
150
175
178
190
183
211
215
189
219
245
246
213
173
177
193
166
158
130
84
38
6
-10
-49
-82
-101
-121
-123
-124
-106
-102
-143
-159
-175
-175
-160
-120
-67
-54
-38
-22
-8
15
-5
-10
-10
-26
-19
3
11
18
3
5
44
86
112
113
126
131
135
143
161
168
161
106
105
75
81
64
68
64
48
47
30
12
-15
-30
-40
-65
-88
-83
-87
-98
-108
-88
-113
-119
-116
-120
-139
-157
-170
-150
-127
-134
-103
-81
-91
-111
-103
-97
-87
-87
-111
-125
-163
-161
-148
-152
-147
-106
-66
-31
16
48
66
61
52
68
81
72
105
115
131
131
149
164
149
135
129
123
84
94
76
63
39
57
58
68
79
73
70
74
87
82
86
96
80
74
57
46
36
10
-18
-36
-52
-62
-58
-53
-69
-71
-81
-101
-112
-124
-134
-128
-104
-113
-79
-22
12
28
75
100
113
135
148
166
178
187
169
146
125
88
57
40
11
-33
-81
-117
-102
-145
-169
-172
-173
-179
-155
-131
-108
-95
-102
-56
-41
-32
-37
-33
-35
-49
-47
-46
-72
-52
-44
-54
-61
-75
-95
-110
-144
-153
-136
-130
-118
-107
-98
-94
-55
-57
-44
-15
5
52
84
126
175
189
211
217
215
223
242
252
215
179
174
148
137
122
88
63
30
14
-6
-21
-11
-20
-6
16
1
8
10
28
38
36
37
54
46
26
19
-7
-32
-50
-35
-22
-1
-11
-6
20
-4
-14
-5
15
20
21
12
23
18
36
60
66
66
48
14
16
27
9
8
-34
-54
-73
-87
-103
-87
-62
-82
-86
-94
-105
-120
-139
-118
-122
-138
-132
-119
-103
-122
-116
-103
-105
-107
-92
-62
-68
-44
-62
-78
-84
-83
-84
-88
-62
-53
-48
-25
9
-5
-23
-43
-71
-66
-31
-20
0
4
23
62
86
111
130
180
178
172
166
165
134
117
116
92
66
62
47
2
8
33
19
28
34
35
32
36
32
64
78
107
139
145
160
139
141
138
126
119
114
77
61
47
40
26
14
-5
-23
-6
-8
-4
-23
-46
-48
-39
-49
-53
-47
-53
-45
-30
-48
-51
-65
-77
-67
-56
-39
-66
-77
-102
-137
-135
-126
-137
-128
-114
-117
-105
-84
-57
-29
-16
11
45
57
79
64
74
77
78
71
54
51
54
61
48
55
55
49
35
37
28
26
17
20
30
39
65
65
42
40
38
21
6
9
-7
-12
-7
-13
-8
-2
-13
-5
-10
-13
-10
-25
-34
-60
-70
-64
-77
-85
-73
-82
-91
-70
-86
-94
-94
-85
-93
-86
-52
-51
-48
-60
-57
-69
-88
-75
-63
-66
-54
-26
-18
-17
9
-9
-32
-25
-14
-2
24
17
16
27
-1
14
-4
22
21
35
16
28
44
11
17
12
39
37
59
70
78
76
63
49
5
0
-12
-23
-29
-40
-37
-11
23
37
44
53
66
66
81
86
77
69
87
87
83
84
50
41
33
54
49
41
59
16
6
16
-5
-14
1
7
29
50
50
52
32
65
104
106
87
79
69
20
-3
-58
-51
-51
-73
-75
-84
-84
-84
-86
-80
-87
-94
-99
-95
-58
-36
-26
-20
-5
-16
-24
13
-2
-32
-38
-50
-65
-67
-57
-82
-93
-96
-87
-62
-50
-11
10
15
-13
0
42
48
41
21
29
28
27
15
25
12
-12
5
28
20
31
50
38
12
3
17
25
46
40
66
106
104
112
107
104
82
75
50
71
81
95
100
49
66
33
6
-42
-48
-59
-117
-147
-157
-183
-200
-179
-159
-174
-183
-172
-153
-141
-108
-61
-59
-26
5
16
18
46
48
82
96
75
99
109
98
110
85
100
91
52
12
-10
-23
-27
-3
-13
50
56
63
102
130
149
148
143
136
98
103
103
99
97
95
65
28
15
6
-11
-46
-79
-103
-123
-149
-168
-178
-185
-194
-184
-166
-162
-157
-148
-134
-99
-89
-82
-64
-75
-87
-70
-51
-27
-12
-32
-39
-29
-43
-67
-52
-39
-22
-22
-2
13
60
80
72
99
109
134
130
149
147
135
162
173
202
184
209
216
185
200
205
165
107
90
65
48
51
47
34
12
-38
-71
-106
-130
-133
-143
-142
-137
-115
-100
-94
-94
-93
-86
-88
-57
-39
-29
-2
28
21
9
27
-4
-21
-15
-20
-43
-58
-68
-82
-86
-101
-89
-92
-78
-67
-81
-66
-61
-61
-51
-18
-3
-4
-20
-15
-24
-35
-33
-38
-24
-29
-39
-31
-7
-24
-11
14
23
55
73
63
57
36
44
47
48
65
83
107
90
129
129
125
151
163
171
162
176
146
150
139
118
109
107
93
68
80
69
62
46
52
28
17
-1
-9
24
-13
-50
-60
-105
-123
-156
-173
-193
-214
-228
-212
-213
-206
-183
-193
-192
-198
-193
-167
-122
-111
-101
-89
-78
-71
-56
-14
-7
5
7
-5
-6
-12
18
38
47
43
47
70
57
68
49
36
46
28
15
14
17
6
7
14
-1
6
23
41
54
66
72
61
47
25
19
22
10
-13
0
25
7
-5
13
-8
11
22
68
82
88
124
141
169
195
223
208
191
202
186
143
131
105
60
24
14
21
27
24
11
11
0
-15
-17
-27
-61
-53
-47
-46
-53
-66
-66
-79
-79
-80
-66
-48
-41
-29
-19
-67
-65
-87
-98
-83
-122
-135
-152
-157
-160
-150
-159
-179
-166
-183
-162
-136
-129
-114
-68
-28
-19
20
47
46
31
49
35
8
32
39
32
30
48
89
98
99
115
120
140
163
178
198
211
197
172
168
163
164
133
106
88
73
57
33
9
-1
-38
-18
14
5
-16
-16
-30
-85
-101
-109
-105
-107
-89
-85
-85
-113
-104
-90
-105
-69
-46
-40
-31
-52
-64
-42
-47
-74
-71
-82
-92
-115
-109
-109
-135
-141
-154
-144
-123
-118
-89
-54
-34
-64
-53
-38
-40
-64
-67
-49
-73
-62
-45
-15
-15
-8
-1
16
34
57
92
131
132
132
146
134
148
166
171
175
200
219
220
222
212
197
191
181
185
149
113
113
109
126
101
104
94
54
73
79
66
48
35
35
24
40
43
34
38
29
22
2
-23
-17
-48
-89
-106
-137
-156
-189
-184
-190
-200
-194
-186
-156
-127
-107
-100
-80
-84
-64
-58
-55
-50
-71
-70
-62
-55
-66
-48
-43
-49
-54
-70
-63
-77
-81
-81
-101
-87
-84
-86
-89
-97
-93
-88
-66
-63
-56
-39
-24
-5
19
40
40
22
24
45
43
45
78
118
121
111
109
102
103
90
83
74
70
47
40
71
44
53
73
76
70
62
33
45
53
59
88
80
85
50
42
54
59
46
14
16
-13
-58
-73
-95
-119
-133
-127
-95
-77
-65
-34
-20
-35
-15
-20
-20
-3
-10
3
12
35
42
54
80
62
51
33
24
38
43
38
13
1
-11
-1
2
1
5
20
49
35
38
59
68
54
58
22
-5
-3
-8
7
12
27
6
3
3
-16
-21
-21
-21
4
6
4
0
-3
17
13
34
32
45
38
33
32
-4
-11
-12
-31
-28
-38
-52
-46
-67
-74
-87
-97
-82
-77
-66
-68
-81
-87
-89
-77
-69
-74
-68
-56
-50
-36
-35
-40
-29
-17
-24
5
4
-8
-1
1
3
21
30
26
55
70
70
83
97
95
96
109
93
87
86
96
99
96
96
78
70
69
35
26
6
-6
-19
-47
-57
-44
-61
-64
-51
-59
-61
-60
-52
-55
-72
-68
-85
-92
-93
-95
-98
-104
-98
-89
-82
-78
-65
-65
-34
-23
-29
-8
4
7
9
30
39
23
8
8
15
20
7
13
20
15
33
73
124
115
126
142
117
94
89
88
84
92
82
68
67
46
38
45
32
36
46
24
26
33
6
25
27
5
-23
-35
-34
-33
-27
-36
-51
-57
-77
-90
-54
-54
-50
-55
-67
-58
-64
-59
-69
-75
-66
-63
-57
-39
-31
-22
-26
-22
-11
7
12
17
14
12
23
28
16
-7
10
15
2
-2
2
-11
-32
-24
-3
4
13
27
34
42
41
52
41
46
71
77
80
79
78
68
72
78
80
71
