81
89
148
164
149
170
165
180
192
190
213
226
224
210
207
198
175
154
151
146
108
121
106
82
54
-4
-2
-19
-18
-15
-49
-63
-74
-76
-67
-55
-68
-76
-102
-139
-159
-184
-181
-177
-158
-165
-154
-158
-142
-111
-94
-61
-18
8
12
-7
2
5
7
17
0
-13
-18
15
10
10
18
6
5
19
10
-4
-8
-5
3
-6
-12
-38
-8
7
30
65
48
43
21
-5
-1
-30
-22
-9
-12
-5
-38
-41
-42
-37
-19
-14
18
21
18
44
53
35
48
39
11
29
-12
11
23
28
36
36
60
49
45
45
52
19
26
24
0
-32
-46
-7
-11
16
16
0
-6
-22
-24
-15
-19
-34
-34
-88
-77
-66
-62
-66
-61
-59
-68
-69
-58
-40
-47
-51
-49
-36
-46
-39
-49
-42
-22
-22
-30
-24
-30
-25
-17
0
15
21
10
-14
-24
-37
-33
-44
-79
-61
-64
-29
6
13
12
7
27
32
62
99
129
149
152
162
163
153
162
155
168
181
194
200
199
228
217
180
187
172
162
162
170
143
120
100
59
55
30
32
24
24
-3
-36
-58
-46
-40
-51
-57
-51
-72
-93
-111
-142
-132
-116
-123
-126
-136
-169
-183
-185
-172
-134
-128
-146
-163
-172
-186
-172
-169
-177
-146
-119
-134
-122
-110
-87
-78
-30
-29
-44
-68
-99
-70
-72
-67
-45
-12
-22
0
29
32
32
28
27
39
47
57
60
77
54
56
65
52
54
34
51
39
43
64
79
95
89
60
49
18
-13
-2
-17
-4
-20
-23
-15
-8
20
26
34
35
19
26
11
-4
-5
17
17
28
24
19
25
-3
8
22
31
42
27
40
59
83
83
50
31
47
47
48
52
12
12
24
37
24
51
51
11
28
30
49
39
41
52
11
17
34
35
40
27
-5
0
-8
22
44
44
42
38
34
0
11
-16
-14
-24
-32
-40
-58
-64
-45
-9
6
-4
-25
-48
-64
-84
-88
-90
-81
-96
-83
-84
-85
-76
-60
-55
-61
-32
-32
-25
-36
-20
-38
-21
5
3
26
33
51
77
71
48
67
46
28
11
18
16
-1
-17
-66
-62
-49
-79
-99
-68
-60
-17
-26
2
9
1
2
6
30
45
70
79
60
39
67
65
62
57
41
40
43
56
52
35
32
5
-24
-37
-35
-48
-63
-74
-76
-42
-31
-31
-50
-48
-45
-59
-66
-68
-57
-53
-56
-63
-57
-61
-74
-77
-77
-79
-58
-49
-42
-50
-49
-39
-47
-61
-53
-29
-29
-1
2
38
46
48
56
51
49
32
46
57
60
61
30
24
19
-3
10
22
48
56
64
75
56
64
92
74
81
73
47
52
46
78
68
74
87
85
96
92
65
60
57
43
37
22
32
33
29
62
52
37
59
60
86
108
91
72
70
46
44
62
43
38
25
4
-21
-35
-36
-26
-31
-34
-44
-64
-65
-59
-32
-24
-6
0
-1
0
-7
-8
-6
-4
2
13
-3
-9
-8
-28
-42
-53
-66
-68
-65
-60
-72
-79
-81
-101
-116
-131
-152
-157
-188
-196
-207
-211
-217
-194
-186
-182
-161
-131
-109
-114
-109
-108
-104
-94
-80
-67
-58
-56
-49
-44
-32
-11
5
12
35
22
21
53
67
72
83
90
67
80
91
103
119
101
128
156
152
138
134
133
127
126
134
163
150
126
134
111
94
86
61
85
93
100
84
72
87
63
76
68
63
60
42
41
42
49
58
73
69
89
105
111
101
82
52
12
5
-13
-35
-59
-44
-40
-44
-54
-75
-69
-62
-68
-119
-119
-123
-115
-132
-153
-155
-165
-176
-185
-165
-125
-91
-69
-61
-62
-58
-33
-30
-33
-7
-11
2
-51
-46
-35
-32
-22
-44
-59
-70
-57
-50
-43
-66
-33
-19
-6
23
45
54
59
72
76
85
116
108
97
103
87
115
137
153
190
168
181
209
199
189
168
149
139
134
112
81
38
-9
-33
-62
-64
-53
-78
-96
-97
-120
-126
-151
-177
-149
-163
-161
-155
-156
-186
-188
-187
-173
-162
-159
-153
-148
-147
-141
-140
-141
-143
-125
-134
-114
-110
-112
-70
-81
-69
-67
-71
-64
-32
-16
-2
12
32
38
45
75
94
129
131
139
171
181
206
212
214
209
201
219
233
250
255
271
269
259
243
229
237
224
193
190
159
152
137
145
129
110
98
83
105
82
63
50
4
-9
-59
-82
-96
-94
-103
-146
-148
-180
-213
-237
-231
-219
-218
-231
-223
-238
-220
-194
-183
-178
-178
-174
-183
-179
-179
-167
-170
-188
-183
-172
-139
-109
-90
-63
-40
5
30
25
36
61
84
88
107
119
157
135
172
143
122
110
185
151
61
158
81
194
-13
90
98
40
29
-115
24
-39
44
-50
-98
-22
-37
-69
-106
-62
-58
44
-86
-50
4
28
16
-67
0
26
23
58
-6
53
94
79
131
31
24
58
62
27
9
21
-11
1
-39
-59
-61
-39
-50
-64
-89
-87
-88
-105
-71
-86
-68
-75
-68
-79
-90
-71
-59
-32
-14
16
-24
24
17
27
67
49
58
83
81
94
108
105
102
105
106
92
106
106
107
120
122
132
149
120
147
115
73
77
52
59
33
13
7
-5
-31
-37
-48
-39
-28
-47
-26
-7
6
2
18
47
23
6
14
12
-10
-35
-59
-94
-110
-107
-136
-145
-143
-154
-155
-169
-149
-127
-118
-111
-99
-72
-84
-84
-42
-41
-55
-72
-60
-10
0
-24
3
1
2
-2
5
10
1
8
3
17
36
57
66
90
98
92
102
104
88
86
88
50
29
19
20
5
10
10
17
-2
-27
-26
-42
-36
-22
-24
-10
-16
3
29
10
17
44
49
19
-41
-40
-17
-26
-17
-1
-10
6
3
19
13
-15
7
-6
6
-3
11
-12
-18
-21
-39
-23
-36
-25
-25
-46
-41
-51
-12
-38
-64
-52
-61
-48
-55
-53
-36
-13
-11
5
28
42
63
59
59
69
78
105
115
127
119
114
144
86
87
63
68
85
73
88
86
82
77
89
81
52
-5
-11
-12
-48
-38
-3
-2
-30
-42
-39
-43
-14
-21
-68
-87
-88
-64
-39
-32
-27
-20
-32
-66
-25
-41
-18
-22
-23
-22
-36
-54
-81
-59
-93
-74
-74
-41
-20
-45
-28
-38
-24
-16
3
4
2
18
16
10
-3
14
27
5
-18
-11
-16
-9
-17
1
-2
4
7
-24
-20
-18
-22
-2
19
44
72
49
42
44
65
38
29
15
-2
-5
-3
13
5
18
12
11
10
29
13
-14
-17
3
-20
-19
0
-19
-3
7
12
22
14
27
21
19
22
-1
-14
-16
-7
-12
-13
-23
-4
-7
-25
-25
-46
-75
-92
-105
-77
-65
-59
-74
-68
-73
-88
-75
-45
-45
-39
-17
-33
-51
-47
-54
-51
-37
-61
-37
-34
-5
15
39
53
60
67
63
80
89
109
131
109
161
179
180
185
202
199
173
164
118
115
69
69
69
50
42
22
30
9
16
9
13
-33
-25
-47
-54
-32
-38
-40
-28
-21
-28
-20
1
61
66
71
73
42
45
29
37
45
36
20
19
13
5
-14
-15
-27
-29
-17
-33
-43
-36
-40
-41
-63
-112
-102
-133
-139
-132
-146
-132
-125
-131
-120
-132
-129
-106
-118
-92
-87
-83
-64
-56
-76
-76
-70
-75
-55
-59
-48
-46
-94
-103
-83
-78
-95
-68
-48
-62
-80
-88
-65
-39
-39
-22
-42
-57
-34
5
45
60
78
80
77
53
33
67
97
94
94
109
81
107
108
127
163
145
145
143
137
134
129
127
120
132
176
176
189
163
149
137
121
142
142
137
144
114
99
127
132
122
117
103
106
84
70
55
0
-39
-61
-85
-99
-114
-100
-149
-155
-161
-165
-178
-178
-191
-200
-204
-235
-214
-211
-181
-183
-181
-180
-169
-167
-137
-119
-104
-96
-68
-71
-58
-12
-27
-13
3
-10
-18
-12
-19
13
-8
11
51
76
91
92
100
114
101
67
80
100
99
95
109
117
118
109
93
104
124
143
149
133
128
118
90
82
52
-4
-50
-61
-7
-68
-82
-113
-100
-54
-59
-35
9
60
58
17
21
78
114
68
18
-31
-4
48
-22
-113
-100
-81
-107
-208
-230
-180
-134
-156
-218
-181
-168
-106
-91
-119
-102
-69
-19
-66
-78
-38
45
47
22
23
10
32
-14
-56
-68
-108
-79
-102
-84
-106
-118
-92
-120
-128
-122
-66
-15
-36
17
34
78
126
148
170
228
285
306
303
273
280
262
259
274
277
271
253
227
216
199
209
191
159
165
108
128
84
79
50
-30
-31
-36
-47
-35
-4
-16
-18
-26
-21
-15
-42
-42
-51
-74
-97
-80
-90
-97
-106
-109
-140
-160
-154
-134
-146
-140
-122
-133
-144
-153
-99
-86
-88
-94
-137
-107
-151
-148
-128
-133
-106
-111
-75
-77
-55
-39
-21
-1
6
47
40
42
13
16
39
43
21
38
-1
-43
-21
-15
-30
-28
-26
-10
23
32
27
36
50
18
36
90
92
118
106
96
99
98
126
118
87
59
38
53
17
-12
-8
-32
-63
-82
-61
-55
-28
-18
-11
-22
-34
-10
-23
-11
-10
-1
-28
-22
-13
-24
4
-19
-69
-48
-22
-32
-10
-8
5
43
17
44
25
35
23
-9
-16
-34
-15
-8
-27
-22
-45
-51
-39
-60
-39
-53
-52
-16
-43
-18
-9
19
25
23
56
31
54
55
57
60
34
18
-20
-12
-10
5
-5
3
2
-21
-5
36
62
87
105
146
149
155
164
173
164
159
147
141
146
130
110
90
50
24
24
45
26
30
13
5
-6
-25
-8
-34
4
19
-12
-8
-26
-49
-65
-101
-158
-175
-159
-153
-151
-131
-129
-125
-145
-136
-131
-133
-114
-105
-50
-60
-16
17
-1
7
-49
-79
-109
-118
-124
-143
-103
-102
-126
-126
-101
-66
-55
-39
-21
-33
-32
-46
-38
11
15
-14
-31
-36
-42
-48
4
8
26
-21
-37
-29
-43
-55
-57
-24
-16
6
15
45
70
98
122
131
156
213
242
235
261
275
314
319
316
280
238
221
195
196
171
188
158
180
167
177
152
145
142
120
117
76
83
43
1
-49
-79
-93
-126
-176
-213
-227
-216
-224
-201
-188
-173
-162
-143
-134
-145
-146
-154
-138
-151
-130
-169
-162
-133
-150
-131
-115
-100
-88
-78
-51
-93
-76
-63
-67
-79
-66
-43
-28
-9
-2
18
15
34
43
26
40
49
56
100
140
174
175
146
124
126
82
68
60
28
22
-6
-18
-32
-58
-45
-42
-28
-57
-49
-77
-88
-88
-59
-62
-81
-69
-60
-37
-27
-10
-56
-58
-105
-100
-122
-89
-66
-46
-49
-109
-103
-113
-44
-92
-55
-23
48
115
118
214
265
353
343
325
350
351
407
360
326
352
333
331
277
235
185
156
117
25
26
8
5
-47
-121
-171
-240
-267
-308
-338
-317
-313
-322
-377
-398
-374
-379
-394
-387
-319
-344
-326
-331
-388
-432
-431
-365
-386
-394
-410
-365
-349
-294
-144
-53
56
167
216
341
443
534
636
678
721
765
841
883
943
957
920
894
857
796
731
679
585
481
404
310
223
149
54
21
-36
-79
-148
-182
-247
-297
-269
-256
-225
-208
-250
-268
-306
-338
-351
-381
-371
-452
-521
-560
-596
-573
-586
-574
-614
-620
-653
-684
-702
-777
-834
-1037
-1279
-1553
-1831
-1998
-2140
-2308
-2497
-2562
-2503
-2363
-2073
-1694
-1158
-593
-100
400
938
1669
2230
2638
3000
3348
3806
4040
4188
4186
4166
4062
3849
3507
3261
3009
2723
2350
1903
1513
1118
774
376
-111
-487
-749
-957
-1109
-1168
-1185
-1185
-1113
-974
-740
-510
-276
-135
-50
-70
-59
21
95
114
-3
-15
-39
-110
-170
-232
-360
-497
-687
-873
-1090
-1318
-1498
-1742
-1993
-2203
-2341
-2441
-2503
-2527
-2512
-2447
-2278
-2082
-1845
-1664
-1428
-1267
-1095
-1027
-983
-1067
-1254
-1478
-1817
-2060
-2293
-2373
-2495
-2577
-2477
-2188
-1785
-1296
-696
-27
776
1414
2075
2724
3388
3986
4358
4680
4895
5129
5302
5302
5222
5075
4833
4530
4146
3689
3226
2700
2180
1645
1045
428
-110
-556
-905
-1308
-1618
-1841
-1924
-1911
-1942
-1980
-1784
-1534
-1303
-1119
-1068
-810
-586
-380
-362
-273
-103
-33
-52
-110
-102
-25
2
-168
-415
-603
-726
-995
-1383
-1777
-2030
-2332
-2592
-2844
-2896
-2871
-2727
-2593
-2373
-2167
-1752
-1374
-1021
-682
-414
-111
0
169
216
153
26
-191
-511
-859
-1281
-1719
-2067
-2320
-2483
-2618
-2664
-2616
-2324
-1969
-1472
-938
-318
383
911
1441
2011
2706
3291
3648
3956
4267
4629
4785
4879
4874
4846
4760
4492
4222
3875
3598
3217
2742
2184
1664
1199
709
203
-232
-658
-1063
-1464
-1745
-1902
-1933
-2020
-2039
-1845
-1609
-1343
-1070
-758
-405
-203
-27
96
247
338
392
364
279
130
-15
-232
-459
-724
-949
-1154
-1345
-1552
-1821
-1998
-2209
-2411
-2442
-2462
-2353
-2295
-2195
-2102
-1880
-1612
-1412
-1116
-906
-694
-526
-424
-318
-260
-205
-320
-475
-825
-1028
-1309
-1736
-2115
-2570
-2757
-2941
-3131
-3178
-3021
-2601
-2174
-1707
-1080
-223
713
1413
1958
2586
3340
3869
4218
4528
4846
5115
5095
4978
4911
4769
4607
4238
3958
3582
3227
2762
2239
1868
1272
836
174
-294
-673
-1190
-1629
-1965
-1892
-1908
-1881
-1867
-1643
-1212
-885
-505
-211
277
679
964
1060
1205
1365
1342
1135
800
534
278
-74
-495
-919
-1217
-1438
-1705
-2031
-2269
-2369
-2466
-2600
-2678
-2691
-2601
-2522
-2459
-2305
-2147
-1933
-1828
-1655
-1533
-1395
-1194
-1015
-926
-834
-714
-688
-574
-683
-725
-866
-1146
-1517
-2007
-2297
-2589
-2780
-2948
-2995
-2975
-2752
-2378
-2014
-1421
-872
-142
574
1188
1901
2564
3212
3702
4074
4447
4825
5168
5317
5423
5490
5564
5531
5312
5197
5012
4628
4228
3730
3222
2631
1869
1209
556
51
-526
-1079
-1394
-1612
-1628
-1781
-1753
-1564
-1253
-1042
-1048
-876
-632
-377
-425
-666
-758
-910
-1097
-1475
-1785
-1911
-1994
-2081
-2283
-2331
-2214
-2067
-1976
-2003
-2058
-2019
-1923
-1954
-2105
-2142
-2145
-2191
-2398
-2503
-2523
-2510
-2553
-2578
-2406
-2209
-1894
-1649
-1380
-1128
-827
-607
-439
-306
-222
-217
-468
-739
-1247
-1607
-2019
-2238
-2405
-2575
-2444
-2315
-1801
-1262
-660
58
844
1723
2368
3033
3708
4418
4903
5234
5522
5838
6120
6173
6085
6032
5930
5793
5461
5122
4815
4466
3974
3265
2617
1949
1303
573
-297
-985
-1601
-2124
-2639
-2979
-3114
-3205
-3134
-2997
-2657
-2146
-1754
-1443
-1277
-1020
-824
-750
-784
-886
-895
-1082
-1214
-1330
-1389
-1393
-1372
-1418
-1410
-1215
-1099
-985
-1049
-1182
-1251
-1330
-1521
-1850
-2184
-2455
-2787
-3090
-3264
-3331
-3196
-3092
-2954
-2685
-2345
-1898
-1464
-1035
-580
-234
39
323
447
447
305
-21
-288
-692
-1078
-1501
-1788
-1835
-2029
-2081
-2053
-1661
-1145
-785
-327
265
1051
1622
2122
2689
3281
3939
4281
4572
5000
5505
5809
5865
5982
6037
6095
5905
5524
5178
4756
4228
3417
2602
1680
919
44
-766
-1490
-2122
-2612
-3052
-3267
-3303
-3151
-2963
-2747
-2389
-1943
-1435
-1090
-822
-670
-503
-439
-476
-472
-444
-516
-626
-759
-719
-575
-410
-321
-297
-169
-118
-101
-229
-456
-738
-1135
-1589
-2072
-2530
-3009
-3374
-3696
-3912
-4059
-3951
-3707
-3434
-3099
-2707
-2090
-1502
-913
-523
-63
345
692
819
883
1024
891
949
433
127
-330
-804
-1174
-1737
-1753
-2105
-2073
-2164
-1939
-1556
-1269
-759
-342
471
1157
1839
2469
3155
4050
4563
5026
5384
5915
6304
6353
6393
6202
6017
5639
4938
4260
3499
2803
1949
1042
151
-608
-1253
-1901
-2400
-2887
-3018
-3074
-2995
-2815
-2513
-1967
-1556
-1126
-753
-410
-58
183
164
22
-150
-209
-309
-547
-775
-903
-938
-912
-806
-651
-495
-310
-264
-328
-381
-533
-754
-1192
-1729
-2290
-2720
-3089
-3510
-3835
-3968
-3944
-3842
-3605
-3238
-2622
-1982
-1446
-841
-284
250
773
994
1129
1101
1008
968
796
539
279
-136
-680
-1026
-1650
-1927
-2371
-2539
-2666
-3008
-2988
-2979
-2501
-1990
-1462
-881
-174
816
1478
2281
2980
3811
4562
4940
5401
5788
6293
6526
6441
6269
5943
5676
5039
4453
3792
3133
2589
1857
1253
674
91
-313
-772
-1029
-1293
-1478
-1490
-1458
-1316
-1261
-1156
-991
-878
-841
-894
-918
-996
-1044
-1276
-1456
-1479
-1489
-1430
-1467
-1350
-1051
-810
-530
-421
-218
-118
-203
-348
-706
-1038
-1420
-1858
-2381
-2852
-3220
-3443
-3569
-3654
-3588
-3291
-2986
-2667
-2350
-1930
-1457
-1058
-724
-566
-406
-439
-528
-586
-788
-885
-1111
-1304
-1526
-1723
-1701
-1715
-1795
-1875
-1949
-1803
-1637
-1465
-1283
-1079
-730
-285
171
710
1379
2140
2825
3377
3909
4479
4954
5343
5535
5609
5692
5652
5480
5183
4709
4246
3746
3241
2742
2253
1793
1374
974
689
488
323
243
150
30
-77
-156
-164
-245
-291
-432
-519
-587
-697
-727
-828
-894
-1114
-1327
-1461
-1609
-1589
-1671
-1832
-1983
-2024
-2055
-2103
-2088
-2179
-2169
-2197
-2283
-2336
-2415
-2377
-2424
-2457
-2515
-2519
-2447
-2427
-2422
-2316
-2126
-1855
-1604
-1390
-1175
-896
-644
-380
-158
116
400
434
611
555
657
682
699
546
302
23
-349
-773
-1272
-1674
-1825
-2147
-2313
-2441
-2303
-1970
-1579
-1065
-461
299
1026
1651
2281
2981
3727
4135
4457
4597
4962
5181
5245
5180
5013
4887
4649
4232
3860
3560
3331
2830
2324
1863
1523
1081
519
100
-272
-541
-966
-1326
-1470
-1625
-1749
-2053
-1966
-1798
-1660
-1640
-1793
-1623
-1466
-1291
-1376
-1391
-1211
-1054
-928
-1016
-837
-680
-583
-673
-847
-824
-918
-1049
-1341
-1731
-2002
-2205
-2506
-2963
-3267
-3422
-3483
-3494
-3467
-3174
-2774
-2367
-2021
-1596
-1136
-565
-117
166
388
573
645
760
702
656
673
592
531
400
362
210
83
-271
-719
-1031
-1266
-1332
-1599
-1849
-1895
-1821
-1596
-1447
-1086
-574
89
644
1186
1939
2800
3624
4077
4409
4770
5219
5543
5568
5543
5390
5237
4935
4495
4197
3856
3482
2959
2444
2007
1743
1276
852
382
-106
-508
-1034
-1368
-1705
-1942
-2243
-2547
-2629
-2622
-2545
-2489
-2360
-2171
-1864
-1613
-1375
-1037
-810
-559
-522
-448
-274
-191
-100
-275
-364
-552
-736
-983
-1344
-1665
-2000
-2292
-2590
-2870
-3049
-3258
-3363
-3486
-3428
-3262
-3062
-2788
-2503
-2220
-1912
-1483
-1103
-689
-425
-138
44
367
505
679
816
874
947
529
173
-403
-913
-1397
-2087
-2180
-2674
-2815
-3008
-2953
-2423
-2075
-1397
-849
74
941
1667
2499
3222
4218
4705
5178
5491
5877
6320
6319
6273
6040
5990
5797
5387
5139
4683
4392
3811
3209
2681
2196
1744
912
153
-693
-1367
-1990
-2665
-2965
-3365
-3539
-3544
-3441
-3119
-2741
-2215
-1858
-1392
-937
-502
-105
67
304
337
314
249
137
-30
-292
-523
-736
-942
-1185
-1514
-1828
-2254
-2671
-3032
-3458
-3732
-4065
-4310
-4565
-4666
-4579
-4411
-4140
-3798
-3376
-2850
-2291
-1642
-1029
-456
100
556
983
1374
1668
1775
1862
1827
1786
1726
1499
1309
1000
753
369
5
-337
-607
-725
-1021
-1139
-1232
-1018
-719
-562
-258
98
709
1189
1553
2013
2535
3127
3428
3686
4022
4469
4811
4883
4914
4871
4877
4705
4444
4124
3705
3452
2957
2431
1896
1232
636
-161
-738
-1230
-1637
-1887
-2149
-2149
-2123
-1868
-1526
-1208
-747
-430
-107
-44
138
183
86
-143
-509
-687
-1006
-1276
-1536
-1819
-1892
-2024
-2099
-2206
-2195
-2119
-2197
-2361
-2548
-2659
-2753
-2970
-3222
-3457
-3540
-3498
-3451
-3302
-2963
-2520
-2066
-1486
-877
-349
189
634
1127
1448
1601
1792
1737
1539
1334
1036
837
592
148
-288
-870
-1342
-1949
-2395
-2799
-2927
-3180
-3538
-3629
-3483
-2992
-2630
-2180
-1491
-642
291
922
1686
2582
3581
4315
4645
5155
5777
6369
6657
6671
6726
6723
6565
6116
5713
5234
4776
4105
3308
2566
1778
1002
99
-661
-1440
-2111
-2548
-2858
-2954
-3002
-2843
-2613
-2187
-1660
-1196
-736
-450
-143
20
123
97
46
-70
-371
-531
-782
-964
-1010
-1000
-995
-1118
-1220
-1267
-1436
-1753
-2083
-2412
-2754
-3113
-3433
-3715
-3975
-4146
-4192
-4051
-3730
-3367
-2832
-2190
-1509
-768
-106
494
1062
1389
1599
1702
1653
1520
1232
802
268
-214
-624
-1088
-1495
-1875
-2042
-2440
-2882
-3222
-3359
-3128
-3160
-3158
-3106
-2679
-2146
-1798
-1216
-511
452
1242
1845
2563
3381
4377
4906
5232
5656
6213
6643
6587
6472
6355
6273
5953
5314
4800
4208
3684
2857
1925
1214
453
-31
-708
-1240
-1543
-1660
-1588
-1595
-1254
-950
-602
-254
-4
447
735
927
784
566
407
94
-245
-764
-1042
-1304
-1545
-1697
-1792
-1609
-1512
-1366
-1290
-1292
-1177
-1228
-1390
-1699
-2144
-2518
-2951
-3353
-3855
-4123
-4152
-4218
-4095
-3849
-3322
-2705
-2127
-1522
-1035
-458
17
263
373
341
196
-163
-597
-1095
-1473
-1829
-2120
-2410
-2560
-2728
-2888
-3037
-3119
-3023
-2774
-2483
-2237
-1918
-1464
-994
-502
-37
635
1392
2086
2639
3172
3801
4438
4999
5342
5652
5990
6312
6517
6457
6406
6270
5991
5564
5123
4735
4305
3736
3122
2469
1928
1375
901
354
-188
-554
-898
-1046
-1143
-1121
-1012
-1018
-953
-880
-688
-576
-571
-638
-781
-793
-846
-970
-1107
-1264
-1282
-1389
-1517
-1494
-1416
-1443
-1643
-2002
-2261
-2446
-2739
-3098
-3531
-3924
-4170
-4338
-4350
-4242
-4143
-3917
-3629
-3264
-2843
-2293
-1688
-1220
-993
-773
-566
-526
-571
-726
-944
-1166
-1470
-1622
-1825
-1868
-1813
-1699
-1364
-1118
-789
-510
-552
-518
-697
-656
-615
-668
-634
-793
-636
-514
-164
320
832
1563
2140
2885
3527
4323
5040
5512
5908
6100
6482
6604
6618
6567
6236
5991
5493
5125
4641
4106
3664
2999
2552
1935
1427
1045
629
370
-79
-329
-540
-675
-738
-945
-976
-1083
-961
-991
-959
-777
-741
-620
-799
-903
-984
-1063
-1256
-1601
-1848
-2102
-2300
-2569
-2883
-3083
-3352
-3551
-3846
-4136
-4406
-4628
-4793
-4926
-4970
-4924
-4739
-4579
-4394
-4100
-3682
-3271
-2924
-2484
-2087
-1709
-1395
-1214
-967
-799
-681
-567
-504
-345
-189
-12
244
329
577
793
1002
1003
1024
823
557
198
-263
-336
-643
-788
-968
-845
-415
-169
430
986
1839
2573
3168
3900
4672
5548
5984
6222
6439
6696
6954
6736
6539
6281
6176
5853
5241
4826
4312
3917
3306
2704
2200
1688
1175
463
-103
-541
-853
-1313
-1760
-2050
-2316
-2503
-2723
-2740
-2530
-2337
-2394
-2376
-2172
-1998
-1987
-2138
-2169
-2113
-2176
-2419
-2664
-2767
-2888
-3104
-3405
-3612
-3702
-3780
-3950
-4143
-4252
-4361
-4360
-4270
-4177
-3979
-3670
-3332
-3039
-2702
-2347
-1797
-1482
-1262
-911
-624
-418
-403
-404
-259
-195
-49
-14
75
148
438
495
818
980
1336
1518
1607
1733
1452
1263
540
279
-203
-342
-650
-1072
-1027
-1059
-494
-291
240
1058
1817
2685
3079
3904
4732
5558
5937
5923
6370
6610
6906
6687
6385
6344
6139
5992
5353
5020
4704
4417
3832
3012
2431
1767
1311
505
-238
-1002
-1827
-2344
-3019
-3418
-3911
-4236
-4295
-4296
-4054
-3987
-3769
-3545
-3351
-3273
-3347
-3280
-3244
-3302
-3568
-3825
-3854
-3727
-3625
-3740
-3755
-3692
-3448
-3311
-3198
-3032
-2955
-2907
-3029
-3020
-3015
-2908
-2913
-3050
-3053
-2918
-2603
-2341
-2065
-1738
-1308
-813
-348
224
704
1145
1457
1580
1709
1849
1961
1939
1781
1690
1632
1594
1551
1509
1450
1414
1379
1193
1077
1034
1154
1206
1207
1292
1512
1779
1939
2135
2418
2775
3077
3341
3634
3913
4256
4437
4603
4768
4959
5120
5048
4957
4851
4678
4403
4006
3531
3043
2484
1901
1210
632
66
-584
-1171
-1776
-2146
-2451
-2743
-2839
-2820
-2697
-2612
-2502
-2233
-2063
-1953
-2038
-2186
-2301
-2418
-2670
-3077
-3430
-3787
-3979
-4238
-4402
-4495
-4439
-4291
-4181
-3913
-3687
-3356
-2941
-2660
-2346
-2083
-1828
-1646
-1570
-1493
-1472
-1365
-1342
-1263
-1210
-1029
-847
-700
-425
-29
412
680
879
1098
1343
1435
1576
1547
1606
1621
1500
1492
1449
1573
1788
1810
1804
1760
1585
1270
1016
730
723
451
130
-130
-253
24
12
164
526
1006
1525
1713
2205
2856
3687
4065
4217
4541
5021
5470
5385
5231
5041
4928
4614
3898
3410
2898
2446
1702
914
333
-163
-628
-1278
-1800
-2281
-2634
-2870
-2901
-2923
-3052
-3166
-3137
-2953
-2909
-2933
-3003
-2925
-2882
-3050
-3163
-3229
-3207
-3287
-3404
-3367
-3184
-2855
-2725
-2495
-2224
-1827
-1418
-1183
-944
-853
-669
-632
-717
-862
-950
-987
-1311
-1560
-1704
-1600
-1352
-1215
-1009
-648
-124
342
832
1342
1732
2037
2231
2361
2435
2539
2536
2342
2091
1856
1782
1668
1453
1150
889
690
387
170
-129
-209
-340
-530
-723
-822
-641
-476
-312
-174
110
523
869
1307
1629
2109
2421
2670
2909
3188
3467
3495
3516
3445
3464
3411
3170
2795
2362
1982
1562
1170
699
257
-158
-639
-1028
-1410
-1578
-1652
-1650
-1669
-1576
-1288
-1068
-812
-742
-621
-734
-983
-1230
-1678
-2121
-2661
-3210
-3808
-4228
-4370
-4468
-4452
-4292
-3967
-3442
-2927
-2304
-1721
-1119
-751
-381
-119
44
142
35
-153
-398
-528
-615
-543
-496
-351
-49
382
864
1349
1862
2370
2743
2967
2990
3018
2851
2595
2227
1685
1364
888
681
535
352
341
52
60
-307
-641
-753
-1067
-904
-1376
-1573
-1853
-1956
-1798
-2001
-1694
-1494
-908
-576
-355
306
906
1829
2169
2518
3003
3673
4464
4547
4681
4654
4755
4582
4074
3786
3334
2996
2270
1616
1145
681
347
-201
-525
-921
-1304
-1460
-1651
-1613
-1861
-2032
-2103
-2130
-2144
-2508
-2697
-2925
-3021
-3257
-3679
-3766
-3724
-3587
-3675
-3641
-3229
-2677
-2123
-1762
-1298
-675
-134
240
409
657
791
840
720
471
397
311
147
-33
-172
5
216
399
435
580
979
1273
1488
1594
1691
1744
1671
1515
1365
1217
1051
716
384
74
-48
-93
-185
-337
-515
-576
-727
-814
-1043
-1173
-1390
-1678
-1804
-2036
-2105
-2239
-2242
-2125
-2019
-1772
-1483
-929
-432
14
390
896
1581
2091
2540
2844
3204
3548
3771
3977
4041
4131
4027
3784
3478
3141
2968
2589
2144
1579
1121
862
605
391
82
-36
-144
-322
-432
-524
-546
-832
-1277
-1760
-2175
-2501
-2903
-3272
-3635
-3856
-3913
-3904
-3745
-3503
-3076
-2606
-1997
-1397
-781
-132
368
909
1237
1395
1499
1482
1469
1274
1053
856
620
341
121
53
-12
68
102
185
303
442
513
619
742
726
604
396
165
-8
-280
-404
-635
-814
-797
-879
-630
-637
-571
-593
-602
-738
-1195
-1391
-1804
-1765
-2133
-2501
-2735
-2953
-2638
-2710
-2505
-2181
-1533
-815
-514
154
904
1867
2318
2602
3192
3768
4534
4710
4848
5009
5178
5235
4845
4753
4599
4494
4079
3555
3184
2751
2329
1591
1032
471
31
-770
-1488
-1900
-2255
-2635
-3511
-3758
-3827
-3868
-4205
-4616
-4394
-4343
-4151
-4358
-4138
-3613
-3104
-2674
-2665
-2001
-1239
-498
-136
115
913
1472
1969
1880
1944
2197
2296
2206
1541
1276
1029
897
500
24
-142
-102
6
-79
-174
-21
287
421
365
364
470
477
353
-22
-234
-430
-566
-829
-1140
-1410
-1531
-1589
-1654
-1598
-1481
-1335
-1321
-1225
-1220
-1258
-1186
-1252
-1259
-1435
-1498
-1473
-1490
-1425
-1427
-1154
-814
-424
-21
510
1249
1768
2402
2807
3368
3976
4493
4785
4860
4975
4954
4907
4668
4336
3901
3442
2991
2448
1982
1627
1291
952
547
209
-102
-319
-491
-806
-1057
-1362
-1749
-2152
-2586
-2974
-3343
-3738
-4056
-4216
-4243
-4220
-4138
-3869
-3478
-2894
-2252
-1575
-831
-188
475
1053
1588
1994
2125
2181
2047
1817
1529
1203
737
299
51
-235
-366
-483
-541
-399
-300
-208
-173
-134
-98
-95
-236
-505
-758
-1072
-1249
-1501
-1749
-1927
-2020
-1970
-1985
-1738
-1328
-1048
-801
-698
-716
-755
-1004
-1239
-1304
-1697
-2107
-2552
-2652
-2520
-2489
-2287
-2050
-1373
-682
-83
673
1586
2767
3535
4121
4756
5605
6315
6555
6683
6749
6824
6615
6273
5926
5531
5125
4465
3733
3114
2476
1822
1156
358
-337
-1167
-1890
-2523
-3059
-3583
-4260
-4817
-5116
-5266
-5329
-5478
-5423
-5267
-5027
-4871
-4528
-3933
-3321
-2773
-2461
-1809
-987
-100
514
912
1454
1816
2239
2289
2324
2293
2140
1929
1430
1071
700
312
-121
-659
-899
-1035
-962
-959
-958
-811
-636
-368
-313
-124
-62
-96
-160
-354
-475
-626
-863
-1121
-1383
-1418
-1353
-1226
-1117
-890
-685
-432
-280
-190
-153
-228
-348
-605
-787
-1016
-1192
-1360
-1457
-1414
-1413
-1158
-734
-254
332
861
1505
2250
3009
3649
4170
4742
5252
5676
5851
5928
5918
5740
5340
4756
4122
3495
2838
2068
1286
584
-88
-571
-965
-1304
-1646
-1896
-2106
-2246
-2345
-2449
-2621
-2849
-3174
-3534
-3816
-4127
-4332
-4458
-4527
-4516
-4316
-3860
-3329
-2661
-2015
-1324
-485
356
1168
1733
2140
2463
2658
2729
2541
2275
1864
1487
1033
545
216
-50
-187
-284
-216
-83
82
250
281
256
194
59
-122
-449
-793
-1204
-1713
-2148
-2442
-2586
-2662
-2605
-2418
-2088
-1617
-970
-483
32
249
358
161
-51
-457
-854
-1075
-1792
-2348
-3030
-3181
-3071
-3042
-2639
-2231
-1234
-395
446
1328
2378
3622
4277
4838
5313
6000
6516
6505
6460
6265
6333
5993
5560
5181
4902
4673
4044
3444
2841
2416
1967
1185
468
-270
-1117
-1984
-3010
-3622
-4392
-4986
-5716
-6184
-6010
-6029
-5879
-5945
-5406
-4531
-3898
-3242
-2774
-1688
-756
0
453
915
1823
2339
2606
2478
2710
3127
3061
2725
2143
2126
1889
1453
814
255
67
-327
-861
-1429
-1714
-1733
-1891
-2146
-2344
-2194
-1953
-2048
-2179
-2243
-2035
-1817
-1844
-1921
-1857
-1699
-1634
-1660
-1576
-1393
-1057
-995
-831
-763
-486
-213
-262
-191
-332
-299
-484
-705
-698
-733
-711
-863
-770
-560
-192
237
598
1136
1693
2351
3025
3662
4380
4920
5412
5791
6186
6296
6244
6050
5728
5446
4857
4272
3576
2951
2312
1532
818
198
-244
-733
-1290
-1822
-2276
-2646
-3011
-3396
-3770
-3991
-4216
-4439
-4629
-4734
-4694
-4539
-4282
-3940
-3518
-3048
-2460
-1825
-1138
-437
306
1070
1592
2083
2526
2834
2998
2990
2938
2736
2485
2087
1662
1306
868
474
13
-338
-646
-938
-1203
-1479
-1697
-1902
-2032
-2253
-2370
-2455
-2560
-2695
-2986
-3114
-3135
-3002
-2954
-2912
-2618
-2206
-1794
-1453
-955
-503
-15
414
631
824
860
617
163
-422
-689
-894
-1391
-1839
-2150
-1970
-1750
-1587
-1206
-494
491
1153
1707
2461
3628
4690
5116
5429
5766
6439
6774
6668
6567
6443
6444
5976
5394
4907
4486
3990
3091
2236
1483
771
-89
-1017
-1811
-2635
-3573
-4293
-4932
-5119
-5549
-5957
-5899
-5759
-5210
-4971
-4577
-3885
-3121
-2308
-1888
-1041
-309
432
808
1022
1756
2363
2917
2918
2973
3219
3241
3196
2725
2465
1979
1324
530
-370
-870
-1512
-2104
-2905
-3499
-3592
-3661
-3640
-3762
-3712
-3409
-3138
-2872
-2659
-2367
-2138
-1987
-1930
-1823
-1633
-1438
-1476
-1599
-1461
-1072
-691
-412
-240
81
487
791
951
1026
1165
1230
1057
778
573
521
474
255
96
172
493
812
1123
1640
2316
3066
3670
4229
4818
5388
5748
5815
5779
5790
5668
5305
4861
4243
3653
3050
2391
1822
1217
682
105
-379
-878
-1320
-1742
-2145
-2475
-2889
-3205
-3497
-3698
-3876
-4086
-4228
-4320
-4226
-3992
-3745
-3400
-3109
-2682
-2228
-1777
-1255
-745
-248
184
654
1029
1421
1728
1891
1923
1870
1805
1564
1270
941
584
201
-220
-611
-914
-1223
-1518
-1735
-1884
-2002
-2160
-2230
-2272
-2338
-2399
-2495
-2543
-2575
-2601
-2542
-2504
-2463
-2358
-2101
-1726
-1322
-860
-370
170
579
1025
1400
1795
2100
2334
2418
2387
2299
2172
1756
1202
669
281
324
8
-166
-320
-64
287
376
875
1371
2187
2548
2718
3047
3537
4120
4060
4005
4089
4381
4457
4159
4054
3973
4081
3710
3280
3052
2774
2447
1624
904
130
-483
-1289
-2195
-2927
-3685
-4247
-4977
-5206
-5298
-5292
-5260
-5169
-4679
-4285
-3755
-3330
-2774
-2243
-1855
-1320
-1035
-460
-19
282
526
757
1201
1453
1771
1978
2103
2191
2205
2139
1869
1605
1284
833
189
-337
-761
-1280
-1748
-2221
-2567
-2767
-2868
-3006
-3019
-2944
-2799
-2634
-2519
-2267
-2019
-1740
-1552
-1435
-1195
-961
-693
-506
-283
71
399
767
1079
1469
1908
2271
2551
2774
2975
3173
3242
3221
3063
2741
2560
2362
2151
1933
1654
1429
1189
1037
904
884
1002
1105
1117
1067
1141
1230
1335
1301
1176
1143
1083
1050
895
824
750
628
441
75
-205
-418
-595
-899
-1186
-1331
-1451
-1565
-1783
-1925
-2059
-2157
-2268
-2397
-2393
-2372
-2355
-2358
-2214
-2037
-1872
-1636
-1244
-845
-388
28
390
842
1225
1524
1772
2005
2121
2144
2080
1950
1772
1541
1169
728
343
-28
-375
-754
-1113
-1355
-1671
-1989
-2256
-2451
-2588
-2746
-2862
-2799
-2651
-2547
-2452
-2346
-2123
-1820
-1481
-1049
-588
-109
362
795
1259
1708
2077
2326
2514
2665
2800
2831
2814
2766
2784
2698
2476
2061
1848
1325
948
276
38
-63
-595
-818
-1287
-1215
-1338
-1492
-1401
-1216
-632
-638
-364
-84
611
1252
1380
1777
2066
2645
2772
2667
2691
2589
2511
1915
1546
1077
667
197
-499
-938
-1506
-2039
-2524
-2973
-3283
-3383
-3495
-3416
-3341
-3260
-2966
-2740
-2351
-2003
-1630
-1344
-1023
-570
-170
259
538
965
1319
1644
2048
2307
2632
2780
2985
3051
3004
2856
2636
2407
1873
1348
708
133
-352
-974
-1508
-2022
-2297
-2513
-2700
-2856
-2900
-2733
-2521
-2267
-2065
-1775
-1445
-1118
-862
-668
-356
-90
200
377
683
1026
1263
1455
1682
1992
2329
2580
2773
2909
2939
2974
2867
2788
2557
2335
1991
1492
1147
669
311
-273
-827
-1336
-1872
-2328
-2820
-3111
-3437
-3645
-3784
-3787
-3642
-3519
-3195
-2913
-2537
-2116
-1736
-1314
-864
-264
199
680
1049
1391
1725
1955
2104
2142
2198
2135
2004
1817
1560
1284
1068
877
781
664
622
618
582
572
498
499
477
411
332
329
343
272
259
269
364
438
458
514
436
528
566
637
711
696
788
793
789
716
651
450
207
-39
-249
-517
-730
-973
-1208
-1429
-1531
-1570
-1605
-1640
-1627
-1468
-1312
-1118
-945
-709
-493
-310
-35
192
442
604
712
808
899
991
1070
1121
1149
1190
1204
1244
1193
1108
980
773
453
-37
-445
-1197
-1869
-2701
-3358
-3801
-4416
-4738
-5156
-5106
-5070
-4933
-4513
-3962
-2969
-2393
-1723
-981
-79
968
1565
2219
2893
3609
4093
4303
4578
4788
4926
4645
4421
4139
3987
3660
3137
2680
2218
1959
1478
1119
689
271
-146
-599
-773
-1053
-1096
-1285
-1332
-1343
-1186
-875
-848
-597
-487
-224
-6
198
508
673
1029
1168
1452
1683
1917
2128
2032
1988
1749
1566
1144
619
58
-636
-1182
-1883
-2304
-2705
-3084
-3362
-3513
-3463
-3307
-3017
-2738
-2366
-1991
-1590
-1147
-689
-274
-26
186
394
601
814
985
1096
1088
1107
1011
1103
1042
934
826
580
386
85
-140
-338
-674
-1128
-1596
-1975
-2366
-2722
-3069
-3409
-3832
-4163
-4496
-4680
-4589
-4526
-4415
-4240
-3806
-3258
-2653
-1871
-1050
10
971
1835
2629
3442
4318
4981
5443
5752
6206
6444
6546
6372
6198
6045
5708
5372
4879
4418
4021
3567
3043
2482
1917
1460
789
2
-661
-1333
-1773
-2384
-2902
-3167
-3392
-3297
-3242
-2921
-2488
-1905
-1379
-973
-359
252
763
984
1166
1337
1506
1503
1277
1105
821
560
188
-171
-441
-636
-804
-1111
-1407
-1542
-1637
-1824
-2084
-2338
-2504
-2631
-2755
-2857
-2905
-2779
-2660
-2642
-2532
-2248
-1904
-1613
-1307
-1050
-691
-434
-227
-157
-159
-84
-158
-234
-421
-521
-496
-669
-764
-902
-868
-767
-803
-737
-737
-594
-536
-521
-495
-408
-401
-571
-731
-814
-789
-884
-973
-1102
-1000
-792
-474
-97
345
990
1560
2134
2711
3475
4210
4738
5033
5233
5491
5660
5589
5343
5091
4861
4486
4044
3620
3239
2858
2372
1834
1234
733
243
-369
-991
-1533
-2080
-2523
-2914
-3158
-3399
-3498
-3475
-3410
-3128
-2934
-2520
-2091
-1600
-1166
-838
-415
40
484
718
931
1097
1240
1214
969
765
528
302
-80
-543
-877
-1189
-1425
-1772
-2087
-2254
-2413
-2482
-2586
-2568
-2468
-2324
-2201
-2105
-1912
-1710
-1530
-1357
-1129
-852
-640
-526
-484
-365
-269
-188
-128
-142
-82
-21
49
97
138
139
155
149
105
100
173
116
50
-121
-169
-267
-392
-361
-348
-294
-296
-213
-178
-38
149
317
582
872
1246
1630
2001
2405
2801
3143
3477
3717
3817
3928
3967
3900
3740
3448
3151
2851
2531
2171
1883
1600
1332
1100
744
467
197
-55
-426
-825
-1170
-1488
-1762
-2143
-2450
-2656
-2742
-2848
-2893
-2735
-2444
-2114
-1723
-1302
-785
-302
191
554
855
1055
1146
1189
1096
987
823
588
290
56
-233
-425
-514
-730
-980
-1160
-1291
-1427
-1626
-1799
-1997
-2223
-2478
-2699
-2829
-2931
-3071
-3098
-2979
-2774
-2425
-2025
-1592
-1123
-574
-40
455
866
1250
1563
1743
1845
1838
1751
1623
1415
1149
933
771
611
398
183
100
-31
-104
-108
-69
34
90
140
208
272
213
265
195
124
94
-75
-83
-49
-69
-69
-5
225
474
648
899
1255
1675
1972
2200
2520
2834
2980
2927
2795
2730
2701
2476
2125
1691
1347
1046
688
350
-9
-210
-447
-656
-781
-879
-931
-1066
-1211
-1289
-1247
-1172
-1157
-1123
-1133
-1032
-943
-836
-705
-554
-322
-177
12
134
363
661
808
930
1028
1108
1115
940
733
492
286
-35
-466
-870
-1231
-1611
-2005
-2307
-2555
-2735
-2844
-2907
-2888
-2776
-2536
-2263
-1929
-1624
-1307
-911
-618
-353
-128
7
134
265
319
300
288
267
168
98
47
43
70
25
60
83
223
368
443
521
562
620
606
551
460
348
175
-63
-232
-478
-601
-713
-859
-870
-828
-673
-550
-283
-53
178
483
712
971
1193
1375
1497
1492
1592
1631
1669
1667
1651
1799
1906
2028
2178
2311
2493
2658
2766
2842
2856
2783
2629
2261
1817
1330
760
168
-395
-937
-1407
-1823
-2072
-2132
-2021
-1826
-1589
-1225
-796
-330
67
343
589
719
662
482
161
-170
-608
-1094
-1526
-1952
-2180
-2394
-2520
-2522
-2337
-2092
-1817
-1451
-1082
-706
-437
-232
-82
12
0
-239
-471
-695
-848
-998
-1119
-1177
-1172
-960
-749
-451
-59
342
653
832
959
970
885
683
402
71
-286
-704
-1107
-1417
-1588
-1721
-1794
-1650
-1379
-1039
-633
-244
217
648
1069
1448
1719
1807
1813
1698
1505
1234
913
611
227
-102
-375
-546
-602
-598
-523
-392
-150
94
400
723
1026
1239
1389
1527
1642
1747
1739
1691
1672
1626
1649
1667
1635
1654
1744
1755
1661
1516
1410
1292
1056
840
683
426
194
-74
-310
-432
-537
-614
-718
-831
-900
-887
-954
-1045
-1082
-1073
-1044
-1076
-1078
-1091
-1048
-1006
-971
-920
-759
-597
-453
-319
-160
-26
44
41
-4
-93
-198
-309
-424
-608
-791
-983
-1118
-1171
-1176
-1125
-1037
-865
-718
-610
-508
-445
-514
-614
-754
-976
-1158
-1315
-1466
-1636
-1762
-1830
-1838
-1781
-1631
-1343
-1020
-696
-381
-68
323
628
894
1132
1309
1371
1347
1333
1207
1042
914
770
707
515
412
385
315
387
435
520
656
835
933
1043
1071
1085
1239
1273
1327
1299
1295
1406
1446
1518
1590
1740
1849
1944
2095
2151
2135
2079
2014
1921
1801
1594
1297
915
465
48
-378
-797
-1155
-1485
-1710
-1885
-2022
-1992
-1928
-1753
-1541
-1323
-1070
-803
-508
-282
-108
81
184
217
234
164
94
-36
-149
-270
-420
-532
-601
-605
-604
-627
-556
-423
-366
-317
-414
-463
-536
-730
-944
-1192
-1485
-1728
-1945
-2179
-2288
-2292
-2252
-2145
-1944
-1646
-1284
-924
-563
-253
9
220
401
413
446
476
420
360
317
286
303
311
339
454
593
747
845
867
882
887
844
682
501
274
19
-205
-414
-611
-695
-754
-828
-772
-682
-454
-181
101
446
823
1266
1663
2003
2305
2520
2685
2750
2855
2860
2741
2561
2268
2014
1769
1514
1296
1024
791
591
380
238
167
152
64
-28
-107
-193
-270
-390
-504
-619
-742
-768
-776
-782
-714
-660
-588
-459
-364
-255
-70
37
129
214
201
139
7
-150
-368
-600
-831
-1044
-1320
-1530
-1772
-1943
-2052
-2133
-2157
-2173
-2110
-2047
-1935
-1848
-1672
-1506
-1406
-1266
-1179
-1031
-855
-751
-639
-481
-342
-292
-132
58
230
343
377
414
422
420
453
467
448
412
402
382
387
333
303
325
307
248
185
211
195
144
125
47
0
-87
-77
-104
-68
-31
60
245
378
629
791
1063
1241
1395
1571
1699
1798
1842
1909
1929
1883
1819
1781
1765
1710
1655
1556
1543
1506
1434
1401
1268
1156
1046
944
797
630
473
261
26
-175
-329
-447
-524
-648
-717
-686
-710
-725
-675
-677
-659
-679
-716
-709
-768
-895
-1086
-1298
-1521
-1653
-1807
-1998
-2191
-2317
-2390
-2447
-2445
-2352
-2198
-2020
-1778
-1485
-1223
-924
-662
-476
-271
-108
26
79
106
102
86
61
132
204
194
275
403
500
612
754
884
999
1008
1032
989
892
798
640
454
274
170
19
-84
-162
-202
-210
-189
-117
-73
-13
24
27
57
129
171
238
279
270
285
279
242
267
288
343
457
577
650
759
867
984
1040
1146
1270
1314
1290
1249
1163
1024
934
848
706
604
502
394
315
270
276
232
224
230
196
164
172
178
95
97
136
171
182
200
250
232
194
40
-64
-218
-442
-655
-858
-1001
-1180
-1328
-1463
-1523
-1578
-1582
-1593
-1619
-1605
-1571
-1563
-1497
-1416
-1405
-1349
-1248
-1181
-1044
-915
-760
-572
-437
-232
-128
2
134
235
366
508
541
558
637
696
708
654
558
407
287
183
68
-34
-187
-272
-314
-327
-276
-239
-218
-124
10
134
326
503
704
825
925
1013
1098
1109
1098
1014
939
820
735
723
605
490
348
238
168
92
68
-31
-150
-248
-394
-450
-547
-593
-700
-749
-707
-674
-562
-499
-266
-42
151
318
573
824
1036
1161
1185
1282
1386
1468
1517
1520
1456
1368
1239
1105
925
787
597
448
305
187
35
-145
-325
-541
-742
-975
-1136
-1286
-1408
-1515
-1608
-1599
-1566
-1522
-1458
-1377
-1273
-1185
-1027
-838
-741
-491
-309
-180
24
95
213
329
393
428
433
395
360
238
47
-37
-171
-259
-331
-445
-499
-530
-556
-564
-567
-526
-441
-401
-369
-311
-239
-111
49
149
240
292
417
491
494
556
561
586
594
561
531
448
341
239
124
-64
-138
-228
-380
-471
-611
-739
-914
-1044
-1095
-1114
-1052
-972
-826
-642
-501
-320
-142
77
361
623
918
1220
1498
1719
1943
2103
2238
2316
2340
2283
2128
1971
1824
1688
1493
1279
1160
940
744
560
329
164
-31
-178
-336
-510
-576
-694
-826
-925
-1008
-1067
-1071
-1125
-1140
-1079
-1030
-993
-898
-832
-745
-629
-562
-424
-314
-279
-209
-183
-205
-298
-342
-442
-575
-654
-725
-769
-819
-868
-899
-861
-882
-879
-844
-826
-766
-807
-862
-824
-822
-689
-577
-506
-417
-364
-255
-83
76
262
460
594
780
887
981
1100
1166
1241
1174
1079
963
822
721
517
314
156
8
-118
-210
-258
-256
-221
-224
-256
-194
-162
-148
-109
-143
-97
-161
-176
-118
-82
42
103
230
319
403
557
710
911
1089
1269
1420
1514
1528
1611
1623
1495
1342
1098
936
761
566
379
218
94
18
1
-47
-63
-35
-42
-113
-159
-188
-270
-448
-583
-726
-948
-1199
-1335
-1412
-1486
-1499
-1460
-1434
-1381
-1244
-1095
-953
-834
-689
-555
-435
-419
-358
-322
-314
-301
-380
-436
-409
-368
-312
-282
-214
-163
-108
-27
11
66
113
84
60
90
-5
-66
-207
-337
-431
-473
-443
-367
-173
-53
87
229
396
634
781
959
1117
1227
1316
1384
1427
1353
1318
1239
1118
967
775
596
435
253
177
100
16
-31
-80
-166
-289
-394
-456
-540
-630
-601
-596
-522
-426
-363
-216
-80
2
133
332
512
673
798
903
1009
1074
1114
1099
1066
1006
851
730
525
261
35
-188
-418
-556
-711
-877
-1024
-1146
-1230
-1371
-1435
-1480
-1495
-1511
-1517
-1507
-1440
-1322
-1247
-1069
-869
-657
-487
-333
-168
-55
83
263
411
578
639
691
697
675
727
664
595
475
376
271
177
129
34
-25
-103
-94
-101
-107
-98
-82
-10
59
144
241
307
423
518
610
718
782
877
967
1026
1065
1111
1156
1139
1097
1055
929
814
713
551
402
230
-2
-213
-458
-740
-921
-1058
-1228
-1348
-1453
-1521
-1571
-1581
-1583
-1510
-1345
-1186
-1068
-918
-664
-455
-229
1
220
388
568
696
827
891
918
925
835
750
625
484
407
293
215
115
-31
-122
-204
-289
-404
-448
-520
-604
-646
-709
-698
-720
-717
-671
-584
-489
-421
-323
-198
-38
116
221
405
448
518
632
675
708
736
698
622
563
542
547
513
477
476
427
379
376
336
326
308
297
284
291
305
278
285
317
337
395
436
529
574
601
652
613
493
445
426
372
345
242
203
86
-15
-65
-167
-214
-305
-403
-487
-558
-655
-669
-742
-807
-912
-978
-1059
-1192
-1246
-1301
-1279
-1215
-1211
-1067
-953
-857
-753
-668
-548
-375
-257
-209
-55
32
99
148
173
251
246
270
204
114
109
37
45
12
-42
-59
-158
-159
-182
-192
-164
-169
-126
-82
-43
64
157
262
350
395
470
488
463
457
432
374
306
252
237
274
263
307
331
337
403
422
456
520
519
515
546
616
739
791
833
875
881
851
834
786
705
710
724
759
753
752
756
737
705
636
531
387
254
121
-28
-186
-284
-361
-488
-614
-697
-764
-848
-932
-964
-999
-1075
-1140
-1194
-1203
-1141
-1079
-1021
-1006
-923
-857
-756
-650
-566
-468
-441
-418
-350
-327
-279
-246
-283
-256
-328
-378
-423
-515
-527
-596
-670
-718
-741
-723
-721
-685
-659
-571
-531
-437
-334
-309
-205
-153
-136
-108
-67
50
163
277
436
628
848
1014
1226
1406
1578
1702
1800
1891
1845
1820
1745
1598
1494
1355
1139
992
811
641
555
425
316
201
144
112
102
125
132
112
149
157
142
132
82
99
85
92
108
71
150
210
207
226
181
131
86
1
-99
-234
-403
-585
-769
-892
-986
-1087
-1123
-1180
-1196
-1173
-1187
-1155
-1135
-1117
-1048
-1001
-963
-920
-842
-838
-764
-665
-554
-479
-429
-275
-156
-62
60
160
233
291
319
296
249
234
155
54
-12
-138
-264
-353
-480
-526
-548
-581
-499
-427
-310
-240
-154
-24
143
276
355
385
408
526
552
639
681
799
924
914
970
978
1001
1016
1031
1093
1115
1090
1030
987
910
788
704
616
534
362
212
141
38
-22
-84
-157
-177
-176
-221
-223
-263
-273
-316
-338
-357
-374
-319
-310
-306
-305
-269
-219
-196
-103
-32
27
73
67
53
68
-10
-139
-187
-263
-279
-282
-316
-340
-373
-391
-433
-490
-490
-485
-504
-497
-491
-492
-475
-474
-413
-397
-413
-386
-346
-296
-278
-239
-178
-105
-69
-14
57
102
172
244
325
369
391
377
355
343
263
252
198
194
196
175
135
55
12
-22
-41
-23
-13
-27
40
63
79
128
188
160
145
195
180
178
171
190
195
193
213
237
264
282
235
243
238
201
180
136
104
94
76
-5
-5
-44
-121
-233
-243
-287
-376
-436
-451
-469
-473
-371
-342
-290
-218
-186
-144
-93
-54
42
52
102
134
125
192
259
320
352
364
404
440
443
489
507
474
470
457
453
460
371
288
144
38
-100
-228
-324
-491
-590
-666
-758
-778
-734
-694
-634
-631
-598
-476
-364
-325
-254
-146
-69
49
138
196
248
244
324
414
476
482
463
454
379
297
255
187
115
37
15
-46
-135
-196
-221
-221
-306
-335
-355
-313
-296
-290
-244
-154
-103
-30
35
126
186
164
203
181
201
165
83
42
14
-68
-97
-86
-145
-178
-210
-228
-231
-275
-253
-258
-353
-379
-386
-384
-411
-436
-466
-440
-325
-263
-160
-35
69
194
320
419
559
628
720
825
880
948
945
961
947
851
783
742
624
578
519
430
402
395
334
235
52
-87
-141
-185
-230
-235
-234
-305
-366
-398
-397
-413
-402
-403
-363
-307
-245
-174
-110
-19
100
204
291
363
451
511
541
559
524
465
382
234
135
19
-58
-185
-292
-419
-521
-575
-654
-660
-705
-782
-796
-825
-843
-840
-821
-767
-777
-759
-687
-653
-679
-643
-611
-578
-519
-428
-335
-248
-162
-48
6
83
130
124
150
169
174
187
188
150
84
21
17
15
-16
-23
-24
15
26
54
208
273
327
377
444
497
583
663
699
792
799
864
872
854
897
931
933
911
875
865
789
714
603
507
466
313
227
128
27
-72
-173
-270
-338
-416
-525
-535
-581
-636
-645
-673
-706
-668
-612
-488
-426
-349
-293
-247
-223
-211
-153
-169
-197
-204
-192
-168
-114
-36
27
69
70
90
130
111
111
166
178
234
248
207
240
219
190
144
80
29
-16
-88
-131
-129
-150
-185
-138
-83
-70
-38
-20
-5
16
63
118
171
216
195
163
72
12
-33
-123
-205
-273
-313
-459
-530
-630
-728
-772
-824
-802
-766
-799
-784
-737
-687
-614
-551
-454
-419
-334
-209
-104
37
172
305
401
493
533
630
734
857
893
822
811
767
720
674
580
485
445
375
351
320
252
208
175
140
89
128
127
136
158
133
214
240
226
249
258
275
274
297
253
258
228
190
244
264
268
208
199
165
115
174
235
247
229
212
236
197
126
79
15
-23
-59
-174
-274
-330
-422
-481
-573
-628
-664
-732
-780
-842
-864
-868
-835
-797
-723
-670
-638
-612
-623
-630
-620
-597
-551
-491
-474
-437
-369
-318
-278
-260
-269
-275
-184
-161
-213
-163
-112
-42
29
73
130
129
155
189
218
174
198
195
222
247
269
335
349
442
479
563
618
677
763
818
814
843
845
792
729
694
675
633
669
661
593
555
529
531
558
527
508
487
455
402
435
382
338
286
189
154
108
37
-37
-38
-104
-133
-139
-87
-109
-141
-149
-116
-120
-100
-78
-122
-138
-199
-223
-272
-334
-351
-417
-500
-536
-556
-581
-594
-582
-576
-636
-706
-765
-850
-941
-971
-1069
-1081
-1074
-1101
-1065
-1056
-973
-870
-828
-766
-714
-596
-482
-385
-255
-178
-73
-7
52
128
163
247
273
218
162
192
156
115
64
74
90
90
203
266
320
303
347
382
401
420
395
397
462
538
553
600
685
737
765
745
758
814
798
802
837
827
799
777
744
733
700
625
591
532
545
525
474
382
346
336
247
189
127
48
-13
-39
-136
-140
-142
-139
-123
-106
-32
2
67
91
82
59
66
92
34
9
-76
-124
-163
-220
-302
-399
-411
-491
-543
-617
-717
-732
-734
-744
-787
-829
-871
-914
-897
-875
-864
-861
-844
-863
-867
-846
-800
-764
-688
-658
-603
-457
-322
-173
-109
-48
31
96
188
236
307
337
272
293
270
259
221
185
179
188
102
23
-48
-86
-87
-95
-58
4
116
186
266
359
454
601
636
663
749
763
793
792
803
706
670
699
644
615
609
614
564
526
470
364
281
196
119
69
-4
-46
-80
-162
-207
-215
-245
-221
-199
-203
-170
-115
-62
-8
66
122
183
146
150
137
119
142
126
135
114
60
-40
-106
-141
-180
-230
-270
-289
-307
-375
-404
-406
-416
-399
-371
-384
-369
-327
-381
-347
-377
-365
-311
-322
-308
-279
-217
-194
-107
-72
-3
113
129
156
221
215
257
271
254
270
275
273
292
256
237
176
156
117
38
-22
-177
-238
-287
-312
-291
-254
-204
-181
-174
-150
-158
-162
-173
-175
-202
-198
-243
-245
-284
-366
-331
-390
-411
-419
-449
-382
-373
-355
-358
-338
-241
-245
-133
-101
-85
-59
-77
-58
-28
37
117
176
260
321
358
407
487
561
596
695
753
798
805
817
870
844
802
723
663
680
621
584
541
489
425
367
346
284
243
167
155
129
86
81
46
57
50
27
20
-5
-6
-70
-116
-125
-141
-139
-97
-78
-56
-43
-63
-52
-85
-104
-107
-92
-83
-110
-165
-266
-354
-399
-495
-531
-602
-667
-653
-719
-744
-722
-716
-794
-819
-819
-816
-827
-865
-794
-779
-743
-735
-756
-730
-717
-679
-573
-494
-409
-274
-91
40
137
233
288
329
366
396
430
433
437
442
481
526
542
617
603
609
597
633
680
754
814
819
840
840
861
831
727
635
515
388
330
253
210
211
196
155
115
100
55
-2
-40
-41
-49
-39
-22
-40
-53
-81
-113
-96
-60
-8
54
16
22
-6
-28
-1
-18
-35
-19
-11
18
38
50
40
59
54
8
-57
-69
-97
-91
-65
2
33
31
32
42
20
-24
-28
-112
-139
-207
-284
-341
-383
-416
-446
-486
-496
-509
-508
-539
-575
-606
-667
-745
-735
-694
-730
-685
-670
-645
-605
-567
-551
-512
-417
-392
-350
-283
-212
-172
-174
-157
-90
-41
34
115
172
194
215
285
352
387
420
477
513
598
706
779
780
801
807
821
795
761
747
751
713
649
564
496
409
327
238
196
179
147
195
155
143
114
99
97
107
134
149
146
194
223
235
255
236
226
278
296
314
323
302
305
270
244
245
159
90
38
-39
-138
-210
-206
-282
-331
-399
-440
-463
-490
-496
-467
-480
-525
-540
-630
-715
-767
-727
-691
-701
-735
-729
-801
-829
-775
-776
-770
-764
-777
-723
-666
-597
-507
-469
-455
-402
-304
-201
-77
-41
31
65
82
129
189
238
298
279
289
351
388
405
463
520
552
591
624
676
666
675
710
684
728
760
734
702
628
648
612
541
502
517
550
534
466
449
413
327
280
231
242
238
194
162
186
166
82
20
-48
-114
-190
-243
-287
-338
-391
-349
-346
-374
-324
-256
-198
-170
-165
-122
-114
-142
-143
-111
-134
-163
-187
-169
-229
-252
-237
-246
-229
-248
-265
-230
-236
-252
-261
-322
-367
-371
-387
-415
-450
-510
-534
-593
-629
-563
-538
-518
-486
-429
-342
-310
-285
-185
-101
-93
-37
12
71
76
165
198
215
289
338
396
435
474
463
447
467
452
464
470
451
464
419
454
404
304
179
75
-16
-126
-98
-97
-127
-167
-184
-127
-121
-72
27
106
150
190
221
220
228
262
187
187
193
163
174
130
92
82
92
68
106
84
95
101
82
58
40
107
57
19
37
21
21
28
52
0
-14
-27
10
80
71
131
150
161
152
121
75
-2
-56
-79
-186
-274
-298
-351
-375
-389
-340
-364
-388
-371
-397
-384
-399
-427
-423
-410
-405
-369
-371
-335
-253
-235
-162
-83
-50
-29
-15
76
161
217
249
221
257
271
344
411
484
463
490
506
506
509
507
516
499
402
325
314
207
150
78
5
-83
-149
-169
-189
-232
-252
-233
-181
-182
-153
-145
-185
-97
-98
-36
-12
-25
-36
-133
-156
-163
-195
-223
-220
-253
-274
-321
-327
-301
-298
-309
-269
-277
-279
-246
-260
-250
-296
-264
-284
-275
-239
-195
-139
-49
59
96
144
211
226
294
355
374
415
411
438
437
375
339
320
294
269
210
190
215
156
149
141
93
128
143
222
257
287
335
312
309
269
246
202
136
100
103
96
69
108
107
151
236
237
253
246
215
152
92
23
-44
-67
-135
-214
-285
-384
-446
-459
-518
-579
-599
-655
-704
-732
-715
-722
-736
-729
-693
-647
-590
-547
-572
-558
-500
-441
-363
-298
-256
-186
-72
38
145
191
269
327
368
374
413
412
349
395
419
444
495
528
516
516
502
510
509
484
425
388
425
382
295
281
259
225
205
179
186
173
169
115
109
116
117
158
133
102
46
30
1
2
-41
-42
-38
-73
-35
-56
-65
-67
-85
-114
-144
-165
-171
-185
-177
-167
-139
-114
-109
-96
-122
-132
-129
-162
-153
-133
-116
-82
-102
-99
-75
-65
-106
-81
-88
-128
-140
-192
-201
-214
-243
-228
-208
-199
-220
-221
-252
-239
-249
-277
-298
-269
-237
-242
-231
-212
-200
-198
-189
-191
-109
-65
-39
-53
-20
41
73
157
173
231
273
275
274
273
234
224
250
266
299
251
268
275
220
154
145
88
101
63
40
62
40
78
95
116
67
18
-25
-44
-48
-46
-99
-123
-108
-173
-159
-158
-119
-45
3
77
157
170
198
218
229
300
277
298
326
319
363
410
466
489
495
458
421
402
295
273
273
233
235
220
176
130
80
47
13
-41
-41
-35
-32
-110
-155
-164
-221
-250
-306
-305
-361
-392
-395
-439
-444
-495
-483
-530
-567
-550
-554
-501
-468
-469
-442
-407
-375
-341
-284
-304
-285
-253
-220
-144
-91
-42
-21
-8
-10
-4
62
129
158
258
315
289
290
282
275
240
186
161
160
154
150
140
133
130
76
63
60
56
-8
-75
-107
-142
-125
-164
-167
-194
-210
-138
-126
-125
-86
-30
28
35
80
186
205
236
242
251
247
239
236
201
169
159
102
78
86
75
104
82
15
-25
-63
-84
-56
-25
53
79
108
137
78
91
115
112
122
112
118
100
152
149
125
106
57
31
-5
12
49
96
116
164
100
78
65
17
13
-27
-37
-54
-90
-112
-127
-58
-56
-106
-133
-126
-151
-194
-172
-160
-177
-192
-212
-258
-295
-277
-240
-234
-240
-198
-184
-141
-112
-72
14
-5
-12
-19
-4
31
40
49
46
46
29
-12
-52
-73
-92
-110
-53
-60
-88
-135
-177
-151
-102
-56
-100
-75
-60
-48
19
72
130
164
162
163
181
209
237
264
339
360
326
305
262
276
272
232
187
155
175
169
139
145
180
173
121
82
49
31
-1
-4
6
15
-49
-64
-34
-53
-52
-71
-128
-143
-101
-85
-70
-64
-30
-29
-41
-41
-22
23
20
-17
-91
-67
-91
-150
-127
-128
-127
-102
-132
-171
-155
-182
-221
-292
-282
-274
-320
-275
-241
-232
-193
-156
-132
-134
-145
-145
-199
-197
-191
-166
-145
-77
-43
-5
95
108
179
209
199
210
213
165
169
127
132
211
236
226
220
211
220
264
260
269
197
213
220
172
187
266
274
275
251
187
171
157
144
148
149
136
129
121
160
169
172
135
75
10
-53
-74
-111
-75
-69
-146
-209
-250
-272
-331
-281
-259
-323
-284
-313
-311
-323
-262
-210
-197
-195
-183
-167
-174
-101
-61
-49
-11
11
6
-24
-12
-43
-29
3
-10
-24
22
75
83
97
99
120
92
66
23
-52
-92
-124
-156
-191
-244
-360
-380
-357
-358
-288
-285
-291
-290
-276
-220
-110
-36
-14
61
102
152
144
211
264
258
303
326
338
346
358
348
291
314
313
245
232
238
232
226
258
203
178
163
123
110
124
114
115
140
138
132
156
206
233
263
268
236
259
219
172
224
206
156
144
161
194
137
137
119
44
23
-60
-121
-181
-264
-292
-321
-317
-296
-326
-352
-358
-382
-374
-398
-391
-354
-316
-296
-331
-338
-315
-297
-238
-198
-203
-174
-157
-150
-160
-155
-128
-166
-148
-159
-147
-92
-118
-86
-98
-103
-70
-105
-123
-118
-144
-97
-99
-162
-171
-140
-150
-177
-141
-114
-86
-101
-56
29
71
130
156
241
281
300
339
275
241
213
198
241
236
222
226
246
257
215
216
244
260
270
267
261
260
218
154
134
138
105
89
58
63
101
174
214
207
239
255
239
213
156
148
105
40
25
20
18
43
13
-8
-1
-40
-31
-35
-68
-76
-52
-42
10
-15
-60
-89
-134
-201
-219
-248
-284
-260
-246
-190
-155
-139
-116
-135
-81
-72
-30
-18
-31
4
-55
-62
-71
-90
-86
-90
-87
-89
-84
-97
-122
-92
-100
-66
-29
-8
-9
-4
-18
25
47
76
105
126
148
127
125
94
77
106
87
93
111
99
75
70
62
59
43
31
52
58
88
70
70
72
18
-10
-6
-75
-118
-130
-155
-209
-227
-182
-200
-147
-142
-121
-151
-167
-171
-235
-246
-276
-283
-351
-354
-303
-261
-242
-216
-170
-161
-178
-107
9
29
65
112
129
95
122
131
125
135
168
226
219
207
201
239
338
386
411
383
379
400
403
397
397
388
329
297
263
234
191
137
107
106
76
15
-27
-82
-112
-143
-169
-140
-174
-227
-254
-294
-294
-345
-354
-367
-335
-284
-295
-267
-281
-232
-220
-182
-120
-116
-38
22
28
64
43
88
77
68
97
112
98
100
137
127
132
135
156
168
160
153
104
81
59
24
-24
-134
-144
-150
-176
-207
-263
-286
-291
-289
-263
-222
-195
-207
-157
-98
-107
-89
-10
-25
-1
29
46
83
89
152
185
236
267
269
305
351
341
349
344
299
278
266
257
231
228
220
190
151
140
142
116
71
-17
5
-14
-40
-6
-16
-61
-91
-89
-99
-134
-177
-235
-236
-200
-175
-125
-132
-147
-135
-116
-143
-116
-98
-124
-123
-110
-77
-73
-64
-45
-83
-124
-132
-130
-124
-116
-93
-84
-85
-56
-25
-16
10
43
53
119
161
194
177
165
170
123
64
77
13
-41
-81
-96
-127
-148
-123
-103
-95
-77
-78
-99
-129
-161
-166
-177
-152
-147
-131
-104
-112
-88
-45
-21
-11
22
67
60
84
75
119
208
264
318
332
344
372
399
400
331
297
298
308
293
282
263
205
176
148
130
146
189
207
232
191
151
135
95
64
39
29
-12
-11
-30
-67
-57
-73
-73
-160
-222
-230
-288
-326
-317
-305
-340
-335
-364
-358
-364
-363
-375
-344
-361
-327
-350
-394
-350
-384
-408
-377
-346
-361
-300
-262
-186
-155
-106
-60
-38
26
9
31
45
99
103
108
85
55
75
91
129
156
147
178
234
262
259
298
318
314
260
275
254
233
240
228
224
152
200
182
233
238
236
245
269
286
307
354
321
344
343
312
304
297
245
278
237
188
139
141
158
90
74
23
12
-7
-48
-84
-94
-160
-223
-254
-266
-280
-341
-341
-372
-446
-543
-559
-523
-573
-581
-571
-543
-537
-537
-473
-427
-390
-360
-296
-313
-316
-294
-314
-300
-271
-208
-152
-96
-54
-44
6
35
44
121
183
243
298
286
323
341
341
326
307
310
308
353
387
372
350
352
265
216
139
93
92
45
63
94
70
74
68
63
98
80
76
57
41
-8
43
65
107
142
98
107
100
109
102
102
116
63
21
48
8
0
-22
-61
-28
-12
2
44
72
54
51
24
-30
-69
-109
-95
-55
-59
-74
-108
-106
-73
-67
-86
-106
-105
-94
-68
-66
-39
-4
53
71
54
68
65
7
-32
-65
-34
-37
-32
-45
-72
-66
-18
-4
-42
-21
-31
-4
-21
-22
-16
10
-10
-18
31
52
111
95
55
99
41
31
38
-14
20
-23
-75
-33
27
44
74
59
64
39
-68
-145
-226
-226
-244
-210
-221
-291
-282
-271
-260
-258
-237
-207
-174
-207
-227
-216
-182
-150
-103
-91
-75
-62
-45
30
70
141
248
338
349
361
360
373
362
369
394
433
474
446
400
368
352
256
190
144
125
128
102
89
75
56
54
-8
-29
-72
-102
-134
-176
-165
-256
-247
-262
-250
-241
-283
-222
-179
-116
-84
-60
-70
-89
-76
-119
-122
-101
-138
-132
-123
-100
-54
-69
-41
-51
-27
-31
-68
-56
-38
-45
-42
-14
-49
-56
-83
-90
-112
-111
-98
-54
-48
-67
-30
-57
-43
-57
-84
-103
-75
-20
-35
-37
-3
16
56
26
23
89
77
60
108
104
70
79
54
11
45
80
51
51
46
42
16
-27
-3
51
67
112
172
203
259
246
231
225
212
201
200
174
135
141
148
151
163
199
163
114
77
52
71
61
65
89
92
45
33
-13
-10
-22
-50
-49
-65
-54
-57
-10
10
28
-29
-93
-82
-96
-93
-151
-125
-140
-152
-169
-208
-200
-181
-192
-192
-161
-129
-136
-158
-159
-214
-216
-210
-228
-239
-173
-161
-123
-73
-12
-6
-1
25
12
17
17
-9
-21
19
46
73
83
90
82
18
-6
19
12
8
5
-10
-38
3
6
3
-6
-48
-39
-11
43
90
86
51
34
27
43
-12
-42
-78
-55
-34
-37
-11
-43
-40
-26
-9
67
109
157
156
141
134
119
137
79
111
115
76
75
145
155
187
183
242
290
257
249
232
248
208
184
188
151
137
113
93
98
93
82
28
13
-53
-96
-135
-166
-150
-106
-125
-146
-127
-113
-118
-153
-163
-91
-52
-28
-32
8
23
-16
34
7
4
3
-24
-16
-53
-80
-56
-79
-54
-30
-61
-96
-126
-132
-160
-185
-202
-233
-203
-212
-226
-225
-264
-282
-243
-274
-264
-222
-203
-179
-248
-260
-226
-227
-184
-166
-96
-48
-11
24
49
58
50
38
40
66
62
116
96
104
135
121
144
128
125
156
120
142
150
96
97
64
134
146
140
164
156
181
193
218
243
194
207
252
251
212
215
264
291
299
255
207
160
142
88
69
89
115
126
123
88
131
141
106
70
74
55
47
68
67
23
13
54
-41
-87
-68
-45
-20
13
1
-33
-46
-44
-89
-158
-145
-150
-210
-270
-292
-270
-352
-374
-356
-348
-306
-275
-275
-246
-229
-210
-183
-148
-123
-136
-126
-145
-157
-142
-135
-102
-73
-97
-65
-75
-67
-50
-12
17
29
70
64
68
27
58
46
43
60
64
61
22
35
33
37
50
73
61
25
-3
-7
-3
32
77
24
48
41
11
66
72
51
44
9
5
-15
-64
-58
13
66
26
70
99
102
124
104
71
90
89
100
102
86
124
148
164
184
165
175
147
127
119
137
147
66
78
95
52
36
49
61
87
73
85
24
-23
-70
-141
-146
-157
-177
-209
-193
-176
-155
-182
-209
-200
-168
-164
-157
-135
-143
-137
-147
-140
-117
-91
-103
-135
-121
-111
-130
-95
-60
-33
11
65
117
176
219
233
242
256
292
327
318
283
257
262
291
296
333
363
338
289
277
230
189
160
128
159
134
105
81
48
23
-10
-50
-24
-80
-94
-140
-197
-243
-324
-323
-352
-338
-309
-326
-346
-394
-400
-403
-450
-458
-421
-373
-358
-339
-312
-281
-218
-219
-210
-206
-160
-123
-100
-47
1
28
55
37
70
135
161
208
205
215
237
256
248
276
279
311
283
229
185
142
164
152
127
89
111
89
84
88
108
117
124
156
123
60
51
94
83
72
46
51
68
31
11
33
17
-23
-20
-35
-35
-47
-6
35
47
87
67
53
75
87
94
97
115
111
103
142
125
127
118
71
26
-63
-84
-72
-51
-63
-121
-176
-185
-220
-255
-295
-319
-303
-340
-341
-359
-390
-434
-395
-325
-269
-247
-259
-212
-179
-146
-124
-83
-44
-29
10
46
40
61
57
44
67
23
23
81
91
102
137
152
186
189
213
249
235
236
218
192
209
207
151
158
132
138
161
181
200
219
259
237
213
220
181
141
131
127
105
95
109
111
95
67
26
27
21
-12
-27
-70
-99
-69
-29
4
59
13
-35
-49
-97
-96
-68
-11
-47
-59
-93
-72
-85
-100
-163
-212
-207
-232
-241
-287
-315
-352
-381
-373
-400
-372
-326
-298
-210
-159
-91
-72
-110
-106
-37
-40
-46
-24
-42
-55
-89
-59
16
51
92
121
108
137
127
107
122
154
139
111
104
116
99
120
135
134
135
182
158
111
74
118
89
68
78
32
71
57
91
82
90
73
63
95
84
95
94
106
134
116
102
111
106
65
24
8
-24
2
-65
-81
-65
-117
-85
-68
-37
-29
-32
-64
-75
-85
-91
-74
-64
-58
-47
-1
35
46
90
105
65
70
30
14
-23
-41
-89
-132
-113
-132
-126
-120
-87
-64
-32
-21
8
0
-30
-33
-64
-21
14
50
53
41
38
23
27
47
37
26
34
-15
-41
-41
-37
-12
18
-9
10
26
1
-10
-21
-1
8
1
-30
11
22
46
40
32
46
94
97
113
155
112
114
102
64
51
90
103
72
66
38
21
18
-19
-42
-50
-86
-81
-30
-2
35
79
49
15
32
26
40
23
5
-8
-5
7
44
55
67
59
15
-16
-58
-73
-108
-125
-144
-167
-144
-103
-85
-49
-10
-38
-37
-87
-74
-126
-157
-159
-169
-135
-137
-131
-126
-139
-109
-143
-115
-115
-164
-132
-130
-116
-103
-71
-64
-27
-14
-35
-27
-20
-23
-22
-6
30
54
59
61
80
101
134
139
148
163
163
211
209
225
225
168
147
147
175
166
152
145
123
101
120
128
89
50
-17
-84
-50
-76
-98
-97
-110
-76
-100
-130
-152
-117
-69
-23
-1
17
25
15
27
37
87
56
54
37
49
40
26
27
60
76
31
33
27
-10
-104
-65
-85
-107
-60
-33
40
68
100
80
46
41
10
5
53
57
41
52
35
20
13
-30
-38
-74
-128
-86
-68
-77
-93
-79
-79
-66
-65
-49
19
16
24
55
38
18
3
-50
-57
-131
-134
-79
-63
-53
-70
-120
-129
-96
-107
-150
-158
-131
-115
-109
-48
-23
-34
-47
-51
-9
24
55
68
75
93
92
79
104
91
51
75
77
81
53
36
18
24
10
43
22
10
36
16
75
83
142
178
174
172
207
208
174
128
120
114
102
107
75
37
25
-6
-47
-64
-164
-162
-156
-199
-203
-128
-67
-31
26
19
-8
-28
-63
-70
-66
-62
-74
-49
-7
26
-16
-21
-10
-20
-15
-15
17
65
62
79
46
43
57
24
58
-2
-27
-23
-34
-26
-2
7
-16
26
32
47
68
55
92
63
67
120
77
90
52
41
75
95
112
100
14
-17
-24
-78
-79
-55
-19
-28
-66
-107
-113
-104
-104
-97
-67
-65
-23
-3
-54
-62
-54
-49
-61
-75
-58
-56
-86
-130
-115
-117
-128
-157
-166
-165
-197
-197
-177
-160
-169
-171
-182
-174
-162
-123
-69
-32
-48
-46
-28
0
65
91
110
134
176
155
103
139
199
245
261
292
304
284
292
294
301
283
279
286
293
271
226
204
197
211
206
196
168
100
9
-71
-82
-116
-171
-180
-179
-235
-261
-240
-226
-231
-169
-134
-114
-129
-134
-86
-70
-50
-55
-82
-120
-115
-94
-92
-83
-75
-70
-104
-131
-66
-41
-78
-61
-36
-9
-6
0
-6
2
2
-18
10
63
136
144
172
205
222
190
180
150
188
198
143
91
55
24
29
28
17
34
27
23
10
-4
-66
-102
-121
-125
-44
3
40
38
-17
-49
-45
-32
0
7
-47
-79
-95
-116
-172
-161
-172
-230
-245
-340
-342
-291
-316
-306
-286
-273
-253
-200
-153
-96
-57
-2
24
36
40
23
26
-6
78
105
99
137
152
187
195
161
165
167
153
150
111
138
138
97
45
53
43
35
56
118
140
108
119
90
71
55
51
18
77
150
199
207
193
172
117
121
69
76
48
2
11
8
13
-19
-15
-25
-2
-1
-33
-41
-8
37
-15
-18
-41
-31
51
76
102
118
134
153
131
144
153
116
47
47
47
44
67
50
43
9
-11
-29
-48
-44
-108
-157
-196
-221
-152
-202
-212
-220
-261
-266
-318
-274
-274
-312
-314
-363
-395
-369
-357
-288
-267
-307
-283
-251
-211
-148
-74
-69
-66
-39
-43
-25
37
89
101
113
84
42
62
75
117
182
182
202
202
232
254
277
308
318
307
340
352
301
272
241
179
153
176
186
187
195
217
188
193
218
193
175
150
152
111
146
172
148
160
148
148
157
97
78
54
28
22
1
-39
-85
-86
-108
-121
-172
-177
-183
-201
-209
-226
-242
-286
-250
-252
-216
-202
-167
-139
-173
-155
-147
-131
-108
-111
-139
-199
-228
-249
-255
-234
-249
-245
-231
-153
-104
-138
-123
-80
-74
-80
-77
-47
-28
7
-3
10
8
6
-42
-85
-13
-3
-7
-1
-22
4
7
-27
-47
-43
-15
-26
-26
2
7
32
30
-11
46
52
74
137
136
171
190
196
163
152
173
200
171
202
226
191
201
239
283
290
241
242
236
243
259
282
332
297
269
217
151
135
128
118
128
109
113
87
65
46
11
-1
-46
-24
-12
-27
-22
-21
-85
-127
-133
-199
-208
-225
-226
-206
-218
-221
-265
-315
-397
-429
-455
-425
-399
-405
-391
-375
-339
-339
-305
-283
-277
-267
-246
-242
-204
-134
-100
-35
-11
3
6
25
52
130
163
185
213
210
237
266
282
299
282
244
235
216
206
247
253
273
280
274
226
177
160
148
147
139
172
162
145
150
142
137
130
75
75
61
40
39
33
8
-74
-107
-90
-138
-157
-188
-208
-180
-191
-211
-175
-193
-212
-194
-184
-163
-163
-134
-130
-155
-109
-103
-50
-25
-77
-98
-168
-95
-37
0
-15
-57
-65
-69
-62
-51
-15
-28
-1
-1
-7
-23
2
40
73
143
160
145
126
135
122
139
138
108
101
122
141
175
185
173
183
150
153
147
134
162
167
145
144
134
154
178
124
112
127
149
144
88
56
-7
-84
-92
-71
-69
-53
-30
-35
-29
-24
-54
-53
-93
-139
-156
-142
-151
-170
-180
-188
-226
-248
-243
-225
-205
-189
-146
-168
-181
-166
-147
-185
-175
-142
-107
-62
-19
23
1
-14
-35
-19
20
63
58
102
84
69
58
71
116
113
64
35
50
41
51
49
35
41
44
48
51
55
67
97
105
151
185
173
152
162
174
138
125
100
93
96
80
72
56
27
-2
-48
-97
-100
-109
-90
-98
-120
-112
-124
-101
-96
-121
-79
-96
-109
-113
-154
-139
-119
-78
-81
-109
-126
-130
-129
-112
-73
-58
-54
-40
-20
-26
-24
27
27
65
69
51
33
22
-1
0
-14
-54
-34
-73
-101
-124
-140
-136
-115
-95
-62
-51
-12
4
35
92
123
195
211
198
141
102
71
35
30
86
92
107
84
74
56
-9
5
47
108
103
96
102
85
47
45
47
49
84
70
37
58
39
7
13
19
15
38
43
43
27
-22
-48
-77
-61
-20
6
0
17
51
44
30
28
21
7
31
60
35
40
32
38
49
40
69
82
119
152
175
157
181
165
112
80
32
-22
-30
-68
-83
-116
-119
-117
-105
-65
-83
-109
-106
-143
-204
-195
-226
-240
-269
-267
-269
-292
-289
-320
-260
-181
-180
-139
-146
-130
-117
-109
-86
-58
-42
-38
-7
-34
-22
19
17
52
94
90
105
127
116
126
117
119
113
123
138
121
134
153
142
166
180
154
191
236
223
231
238
205
177
141
157
144
105
83
91
83
75
80
51
47
30
9
-24
-29
-64
-110
-102
-89
-82
-54
-8
-10
-14
-4
40
64
38
54
31
27
11
-1
-26
-67
-70
-70
-87
-78
-98
-134
-169
-192
-203
-206
-191
-214
-192
-207
-232
-204
-174
-179
-216
-215
-226
-236
-239
-216
-212
-186
-132
-142
-97
-80
-51
-9
40
57
86
122
159
188
204
233
194
205
236
241
270
253
241
216
206
188
205
207
189
178
154
150
110
130
88
59
43
42
46
56
69
78
90
94
84
61
50
7
-28
-39
-60
-41
-48
-63
-72
-102
-113
-132
-108
-89
-96
-122
-146
-146
-155
-139
-103
-70
-66
-76
-91
-81
-75
-70
-75
-72
-31
-48
-99
-108
-103
-91
-82
-60
-46
-42
-64
-38
-11
-37
-12
15
15
26
26
32
53
52
42
24
21
18
39
37
76
119
133
149
142
135
135
103
98
88
95
95
46
27
60
69
97
99
74
67
62
57
30
-1
12
-5
16
29
21
10
-12
-13
-38
-40
-78
-89
-125
-152
-152
-138
-150
-126
-100
-88
-88
-44
-29
-52
-27
-52
-60
-74
-80
-46
-61
-46
-57
-58
-46
-78
-81
-67
-46
-34
-39
-16
-8
-20
-4
17
39
73
98
83
63
47
29
30
2
10
35
35
40
13
-14
-27
-52
-58
-65
-59
-59
-56
-10
-5
-12
49
59
42
44
55
47
51
34
40
64
74
70
59
53
62
43
39
53
19
21
19
9
-4
-9
-41
-33
5
-13
-9
6
3
17
3
-21
-16
8
18
21
55
105
82
117
133
143
161
120
140
144
130
138
131
143
125
96
109
90
71
72
72
62
47
42
18
-5
-14
0
12
11
6
-17
-65
-114
-114
-131
-137
-137
-157
-139
-159
-186
-153
-120
-129
-106
-91
-109
-117
-110
-85
-84
-85
-92
-70
-83
-90
-81
-38
-43
-70
-88
-77
-74
-84
-56
-40
-22
-1
-10
-20
-39
-38
-31
-20
16
15
58
47
15
-13
-1
3
-14
-14
24
21
-27
-46
-51
-61
-113
-110
-62
-46
-47
-22
-17
-30
-9
-15
-2
19
28
41
61
59
73
87
87
80
99
82
62
62
67
89
79
49
36
47
46
45
8
-19
-34
-55
-24
15
16
30
53
98
96
92
108
150
169
198
188
145
146
132
114
69
41
21
17
42
49
62
74
74
50
28
30
9
4
28
15
-10
15
3
11
27
29
1
10
20
0
7
-15
-16
-22
-33
-27
-21
-29
-53
-81
-68
-50
-51
-80
-82
-79
-81
-89
-75
-85
-85
-96
-118
-122
-138
-117
-134
-141
-150
-126
-88
-94
-88
-70
-36
-14
-3
8
-6
1
10
0
-19
-40
-48
-54
-51
-81
-79
-79
-68
-75
-93
-82
-119
-132
-161
-168
-167
-143
-128
-156
-99
-75
-59
-19
-16
-2
3
20
15
52
63
54
65
83
63
54
56
68
59
76
102
83
104
95
129
128
141
180
221
222
210
209
211
227
229
247
222
224
205
170
146
130
108
68
55
64
34
25
63
73
88
82
52
48
25
6
21
15
0
-47
-49
-29
-95
-112
-108
-99
-95
-102
-100
-97
-107
-106
-91
-75
-98
-97
-53
-61
-87
-87
-88
-91
-62
-56
-43
-40
-56
-56
-72
-77
-99
-99
-106
-93
-91
-72
-69
-99
-29
5
-20
-36
3
22
29
56
82
59
59
83
91
116
135
131
107
107
91
69
64
61
51
36
30
23
18
-15
-4
-1
-33
-38
-59
-64
-58
-47
-28
-30
-34
-11
14
20
22
-1
-24
-28
-28
-12
-19
-14
0
5
43
20
30
19
0
-12
-41
-43
-49
-48
-54
-53
-55
-56
-55
-81
-107
-127
-116
-103
-76
-72
-53
-55
-81
-77
-78
-71
-51
-54
-42
-32
-45
-35
-16
1
-6
13
56
67
58
55
52
62
63
46
58
76
51
50
63
54
60
64
75
95
105
109
98
104
78
49
46
58
64
77
85
66
70
65
38
12
13
22
49
23
-6
-16
-28
-3
13
24
9
-38
-73
-76
-62
-69
-59
-25
-12
-14
-25
-19
-12
-21
-12
1
5
11
18
10
19
8
15
17
0
-11
-32
-25
11
-4
5
14
5
-5
-21
14
2
-22
0
8
18
43
44
44
20
-5
-31
-37
-23
-32
-64
-71
-81
-95
-94
-102
-119
-110
-94
-79
-67
-40
-4
0
11
35
34
22
16
18
38
36
37
49
55
23
3
19
35
29
37
32
40
21
-17
-33
-57
-45
-59
-73
-67
-52
-30
-9
-17
-11
-41
-36
-16
-46
-41
-65
-78
-53
-68
-61
-52
-40
-7
0
-11
6
31
26
26
12
9
10
19
36
62
79
79
75
71
58
35
59
64
83
88
79
91
69
52
54
51
40
18
13
1
-5
-4
-8
6
41
54
62
75
92
90
90
89
96
74
73
67
52
45
55
74
52
38
15
-4
-11
-19
-26
-13
0
-7
-6
-12
-7
-10
2
4
22
20
12
4
-23
-31
-57
-54
-44
-30
-19
-27
-22
-42
-86
-94
-111
-141
-139
-106
-93
-113
-127
-120
-130
-153
-152
-176
-176
-162
-157
-139
-126
-85
-76
-71
-52
-24
10
6
6
37
75
92
101
112
103
94
86
69
53
29
