-2
0
0
-4
-7
-8
-8
-10
-7
-4
-2
-1
-4
-3
-3
-1
4
5
2
5
3
1
2
4
6
9
8
11
11
13
14
13
17
11
12
19
21
17
13
11
12
15
16
16
15
14
12
13
12
11
11
12
11
12
8
2
11
7
4
5
3
-2
-5
-6
-10
-15
-16
-17
-16
-18
-13
-10
-7
-5
-6
-4
-4
-2
-3
-3
-1
-2
3
3
0
2
1
2
3
7
9
6
7
7
10
3
0
-1
-6
-6
-6
-11
-8
-7
-10
-11
-14
-13
-18
-18
-11
-13
-13
-14
-15
-13
-13
-18
-16
-15
-19
-16
-20
-16
-17
-17
-15
-13
-14
-10
-3
1
2
5
8
9
13
14
13
12
17
17
15
13
10
10
10
14
14
15
12
12
13
10
8
7
9
5
11
11
10
15
14
18
22
22
19
20
22
23
26
30
32
33
34
32
29
28
26
22
19
16
16
11
6
2
-4
-7
-10
-13
-15
-20
-21
-25
-31
-33
-35
-39
-43
-44
-50
-48
-49
-50
-47
-48
-50
-46
-43
-39
-33
-30
-27
-28
-24
-20
-16
-10
-11
-9
-4
-5
-3
-4
-4
-1
-3
-1
-1
5
8
13
22
18
23
23
22
23
23
29
24
24
21
19
17
18
20
22
22
24
26
28
25
20
22
18
22
18
18
14
8
8
7
9
10
10
13
10
6
6
6
2
-2
2
0
2
3
5
1
-6
-7
-13
-18
-20
-24
-24
-22
-23
-19
-13
-13
-11
-9
-9
-10
-8
-7
-9
-9
-6
-7
-5
0
1
2
4
2
5
4
3
4
6
2
1
-2
1
6
10
15
20
22
23
26
25
25
20
23
19
18
18
17
16
16
18
22
17
15
9
5
4
-3
-10
-11
-14
-18
-16
-19
-18
-14
-12
-15
-19
-16
-19
-22
-23
-26
-29
-33
-30
-27
-26
-21
-23
-22
-21
-18
-16
-15
-12
-8
-6
-8
-5
-11
-13
-14
-16
-15
-15
-11
-7
-5
-2
1
5
5
7
4
4
1
0
-3
-1
-1
-3
2
5
6
9
12
11
12
10
9
12
9
12
11
13
17
19
25
22
22
22
16
15
12
10
9
12
8
9
8
11
11
8
7
3
-2
0
-3
-7
-4
-7
-7
-7
-10
-11
-13
-13
-11
-14
-17
-18
-17
-13
-13
-9
-7
-8
-11
-10
-15
-17
-14
-9
-11
-14
-9
-4
1
5
12
17
15
17
14
15
20
22
25
26
24
27
29
29
31
29
23
22
21
21
19
16
18
14
9
8
5
-2
-4
-8
-9
-12
-16
-18
-14
-10
-8
-8
-9
-11
-13
-12
-12
-11
-10
-14
-15
-15
-15
-10
-11
-11
-12
-15
-13
-12
-13
-10
-4
-4
0
3
9
9
12
17
11
10
7
6
1
-1
-3
-4
-9
-11
-12
-9
-8
-8
-3
-4
-3
-3
-5
-5
-4
-6
-8
-3
-4
-1
-2
-5
-8
-8
-10
-8
-4
-1
2
4
3
0
5
8
6
7
7
8
7
7
5
8
9
12
6
4
5
6
9
9
11
10
11
15
17
20
18
17
13
9
8
5
1
3
4
-1
0
-1
-3
-5
-6
-6
-2
-6
-6
-5
-4
-7
-12
-12
-17
-18
-18
-19
-22
-23
-22
-21
-22
-23
-21
-20
-21
-19
-20
-17
-18
-16
-14
-13
-10
-10
-8
-4
-3
-3
1
3
6
6
9
9
13
15
20
25
23
27
28
26
28
29
30
26
27
25
19
18
17
13
8
7
7
6
6
5
5
2
3
1
1
0
-4
-4
-8
-6
-4
-8
-4
-1
-2
-3
-3
-1
-1
0
-3
-1
-2
-3
2
2
3
2
1
2
-3
-6
-8
-12
-10
-8
-11
-10
-9
-11
-7
-9
-7
-6
-2
2
5
7
8
8
7
7
2
1
-3
-4
-4
-6
-9
-8
-8
-14
-15
-13
-12
-17
-16
-18
-19
-14
-13
-8
-9
-11
-11
-6
-9
-6
-2
0
0
0
5
3
4
5
7
5
7
10
12
11
10
8
7
9
7
6
0
0
-1
1
3
-2
3
5
8
9
8
11
14
15
16
18
16
12
12
7
4
4
5
4
4
4
1
-5
-1
3
-1
6
6
8
6
6
6
1
-4
-6
-3
-7
-6
-6
-7
-8
-6
-4
-6
-8
-9
-12
-11
-14
-12
-10
-11
-12
-12
-10
-10
-7
-8
-5
-3
1
4
2
1
-1
-4
-3
-2
-3
-3
-5
-3
-4
-5
1
5
5
3
4
4
3
7
4
4
3
3
4
2
6
4
4
5
5
7
9
9
8
9
13
13
12
15
14
16
12
10
10
11
8
5
4
6
8
8
8
6
5
4
9
5
8
8
7
9
11
10
7
5
3
0
-1
-1
-5
-7
-7
-9
-7
-8
-6
-4
-5
-6
-9
-7
-7
-8
-5
-4
-6
-5
-7
-13
-15
-17
-20
-23
-21
-20
-20
-18
-18
-14
-13
-12
-11
-8
-9
-8
-10
-12
-10
-14
-14
-11
-12
-12
-12
-13
-12
-10
-10
-8
-6
-1
-1
2
7
9
15
18
14
15
12
14
15
13
14
13
12
13
14
14
11
12
10
9
12
14
11
12
10
8
5
2
3
6
6
2
3
-3
-3
-3
-6
-7
-8
-10
-12
-12
-10
-11
-13
-17
-15
-15
-14
-10
-10
-16
-13
-14
-15
-12
-10
-11
-9
-5
-2
2
6
11
13
15
17
20
17
13
15
16
16
17
22
23
23
26
29
31
31
27
25
23
15
14
12
8
5
4
3
1
1
1
0
-2
-1
-4
-5
-6
-7
-10
-12
-11
-14
-14
-17
-18
-14
-16
-17
-16
-17
-22
-20
-18
-15
-11
-11
-11
-10
-5
-4
-8
-9
-10
-13
-9
-8
-7
-9
-7
-2
-3
0
5
13
12
11
14
14
9
11
13
8
8
2
3
3
-4
-5
-3
-4
-5
1
1
3
2
5
3
1
0
0
1
-4
-9
-6
-5
-3
-1
4
5
5
9
8
11
12
11
9
9
4
4
1
-2
4
1
0
1
0
-1
-2
-4
-7
-5
-8
-7
-11
-6
-9
-8
-10
-10
-11
-13
-11
-8
-9
-12
-10
-9
-13
-12
-11
-13
-14
-12
-8
-10
-5
-5
-5
-3
-1
-1
4
6
6
12
16
19
16
16
18
19
23
22
20
22
21
18
20
18
16
13
9
4
3
1
-1
-2
-1
-1
-2
-5
-3
-6
-7
-4
-7
-5
-5
-5
-3
-4
-5
-4
1
0
0
1
-1
4
0
1
2
-1
1
-1
3
0
2
5
4
5
2
-1
0
1
1
-2
1
0
1
3
6
7
5
2
2
0
0
-1
-2
-1
2
3
1
5
1
-1
-2
-2
-2
0
-1
3
6
5
6
7
6
8
5
7
12
14
14
14
13
10
7
4
2
1
0
0
1
1
-2
-3
-5
-10
-10
-13
-19
-17
-21
-23
-25
-31
-29
-29
-29
-28
-28
-26
-23
-25
-23
-18
-19
-23
-21
-21
-24
-24
-25
-22
-19
-17
-15
-13
-9
-6
-4
1
4
5
8
9
6
10
9
11
11
10
14
17
16
20
19
15
15
16
16
15
16
17
14
16
19
21
26
21
24
28
24
28
27
24
24
26
20
12
13
10
5
12
11
11
7
6
5
-7
-7
-12
-15
-18
-20
-16
-15
-10
-8
-14
-10
-5
-5
-4
-4
-1
-3
-5
-6
0
2
-2
3
3
-1
2
-6
-10
-17
-15
-9
-13
-10
-14
-7
-7
-5
5
8
7
9
12
12
6
1
-1
-4
-8
-9
-14
-13
-15
-14
-12
-11
-4
-3
-3
1
-1
2
6
7
4
5
2
-1
-2
1
-1
-4
-4
-5
-2
-7
-2
4
11
10
8
8
3
2
3
-1
6
9
7
10
15
9
7
12
13
19
14
14
21
16
13
7
5
0
3
-3
-7
-4
-6
-7
-10
-12
-13
-11
-5
0
-1
2
0
-2
3
9
8
12
12
8
8
7
12
4
3
-2
-4
1
8
17
14
13
13
8
1
-3
-3
-1
-3
-3
-5
-10
-17
-23
-20
-29
-31
-30
-29
-22
-17
-16
-18
-14
-18
-17
-15
-19
-19
-27
-26
-29
-30
-37
-39
-35
-34
-34
-27
-26
-19
-12
-10
3
3
10
18
22
25
29
34
38
34
40
37
32
26
26
24
28
31
29
25
23
22
21
20
20
22
22
22
21
19
12
5
2
-1
-7
5
10
12
8
2
6
2
7
10
18
26
27
26
25
18
17
11
3
-3
-15
-15
-6
-5
-1
-5
-8
-13
-17
-19
-25
-36
-37
-33
-35
-31
-31
-29
-26
-21
-23
-29
-26
-25
-24
-24
-22
-17
-11
-15
-11
-16
-25
-21
-23
-26
-32
-40
-38
-26
-13
-5
6
13
16
21
27
34
34
32
36
39
30
26
29
33
32
33
37
30
29
38
44
43
34
22
19
6
19
-18
-98
-175
-116
9
90
90
64
45
-7
-51
-63
-7
97
163
123
29
-21
-4
-12
-38
-67
-20
30
57
21
-3
-47
-99
-153
-158
-89
6
46
15
-23
-31
-45
-63
-45
-19
36
73
101
57
-4
-68
-96
-102
-50
-21
-2
5
-2
-29
-59
-65
-65
-37
1
35
55
62
39
10
3
-7
7
30
58
56
48
39
9
-31
-60
-69
-65
-25
16
22
10
10
-5
-10
1
10
10
18
1
-16
-26
-26
-20
-26
-11
5
17
20
24
24
18
12
21
32
38
44
48
45
53
74
69
75
77
78
78
70
70
67
61
72
81
87
97
81
70
79
90
90
84
80
76
55
39
28
8
4
11
19
24
2
1
2
-17
-32
-43
-44
-49
-35
-23
-25
-9
-20
-68
-136
-199
-293
-366
-387
-414
-431
-421
-389
-381
-355
-298
-248
-193
-114
-22
45
99
132
145
134
115
103
113
124
125
114
136
132
89
60
51
47
58
101
109
130
166
164
150
183
237
294
361
378
375
349
337
319
257
229
226
242
208
139
83
12
-55
-85
-131
-121
-83
-52
-37
-41
-51
-98
-117
-125
-118
-106
-47
-51
-130
-195
-201
-208
-240
-251
-283
-326
-403
-511
-670
-816
-924
-1036
-1074
-974
-766
-574
-432
-339
-321
-246
-167
-82
48
249
434
494
520
505
438
354
273
293
335
402
427
426
432
369
305
269
314
434
559
661
750
805
850
848
828
884
958
1021
1050
1046
992
844
636
478
399
327
225
147
19
-56
-135
-215
-275
-313
-372
-371
-326
-307
-358
-416
-455
-503
-534
-577
-486
-441
-486
-599
-714
-870
-1015
-1134
-1213
-1246
-1292
-1307
-1266
-1182
-1008
-897
-862
-899
-940
-961
-952
-943
-901
-811
-594
-393
-143
122
245
362
343
372
540
732
908
976
993
920
809
769
897
1072
1159
1136
1285
1422
1424
1358
1187
1110
1066
1129
1264
1410
1430
1327
1224
1102
1083
1066
1080
1073
967
872
720
456
124
-151
-396
-554
-668
-680
-741
-825
-907
-1018
-1107
-1222
-1190
-1133
-1097
-1059
-1045
-1092
-1268
-1396
-1483
-1533
-1400
-1246
-1225
-1328
-1465
-1701
-2052
-2356
-2968
-4061
-4735
-4060
-2280
-779
-178
-246
40
375
435
231
680
2041
3293
3449
2578
1964
1915
1723
877
196
660
1821
2562
2453
1771
1196
656
174
-28
373
1127
1646
1682
1508
1628
1595
1440
1241
1356
2035
2844
3053
2607
2005
1153
212
-347
-408
-260
-120
-34
-300
-768
-1173
-1664
-2040
-2120
-1711
-1301
-879
-509
-557
-937
-1247
-1241
-1143
-933
-541
-338
-211
-380
-710
-1132
-1405
-1504
-1504
-1255
-1078
-932
-1060
-1086
-1179
-1142
-1027
-909
-623
-199
30
60
-302
-1068
-1711
-1609
-758
-1022
-2297
-4029
-3703
-1981
-220
227
93
850
1477
1078
-363
-387
1857
4235
4555
2821
1740
2284
3056
2621
1153
869
1574
2538
2425
1717
1133
293
-786
-1702
-1396
28
1005
1213
826
1059
1321
1434
1252
972
1375
1951
2380
1924
1315
669
-371
-1113
-1356
-960
-677
-697
-851
-1303
-1540
-1882
-1940
-1802
-1425
-1089
-1088
-846
-879
-847
-1013
-1227
-1192
-883
-187
82
146
260
452
377
153
26
-90
162
432
200
-37
-268
-529
-916
-1085
-1015
-903
-516
-507
-647
-825
-690
-720
-966
-1863
-3855
-5892
-5810
-3141
-76
1510
1330
636
166
-357
-1243
-1381
583
3737
5153
4092
2164
1488
1589
1043
-503
-1196
480
3058
4030
2921
1259
22
-967
-1821
-1796
-283
1535
2229
1880
1394
1228
634
-7
-389
610
2389
3982
4021
2860
1483
290
-582
-791
-196
701
1270
1292
633
-47
-781
-1414
-1656
-1435
-652
-202
106
105
-318
-1110
-1754
-1836
-1524
-692
-87
311
485
392
223
-284
-461
-280
275
829
963
400
-401
-1020
-1455
-1692
-1493
-1233
-1280
-1639
-2069
-2222
-2303
-2243
-2353
-2419
-2392
-2056
-2351
-3460
-5341
-6605
-5559
-2559
440
1478
985
417
219
-90
-401
354
2697
5001
5116
3253
1692
1709
2035
1194
-105
57
2122
4141
4126
2447
817
-194
-781
-1049
-193
1529
2913
3029
2337
1990
2218
2323
1926
1885
2868
4465
5338
4853
3206
1613
-1285
-3595
-3482
-575
847
1444
1791
362
-1516
-2825
-3463
-4079
-2082
597
526
-495
-762
-1196
-2486
-3208
-2916
-2386
-151
1119
1179
903
795
-478
-2503
-2486
-1676
-639
-200
-359
-919
-1667
-1781
-2826
-3459
-3116
-2106
-1322
-935
-677
-1295
-1676
-1882
-1409
-341
918
1564
1244
702
-92
-1247
-2110
-2855
-3682
-5227
-6000
-4486
-1256
1444
1306
-73
-840
-242
192
300
1507
4240
6799
6523
4177
2607
3172
4177
3597
2533
2859
4522
5333
4015
1698
79
-731
-1567
-2236
-1545
149
1360
1105
558
405
782
1316
2071
3031
4102
4881
4614
3512
2329
1205
-9
-999
-1201
-1321
-1823
-2491
-3283
-4034
-4942
-5488
-5584
-4835
-3482
-2402
-1688
-975
-314
-19
-50
220
656
1254
1545
1525
1342
1070
219
-1135
-2330
-2922
-2844
-2527
-2405
-2550
-2773
-2901
-2630
-2013
-1119
-372
254
497
495
664
1112
1287
932
735
1058
1489
1678
1262
232
-978
-2046
-2870
-3523
-4479
-5818
-6212
-4434
-1244
1260
1722
1237
1085
1658
2118
2308
3564
5756
7238
6272
4049
2807
3105
3137
1700
66
193
1756
2550
1742
432
-550
-1390
-2216
-2454
-1253
554
1553
1081
757
1419
2181
1997
1612
2039
3075
3813
3638
2648
-30
-2742
-3913
-3227
-2796
-2075
-1716
-2601
-3399
-3563
-3944
-4392
-2896
-789
-411
-395
16
564
716
537
-100
-518
643
1662
1944
1744
1509
671
-704
-1382
-1751
-1773
-1734
-1511
-1468
-1570
-1168
-1076
-972
-671
100
744
1429
1729
1145
296
-172
-84
293
659
741
271
-146
-851
-1869
-2877
-3441
-3412
-3799
-4980
-5991
-4762
-1979
374
941
903
1229
1863
1768
987
1094
3025
5012
4947
3178
2039
2411
2768
1683
421
617
2283
3293
2673
1404
342
-675
-1991
-2636
-1786
6
1101
1123
1025
1768
2606
2674
2197
2314
3281
4275
4198
3510
2620
-174
-2926
-3848
-2105
-1147
-282
-116
-1310
-2389
-2996
-3746
-4366
-2616
-402
-214
-467
-407
-46
-260
-702
-1367
-1332
577
1788
2223
1948
1632
482
-960
-1302
-1358
-856
-698
-947
-1681
-2243
-2272
-2469
-2101
-1542
-742
73
585
743
262
-26
-156
-48
506
1001
1193
991
621
55
-1106
-2097
-2904
-3049
-2976
-3500
-5195
-6818
-5897
-3119
-352
556
425
290
760
876
339
705
3028
5469
5672
3842
2700
3028
3594
2751
1445
1518
2893
4173
3790
2593
1504
384
-933
-1689
-1025
326
1135
1039
759
1287
1914
1973
1789
2508
3750
4641
4782
4266
3332
641
-1910
-2806
-1513
-906
-760
-1356
-2698
-3574
-4115
-4678
-4953
-3367
-1509
-1439
-1513
-1206
-862
-1144
-1477
-1429
-1079
197
771
1049
1005
1073
292
-1092
-1652
-1813
-1727
-1807
-1907
-2276
-2732
-2471
-2262
-1979
-1480
-835
-151
407
1123
920
818
652
594
825
1155
1514
1228
932
1
-1031
-1701
-1899
-1874
-2163
-3221
-5236
-6670
-5607
-2360
853
2051
1864
1415
1465
1270
939
1745
4205
6541
6528
4727
3578
3780
4086
3191
2061
1934
3122
3895
3150
1739
330
-960
-2385
-2808
-1966
-534
305
113
36
707
1924
2472
2518
2809
3832
4338
4340
3261
848
-1334
-2166
-1883
-2080
-1407
-1649
-2758
-3770
-4364
-5091
-5408
-4057
-3354
-3460
-2953
-2336
-1590
-1543
-1183
-1137
-520
627
1248
1917
2230
2299
1307
618
433
68
-182
-674
-1010
-1547
-1763
-1780
-1658
-1046
-537
-149
14
557
1100
1124
993
729
617
820
939
857
898
987
772
31
-660
-1325
-1577
-1557
-1402
-2034
-3579
-5588
-6824
-5639
-2490
322
1014
509
-26
-217
-438
-286
903
3191
5283
5320
4114
3120
3047
2750
1473
511
893
2515
3391
3016
1731
406
-958
-2255
-2207
-746
1156
1716
1156
747
1411
2494
2686
2404
2584
3503
4620
4521
4328
2370
-491
-2708
-2550
-1595
-1154
-390
-1627
-2887
-3625
-4095
-4946
-4400
-2163
-1719
-1822
-1319
-677
-245
-364
-213
-904
464
2072
2734
2913
2794
2194
415
-356
-688
-905
-1242
-2173
-2949
-3409
-2614
-2235
-2299
-2070
-1711
-1064
-168
726
855
315
110
60
663
1348
1161
471
-51
214
-38
-197
-674
-1450
-2203
-2829
-3330
-4507
-5814
-6602
-5278
-2028
674
1391
895
793
888
854
1275
2549
4873
6623
6273
4362
3337
3812
3559
2144
896
1329
2880
3776
3310
1918
499
-953
-2040
-1734
-20
1665
1726
955
957
1853
2624
2006
1076
1221
2651
3848
3697
2736
1194
-565
-2042
-2520
-2197
-1862
-2076
-3233
-4488
-5037
-4841
-4520
-4698
-4556
-4030
-2934
-1667
-602
158
120
-198
-183
795
2128
2745
2347
1441
784
209
-307
-859
-1630
-2461
-2977
-2987
-2493
-1746
-1413
-1450
-1424
-1025
-153
831
1433
1527
1517
1539
1541
1342
1166
886
698
643
939
1137
500
-653
-2044
-2502
-2722
-3269
-4722
-6253
-5986
-3917
-976
591
922
790
797
942
872
1524
3500
5824
6502
5047
3556
3100
3482
3172
2194
1934
2793
4054
4132
3124
1645
-33
-1510
-2056
-973
419
897
80
-845
-544
530
1370
1490
1924
2759
3832
4235
4137
2374
-397
-2563
-2796
-2209
-1740
-1160
-2506
-4207
-5200
-5483
-5905
-5651
-4245
-3676
-3309
-2612
-1644
-1013
-829
-642
-718
707
2709
3934
3942
3445
2529
1182
658
623
420
-298
-1343
-2285
-2750
-2393
-2059
-1992
-1719
-1204
-234
866
2097
2683
2531
2049
1516
1368
1330
1502
1317
1342
1260
952
126
-1048
-2166
-2924
-3342
-3658
-4045
-4871
-6349
-6790
-5343
-2585
-669
-259
-470
-203
456
687
1083
2560
4845
6029
5085
3773
3606
4238
4018
2788
1986
2370
3113
2817
1768
626
-353
-1537
-2125
-1567
-201
799
542
95
506
2192
3467
3457
3248
3638
4435
4070
3200
2306
1513
462
-777
-1521
-2135
-2727
-3853
-5095
-5524
-5252
-4720
-4821
-4479
-3671
-2500
-1307
-600
-85
143
772
1509
2450
3285
3226
2311
1365
1007
893
201
-803
-1824
-2375
-2830
-3123
-3145
-2936
-2307
-1849
-1306
-646
479
1410
1655
1453
1204
1157
1029
892
784
878
833
576
129
-211
-569
-1150
-2013
-2687
-3072
-2921
-3210
-4399
-6282
-6889
-5123
-2000
273
666
662
1044
1701
1590
1372
2539
4897
6343
5461
3767
3275
3943
3909
2716
1923
2318
3342
3374
2612
1884
1334
249
-707
-556
631
1350
1018
515
1094
2465
2846
2157
1814
2511
3041
2810
2162
1355
383
-762
-1807
-2331
-2348
-2807
-4043
-5219
-5151
-4456
-4022
-4001
-3787
-3144
-2755
-2448
-2164
-1393
-813
-305
213
964
1712
1668
990
341
412
494
198
-204
-390
-618
-1345
-2017
-2207
-1824
-1302
-833
-312
296
821
1128
1079
840
563
135
-204
-20
580
1153
1087
860
622
602
536
193
8
-261
-773
-1641
-2295
-3352
-5026
-6378
-5742
-3247
-668
157
-286
-389
473
902
998
1656
3702
5704
5844
4325
3217
3647
4107
3357
2274
2376
3589
4212
3595
2515
1583
428
-1048
-1633
-975
-14
63
-423
-185
898
1359
804
322
917
1802
2415
2583
2224
1398
64
-1047
-1686
-1738
-2116
-3331
-4549
-4688
-4140
-4147
-4549
-4575
-4206
-3836
-3540
-2856
-1850
-819
-129
326
1254
2299
2720
2277
1765
1892
2074
1963
1411
669
-251
-1355
-2307
-2656
-2134
-1432
-1132
-1177
-979
-365
257
575
533
515
671
1094
1488
1828
2059
1835
1463
1012
657
405
231
78
-421
-1445
-2815
-3717
-4480
-5746
-6861
-6375
-3836
-936
485
254
-317
-10
749
1287
2087
3978
6254
6878
5506
3964
3776
4396
4217
3385
3074
3824
4473
3856
2308
677
-575
-1800
-2289
-1542
-368
156
-199
-347
91
742
789
846
1399
2571
3237
2996
2257
958
-564
-1933
-2594
-2687
-3002
-3790
-4744
-5378
-5401
-5325
-5304
-5313
-4772
-4003
-3008
-2074
-1211
-560
-86
607
1463
2271
2458
2249
2013
1829
1534
1024
424
-242
-1064
-2048
-2714
-2429
-1485
-834
-755
-688
-250
367
770
1087
1463
1889
1931
1653
1550
1522
1551
1049
625
372
540
480
284
49
-491
-917
-1854
-2714
-3640
-4254
-4716
-4751
-3325
-1026
757
926
310
80
590
1587
2169
3064
4509
5877
5508
3918
2923
3162
3852
3651
3210
3354
4103
4068
2702
887
-351
-900
-1278
-1444
-1210
-702
-771
-1145
-1403
-1167
-719
-217
223
737
1699
1968
1294
32
-815
-1331
-1794
-1867
-2166
-2892
-3661
-4126
-4412
-4653
-4621
-4723
-4576
-4128
-3503
-2885
-2272
-1506
-867
-93
1043
1993
2481
2713
2962
3069
3059
2788
2364
1776
984
80
-859
-1179
-901
-503
-440
-673
-878
-694
-131
608
1350
1919
2017
1956
1868
1973
1938
1783
1596
1393
1241
743
297
-188
-535
-951
-1570
-2416
-3379
-4400
-5000
-5521
-5309
-4276
-2480
-985
-501
-449
-361
483
1448
2085
2944
4219
5503
5121
4096
3471
3713
4169
3708
3027
2614
2789
2169
626
-585
-1074
-1174
-1619
-1958
-1640
-1151
-995
-1502
-1663
-1215
-367
207
525
1432
2102
1857
807
-176
-765
-1120
-1191
-1632
-2315
-2968
-3650
-4318
-4816
-4599
-4304
-4027
-3586
-2897
-1997
-1138
-231
488
1322
2361
2995
3398
3718
3966
3872
3442
2838
2119
1548
964
129
-612
-868
-478
-173
-366
-608
-372
350
976
1332
1670
2042
2164
1896
1415
986
647
309
109
122
-175
-640
-1124
-1405
-1353
-1527
-1824
-2261
-2645
-3485
-4341
-4707
-4904
-4997
-4578
-2920
-1028
-49
-144
-654
-206
792
1718
2143
3102
4512
4884
4056
3077
3192
3870
3846
3159
2644
2727
2630
1650
574
15
-300
-946
-1493
-1406
-881
-841
-1805
-2367
-1893
-607
407
1096
1767
1845
1434
833
406
337
123
-31
-636
-1035
-1448
-2267
-3169
-3612
-3344
-3066
-2696
-2407
-1940
-1504
-1251
-919
-305
790
1791
2359
2641
2924
3139
3145
2913
2520
2028
1664
1210
874
480
-36
-645
-1210
-1364
-1188
-906
-683
-429
-51
292
440
224
-103
-342
-461
-560
-567
-649
-922
-1349
-1608
-1650
-1310
-975
-1013
-1561
-2197
-2742
-3310
-3863
-4291
-4376
-4800
-4696
-3526
-1439
109
247
-35
118
1100
2007
2568
3676
5103
6017
5250
3991
3492
3937
4151
3444
3008
2992
3230
2618
1475
512
67
-331
-971
-1311
-1147
-1069
-1511
-1926
-1436
-122
974
1565
1792
1765
1937
1911
1426
727
430
30
-602
-949
-1283
-2030
-3049
-3734
-3926
-3662
-3176
-2833
-2597
-2322
-1965
-1420
-495
726
1602
2063
2318
2640
2992
3076
2912
2478
2075
1745
1225
492
-354
-1168
-1873
-2117
-1944
-1717
-1506
-1263
-866
-455
-186
-77
-164
-176
-317
-512
-593
-558
-534
-848
-1066
-950
-931
-1060
-1325
-1479
-1828
-1952
-2258
-2680
-3111
-3223
-3006
-3034
-3287
-3189
-2208
-807
331
569
683
1402
2192
2563
2819
3569
4656
5299
5053
4233
3916
4148
4297
3733
3214
3047
2844
2114
1126
245
-381
-1023
-1730
-1994
-1618
-1169
-1216
-1321
-803
-143
519
834
1061
1446
1516
1017
316
169
305
-41
-801
-1525
-1873
-2229
-2710
-3129
-3011
-2458
-2248
-2255
-2146
-1437
-589
15
569
1137
1716
1990
2249
2591
2819
2667
2082
1417
1005
662
46
-778
-1340
-1535
-1557
-1571
-1553
-1491
-1454
-1528
-1520
-1251
-925
-811
-901
-1094
-1100
-1023
-1017
-1142
-1330
-1247
-874
-498
-483
-626
-967
-1393
-1588
-1619
-1659
-1789
-2171
-2812
-3253
-3323
-3346
-3246
-2521
-959
698
1878
2098
2166
2482
3125
3703
4316
5340
6257
6353
5429
4437
4147
4255
4261
3589
2919
2170
1516
788
39
-526
-889
-1238
-1304
-1071
-698
-858
-1051
-820
-272
729
1290
1576
1305
867
489
240
360
30
-594
-1411
-2028
-2301
-2550
-2686
-3246
-3425
-3533
-3273
-2714
-2037
-1445
-1378
-1279
-951
-126
771
1301
1449
1314
1259
1263
1154
745
139
-456
-878
-1026
-1085
-1348
-1852
-2288
-2228
-1833
-1321
-925
-888
-880
-797
-541
-385
-365
-445
-706
-959
-1029
-656
-150
129
-17
-438
-721
-739
-527
-350
-260
-362
-624
-1025
-1493
-1699
-1730
-1667
-1355
-565
753
2085
2708
2479
2476
3127
4025
4446
4655
4888
5300
5207
4334
3344
3077
3290
3080
2285
1629
1341
1188
716
8
-544
-767
-1054
-1291
-1420
-1589
-1842
-2368
-2289
-1998
-1321
-854
-694
-801
-792
-768
-996
-1031
-767
-568
-872
-1444
-1748
-2156
-2529
-3042
-3106
-2542
-1835
-1536
-1732
-1586
-1092
-556
-32
509
1207
1699
1989
1944
1825
1630
1296
958
836
1065
1033
547
-134
-766
-1204
-1250
-1035
-721
-378
-457
-738
-869
-461
-27
-43
-179
-300
-250
-198
28
129
201
114
-228
-572
-593
-278
-264
-538
-751
-778
-614
-737
-1198
-1926
-2242
-2022
-1753
-1493
-734
463
1242
1582
1837
2342
2873
3179
3279
3503
4256
4676
4247
3065
2159
1846
1758
1571
1147
1030
742
311
-287
-711
-924
-1227
-1673
-1977
-1906
-1853
-2040
-2063
-1842
-1407
-860
-516
34
408
606
459
244
669
797
640
-43
-851
-1280
-1647
-1722
-1687
-1245
-1167
-1288
-1426
-1227
-544
95
609
962
1399
1787
1913
1816
1507
1322
1289
1181
956
558
-201
-944
-1576
-2019
-2180
-2136
-1879
-1615
-1484
-1523
-1545
-1239
-873
-576
-459
-372
-86
-94
-349
-688
-799
-845
-874
-798
-727
-514
-685
-880
-826
-427
93
163
41
-170
-306
-374
-512
-478
-563
-391
67
1179
2249
2595
2493
2376
2684
2951
3210
3611
3984
4032
3179
2183
1884
2135
2353
1936
1387
1179
1124
944
234
-347
-809
-1273
-1869
-2050
-1800
-1873
-2390
-2937
-2498
-1596
-527
-142
-7
127
216
270
181
469
380
-400
-1225
-1738
-1505
-1438
-1462
-1734
-1802
-1644
-1397
-990
-699
-449
-393
-85
541
1042
1311
1190
1041
1110
1186
1155
955
533
106
-372
-674
-809
-1004
-1250
-1371
-1316
-1164
-826
-391
-330
-372
-414
-218
260
490
392
-84
-375
-426
-416
-382
-329
-322
-359
-248
38
170
337
329
423
220
251
351
319
-114
-1010
-1853
-2065
-1744
-952
-122
879
1620
1743
1609
1457
1686
2024
2327
2390
2414
2509
2121
1644
1191
1038
1109
1044
988
1010
990
662
-140
-893
-1491
-1759
-1765
-1613
-1593
-1857
-2076
-2236
-1832
-1221
-172
368
685
756
467
180
-145
-58
-6
-33
-111
-224
-127
-245
-196
-264
-69
98
116
284
498
785
700
563
641
731
929
924
655
267
-95
-321
-474
-449
-463
-713
-1052
-1272
-1209
-989
-810
-712
-606
-382
-124
80
116
72
36
-101
-236
-565
-896
-1048
-1153
-1254
-1291
-1024
-743
-785
-714
-443
81
461
642
613
589
607
431
282
227
6
-513
-955
-1279
-1095
-296
802
1595
1387
970
631
696
936
1097
1546
2112
2665
2472
1797
1357
1328
1728
1585
1294
962
779
483
-58
-557
-824
-1018
-1319
-1519
-1311
-1166
-1319
-1433
-1347
-876
-538
-270
-362
-212
73
66
-125
-9
605
956
825
734
601
401
32
-14
122
315
418
135
9
15
-120
-490
-666
-411
-325
-443
-722
-794
-651
-486
-379
-443
-417
-365
-470
-571
-514
-327
-86
-8
81
91
-20
-187
-363
-546
-797
-1031
-1173
-1071
-1035
-1076
-1120
-979
-756
-382
75
573
1086
1241
1166
1035
1108
1285
1529
1615
1402
1084
601
175
-191
-450
-862
-1341
-1751
-1730
-1122
-458
-125
-368
-410
-209
240
603
1049
1596
1918
1950
1428
975
895
1060
1202
976
815
747
567
194
-214
-445
-635
-744
-911
-1004
-926
-1509
-2236
-2598
-2233
-1729
-1302
-707
-245
296
574
696
729
1158
1803
1961
2062
2106
2033
1553
1076
1098
1093
1079
667
182
-205
-465
-753
-1072
-992
-749
-634
-566
-504
-443
-499
-601
-438
-72
430
534
405
329
361
428
277
133
-48
-324
-643
-998
-1137
-1120
-1156
-1222
-1292
-1183
-1104
-1049
-900
-548
-128
90
308
557
820
810
557
528
641
954
1164
1125
901
388
-127
-604
-933
-1157
-1730
-2312
-2662
-2402
-1749
-1040
-676
-684
-725
-770
-535
-240
240
1054
1516
1749
1515
1404
1564
1906
2138
2004
1810
1675
1664
1340
783
48
-658
-1225
-1546
-1738
-1709
-1967
-2344
-2537
-2097
-1215
-453
571
1300
2050
2562
2918
3159
3194
3438
3232
2849
2382
1839
1355
638
98
-694
-1185
-1596
-1753
-1823
-1879
-1762
-1744
-1583
-1265
-979
-649
-340
-164
-49
31
206
407
401
293
101
74
-130
-324
-442
-715
-986
-1218
-1168
-964
-709
-657
-775
-893
-826
-732
-524
-211
103
287
314
440
497
827
1055
1162
1006
784
689
423
195
86
-109
-420
-595
-390
-181
-479
-1166
-2216
-2951
-3219
-2848
-2055
-1181
-568
-750
-1068
-1105
-612
270
1123
1974
2356
2667
2693
2544
2565
2485
2416
2064
1792
1625
1332
803
-9
-868
-1353
-1414
-1236
-1173
-1059
-1098
-1298
-1311
-672
539
1420
2076
2350
2522
2448
2311
2130
1901
1978
1845
1429
892
294
-177
-963
-1219
-1348
-1179
-1261
-1472
-1532
-1564
-1407
-1413
-1252
-868
-528
-329
-315
-340
-442
-559
-469
-169
95
364
470
451
155
-186
-419
-388
-178
-51
-120
-481
-714
-829
-773
-814
-855
-837
-576
-262
-20
123
122
65
27
99
221
437
476
303
-34
-319
-393
-366
-348
-614
-915
-1170
-1361
-1605
-2016
-2541
-3077
-3185
-2965
-2248
-1464
-551
30
286
502
772
1316
1847
2380
2692
2795
2826
2605
2410
2102
1902
1689
1659
1695
1627
1328
887
541
271
294
501
672
651
408
-113
-447
-509
-132
-17
174
568
861
959
681
492
372
655
995
883
811
621
461
82
-39
-41
-209
-287
-552
-835
-1141
-1299
-1454
-1650
-1557
-1240
-961
-758
-633
-597
-504
-426
-110
328
661
741
572
427
190
112
57
185
114
-204
-603
-857
-790
-765
-743
-771
-745
-712
-730
-647
-548
-564
-465
-289
-101
-170
-278
-419
-568
-739
-847
-933
-974
-888
-845
-883
-915
-874
-906
-827
-871
-990
-1219
-1362
-1260
-1055
-693
-456
-226
31
269
510
561
835
1204
1728
2092
2314
2479
2365
2324
2366
2671
3078
3231
3058
2687
2285
1750
1159
459
44
-398
-715
-1182
-1569
-1937
-1944
-1688
-1334
-579
-8
469
499
705
1045
1423
1850
1836
1653
1329
1022
704
205
-104
-547
-848
-1174
-1418
-1607
-1681
-1633
-1756
-1852
-1633
-1237
-950
-786
-667
-512
-315
-114
151
365
566
505
431
457
495
378
114
-166
-424
-482
-554
-589
-616
-583
-575
-639
-607
-677
-741
-757
-803
-832
-816
-731
-772
-891
-903
-771
-569
-323
-2
211
383
467
447
451
505
556
400
-5
-472
-824
-1167
-1403
-1474
-1305
-1151
-844
-551
-251
62
375
723
1212
1861
2452
2750
3004
3172
3302
3247
3189
2966
2566
2206
1660
1028
482
-46
-626
-1072
-1349
-1381
-1613
-1980
-2163
-2016
-1367
-682
206
642
910
1008
1044
1346
1620
1954
1807
1531
1134
577
352
117
56
-235
-562
-978
-1285
-1357
-1441
-1501
-1610
-1593
-1437
-1133
-985
-954
-981
-892
-530
-104
354
563
530
311
210
199
301
304
58
-106
-355
-507
-680
-889
-1033
-1165
-1216
-1333
-1425
-1568
-1792
-1794
-1712
-1436
-1018
-639
-414
-216
53
303
451
715
944
1026
970
801
656
527
225
-238
-760
-1170
-1357
-1641
-1880
-2039
-1983
-1838
-1339
-793
-265
204
684
1314
1981
2573
3022
3296
3561
3621
3466
3187
2996
2692
2303
1853
1525
1292
905
466
-79
-533
-737
-862
-906
-817
-697
-636
-535
-229
167
474
661
756
891
971
953
902
804
709
460
165
53
-100
-299
-699
-1105
-1374
-1456
-1463
-1474
-1546
-1539
-1520
-1488
-1295
-1067
-853
-888
-839
-634
-341
-103
19
127
245
405
472
487
435
246
-63
-306
-535
-724
-845
-995
-1196
-1292
-1288
-1339
-1323
-1198
-972
-608
-206
202
578
870
1097
1142
1194
1188
1298
1208
955
466
84
-203
-572
-906
-1305
-1577
-1750
-1761
-1619
-1494
-1173
-773
-241
206
624
1041
1412
1830
2336
2709
2878
2809
2515
2266
1957
1762
1430
1057
762
331
-35
-465
-708
-886
-936
-971
-833
-652
-514
-435
-441
-320
-243
-82
139
359
451
435
369
287
246
182
96
-6
-183
-378
-522
-612
-720
-916
-1088
-1169
-1221
-1170
-1051
-1043
-1039
-986
-901
-916
-906
-834
-697
-412
-9
383
756
1119
1326
1365
1292
1214
1119
1030
956
681
251
-248
-739
-1074
-1344
-1435
-1372
-1252
-1002
-688
-243
135
484
765
1037
1261
1446
1526
1446
1269
1001
762
437
170
-154
-560
-1016
-1363
-1516
-1540
-1415
-1222
-1161
-1088
-1011
-681
-191
286
663
976
1122
1219
1292
1489
1703
1801
1686
1480
1257
1086
800
477
170
3
-53
-149
-225
-263
-263
-256
-330
-355
-221
-50
180
335
380
343
196
1
-195
-277
-256
-246
-327
-533
-644
-745
-834
-856
-812
-758
-768
-762
-633
-525
-482
-545
-721
-803
-727
-632
-637
-547
-439
-395
-313
-203
6
163
357
476
586
650
774
873
828
745
592
344
224
92
-53
-232
-371
-345
-330
-429
-476
-394
-316
-201
-151
0
108
241
306
271
160
-16
-156
-265
-381
-446
-465
-503
-641
-670
-578
-356
-13
271
589
748
824
792
797
826
779
726
640
597
584
543
489
484
415
353
390
558
578
532
344
142
30
-28
40
106
139
157
240
356
444
538
522
472
323
113
-127
-421
-681
-903
-1001
-1001
-1069
-1133
-1185
-1160
-1019
-933
-759
-597
-385
-298
-331
-336
-277
-71
37
98
172
192
209
155
162
118
80
43
18
56
42
-58
-214
-325
-329
-231
-125
68
195
316
386
452
560
601
625
533
591
533
454
237
98
35
-199
-355
-517
-555
-660
-767
-825
-832
-744
-565
-319
-225
-141
14
242
501
803
1113
1253
1285
1149
1013
867
820
833
779
665
403
17
-339
-559
-696
-707
-597
-453
-351
-161
-97
-70
-42
67
330
581
749
785
920
971
971
931
872
763
587
363
88
-190
-541
-882
-1109
-1241
-1351
-1424
-1513
-1557
-1548
-1368
-1144
-928
-655
-410
-115
118
316
483
524
479
508
530
456
296
188
126
51
-80
-265
-394
-545
-769
-971
-1092
-1130
-1108
-1085
-843
-577
-306
-78
109
262
392
484
658
745
634
467
226
-17
-179
-256
-346
-434
-533
-698
-755
-746
-666
-559
-445
-313
-83
154
403
590
802
1079
1371
1617
1797
1916
1919
1848
1754
1767
1829
1694
1433
1096
843
680
562
502
366
175
17
-190
-274
-223
-198
-146
-45
68
195
255
283
335
440
457
389
291
207
60
-179
-397
-639
-816
-1066
-1294
-1519
-1714
-1864
-1914
-1924
-1768
-1550
-1404
-1254
-1096
-853
-616
-356
-168
-48
56
83
112
173
171
82
-64
-261
-407
-498
-551
-542
-590
-646
-731
-726
-691
-647
-471
-315
-164
-49
10
89
136
144
242
405
506
503
467
477
485
420
400
451
408
363
267
157
-13
-177
-268
-304
-171
54
257
300
421
597
778
1064
1355
1588
1629
1595
1533
1458
1425
1341
1146
1002
870
773
796
702
550
310
121
28
-12
68
77
78
-10
-106
-62
11
119
213
222
199
144
62
-85
-234
-350
-525
-696
-848
-1014
-1262
-1505
-1665
-1769
-1760
-1659
-1532
-1436
-1329
-1161
-982
-814
-677
-508
-388
-257
-134
-112
-139
-133
-112
-132
-202
-309
-409
-512
-500
-405
-285
-245
-218
-202
-158
-46
108
263
313
324
280
273
323
407
456
444
357
260
182
183
179
190
266
333
350
345
352
421
313
285
156
81
91
120
261
288
447
573
781
980
1059
1185
1245
1347
1433
1494
1514
1434
1297
1194
1193
1098
966
738
485
324
219
164
47
-34
-101
-175
-308
-364
-330
-338
-314
-362
-416
-478
-513
-562
-572
-597
-630
-688
-837
-1017
-1218
-1413
-1580
-1677
-1689
-1606
-1583
-1527
-1488
-1300
-1005
-744
-477
-303
-76
42
119
185
180
153
85
30
-44
-145
-246
-316
-370
-392
-371
-318
-257
-217
-180
-73
16
48
199
372
476
508
496
417
414
429
408
416
321
196
14
-193
-315
-338
-293
-242
-133
-64
16
27
105
216
409
630
737
890
899
882
915
950
993
1056
1150
1143
1086
1044
994
956
885
968
972
917
842
762
665
584
441
352
254
204
149
-36
-172
-294
-317
-361
-423
-491
-651
-746
-811
-868
-875
-814
-751
-863
-959
-1060
-1091
-1126
-1199
-1195
-1201
-1150
-1108
-1006
-838
-766
-624
-464
-356
-211
-63
39
139
223
329
462
484
452
398
296
268
212
139
117
39
-48
-98
-102
-8
46
84
124
131
196
254
275
290
372
432
487
441
337
158
-17
-143
-258
-326
-404
-489
-552
-599
-610
-550
-523
-467
-417
-355
-329
-112
89
268
405
436
534
538
575
558
610
667
659
744
728
725
626
525
492
501
524
543
505
525
587
634
750
791
785
716
674
621
484
405
243
13
-265
-416
-479
-621
-728
-850
-908
-992
-1046
-1015
-973
-954
-1023
-1049
-1063
-992
-886
-765
-681
-556
-395
-207
-91
-46
-15
29
127
217
252
243
237
186
188
235
248
269
286
194
160
169
118
108
175
283
352
413
404
325
244
154
173
246
377
477
448
308
175
11
-155
-264
-372
-514
-677
-815
-935
-952
-916
-906
-829
-782
-688
-531
-414
-240
-74
118
169
209
256
326
397
390
452
445
551
594
681
651
601
575
542
614
630
624
603
574
561
583
676
771
857
915
932
906
782
693
567
411
188
28
-132
-318
-457
-533
-633
-734
-864
-1012
-1108
-1180
-1145
-1067
-986
-818
-688
-619
-542
-402
-217
-106
30
156
242
345
385
378
351
282
149
21
-78
-170
-263
-298
-292
-295
-262
-224
-116
2
-16
17
90
194
227
291
352
351
364
341
322
319
254
162
103
-54
-214
-382
-485
-536
-646
-694
-705
-723
-726
-653
-515
-382
-264
-110
43
206
298
348
345
316
310
234
167
146
130
89
39
57
67
41
40
15
35
134
162
215
225
337
398
469
578
620
614
461
436
396
410
452
450
435
380
274
149
67
10
-8
-102
-204
-289
-427
-444
-537
-575
-611
-683
-719
-719
-588
-447
-340
-210
-21
128
254
394
483
529
525
474
403
326
274
207
71
-92
-248
-356
-412
-420
-367
-306
-238
-235
-200
-112
1
155
221
301
286
294
348
305
278
175
102
-6
-111
-197
-266
-310
-361
-435
-458
-473
-428
-394
-296
-233
-183
-99
-26
52
55
107
162
184
172
145
109
61
16
21
-18
-39
-19
-22
-55
-64
-55
-16
-40
16
108
205
321
380
429
479
478
449
391
388
378
333
203
119
68
6
-11
6
8
-14
-58
-143
-181
-235
-231
-283
-307
-349
-437
-491
-536
-511
-462
-405
-295
-172
-35
32
118
175
192
229
257
285
313
319
274
242
236
212
180
114
96
101
52
84
59
108
176
176
182
217
273
289
291
247
145
42
-4
-37
-57
-43
-54
-145
-245
-307
-365
-436
-456
-461
-454
-434
-388
-335
-247
-146
-83
-67
-68
14
97
181
195
192
180
147
137
131
120
155
115
14
-66
-124
-101
-98
-30
-24
-67
-124
-157
-124
-102
-54
4
96
135
182
190
134
65
-3
-24
-83
-123
-211
-278
-357
-409
-380
-375
-335
-338
-342
-286
-271
-241
-204
-206
-188
-83
47
175
304
373
400
450
534
567
571
463
352
262
215
235
234
214
223
221
163
175
213
285
314
315
353
367
357
312
310
272
214
149
75
10
-35
-45
-151
-229
-284
-365
-447
-507
-512
-547
-498
-475
-491
-424
-399
-336
-337
-221
-79
52
169
230
306
292
260
217
296
314
313
349
294
226
157
111
108
130
117
88
-8
-85
-185
-258
-273
-301
-293
-265
-303
-311
-326
-288
-261
-254
-205
-194
-187
-184
-210
-304
-356
-420
-439
-456
-429
-390
-472
-495
-518
-457
-367
-250
-123
-76
29
118
230
324
449
466
455
462
469
522
549
551
537
494
463
455
461
450
375
258
209
169
187
153
161
168
129
122
132
167
209
240
254
281
224
175
128
92
56
56
75
110
134
104
61
1
-26
-40
-39
-60
-107
-144
-105
-97
-73
-45
-52
-13
20
46
113
146
129
163
171
151
91
61
0
-67
-147
-234
-270
-407
-545
-661
-756
-746
-730
-745
-825
-861
-836
-840
-781
-685
-569
-464
-350
-294
-256
-222
-184
-161
-172
-133
-129
-149
-164
-175
-234
-252
-191
-130
-77
-2
58
117
223
376
550
702
794
910
986
1073
1161
1196
1196
1184
1132
1075
1006
933
900
742
622
548
438
336
190
108
58
3
-8
-43
-90
-170
-264
-338
-339
-319
-330
-335
-369
-405
-407
-395
-405
-468
-459
-506
-515
-495
-529
-530
-504
-474
-419
-347
-292
-243
-222
-177
-157
-125
-100
-44
26
121
171
170
193
227
313
355
372
390
344
289
204
140
73
-25
-87
-179
-278
-332
-406
-452
-510
-572
-594
-538
-479
-357
-291
-286
-257
-173
-84
-12
45
79
28
31
25
0
-25
-71
-97
-157
-145
-145
-140
-132
-93
-9
16
105
205
286
371
430
539
611
662
684
676
624
603
586
513
480
422
365
309
285
194
104
44
-8
-32
-100
-139
-210
-270
-313
-354
-350
-329
-342
-370
-366
-339
-332
-244
-162
-169
-144
-140
-96
-71
-92
-60
-68
-5
89
120
151
180
147
185
243
296
316
296
368
371
347
344
382
416
436
442
417
404
363
310
229
134
52
-26
-105
-227
-341
-420
-544
-612
-644
-719
-765
-780
-797
-767
-730
-638
-532
-480
-411
-315
-216
-129
-66
-29
7
-21
-20
-64
-57
-37
-67
-20
-12
18
44
39
87
158
196
232
238
277
323
350
423
509
533
560
592
573
559
518
478
403
336
310
234
202
175
148
112
63
-8
-58
-88
-100
-165
-268
-348
-404
-447
-442
-434
-433
-444
-432
-351
-273
-206
-130
-102
-74
-57
-22
8
1
-12
-45
-61
-71
-60
-85
-62
-54
-108
-113
-113
-64
-29
24
85
121
117
111
113
96
99
122
140
143
160
93
83
101
80
67
62
25
-37
-72
-93
-65
-36
-18
21
52
78
127
162
214
256
253
269
292
276
257
259
248
182
139
123
41
-27
-48
-61
-92
-52
-21
-75
-98
-128
-146
-166
-154
-109
-78
-74
-44
-5
1
23
28
43
54
62
86
123
123
74
53
5
-53
-101
-190
-269
-359
-462
-525
-539
-572
-552
-519
-457
-392
-273
-197
-165
-119
-75
31
83
147
155
196
222
228
222
237
240
244
218
230
218
213
240
244
291
322
387
405
417
404
405
361
356
322
335
315
216
139
79
37
-21
-40
-60
-120
-151
-178
-265
-342
-374
-391
-394
-351
-388
-398
-396
-468
-512
-489
-432
-399
-382
-316
-315
-285
-232
-205
-180
-76
55
125
169
165
131
77
60
94
108
95
104
89
84
137
192
214
224
260
278
293
339
342
372
368
342
328
302
289
196
142
97
14
-72
-150
-197
-258
-290
-305
-315
-314
-278
-232
-189
-168
-184
-162
-118
-108
-92
-71
-41
-22
-41
-11
24
35
47
32
51
61
62
75
51
62
96
85
132
217
216
234
274
300
327
362
367
349
305
243
213
172
154
145
96
0
-37
-30
-26
-1
-33
-61
-144
-204
-229
-239
-234
-271
-302
-337
-327
-307
-301
-301
-270
-246
-223
-180
-62
7
41
79
110
112
96
105
77
28
-1
40
76
90
55
17
-9
-13
-30
4
19
46
94
113
159
193
166
125
131
83
8
-40
-90
-154
-226
-314
-350
-361
-355
-320
-291
-259
-240
-206
-197
-177
-153
-141
-153
-201
-224
-227
-222
-220
-189
-178
-150
-130
-99
-68
-14
30
55
122
192
257
338
417
460
523
513
513
505
509
492
435
411
425
451
455
450
419
368
334
295
244
202
117
55
14
-6
-70
-109
-106
-164
-163
-168
-185
-210
-187
-150
-151
-178
-209
-177
-189
-195
-170
-163
-160
-144
-149
-170
-142
-160
-145
-141
-150
-163
-201
-196
-236
-206
-158
-135
-68
-24
11
17
16
21
79
68
87
89
71
38
15
-6
-60
-75
-106
-114
-114
-61
-37
4
57
85
137
173
197
215
238
269
321
328
320
311
293
261
193
152
118
49
-21
-75
-130
-179
-192
-234
-220
-178
-148
-87
-42
-39
-66
-80
-119
-139
-137
-164
-182
-211
-152
-141
-180
-175
-196
-225
-255
-275
-272
-240
-233
-206
-224
-255
-221
-188
-167
-178
-127
-97
-81
-80
-86
-100
-58
-36
-2
68
84
77
100
150
162
185
208
223
213
229
208
232
218
176
145
109
160
184
259
315
364
401
433
481
479
513
505
463
384
353
284
222
145
93
22
-13
-31
-43
-45
-58
-46
-82
-65
-40
4
55
90
89
113
142
144
112
68
-1
-20
-60
-102
-149
-206
-233
-290
-261
-296
-355
-375
-393
-399
-386
-338
-298
-285
-340
-382
-398
-392
-387
-377
-397
-416
-425
-370
-318
-277
-246
-254
-263
-237
-178
-130
-100
-104
-105
-102
-79
-66
-37
-18
32
65
58
101
128
150
165
193
237
267
322
325
357
393
396
429
426
456
448
401
393
367
335
321
313
294
289
322
376
394
402
398
383
385
409
429
402
366
313
228
174
118
15
-51
-95
-138
-136
-148
-164
-220
-258
-264
-289
-302
-311
-293
-309
-315
-324
-306
-268
-273
-292
-278
-266
-308
-285
-284
-317
-329
-318
-294
-291
-249
-196
-187
-149
-144
-135
-133
-133
-144
-146
-113
-77
-87
-88
-58
-62
-25
34
53
27
9
-17
-52
-93
-105
-126
-150
-145
-168
-125
-85
-54
-14
29
39
71
179
235
294
298
297
322
341
367
391
382
397
376
346
314
301
251
203
173
124
87
70
83
101
90
100
96
82
92
54
74
79
86
112
101
94
54
51
44
-8
-32
-48
-49
-84
-70
-71
-97
-124
-137
-151
-157
-155
-178
-150
-124
-98
-64
-13
14
29
12
-24
-3
-5
-6
-37
-62
-79
-119
-130
-113
-147
-183
-172
-149
-99
-80
-89
-108
-122
-145
-133
-122
-129
-130
-151
-126
-121
-161
-196
-182
-175
-178
-173
-207
-142
-118
-111
-104
-108
-145
-136
-84
-104
-96
-72
-37
29
83
116
158
174
202
187
196
225
230
292
311
259
244
222
154
147
140
83
47
54
63
87
98
137
160
152
165
216
237
258
283
276
266
271
254
195
154
86
20
-19
-63
-86
-83
-83
-64
-48
-45
-66
-75
-113
-130
-136
-118
-112
-131
-88
-68
-78
-106
-122
-120
-126
-94
-71
-33
-8
-11
-9
5
8
-9
-24
-24
-1
16
49
62
82
92
100
98
70
52
53
33
-2
-3
-65
-74
-101
-131
-158
-196
-187
-219
-235
-270
-261
-318
-348
-351
-389
-383
-391
-357
-311
-265
-210
-177
-132
-75
-7
60
116
154
190
218
237
237
224
263
289
297
304
291
286
238
178
163
151
158
140
131
157
168
190
186
183
188
162
152
116
90
63
10
8
-28
-50
-73
-126
-128
-142
-153
-145
-116
-98
-131
-132
-140
-124
-124
-105
-61
-73
-53
-19
28
52
62
62
67
75
84
108
96
131
121
108
136
172
178
169
166
165
162
164
193
202
177
123
107
86
64
30
-12
-41
-68
-100
-119
-132
-128
-134
-160
-156
-175
-206
-219
-200
-240
-220
-209
-214
-199
-233
-234
-255
-238
-202
-161
-148
-140
-92
-65
-46
-23
-3
19
15
18
12
0
-33
-43
-40
-48
-54
-34
-24
-38
-5
-12
28
44
49
100
115
110
100
50
46
46
44
31
42
94
110
136
117
114
76
67
52
42
48
4
-3
17
30
48
85
86
109
51
45
91
84
94
75
50
17
5
-2
8
19
7
-1
39
44
40
46
10
15
17
27
34
19
20
29
42
57
59
55
49
17
9
27
5
-22
-38
-59
-46
-56
-58
-66
-90
-99
-72
-26
-6
-3
-19
-25
-51
-46
-35
-29
-15
-29
-47
-7
9
12
55
44
16
20
26
13
-29
-62
-88
-112
-95
-79
-77
-45
-48
-26
-39
-46
-37
-84
-112
-131
-148
-186
-198
-211
-215
-204
-180
-138
-101
-78
-69
-17
26
25
55
74
66
76
86
91
102
93
78
85
111
100
88
145
171
166
158
170
167
157
135
144
130
121
140
139
151
120
112
116
123
111
115
109
106
75
31
-2
-53
-83
-77
-100
-89
-37
-13
-5
32
46
55
40
8
24
28
29
37
46
13
-7
-23
-72
-57
-72
-88
-76
-74
-81
-94
-109
-113
-115
-123
-136
-144
-135
-125
-118
-145
-165
-153
-137
-134
-143
-137
-153
-142
-140
-126
-94
-59
-6
32
63
58
56
72
38
22
-19
-29
-28
-35
7
46
49
57
57
48
57
73
65
75
119
99
84
94
50
46
36
14
34
15
21
28
52
52
50
37
14
0
-27
-23
-23
-19
-22
-24
13
62
89
114
125
147
132
156
174
178
204
186
195
182
184
162
136
139
105
106
74
72
44
10
-7
-56
-72
-113
-107
-119
-138
-142
-141
-115
-110
-133
-119
-139
-144
-130
-126
-125
-130
-134
-141
-142
-123
-121
-135
-156
-165
-169
-152
-104
-106
-102
-54
-63
-46
-17
-6
12
58
63
90
115
107
98
60
36
17
-11
-3
-16
-55
-49
-84
-90
-100
-79
-86
-81
-55
-57
-44
4
30
54
82
78
103
134
148
132
121
111
102
84
89
81
90
78
54
60
35
13
23
28
48
12
-2
9
-26
-41
-78
-88
-114
-111
-117
-121
-91
-85
-54
-78
-73
-84
-80
-71
-83
-53
-69
-83
-101
-110
-88
-108
-89
-34
-10
21
101
166
209
263
284
311
320
314
315
302
313
306
339
335
290
270
207
152
117
51
4
-6
-22
-26
-31
-12
-21
-54
-58
-65
-96
-86
-102
-129
-150
-147
-141
-138
-129
-120
-131
-123
-126
-155
-140
-164
-162
-160
-150
-166
-159
-147
-143
-121
-114
-114
-132
-129
-128
-77
-60
-13
6
0
4
-2
4
-2
-9
-6
-17
-33
-40
-35
-51
-84
-55
-53
-84
-70
-52
-62
-39
3
47
95
129
156
148
146
143
148
105
91
97
91
88
74
61
23
17
13
52
57
51
50
54
34
56
55
39
16
-13
-28
-12
5
19
53
39
69
97
95
98
101
89
92
89
75
52
1
-50
-77
-102
-103
-108
-90
-97
-78
-74
-67
-47
-59
-64
-76
-70
-57
-17
-5
6
12
-13
-8
3
18
35
16
7
-1
-18
-36
-19
-26
-36
-28
-14
-5
5
34
52
41
22
44
44
51
67
45
44
23
4
19
21
-8
-23
-25
-63
-61
-71
-65
-80
-111
-147
-147
-136
-97
-64
-13
8
-7
14
-15
-11
18
34
52
53
62
90
72
76
113
127
145
165
199
225
231
230
218
182
166
114
116
108
109
115
77
77
56
49
42
33
29
17
-2
-21
-65
-109
-143
-173
-150
-193
-220
-216
-238
-228
-225
-217
-201
-204
-197
-184
-154
-164
-189
-200
-213
-183
-163
-111
-91
-54
-67
-24
-12
-22
-19
-40
-34
-43
-4
-22
-15
-32
-38
-50
-63
-48
-45
-46
-16
2
45
70
113
157
168
170
157
169
171
175
197
200
191
191
158
154
149
130
131
110
110
118
66
36
46
29
2
12
-21
-26
-16
-25
15
38
42
51
28
7
-14
-35
-43
-20
-20
-13
-12
-4
39
58
67
63
57
43
57
32
21
1
-16
7
10
-3
17
27
13
36
83
64
48
62
40
16
-33
-59
-73
-100
-127
-149
-175
-179
-165
-161
-181
-188
-201
-222
-192
-187
-176
-168
-148
-140
-141
-145
-118
-87
-56
-50
-10
36
14
38
76
69
64
80
104
92
106
120
105
99
67
59
56
45
71
56
96
128
142
145
131
112
100
100
89
106
77
53
29
2
-63
-89
-110
-124
-108
-105
-77
-61
-65
-81
-82
-81
-53
-49
-68
-47
-5
-14
3
24
47
51
52
58
57
53
34
50
34
26
40
56
78
86
85
86
74
62
63
59
67
80
60
55
68
52
47
35
15
-3
2
-33
-19
5
-31
-47
-33
-19
3
-11
-9
-13
-17
-27
6
43
21
27
21
20
25
40
20
17
4
-29
-9
-23
-44
-25
-42
-47
-60
-68
-54
-53
-65
-63
-89
-134
-146
-146
-137
-120
-98
-86
-75
-40
-37
-27
18
14
20
32
44
67
60
59
74
67
4
-13
-17
-43
-54
-71
-106
-95
-112
-122
-84
-81
-65
-33
-5
26
46
68
55
40
7
4
-10
-41
-58
-80
-56
-42
-51
-42
-24
-35
-41
-33
-19
-21
-1
-1
26
26
34
62
39
39
41
44
65
74
68
84
75
89
124
122
105
109
123
99
128
158
138
134
127
76
64
82
66
63
81
57
35
38
37
49
71
86
83
92
72
75
44
39
49
26
14
-16
-22
0
32
36
45
26
16
-9
-5
-16
-25
-29
-47
-39
-53
-50
-29
-46
-107
-123
-143
-166
-168
-186
-215
-256
-302
-302
-286
-295
-292
-302
-313
-278
-241
-216
-189
-164
-134
-107
-87
-44
-15
25
48
90
121
97
120
134
147
143
126
134
147
146
191
191
175
198
177
192
189
172
161
139
133
100
70
67
105
120
162
144
124
142
93
82
66
48
23
-22
-26
-47
-75
-102
-95
-88
-95
-72
-58
-40
-18
-9
-18
3
-2
-15
18
27
22
15
20
-10
-43
-60
-94
-103
-113
-151
-151
-151
-168
-154
-152
-111
-51
-44
-11
-23
-28
-40
-51
-30
-21
-32
-36
-23
-38
-46
-54
-66
-83
-89
-61
-54
-59
-55
-67
-54
-46
-33
-34
-14
12
7
23
30
25
53
80
97
145
152
173
220
220
229
236
246
248
231
210
222
216
203
212
192
158
141
142
108
94
67
52
58
35
26
16
-19
-40
-62
-94
-108
-124
-144
-167
-176
-181
-190
-186
-209
-194
-235
-245
-233
-256
-228
-245
-234
-212
-184
-167
-154
-134
-111
-109
-87
-54
-37
-6
16
40
40
63
49
75
80
70
70
95
158
190
200
162
146
139
117
108
105
109
96
109
118
136
124
109
132
109
98
99
104
81
91
99
92
68
40
8
-20
-50
-89
-90
-103
-92
-110
-96
-74
-85
-67
-59
-61
-66
-53
-58
-48
-49
-61
-64
-88
-75
-89
-81
-67
-74
-55
-40
-48
-36
-39
-32
-20
-14
9
38
33
37
51
24
13
-1
0
3
-5
-3
-24
-39
-27
-43
-44
-39
-37
-42
-42
-34
-22
-10
-39
-70
-67
-74
-79
-41
-34
-38
-45
-48
-58
-94
-105
-148
-136
-98
-89
-77
-43
-37
-19
7
49
101
117
123
135
129
128
106
138
129
103
133
131
143
138
139
119
114
80
102
145
132
114
146
128
115
120
120
122
118
142
111
124
122
83
70
39
32
24
-7
10
-21
-32
-16
-10
-16
-35
-49
-81
-98
-97
-110
-96
-75
-91
-49
-44
-52
-46
-59
-113
-131
-151
-167
-147
-156
-185
-173
-180
-205
-189
-204
-180
-200
-219
-196
-167
-147
-134
-76
-61
-56
-48
-19
9
35
74
100
103
119
133
141
144
167
131
122
125
115
111
127
128
103
93
97
79
77
85
54
53
41
12
-11
3
-11
-8
-25
-36
-40
-38
-25
-21
-27
-32
-18
-30
-32
-44
-21
-5
10
16
2
-7
7
-5
-1
39
39
62
52
62
65
53
67
41
18
-2
-21
-19
-27
-36
-13
7
11
38
52
53
35
36
27
-7
-12
4
-13
-12
-14
-6
-10
-35
-31
-32
-34
-33
-43
-65
-56
-83
-91
-83
-94
-86
-88
-83
-79
-94
-92
-76
-64
-65
-16
11
21
56
72
82
91
66
66
79
84
59
48
77
76
48
63
71
59
54
72
75
58
83
113
116
99
110
99
94
77
85
87
91
106
117
112
91
76
42
4
-18
-32
-67
-85
-61
-58
-49
-43
-57
-56
-86
-99
-129
-142
-147
-166
-143
-152
-151
-131
-139
-123
-123
-122
-113
-87
-115
-113
-100
-118
-94
-107
-114
-103
-86
-77
-59
-59
-39
-25
-33
-27
-26
-8
45
73
91
108
92
86
86
78
69
72
95
132
144
139
142
146
95
57
45
39
25
-2
-16
-42
-64
-76
-60
-51
-65
-79
-71
-34
-30
-25
-22
-45
-44
-49
-47
-34
1
23
50
93
86
97
104
94
96
78
61
61
50
49
52
68
84
74
69
75
72
59
42
40
38
51
42
15
16
28
13
15
-5
-11
-44
-70
-47
-49
-45
-41
-53
-61
-41
-35
-31
-10
-31
-51
-70
-73
-79
-86
-62
-52
-79
-77
-47
-54
-37
-21
-52
-38
-16
-2
39
43
61
87
87
103
81
78
64
55
76
53
18
21
3
-20
-13
-19
-11
-9
-9
-7
-8
2
16
11
6
9
8
14
-15
-33
-20
-28
-19
-58
-60
-42
-28
-47
-54
-58
-72
-80
-54
-55
-80
-73
-69
-64
-63
-61
-43
-7
-3
6
28
29
-11
9
13
-28
-39
-24
-31
-32
-5
11
24
32
52
59
69
81
58
53
24
24
33
19
24
32
39
42
44
68
82
68
64
83
72
97
82
96
129
122
141
149
171
193
191
158
147
124
128
114
90
78
59
30
25
21
0
-22
-64
-78
-94
-111
-141
-168
-189
-222
-223
-221
-216
-233
-229
-204
-216
-199
-187
-195
-183
-169
-167
-173
-164
-139
-146
-129
-117
-105
-95
-81
-84
-80
-44
-35
3
38
54
76
75
99
127
131
165
170
160
162
182
197
194
193
220
200
190
196
185
186
157
109
106
95
91
86
60
48
21
24
22
14
43
43
39
52
53
22
26
16
-11
-39
-53
-48
-80
-93
-106
-123
-132
-129
-119
-112
-115
-106
-121
-142
-143
-155
-145
-137
-158
-134
-105
-108
-82
-81
-56
-41
-51
-48
-27
-25
-7
-9
-31
-21
-13
-19
3
20
35
42
50
69
84
88
100
107
100
101
107
110
94
86
90
77
70
78
90
83
90
79
45
31
8
-4
-15
-30
-55
-52
-57
-51
-31
-17
-27
-26
-49
-75
-77
-75
-75
-66
-50
-43
-3
-9
-14
-1
-6
-12
-7
-25
-42
-49
-44
-48
-27
-20
-13
2
14
18
37
43
24
11
-26
-53
-43
-67
-52
-32
-21
4
10
20
29
10
2
22
16
44
46
68
72
59
83
85
99
126
106
85
89
80
74
71
79
77
66
73
87
90
84
73
62
43
38
35
23
16
-29
-28
-11
-23
-11
-21
-35
-45
-74
-100
-91
-94
-110
-102
-109
-118
-105
-88
-82
-75
-83
-100
-100
-93
-82
-71
-60
-57
-65
-69
-68
-62
-47
-32
-13
15
36
47
75
98
84
80
67
53
44
31
23
3
7
11
12
23
22
4
-8
-17
-23
8
8
24
47
64
68
63
61
57
58
60
46
26
16
1
-22
-20
-18
-11
-23
-39
-24
-20
-23
-5
22
19
30
49
44
57
61
46
44
33
15
0
1
-5
-35
-49
-72
-108
-105
-126
-127
-106
-109
-101
-72
-46
-27
-11
7
36
36
36
35
44
40
26
38
41
40
38
38
55
38
46
54
60
25
8
29
18
5
23
33
28
30
6
10
4
-5
-10
-15
-8
1
25
28
31
23
10
-7
-23
-29
-35
-47
-35
-41
-22
-6
3
7
19
22
16
27
8
0
1
-11
-24
-8
-27
-50
-51
-45
-41
-43
-47
-47
-55
-60
-56
-57
-60
-55
-50
-48
-50
-34
-34
-24
-5
1
-7
15
16
0
9
17
22
26
42
50
43
45
45
51
50
25
9
1
-6
8
-3
5
19
16
12
13
12
11
14
20
3
14
15
4
5
7
11
10
4
14
4
8
27
5
2
22
14
6
42
49
54
43
52
56
42
38
31
19
22
14
7
-12
-17
-30
-49
-38
-43
-49
-58
-63
-73
-71
-74
-76
-65
-73
-78
-67
-48
-43
-18
-39
-32
-33
-37
-31
-25
-14
-23
-25
-30
-17
-24
-39
-44
-62
-62
-61
-52
-40
-33
-27
-18
1
24
43
45
53
52
37
36
24
26
39
35
45
77
77
81
116
124
122
123
108
106
97
98
106
85
96
75
78
76
59
72
65
54
54
51
34
22
19
20
13
10
0
7
5
20
16
16
11
3
10
-2
-9
-11
-14
-10
-17
-12
-24
-32
-42
-52
-52
-68
-74
-86
-92
-108
-127
-137
-131
-124
-115
-105
-93
-86
-84
-80
-72
-71
-74
-64
-54
-61
-57
-55
-58
-60
-68
-58
-51
-39
-20
2
5
8
30
29
54
67
71
58
63
73
61
63
76
85
82
112
124
122
112
86
69
57
43
38
46
60
60
39
44
27
8
6
5
-1
-9
-19
-11
-6
-16
-14
-15
-22
-22
-29
-49
-58
-61
-65
-67
-82
-75
-53
-54
-41
-20
-31
-38
-30
-32
-50
-64
-72
-80
-73
-65
-62
-37
-14
-6
25
48
47
36
31
36
16
8
27
35
39
57
71
61
52
55
56
67
68
72
70
75
75
75
78
70
82
94
89
78
86
65
47
38
25
20
-4
-7
-18
-32
-27
-33
-46
-47
-48
-49
-38
-54
-49
-40
-37
-51
-47
-56
-55
-58
-68
-58
-59
-74
-77
-79
-88
-99
-97
-87
-92
-80
-74
-66
-63
-52
-48
-48
-40
-38
-15
-6
-7
-5
1
-3
-18
-12
-13
-13
-20
4
12
17
38
32
39
40
41
38
43
49
40
44
48
57
61
66
68
73
77
75
70
71
81
75
60
55
49
31
21
20
11
7
6
12
-4
-7
-13
-18
-38
-42
-42
-59
-70
-64
-63
-66
-57
-54
-32
-25
-27
-28
-35
-29
-25
-23
-12
1
5
16
23
33
27
27
33
31
45
47
61
83
78
73
67
63
59
57
