-18
-25
-29
-25
-23
-24
-16
-12
-16
-14
-13
-12
-7
0
7
14
13
18
19
23
33
35
35
35
37
44
52
52
57
55
57
56
59
61
55
54
46
35
29
23
24
25
21
21
17
16
15
8
-6
-7
-10
-23
-24
-26
-27
-35
-35
-39
-40
-40
-46
-45
-47
-51
-58
-57
-59
-55
-60
-57
-49
-49
-46
-45
-42
-33
-25
-20
-13
-13
-10
-11
-3
-1
2
7
14
15
19
11
11
6
17
-2
5
-2
8
1
-17
0
-9
6
-15
21
19
36
25
37
51
52
67
70
94
83
85
92
85
75
64
68
53
51
51
58
50
36
31
17
-2
-12
-26
-38
-62
-68
-81
-96
-111
-125
-126
-147
-151
-160
-152
-155
-162
-158
-154
-156
-154
-146
-140
-139
-130
-117
-89
-60
-21
16
48
75
104
123
137
162
176
198
209
231
252
259
266
268
266
261
259
252
250
245
221
210
179
148
122
94
72
43
25
6
-20
-46
-82
-103
-126
-153
-174
-202
-221
-237
-249
-259
-268
-278
-275
-266
-275
-278
-274
-268
-252
-232
-199
-168
-153
-123
-90
-60
-24
9
41
73
106
125
147
166
183
212
219
223
231
225
203
187
166
155
149
117
91
70
49
43
30
25
11
5
-6
-9
-4
-19
-40
-53
-59
-58
-54
-49
-36
-33
-30
-30
-31
-16
-14
-7
-2
12
21
21
32
25
31
15
7
3
-6
-14
-29
-39
-47
-55
-76
-92
-115
-119
-137
-156
-177
-197
-209
-221
-217
-222
-232
-236
-240
-237
-228
-217
-187
-157
-119
-83
-37
0
48
79
111
153
208
257
294
329
359
379
388
413
433
449
469
480
487
495
485
478
459
432
407
369
341
303
271
234
198
154
109
65
-4
-63
-133
-184
-234
-272
-328
-363
-397
-436
-471
-516
-558
-614
-645
-696
-722
-766
-797
-823
-843
-836
-833
-792
-748
-680
-623
-569
-477
-383
-288
-196
-89
14
134
260
374
483
585
672
733
781
811
851
887
915
958
960
945
923
878
850
802
756
689
645
581
526
482
437
375
309
250
198
133
80
45
-13
-76
-113
-128
-188
-208
-250
-275
-284
-324
-349
-379
-398
-450
-462
-458
-473
-510
-559
-594
-674
-708
-769
-840
-907
-954
-1030
-1097
-1129
-1166
-1189
-1188
-1190
-1183
-1128
-1057
-979
-904
-787
-641
-526
-388
-210
-59
83
253
399
549
684
838
993
1115
1252
1354
1459
1560
1653
1727
1806
1856
1883
1891
1862
1828
1769
1721
1632
1513
1383
1244
1120
1011
923
811
713
581
449
332
233
134
33
-72
-161
-288
-410
-561
-640
-761
-857
-954
-1047
-1106
-1154
-1202
-1252
-1252
-1226
-1218
-1230
-1264
-1332
-1427
-1556
-1668
-1809
-1940
-2046
-2169
-2292
-2333
-2445
-2467
-2436
-2347
-2257
-2116
-1905
-1674
-1360
-1080
-777
-448
-107
249
605
959
1296
1607
1866
2143
2367
2532
2691
2842
2946
2965
2985
2947
2943
2888
2796
2699
2561
2418
2271
2078
1872
1675
1407
1174
971
774
582
352
172
-24
-181
-373
-508
-654
-796
-891
-1020
-1075
-1114
-1141
-1183
-1240
-1311
-1374
-1376
-1390
-1433
-1411
-1432
-1463
-1484
-1464
-1433
-1381
-1338
-1377
-1399
-1531
-1609
-1744
-1843
-1925
-2140
-2219
-2351
-2331
-2382
-2383
-2359
-2243
-2113
-1990
-1779
-1539
-1210
-900
-520
-113
324
798
1246
1703
2068
2410
2727
2995
3237
3385
3499
3567
3646
3619
3572
3441
3336
3167
2938
2716
2448
2206
1936
1726
1516
1312
1110
938
779
556
363
166
-13
-201
-386
-538
-665
-781
-887
-941
-1030
-1100
-1109
-1126
-1155
-1190
-1222
-1222
-1254
-1310
-1378
-1463
-1480
-1549
-1594
-1586
-1604
-1580
-1559
-1543
-1537
-1464
-1460
-1407
-1359
-1411
-1468
-1599
-1645
-1788
-1988
-2167
-2354
-2437
-2603
-2716
-2780
-2705
-2601
-2453
-2224
-1918
-1519
-1125
-651
-156
349
895
1430
1910
2400
2815
3176
3554
3858
4073
4182
4271
4398
4407
4388
4305
4237
4116
3949
3707
3470
3182
2924
2478
1996
1648
1140
695
31
-351
-861
-1295
-1730
-2098
-2382
-2631
-2737
-2885
-2703
-2687
-2565
-2399
-2158
-1941
-1775
-1462
-1288
-1111
-987
-803
-723
-650
-438
-428
-390
-308
-260
-258
-223
-155
-209
-218
-215
-259
-241
-274
-245
-267
-298
-352
-499
-724
-927
-1183
-1479
-1812
-2107
-2370
-2591
-2689
-2860
-2877
-2808
-2657
-2503
-2275
-1979
-1659
-1212
-762
-369
112
583
1045
1488
1933
2337
2686
3078
3431
3717
3963
4187
4357
4508
4594
4586
4544
4541
4432
4195
3883
3562
3169
2640
2087
1457
894
197
-415
-1081
-1596
-2098
-2542
-2906
-3207
-3363
-3571
-3567
-3521
-3331
-3224
-2965
-2659
-2412
-2059
-1778
-1430
-1162
-835
-530
-332
-61
122
343
482
624
714
842
915
984
1054
1085
1145
1114
1107
1036
983
845
758
592
400
162
-31
-356
-751
-1108
-1510
-1818
-2255
-2543
-2842
-2972
-3134
-3219
-3294
-3253
-3112
-3009
-2742
-2506
-2165
-1844
-1525
-1179
-853
-461
-74
339
708
1139
1565
2002
2446
2784
3177
3492
3821
4088
4289
4460
4548
4541
4458
4244
3991
3673
3311
2827
2253
1774
1200
668
5
-446
-901
-1264
-1570
-1842
-2012
-2137
-2066
-2162
-1974
-1826
-1652
-1449
-1192
-832
-684
-360
-144
32
213
423
582
588
704
673
677
636
612
433
262
150
6
-232
-371
-434
-609
-672
-757
-815
-942
-981
-1077
-1236
-1358
-1455
-1693
-1923
-2215
-2404
-2762
-3032
-3302
-3470
-3561
-3693
-3731
-3755
-3576
-3477
-3275
-3078
-2743
-2376
-1969
-1487
-1071
-552
-59
413
940
1385
1894
2368
2890
3338
3758
4180
4555
4881
5032
5179
5225
5241
5173
5010
4747
4444
4134
3733
3078
2679
2126
1632
1081
559
206
-289
-491
-891
-1023
-1276
-1285
-1431
-1464
-1274
-1292
-1094
-975
-657
-547
-402
-177
-108
-47
-36
66
-118
-189
-333
-560
-717
-907
-1107
-1399
-1577
-1739
-1916
-1993
-1983
-2008
-1992
-1949
-1889
-1884
-1853
-1836
-1831
-1877
-1918
-1969
-2242
-2388
-2612
-2840
-2984
-3293
-3416
-3584
-3499
-3583
-3488
-3396
-3187
-2936
-2733
-2336
-2124
-1680
-1329
-915
-468
-51
511
984
1547
2047
2565
3101
3632
4137
4554
5015
5316
5662
5894
6020
6099
6107
6070
5892
5643
5321
4858
4458
3893
3423
2752
2246
1689
1115
682
167
-210
-669
-869
-1235
-1427
-1577
-1778
-1922
-2046
-2025
-2088
-2094
-2050
-2040
-2063
-2081
-2025
-2136
-2108
-2129
-2224
-2277
-2293
-2299
-2448
-2483
-2460
-2492
-2424
-2349
-2287
-2211
-2060
-1963
-1806
-1621
-1522
-1398
-1340
-1221
-1180
-1139
-1169
-1182
-1323
-1351
-1504
-1695
-1875
-2140
-2239
-2463
-2525
-2728
-2782
-2817
-2762
-2687
-2598
-2335
-2136
-1804
-1446
-1013
-541
-63
511
1049
1709
2229
2819
3446
4068
4697
5130
5681
6057
6418
6610
6691
6708
6635
6511
6232
5894
5559
5141
4730
4098
3529
2982
2290
1662
862
364
-323
-859
-1460
-1930
-2339
-2762
-2997
-3384
-3406
-3557
-3577
-3580
-3501
-3345
-3331
-3193
-3122
-3033
-3013
-2907
-2943
-3011
-2910
-2955
-2914
-2907
-2746
-2666
-2565
-2317
-2123
-1887
-1552
-1245
-1000
-764
-479
-266
-113
55
141
185
173
279
127
19
-251
-438
-615
-858
-1042
-1435
-1523
-1787
-1851
-2127
-2225
-2312
-2360
-2278
-2357
-2185
-2110
-1781
-1533
-1211
-743
-329
260
829
1504
2144
2852
3557
4170
4807
5287
5774
6099
6446
6515
6520
6467
6330
6076
5644
5196
4630
4136
3598
2964
2200
1744
1067
528
-152
-640
-1160
-1748
-2083
-2588
-2823
-3257
-3385
-3762
-3842
-3867
-4046
-3994
-3966
-3751
-3802
-3654
-3441
-3284
-3125
-2849
-2551
-2463
-2084
-1860
-1615
-1275
-913
-565
-418
-70
132
304
488
676
737
720
860
831
816
818
828
759
716
672
565
297
178
-66
-374
-580
-922
-1216
-1708
-1898
-2338
-2549
-2961
-3179
-3424
-3551
-3515
-3692
-3516
-3377
-2982
-2624
-2127
-1490
-928
-194
517
1331
2043
2772
3512
4110
4803
5202
5699
6071
6343
6328
6273
6179
5966
5733
5320
4880
4324
3894
3391
2808
2064
1724
1005
564
-96
-578
-987
-1604
-1898
-2494
-2706
-3247
-3229
-3699
-3760
-3670
-3812
-3567
-3528
-3107
-3080
-2803
-2456
-2245
-1890
-1600
-1195
-1126
-715
-479
-295
-37
76
281
143
362
397
283
243
257
239
87
126
79
-74
-99
-97
-284
-352
-303
-464
-744
-903
-1230
-1547
-1855
-2180
-2557
-3047
-3201
-3599
-3761
-3972
-4009
-4139
-4002
-3815
-3786
-3383
-3080
-2538
-2163
-1579
-939
-354
407
1053
1787
2393
3165
3856
4461
5141
5551
6037
6418
6775
6823
6812
6824
6659
6426
6071
5588
5126
4628
4095
3418
2687
2334
1581
997
264
-96
-705
-1211
-1517
-2084
-2288
-2727
-2717
-3202
-3103
-3144
-3318
-3267
-3280
-3000
-3132
-2924
-2751
-2669
-2582
-2348
-2120
-2185
-1784
-1734
-1665
-1438
-1271
-1246
-1312
-998
-1042
-1038
-896
-832
-865
-865
-832
-890
-961
-903
-853
-950
-893
-901
-898
-960
-856
-1065
-1292
-1360
-1611
-1775
-2198
-2199
-2538
-2617
-2824
-2965
-3046
-3081
-2936
-2982
-2735
-2531
-2014
-1663
-1193
-610
-107
585
1280
2049
2743
3473
4239
4876
5622
6018
6471
6804
7065
7085
6890
6817
6527
6223
5738
5248
4570
4083
3558
2929
2147
1733
1252
535
74
-518
-861
-1538
-1731
-2291
-2631
-2966
-3202
-3504
-3892
-3795
-4195
-4096
-4161
-3955
-3849
-3798
-3409
-3278
-2941
-2720
-2322
-2113
-1904
-1551
-1472
-1198
-1092
-815
-850
-792
-652
-708
-645
-578
-484
-589
-555
-478
-538
-525
-507
-395
-430
-423
-334
-400
-468
-540
-761
-887
-1106
-1297
-1621
-1850
-2050
-2327
-2360
-2600
-2611
-2779
-2563
-2475
-2365
-2045
-1641
-1158
-829
-220
336
953
1698
2455
3165
3790
4504
5083
5697
6113
6332
6556
6600
6560
6269
6052
5674
5370
4871
4323
3829
3253
2708
2106
1379
745
421
-409
-829
-1548
-1827
-2409
-2742
-3072
-3516
-3653
-3958
-3887
-4277
-3920
-3934
-3841
-3615
-3380
-2912
-2829
-2379
-1989
-1597
-1247
-828
-489
-393
41
94
216
243
344
264
54
155
43
-114
-180
-192
-384
-529
-554
-597
-746
-749
-717
-804
-882
-856
-869
-1057
-1080
-1313
-1456
-1687
-1812
-2022
-2326
-2357
-2606
-2662
-2796
-2753
-2830
-2574
-2354
-2226
-2006
-1641
-1101
-814
-240
325
831
1466
2113
2752
3296
3797
4366
4880
5239
5549
5838
5903
6016
5874
5676
5390
5097
4669
4044
3503
2842
2321
1716
1075
346
30
-477
-876
-1402
-1566
-1838
-2144
-2227
-2440
-2503
-2682
-2423
-2638
-2543
-2382
-2264
-2193
-2077
-1687
-1645
-1535
-1253
-992
-868
-640
-387
-388
-180
-6
64
-17
52
24
-254
-303
-449
-692
-892
-899
-1124
-1327
-1380
-1384
-1552
-1634
-1466
-1562
-1571
-1449
-1400
-1451
-1384
-1355
-1526
-1540
-1627
-1666
-1977
-1976
-2144
-2278
-2317
-2480
-2531
-2578
-2412
-2338
-2171
-1967
-1573
-1203
-812
-297
147
702
1344
1971
2592
3090
3727
4245
4743
5087
5414
5642
5818
5812
5608
5505
5197
4889
4479
4099
3570
3233
2913
2550
1996
1566
1412
816
551
116
-130
-538
-844
-963
-1353
-1504
-1681
-1696
-2112
-2013
-2082
-2206
-2222
-2275
-2074
-2295
-2124
-2012
-1943
-1886
-1757
-1638
-1671
-1507
-1537
-1532
-1655
-1596
-1624
-1765
-1740
-1755
-1740
-1769
-1651
-1604
-1503
-1454
-1270
-1238
-1188
-1058
-958
-951
-924
-836
-891
-891
-1118
-1215
-1380
-1536
-1686
-2058
-2187
-2401
-2455
-2654
-2734
-2767
-2705
-2545
-2514
-2186
-1936
-1408
-1059
-581
-64
458
1126
1736
2446
3048
3642
4241
4875
5391
5810
6130
6361
6588
6561
6452
6303
6046
5747
5244
4754
4260
3830
3226
2663
2077
1584
1175
650
277
-95
-391
-772
-1109
-1407
-1708
-1948
-2208
-2489
-2736
-2871
-3172
-3328
-3457
-3522
-3692
-3759
-3634
-3607
-3449
-3347
-3096
-2982
-2781
-2570
-2346
-2155
-2037
-1828
-1719
-1549
-1461
-1294
-1068
-1018
-817
-731
-564
-498
-415
-418
-355
-171
-197
-101
-126
-34
-97
-73
-240
-324
-563
-680
-970
-1296
-1507
-1703
-1826
-2162
-2230
-2373
-2321
-2368
-2203
-2064
-1787
-1332
-993
-451
59
653
1297
1922
2579
3177
3788
4370
4973
5415
5763
5966
6096
6181
6011
5814
5495
5234
4768
4286
3836
3398
2953
2468
2016
1359
1092
587
228
-306
-750
-1059
-1584
-1874
-2302
-2475
-2914
-3027
-3401
-3546
-3684
-3792
-3839
-3920
-3653
-3645
-3448
-3193
-2808
-2589
-2261
-1946
-1795
-1484
-1289
-1035
-930
-717
-615
-583
-432
-319
-210
-229
-29
-89
-34
-56
15
-56
-171
-98
-152
-169
-231
-192
-300
-349
-478
-652
-829
-1046
-1123
-1530
-1728
-1941
-2044
-2136
-2324
-2381
-2513
-2390
-2437
-2260
-2118
-1707
-1351
-999
-517
-40
607
1184
1921
2566
3209
3900
4486
5070
5525
5772
5951
6148
6108
5917
5657
5330
4995
4415
4005
3463
2991
2484
2032
1501
1029
760
317
-59
-445
-688
-1038
-1376
-1670
-1902
-2171
-2419
-2677
-2919
-3004
-3233
-3351
-3406
-3373
-3384
-3337
-3198
-3034
-2834
-2603
-2294
-2153
-1900
-1653
-1442
-1326
-1140
-1006
-971
-904
-822
-716
-684
-559
-538
-446
-361
-280
-266
-229
-124
-88
-66
-57
-46
-131
-134
-193
-458
-581
-862
-1068
-1309
-1662
-1867
-2088
-2033
-2237
-2319
-2386
-2222
-2138
-1948
-1666
-1380
-958
-567
-12
381
881
1536
2041
2546
3095
3634
4115
4589
4982
5281
5437
5568
5697
5549
5369
5068
4778
4375
4006
3515
3073
2606
2135
1618
1140
738
268
-89
-567
-952
-1253
-1549
-1880
-2203
-2400
-2570
-2745
-2962
-2965
-3009
-3123
-3069
-3071
-3006
-2922
-2812
-2704
-2481
-2253
-2021
-1896
-1732
-1528
-1381
-1238
-1075
-860
-776
-629
-571
-500
-409
-338
-288
-271
-243
-252
-278
-352
-387
-469
-593
-591
-707
-729
-764
-767
-691
-838
-810
-952
-837
-930
-1054
-1061
-1214
-1073
-1228
-1179
-1264
-1194
-1162
-1076
-998
-947
-637
-437
-53
241
728
1308
1904
2493
3043
3569
4054
4621
5001
5266
5399
5459
5386
5160
4830
4361
3954
3504
3039
2430
1949
1497
1072
591
293
-29
-306
-535
-710
-917
-1153
-1241
-1469
-1624
-1791
-1820
-2013
-2237
-2319
-2414
-2607
-2814
-2802
-2876
-2967
-2907
-2820
-2688
-2515
-2233
-2078
-1876
-1649
-1431
-1269
-1141
-979
-943
-869
-820
-783
-825
-732
-757
-761
-705
-606
-497
-516
-312
-241
-58
46
197
322
270
410
440
325
287
170
165
-13
-59
-254
-372
-370
-564
-605
-849
-751
-911
-811
-904
-887
-715
-546
-180
2
449
862
1304
1787
2237
2673
3099
3553
3849
4046
4149
4226
4193
3990
3686
3305
3013
2677
2245
1785
1477
1135
899
596
382
234
71
-32
-218
-368
-493
-579
-830
-1001
-1133
-1320
-1555
-1839
-2038
-2192
-2417
-2635
-2649
-2759
-2786
-2783
-2678
-2561
-2388
-2153
-1961
-1699
-1527
-1246
-1083
-979
-829
-746
-661
-550
-465
-375
-263
-222
-134
-6
82
209
291
509
643
779
856
984
1041
1102
1147
1229
1137
1073
979
783
674
237
112
-362
-432
-817
-1060
-1389
-1665
-1789
-2014
-2013
-2173
-1996
-1879
-1715
-1445
-1168
-710
-298
245
731
1206
1725
2220
2694
3009
3251
3344
3490
3415
3355
3094
2920
2618
2375
2061
1854
1598
1411
1269
978
883
714
560
351
160
-6
-193
-462
-692
-883
-1162
-1370
-1598
-1767
-1910
-2078
-2160
-2225
-2178
-2172
-2066
-1954
-1780
-1594
-1345
-1140
-969
-718
-560
-435
-234
-109
2
89
221
325
420
584
681
748
883
930
955
921
948
909
832
811
777
783
734
649
515
443
134
4
-402
-510
-850
-1131
-1464
-1791
-1932
-2315
-2473
-2841
-2881
-3088
-3070
-3210
-3150
-2922
-2690
-2313
-2004
-1469
-982
-419
202
755
1327
1888
2437
2830
3192
3340
3550
3576
3576
3447
3225
3062
2904
2791
2489
2324
2126
2055
1879
1817
1712
1633
1539
1391
1243
1070
916
617
404
112
-210
-536
-869
-1082
-1371
-1554
-1764
-1760
-1765
-1754
-1692
-1572
-1439
-1305
-1090
-960
-741
-652
-518
-467
-348
-323
-344
-322
-318
-310
-325
-191
-228
-185
-119
-43
20
82
169
178
201
155
185
108
38
-106
-161
-287
-668
-770
-1123
-1176
-1466
-1705
-1935
-2221
-2207
-2491
-2591
-2930
-2794
-2877
-2783
-2782
-2683
-2391
-2207
-1834
-1511
-1081
-670
-150
347
865
1310
1795
2258
2597
2980
3141
3403
3548
3622
3588
3446
3491
3433
3461
3232
3194
3008
2968
2866
2657
2546
2294
2152
1866
1661
1435
1199
882
543
246
-58
-402
-755
-972
-1273
-1565
-1753
-1845
-1962
-1987
-1968
-1897
-1794
-1696
-1498
-1437
-1323
-1228
-1081
-1027
-915
-781
-668
-576
-526
-377
-255
-82
17
209
302
402
472
535
557
520
550
561
509
436
335
201
-35
-115
-374
-491
-772
-1000
-1157
-1566
-1726
-2192
-2277
-2657
-2833
-3257
-3333
-3484
-3534
-3581
-3653
-3391
-3276
-2879
-2562
-2117
-1657
-1060
-428
160
751
1276
1804
2227
2636
2861
3050
3257
3352
3437
3412
3516
3534
3679
3527
3509
3445
3529
3385
3220
3191
2971
2787
2529
2288
1909
1581
1158
726
343
-36
-412
-760
-991
-1253
-1393
-1520
-1503
-1491
-1417
-1331
-1202
-1030
-860
-589
-530
-251
-198
-83
-38
9
67
36
66
50
120
153
229
263
244
310
360
339
302
233
157
53
-19
-189
-373
-586
-839
-1077
-1318
-1517
-1858
-1992
-2356
-2390
-2724
-2896
-3191
-3474
-3559
-3872
-4016
-4276
-4182
-4310
-4262
-4267
-3993
-3754
-3425
-2966
-2522
-1909
-1258
-601
73
725
1342
1930
2464
2941
3366
3610
3938
4124
4309
4355
4416
4500
4573
4561
4456
4373
4259
4264
4023
3940
3729
3604
3335
3039
2719
2460
2209
1830
1576
1234
1024
689
436
292
37
-73
-197
-212
-322
-335
-381
-426
-535
-596
-676
-787
-853
-1031
-1119
-1180
-1250
-1339
-1395
-1475
-1489
-1516
-1510
-1557
-1586
-1592
-1634
-1737
-1759
-1808
-1924
-2030
-2176
-2257
-2421
-2537
-2629
-2721
-2751
-2741
-2714
-2815
-2791
-2869
-2863
-2839
-2900
-2931
-3110
-3037
-3108
-3096
-3145
-3039
-2961
-2766
-2605
-2367
-1940
-1605
-1104
-659
-125
460
1100
1755
2348
2921
3422
3869
4290
4703
4927
5094
5239
5283
5285
5140
5135
4989
4872
4653
4500
4273
4146
3951
3707
3491
3231
3004
2696
2422
2129
1822
1405
1095
773
442
109
-223
-475
-759
-1004
-1219
-1383
-1526
-1687
-1800
-1866
-1969
-2065
-2070
-2175
-2216
-2301
-2286
-2316
-2345
-2357
-2363
-2313
-2285
-2256
-2277
-2230
-2225
-2208
-2185
-2168
-2114
-2067
-1983
-1913
-1903
-1777
-1683
-1668
-1684
-1568
-1507
-1463
-1400
-1350
-1390
-1389
-1455
-1470
-1546
-1700
-1790
-1923
-1863
-1926
-1942
-2039
-1959
-1905
-1697
-1481
-1249
-887
-570
-102
253
652
1131
1555
1985
2365
2719
3076
3447
3775
4020
4155
4331
4550
4629
4651
4602
4537
4488
4463
4260
4134
3906
3783
3534
3310
3135
2884
2631
2281
1987
1638
1382
1038
731
482
189
-112
-382
-565
-868
-1116
-1336
-1479
-1674
-1865
-1961
-2095
-2222
-2333
-2388
-2488
-2532
-2598
-2603
-2635
-2642
-2574
-2531
-2458
-2345
-2253
-2159
-2066
-1982
-1898
-1832
-1779
-1704
-1663
-1627
-1644
-1592
-1577
-1481
-1475
-1414
-1398
-1394
-1349
-1334
-1277
-1346
-1380
-1473
-1517
-1586
-1649
-1734
-1815
-1900
-1885
-1935
-1931
-1889
-1749
-1611
-1444
-1225
-964
-666
-318
43
416
775
1242
1648
2134
2544
2925
3300
3684
4084
4345
4566
4773
4901
4946
4937
4868
4883
4816
4711
4525
4369
4217
4104
3872
3661
3434
3182
2928
2590
2270
1971
1622
1230
890
534
161
-247
-601
-911
-1287
-1574
-1843
-2056
-2226
-2399
-2523
-2613
-2720
-2792
-2898
-2993
-3088
-3241
-3292
-3355
-3402
-3352
-3282
-3174
-3079
-3002
-2867
-2758
-2621
-2485
-2325
-2142
-1993
-1904
-1795
-1769
-1712
-1688
-1723
-1726
-1759
-1736
-1733
-1713
-1675
-1608
-1554
-1545
-1448
-1352
-1261
-1146
-1102
-1016
-1000
-879
-840
-778
-785
-692
-609
-511
-399
-269
2
223
597
936
1286
1725
2203
2703
3180
3636
4039
4431
4762
4984
5124
5239
5324
5333
5269
5119
4963
4832
4716
4488
4281
4028
3854
3576
3311
3043
2787
2508
2121
1810
1453
1052
628
165
-260
-708
-1151
-1557
-1857
-2228
-2513
-2745
-2952
-3086
-3228
-3334
-3468
-3554
-3606
-3644
-3718
-3727
-3750
-3800
-3807
-3782
-3742
-3669
-3560
-3492
-3346
-3148
-3011
-2811
-2661
-2451
-2290
-2124
-1982
-1855
-1726
-1646
-1521
-1447
-1330
-1277
-1164
-1044
-891
-738
-558
-394
-154
46
163
327
397
470
480
489
415
444
437
266
169
110
103
144
186
317
487
762
1073
1379
1668
2062
2442
2812
3170
3450
3766
4026
4218
4391
4499
4538
4623
4560
4461
4301
4126
4004
3787
3571
3364
3106
2927
2690
2522
2239
1976
1673
1349
981
653
369
11
-365
-717
-1046
-1359
-1686
-1922
-2147
-2468
-2653
-2859
-3050
-3243
-3429
-3586
-3701
-3759
-3814
-3837
-3843
-3826
-3799
-3697
-3588
-3464
-3242
-3047
-2911
-2782
-2621
-2428
-2312
-2167
-2020
-1926
-1769
-1634
-1438
-1352
-1196
-1010
-830
-701
-477
-293
-105
68
276
453
587
703
733
784
650
614
475
376
207
50
-49
-179
-172
-218
-191
-222
-107
11
85
204
365
621
811
1144
1433
1779
2075
2431
2731
2982
3247
3492
3714
3936
4154
4267
4406
4460
4459
4379
4299
4200
4090
3907
3698
3464
3249
3014
2722
2454
2166
1861
1532
1172
853
548
229
-169
-554
-961
-1415
-1862
-2223
-2541
-2938
-3258
-3514
-3745
-3951
-4074
-4188
-4285
-4342
-4361
-4341
-4350
-4252
-4134
-4019
-3893
-3734
-3538
-3394
-3194
-3024
-2832
-2671
-2468
-2258
-2063
-1841
-1546
-1242
-1005
-700
-440
-156
73
304
497
631
763
835
871
896
923
913
886
862
821
781
789
728
805
751
782
721
741
791
764
736
675
675
647
698
728
825
906
1059
1232
1427
1681
1991
2338
2669
3022
3339
3669
3922
4122
4282
4344
4416
4360
4264
4062
3905
3710
3502
3234
2979
2696
2406
2097
1714
1343
903
488
39
-402
-807
-1227
-1646
-2075
-2470
-2849
-3205
-3534
-3812
-4035
-4209
-4316
-4397
-4430
-4476
-4454
-4378
-4335
-4257
-4159
-4072
-3946
-3804
-3675
-3502
-3297
-3078
-2788
-2534
-2225
-1882
-1482
-1099
-739
-375
-47
236
454
657
800
955
1073
1153
1236
1307
1317
1325
1316
1305
1298
1300
1306
1358
1399
1446
1490
1583
1558
1549
1446
1389
1263
1080
881
655
488
261
95
-67
-124
-197
-125
-30
122
344
587
880
1216
1544
1884
2225
2526
2760
2958
3120
3261
3352
3397
3313
3279
3208
3104
2922
2722
2514
2298
2048
1759
1501
1229
1015
696
413
93
-201
-499
-832
-1158
-1486
-1806
-2094
-2349
-2624
-2853
-3139
-3308
-3504
-3679
-3806
-3943
-3979
-4112
-4121
-4160
-4104
-4017
-3912
-3782
-3645
-3407
-3193
-2871
-2559
-2174
-1764
-1386
-1089
-772
-440
-174
82
297
492
622
767
895
1040
1140
1226
1325
1426
1493
1550
1605
1604
1625
1654
1654
1627
1575
1530
1477
1448
1366
1331
1232
1210
1101
1074
990
902
816
691
596
445
320
184
125
19
-44
-76
-30
65
220
386
607
839
1106
1402
1690
1951
2212
2436
2627
2744
2849
2848
2826
2712
2545
2333
2070
1848
1620
1361
1121
914
645
384
190
-36
-244
-459
-653
-884
-1159
-1395
-1668
-1950
-2250
-2531
-2878
-3221
-3530
-3786
-4045
-4258
-4387
-4416
-4405
-4338
-4172
-3992
-3731
-3457
-3154
-2882
-2582
-2244
-1943
-1630
-1296
-1025
-741
-477
-248
31
294
569
818
1112
1376
1644
1941
2180
2368
2514
2654
2746
2810
2760
2730
2640
2518
2415
2267
2144
2026
1891
1834
1729
1683
1608
1544
1439
1334
1235
1052
886
561
308
-32
-286
-605
-896
-1167
-1374
-1474
-1553
-1576
-1535
-1397
-1231
-1047
-778
-493
-172
148
449
748
972
1198
1378
1483
1553
1589
1606
1631
1664
1645
1593
1585
1569
1560
1512
1494
1380
1282
1126
926
657
395
70
-349
-814
-1250
-1671
-2093
-2505
-2903
-3250
-3578
-3840
-4002
-4138
-4167
-4153
-4063
-3947
-3783
-3522
-3304
-3021
-2777
-2467
-2152
-1830
-1512
-1167
-830
-498
-112
222
582
967
1338
1681
2041
2361
2670
2968
3223
3427
3597
3698
3693
3700
3617
3496
3309
3133
2905
2643
2449
2226
1980
1747
1507
1283
1035
830
649
415
160
-66
-339
-615
-880
-1150
-1429
-1762
-2065
-2346
-2536
-2753
-2822
-2912
-2885
-2857
-2729
-2521
-2262
-1945
-1601
-1238
-888
-527
-136
251
616
953
1255
1507
1762
1980
2146
2289
2375
2420
2450
2409
2345
2253
2122
1921
1690
1403
1119
776
396
35
-399
-788
-1202
-1576
-2002
-2329
-2620
-2883
-3107
-3238
-3318
-3305
-3273
-3150
-3012
-2828
-2606
-2337
-2040
-1765
-1432
-1171
-859
-540
-248
62
346
680
979
1276
1599
1903
2194
2458
2715
2945
3125
3302
3408
3460
3490
3470
3365
3206
3023
2788
2528
2199
1886
1486
1132
712
372
68
-240
-512
-762
-988
-1183
-1356
-1471
-1597
-1758
-1858
-1987
-2112
-2257
-2354
-2466
-2579
-2637
-2706
-2757
-2775
-2768
-2723
-2661
-2510
-2301
-2074
-1839
-1550
-1227
-878
-545
-164
228
612
957
1271
1536
1774
1962
2185
2324
2461
2582
2614
2580
2509
2430
2275
2085
1872
1611
1341
1058
779
472
153
-138
-454
-733
-964
-1154
-1346
-1462
-1567
-1624
-1630
-1604
-1574
-1492
-1377
-1256
-1065
-861
-648
-393
-127
146
421
700
937
1193
1390
1563
1716
1844
1959
2042
2072
2078
2089
2009
1932
1834
1708
1549
1411
1266
1096
914
702
554
353
109
-126
-381
-620
-914
-1199
-1469
-1715
-1944
-2127
-2280
-2424
-2487
-2533
-2559
-2519
-2473
-2375
-2268
-2150
-1986
-1866
-1706
-1573
-1457
-1384
-1326
-1240
-1163
-1054
-968
-880
-788
-675
-576
-438
-307
-139
68
280
524
755
983
1180
1347
1512
1649
1793
1905
1990
2064
2077
2056
2055
1974
1854
1710
1569
1401
1250
1060
852
710
534
421
277
156
89
36
-57
-114
-112
-96
-76
-68
12
65
159
237
300
390
467
534
583
624
614
628
617
608
592
550
521
474
469
395
336
288
207
142
119
39
-43
-101
-195
-280
-371
-435
-535
-640
-706
-797
-917
-1008
-1109
-1225
-1322
-1418
-1501
-1603
-1689
-1743
-1782
-1798
-1797
-1770
-1702
-1639
-1521
-1415
-1268
-1101
-967
-788
-633
-438
-305
-147
-75
-23
9
-26
-56
-147
-198
-284
-369
-441
-497
-563
-606
-571
-552
-489
-368
-258
-118
46
216
411
655
885
1101
1312
1533
1734
1917
2060
2166
2230
2293
2307
2264
2236
2210
2159
2100
2067
2036
1983
1967
1918
1843
1765
1676
1573
1439
1324
1182
1037
864
691
536
369
195
53
-123
-279
-380
-485
-572
-654
-705
-795
-870
-924
-1003
-1093
-1151
-1226
-1348
-1406
-1540
-1620
-1718
-1800
-1874
-1901
-1869
-1850
-1804
-1752
-1682
-1642
-1565
-1495
-1444
-1401
-1366
-1343
-1372
-1359
-1363
-1363
-1351
-1343
-1320
-1259
-1185
-1103
-937
-804
-645
-459
-292
-123
20
170
292
439
522
587
670
661
683
676
648
569
513
447
424
396
366
382
363
363
413
471
555
661
763
882
1012
1156
1302
1490
1630
1724
1838
1957
2064
2175
2271
2316
2326
2334
2342
2284
2234
2143
2041
1901
1759
1632
1465
1304
1129
982
853
727
590
440
307
181
37
-95
-240
-372
-529
-667
-830
-991
-1151
-1291
-1447
-1576
-1671
-1793
-1888
-2003
-2117
-2244
-2370
-2437
-2503
-2580
-2609
-2626
-2574
-2499
-2427
-2342
-2222
-2071
-1927
-1775
-1618
-1475
-1341
-1195
-1051
-921
-773
-657
-579
-471
-383
-300
-228
-157
-94
7
105
231
389
524
680
841
978
1114
1294
1410
1525
1634
1686
1738
1714
1685
1627
1522
1433
1320
1157
974
816
647
435
268
142
25
-74
-116
-142
-166
-118
-74
40
130
267
447
600
780
968
1148
1323
1448
1552
1661
1746
1849
1951
2009
2056
2052
2035
2029
1971
1935
1837
1701
1544
1327
1168
934
673
459
188
-73
-311
-579
-854
-1127
-1396
-1643
-1911
-2160
-2388
-2592
-2794
-2969
-3122
-3249
-3367
-3428
-3468
-3466
-3441
-3383
-3306
-3199
-3046
-2875
-2658
-2464
-2225
-1959
-1651
-1342
-1037
-749
-508
-250
12
304
571
824
1040
1257
1514
1701
1880
2061
2221
2315
2395
2455
2497
2495
2483
2449
2373
2324
2214
2124
1987
1846
1711
1506
1345
1173
987
769
564
358
111
-75
-280
-467
-662
-825
-983
-1155
-1265
-1350
-1385
-1378
-1366
-1281
-1168
-1017
-850
-662
-435
-194
48
273
539
778
992
1209
1413
1572
1708
1780
1807
1825
1780
1715
1611
1514
1381
1202
1015
852
660
432
179
-36
-300
-571
-833
-1117
-1338
-1620
-1881
-2119
-2310
-2527
-2734
-2882
-3034
-3154
-3231
-3283
-3295
-3203
-3109
-2996
-2806
-2643
-2394
-2113
-1843
-1506
-1141
-744
-325
92
494
901
1232
1583
1877
2166
2432
2661
2849
3007
3089
3170
3223
3169
3147
3066
2936
2804
2629
2436
2285
2062
1904
1703
1446
1194
956
708
475
253
5
-206
-406
-635
-824
-971
-1128
-1295
-1421
-1544
-1624
-1693
-1722
-1735
-1738
-1736
-1705
-1623
-1590
-1553
-1469
-1360
-1261
-1113
-989
-822
-686
-553
-348
-189
-5
159
307
434
587
699
778
895
958
986
988
944
899
827
697
541
373
183
-17
-176
-358
-506
-612
-716
-785
-867
-914
-970
-990
-989
-997
-1024
-1078
-1063
-1077
-1074
-1036
-995
-970
-914
-808
-696
-493
-304
-106
173
447
739
1066
1425
1739
1992
2235
2439
2627
2770
2844
2896
2857
2754
2639
2484
2293
2120
1876
1620
1380
1143
956
739
561
398
227
36
-142
-323
-501
-673
-853
-1054
-1222
-1380
-1507
-1618
-1676
-1753
-1869
-1946
-1986
-2024
-2036
-2012
-1993
-1955
-1956
-1943
-1933
-1867
-1819
-1779
-1713
-1627
-1579
-1529
-1446
-1350
-1277
-1191
-1095
-1008
-903
-789
-652
-510
-352
-192
-5
183
381
548
728
885
934
1027
1140
1188
1223
1289
1369
1382
1406
1429
1452
1497
1511
1530
1548
1602
1582
1529
1482
1415
1353
1299
1209
1173
1097
1014
955
867
821
776
735
645
613
560
533
475
462
447
411
419
436
520
504
534
542
552
551
482
445
390
310
188
78
-52
-180
-269
-386
-534
-634
-720
-853
-948
-997
-1099
-1148
-1210
-1303
-1357
-1430
-1497
-1552
-1621
-1666
-1685
-1737
-1828
-1876
-1887
-1921
-1939
-1954
-1942
-1920
-1876
-1788
-1698
-1629
-1577
-1469
-1368
-1287
-1223
-1178
-1107
-1029
-934
-848
-749
-651
-527
-391
-231
-52
124
373
538
732
939
1164
1399
1615
1828
2006
2150
2263
2353
2434
2520
2552
2630
2669
2726
2752
2755
2737
2739
2703
2655
2632
2609
2545
2430
2283
2105
1903
1683
1443
1158
887
636
379
120
-125
-325
-522
-683
-793
-866
-947
-1041
-1033
-1074
-1079
-1043
-1042
-1021
-1046
-1055
-1064
-1102
-1148
-1167
-1183
-1264
-1318
-1367
-1422
-1458
-1493
-1499
-1491
-1462
-1489
-1434
-1387
-1384
-1379
-1336
-1339
-1342
-1343
-1369
-1373
-1409
-1426
-1411
-1437
-1481
-1479
-1472
-1456
-1398
-1291
-1205
-1129
-969
-858
-800
-681
-566
-469
-366
-218
-59
55
166
271
360
457
553
684
807
921
1039
1150
1309
1466
1607
1792
1911
2002
2136
2233
2297
2406
2431
2467
2483
2498
2526
2546
2539
2528
2460
2417
2366
2290
2256
2175
2051
1911
1748
1539
1296
1024
764
502
252
0
-204
-405
-556
-708
-841
-974
-1106
-1221
-1294
-1422
-1453
-1481
-1571
-1665
-1771
-1868
-1877
-1930
-2004
-2000
-2001
-2020
-2046
-1973
-1936
-1848
-1790
-1677
-1579
-1532
-1434
-1397
-1280
-1194
-1149
-1111
-1048
-1057
-1088
-1079
-1075
-1035
-993
-963
-926
-827
-733
-635
-478
-325
-177
-29
80
215
316
410
495
576
665
718
765
841
885
916
964
1006
1036
1095
1135
1146
1182
1244
1256
1286
1311
1329
1292
1302
1282
1269
1278
1253
1274
1221
1230
1207
1212
1234
1243
1280
1297
1326
1302
1250
1198
1155
1051
964
871
729
611
465
333
224
112
18
-81
-170
-233
-341
-446
-505
-583
-668
-747
-836
-878
-932
-1052
-1102
-1208
-1302
-1395
-1538
-1588
-1684
-1738
-1801
-1850
-1885
-1850
-1804
-1793
-1729
-1620
-1557
-1447
-1324
-1246
-1168
-1067
-942
-818
-683
-537
-422
-294
-199
-135
-39
86
203
300
393
492
590
699
753
810
933
973
986
1031
1070
1096
1109
1107
1118
1130
1108
1070
1060
1056
989
929
854
833
763
678
650
548
509
426
382
282
209
121
57
25
9
-11
-32
3
1
-35
-4
49
67
142
191
226
288
339
357
363
381
407
365
350
334
317
304
262
215
183
172
88
38
-34
-111
-183
-286
-345
-428
-535
-659
-727
-779
-854
-922
-1002
-1101
-1202
-1277
-1326
-1364
-1372
-1423
-1423
-1446
-1429
-1406
-1383
-1295
-1222
-1137
-1046
-928
-818
-694
-535
-387
-251
-111
79
202
324
476
577
736
865
1011
1149
1252
1360
1448
1505
1562
1585
1576
1545
1497
1457
1433
1382
1314
1258
1155
1061
952
908
804
653
559
453
343
248
153
27
-55
-128
-194
-273
-304
-413
-528
-634
-697
-720
-784
-800
-788
-799
-823
-840
-808
-726
-659
-635
-551
-467
-411
-346
-251
-151
-89
-5
41
102
150
148
125
102
47
10
-22
-68
-112
-179
-244
-288
-355
-390
-404
-475
-526
-545
-598
-638
-684
-722
-756
-783
-831
-838
-816
-819
-812
-798
-760
-700
-648
-561
-447
-350
-216
-65
55
159
279
393
473
594
653
770
839
899
1015
1144
1289
1371
1476
1582
1664
1679
1743
1801
1842
1823
1829
1785
1713
1627
1543
1420
1272
1146
991
835
655
531
331
179
-4
-132
-252
-356
-445
-549
-628
-701
-770
-847
-923
-1013
-1108
-1206
-1263
-1340
-1397
-1404
-1438
-1485
-1505
-1472
-1428
-1413
-1340
-1293
-1187
-1116
-1057
-976
-930
-864
-796
-772
-715
-671
-643
-577
-509
-436
-382
-314
-235
-164
-91
-17
82
147
187
202
251
256
206
212
229
195
155
122
90
61
-4
23
14
34
45
72
107
184
243
232
263
313
379
404
492
580
683
709
728
785
867
937
1004
1085
1135
1233
1294
1300
1364
1401
1427
1462
1474
1465
1416
1397
1347
1302
1274
1230
1160
1049
968
815
659
488
337
200
8
-123
-237
-383
-537
-621
-774
-924
-1079
-1175
-1276
-1333
-1412
-1493
-1560
-1629
-1676
-1729
-1718
-1705
-1716
-1685
-1668
-1669
-1573
-1522
-1454
-1361
-1242
-1154
-1048
-943
-854
-758
-650
-558
-448
-405
-295
-177
-105
7
99
168
190
318
353
414
487
520
566
596
642
649
670
663
626
589
584
566
521
480
449
395
391
357
338
362
340
342
326
318
299
307
315
319
341
397
396
424
477
516
568
621
718
753
855
859
936
953
990
1052
1056
1146
1151
1188
1213
1209
1179
1131
1102
998
919
825
685
549
377
198
37
-123
-236
-402
-574
-730
-927
-1084
-1241
-1335
-1417
-1474
-1544
-1619
-1609
-1587
-1600
-1580
-1572
-1551
-1518
-1526
-1469
-1461
-1427
-1388
-1334
-1244
-1182
-1092
-980
-908
-777
-659
-558
-444
-360
-274
-192
-30
59
118
221
289
357
426
507
562
595
598
593
609
609
625
636
639
656
691
680
700
742
754
745
742
796
769
810
769
756
804
802
779
744
700
699
666
614
576
540
504
452
447
448
485
455
449
468
489
464
483
484
427
394
360
290
216
145
53
-25
-121
-153
-210
-263
-304
-282
-292
-330
-293
-326
-320
-329
-363
-410
-468
-528
-576
-638
-727
-759
-842
-921
-980
-1025
-1001
-1018
-1043
-1028
-1018
-1035
-1054
-1006
-889
-874
-826
-661
-576
-504
-457
-361
-310
-241
-182
-124
-59
5
59
69
157
184
231
319
349
376
416
453
450
484
491
510
524
558
564
584
599
649
727
760
796
860
862
877
854
797
808
776
748
724
746
723
681
611
612
570
503
480
424
388
327
292
214
139
39
-40
-99
-204
-259
-322
-420
-484
-489
-559
-648
-713
-725
-724
-790
-829
-827
-877
-882
-878
-876
-844
-804
-780
-738
-680
-609
-525
-437
-317
-273
-191
-96
-62
21
56
101
165
188
215
282
274
276
291
264
185
174
169
112
81
52
11
-6
-22
-28
-38
-34
-70
-74
-84
-127
-143
-167
-157
-152
-134
-130
-125
-85
-20
-2
60
115
152
207
237
302
379
436
457
491
559
567
623
662
709
729
749
768
758
767
769
786
800
782
763
767
729
697
679
606
517
486
427
289
170
59
-23
-160
-283
-376
-493
-611
-727
-796
-874
-949
-1043
-1140
-1194
-1251
-1261
-1204
-1159
-1122
-1101
-1085
-1072
-1019
-983
-954
-922
-872
-813
-751
-661
-610
-516
-431
-337
-208
-95
-24
106
214
275
382
439
497
532
575
590
585
603
618
631
649
639
605
600
576
552
537
498
438
378
291
267
211
137
91
46
18
-11
-2
-7
4
-24
-19
-14
5
60
105
183
211
278
361
416
474
560
609
633
678
697
749
738
746
763
778
794
776
772
739
690
629
558
509
382
257
158
43
-39
-152
-240
-388
-441
-497
-642
-704
-737
-815
-888
-947
-1022
-1043
-1108
-1159
-1185
-1251
-1278
-1294
-1298
-1290
-1312
-1276
-1246
-1231
-1164
-1063
-981
-956
-873
-769
-674
-599
-477
-374
-256
-131
-21
89
130
241
335
471
570
646
769
802
879
895
962
1037
1057
1083
1086
1062
1024
974
921
854
783
765
686
597
550
531
453
398
386
356
307
262
244
213
162
146
86
101
90
68
46
28
43
79
90
107
134
174
166
193
274
313
348
321
316
292
282
229
183
116
88
46
-35
-79
-105
-100
-125
-162
-163
-192
-223
-224
-321
-348
-340
-453
-507
-548
-565
-637
-677
-724
-771
-827
-905
-948
-952
-946
-980
-919
-940
-937
-934
-903
-881
-840
-824
-766
-723
-703
-653
-605
-554
-480
-410
-360
-277
-204
-95
-44
66
207
275
405
502
585
660
708
819
847
893
917
938
970
995
1009
1000
1018
1017
1053
1062
1091
1109
1056
1030
996
962
938
809
741
686
604
548
481
450
412
353
301
264
164
107
11
-47
-78
-111
-201
-236
-247
-303
-360
-399
-428
-492
-505
-544
-553
-585
-626
-659
-708
-702
-721
-740
-694
-673
-645
-586
-555
-511
-471
-459
-441
-404
-345
-378
-429
-359
-335
-350
-336
-308
-250
-283
-261
-259
-297
-274
-281
-266
-256
-215
-191
-225
-200
-150
-139
-150
-125
-129
-144
-118
-156
-167
-185
-199
-201
-190
-134
-80
-24
82
195
281
387
495
549
603
647
692
747
767
802
815
812
801
838
863
860
843
874
890
896
875
879
881
840
846
777
690
624
575
505
423
323
218
66
-40
-147
-277
-369
-440
-516
-601
-650
-714
-752
-755
-760
-780
-792
-795
-829
-823
-837
-840
-832
-829
-845
-811
-751
-719
-661
-607
-495
-445
-396
-319
-203
-131
-104
-15
52
133
200
262
255
259
315
305
310
312
329
316
271
247
213
194
149
86
68
10
-22
-28
-96
-89
-61
-40
-38
-59
-65
-52
-29
-47
7
17
68
83
65
106
124
135
133
158
203
254
272
316
353
414
427
434
452
464
512
511
526
539
599
577
557
562
528
458
392
348
265
218
157
107
62
-13
-77
-160
-232
-280
-390
-475
-556
-620
-661
-673
-715
-741
-758
-790
-805
-872
-889
-882
-894
-870
-853
-811
-752
-715
-675
-567
-502
-416
-330
-272
-181
-101
-21
14
54
137
237
260
336
430
485
551
591
610
647
674
625
625
627
626
588
587
563
567
513
493
513
473
447
430
429
419
452
409
439
436
426
400
367
347
318
279
238
193
176
182
156
137
107
125
69
31
8
-26
-58
-77
-92
-136
-160
-176
-233
-262
-231
-292
-319
-342
-383
-400
-438
-455
-473
-485
-500
-532
-512
-537
-569
-579
-583
-583
-576
-526
-524
-541
-553
-578
-617
-635
-648
-645
-671
-674
-659
-639
-636
-641
-604
-558
-560
-499
-450
-400
-315
-285
-188
-110
-9
83
161
286
358
390
472
511
541
629
686
726
780
844
891
923
938
972
993
1022
1067
1088
1099
1105
1133
1125
1111
1099
1040
1007
924
871
807
758
734
657
599
521
447
356
266
207
166
84
-23
-104
-222
-342
-420
-486
-563
-636
-694
-771
-813
-841
-857
-895
-938
-924
-924
-944
-924
-923
-922
-903
-883
-887
-852
-835
-820
-781
-695
-621
-583
-506
-474
-398
-352
-326
-280
-275
-252
-208
-199
-170
-176
-153
-109
-76
-57
-41
8
20
15
24
31
122
178
173
181
193
176
121
133
179
193
180
217
259
238
243
292
325
344
373
459
511
547
584
593
647
750
778
835
892
919
906
921
960
959
998
981
982
947
938
877
806
768
746
670
566
491
408
320
174
86
32
-100
-207
-329
-410
-457
-570
-633
-690
-755
-860
-900
-954
-990
-1024
-1102
-1088
-1121
-1129
-1145
-1164
-1141
-1160
-1145
-1065
-1007
-969
-903
-862
-783
-727
-673
-611
-536
-480
-428
-339
-268
-178
-137
-42
24
120
208
250
321
375
412
402
413
452
474
506
533
550
549
529
512
484
471
452
375
358
328
283
266
246
242
223
202
232
256
273
256
268
262
280
309
308
354
399
448
497
531
587
616
642
634
650
691
681
679
705
681
678
664
626
606
557
505
447
368
268
191
90
-20
-130
-236
-290
-409
-507
-587
-651
-710
-790
-808
-861
-887
-913
-953
-974
-980
-1007
-1016
-1010
-1004
-970
-991
-990
-971
-976
-930
-898
-879
-812
-759
-693
-610
-518
-428
-350
-304
-197
-121
-44
37
101
196
255
299
382
449
502
520
585
644
613
608
639
677
729
719
747
756
724
737
751
739
738
679
647
633
627
599
531
516
479
446
398
350
342
275
194
161
140
106
70
61
16
-26
-55
-104
-108
-100
-144
-185
-213
-219
-250
-251
-247
-248
-282
-272
-241
-250
-242
-226
-232
-239
-240
-304
-317
-384
-389
-388
-467
-466
-442
-441
-434
-372
-370
-349
-323
-305
-274
-260
-228
-190
-164
-129
-103
-93
-88
-75
-95
-94
-67
-43
-29
-8
11
48
66
97
125
124
165
185
199
213
211
183
187
191
191
174
207
208
230
236
245
263
260
321
304
341
339
340
391
402
401
443
473
459
456
456
448
452
423
398
342
318
245
200
152
83
43
2
-86
-167
-187
-251
-297
-365
-378
-393
-415
-426
-465
-480
-479
-549
-545
-541
-538
-539
-558
-571
-590
-548
-536
-501
-433
-417
-404
-341
-311
-284
-274
-214
-213
-164
-110
-68
-10
-34
9
51
59
80
126
125
122
103
136
142
172
174
198
250
299
327
320
353
336
320
309
307
317
319
303
265
223
237
217
205
216
216
183
233
258
260
294
250
282
311
321
346
345
347
380
358
349
342
385
356
315
292
248
213
141
123
117
91
54
11
-23
-39
-67
-100
-127
-173
-228
-293
-328
-381
-433
-488
-540
-573
-608
-651
-659
-665
-653
-670
-675
-644
-666
-673
-665
-634
-598
-606
-586
-544
-516
-502
-484
-456
-416
-384
-323
-269
-193
-170
-117
-56
-12
81
136
220
239
320
367
380
420
442
463
498
529
564
549
576
584
572
609
589
574
548
538
514
469
493
464
432
399
367
352
333
309
282
296
257
232
244
235
208
164
167
165
133
129
111
93
54
39
42
9
-16
-43
-55
-43
-83
-101
-108
-101
-121
-127
-135
-164
-178
-191
-232
-252
-250
-275
-295
-320
-295
-302
-326
-307
-303
-325
-344
-361
-357
-379
-387
-381
-409
-388
-362
-372
-356
-339
-357
-335
-340
-299
-256
-234
-240
-217
-186
-208
-216
-187
-157
-154
-101
-80
-63
-14
-28
-51
0
20
18
10
32
41
55
77
93
136
118
113
137
151
173
224
259
316
373
378
380
408
403
413
428
431
436
442
463
453
453
483
483
489
482
470
480
458
445
448
459
425
400
367
327
306
265
227
190
128
77
45
6
-22
-73
-86
-136
-195
-200
-218
-259
-292
-331
-348
-405
-422
-451
-492
-519
-524
-518
-536
-499
-467
-436
-435
-412
-421
-388
-333
-314
-306
-290
-241
-235
-193
-153
-102
-67
-62
-40
-14
-5
-36
-16
-4
-34
-49
-56
-92
-132
-142
-161
-164
-172
-190
-217
-263
-259
-249
-253
-242
-232
-194
-181
-153
-137
-100
-84
-87
-54
-31
19
74
112
164
200
239
263
317
417
470
527
546
590
632
656
670
696
748
795
804
806
800
779
723
711
679
626
587
510
435
357
266
162
103
73
-8
-52
-95
-193
-245
-293
-349
-370
-406
-451
-491
-538
-537
-566
-561
-568
-582
-563
-582
-561
-552
-503
-467
-429
-357
-343
-301
-279
-276
-215
-178
-161
-119
-87
-69
-51
-23
-27
-15
12
25
43
39
21
31
-9
-32
-29
-66
-80
-83
-98
-107
-118
-164
-180
-225
-225
-216
-227
-207
-193
-165
-153
-153
-111
-85
-54
-28
-6
38
40
49
78
114
131
167
227
235
282
317
320
391
395
431
504
544
593
616
656
660
635
644
627
593
620
564
521
515
455
429
405
371
315
275
206
128
79
22
-40
-99
-117
-149
-218
-259
-279
-301
-331
-356
-380
-398
-404
-411
-428
-444
-418
-407
-409
-403
-368
-336
-324
-295
-289
-271
-288
-307
-312
-323
-288
-273
-224
-205
-213
-181
-147
-131
-103
-89
-70
-73
-89
-98
-105
-102
-86
-91
-88
-76
-86
-108
-119
-133
-136
-146
-198
-176
-191
-156
-147
-141
-93
-66
-55
-14
52
52
95
118
162
173
182
208
225
241
240
246
289
330
324
336
337
327
346
377
394
422
428
431
428
462
493
501
497
478
452
424
406
389
362
357
320
268
230
180
117
72
32
-40
-89
-104
-161
-229
-259
-321
-354
-378
-411
-445
-481
-478
-495
-508
-491
-490
-496
-502
-465
-416
-406
-371
-382
-362
-348
-350
-311
-286
-262
-258
-249
-208
-184
-141
-108
-57
-41
-2
46
107
144
202
289
300
320
351
382
391
433
447
453
428
401
382
372
373
362
328
302
273
255
235
164
100
66
38
-17
-54
-92
-123
-149
-197
-215
-230
-236
-227
-216
-201
-196
-197
-232
-225
-196
-192
-166
-129
-138
-96
-90
-93
-35
-32
-70
-68
-70
-76
-61
-41
-29
-18
9
18
38
64
60
54
52
36
39
48
50
7
-20
-41
-97
-127
-149
-169
-188
-203
-227
-204
-195
-193
-178
-164
-160
-139
-114
-71
-29
-4
24
62
136
145
198
231
231
275
271
277
302
307
307
300
303
314
334
356
349
332
321
326
271
251
226
210
169
154
144
135
126
147
109
48
41
-1
-58
-81
-96
-135
-165
-203
-203
-190
-216
-245
-237
-240
-261
-258
-239
-224
-248
-236
-231
-227
-204
-196
-177
-167
-133
-132
-105
-89
-92
-90
-101
-127
-132
-124
-132
-128
-104
-79
-58
-37
-27
-12
-18
-13
-9
-17
4
18
-18
-2
17
-17
17
29
21
23
25
32
38
42
47
59
53
61
59
44
50
41
51
66
72
78
98
113
116
113
122
154
163
161
159
142
144
147
126
127
134
102
114
115
120
111
99
68
45
40
52
42
36
55
74
102
117
136
145
138
136
167
159
179
165
128
132
111
107
97
80
59
15
-27
-67
-100
-113
-130
-163
-154
-158
-164
-185
-200
-211
-225
-253
-258
-290
-328
-344
-351
-359
-369
-345
-370
-373
-356
-354
-363
-372
-324
-299
-286
-251
-235
-213
-193
-182
-149
-123
-91
-73
-59
-14
-11
-12
25
21
43
81
98
127
127
135
164
178
229
234
274
286
296
313
321
363
367
384
374
353
353
329
308
321
293
274
275
255
241
231
231
199
185
186
197
177
153
163
138
117
107
114
123
116
128
109
109
84
60
73
51
54
58
43
39
0
-49
-70
-81
-119
-159
-167
-194
-218
-247
-269
-282
-294
-315
-317
-356
-362
-350
-386
-389
-421
-422
-430
-438
-435
-443
-463
-464
-432
-404
-368
-313
-262
-236
-195
-157
-132
-110
-73
-28
-17
18
29
74
118
120
156
153
165
178
192
203
215
240
242
260
269
257
288
294
319
331
311
346
343
329
333
343
376
368
347
324
300
227
185
187
133
119
126
86
47
8
-9
-28
-59
-71
-101
-102
-95
-85
-86
-112
-125
-110
-114
-108
-89
-76
-51
-43
-26
-6
18
21
24
21
33
35
17
20
-3
-24
-23
-60
-57
-67
-86
-85
-94
-104
-123
-151
-177
-208
-231
-241
-257
-271
-266
-272
-283
-282
-281
-258
-258
-251
-242
-240
-238
-238
-241
-223
-206
-188
-159
-129
-100
-64
-35
7
48
45
55
78
102
145
157
176
195
174
202
208
225
245
274
294
293
315
322
324
311
308
334
331
336
334
345
341
320
308
279
255
215
203
198
167
167
161
135
115
102
98
88
56
33
9
-41
-31
-39
-67
-88
-122
-141
-164
-143
-148
-160
-147
-154
-157
-172
-157
-158
-156
-189
-180
-204
-216
-226
-237
-236
-251
-255
-270
-271
-285
-281
-279
-267
-270
-271
-258
-262
-252
-252
-248
-204
-190
-175
-157
-109
-88
-63
-25
-2
26
16
31
46
52
80
84
99
128
113
150
173
158
178
182
167
164
163
183
163
165
205
206
211
226
244
252
235
234
229
210
220
223
226
224
202
168
170
148
156
158
143
141
146
148
126
133
108
109
111
102
96
50
37
14
-22
-45
-77
-96
-116
-171
-218
-234
-269
-296
-305
-307
-353
-369
-393
-445
-451
-439
-445
-445
-440
-427
-440
-407
-384
-367
-342
-321
-279
-264
-205
-185
-155
-72
-47
-5
52
102
152
179
184
225
226
238
278
308
323
332
307
300
311
288
282
287
282
275
274
277
261
272
261
241
283
272
242
218
203
172
150
108
79
74
50
22
19
36
66
48
39
60
54
43
41
52
55
71
56
71
86
64
24
13
3
-15
-13
-1
-12
0
-32
-39
-50
-50
-60
-108
-118
-152
-145
-169
-185
-175
-191
-200
-231
-248
-274
-296
-312
-322
-326
-354
-378
-392
-414
-419
-414
-397
-401
-389
-362
-334
-279
-224
-169
-133
-105
-54
15
61
93
131
157
172
211
255
276
291
293
297
313
321
336
335
336
326
318
333
322
318
294
275
250
222
195
155
125
114
92
70
57
48
48
56
44
40
21
-2
-7
-28
-31
-29
-38
-49
-43
-46
-58
-45
-47
-64
-53
-39
-43
-31
-30
-32
1
6
-16
8
18
-7
-24
-38
-47
-88
-110
-137
-138
-134
-157
-153
-154
-150
-169
-182
-178
-173
-203
-185
-169
-201
-190
-181
-187
-198
-196
-208
-217
-208
-208
-195
-177
-164
-137
-111
-88
-94
-95
-47
-27
7
47
71
103
122
160
192
238
259
280
322
365
383
408
445
461
467
480
493
487
493
457
452
460
468
449
448
417
345
302
247
210
149
112
51
6
-25
-54
-101
-138
-175
-218
-258
-288
-314
-359
-360
-382
-405
-394
-403
-403
-405
-383
-363
-357
-332
-331
-340
-333
-309
-300
-273
-248
-255
-226
-206
-198
-185
-180
-189
-188
-189
-168
-132
-122
-105
-101
-78
-61
-57
-73
-71
-72
-97
-117
-102
-85
-57
-42
-41
-4
29
63
66
87
114
126
157
164
179
212
230
266
283
299
304
303
314
308
298
295
302
266
264
258
270
289
280
274
274
264
240
239
220
206
196
178
154
122
109
82
44
51
68
54
39
31
-1
-26
-11
-32
-77
-90
-101
-125
-120
-109
-133
-139
-136
-131
-103
-118
-128
-132
-141
-160
-183
-181
-170
-167
-189
-198
-217
-223
-228
-231
-226
-204
-214
-196
-187
-196
-198
-204
-185
-174
-164
-170
-139
-146
-119
-86
-96
-85
-85
-71
-66
-49
-33
-34
-11
-4
3
58
71
100
151
179
213
239
281
308
313
318
305
315
294
285
289
282
312
299
330
329
306
299
286
253
222
198
165
101
80
46
0
-3
-39
-66
-89
-106
-135
-147
-146
-152
-162
-160
-157
-160
-146
-148
-151
-163
-172
-150
-158
-165
-166
-165
-162
-157
-168
-152
-155
-151
-124
-101
-85
-96
-91
-98
-82
-84
-86
-81
-88
-110
-125
-115
-114
-98
-87
-73
-77
-56
-32
-52
-50
-56
-37
-46
-49
-40
-52
-41
-22
2
36
49
32
41
53
70
78
85
111
134
164
145
146
152
134
149
135
160
160
147
153
139
134
162
156
135
135
129
104
108
124
121
116
116
109
103
110
103
75
41
20
22
2
-10
-11
-17
-23
-19
-42
-48
-56
-39
-42
-52
-50
-66
-75
-59
-61
-76
-60
-66
-72
-72
-76
-78
-72
-81
-73
-94
-104
-69
-80
-59
-46
-44
-32
-50
-39
-33
-34
-51
-42
-25
-22
2
-10
-10
-5
-23
-52
-63
-70
-66
-59
-52
-56
-46
-27
-46
-39
-63
-58
-38
-33
-14
-11
-1
-32
-44
-28
-5
-27
-20
0
6
19
38
42
59
71
54
81
91
108
89
96
105
125
123
105
105
76
88
84
76
99
92
73
85
95
88
90
89
80
59
59
51
24
-10
-32
-40
-36
-49
-68
-89
-121
-130
-126
-124
-141
-138
-127
-134
-135
-131
-136
-138
-122
-125
-128
-120
-77
-70
-71
-68
-68
-54
-51
-35
-29
-7
1
19
36
44
43
40
22
18
33
27
32
43
15
33
60
53
86
119
116
133
147
130
145
159
155
166
165
149
147
132
137
126
101
134
111
86
79
51
22
17
-6
-33
-41
-65
-68
-63
-59
-53
-39
-29
-31
-38
-30
-48
-68
-80
-86
-95
-71
-41
-29
-20
-23
-7
-31
-37
-17
-38
-29
-33
-35
-33
-30
-35
-36
-38
-44
-30
-48
-41
-42
-33
-23
-39
-53
-71
-58
-66
-50
-47
-39
-52
-67
-86
-101
-96
-96
-111
-121
-107
-102
-93
-89
-67
-53
-54
-38
-43
-30
-13
-1
28
41
59
59
83
79
74
59
74
90
57
87
97
101
137
119
132
167
159
161
148
153
149
137
110
101
98
91
105
99
97
114
96
90
81
73
77
54
48
58
43
11
-17
-42
-53
-83
-89
-97
-121
-137
-157
-169
-188
-187
-178
-174
-146
-129
-125
-114
-92
-70
-40
-29
-15
12
16
20
30
12
4
11
5
-9
-19
-16
-26
-44
-61
-64
-82
-68
-60
-68
-60
-61
-70
-75
-48
-33
-28
-35
-57
-62
-74
-82
-85
-74
-78
-98
-73
-68
-75
-50
-40
-19
-5
9
44
71
85
105
113
138
168
150
166
161
181
173
157
177
178
201
211
210
198
212
195
174
148
111
97
93
89
76
56
48
36
13
-2
-11
-31
-21
-28
-24
8
4
-21
-36
-32
-40
-54
-74
-78
-82
-73
-76
-97
-86
-107
-102
-67
-69
-64
-64
-79
-80
-68
-71
-55
-35
-23
-7
-19
6
-1
-24
-38
-61
-60
-87
-84
-99
-87
-85
-100
-83
-103
-101
-91
-99
-99
-78
-75
-87
-80
-72
-71
-83
-76
-65
-58
-63
-62
-52
-49
-56
-62
-51
-16
3
-5
1
24
29
14
29
41
50
42
47
60
79
111
120
167
195
201
221
244
234
195
187
184
177
185
161
152
127
131
125
97
106
98
91
71
79
85
76
79
49
6
7
-20
-36
-22
-18
-14
-2
-17
-26
-44
-69
-72
-96
-81
-96
-119
-140
-143
-161
-183
-174
-170
-172
-178
-163
-182
-191
-173
-162
-158
-172
-166
-155
-153
-150
-119
-110
-121
-99
-92
-79
-50
-38
-30
15
45
56
73
93
93
82
90
82
87
69
78
62
59
82
82
90
97
91
92
110
127
120
102
111
106
115
109
120
126
111
121
115
127
134
101
70
66
47
39
39
26
40
48
69
91
86
87
84
66
65
50
37
21
10
3
-8
-27
-40
-63
-92
-95
-97
-93
-99
