33
57
59
70
43
19
18
9
6
16
25
7
14
40
36
41
59
51
35
12
37
80
78
100
112
111
131
116
111
109
82
55
31
1
-23
-31
-33
-17
-6
-11
-11
-22
-30
-30
-43
-62
-79
-101
-112
-104
-97
-93
-64
-35
-29
-18
-33
-29
-22
2
22
20
10
9
22
29
26
39
50
38
55
34
32
43
24
-2
-35
-25
-36
-31
-33
-40
-44
-45
-18
-12
2
2
-9
-20
-18
-18
-19
-15
-24
-16
-21
-22
-20
-11
-1
10
9
10
17
11
3
11
18
10
12
24
12
22
29
3
-2
-3
-29
-33
-28
-38
-31
-15
2
15
19
37
58
47
51
59
42
44
35
34
30
22
16
5
-14
-17
-30
-33
-22
-27
-20
-48
-50
-61
-61
-70
-66
-57
-61
-48
-54
-52
-72
-69
-63
-60
-35
-30
-8
8
19
37
50
53
74
82
58
57
54
53
44
41
45
51
47
51
49
44
37
48
54
38
62
45
40
33
2
14
-16
-8
-18
-23
-53
-76
-57
-34
-33
-55
-69
-57
-45
-70
-78
-50
-20
-9
1
18
16
7
5
-1
-6
-22
-24
-33
-41
-43
-23
-25
-6
-4
-6
-4
3
26
41
34
15
26
16
13
3
-6
-10
-13
-1
34
38
42
62
46
46
43
28
28
36
29
21
31
45
39
52
58
68
62
48
47
33
34
4
11
21
52
47
26
31
27
54
54
31
3
-23
-58
-97
-119
-109
-112
-129
-125
-122
-101
-75
-32
-29
-24
-13
-24
-8
3
11
37
53
62
45
43
41
34
46
46
52
38
16
-2
13
-5
-10
-22
-17
-27
-49
-44
-28
-25
-38
-33
-27
-24
-19
-19
-27
-44
-38
-16
2
-15
-42
-30
-66
-72
-63
-50
-31
-35
-38
-42
-31
-14
-19
2
-6
-17
12
18
19
18
13
2
2
7
3
-14
-18
-24
-27
-9
7
26
35
39
56
48
50
40
64
75
62
39
26
35
26
30
29
45
40
41
49
58
52
72
74
53
62
58
35
26
25
19
1
-1
7
21
24
37
38
21
11
-8
-21
-9
12
-2
-1
-5
-4
-21
-25
-34
-46
-60
-92
-123
-137
-112
-85
-53
-32
-5
-14
-18
-12
-35
-52
-58
-35
-11
-24
-23
-15
-14
-18
-18
-14
-13
-8
-6
17
2
5
11
7
3
7
13
6
4
24
44
44
40
21
15
-13
-35
-56
-62
-34
-30
-22
1
13
8
-14
-12
19
38
50
56
64
73
52
38
24
26
19
6
7
15
15
26
16
-20
2
25
22
15
25
25
32
34
7
-18
6
6
-5
-15
-12
-34
-37
-58
-75
-53
-72
-47
-33
-28
10
29
30
32
35
47
44
3
-27
-32
-21
-27
-18
-21
-19
-18
-60
-69
-67
-55
-28
-10
1
43
75
71
31
19
23
8
9
-18
-29
-35
-19
-35
-59
-57
-26
-10
-25
-1
-18
-19
-5
16
52
101
132
128
133
124
142
99
82
94
76
47
36
52
79
55
32
2
1
-3
2
-38
-289
-428
-308
33
-24
-30
119
285
301
331
287
75
28
98
-87
-381
-389
-198
-196
-386
-319
-176
-37
34
-37
-178
-152
-115
-273
-457
-384
-141
-19
71
224
401
520
619
522
336
314
333
116
-194
-194
-56
-95
-198
-168
-48
-16
10
69
18
5
29
-32
-166
-101
82
87
39
110
238
285
285
279
182
93
65
-40
-150
-212
-189
-256
-262
-271
-186
-142
-92
-96
-160
-127
-30
11
-18
45
100
132
117
171
141
139
135
44
-46
-95
-92
-107
-162
-166
-122
-107
-93
-47
-45
-37
-34
18
65
148
194
210
150
164
197
164
123
83
68
37
53
40
11
12
8
-55
-65
-63
-13
-35
-115
-150
-166
-173
-164
-157
-203
-219
-149
-89
-78
-13
60
106
82
110
161
114
100
57
-2
-47
-42
-30
-109
-160
-135
-125
-128
-74
-66
-90
-98
-49
-65
-106
-84
-80
-130
-112
-45
-45
-43
-2
-24
-43
-44
9
78
119
189
171
178
236
273
229
178
177
172
147
218
227
236
261
254
226
236
278
275
208
172
129
29
-72
-76
-121
-220
-197
-148
-149
-119
-11
21
-32
24
176
173
74
50
53
-40
-74
-76
-144
-195
-163
-197
-318
-348
-283
-375
-536
-595
-643
-654
-569
-458
-454
-329
-75
125
163
266
419
415
363
330
282
225
248
291
239
185
294
299
164
74
99
62
-53
-82
-116
-119
-20
48
88
236
483
616
593
598
682
678
555
402
159
36
-12
-76
-298
-480
-521
-513
-447
-507
-465
-349
-288
-279
-132
-34
-12
92
169
81
53
181
204
155
115
164
-135
-510
-812
-1066
-1392
-1459
-1467
-1444
-1350
-1035
-763
-548
-254
18
234
333
483
616
697
787
839
785
823
915
936
723
643
593
440
216
45
-102
-264
-339
-337
-297
-120
135
290
368
670
1041
1233
1295
1366
1510
1468
1391
1261
1099
948
767
495
159
32
-106
-382
-583
-726
-828
-886
-765
-751
-800
-753
-557
-477
-359
-55
75
48
52
240
167
60
38
-82
-425
-668
-866
-1406
-2059
-2583
-3025
-3509
-3590
-3546
-3489
-3193
-2513
-1786
-1314
-767
-133
631
1429
2099
2397
2622
3065
3451
3366
3067
2997
2880
2419
1761
1185
126
-967
-1811
-1840
-2121
-1854
-1197
-636
-13
939
2053
2275
2260
2561
2809
2647
2621
2589
2571
2472
2556
2184
1660
1481
1102
193
-683
-1165
-1717
-2470
-2889
-3133
-3075
-2624
-1951
-1435
-1013
-306
216
183
228
438
549
139
-17
-60
-140
6
72
-45
-284
-202
-153
-258
-392
-398
-580
-958
-1479
-2064
-3122
-4735
-7174
-9100
-8829
-6371
-3960
-2887
-1822
739
4353
6859
6997
5747
5186
5619
5325
3248
1245
1174
2344
2777
2148
1804
2799
4104
3768
1527
-887
-2069
-3237
-5334
-7686
-8254
-6507
-4111
-2237
-472
2450
5895
8053
8312
7897
7768
7269
5416
2847
1165
611
108
-1025
-2362
-2710
-2018
-1653
-2349
-3564
-4255
-4198
-4207
-4425
-4199
-3208
-1865
-526
706
2064
3554
4487
4248
3292
2406
1755
967
-402
-1878
-2972
-3341
-3386
-3342
-3093
-2591
-1974
-1645
-1259
-427
346
665
512
671
875
902
750
322
-236
-756
-1758
-3945
-6904
-8338
-7234
-5379
-4439
-4263
-2817
404
4090
5895
5323
4892
6099
7473
6805
4559
3206
3700
4724
4524
2686
1498
1852
2569
1257
-1803
-3834
-4777
-5083
-6876
-7927
-7200
-4030
-1035
513
1911
4346
7108
8317
7906
6876
5974
4758
2976
745
-360
-283
-261
-1532
-2777
-2584
-1427
-1013
-2047
-3825
-4674
-4260
-3727
-3906
-3982
-2807
-1369
-497
-12
1049
2527
3222
2690
1397
1143
1810
2017
825
-671
-1050
-776
-393
-612
-682
-659
-756
-756
-707
49
503
680
-24
-432
-441
-241
-432
-1045
-2331
-5492
-9091
-10639
-8355
-5577
-4391
-4792
-3371
939
6084
8383
7168
5805
6729
8132
6932
3807
1976
2792
4219
3788
1904
1173
2783
4140
2821
-642
-3060
-4001
-5517
-8020
-10191
-9946
-7925
-4706
-2199
391
3589
7074
9016
9441
9592
9415
7415
4669
2602
1479
814
63
-665
-1820
-1821
-915
-347
-999
-2531
-4017
-5177
-5209
-4695
-4794
-4637
-3341
-1601
-413
798
2713
4064
3918
2683
1703
1447
1713
1473
-32
-1414
-1480
-570
-48
-33
-175
-887
-1555
-1658
-1307
-1349
-1447
-1454
-1779
-1649
-1083
-36
140
-72
-548
-1014
-945
-796
-2361
-6503
-10896
-11467
-8617
-5629
-4653
-4444
-1861
3050
7891
9250
8252
7887
9121
9039
5991
2368
1186
2277
2941
1286
-875
-371
2702
4703
3105
-96
-1919
-2840
-4617
-7384
-9020
-8275
-5841
-3291
-810
2216
6337
9543
10540
10293
10123
9493
7348
4759
2776
1526
495
-504
-1606
-2224
-1811
-1216
-1707
-3161
-4460
-5333
-5972
-6460
-6995
-7029
-6124
-4018
-2201
-972
731
2741
4161
4169
3731
3669
3867
3774
2786
1390
470
73
-535
-1545
-2357
-3001
-3910
-4705
-5166
-5364
-5457
-5207
-4602
-3880
-2876
-1760
-592
434
1747
2705
3277
3111
2918
1478
-2480
-7605
-10779
-9479
-7127
-6011
-6503
-4862
9
5778
8405
7420
6293
7520
8875
7327
3700
1449
2248
3820
3816
2758
3144
5963
8200
7470
4612
2102
608
-1717
-5612
-9912
-11877
-10517
-7920
-5849
-3088
1184
5503
8185
10119
11205
10855
9014
7013
4661
2592
1279
196
-1159
-2268
-1756
-1244
-1082
-1868
-3446
-5194
-6218
-6502
-8024
-9742
-9758
-8148
-6401
-4893
-2510
674
3880
5949
6253
6310
7176
7822
6230
3240
1162
335
-582
-2052
-3501
-4732
-5492
-5359
-5209
-5410
-5367
-5113
-4758
-4659
-3732
-2618
-1297
-122
1350
3019
4765
6281
6105
4794
3576
2196
-1731
-7398
-10602
-9824
-7989
-7255
-7103
-4626
127
5154
6997
6197
5828
7386
8254
6374
3709
2713
3771
5006
5312
5044
5925
7903
8516
6473
3202
847
-1465
-4815
-8748
-11774
-12292
-10667
-8071
-5877
-2676
1534
5265
7391
8942
10229
9939
8248
6093
4131
2653
1923
1302
209
-619
-586
-495
-831
-1889
-3751
-6474
-8862
-10088
-10689
-10781
-9687
-7659
-5220
-2212
1540
4993
7179
8117
7938
7352
6727
5901
3942
1246
-825
-1994
-2491
-2610
-2629
-3057
-3974
-4407
-4540
-4688
-4898
-5149
-5216
-5352
-4488
-2766
-501
1754
3277
3968
4162
5457
6731
7145
5381
3268
1000
-2791
-7741
-12053
-12016
-10174
-8487
-8395
-7082
-2164
4233
8195
7817
6282
7105
9351
9434
6440
3446
3488
5582
6702
5484
4150
5152
6726
5902
2780
-568
-2428
-4796
-7969
-11163
-12617
-11241
-8913
-6923
-5257
-2080
2173
5287
8024
10488
11486
10291
8743
8286
7898
6713
4566
1714
-1013
-2036
-2571
-3453
-5710
-8036
-10067
-11069
-10106
-8986
-8278
-7539
-5508
-2833
-373
2687
5595
7256
7619
7266
7370
7447
7208
5388
2520
525
-426
-1124
-2383
-3630
-5020
-6731
-7985
-7963
-7353
-6728
-6133
-5410
-4129
-2115
397
2118
2776
3134
3647
4477
5331
5800
5669
4579
3588
2462
1657
-708
-5349
-11017
-13694
-12345
-10178
-9058
-8274
-5042
402
5690
8317
8726
9400
11234
11335
8375
4555
3171
3770
3985
2431
670
1023
3670
5364
4134
1493
-154
-1590
-4580
-8125
-10498
-10520
-9440
-8131
-6534
-3303
1857
6779
9758
11342
12983
13247
11275
8310
5519
2742
-538
-3468
-5722
-6507
-5763
-4355
-3800
-4064
-3788
-3570
-3661
-4160
-4984
-6368
-6834
-5296
-3064
-936
1289
3896
5927
7157
7927
7505
5937
3611
866
-1976
-3951
-4412
-4703
-5284
-5515
-4896
-3820
-2666
-1854
-1793
-2577
-3060
-2838
-2313
-1864
-1464
-1192
-820
653
2789
4262
4547
4347
3901
3381
2647
1817
371
-664
-2898
-6774
-11498
-12484
-9502
-6475
-5208
-4866
-1840
3055
7637
8888
7293
6258
7437
8058
6010
3201
2814
4028
4805
4320
3959
4985
7039
7148
4770
1870
502
-848
-4447
-8268
-10208
-9532
-8167
-7438
-6013
-3275
1276
4438
6159
7732
9205
9480
7759
5674
3915
3067
2432
1265
-403
-959
-474
27
-1171
-3394
-5241
-6399
-6952
-8172
-9242
-9030
-7214
-5001
-3654
-1692
1215
3870
4915
4515
4510
4860
4643
3461
1878
1013
840
778
299
-238
-1161
-2656
-4162
-4778
-4911
-5743
-6745
-7254
-5973
-3746
-1283
577
1912
3250
4324
4985
5027
4621
4005
3308
2600
1835
969
277
97
-1205
-4992
-9711
-11870
-9759
-7723
-7294
-7876
-5815
-839
4310
6710
6677
6980
8969
10184
8687
6077
4731
4892
4951
4191
3215
3460
5213
6156
5016
2995
1488
413
-2449
-6289
-9538
-10805
-10343
-9387
-8564
-6881
-2938
2036
5805
8177
10097
11108
10492
8847
7135
5470
3352
1018
-1248
-2526
-2263
-1736
-2332
-3885
-4574
-4845
-5474
-6922
-8515
-9304
-8962
-7592
-5751
-3500
-681
2024
3882
5398
7269
8635
8425
6901
5075
3632
2423
1159
-539
-2390
-3865
-4820
-5376
-5560
-5027
-4762
-5226
-5504
-4358
-2307
-953
-511
-761
-515
496
2150
3368
3767
3661
3680
3533
3441
3204
2517
1089
-369
-2510
-6051
-10196
-11863
-10353
-8773
-7968
-7268
-4292
267
4804
6688
6592
6705
8363
9585
8839
7210
6554
7256
7490
6539
4951
4197
4923
4402
2044
-707
-1774
-2295
-4750
-7687
-9373
-8751
-7352
-6599
-5371
-2717
1200
4191
5608
7322
9444
10625
9500
7408
6240
5730
4534
2010
-945
-2511
-2849
-3291
-4882
-6866
-7977
-8371
-8451
-8603
-8424
-7415
-5893
-4289
-2897
-1196
1267
3457
4407
4339
4487
5472
6360
6025
4729
3579
3003
2295
816
-969
-2516
-3899
-5690
-7296
-8416
-8416
-7451
-6146
-4800
-3539
-2014
-686
791
2034
2814
3086
3129
3390
3527
3763
4061
4165
3994
3373
2450
1548
-245
-3715
-8648
-11983
-11614
-10027
-8898
-8741
-6548
-1882
3312
6741
7872
8292
9593
10438
9561
7254
5933
5601
4936
3912
2990
3400
4795
5399
4548
2577
1111
-64
-2588
-5880
-8396
-9045
-8358
-7438
-5969
-3661
-143
3733
5839
7186
7888
8761
8116
5918
3694
2489
1832
719
-858
-2152
-2049
-1419
-1730
-3717
-5613
-6673
-7298
-8499
-9531
-9472
-8522
-7194
-5542
-3599
-790
2417
4611
5618
6086
6959
7588
7388
6475
4948
3377
1708
570
-864
-2580
-4181
-5551
-6620
-7261
-7186
-6705
-5661
-4497
-3151
-2346
-996
581
2424
3495
3895
3809
3848
4385
5164
5458
4647
3710
3144
2816
1991
548
-1195
-3933
-7889
-11534
-12445
-10881
-9103
-8029
-6770
-3358
1467
5525
7328
7705
8308
9255
9120
7608
5826
4976
4885
4918
4574
4455
5330
6605
6404
4609
2219
376
-1746
-4696
-8130
-10823
-11792
-11039
-9337
-7476
-4844
-1323
2577
5684
8485
10161
10575
9586
7932
6280
4742
3009
695
-1950
-3535
-3782
-3920
-5157
-6665
-7519
-7818
-8023
-7985
-7537
-6905
-5953
-4819
-2669
365
3715
5961
7043
8545
10301
11243
10306
7916
5161
2382
-137
-2742
-5313
-7312
-8618
-9501
-9852
-9073
-6990
-4779
-2806
-1316
130
1434
2627
3222
3226
3061
2894
2910
3169
3646
3771
3452
2671
2313
1742
888
-303
-1738
-2751
-4093
-6618
-10188
-12207
-11135
-8983
-7498
-6642
-4284
-241
4235
7232
8400
8605
9380
10272
9926
8462
6924
6107
5421
4410
3649
3568
4247
3991
2058
-322
-1269
-814
-2156
-5381
-8631
-9424
-8140
-6499
-4921
-3432
-718
2599
5637
8027
9958
10982
9810
7208
4623
3031
1603
-466
-3372
-5778
-6443
-5648
-5344
-6190
-7104
-7254
-6791
-6318
-5876
-5090
-4028
-2484
-638
1658
4439
6961
8473
8591
8387
7957
6693
4466
1328
-1846
-4518
-6157
-6898
-7523
-8015
-8194
-7577
-5994
-3509
-1065
53
230
437
1574
2623
3067
2606
2115
2159
2497
2836
2620
2666
2585
1945
818
225
8
-260
-1404
-2452
-3076
-2748
-3599
-6405
-10298
-11292
-8925
-5581
-3280
-1810
1174
5197
8782
9770
9142
8841
9418
8821
6026
2873
1838
2818
3759
2980
1392
1374
3089
4310
3725
2153
1517
704
-1431
-4230
-6070
-5964
-5173
-4815
-4246
-2618
619
3436
4698
5062
5101
4680
2766
551
-1126
-2325
-3680
-5345
-6142
-5209
-3006
-1437
-1505
-2099
-1796
-812
-590
-1467
-2538
-3208
-3178
-2521
-1147
546
2157
2691
2670
2971
3830
4154
2422
-129
-1933
-2268
-2159
-2408
-2971
-3284
-2833
-1892
-905
-113
356
339
-306
-1003
-1137
-482
-33
-33
-669
-1146
-773
161
1074
1490
1792
2154
2366
2529
2825
2861
2534
1436
245
-602
-792
-2191
-5427
-9805
-11166
-9594
-7346
-6764
-6535
-3728
814
5325
7342
7892
8594
10127
10708
9496
7803
7193
7084
6424
5231
4694
5193
5543
4307
2228
705
373
-910
-4342
-8377
-10867
-10930
-9920
-8682
-7100
-4766
-1478
1513
3826
5562
6942
7058
5487
3305
1921
1630
1303
-417
-2689
-3893
-3301
-2500
-3135
-4521
-5299
-5165
-4856
-4811
-4266
-3254
-2125
-1169
-191
1991
4479
5936
5520
4726
4505
4645
3884
2051
-17
-1683
-2837
-3650
-4414
-4897
-5118
-5141
-4870
-3908
-2416
-914
176
1121
2217
3253
3988
4117
3672
2753
1748
721
77
-154
-632
-871
-1145
-633
-59
508
706
443
511
24
-369
-1206
-2761
-5406
-8532
-9581
-8248
-5923
-4052
-2161
1164
5208
8500
9997
10339
10287
10073
8581
6213
3819
2462
1842
1173
796
779
1360
2028
2300
2393
1672
826
-860
-3355
-5713
-7314
-7812
-8071
-7889
-7211
-5447
-2727
-169
1794
3080
3994
4411
4112
3245
2234
1276
15
-1382
-2011
-1782
-887
-509
-866
-1044
-652
-95
-443
-1195
-1824
-1968
-2286
-2676
-2100
-718
614
1187
1308
1816
2703
3280
2692
1438
465
-31
-390
-988
-1442
-1494
-1040
-443
162
633
1088
1549
1405
928
397
-24
-395
-758
-1130
-1601
-1797
-1635
-936
-112
721
1424
1645
1904
2110
2257
1552
439
-295
-783
-1154
-1783
-2490
-3850
-5812
-7967
-8121
-6638
-4426
-3021
-1843
372
3525
6057
6557
5924
5675
6102
6013
4578
2782
2263
2915
3181
2347
1700
2405
3539
3033
1418
186
16
-1070
-3917
-7111
-9020
-8958
-8383
-7766
-6773
-4901
-2209
464
3054
5158
6489
6406
5284
3846
2895
2561
1969
475
-1212
-1551
-286
1036
1371
976
773
711
319
-412
-1136
-1462
-1731
-2176
-2165
-1272
255
1168
1417
1559
2059
2624
2786
2573
1768
832
16
-355
-338
-271
-296
-402
-325
-284
-468
-871
-949
-882
-984
-1463
-1966
-2156
-2293
-2363
-2586
-2692
-2327
-1974
-1430
-934
-57
1008
1506
1768
1859
1998
2126
1789
1169
321
-1452
-4212
-7613
-8795
-7836
-6157
-5537
-5041
-3001
388
3405
4851
4645
4549
5072
5510
5019
3789
3246
3603
4085
4380
4498
5138
5724
5201
3567
1542
257
-1399
-4037
-6875
-8381
-8375
-7969
-7586
-6609
-4943
-2465
-200
1666
2761
4004
4719
4944
4737
5144
5925
5903
5448
4995
5284
5471
4659
2538
9
-1468
-2293
-3600
-5509
-6857
-6823
-6177
-5194
-3638
-1512
629
1854
2157
2645
4049
5357
5122
3336
1886
1622
1647
1024
-322
-1493
-2350
-2864
-3339
-3749
-3713
-3470
-3674
-4221
-4503
-3785
-2992
-2561
-2916
-3148
-2597
-1511
-234
403
1102
1681
2502
3029
3565
3606
3060
2349
1697
926
-103
-1377
-2160
-3945
-6194
-8986
-9369
-8080
-6161
-4914
-3746
-1058
2663
5626
6158
5752
6003
7223
7536
6205
4393
3703
4310
5124
5080
4680
4603
4842
3797
2263
962
277
-1192
-4121
-6848
-7985
-7461
-6499
-5813
-4741
-3055
-492
1570
3047
4356
5076
5409
4748
4309
4267
4514
4159
2946
2101
2160
2745
2306
516
-1466
-2506
-2804
-3294
-4112
-4748
-4859
-4322
-3449
-1947
-593
336
324
89
160
680
920
222
-618
-1236
-1439
-1418
-1208
-835
-688
-1107
-1798
-2094
-1762
-1523
-1945
-2717
-2861
-2109
-1374
-1188
-1372
-1305
-1280
-1449
-1312
-384
784
1225
987
1277
2484
3947
4122
3147
2331
2073
1982
1174
8
-843
-743
-1380
-3292
-6735
-8230
-7420
-5971
-5799
-6170
-4802
-1818
1678
3824
4894
5871
7550
8682
8708
7727
7206
6937
6262
5043
3570
2893
3028
2744
1969
1100
1319
1075
-973
-4176
-6874
-8004
-8547
-9020
-8964
-7751
-4907
-1645
1520
4563
7537
9714
9984
9065
8124
7585
6101
3359
165
-1516
-1679
-1727
-2526
-3462
-3453
-2957
-2806
-3149
-3494
-3918
-4798
-5625
-5652
-4820
-3421
-2456
-1528
-106
1913
3687
4305
4143
3340
2240
632
-801
-1770
-2371
-2773
-3084
-2976
-2321
-1160
-457
-533
-893
-1009
-1114
-1753
-2786
-3324
-3203
-2641
-2062
-1085
396
2195
3888
4808
5278
5305
5412
5026
3855
2565
1379
463
-545
-1764
-2174
-2050
-2591
-4844
-7934
-8734
-7447
-6020
-5793
-5442
-3049
603
3964
5543
6346
7492
9193
9794
8728
6842
5944
5624
4828
3376
1982
1843
2147
1469
71
-1021
-915
-1620
-4219
-7101
-8641
-8271
-7712
-7268
-6041
-3740
-640
2163
4702
7014
8615
8810
7568
5890
4920
4026
2488
202
-1790
-2328
-2418
-2749
-3469
-3969
-4076
-4610
-5347
-5703
-5382
-4996
-5171
-5131
-3866
-1395
1118
2416
3006
3789
4570
4874
4293
3223
2182
965
-276
-1533
-2172
-2130
-2134
-2315
-2357
-1815
-930
-465
-555
-751
-624
-466
-461
-114
629
1496
1829
2117
2890
4201
5344
5162
4107
2928
2406
1556
97
-1560
-2813
-3289
-3585
-3148
-2376
-1205
-377
-1421
-4063
-6606
-6857
-5938
-5830
-6284
-5739
-3121
377
3345
5327
6691
7968
9015
8591
7156
5630
4141
2408
261
-1197
-1580
-825
144
257
218
552
1182
423
-1830
-3955
-5293
-5973
-6543
-6495
-5373
-3091
-492
1676
3505
5584
7556
7910
6673
4738
3577
2407
700
-1406
-2917
-2961
-2079
-1704
-1880
-1720
-760
-175
-598
-1425
-2164
-2579
-2910
-2959
-2460
-1311
94
1270
2234
3254
4073
4154
3414
2435
1457
422
-709
-1410
-1649
-1355
-878
-490
-43
563
1267
1384
765
107
-160
-635
-1477
-2320
-2455
-2174
-1912
-1701
-1265
-213
899
1531
1564
1582
2019
1899
1423
562
193
26
-208
-915
-1297
-1942
-3363
-6420
-9416
-10064
-9228
-7637
-6911
-5402
-2853
642
3753
5784
6777
7743
8255
7786
6145
4798
4017
3551
2776
2046
2051
3113
4134
4389
3867
3244
2455
486
-2313
-5030
-7132
-8330
-8925
-8263
-6784
-4687
-1894
1078
4197
6558
7948
7948
7058
5912
4858
3266
1619
85
-616
-775
-657
-625
-594
-348
-769
-2029
-3609
-4471
-4732
-5198
-5649
-5456
-4333
-2339
-148
1425
2608
3540
4273
4434
4046
3737
3280
2284
807
-282
-691
-397
-176
-145
-381
-374
-392
-807
-1351
-1756
-2048
-2729
-3544
-3833
-2978
-1643
-488
212
1007
1998
2887
3252
3039
2538
1676
633
-188
-663
-570
-657
-1004
-1353
-1419
-1347
-1138
-1649
-3565
-6735
-9231
-9510
-8276
-6726
-5858
-4426
-1681
2183
5652
7585
8178
8424
8313
7297
5314
3629
2736
2172
1401
865
1478
3177
4235
4053
3314
2879
2214
-96
-3423
-6366
-7908
-8335
-8436
-7591
-5865
-2990
81
2946
5473
7538
8408
7901
6412
5012
3617
1881
-95
-1787
-2160
-1525
-742
-344
-259
38
100
-624
-1701
-2369
-2629
-3322
-4178
-4293
-2931
-882
533
1106
1882
2953
3870
3699
2904
2208
1406
535
-258
-204
575
1235
1157
647
403
480
207
-781
-2364
-3984
-5302
-5904
-5786
-5113
-4314
-3606
-2798
-1612
71
1726
2879
3051
2865
2791
2852
2652
1994
1370
615
0
-510
-770
-881
-1257
-2189
-4012
-7065
-10037
-11167
-10067
-8977
-8246
-7121
-3546
1581
6262
8914
9810
10379
11175
11397
10115
7818
5701
4116
2966
2074
1816
1981
2082
1323
50
-840
-1131
-1767
-3877
-6456
-7905
-7465
-6075
-4740
-3207
-1061
1701
4467
6519
7823
8240
7715
5969
3915
2438
1505
373
-1131
-2011
-1608
-484
87
-221
-925
-1463
-2225
-3424
-4623
-5377
-6050
-6715
-6645
-4940
-2299
-146
954
1873
3395
5017
5854
5362
4434
3597
2585
1642
942
830
854
238
-944
-1921
-2215
-2476
-3670
-5552
-6949
-7180
-6679
-6117
-5206
-3678
-1638
575
2425
4259
5863
6914
6912
6104
5217
4269
3161
1387
-250
-1373
-1874
-2498
-3119
-3659
-3919
-3949
-4190
-4856
-6635
-8457
-9324
-8014
-6277
-4314
-2365
670
4486
8017
10059
10627
10110
9147
7729
5886
3673
1465
-226
-973
-1086
-665
-26
700
1187
1092
1063
1064
902
-395
-2360
-3781
-4045
-3495
-2872
-2307
-1214
173
1740
2869
3627
4068
3810
2874
1669
1122
1214
933
133
-636
-327
485
1024
677
-219
-955
-1629
-2396
-3218
-3605
-3799
-3977
-3875
-2958
-1172
661
1852
2354
2987
3967
4803
4815
3944
2901
2060
1491
793
-94
-921
-1835
-2872
-3880
-4626
-5122
-5639
-6204
-6442
-5729
-4238
-2388
-685
848
2335
3893
5200
5628
5108
3990
2971
1885
1146
160
-676
-1645
-2166
-2302
-2413
-2556
-2966
-3265
-3641
-3830
-3794
-3378
-2891
-2372
-2850
-3938
-4729
-3400
-1352
275
660
1521
3363
5512
6664
6412
5418
4580
4152
3554
2600
1942
1715
1806
1940
2217
2721
3223
3353
2675
1807
1170
999
216
-1417
-3041
-3815
-3996
-3740
-3600
-2955
-1995
-344
1372
2913
4131
4676
4751
4121
3356
2521
1628
742
-280
-1031
-1593
-1855
-1763
-1762
-1898
-2381
-2956
-3161
-3112
-3089
-3116
-2875
-1921
-444
992
2100
2940
3666
3867
3624
2919
1898
595
-1281
-3087
-4379
-4871
-5068
-5157
-5043
-4522
-3523
-2343
-1172
-124
758
1179
1503
1812
2243
2550
2624
2409
1905
1555
1294
996
475
-420
-1278
-1891
-1989
-1806
-1773
-1687
-1305
-673
-207
-42
154
386
427
143
-324
-494
-843
-1948
-3805
-5172
-4774
-3930
-2752
-2177
-776
1050
2997
4414
5186
5603
5724
5547
5110
4603
4470
4398
4288
3847
3286
2717
2585
2458
1568
41
-1662
-2634
-3477
-4168
-4877
-5221
-4968
-4149
-2778
-1307
307
1888
3205
3923
4061
3934
3670
3121
2019
705
-502
-942
-912
-738
-817
-1037
-1174
-1257
-1207
-1541
-2198
-2663
-2801
-2837
-2817
-2399
-1387
-160
871
1546
2257
2919
3234
2736
1651
540
-554
-1603
-2626
-3175
-3089
-2659
-2201
-1691
-889
214
1072
1299
1003
698
615
505
258
42
19
338
594
731
883
1159
1367
1116
562
-180
-704
-1196
-1783
-2638
-3211
-3611
-3535
-3413
-3169
-2701
-1838
-746
134
539
671
617
-33
-1494
-3208
-3421
-2835
-1875
-1404
-408
1724
4414
6417
7188
7088
7077
6924
5991
4050
2109
732
-86
-543
-723
-556
-188
125
229
563
938
1088
250
-1059
-1999
-2283
-2290
-2330
-2187
-1609
-790
189
1191
2154
2877
2715
1807
717
-128
-408
-1016
-2104
-2984
-2950
-1996
-1050
-653
-654
-475
-227
-73
-39
-131
-290
-564
-717
-131
769
1602
1901
1730
1424
1092
484
-337
-1327
-2165
-2701
-2935
-2692
-1860
-395
965
1869
2442
3122
3746
3844
2864
1415
350
-171
-489
-927
-1202
-1211
-1120
-1091
-1304
-1379
-1565
-2107
-3000
-3707
-3637
-3417
-2985
-2678
-1997
-983
225
1228
2075
2618
3090
2841
2245
1659
1206
738
-151
-1192
-2901
-4352
-5520
-5040
-4523
-3578
-2845
-1255
751
2772
4068
4618
4741
4875
4711
4302
3536
3025
2360
1702
1244
937
909
805
821
655
731
865
861
66
-864
-1657
-2160
-2363
-2524
-2393
-2139
-1707
-932
-215
566
1015
1414
1249
808
347
275
498
857
972
1146
1714
2449
2788
2560
2025
1390
648
-99
-786
-1505
-2290
-2718
-2543
-1967
-1130
-553
-344
-354
-168
350
927
1227
1184
1014
852
831
1162
1286
1075
370
-317
-791
-961
-963
-1288
-1837
-2506
-2844
-2786
-2392
-1894
-1793
-2029
-2156
-1923
-1345
-983
-1034
-1680
-2061
-1677
-809
-10
306
352
479
727
1156
1393
1166
573
-98
-473
-523
-330
-90
-280
-467
-1045
-1687
-2476
-2955
-2896
-2987
-2623
-1986
-458
1244
2633
3509
3789
3942
4222
4296
3763
2716
1917
1464
1465
1523
1889
2262
2618
2589
2459
2431
2462
1906
319
-1477
-2661
-3249
-3513
-3753
-3648
-3135
-2193
-767
475
1495
2052
2265
2395
2519
2915
3184
3206
2963
2877
3150
3447
3339
2481
1314
32
-1106
-2180
-3197
-3919
-4350
-4415
-3889
-2678
-1121
333
1254
1705
1805
1849
1603
1059
169
-666
-1351
-1727
-1614
-1231
-799
-638
-744
-837
-1018
-1329
-2040
-3008
-3940
-4466
-4380
-4067
-3574
-2690
-1761
-755
237
1214
1749
1606
877
-19
-464
-657
-920
-1346
-1588
-1230
-630
-3
560
1016
1485
1533
1373
1068
1087
1153
832
155
-633
-891
-1647
-2456
-3671
-3488
-2890
-1804
-930
41
1487
2884
3952
4312
4327
4298
4093
3527
2596
1936
1492
1117
914
759
1282
1882
2555
2590
2687
2453
2311
1620
677
-369
-1322
-2135
-2525
-2319
-1696
-1238
-913
-473
141
937
1267
1315
1145
1179
1408
1507
1508
1625
1784
1822
1594
1519
1508
1502
1017
224
-616
-1309
-1804
-2231
-2680
-2894
-2873
-2959
-2968
-2626
-1918
-1414
-1202
-1189
-1164
-857
-494
-264
-229
-255
-107
162
189
-123
-454
-916
-1315
-1807
-2290
-2514
-2487
-2413
-2589
-2734
-2570
-1988
-1588
-1524
-1403
-1193
-712
-386
-195
25
415
1089
1402
1863
2247
2696
2543
2008
1528
1127
730
112
-622
-1011
-905
-513
-272
-47
-48
387
-114
-867
-2134
-2775
-2591
-2470
-1730
-1165
415
2073
3678
4591
5092
5493
5640
5236
4393
3234
2417
1520
1120
704
689
846
1201
1362
1649
1877
2003
1790
957
-130
-1302
-2146
-2539
-2490
-2146
-1732
-1096
-310
700
1600
2094
1965
1525
1159
543
-90
-715
-701
-495
-147
-54
50
123
245
-16
-684
-1554
-2219
-2747
-3099
-3270
-3156
-2803
-2361
-1909
-1452
-1038
-540
-248
-271
-557
-789
-759
-687
-822
-942
-835
-611
-367
-327
-319
-238
-312
-559
-1017
-1491
-1812
-1938
-1915
-1579
-946
-192
396
741
1096
1483
1776
1751
1453
1045
672
356
210
316
527
586
559
471
544
627
618
416
4
-283
-118
244
669
884
1023
1042
910
142
-872
-2161
-2824
-3380
-3626
-3113
-2204
-661
658
1948
2808
3450
3832
3966
3631
2924
2195
1589
1240
1460
1776
2374
2639
2822
2811
2788
2385
1580
316
-1212
-2366
-3419
-4042
-4235
-3773
-2777
-1572
-68
1381
2612
3293
3415
3046
2460
1662
806
-117
-957
-1295
-1138
-615
-78
382
702
815
534
2
-762
-1711
-2784
-3571
-3998
-3855
-3458
-2817
-1949
-1068
-98
613
1222
1428
1142
581
-73
-280
-402
-506
-526
-492
-244
16
294
479
418
46
-481
-859
-1007
-1091
-1211
-1324
-1243
-893
-526
-62
420
745
753
614
334
149
-37
-378
-892
-1116
-958
-727
-523
-441
-322
-236
-85
79
274
280
268
-57
-162
-206
65
118
56
-227
-594
-1452
-2277
-3064
-3164
-2860
-2313
-1493
-599
834
2088
3200
3712
3887
3857
3765
3399
2944
2537
2290
1885
1816
1933
2500
2984
3313
3305
3206
3014
2529
1768
708
-289
-1382
-2219
-2819
-2989
-2726
-2541
-2242
-2005
-1570
-1115
-724
-398
-81
269
606
1312
2087
2805
3270
3437
3297
3068
2493
1714
590
-792
-2128
-3110
-3903
-4437
-4739
-4710
-4444
-3958
-3279
-2443
-1429
-604
32
431
894
1441
1720
1649
1438
1347
1354
1220
985
519
-71
-668
-1186
-1534
-1788
-2061
-2388
-2562
-2408
-2029
-1775
-1778
-1712
-1371
-842
-474
-436
-497
-433
-333
-263
-383
-436
-176
78
47
-99
-100
-101
-122
-362
-614
-641
-218
-8
141
190
430
979
1218
1285
1115
993
350
-626
-1310
-1504
-1124
-1018
-691
-59
1197
2639
3630
4142
4421
4576
4571
4264
3634
3121
2786
2499
2375
2386
2458
2459
2176
1761
1285
920
367
-403
-1336
-2115
-2529
-2629
-2446
-2044
-1564
-1107
-498
319
1302
1669
1840
1689
1663
1600
1280
998
477
126
-236
-602
-1015
-1264
-1573
-2077
-2541
-2758
-2841
-2837
-3009
-3061
-2969
-2535
-1927
-1628
-1561
-1499
-1199
-845
-630
-479
-380
-271
-207
-228
-112
62
352
211
-59
-313
-264
-91
-113
-400
-807
-889
-811
-758
-1068
-1551
-2038
-2321
-2529
-2587
-2552
-2428
-2318
-2140
-1760
-988
37
860
1420
1734
2280
2767
3144
3142
2828
2596
2364
2245
1968
1426
1076
801
685
610
540
673
834
1059
1138
1377
1230
657
-188
-811
-770
-765
-778
-622
30
814
1563
2175
2785
3173
3463
3453
3274
2933
2770
2460
2021
1436
896
547
205
-21
-471
-852
-1177
-1532
-1923
-2304
-2416
-2591
-2676
-2563
-2170
-1673
-1317
-848
-214
454
982
1434
1633
1924
1856
1665
1281
770
105
-725
-1256
-1565
-1687
-1877
-2067
-2045
-2103
-1984
-2070
-2235
-2349
-2325
-2091
-1819
-1198
-494
372
1229
2058
2620
2801
2712
2302
1688
838
-170
-1072
-1920
-2462
-2844
-3138
-3111
-2853
-2393
-2177
-2033
-1822
-1550
-1268
-1124
-937
-696
-301
217
753
1295
1799
2069
2180
2054
1779
1266
422
-439
-984
-1308
-1553
-1576
-1312
-969
-363
369
1001
1556
2046
2553
2859
3180
3283
3317
3138
2898
2538
2059
1594
1037
23
-1393
-2684
-3540
-3846
-4198
-4033
-3383
-2111
-844
510
1733
2746
3560
3930
3875
3572
3076
2596
2033
1531
1250
1151
1192
1187
1264
1140
1006
593
1
-731
-1437
-2062
-2577
-2832
-2652
-2141
-1545
-1091
-358
612
1464
1854
1896
1823
1737
1583
1316
1138
1119
1027
832
579
522
588
344
-321
-1243
-1951
-2757
-3453
-4102
-4583
-4508
-4139
-3449
-2566
-1513
-302
748
1223
1368
1326
1187
857
120
-722
-1350
-1692
-1862
-1968
-2019
-1969
-1834
-1808
-1880
-1925
-1995
-2078
-2216
-2148
-1767
-1169
-518
-19
507
1093
1638
1931
1907
1756
1486
1225
1035
972
1150
1424
1685
1968
2199
2507
2562
2318
1856
1238
701
227
-146
-498
-759
-901
-825
-517
-78
244
433
493
642
792
861
906
613
225
8
243
620
1025
1266
1374
1353
1346
1318
1192
823
329
-32
-148
26
480
865
1176
1486
1648
1845
1880
1894
1748
1546
1285
1132
921
546
174
-272
-662
-1002
-1206
-1375
-1719
-2010
-2001
-1799
-1395
-872
-461
-158
117
353
410
274
-78
-605
-1167
-1666
-1949
-2195
-2515
-2845
-2934
-2882
-2704
-2547
-2567
-2579
-2322
-2005
-1669
-1376
-1015
-698
-582
-474
-285
-96
-30
-93
-308
-634
-768
-719
-643
-504
-330
-44
206
491
868
1180
1421
1359
1147
822
596
472
258
85
-12
52
228
385
529
566
655
837
1150
1470
1565
1662
1659
1566
1418
1234
1019
768
713
711
728
828
1058
1302
1263
1177
938
672
454
386
321
176
31
-66
-33
86
255
293
232
291
478
784
1096
1222
1198
1089
1225
1365
1475
1572
1620
1644
1568
1508
1453
1132
656
8
-607
-1206
-1649
-2060
-2373
-2530
-2663
-2573
-2306
-1760
-1298
-1052
-939
-709
-352
-15
-13
-126
-213
-248
-272
-369
-656
-1040
-1431
-1831
-2148
-2331
-2275
-2328
-2555
-2500
-2012
-1304
-763
-480
-334
-206
3
107
148
49
-126
-337
-345
-69
310
511
494
485
622
782
634
313
-35
-208
-313
-457
-547
-379
-179
-96
-159
-92
162
254
81
-318
-588
-630
-422
-249
-175
-54
332
880
1387
1768
1985
2023
1978
1801
1630
1487
1409
1235
875
744
809
1053
1160
1014
777
542
338
296
418
358
301
213
405
880
1324
1606
1641
1570
1371
1096
839
666
469
163
-177
-309
-234
59
343
432
424
503
599
512
283
79
-65
-216
-438
-625
-714
-773
-740
-652
-460
-341
-331
-466
-754
-1010
-1310
-1600
-1950
-2154
-2303
-2310
-2109
-1910
-1632
-1345
-926
-556
-238
42
202
234
208
17
-288
-696
-1030
-1205
-1316
-1345
-1376
-1312
-1176
-920
-668
-433
-242
-152
-154
-166
-136
-184
-419
-659
-764
-739
-660
-718
-774
-826
-715
-451
-126
104
253
464
649
936
1238
1513
1563
1502
1495
1421
1452
1406
1301
1013
649
461
416
561
697
813
1053
1348
1758
2122
2310
2286
2106
1699
1254
931
723
486
316
278
258
301
265
291
154
-131
-368
-503
-581
-754
-892
-894
-762
-471
-206
111
464
862
1137
1246
1253
1261
1270
1136
967
721
520
341
47
-270
-585
-889
-1199
-1604
-1868
-2006
-2009
-2040
-2015
-1803
-1536
-1206
-972
-770
-540
-302
-60
81
259
465
609
612
515
506
374
164
-211
-726
-1238
-1753
-2102
-2403
-2643
-2724
-2665
-2482
-2192
-1726
-1160
-649
-191
162
509
782
782
660
556
582
602
646
641
579
566
437
218
-5
-252
-483
-772
-1001
-1070
-839
-459
-80
393
936
1487
2019
2422
2678
2850
2802
2608
2323
2005
1687
1391
1036
741
442
250
105
-97
-373
-655
-897
-1062
-1171
-1137
-1030
-859
-510
-51
444
970
1409
1590
1692
1635
1474
1181
737
281
-186
-508
-740
-797
-918
-1031
-1050
-982
-877
-714
-445
-161
34
211
461
806
1232
1537
1618
1632
1643
1532
1212
770
225
-280
-680
-1038
-1228
-1445
-1541
-1522
-1403
-1111
-738
-427
-340
-386
-493
-450
-377
-423
-649
-785
-729
-647
-641
-633
-547
-508
-671
-839
-929
-1052
-1208
-1370
-1486
-1490
-1349
-1185
-1075
-945
-714
-474
-303
-194
-169
-79
-23
28
114
300
415
363
320
326
407
436
277
159
202
249
206
150
242
326
471
574
728
944
1182
1347
1318
1299
1333
1346
1168
962
783
700
627
330
211
220
271
167
-107
-246
-236
-171
-91
12
236
509
686
870
966
1057
944
865
650
558
403
251
127
45
-38
-24
63
225
330
194
126
18
45
71
51
45
34
93
316
540
773
884
759
621
373
148
-134
-487
-878
-1107
-1172
-1091
-1028
-945
-894
-914
-869
-882
-981
-1170
-1291
-1404
-1507
-1479
-1303
-1004
-681
-380
-137
67
168
235
97
-189
-463
-725
-931
-1082
-1200
-1278
-1159
-875
-594
-411
-319
-274
-238
-267
-230
-112
-33
80
168
229
377
559
672
627
537
382
196
50
-164
-299
-331
-312
-147
83
414
767
1010
1184
1304
1404
1507
1500
1298
986
687
476
320
231
163
134
147
184
406
612
752
853
811
904
918
1047
980
760
607
440
312
273
182
42
-101
-174
-122
-37
22
-25
-78
-218
-239
-252
-220
-231
-301
-373
-300
-125
216
507
697
858
992
1158
1195
977
642
198
-208
-664
-1147
-1478
-1782
-1867
-1887
-1749
-1469
-1137
-949
-830
-685
-591
-539
-615
-782
-920
-937
-873
-821
-797
-852
-855
-799
-722
-603
-548
-613
-728
-602
-363
-122
25
49
127
257
398
425
342
196
-3
-201
-293
-186
-75
-29
-31
160
484
888
1175
1321
1276
1177
1150
1132
1214
1227
1232
1206
1118
983
898
899
748
398
-1
-280
-452
-554
-623
-553
-387
-157
172
532
891
1098
1183
1118
981
743
368
-40
-394
-707
-864
-882
-819
-753
-787
-788
-799
-820
-811
-862
-901
-908
-809
-597
-252
100
401
691
984
1164
1182
1077
901
604
314
7
-254
-462
-695
-721
-671
-388
-103
83
151
147
104
85
87
87
-84
-216
-322
-389
-360
-379
-482
-558
-613
-620
-499
-515
-475
-441
-342
-119
105
321
423
390
375
357
364
374
306
159
4
-37
72
125
184
163
119
87
111
164
205
194
144
141
111
115
94
134
197
249
284
192
142
166
111
28
-123
-201
-157
-104
-166
-244
-226
-278
-369
-467
-540
-487
-502
-566
-588
-497
-319
-187
-124
-108
12
155
304
467
520
502
408
285
192
212
193
39
-125
-171
-14
123
232
276
327
423
601
814
901
918
891
750
478
271
100
-186
-543
-870
-1070
-1107
-1086
-1006
-895
-814
-705
-544
-356
-157
-134
-186
-289
-260
-234
-221
-196
-211
-93
36
174
283
309
247
181
20
-100
-191
-301
-349
-378
-283
-13
303
528
658
807
917
1023
955
757
548
310
139
13
9
113
261
339
502
762
890
969
884
762
662
517
294
-13
-276
-380
-476
-503
-484
-387
-216
-85
15
32
49
3
-75
-159
-252
-309
-272
-288
-268
-305
-387
-427
-452
-502
-674
-825
-917
-960
-956
-927
-761
-575
-356
-145
27
170
281
356
384
483
626
782
848
896
904
913
862
710
508
304
96
-160
-421
-691
-881
-967
-1002
-981
-956
-900
-780
-694
-544
-497
-581
-709
-844
-909
-887
-872
-854
-745
-541
-305
21
327
574
779
876
987
980
1001
952
953
900
866
900
889
906
742
597
461
316
159
-38
-165
-218
-254
-178
-71
253
554
690
678
654
722
708
600
366
231
177
74
-3
23
80
110
18
-65
-150
-198
-303
-436
-547
-585
-610
-563
-497
-445
-194
0
80
43
80
54
-61
-230
-330
-321
-306
-225
-165
-73
28
38
-52
-136
-234
-293
-366
-466
-527
-413
-274
-28
196
456
617
704
782
854
962
892
808
616
464
413
292
186
42
-58
-112
-241
-302
-405
-551
-718
-857
-859
-817
-806
-844
-778
-630
-481
-425
-454
-397
-385
-405
-437
-439
-324
-242
-302
-351
-312
-216
-193
-237
-261
-204
-64
36
108
128
124
120
84
97
133
79
36
80
196
379
532
630
696
687
654
698
649
610
527
330
144
14
-90
-237
-385
-478
-495
-413
-293
-154
-24
138
354
575
761
871
932
916
927
847
731
631
540
400
258
190
140
112
34
-76
-125
-124
-107
-126
-143
-91
18
170
342
570
790
930
932
884
777
602
328
44
-316
-511
-667
-742
-783
-788
-711
-685
-652
-542
-477
-527
-596
-691
-752
-725
-725
-741
-782
-771
-639
-528
-343
-307
-264
-271
-255
-275
-335
-347
-367
-374
-430
-396
-344
-278
-271
-327
-374
-410
-417
-445
-501
-498
-450
-316
-157
-25
42
56
93
169
298
407
501
517
478
507
518
485
395
222
60
-110
-177
-204
-176
-90
33
224
500
833
1171
1446
1536
1593
1569
1452
1258
961
622
304
25
-218
-417
-471
-493
-517
-469
-407
-247
-61
74
186
277
416
572
664
737
759
787
816
799
658
469
244
41
-98
-235
-372
-451
-538
-585
-536
-515
-440
-456
-469
-413
-347
-268
-245
-216
-254
-292
-268
-254
-263
-337
-452
-528
-574
-574
-598
-635
-626
-572
-517
-508
-424
-332
-250
-212
-105
-10
50
84
-4
-24
-24
41
37
-83
-153
-186
-276
-402
-459
-535
-490
-456
-403
-393
-372
-208
-56
104
198
242
292
285
187
146
178
232
304
324
383
484
477
420
328
182
31
-103
-173
-155
-82
2
85
231
390
539
632
623
592
647
674
651
576
514
472
475
536
587
673
624
514
377
211
79
-56
-281
-518
-610
-587
-494
-388
-284
-199
-138
-95
-6
91
251
277
275
310
352
426
477
426
336
267
188
80
-29
-116
-256
-446
-594
-669
-652
-623
-625
-572
-498
-371
-299
-313
-309
-295
-266
-237
-254
-177
-162
-97
-38
-66
-62
-68
-121
-198
-280
-345
-286
-222
-192
-202
-181
-157
-67
-4
93
196
304
402
437
572
601
559
452
377
292
255
203
83
-41
-203
-279
-312
-340
-364
-358
-426
-440
-407
-328
-270
-267
-225
-216
-157
-117
-86
-82
-114
-155
-138
-61
-9
9
42
18
10
64
104
65
-15
-21
-6
55
93
133
174
133
123
183
291
414
433
483
493
508
566
564
523
434
405
356
331
333
301
192
93
32
26
51
-11
-124
-242
-230
-167
-50
40
83
182
278
349
426
477
462
388
191
44
-37
-83
-137
-294
-350
-368
-297
-262
-314
-382
-437
-473
-475
-504
-559
-621
-704
-712
-671
-598
-516
-472
-494
-375
-179
73
303
462
569
702
778
799
727
704
632
473
304
71
-101
-216
-334
-468
-592
-686
-632
-632
-570
-575
-501
-400
-328
-204
-108
-2
80
187
202
147
72
9
0
-49
-134
-201
-236
-241
-158
-171
-209
-245
-299
-258
-206
-126
-73
-8
81
187
335
504
650
741
802
875
946
1016
1038
993
871
769
694
550
441
284
131
7
-75
-80
-111
-129
-199
-271
-290
-250
-179
-97
-49
-79
-75
-9
12
17
8
-49
-84
-152
-140
-182
-179
-193
-220
-237
-327
-373
-422
-502
-543
-551
-573
-485
-404
-256
-145
19
196
323
389
453
509
503
474
323
218
116
49
-35
-156
-270
-422
-572
-689
-714
-681
-608
-506
-359
-180
-41
107
246
308
362
385
339
271
195
157
59
-10
-85
-147
-212
-297
-350
-426
-447
-447
-399
-346
-283
-217
-97
57
204
379
460
546
579
572
571
552
497
451
365
328
296
293
268
269
253
208
214
132
47
-10
-99
-182
-205
-177
-129
-72
-30
82
234
334
393
376
296
239
147
23
-86
-220
-311
-363
-337
-292
-241
-248
-227
-240
-226
-215
-238
-262
-330
-351
-278
-167
-55
53
199
369
519
599
581
547
449
342
238
159
7
-59
-120
-95
-34
52
170
145
113
41
3
-97
-208
-285
-400
-445
-502
-522
-524
-532
-483
-470
-553
-664
-785
-874
-927
-968
-937
-836
-690
-488
-247
37
295
533
743
871
908
861
756
594
404
227
153
62
49
76
88
76
82
77
64
89
79
83
150
241
359
504
680
827
866
826
735
648
539
423
256
94
-69
-221
-324
-423
-489
-497
-454
-441
-468
-435
-357
-260
-198
-143
-65
57
177
289
387
371
389
419
443
408
317
223
94
10
-122
-198
-341
-483
-658
-746
-791
-797
-774
-760
-683
-621
-467
-309
-137
73
241
323
409
485
538
527
447
344
216
159
62
-65
-208
-326
-347
-288
-149
-65
-24
-14
6
34
38
79
76
38
19
61
88
76
1
-115
-123
-120
-56
-21
1
34
45
120
145
203
234
231
217
216
221
191
172
115
113
65
22
-27
-87
-180
-256
-252
-199
-134
-65
-50
-14
69
148
241
219
225
157
151
135
90
84
-15
-25
-24
-42
-66
-129
-179
-300
-400
-390
-328
-256
-224
-168
-119
-38
29
49
54
38
77
153
174
187
166
111
29
-2
46
143
269
292
340
378
379
417
369
284
217
191
177
209
181
146
78
7
36
29
25
4
-48
-160
-215
-212
-227
-182
-157
-165
-179
-210
-210
-234
-244
-299
-338
-347
-269
-231
-268
-229
-207
-171
-174
-170
-193
-193
-145
-90
-21
-11
-21
-63
-136
-162
-168
-209
-262
-274
-293
-271
-223
-186
-175
-147
-79
-14
93
202
256
343
400
397
423
434
404
391
332
299
252
219
141
82
14
8
21
32
177
188
219
252
280
346
388
408
397
419
412
398
381
327
250
136
16
-104
-249
-419
-555
-660
-736
-746
-719
-653
-553
-483
-429
-288
-152
-19
47
104
175
227
302
299
298
272
264
270
202
147
61
-95
-198
-320
-411
-470
-472
-472
-480
-400
-297
-166
7
138
192
260
303
371
384
397
337
304
297
290
254
253
212
147
110
14
-51
-88
-51
23
59
57
84
126
135
84
23
-14
-51
-111
-172
-248
-294
-327
-331
-266
-215
-176
-134
-103
-27
35
54
89
53
51
60
17
9
-13
-36
-51
-66
-139
-174
-244
-299
-347
-348
-320
-237
-134
-10
10
53
178
241
305
316
326
243
222
163
146
61
20
34
-48
-60
-7
55
63
96
78
48
92
131
123
131
131
105
1
-11
-29
-120
-153
-121
-106
-120
-58
-27
-18
5
61
124
200
213
272
275
224
209
150
103
23
-24
-96
-157
-176
-200
-267
-221
-180
-170
-89
-45
62
165
196
213
219
305
296
237
175
91
64
-3
-93
-158
-196
-248
-253
-285
-260
-209
-149
-86
-25
79
149
187
183
160
179
162
91
4
-116
-182
-209
-275
-352
-384
-353
-314
-275
-196
-160
-176
-146
-190
-186
-185
-146
-97
-3
91
179
273
272
271
261
213
162
110
6
-60
-110
-83
-48
3
33
39
19
-50
-89
-175
-224
-227
-215
-139
-21
122
245
346
452
606
691
695
606
523
378
250
155
40
-52
-177
-174
-228
-244
-285
-318
-317
-336
-320
-267
-227
-173
-93
2
169
344
446
474
495
415
286
162
44
-52
-166
-283
-399
-435
-396
-374
-331
-230
-165
-61
42
50
107
96
96
122
155
189
191
125
129
91
45
37
-38
-156
-248
-300
-273
-231
-256
-201
-179
-105
-62
-44
-21
-64
-77
-93
-102
-71
-75
-17
-21
-12
16
-12
64
20
-36
-57
-91
-114
-145
-210
-161
-180
-127
-47
-34
108
97
134
133
193
206
183
183
121
188
232
261
293
338
269
303
314
325
266
138
142
105
155
199
210
234
245
248
248
319
248
148
16
-69
-171
-231
-262
-329
-340
-394
-355
-358
-370
-343
-399
-465
-472
-451
-427
-374
-287
-220
-193
-135
-96
-47
-4
-23
-90
-142
-172
-186
-179
-235
-221
-214
-170
-131
5
127
182
232
282
345
375
477
475
535
585
604
643
626
603
554
462
304
224
120
-37
-193
-238
-285
-312
-317
-287
-233
-216
-169
-129
-76
-26
-9
-19
7
47
67
62
31
-26
-35
-54
-83
-127
-177
-184
-208
-175
-180
-165
-138
-91
3
58
132
165
225
237
197
181
163
124
62
38
86
113
135
161
159
154
133
46
-66
-120
-149
-217
-296
-374
-458
-487
-473
-452
-406
-354
-283
-196
-83
8
55
139
157
158
191
214
218
201
206
149
65
-54
-191
-291
-405
-458
-493
-492
-433
-376
-264
-125
54
192
276
366
469
570
592
557
557
560
531
541
527
475
445
402
286
204
113
83
37
-22
-77
-110
-44
-55
-45
-64
-83
-31
4
38
18
26
-4
31
0
-46
-51
-97
-138
-198
-245
-295
-340
-405
-464
-473
-483
-448
-394
-330
-231
-143
-50
14
92
171
144
112
91
67
84
66
1
-60
-88
-168
-192
-243
-234
-222
-188
-160
-225
-215
-167
-67
-20
40
128
207
297
315
321
344
339
272
221
149
125
100
96
101
120
137
119
108
42
0
-42
-84
-112
-129
-134
-128
-109
-50
-14
-12
-7
34
47
56
107
97
84
78
89
93
87
44
-34
-36
-35
-14
-54
-80
-54
-59
-49
-49
-64
-57
-36
-23
-25
-21
-24
-26
51
60
106
150
154
212
240
216
211
237
205
174
160
75
51
9
-7
-28
-28
-69
-58
-71
-113
-126
-118
-92
-85
-121
-191
-187
-232
-245
-199
-173
-123
-93
-72
-14
-7
-21
-10
-19
-14
4
-18
10
-18
-49
-80
-115
-72
-78
-156
-197
-170
-148
-109
-74
1
54
81
116
159
189
203
167
158
135
112
48
1
-38
-103
-166
-236
-248
-307
-316
-333
-315
-284
-225
-128
-14
57
145
232
325
433
461
519
503
498
454
357
318
220
141
105
79
86
82
35
8
9
-13
-69
-84
-114
-166
-223
-222
-176
-136
-89
-65
-28
-6
29
62
39
30
7
11
-36
-95
-84
-144
-196
-221
-247
-247
-246
-261
-233
-243
-202
-151
-89
-1
70
156
195
216
170
147
114
66
61
45
-2
-2
23
49
64
107
129
139
105
67
5
3
-20
8
21
5
65
77
129
122
124
115
85
25
-44
-94
-70
-89
-84
-25
-8
58
131
191
201
198
185
108
18
-41
-122
-181
-210
-235
-193
-124
-92
-76
-40
56
98
91
71
49
33
56
53
30
84
109
121
105
64
9
-33
-120
-195
-251
-248
-233
-239
-185
-159
-56
-34
9
91
95
63
7
-24
-23
-84
-96
-63
-25
35
25
25
-3
-55
-112
-149
-158
-130
-109
-92
-45
-25
19
80
136
181
194
174
133
58
-21
-78
-118
-113
-104
-55
-15
60
134
181
273
292
288
238
189
164
89
21
-17
-42
-34
-51
-64
-67
-127
-112
-116
-131
-165
-173
-185
-182
-164
-108
-11
-7
41
113
184
235
228
171
40
-69
-181
-284
-310
-333
-318
-288
-236
-178
-118
2
15
51
93
106
118
123
162
181
172
181
173
180
166
139
119
113
100
74
56
30
-9
-35
-20
9
90
149
203
249
283
356
378
412
401
350
286
214
121
41
-19
-85
-183
-267
-304
-330
-377
-392
-359
-349
-337
-321
-252
-207
-187
-146
-143
-155
-150
-156
-128
-100
-86
-62
-53
-18
25
49
31
-6
-56
-130
-151
-177
-172
-146
-161
-126
-64
-15
20
73
163
214
284
338
366
422
424
427
426
371
327
226
127
48
-108
-225
-306
-365
-430
-434
-395
-357
-288
-242
-169
-109
-42
71
132
164
201
218
213
202
164
99
16
-46
-103
-120
-138
-172
-188
-201
-193
-175
-118
-28
23
39
48
69
75
81
115
139
147
181
145
100
53
9
1
59
113
87
120
120
139
162
196
192
159
132
115
66
27
44
44
36
32
56
79
76
110
107
78
78
78
73
31
25
23
31
40
77
61
90
109
115
99
16
-42
-107
-106
-139
-155
-124
-167
-190
-225
-215
-231
-255
-247
-298
-308
-290
-320
-271
-230
-159
-92
-48
13
9
6
-6
24
12
37
65
98
94
81
39
18
59
72
58
16
21
-37
-68
-96
-149
-176
-172
-127
-57
12
42
70
69
71
39
-1
-4
-48
-37
-50
-51
5
67
110
141
190
221
248
237
269
310
314
310
278
256
236
192
148
60
-15
-75
-140
-152
-189
-198
-223
-242
-267
-243
-218
-218
-207
-157
-121
-102
-39
-30
-23
-37
-33
6
57
89
121
149
110
75
75
49
39
24
-10
-41
-61
-71
-50
-38
-52
-43
-36
-56
-34
4
-9
-13
-9
-53
-116
-120
-163
-232
-222
-163
-138
-79
-48
-22
59
104
173
163
193
185
168
141
126
76
30
-32
-51
-17
13
49
83
139
161
181
197
217
168
135
67
31
-3
-59
-90
-82
-73
-72
-74
-68
-57
-63
0
8
2
12
30
38
43
83
135
147
125
93
80
66
76
72
78
50
11
-16
-28
-60
-83
-112
-166
-173
-186
-210
-193
-164
-155
-133
-151
-159
-125
-101
-93
-53
-66
-62
-31
-18
32
78
73
82
72
44
52
36
95
117
153
167
169
206
213
180
151
125
64
23
4
-34
-21
-45
-52
-61
-95
-103
-115
-121
-94
-83
-63
-25
-18
-16
-31
-58
-77
-102
-143
-135
-190
-207
-211
-254
-238
-217
-200
-180
-154
-110
-67
-32
-12
0
-31
-20
-29
-79
-48
-42
-26
-9
38
134
200
226
222
210
220
259
299
321
276
247
294
326
325
332
288
262
236
198
205
208
236
227
185
160
156
161
157
176
137
107
75
15
-40
-121
-207
-232
-256
-275
-306
-318
-334
-331
-275
-238
-170
-157
-155
-111
-69
-5
41
47
30
33
57
89
59
63
30
-12
-32
-84
-121
-124
-142
-171
-169
-160
-171
-154
-114
-75
-51
-45
-52
-102
-118
-132
-140
-131
-165
-175
-187
-206
-224
-191
-156
-134
-76
-54
-20
4
-2
24
-19
-61
-122
-180
-153
-139
-99
-86
-2
23
56
101
103
88
66
58
-10
-23
-44
-27
-11
28
78
51
106
112
164
219
249
267
313
339
352
426
411
413
441
449
419
400
342
278
225
128
69
28
-8
-28
-67
-49
-71
-36
-9
1
6
-5
-17
-64
-113
-111
-123
-127
-53
-10
4
9
-4
-46
-33
-6
-5
-16
-22
-42
-89
-103
-97
-134
-131
-131
-152
-172
-178
-193
-105
-81
-66
-55
-96
-70
-66
-33
-33
-22
-13
13
1
-37
-89
-115
-132
-167
-174
-211
-191
-190
-194
-183
-139
-126
-117
-79
-80
-36
-37
24
26
5
-18
-12
-1
5
11
-51
-62
-73
-33
-22
-15
35
47
63
98
103
96
103
96
128
117
130
137
141
128
120
134
87
98
52
4
-4
-27
-34
13
61
94
132
184
220
226
226
205
163
99
55
39
-29
-29
-48
-97
-110
-113
-84
-111
-108
-97
-86
-40
16
35
64
76
58
102
135
129
128
115
101
89
86
105
119
121
93
89
75
35
48
67
85
129
142
147
131
114
98
59
42
-3
-7
-19
-3
-40
-85
-161
-222
-251
-255
-264
-291
-299
-292
-267
-207
-192
-178
-174
-169
-191
-193
-187
-178
-171
-156
-109
-84
-32
-51
-30
-78
-122
-159
-153
-119
-105
-92
-142
-139
-149
-131
-84
-40
16
58
93
142
203
196
216
217
205
211
185
193
164
161
143
103
100
64
31
22
26
21
8
-12
23
45
60
65
64
85
77
95
77
75
57
56
57
49
62
93
133
147
152
163
178
162
139
105
86
117
155
213
215
192
131
77
50
36
4
-24
-29
-46
-59
-75
-73
-72
-66
-49
-26
-35
-63
-83
-83
-130
-187
-214
-219
-199
-206
-203
-212
-234
-247
-239
-218
-228
-234
-251
-241
-201
-177
-161
-197
-189
-200
-216
-230
-206
-156
-162
-135
-136
-143
-108
-80
-67
-56
-56
-18
61
89
108
126
168
224
262
291
269
283
287
287
273
270
258
222
182
155
135
117
57
4
6
7
14
69
50
66
63
70
71
65
58
2
0
-32
-49
-64
-49
-54
-75
-75
-77
-36
-18
-2
34
8
12
45
48
63
97
120
161
169
210
233
254
247
261
284
315
338
318
321
246
180
126
75
12
-51
-60
-111
-134
-138
-180
-170
-162
-129
-73
-50
-54
-73
-57
-62
-63
-92
-125
-141
-144
-156
-213
-237
-287
-341
-390
-409
-410
-419
-445
-463
-392
-357
-321
-293
-287
-258
-242
-186
-148
-122
-77
-37
-23
-34
1
19
10
3
-27
-22
-41
-59
-88
-74
-32
40
88
193
250
265
320
336
382
399
401
394
347
327
254
229
215
181
163
139
136
68
75
90
72
79
91
95
136
158
185
220
265
276
286
269
241
234
211
169
141
111
86
27
2
-25
-53
-49
-60
-65
-65
-39
-43
-85
-102
-67
-83
-47
-63
-51
-13
-79
-125
-126
-143
-177
-194
-210
-229
-222
-232
-228
-257
-280
-303
-326
-328
-276
-279
-290
-317
-277
-231
-194
-119
-46
-7
4
36
66
71
88
104
79
57
14
13
7
20
21
60
38
40
51
-10
26
57
44
90
92
73
96
55
100
86
64
73
38
14
42
117
110
119
160
125
157
143
123
115
100
87
11
5
-41
-76
-67
-26
11
27
22
60
47
38
41
23
12
16
26
44
43
-12
-35
-14
4
10
0
-22
-32
-84
-115
-122
-91
-84
-93
-93
-95
-59
-31
8
8
16
43
55
86
79
51
62
51
33
50
46
-13
-28
-23
-45
-37
-62
-54
-70
-73
-79
-77
-59
-49
-29
-28
-28
-25
-67
-82
-88
-127
-105
-127
-139
-127
-87
-81
-38
-9
-36
-14
-30
-26
3
44
48
42
54
43
45
73
80
69
35
35
62
67
102
83
82
100
111
114
110
129
150
148
151
120
123
83
59
30
24
13
19
26
58
101
66
59
43
6
1
6
1
27
-9
-44
-48
-54
-41
-2
19
18
36
41
-2
-34
-23
-42
-49
-42
-70
-88
-95
-89
-66
-63
-26
-43
-36
-27
-17
-28
-45
-59
-84
-103
-100
-124
-99
-153
-178
-205
-220
-175
-164
-99
-42
24
63
90
125
156
137
133
106
106
97
110
135
122
130
131
135
128
144
163
148
119
142
173
155
118
76
61
38
56
60
51
18
0
-42
-52
-91
-114
-178
-216
-249
-279
-262
-246
-212
-235
-227
-267
-271
-254
-255
-255
-243
-231
-218
-215
-177
-132
-91
-62
-55
-16
-20
-17
-20
6
30
30
9
41
21
7
41
91
100
132
214
220
252
260
257
247
274
305
276
296
313
334
296
287
283
239
241
175
165
144
113
122
149
121
120
161
173
206
190
174
157
103
32
8
-7
-12
-28
-17
-25
-78
-80
-75
-98
-113
-114
-147
-161
-185
-206
-211
-237
-217
-234
-214
-238
-247
-213
-262
-301
-305
-294
-297
-267
-235
-159
-125
-152
-167
-192
-213
-223
-209
-175
-159
-148
-144
-152
-155
-114
-88
-51
-38
3
22
-14
14
-20
17
33
38
36
52
75
92
104
96
133
138
154
147
130
144
144
119
134
129
141
147
128
137
83
138
165
154
198
195
222
252
282
295
285
290
279
263
254
208
198
142
93
72
57
56
22
15
-26
-29
-43
-49
-52
-78
-93
-119
-125
-102
-93
-122
-142
-175
-228
-265
-264
-276
-241
-185
-191
-172
-164
-167
-161
-192
-145
-94
-51
-16
0
12
9
29
-13
-14
-7
-26
-25
-8
-1
20
32
37
55
52
42
40
60
67
84
100
97
63
89
82
54
70
52
41
34
46
11
11
-8
-7
-4
-19
-8
-40
-25
-64
-63
-96
-97
-67
-65
-50
-81
-67
-55
-66
-77
-65
-91
-76
-35
-52
-92
-84
-123
-105
-66
-63
-35
-49
-26
-22
-24
11
19
14
39
87
105
129
155
162
187
172
138
122
127
108
103
92
121
166
150
149
149
157
130
140
112
139
149
151
167
156
168
136
140
156
120
95
78
34
14
-13
-51
-74
-41
-28
-20
-22
-9
-20
-28
-35
-32
-34
-56
-65
-102
-101
-147
-178
-163
-168
-191
-206
-221
-214
-215
-200
-203
-203
-211
-221
-197
-162
-143
-147
-119
-102
-60
-50
-13
30
24
28
37
57
59
50
20
44
42
64
28
13
-51
-105
-117
-147
-143
-96
-79
-74
-18
1
15
-11
2
15
21
55
95
135
139
148
110
105
73
54
6
-17
-16
-31
-37
-36
-26
9
0
3
43
11
23
-18
-38
-36
-5
28
39
80
102
116
108
100
66
77
65
111
115
117
150
115
90
80
42
-3
11
-33
-69
-56
-35
11
51
63
58
37
36
5
11
4
-6
35
48
100
93
89
120
140
120
140
77
54
34
-21
-57
-56
-60
-58
-43
-69
-84
-111
-142
-137
-112
-108
-92
-89
-101
-81
-83
-77
-62
-74
-63
-59
-37
-26
-22
-29
-19
-34
7
18
-4
-34
-37
-18
-24
-7
21
56
55
35
18
13
20
-6
-31
-46
-90
-83
-65
-54
-39
-74
-67
-77
-44
-47
-53
-31
-4
38
19
0
-2
23
20
35
76
79
61
53
21
-29
-37
-22
9
18
35
43
23
43
35
38
89
67
73
86
34
27
-11
-30
-39
-48
-56
-72
-60
-29
-16
-15
-24
-22
-4
16
27
46
50
107
65
26
22
-9
-6
15
47
70
69
72
46
40
69
76
129
144
132
135
87
49
7
-13
-32
-55
-31
2
39
56
58
86
62
8
-3
3
35
31
27
24
30
12
-11
8
15
25
-23
-52
-39
-50
-62
-52
-51
-76
-86
-109
-121
-126
-144
-149
-184
-185
-188
-196
-193
-182
-133
-77
-57
-19
-10
3
42
43
40
52
66
56
20
4
-9
-27
-36
-36
-48
-83
-61
-67
-88
-65
-72
-37
10
24
39
35
63
66
65
92
88
81
41
49
85
115
98
121
147
151
183
172
168
180
186
145
126
116
130
112
76
70
41
26
12
-14
-38
-36
-37
-34
-41
-20
-5
8
10
-31
-28
-45
-83
-85
-100
-120
-119
-136
-154
-117
-105
-123
-149
-151
-160
-164
-150
-140
-123
-132
-115
-111
-117
-107
-114
-96
-55
-25
5
31
43
81
57
40
39
15
12
19
-16
-17
-3
-3
15
13
41
14
16
34
45
45
48
60
69
92
95
69
74
89
81
86
40
29
21
10
-17
-20
-16
-22
3
-9
21
57
50
55
99
131
147
163
134
154
153
155
124
104
72
47
-11
0
9
4
25
20
6
-34
-34
-36
-45
-52
-42
-16
38
34
62
42
15
-25
-44
-33
-35
-27
-55
-66
-76
-100
-134
-168
-158
-109
-125
-93
-92
-82
-79
-58
-25
-21
5
-1
-8
-4
-14
-4
27
24
49
68
79
80
77
72
51
41
21
22
16
-18
-8
-15
-31
-21
-14
-34
-43
-46
-63
-81
-84
-41
-13
-9
-25
-25
-32
-39
-9
-13
-4
-28
-63
-72
-116
-142
-142
-179
-174
-185
-163
-131
-131
-82
-100
-77
-55
-38
-18
-7
2
-1
9
35
39
15
14
30
42
24
29
46
75
132
174
180
186
208
169
148
153
147
157
149
114
131
141
153
160
135
166
172
202
216
183
149
126
109
103
103
96
92
96
72
82
85
97
108
120
130
125
127
110
122
112
85
63
7
-48
-67
-82
-90
-117
-133
-172
-160
-196
-221
-198
-166
-182
-216
-237
-267
-251
-283
-288
-297
-286
-256
-256
-239
-211
-195
-162
-154
-145
-162
-151
-134
-131
-142
-145
-173
-186
-157
-142
-111
-132
-140
-137
-130
-94
-103
-100
-36
-3
24
53
75
128
190
204
200
181
175
180
189
218
244
246
252
259
261
246
259
265
251
208
191
208
213
238
244
232
185
157
135
105
111
93
76
22
3
-23
-45
-52
-14
2
10
14
1
-33
-79
-103
-101
-97
-81
-45
-63
-79
-97
-144
-136
-138
-153
-96
-63
-34
-28
-22
-33
-42
-78
-83
-69
-85
-88
-105
-113
-131
-170
-139
-136
-132
-137
-148
-152
-143
-113
-86
-51
-57
-32
-16
-25
-6
16
25
31
61
63
90
75
66
69
75
83
68
74
68
63
55
59
73
97
116
107
128
99
98
88
86
73
62
55
22
35
6
-28
-59
-81
-33
-24
-20
9
-9
-16
-17
-7
-25
-33
-43
-60
-66
-55
-62
-58
-40
-48
-2
27
52
81
70
50
-4
-23
-45
-52
-53
-47
-66
-55
-60
-79
-43
-43
-50
-33
-45
5
37
59
84
79
99
82
125
166
184
128
111
88
77
26
-12
-7
-16
-28
-22
-5
-26
-11
-29
-16
-26
-30
-45
-34
-27
-51
-32
-4
40
16
16
17
12
25
31
44
55
54
39
38
44
13
1
10
30
36
63
80
99
109
94
68
35
-1
-27
-51
-55
-84
-125
-126
-122
-106
-118
-137
-122
-118
-92
-93
-113
-98
-92
-117
-110
-110
-100
-91
-104
-93
-89
-102
-109
-89
-56
-41
-40
-8
1
23
44
36
51
69
93
77
77
54
37
50
24
5
-10
9
34
67
97
113
132
141
130
97
84
64
71
75
97
108
121
126
109
91
10
-4
-8
-11
3
23
19
40
32
37
39
8
20
26
36
20
14
20
13
-12
-23
-26
-24
-25
2
25
47
27
6
5
-8
-3
-13
-25
-39
-58
-85
-136
-151
-122
-134
-108
-89
-78
-72
-66
-46
-57
-58
-70
-64
-72
-118
-133
-111
-112
-108
-84
-65
-28
11
33
42
55
28
15
-12
-25
-16
-35
-23
-8
4
-16
-14
7
29
42
58
53
61
93
102
139
146
150
147
92
68
25
13
10
32
44
11
-8
-11
-21
-31
-4
3
19
16
19
23
-6
-27
-34
-21
-29
-26
-19
22
37
50
51
40
18
-4
4
1
-2
7
7
23
19
33
38
35
25
18
-3
-17
-23
-58
-28
-37
-72
-72
-93
-107
-95
-101
-79
-57
-28
-28
-22
-14
-34
-30
-12
-18
-15
12
-6
-24
-62
-101
-101
-94
-80
-39
-37
-20
0
12
38
69
77
97
92
64
39
21
18
22
15
-5
-10
14
37
51
65
55
54
67
85
84
87
98
112
98
84
72
81
85
73
57
55
52
54
42
56
60
68
85
58
57
13
5
-4
-5
-27
-19
-8
-16
-17
-16
-12
-2
8
11
15
-22
-29
-45
-27
-20
-10
-14
-37
-58
-68
-57
-48
-32
-30
-31
-33
-43
-14
12
-1
21
16
-13
-13
-41
-54
-62
-73
-98
-104
-80
-98
-122
-127
-118
-99
-76
-77
-90
-101
-105
-117
-110
-84
-74
-82
-64
-46
-52
-49
-50
-53
-43
-44
-32
-10
12
40
39
20
11
29
28
26
34
43
29
32
46
59
61
58
47
46
45
53
38
28
38
55
55
75
78
63
61
89
103
94
107
101
80
63
72
85
89
102
143
133
132
106
105
100
97
98
81
64
40
36
13
-5
-21
-21
-37
-50
-68
-82
-90
-96
-91
-88
-67
-60
-51
-34
-32
-15
12
28
21
19
11
-4
-25
-35
-51
-35
-31
-23
-25
-34
-31
-21
-27
-38
-42
-44
-46
-37
-24
-16
-14
-18
-18
-30
-41
-33
-30
-45
-62
-86
-82
-70
-64
-56
-55
-46
-37
-14
-29
-17
0
18
27
32
14
-15
-55
-70
-76
-87
-67
-53
-17
-7
1
4
29
30
22
6
7
9
-9
-16
-6
-2
-3
11
19
13
29
49
44
31
43
44
49
68
62
62
34
31
33
12
-8
9
5
0
-3
3
11
-9
-11
-18
-7
-27
-18
5
35
32
39
46
34
53
34
28
-14
-21
-25
-26
-5
35
51
60
58
55
40
38
52
42
45
43
22
11
19
17
35
41
61
53
34
25
20
14
19
35
17
29
18
-1
-3
-5
-12
2
-6
5
4
6
8
-5
-8
-33
-46
-68
-64
-76
-60
-74
-67
-77
-73
-81
-97
-93
-113
-100
-81
-72
-49
-36
-34
-17
-20
-5
-24
-14
-4
-1
1
-5
2
-6
-4
9
27
26
18
11
1
-4
8
8
40
55
79
101
117
144
131
112
70
45
31
7
28
49
46
53
71
72
59
62
35
29
24
-12
-22
-14
-9
-2
19
35
41
27
45
35
8
2
-17
-44
-57
-60
-59
-54
-56
-66
-78
-72
-73
-51
-31
-33
-13
-37
-44
-60
-47
-40
-31
-24
-21
-9
-11
-36
-62
-70
-78
-69
-63
-44
-34
-32
-32
-46
-39
-48
-53
-27
-29
-14
-23
-29
-38
-42
-46
-29
-19
-23
-7
-27
7
14
22
46
33
23
-2
-27
-8
-11
0
-4
-13
-5
-13
-9
-23
-21
-7
8
18
24
28
51
47
47
35
34
57
69
69
74
88
72
65
69
61
67
78
66
77
54
52
56
48
45
62
74
77
81
72
68
44
48
56
54
45
41
43
33
16
4
11
-2
-6
-8
-10
-19
-20
-34
-33
-34
-46
-29
-50
-54
-57
-72
-86
-89
-99
-96
-79
-91
-96
-86
-78
-69
-72
-60
-43
-40
-38
-24
-23
-18
-13
-14
-8
-5
24
36
38
40
39
40
34
19
9
3
-6
-12
-21
-19
-29
-23
-18
-15
3
14
24
-1
12
4
-10
-6
7
11
29
49
47
69
71
58
39
33
26
-5
0
-5
9
21
18
26
31
24
11
2
1
8
17
27
15
4
2
-14
-11
-25
-33
-40
-59
-52
-69
-60
-74
-59
-50
-39
-11
-16
-8
-7
-20
-19
-15
-7
0
-9
-6
-19
-25
-28
-30
-35
-32
-23
-13
9
20
28
37
22
16
6
15
21
13
22
25
35
39
53
47
49
45
55
61
60
56
53
41
36
8
-21
-16
-30
-29
-24
-3
16
36
30
31
33
34
23
-3
-12
-17
-9
-7
3
15
12
6
6
8
6
8
12
17
26
32
32
24
23
29
22
41
42
41
24
6
0
-26
-31
-55
-62
-62
-57
-60
-63
-60
-75
-89
-113
-115
-124
-117
-114
-90
-74
-54
-45
-57
-53
-56
-48
-34
-19
-6
22
20
43
44
42
56
58
65
67
76
101
100
101
97
95
94
106
104
84
87
66
68
67
57
50
35
17
8
-6
-17
-24
-33
-32
-36
-37
-32
-41
-36
-33
-54
-57
-52
-67
-69
-72
-80
-81
-85
-82
-81
-76
-64
-52
-65
-57
-57
-53
-29
-25
-15
-2
-12
4
6
12
20
20
25
-2
-3
-13
-23
-22
-25
-16
-17
-11
-1
17
8
21
25
27
38
34
52
63
56
61
62
52
55
45
30
29
43
50
50
61
56
40
31
26
26
11
0
6
1
14
0
-8
2
7
13
6
18
22
19
18
5
8
7
11
7
3
-12
-5
10
9
29
27
27
24
8
4
-15
-36
-44
-37
-38
-30
-18
-18
-11
-2
8
-5
1
-5
-7
-5
-9
-10
1
2
-4
-2
5
-6
-20
-22
-19
-25
-25
-3
-12
-2
-2
-3
4
4
23
12
7
9
-10
-12
-17
-22
-24
-24
-26
-40
-39
-36
-48
-37
-38
-38
-31
-33
-24
-22
-12
-10
3
0
-22
-26
-39
-43
-39
-32
-18
-19
-21
-20
-25
-37
-32
-20
0
10
19
39
21
11
-9
-4
-3
2
20
29
45
61
70
67
66
74
80
62
62
63
62
50
38
34
21
15
11
19
23
35
56
52
53
48
34
31
32
46
34
25
19
13
12
7
3
-1
1
-1
-7
-5
-2
1
1
6
4
-13
-12
-21
-25
-38
-32
-25
-31
-34
-43
-40
-51
-52
-50
-59
-62
-61
-61
-54
-38
-43
-45
-38
-34
-25
-30
-34
-20
-11
-20
-35
-32
-33
-40
-52
-65
-66
-49
-41
-23
-7
10
10
-10
-12
-9
-9
1
17
19
27
25
28
40
44
52
43
36
46
40
39
38
28
34
34
38
28
26
27
31
35
31
28
21
4
2
0
-12
-5
-9
2
13
1
4
0
6
5
-6
-4
-2
-16
-20
-17
-19
-7
-12
-20
-17
-11
-8
4
8
6
10
5
2
4
-5
-10
-8
-1
0
4
13
17
30
17
12
19
24
29
35
48
39
35
14
-15
2
8
12
16
4
8
17
28
25
28
25
24
14
2
-3
-2
-15
-11
-5
-17
-11
-10
-4
-18
-20
-25
-41
-48
-58
-59
-52
-44
-31
-21
-18
-22
-13
-16
-27
-34
-26
-25
-28
-19
-29
-31
-38
-30
-25
-15
-4
-11
-10
-18
-18
-14
-8
7
-1
18
7
-2
-9
-30
-31
-40
-31
-17
-7
-7
7
7
10
10
15
25
16
26
29
31
41
54
63
75
76
75
82
73
74
77
65
67
63
64
63
53
53
45
27
17
6
-4
-18
-24
-30
-29
-38
-50
-51
-44
-46
-46
-35
-33
-31
-38
-37
-39
-48
-51
-45
-38
-27
-22
-20
-8
4
-1
1
-8
-5
-21
-7
11
14
29
24
24
15
16
4
-7
-7
-3
4
9
4
-13
-14
-3
-10
-8
1
-2
-13
1
1
4
11
10
17
18
15
11
4
3
-4
0
4
2
10
4
0
5
10
2
-11
-4
-4
-12
-20
-17
-19
-29
-25
-19
-11
2
8
19
17
13
18
10
8
-2
-16
-20
-18
-1
6
-2
-1
-4
-4
-2
0
16
12
18
23
10
0
7
6
0
8
0
3
-3
3
0
-16
-22
-24
-27
-15
-14
-7
1
-4
9
9
3
-3
3
18
27
30
35
45
44
40
28
25
20
9
6
-5
-5
-4
-16
-18
-30
-18
-17
-15
-9
-11
-12
-9
-1
-12
-15
-18
-20
-18
-5
0
-6
-10
-10
-14
-14
-24
-26
-28
-32
-32
-28
-24
-33
-27
-37
-29
-32
-27
-15
-11
-20
-13
-8
-12
-12
-10
7
7
19
19
17
15
26
33
37
53
48
50
54
43
38
21
10
15
0
6
13
24
31
25
27
21
25
31
33
35
35
38
30
27
21
18
19
10
10
4
1
-1
-9
-2
-2
0
0
-9
-4
-9
-11
-11
-16
-26
-28
-30
-28
-31
-33
-34
-38
-40
-45
-54
-54
-51
-52
-45
-38
-27
-17
-4
12
9
6
5
1
-4
-6
-5
-3
8
16
14
7
8
12
16
12
12
30
30
38
41
35
31
31
24
19
8
2
11
18
21
18
22
14
19
10
3
-4
-10
-11
-25
-34
-38
-41
-44
-40
-43
-39
-29
-23
-22
-20
-16
-17
-6
-22
-17
-10
-12
-5
-2
-10
-11
-14
-10
0
6
4
9
13
18
25
18
23
23
25
26
31
17
10
7
-1
3
6
4
5
9
21
23
15
13
15
17
20
14
10
3
1
1
-5
-5
-2
10
10
10
4
14
3
-4
-2
-15
-2
-6
11
14
17
18
14
9
3
-6
-13
-8
-18
-16
-11
-6
0
7
6
15
12
5
4
-9
-2
-5
-9
-12
-19
-19
-29
-32
-33
-37
-28
-19
-21
-20
-21
-29
-32
-32
-26
-29
-24
-12
-17
-11
-3
2
5
2
9
18
19
20
15
26
22
23
19
13
23
16
18
18
15
14
9
10
23
15
14
18
11
7
2
1
1
1
2
1
0
-6
-8
3
2
7
3
4
0
4
11
16
22
19
22
26
30
34
33
24
25
24
23
14
14
6
4
5
2
-1
-6
-9
-21
-22
-24
-25
