7
9
8
7
7
9
10
8
10
11
10
13
12
10
7
15
18
12
14
12
8
7
9
15
17
22
25
20
14
12
7
5
5
9
6
7
8
4
8
5
7
4
5
4
5
6
8
6
6
1
-4
-4
-2
-6
-3
0
-2
1
1
-6
-8
-7
-7
-10
-13
-13
-14
-17
-23
-27
-25
-24
-24
-25
-26
-21
-18
-18
-15
-12
-11
-9
-5
-4
-1
-7
-7
-2
-3
0
0
-2
1
0
-1
3
3
6
5
7
8
10
10
7
6
5
5
8
9
9
7
3
4
2
-3
-4
-3
-4
-1
0
5
4
4
2
-1
-1
-6
-11
-9
-2
-2
1
10
10
11
16
18
15
16
15
10
5
1
6
10
11
9
9
4
5
5
5
6
2
4
2
5
4
-1
0
0
-4
-4
0
-3
-2
-2
-10
-8
-6
-8
-4
-6
-4
2
-2
0
0
-1
-2
-9
-11
-9
-8
-14
-12
-8
-14
-9
-6
-4
-5
-9
-8
-5
-5
-4
-3
1
6
1
2
1
-3
-3
-2
-5
-9
-11
-9
-4
-4
-1
0
-5
-6
-1
2
2
2
7
6
2
6
6
12
9
5
9
14
18
20
20
19
19
15
17
16
12
13
14
16
14
11
13
8
10
9
3
-4
-3
-9
-9
-9
-15
-16
-13
-9
-11
-5
-5
-4
-8
-10
-12
-15
-16
-12
-8
-6
-6
-10
-14
-10
-14
-18
-10
-10
-5
-4
-1
2
-2
0
2
3
5
6
6
10
9
6
8
7
6
6
4
4
7
3
7
10
11
10
10
10
11
14
10
5
4
3
2
4
6
4
4
4
4
3
4
3
-2
-8
-6
-5
-7
-6
-8
-14
-10
-10
-5
-5
-5
-7
-7
-7
-11
-10
-11
-18
-19
-13
-13
-14
-13
-15
-14
-11
-12
-14
-17
-15
-10
-7
0
4
-4
-2
1
3
6
1
9
4
1
4
9
11
11
14
10
12
14
12
20
16
15
18
16
23
20
21
23
19
15
10
9
9
4
5
11
10
12
10
13
12
10
8
9
8
0
-2
-7
-3
-8
-14
-12
-12
-16
-15
-8
-13
-10
-10
-9
-6
-5
-6
-7
-5
-4
-7
-11
-9
-5
-8
-8
-3
-1
-11
-15
-14
-14
-18
-19
-18
-20
-20
-16
-13
-11
-8
-9
-12
-10
-9
-7
-2
-1
3
1
-2
1
1
0
-4
-4
-5
0
2
0
4
11
14
17
16
17
20
21
20
21
24
22
21
18
16
20
20
17
12
14
14
9
12
4
2
5
5
5
5
3
1
-2
-7
-4
-6
-9
-11
-11
-9
-9
-7
-10
-9
-11
-11
-13
-12
-12
-16
-18
-22
-24
-21
-21
-17
-11
-9
-9
-9
-6
-4
-3
-2
-2
2
0
-3
3
4
6
6
7
6
13
14
15
13
14
16
19
24
25
22
16
13
11
7
7
5
7
1
-2
7
7
7
3
6
3
-1
2
3
-1
-9
-10
-11
-10
-7
-8
-4
-7
-10
-10
-9
-8
-5
-7
-10
-6
-7
-5
-5
-5
-1
-4
-8
-9
-8
-9
-8
-3
2
-1
-7
-10
-8
-1
-1
-4
-1
9
7
7
12
15
13
13
18
18
15
19
24
18
14
12
20
16
11
11
9
14
9
-2
-7
-9
-8
-14
-21
-24
-26
-30
-31
-33
-27
-15
-19
-18
-11
-1
5
10
13
13
13
11
16
19
14
17
20
13
9
9
14
11
2
0
1
2
-3
-11
-16
-14
-20
-25
-30
-32
-24
-20
-19
-16
-11
-10
-11
-14
-14
-12
-9
-7
-8
-11
-2
5
4
-1
4
12
14
16
17
23
20
13
13
6
7
6
-1
-7
-13
-9
-5
-13
-13
-11
-4
-3
-5
2
-3
-8
-7
-7
-1
4
14
18
24
25
24
28
27
26
22
23
21
20
14
11
13
11
7
1
-3
-5
-5
0
4
12
16
18
27
25
24
20
13
11
1
-8
-14
-25
-29
-21
-18
-15
1
8
6
9
6
-2
-6
-7
-18
-27
-33
-39
-43
-48
-45
-43
-35
-29
-16
-11
-7
3
9
20
16
6
0
-10
-17
-26
-29
-33
-31
-30
-27
-18
-3
7
12
21
34
47
40
37
39
36
26
11
4
5
-5
-5
-14
-3
-6
-19
-23
-21
-12
-10
0
2
6
8
15
18
22
23
24
21
13
9
10
7
3
7
5
4
7
11
15
13
8
5
6
10
18
21
22
16
11
3
3
1
1
7
8
10
9
12
1
-13
-25
-32
-34
-33
-30
-34
-31
-27
-17
-14
-8
-3
-5
-2
-5
2
7
4
-7
-11
-8
-10
-11
-6
2
5
3
5
12
10
4
7
3
-7
-16
-8
-1
-4
-4
-8
-7
-1
13
17
17
10
10
19
17
27
33
27
22
11
-1
-11
-13
-22
-32
-46
-62
-68
-81
-90
-104
-107
-103
-99
-91
-86
-77
-55
-26
-4
7
29
53
66
79
94
108
114
123
144
158
169
172
165
170
165
160
158
143
124
105
80
60
44
17
-8
-25
-46
-68
-84
-96
-110
-112
-98
-94
-85
-65
-52
-49
-32
-20
-19
-24
-27
-15
-18
-14
-11
-6
-3
-4
7
4
-8
-26
-28
-23
-38
-48
-49
-60
-79
-95
-106
-123
-134
-150
-153
-150
-147
-177
-237
-314
-393
-430
-447
-452
-459
-440
-384
-330
-271
-198
-120
-15
105
213
273
347
432
533
622
659
692
743
804
837
821
822
820
827
799
733
643
549
465
353
205
36
-113
-244
-347
-423
-486
-546
-556
-523
-512
-497
-465
-409
-357
-287
-235
-194
-138
-44
-7
0
28
92
150
151
109
119
167
175
126
68
49
16
-73
-186
-280
-335
-357
-417
-481
-510
-511
-500
-513
-491
-425
-348
-302
-285
-235
-146
-55
-10
24
85
173
226
253
277
315
333
319
281
250
246
228
188
137
66
-34
-159
-297
-396
-439
-511
-598
-689
-690
-620
-585
-557
-478
-334
-152
-16
102
239
433
636
753
816
906
1102
1247
1271
1254
1298
1380
1367
1231
1074
963
842
648
418
213
52
-110
-303
-473
-644
-712
-782
-867
-916
-893
-867
-893
-906
-902
-781
-668
-572
-380
-253
-175
-46
130
250
354
474
555
638
673
693
670
639
541
411
303
194
51
-90
-210
-313
-385
-492
-579
-704
-808
-846
-877
-928
-959
-953
-944
-905
-835
-702
-563
-423
-260
-55
154
295
458
538
551
587
548
356
-24
-396
-622
-735
-877
-1078
-1184
-1065
-821
-698
-697
-575
-328
38
271
365
405
616
935
1087
1114
1115
1332
1685
1867
1817
1849
2058
2315
2387
2286
2179
2057
1931
1701
1369
948
458
46
-312
-644
-945
-1193
-1333
-1419
-1497
-1574
-1686
-1629
-1486
-1490
-1535
-1578
-1409
-1219
-1161
-1155
-998
-675
-392
-235
-126
200
630
932
1121
1188
1248
1284
1229
1053
859
668
459
128
-277
-568
-728
-807
-937
-1050
-1110
-1127
-1121
-1182
-1131
-1052
-1067
-1134
-1213
-1120
-972
-783
-680
-557
-301
-103
41
164
347
536
560
543
579
665
701
333
-287
-811
-904
-950
-1183
-1608
-1696
-1312
-888
-807
-830
-609
-12
569
871
839
744
1137
1619
1791
1710
1798
2196
2639
2745
2603
2582
2721
2918
2911
2607
2193
1837
1568
1270
754
84
-478
-765
-906
-1216
-1545
-1790
-1682
-1464
-1437
-1637
-1732
-1513
-1349
-1444
-1702
-1652
-1357
-1115
-1192
-1256
-1054
-670
-327
-214
-120
200
769
1041
997
919
1098
1228
998
660
502
510
344
8
-353
-518
-520
-660
-983
-1234
-1201
-966
-985
-1267
-1283
-1068
-841
-840
-843
-550
-139
78
154
217
474
716
834
803
781
894
965
769
471
475
612
538
334
264
196
17
-356
-528
-531
-568
-870
-1227
-1295
-1227
-1222
-1364
-1426
-1230
-870
-613
-551
-402
137
756
1107
1231
1545
2127
2501
2431
2377
2459
2621
2485
2077
1687
1531
1436
1050
551
181
6
-166
-571
-879
-955
-890
-1030
-1388
-1611
-1657
-1682
-1771
-1896
-1819
-1696
-1578
-1456
-1244
-933
-557
-174
85
333
624
947
1205
1257
1318
1433
1463
1337
1202
1184
1121
964
723
487
290
82
-178
-457
-703
-869
-1065
-1259
-1451
-1464
-1389
-1397
-1445
-1302
-1001
-728
-560
-420
-200
-3
146
246
284
316
311
304
296
235
145
-199
-672
-1029
-937
-818
-1035
-1342
-1230
-703
-363
-405
-545
-386
31
381
474
279
313
806
1323
1435
1203
1398
2031
2603
2652
2493
2532
2799
2892
2645
2143
1703
1427
1264
827
222
-303
-622
-809
-1091
-1398
-1614
-1607
-1369
-1293
-1600
-1831
-1785
-1437
-1440
-1823
-1933
-1789
-1505
-1514
-1547
-1427
-1062
-486
-214
-187
-63
598
1295
1291
1143
1322
1698
1687
1292
1021
1111
1149
764
244
-38
43
154
-133
-452
-543
-392
-429
-714
-969
-847
-633
-759
-1009
-1015
-766
-599
-691
-701
-464
-211
-123
-254
-208
74
292
237
-108
-185
20
318
51
-549
-838
-967
-897
-1243
-1544
-1413
-1070
-833
-902
-1010
-863
-594
-146
133
403
488
746
1228
1605
1826
1882
2180
2649
2960
2895
2721
2863
3092
3049
2571
2103
1843
1689
1395
816
306
-13
-230
-578
-967
-1183
-1351
-1472
-1592
-1832
-2026
-2195
-2327
-2367
-2417
-2403
-2370
-2131
-1821
-1644
-1308
-866
-443
-69
406
819
1066
1354
1640
1783
1785
1616
1452
1359
1142
851
513
222
39
-213
-413
-551
-716
-791
-901
-1044
-1177
-1263
-1325
-1368
-1260
-1126
-947
-842
-714
-402
-126
62
152
342
530
588
555
490
597
606
614
516
320
-274
-716
-1022
-1039
-1001
-1267
-1443
-1359
-922
-596
-701
-726
-582
-371
-214
-332
-375
-177
420
897
1157
1263
1715
2541
3166
3408
3481
3611
3878
3904
3614
2991
2491
2046
1566
907
90
-510
-879
-1184
-1580
-1950
-2125
-2154
-2023
-2019
-2086
-2209
-2215
-2260
-2359
-2639
-2819
-2785
-2568
-2414
-2301
-2002
-1365
-793
-287
63
614
1324
1896
2264
2371
2631
2705
2548
2288
2033
1821
1435
932
470
181
3
-264
-509
-808
-968
-1055
-1131
-1304
-1381
-1324
-1282
-1347
-1380
-1327
-1128
-931
-808
-707
-440
-130
97
244
388
648
772
817
880
996
1116
1012
933
937
690
197
-398
-711
-761
-990
-1430
-1756
-1689
-1515
-1486
-1539
-1591
-1378
-895
-533
-457
-321
195
848
1235
1408
1821
2479
3119
3275
3183
3306
3552
3476
3173
2642
2232
1908
1426
813
384
130
-130
-648
-1227
-1480
-1467
-1554
-1840
-2036
-2150
-2278
-2562
-2663
-2654
-2569
-2575
-2442
-2186
-2007
-1675
-1038
-407
-95
313
902
1387
1729
2035
2395
2597
2432
2198
2058
1899
1649
1242
704
206
-141
-308
-532
-907
-1103
-1204
-1440
-1751
-1854
-1621
-1420
-1471
-1480
-1287
-1104
-1050
-969
-799
-547
-350
-281
-242
-159
74
231
256
172
304
479
440
-126
-648
-711
-584
-858
-1514
-1828
-1538
-934
-774
-933
-966
-595
48
638
681
657
1041
1787
2226
2150
2272
2880
3715
4012
3706
3468
3606
4017
3937
3305
2479
2032
1864
1490
608
-344
-854
-1093
-1485
-2060
-2548
-2674
-2591
-2471
-2635
-2968
-2897
-2554
-2279
-2535
-2925
-2770
-2441
-2234
-2347
-2207
-1686
-910
-402
-325
-16
723
1631
2035
1984
2131
2545
2636
2256
1850
1707
1668
1226
458
-24
-86
-74
-329
-739
-911
-780
-760
-921
-1112
-1001
-782
-757
-1051
-1135
-811
-546
-601
-739
-555
-219
-91
-243
-281
56
417
514
465
542
680
866
885
860
601
230
-383
-799
-862
-1069
-1394
-1644
-1508
-1332
-1344
-1440
-1387
-970
-343
66
60
-13
579
1400
1888
1767
1912
2780
3506
3437
2924
2797
3204
3357
2835
2042
1747
1681
1467
877
270
38
-109
-439
-1085
-1470
-1430
-1543
-1853
-2214
-2419
-2586
-2768
-2805
-2869
-2894
-2912
-2848
-2445
-2080
-1698
-1295
-690
-54
459
925
1381
1835
2201
2483
2584
2573
2439
2278
2028
1728
1435
1097
754
452
71
-211
-527
-752
-990
-1297
-1542
-1638
-1570
-1520
-1528
-1595
-1460
-1215
-1168
-1054
-786
-539
-370
-315
-264
-199
-227
-87
-57
-57
-43
74
358
480
445
-27
-408
-572
-414
-447
-963
-1332
-1260
-938
-850
-1165
-1325
-1056
-535
-109
-78
-54
438
1390
2022
2159
2307
3021
3970
4302
4004
3744
3907
4022
3497
2646
1951
1673
1306
736
15
-549
-780
-985
-1262
-1499
-1715
-1820
-1961
-2059
-2166
-2454
-2539
-2649
-2555
-2760
-2965
-3077
-2837
-2492
-2369
-2064
-1636
-955
-420
43
462
1074
1910
2429
2383
2354
2582
2780
2366
1840
1619
1523
1121
379
-51
-24
34
-256
-716
-937
-964
-930
-1219
-1490
-1616
-1426
-1278
-1493
-1590
-1350
-864
-821
-930
-778
-360
-59
-69
-144
93
467
706
619
523
725
1017
1151
1112
865
561
184
-356
-400
-430
-640
-970
-1116
-790
-494
-486
-668
-649
-76
389
593
344
499
1304
1882
1783
1500
2054
2870
3013
2444
2020
2359
2624
2185
1194
641
633
360
-269
-1001
-1082
-937
-1163
-1770
-2040
-1747
-1534
-1797
-2220
-2208
-2092
-2123
-2214
-2200
-2068
-2020
-2024
-1827
-1459
-1016
-625
-221
295
801
1256
1647
1988
2295
2615
2736
2587
2426
2387
2204
1722
1243
901
731
366
-49
-315
-416
-498
-832
-1136
-1204
-1062
-918
-945
-1019
-1061
-954
-807
-788
-695
-631
-605
-684
-731
-530
-338
-287
-411
-382
-216
-158
-129
-28
264
440
104
-637
-1040
-976
-632
-895
-1490
-1604
-1175
-729
-719
-845
-631
-269
204
471
482
684
1197
1997
2282
2151
2132
2706
3416
3508
3066
2667
2648
2601
2244
1564
881
614
372
-125
-879
-1287
-1276
-1277
-1494
-1929
-2178
-2037
-1874
-1733
-1890
-1940
-2077
-1876
-1732
-1870
-2045
-2047
-1571
-1321
-1218
-858
-208
464
598
836
1348
1840
2131
2068
2119
2075
1932
1685
1503
1346
1033
734
429
314
378
422
260
-132
-211
-296
-350
-623
-870
-918
-1203
-1417
-1669
-1688
-1616
-1584
-1544
-1645
-1511
-1223
-791
-470
-313
-131
42
190
226
281
540
668
747
735
876
666
297
-226
-401
-281
-655
-1049
-1320
-1100
-687
-558
-622
-785
-462
260
687
704
606
1215
1950
2222
1981
1936
2603
3006
2698
2069
1863
2124
2018
1429
576
195
176
70
-313
-666
-570
-435
-575
-833
-935
-739
-828
-1170
-1446
-1624
-1845
-2197
-2276
-2253
-2243
-2260
-2120
-1665
-1232
-765
-314
219
732
1179
1574
1847
1967
2064
2203
2170
1913
1630
1472
1139
657
340
319
231
18
-121
-74
-62
-190
-387
-572
-603
-591
-667
-1033
-1376
-1363
-1169
-1188
-1584
-1738
-1507
-1295
-1276
-1147
-879
-632
-580
-458
-299
-98
139
250
437
440
425
209
-59
-453
-521
-415
-569
-913
-996
-630
-285
-354
-468
-358
38
469
593
656
932
1431
1897
2094
1998
2138
2768
3113
2811
2442
2326
2277
1943
1453
937
551
58
-232
-597
-945
-1195
-1298
-1305
-1384
-1483
-1448
-1339
-1307
-1322
-1407
-1360
-1539
-1493
-1484
-1690
-1858
-1908
-1326
-1021
-794
-476
-36
429
799
1082
1541
2035
2314
2252
2077
2075
2088
1941
1534
1163
820
543
250
62
160
190
22
-361
-404
-289
-315
-525
-834
-877
-1014
-1208
-1590
-1835
-1833
-1896
-2144
-2317
-2251
-1950
-1642
-1350
-1161
-855
-440
-137
114
361
743
897
962
1117
1199
1130
701
243
179
347
190
-157
-282
-115
161
125
-44
-146
226
713
800
485
307
737
1216
1169
808
903
1541
1884
1618
1233
1357
1586
1444
865
331
287
332
123
-311
-512
-401
-317
-571
-741
-589
-272
-255
-600
-703
-758
-831
-1119
-1340
-1440
-1515
-1610
-1585
-1212
-884
-651
-318
107
449
668
965
1398
1553
1583
1666
1751
1550
1207
917
685
423
296
252
111
-61
-124
-202
-259
-515
-615
-627
-732
-891
-1133
-1284
-1443
-1519
-1562
-1658
-1835
-1854
-1667
-1532
-1540
-1425
-1113
-828
-749
-666
-265
-44
20
94
352
689
920
902
685
464
325
526
583
437
263
395
656
659
396
369
437
571
735
656
536
602
966
1287
1331
1298
1585
2202
2371
2125
1765
1769
1877
1648
1142
581
326
247
153
-238
-672
-780
-637
-640
-837
-930
-716
-635
-775
-1032
-1112
-1208
-1368
-1635
-1919
-2050
-2200
-1934
-1679
-1554
-1433
-1071
-475
15
297
627
1104
1504
1427
1261
1280
1451
1369
942
580
426
376
246
154
169
363
364
141
47
29
161
45
-304
-598
-815
-1030
-1329
-1527
-1600
-1709
-1929
-2029
-1820
-1375
-1087
-883
-628
-350
15
348
559
765
948
1089
1120
1055
1296
1569
1419
810
176
232
545
487
3
-325
-172
-11
-181
-496
-609
-377
-113
-168
-399
-435
-24
517
575
313
337
867
1384
1426
1213
1078
1259
1283
1059
733
532
606
713
593
267
122
249
302
68
-299
-492
-441
-536
-729
-1104
-1358
-1513
-1639
-1670
-1898
-1845
-1572
-1240
-1015
-881
-594
-66
301
468
544
790
1089
1336
1243
1197
1355
1435
1229
964
984
1244
1184
922
773
875
745
398
12
-215
-218
-546
-1074
-1470
-1553
-1561
-1789
-2134
-2236
-2113
-1974
-1985
-1902
-1470
-916
-694
-686
-506
-161
271
392
393
497
716
1021
1161
1405
1615
1756
1506
1130
824
895
907
526
0
-155
-184
-304
-705
-994
-1045
-852
-677
-704
-628
-359
205
585
644
613
978
1619
1752
1524
1303
1381
1538
1336
956
609
598
693
619
420
302
425
512
357
33
-196
-139
-264
-580
-964
-1375
-1573
-1757
-1903
-1961
-2060
-1865
-1818
-1575
-1451
-1062
-823
-427
-184
34
171
374
712
837
853
863
961
988
1019
1046
1179
1290
1292
1206
1237
1209
1149
1075
777
538
178
-274
-758
-1291
-1690
-2140
-2492
-2786
-2589
-2436
-2204
-2017
-1630
-1029
-538
-391
-334
103
576
765
730
744
960
1184
1260
1234
1269
1654
2143
2353
2329
1950
1723
1446
1236
676
-78
-693
-1009
-1252
-1688
-2245
-2543
-2525
-2322
-2102
-1995
-1802
-1437
-851
-275
-47
35
549
1134
1348
1206
1145
1440
1793
1805
1662
1723
1837
1977
2039
1920
1865
1794
1629
1226
733
364
19
-414
-872
-1267
-1613
-1880
-1950
-1934
-1748
-1738
-1584
-1343
-963
-745
-511
-132
195
300
186
250
355
397
312
391
732
1001
959
1088
1489
1872
1827
1575
1542
1573
1353
754
118
-475
-916
-1525
-2303
-2726
-2879
-2772
-2862
-2881
-2666
-2281
-1830
-1658
-1356
-893
-425
-176
-110
19
133
306
376
411
534
744
1170
1636
2027
2330
2670
2871
2712
2238
1671
1277
800
81
-705
-1337
-1818
-2279
-2667
-2912
-2946
-2665
-2262
-1848
-1491
-1078
-513
201
728
920
1061
1311
1588
1602
1467
1479
1730
2035
1952
1795
1842
2091
2263
2223
2009
1845
1685
1345
964
617
335
85
-417
-1005
-1383
-1550
-1504
-1540
-1862
-2043
-2075
-1837
-1813
-1920
-1798
-1442
-1213
-1248
-1156
-900
-624
-389
-94
205
480
912
1570
1922
1955
2211
2595
2638
2215
1827
1688
1389
684
-170
-786
-1291
-1767
-2218
-2382
-2544
-2642
-2504
-2282
-2155
-1812
-1396
-1113
-1027
-813
-522
-358
-290
-134
225
426
532
773
1310
1810
2121
2332
2551
2741
2838
2999
2944
2643
2001
1332
499
-279
-866
-1505
-2235
-2948
-3340
-3466
-3448
-3425
-3326
-2927
-2309
-1764
-1405
-1039
-452
145
381
246
464
1257
1909
1838
1593
1850
2598
2871
2750
2650
2877
3052
2787
2379
2163
2175
1924
1324
677
269
51
-234
-766
-1358
-1687
-1866
-2010
-2250
-2425
-2420
-2357
-2369
-2226
-2048
-1736
-1455
-1139
-871
-582
-122
521
1088
1308
1559
1942
2294
2413
2468
2424
2218
1694
1131
678
225
-242
-761
-1190
-1578
-1826
-2018
-2144
-2173
-2120
-2083
-2042
-1998
-1856
-1648
-1568
-1536
-1483
-1256
-952
-707
-335
75
475
887
1378
1936
2383
2696
2952
3109
3187
3127
2904
2350
1634
759
-22
-689
-1386
-1928
-2386
-2704
-2850
-2955
-2957
-2720
-2366
-1967
-1611
-1341
-1201
-877
-463
-10
243
362
610
1116
1460
1628
1873
2242
2629
2889
2873
2849
2959
3231
3185
2777
2349
2113
1867
1406
863
439
77
-281
-768
-1122
-1350
-1500
-1791
-2102
-2425
-2688
-2571
-2654
-2614
-2840
-2741
-2377
-1996
-1507
-1049
-531
-47
462
1063
1623
2049
2341
2591
2548
2271
2138
2065
1813
1257
723
354
58
-217
-656
-915
-1313
-1694
-2029
-2235
-2151
-2214
-2190
-2315
-2366
-2200
-1939
-1621
-1388
-1019
-531
-28
508
944
1468
1922
2180
2333
2310
2359
2361
2317
2042
1601
1292
1072
840
442
-41
-477
-896
-1194
-1390
-1607
-1878
-2152
-2300
-2341
-2430
-2595
-2731
-2629
-2201
-1956
-1976
-1907
-1314
-424
166
320
764
1683
2470
2631
2561
2898
3520
3773
3571
3323
3457
3545
3320
2813
2314
1932
1559
931
193
-324
-538
-869
-1475
-1989
-2215
-2232
-2507
-2668
-2780
-2536
-2491
-2419
-2030
-1710
-1265
-949
-508
-179
226
755
1141
1298
1469
1897
2225
2228
2179
2255
2297
1966
1571
1292
1137
830
310
-202
-716
-1165
-1520
-1940
-2274
-2659
-2681
-2768
-2829
-2775
-2422
-1974
-1834
-1570
-1111
-520
-110
310
779
1089
1312
1473
1633
1820
1813
1615
1531
1301
1162
1029
930
785
498
195
-304
-612
-678
-733
-1184
-1744
-2164
-2189
-2205
-2398
-2557
-2452
-2231
-2122
-2089
-1895
-1382
-752
-189
164
576
1270
2025
2584
2836
3200
3691
4091
4143
3996
3908
3734
3419
2890
2406
1856
1293
702
117
-461
-903
-1248
-1548
-1874
-2110
-2369
-2485
-2461
-2500
-2440
-2576
-2569
-2506
-2317
-2217
-2073
-1697
-1144
-767
-611
-245
521
1173
1367
1554
1950
2387
2566
2560
2520
2602
2524
2114
1671
1235
867
406
-188
-974
-1548
-1843
-2103
-2322
-2491
-2454
-2345
-2180
-1985
-1554
-1072
-696
-335
-73
127
293
383
461
538
589
524
416
325
320
446
534
578
703
902
1144
1329
1520
1618
1517
1207
701
146
-228
-585
-1195
-1984
-2607
-2941
-3052
-3170
-3359
-3258
-2789
-2232
-1775
-1347
-670
156
931
1387
1684
2222
2927
3354
3370
3311
3382
3411
3286
2987
2652
2437
2193
1834
1317
935
781
626
245
-152
-536
-777
-905
-1131
-1464
-1847
-2088
-2248
-2460
-2566
-2676
-2687
-2508
-2413
-2070
-1664
-1232
-723
-278
192
589
1010
1509
2051
2321
2526
2767
2874
2774
2497
2272
1917
1350
790
245
-188
-708
-1208
-1531
-1873
-2063
-2246
-2249
-2176
-2191
-2026
-1978
-1893
-1800
-1545
-1303
-1265
-1159
-985
-722
-646
-478
-160
78
304
523
772
1199
1501
1775
1997
2202
2449
2530
2406
2128
1774
1293
576
-247
-950
-1487
-2195
-2846
-3213
-3351
-3452
-3535
-3448
-2972
-2369
-1841
-1296
-672
22
809
1434
1925
2398
2861
3310
3476
3463
3461
3493
3461
3230
3029
2886
2631
2366
2093
1871
1542
1183
861
551
176
-291
-783
-1237
-1647
-2025
-2422
-2857
-3166
-3335
-3408
-3602
-3552
-3321
-2770
-2479
-2156
-1510
-819
-201
281
903
1556
1941
2255
2507
2551
2657
2666
2482
2070
1766
1674
1470
1027
520
220
-38
-432
-809
-947
-1090
-1348
-1741
-2037
-2086
-2233
-2166
-2195
-2258
-2187
-1962
-1652
-1453
-1104
-557
-118
112
390
858
1297
1514
1655
1846
2025
2094
2031
1989
1948
1906
1713
1540
1205
969
454
-163
-903
-1546
-1945
-2494
-2993
-3377
-3399
-3253
-3219
-3090
-2744
-2263
-1681
-1179
-567
50
727
1298
1750
2050
2319
2679
2874
2913
2839
2868
2969
2880
2794
2652
2580
2367
2182
1898
1605
1268
847
475
-72
-596
-1121
-1549
-1911
-2325
-2554
-2798
-3004
-3099
-2987
-2817
-2659
-2312
-1929
-1449
-1156
-766
-211
277
692
991
1383
1695
1961
2272
2539
2682
2647
2656
2557
2344
2194
1991
1741
1214
635
225
-226
-737
-1360
-1847
-2342
-2856
-3288
-3507
-3407
-3385
-3136
-2827
-2519
-2109
-1538
-882
-468
-59
374
815
1170
1414
1728
1862
1912
1972
1992
2060
2068
2079
2036
1852
1595
1392
1307
1074
684
46
-541
-1178
-1801
-2190
-2680
-2995
-3375
-3465
-3310
-3140
-2878
-2546
-2094
-1691
-1262
-638
17
677
1143
1498
1901
2357
2803
3012
3226
3335
3438
3422
3257
3201
3001
2791
2343
1988
1635
1193
693
37
-437
-990
-1574
-2076
-2470
-2711
-2950
-3128
-3208
-3126
-2995
-2657
-2253
-1849
-1465
-1082
-592
-85
363
786
1096
1424
1739
2065
2403
2545
2741
2969
3066
2809
2552
2403
2114
1620
997
471
-58
-669
-1381
-2000
-2475
-2988
-3400
-3710
-3770
-3680
-3435
-3137
-2880
-2364
-1704
-1132
-707
-312
206
612
887
1090
1259
1464
1496
1515
1593
1750
1926
1987
1941
1931
1972
1968
1840
1478
1152
886
501
26
-560
-980
-1484
-1978
-2569
-2976
-3255
-3406
-3389
-3291
-2933
-2503
-1994
-1428
-890
-240
402
864
1307
1733
2203
2519
2696
2820
2972
3135
3074
3069
3039
2883
2685
2361
2056
1775
1437
1023
589
73
-408
-943
-1388
-1763
-2166
-2423
-2599
-2752
-2782
-2674
-2464
-2168
-1929
-1616
-1304
-853
-355
86
452
750
1206
1473
1813
1990
2180
2355
2501
2485
2430
2344
2166
1881
1486
1041
463
-70
-503
-1021
-1661
-2158
-2472
-2679
-2912
-3020
-2917
-2756
-2574
-2375
-2013
-1605
-1247
-949
-707
-365
-86
184
434
778
1049
1257
1384
1554
1770
1944
2053
2004
1956
1912
1756
1449
1110
749
337
-122
-649
-1102
-1546
-1833
-2076
-2241
-2449
-2605
-2655
-2647
-2455
-2337
-2040
-1683
-1310
-913
-525
-122
229
568
965
1339
1518
1752
2086
2307
2370
2332
2406
2619
2611
2505
2344
2213
2006
1680
1302
938
564
109
-385
-756
-995
-1166
-1365
-1528
-1561
-1592
-1585
-1571
-1394
-1127
-799
-785
-608
-293
141
475
604
900
1027
1152
1106
1228
1329
1292
1054
907
747
520
406
386
263
66
-107
-163
-319
-482
-539
-689
-950
-1234
-1428
-1563
-1780
-1837
-1864
-1677
-1568
-1378
-1048
-752
-420
-162
207
482
686
900
1144
1331
1349
1325
1386
1382
1314
1197
1048
842
608
381
95
-190
-382
-562
-781
-1042
-1227
-1292
-1303
-1396
-1373
-1333
-1208
-1176
-1144
-1031
-1001
-989
-979
-1016
-982
-804
-627
-477
-344
-209
-10
175
342
538
709
943
1176
1340
1474
1568
1689
1750
1717
1622
1544
1481
1412
1208
987
850
692
602
512
385
264
208
210
168
112
171
227
252
241
221
172
187
202
257
117
36
-217
-278
-453
-628
-657
-801
-772
-888
-848
-764
-651
-552
-527
-531
-384
-262
-248
-218
-86
-155
-194
-183
-198
-163
-225
-286
-371
-430
-420
-439
-363
-351
-216
-182
-26
101
245
445
447
412
412
393
343
208
7
-179
-436
-593
-729
-794
-831
-824
-833
-936
-871
-834
-686
-482
-308
-191
-36
36
108
228
289
350
142
68
-61
-177
-293
-493
-551
-587
-613
-563
-452
-250
-107
-4
150
317
502
691
865
925
947
996
1139
1314
1382
1408
1377
1421
1380
1394
1467
1428
1504
1399
1258
1118
936
812
618
392
146
-4
-127
-262
-343
-488
-581
-719
-899
-876
-971
-851
-928
-1073
-1033
-1124
-1155
-1196
-1112
-1033
-954
-828
-537
-316
-183
30
272
384
502
641
780
812
749
737
636
413
182
51
-160
-353
-521
-668
-657
-726
-629
-449
-354
-272
-171
-52
110
196
177
180
143
-30
-140
-227
-336
-396
-445
-499
-525
-395
-247
-201
-129
11
183
235
219
138
59
-69
-252
-390
-492
-566
-779
-949
-1074
-1067
-1157
-1212
-1096
-945
-780
-635
-508
-252
-16
148
319
490
696
903
1071
1182
1359
1567
1734
1791
1771
1722
1773
1816
1776
1704
1593
1481
1338
1112
967
779
584
464
291
148
-34
-215
-348
-530
-683
-851
-1015
-1158
-1300
-1375
-1527
-1601
-1655
-1617
-1479
-1454
-1317
-1100
-846
-594
-408
-90
341
588
777
994
1080
1120
1159
1199
1155
1051
878
671
549
411
290
204
31
-56
-155
-227
-280
-354
-385
-475
-598
-683
-689
-669
-754
-843
-882
-837
-846
-839
-759
-683
-584
-553
-434
-293
-176
-69
-17
66
149
267
345
315
299
271
284
255
205
182
104
-21
-162
-344
-478
-592
-694
-831
-974
-1073
-1065
-1054
-953
-819
-629
-385
-252
-29
172
369
552
783
990
1220
1283
1392
1623
1750
1828
1848
1975
2030
2003
1990
1972
1991
1875
1701
1499
1307
1125
828
411
-19
-311
-564
-910
-1311
-1642
-1838
-2010
-2152
-2166
-2046
-1884
-1708
-1467
-1189
-876
-495
-148
133
329
497
608
700
680
677
737
718
705
640
624
548
488
383
280
141
-4
-122
-237
-406
-515
-684
-822
-986
-1116
-1128
-1157
-1196
-1235
-1187
-1153
-1109
-1005
-860
-679
-509
-326
-110
59
174
272
349
395
425
400
375
364
384
450
483
542
606
609
575
499
415
386
263
76
-180
-459
-670
-930
-1048
-1172
-1234
-1213
-1123
-963
-835
-645
-387
-185
17
229
385
580
846
1127
1363
1493
1640
1812
1885
1882
1829
1836
1892
1771
1646
1451
1278
1100
799
516
222
-1
-266
-435
-655
-759
-827
-907
-964
-977
-987
-941
-925
-847
-715
-667
-540
-453
-355
-322
-279
-242
-242
-192
-138
-81
-31
55
197
285
422
588
761
802
737
699
674
505
266
22
-244
-515
-810
-1067
-1221
-1314
-1325
-1319
-1258
-1106
-916
-644
-426
-262
-92
81
237
237
289
399
395
312
177
125
127
62
-29
-59
-23
52
144
188
248
293
295
183
21
-101
-240
-362
-570
-722
-802
-938
-1019
-1075
-1092
-992
-895
-777
-604
-374
-130
-3
143
239
334
532
638
700
769
979
1137
1201
1271
1357
1515
1577
1584
1590
1557
1501
1434
1275
1096
994
904
840
681
528
430
286
141
-49
-193
-323
-517
-702
-872
-991
-1139
-1246
-1384
-1393
-1336
-1306
-1247
-1231
-1072
-864
-704
-536
-337
-159
15
200
374
497
640
721
794
776
714
589
388
202
-57
-264
-439
-538
-607
-616
-545
-490
-380
-301
-193
-74
37
138
189
215
245
208
124
-4
-150
-280
-416
-503
-543
-500
-499
-467
-475
-497
-427
-343
-271
-231
-105
46
130
199
255
349
400
401
413
409
385
338
230
24
-139
-288
-395
-535
-697
-756
-739
-692
-680
-681
-563
-429
-285
-185
-7
207
411
608
707
841
975
1142
1281
1333
1413
1494
1596
1619
1610
1602
1582
1587
1504
1338
1177
949
661
334
23
-283
-578
-882
-1204
-1423
-1526
-1533
-1509
-1440
-1356
-1252
-1187
-1126
-981
-913
-898
-805
-706
-593
-543
-399
-231
-76
78
203
415
633
763
929
999
1065
1073
984
956
874
790
669
495
374
226
76
-90
-246
-308
-444
-597
-730
-833
-920
-1038
-1140
-1232
-1310
-1349
-1357
-1304
-1241
-1151
-999
-836
-643
-379
57
453
760
984
1192
1381
1420
1377
1209
976
683
289
-93
-439
-859
-1213
-1436
-1558
-1630
-1566
-1457
-1252
-988
-699
-328
-23
363
724
1005
1217
1406
1607
1737
1792
1759
1702
1649
1655
1585
1553
1555
1530
1433
1341
1331
1289
1208
1032
873
715
528
278
-9
-299
-579
-882
-1188
-1470
-1696
-1868
-2019
-2192
-2305
-2330
-2270
-2165
-2080
-1862
-1620
-1342
-1055
-790
-490
-124
216
509
840
1172
1464
1741
1972
2089
2090
2093
2051
1915
1722
1447
1175
792
431
81
-262
-575
-899
-1107
-1282
-1369
-1382
-1442
-1437
-1408
-1330
-1194
-1080
-957
-850
-774
-672
-598
-518
-423
-308
-172
-75
121
368
603
844
967
1087
1153
1098
1020
885
666
399
80
-258
-515
-749
-938
-1071
-1189
-1235
-1247
-1199
-1096
-897
-681
-508
-293
-58
171
364
500
678
865
1035
1206
1283
1402
1506
1565
1506
1505
1560
1557
1486
1373
1273
1180
1136
1039
890
693
439
164
-130
-508
-814
-1075
-1391
-1663
-1843
-1960
-2053
-2064
-2018
-1923
-1782
-1583
-1334
-1077
-769
-443
-123
188
485
741
1000
1204
1342
1455
1516
1554
1494
1435
1338
1191
975
779
599
368
119
-141
-361
-616
-850
-1014
-1156
-1213
-1222
-1216
-1170
-1062
-968
-871
-711
-598
-511
-424
-320
-230
-149
-35
83
226
306
394
502
493
522
538
561
561
479
407
329
224
121
-6
-141
-215
-260
-316
-395
-480
-540
-656
-705
-691
-657
-515
-435
-329
-154
4
157
252
407
578
735
841
901
1072
1213
1343
1394
1466
1469
1391
1281
1080
958
807
590
351
96
-85
-274
-529
-792
-1012
-1164
-1267
-1368
-1473
-1506
-1457
-1384
-1256
-1086
-889
-673
-467
-277
-70
131
305
436
567
646
684
711
669
621
521
404
283
262
222
180
160
190
223
177
193
191
192
157
72
2
-91
-162
-209
-265
-312
-354
-348
-400
-427
-391
-353
-334
-298
-205
-118
-27
33
54
62
86
77
61
86
89
64
46
-18
-134
-186
-251
-319
-371
-458
-454
-458
-450
-462
-462
-329
-215
-128
-49
52
161
274
350
432
514
529
517
535
547
577
598
621
661
722
709
620
584
500
396
292
197
117
42
-23
-98
-141
-249
-364
-429
-534
-567
-548
-478
-337
-198
-38
90
202
329
418
515
568
576
540
468
381
227
59
-89
-229
-379
-525
-622
-678
-651
-622
-627
-625
-587
-545
-465
-372
-308
-230
-193
-202
-205
-172
-155
-139
-137
-126
-50
14
30
68
122
196
196
239
265
308
315
289
284
316
316
264
245
192
212
190
154
52
-28
-106
-259
-358
-453
-486
-486
-487
-418
-325
-194
-2
197
363
498
584
673
786
858
968
1028
999
906
731
583
394
159
-99
-322
-488
-621
-730
-810
-847
-880
-932
-934
-853
-789
-689
-592
-566
-497
-452
-409
-282
-189
-72
26
129
265
362
505
590
656
753
850
876
908
963
958
916
842
761
634
525
357
153
-54
-285
-457
-589
-754
-917
-1023
-1104
-1160
-1170
-1174
-1104
-1004
-894
-714
-569
-444
-311
-184
-58
40
141
227
361
514
566
622
697
771
839
874
869
936
929
875
762
640
541
379
221
45
-166
-341
-531
-684
-816
-891
-884
-850
-740
-621
-462
-290
-166
-5
208
359
521
666
799
927
1050
1161
1230
1243
1182
1069
911
754
565
360
78
-162
-382
-650
-838
-977
-1081
-1121
-1160
-1196
-1152
-1094
-1031
-956
-866
-767
-665
-620
-593
-525
-424
-300
-233
-75
74
213
329
373
451
473
580
647
718
802
838
861
833
848
814
723
596
449
246
40
-162
-330
-507
-690
-799
-908
-999
-1073
-1102
-1127
-1145
-1129
-1060
-982
-824
-677
-492
-257
-47
164
371
605
848
1086
1262
1366
1445
1518
1527
1483
1401
1313
1171
958
740
523
347
136
-113
-335
-557
-725
-848
-959
-1028
-1053
-1011
-935
-831
-655
-444
-229
-44
129
328
462
574
679
778
797
811
832
775
705
609
486
349
234
38
-73
-166
-211
-265
-346
-396
-474
-524
-636
-731
-827
-899
-956
-986
-974
-899
-864
-862
-847
-822
-789
-785
-709
-622
-561
-456
-316
-106
133
357
546
775
989
1166
1292
1343
1380
1324
1242
1114
986
802
579
365
125
-57
-222
-369
-540
-631
-677
-748
-813
-806
-779
-744
-678
-596
-506
-383
-302
-190
10
148
248
344
479
631
766
866
893
942
965
922
901
837
762
636
455
311
169
33
-130
-249
-329
-390
-440
-490
-549
-609
-567
-548
-543
-533
-522
-508
-455
-382
-304
-220
-120
-32
38
137
216
298
373
463
517
540
577
555
504
457
387
303
254
197
110
50
-43
-115
-145
-223
-309
-422
-532
-656
-825
-1007
-1142
-1206
-1276
-1285
-1267
-1184
-1070
-891
-660
-477
-287
-75
158
293
390
542
695
822
893
977
1027
1011
993
906
800
692
580
445
321
158
48
-57
-207
-251
-301
-359
-353
-336
-319
-303
-297
-248
-204
-96
-13
22
83
105
151
160
176
207
264
311
314
377
420
483
563
617
661
706
711
661
643
560
433
299
109
-67
-168
-329
-475
-560
-653
-684
-734
-741
-720
-707
-665
-649
-621
-518
-433
-312
-187
-30
156
317
445
549
666
720
754
780
815
865
868
806
719
619
520
376
230
72
-106
-279
-469
-627
-793
-960
-1085
-1175
-1225
-1281
-1320
-1324
-1320
-1250
-1125
-984
-816
-652
-468
-323
-135
7
140
259
353
472
514
536
512
541
542
553
573
544
564
558
582
576
544
521
468
392
285
197
135
73
11
-110
-174
-248
-351
-403
-448
-412
-352
-308
-254
-161
-44
66
179
281
364
404
470
526
541
581
590
610
620
637
618
532
479
385
219
92
-76
-232
-389
-531
-620
-700
-738
-780
-800
-767
-647
-557
-442
-342
-256
-155
-46
94
195
293
372
434
523
594
641
680
708
714
724
714
680
620
557
471
346
190
54
-83
-216
-404
-562
-644
-767
-884
-971
-985
-993
-1026
-1031
-998
-905
-824
-776
-737
-711
-649
-538
-439
-359
-229
-126
-15
97
253
413
512
597
657
738
812
844
838
802
757
694
665
593
475
378
302
195
74
-32
-109
-167
-265
-346
-358
-351
-341
-302
-231
-148
-45
26
108
224
295
371
407
427
422
389
334
283
245
199
161
86
36
4
-78
-173
-243
-283
-317
-367
-364
-365
-371
-368
-351
-311
-297
-268
-201
-126
-54
7
36
71
111
154
196
214
222
245
302
323
306
338
320
311
321
335
367
326
283
195
84
-16
-139
-240
-339
-433
-532
-609
-629
-660
-700
-712
-710
-653
-615
-523
-413
-335
-239
-156
-117
-104
-64
-27
37
99
206
263
281
352
429
470
508
546
578
572
578
561
556
539
468
387
265
162
63
-42
-152
-263
-383
-473
-506
-512
-465
-419
-380
-315
-274
-178
-114
-103
-91
-107
-92
-63
-81
-73
-43
-67
-93
-72
-80
-68
-30
1
52
103
108
149
206
251
284
321
351
332
312
283
238
195
186
140
137
114
56
6
-51
-64
-65
-11
60
123
176
218
259
301
319
328
349
371
361
392
422
401
394
343
309
236
177
78
-33
-140
-276
-333
-379
-406
-482
-539
-520
-499
-460
-449
-442
-400
-374
-386
-371
-360
-388
-376
-371
-342
-296
-266
-216
-190
-161
-120
-58
-23
-5
-6
47
75
40
37
33
55
53
31
12
-8
-83
-119
-155
-187
-201
-223
-259
-304
-329
-329
-319
-269
-228
-175
-94
-31
10
8
28
56
107
159
207
252
294
334
356
376
375
371
393
431
435
433
474
521
536
559
531
513
490
468
453
416
375
339
314
248
203
178
145
111
108
101
97
112
104
61
46
48
55
51
63
31
25
6
-24
-51
-82
-152
-224
-283
-298
-279
-315
-349
-394
-434
-455
-438
-429
-451
-452
-418
-391
-396
-409
-373
-341
-289
-269
-292
-263
-270
-239
-170
-155
-118
-131
-114
-105
-113
-99
-85
-70
-77
-76
-43
-9
20
55
77
88
106
104
116
135
124
144
159
169
157
88
-3
-70
-111
-151
-183
-196
-185
-177
-111
-95
-35
55
107
168
200
225
195
194
186
184
212
200
198
149
94
65
92
143
165
220
275
334
364
398
425
432
421
399
381
342
292
220
136
76
44
-14
-21
11
-31
-38
-67
-72
-62
-58
-72
-69
-23
-10
24
12
16
32
23
49
68
93
77
48
21
-20
-55
-51
-62
-138
-148
-159
-141
-153
-189
-182
-237
-311
-367
-401
-443
-484
-469
-423
-404
-335
-323
-352
-361
-378
-352
-320
-323
-298
-271
-260
-179
-104
-38
6
59
120
162
224
253
270
253
205
167
141
125
79
38
46
64
36
30
63
54
36
26
34
39
53
67
48
25
65
5
-23
15
22
47
89
146
179
226
270
369
453
502
577
571
562
542
490
439
355
264
175
120
91
36
41
-2
-30
-52
-96
-84
-100
-123
-111
-130
-152
-117
-112
-96
-61
-36
17
45
39
42
31
47
31
-2
-22
-36
-71
-81
-108
-156
-186
-216
-229
-264
-259
-260
-289
-314
-314
-356
-377
-381
-341
-292
-301
-277
-278
-269
-260
-253
-207
-163
-107
-60
-2
53
82
107
149
163
162
178
186
235
226
185
172
144
137
93
91
54
-38
-102
-142
-152
-187
-215
-209
-209
-194
-154
-133
-124
-119
-140
-151
-128
-110
-86
-44
-21
19
87
169
263
349
417
496
540
525
529
503
441
405
334
283
246
238
245
213
203
193
160
116
99
81
83
55
18
4
-5
-18
-15
-24
-44
-73
-81
-74
-97
-82
-84
-65
-74
-80
-67
-78
-112
-106
-93
-73
-74
-83
-64
-81
-120
-171
-173
-186
-198
-223
-254
-272
-298
-322
-361
-376
-375
-382
-366
-353
-340
-327
-299
-233
-209
-170
-129
-74
-22
-8
66
93
105
122
112
99
115
134
140
123
127
135
129
140
128
129
122
139
119
80
52
-8
-47
-72
-85
-79
-83
-59
-32
47
90
110
177
237
313
356
376
381
399
410
395
381
385
369
338
296
268
232
205
192
176
172
167
150
122
93
40
42
33
29
-4
-18
-23
-86
-146
-194
-221
-245
-251
-278
-280
-242
-215
-224
-191
-165
-146
-109
-105
-63
-59
-58
-85
-103
-136
-188
-237
-267
-268
-284
-261
-254
-243
-266
-285
-288
-241
-211
-169
-155
-145
-103
-51
-1
39
49
71
94
83
109
154
176
192
204
171
174
146
117
91
32
11
-38
-50
-57
-78
-93
-95
-108
-109
-89
-78
-81
-90
-84
-96
-130
-160
-194
-203
-183
-174
-151
-86
-33
40
110
161
217
269
302
344
363
351
348
335
341
305
278
252
204
178
153
153
96
35
16
-1
-8
-10
49
90
117
135
118
118
131
101
90
75
34
12
-25
-65
-76
-63
-69
-73
-47
-15
7
28
5
-13
-9
-51
-52
-56
-68
-71
-125
-137
-123
-119
-126
-135
-170
-199
-205
-179
-129
-70
-30
-11
34
87
130
148
162
153
187
210
248
271
261
214
143
116
70
56
-15
-94
-182
-287
-336
-390
-423
-477
-506
-483
-448
-397
-341
-300
-275
-246
-190
-163
-156
-154
-138
-113
-82
-59
-26
30
43
60
119
173
155
182
163
181
177
198
251
259
299
287
292
285
239
182
107
53
-16
-67
-64
-93
-117
-108
-113
-98
-95
-67
-44
-15
10
24
78
130
160
199
200
205
208
210
192
170
143
106
58
-4
-10
-48
-38
-33
-34
-50
-61
-72
-67
-25
-34
4
-1
-7
39
32
53
29
3
-28
-37
-15
-3
51
53
81
89
120
134
127
112
104
80
81
100
52
4
-19
-77
-137
-164
-220
-246
-290
-290
-326
-312
-300
-346
-327
-298
-270
-242
-173
-145
-139
-111
-76
-52
-26
18
63
92
121
164
200
265
327
363
413
426
420
416
400
388
354
300
245
192
138
104
43
-13
-50
-95
-116
-167
-214
-229
-252
-296
-295
-289
-279
-248
-202
-130
-99
-54
3
26
52
64
62
57
24
28
1
-21
-15
-69
-109
-132
-104
-104
-129
-113
-125
-129
-75
-43
-9
50
62
64
96
102
68
43
21
34
42
69
59
56
58
37
57
66
65
57
34
24
1
-29
-8
-10
-14
-4
-23
6
10
-9
-31
-52
-62
-74
-70
-85
-84
-90
-140
-169
-179
-211
-214
-237
-250
-236
-222
-159
-89
-53
-38
6
86
134
180
223
282
321
297
292
267
233
203
192
196
212
219
220
173
123
87
54
11
-7
-43
-88
-74
-68
-50
-39
-22
-26
-12
23
51
52
65
62
20
8
-32
-40
-17
-25
-34
-52
-85
-90
-109
-94
-94
-50
-21
-18
28
42
29
25
22
8
14
28
15
8
21
22
35
53
13
-22
-28
-32
-15
6
16
33
33
25
61
70
62
63
65
78
75
51
47
14
-6
-64
-84
-90
-107
-99
-119
-125
-101
-66
-69
-103
-131
-116
-118
-102
-72
-73
-84
-116
-138
-120
-137
-142
-147
-177
-148
-120
-92
-53
-18
-24
-19
-7
-6
-17
-34
-77
-83
-62
-64
-70
-69
-49
-39
-10
22
59
57
60
92
119
166
194
230
264
265
265
255
224
230
239
185
133
79
44
-39
-81
-64
-86
-92
-93
-68
-73
-52
-35
-41
-29
-31
-30
-14
2
17
48
72
79
69
73
100
118
133
149
153
175
172
156
183
244
254
284
294
283
249
226
175
119
89
15
-38
-104
-178
-228
-298
-351
-384
-413
-436
-436
-428
-419
-357
-296
-223
-198
-132
-100
-98
-91
-82
-51
-42
-58
-69
-67
-70
-39
-35
-24
-21
-41
-69
-73
-87
-88
-62
-16
17
30
53
65
78
136
150
158
166
182
175
146
133
130
125
131
128
141
181
183
167
143
134
124
120
106
128
126
127
132
132
133
124
114
69
24
-25
-27
-49
-83
-101
-124
-138
-132
-111
-87
-86
-105
-109
-106
-109
-96
-87
-58
-54
-37
-34
-36
-22
-29
-4
8
65
95
80
77
105
130
123
116
81
20
-15
-67
-126
-160
-174
-233
-298
-327
-357
-348
-314
-293
-280
-265
-231
-165
-124
-69
-23
-4
-1
40
63
90
110
140
140
128
128
97
77
76
85
96
98
90
90
79
102
91
96
99
77
56
21
-21
-29
-10
4
11
9
43
38
31
43
46
45
26
-19
-40
-24
30
67
118
174
167
198
229
253
260
247
239
211
172
154
110
84
21
-33
-88
-120
-107
-102
-83
-109
-126
-153
-167
-173
-140
-70
-46
-7
22
82
118
106
112
130
135
121
133
139
145
96
37
25
-1
-30
-83
-149
-194
-237
-231
-198
-157
-140
-103
-97
-84
-82
-88
-78
-109
-153
-193
-164
-189
-231
-216
-210
-201
-205
-194
-182
-163
-127
-88
-49
1
44
69
77
81
133
148
135
173
194
203
227
193
140
111
95
52
31
20
-19
-28
-48
-63
-70
-86
-91
-88
-82
-60
-36
4
28
60
78
87
117
122
139
155
174
187
175
182
173
131
106
55
4
-66
-86
-91
-81
-68
-69
-67
-55
-58
-75
-58
-31
-17
25
56
70
60
74
98
127
134
113
100
73
59
45
47
51
12
-3
-25
-55
-60
-57
-44
-41
-46
-72
-55
-46
-39
-25
-6
27
17
-17
-52
-68
-58
-66
-67
-68
-91
-117
-134
-154
-164
-162
-166
-167
-166
-152
-142
-131
-99
-70
-50
-7
15
57
88
96
131
130
155
166
161
138
96
65
47
32
-10
-14
-14
-18
-35
-29
-26
-24
-39
-19
-1
5
48
61
98
136
161
159
130
98
81
42
-7
-38
-77
-119
-133
-130
-116
-123
-122
-135
-196
-186
-172
-114
-69
-39
-9
58
79
106
143
175
245
274
288
289
286
266
259
198
141
72
24
-15
-44
-54
-76
-94
-104
-94
-83
-28
-24
1
26
38
20
3
-18
-28
-19
-30
-41
-51
-67
-117
-128
-148
-151
-182
-204
-218
-236
-234
-208
-153
-140
-105
-78
-62
-42
-34
-25
-25
-22
-11
-32
-20
-1
18
24
45
37
24
27
5
1
-1
-12
0
7
-1
11
35
54
85
142
201
227
255
267
255
245
235
211
161
128
102
72
18
-1
-8
-27
-42
-68
-102
-96
-78
-76
-71
-75
-83
-97
-85
-40
-7
-4
8
41
53
58
71
99
105
93
82
57
36
27
13
4
-7
5
-28
-53
-66
-85
-34
-8
1
1
4
9
30
38
40
28
11
-28
-38
-23
-48
-59
-78
-87
-105
-141
-164
-191
-175
-171
-135
-103
-92
-83
-89
-80
-82
-49
-71
-95
-74
-20
4
29
56
63
74
63
43
6
-8
-37
-12
22
14
27
34
49
60
48
71
111
139
156
193
195
178
164
164
167
159
139
111
78
58
34
1
-22
-52
-68
-110
-133
-113
-75
-73
-71
-79
-120
-151
-160
-153
-106
-84
-66
-30
-18
-2
-1
19
40
44
40
58
57
53
51
65
71
86
107
121
119
149
165
177
182
153
141
127
106
96
80
73
21
-10
-47
-120
-143
-156
-155
-189
-183
-170
-187
-187
-210
-215
-197
-198
-167
-167
-137
-118
-128
-129
-122
-109
-80
-78
-51
-23
17
52
78
98
102
77
57
46
59
93
93
114
96
83
50
15
1
-9
-13
-22
-19
-12
8
25
67
120
119
114
134
127
89
59
56
39
31
30
18
-14
-27
-50
-63
-51
-53
-47
-52
-27
-42
-42
-27
-14
-1
-15
-13
3
7
-13
-23
-11
6
3
-10
7
-1
-22
-23
-27
-17
8
-13
-39
-30
-26
-26
-27
14
41
65
78
55
62
39
45
57
66
33
19
42
25
-13
-26
-38
-35
-21
-36
-65
-98
-92
-71
-43
-29
15
26
34
18
47
43
52
83
76
79
45
15
0
17
8
11
38
51
32
24
17
25
36
42
28
26
33
27
12
6
7
-35
-57
-44
-62
-43
-43
-57
-34
-23
-15
-1
15
7
20
41
37
81
100
70
93
80
87
59
42
-16
-35
-50
-104
-95
-74
-52
-65
-52
-57
-60
-75
-93
-78
-90
-67
-53
-56
-63
-70
-66
-61
-31
-19
-33
-4
43
67
93
92
69
43
31
21
16
9
-2
22
30
45
77
66
72
76
74
80
77
35
-8
-41
-72
-91
-102
-116
-116
-113
-105
-111
-102
-73
-75
-67
-71
-86
-71
-68
-76
-56
-38
-36
-19
25
33
58
88
140
137
134
172
169
145
140
117
103
89
73
49
23
0
-38
-36
-54
-45
-49
-29
-3
30
57
56
87
60
39
2
8
9
-21
-54
-83
-86
-101
-63
-48
-52
-57
-64
-60
-41
-31
-30
-12
-16
-12
-5
10
-1
19
39
36
21
20
29
30
15
-1
-13
-51
-68
-85
-68
-109
-117
-124
-132
-125
-106
-65
-56
12
39
88
82
93
121
105
112
108
111
119
114
105
80
72
61
49
58
57
44
17
19
10
12
3
17
7
-12
-23
5
19
31
47
42
47
50
65
71
76
57
36
14
6
-35
-42
-41
-61
-75
-93
-97
-101
-124
-149
-161
-131
-107
-94
-63
-36
-24
-24
-30
-23
-51
-63
-81
-100
-82
-64
-60
-69
-86
-96
-85
-77
-83
-58
-30
-16
-4
21
48
47
65
71
60
44
38
41
57
43
10
15
33
40
16
16
14
-16
-22
-37
-54
-36
-52
-35
-49
-16
18
26
101
141
142
182
212
214
241
245
235
244
241
213
202
157
120
100
91
34
-2
-3
-51
-75
-70
-68
-54
-65
-79
-84
-81
-100
-96
-86
-100
-103
-112
-100
-84
-43
-31
-13
-5
-4
-36
-61
-34
-30
1
5
-22
-32
-45
-66
-77
-63
-76
-97
-89
-70
-62
-41
-16
7
36
22
31
34
12
-9
-47
-81
-123
-151
-184
-203
-175
-151
-106
-103
-95
-61
-18
39
65
102
131
136
153
199
194
218
227
217
194
166
151
121
113
93
68
62
56
39
9
13
18
41
47
20
27
16
29
62
36
46
54
43
30
-2
-15
-45
-64
-78
-57
-43
-74
-115
-139
-149
-138
-124
-139
-109
-96
-102
-114
-119
-128
-120
-138
-137
-130
-124
-110
-118
-99
-85
-84
-86
-62
-48
-6
9
6
2
-1
1
27
30
43
41
48
66
78
85
90
84
97
97
80
101
91
69
41
9
-5
-31
-30
-51
-66
-62
-107
-74
-80
-58
-43
-41
16
35
50
55
114
145
167
199
200
197
185
156
141
169
177
199
213
176
170
173
152
136
92
67
39
8
0
-1
-22
-37
-68
-59
-61
-69
-61
-60
-57
-80
-83
-91
-116
-135
-133
-122
-93
-96
-113
-100
-123
-137
-119
-116
-115
-89
-65
-33
-12
-3
14
17
35
27
-6
40
51
39
25
-6
-41
-54
-63
-69
-40
-52
-53
-58
-79
-65
-83
-89
-61
-54
-39
3
25
18
7
0
16
34
71
75
59
46
54
21
-10
-22
-36
-60
-79
-106
-114
-106
-80
-44
-39
-14
-17
-15
1
25
36
52
48
45
41
55
56
52
43
42
31
47
48
44
39
27
7
10
19
21
36
30
34
12
22
5
0
10
-12
-8
32
5
-13
-18
-3
16
-1
15
12
19
7
7
21
9
23
-7
-15
-28
-26
-23
-20
1
-1
4
8
31
45
56
71
77
106
136
154
133
145
132
130
118
87
91
57
53
31
6
15
-8
-2
-5
-5
11
6
12
-3
-30
-23
-68
-92
-74
-81
-96
-78
-54
-45
-27
-18
-1
-11
-27
-41
-21
-7
-7
-2
-15
-22
-18
-7
-4
9
18
-9
-23
-51
-50
-60
-59
-37
-46
-26
-30
-17
-15
-12
6
19
-35
-20
-17
-26
-18
-14
2
-1
-20
-37
-35
-39
-37
-50
-50
-52
-56
-58
-53
-65
-51
-44
-31
2
11
17
-11
-19
-36
-43
-50
-69
-70
-79
-80
-70
-42
-25
-49
-63
-65
-80
-90
-86
-74
-76
-63
-49
-32
9
55
95
146
146
117
100
76
66
60
63
65
70
64
62
76
93
104
113
115
113
105
89
70
50
20
6
33
39
21
7
-15
-37
-41
-5
-6
-4
-15
-17
-24
-13
40
61
79
76
60
44
28
31
61
33
31
40
18
28
27
34
54
42
23
18
16
5
-13
-24
-55
-101
-111
-141
-148
-120
-100
-102
-93
-106
-115
-102
-94
-90
-48
-18
11
41
42
47
47
57
72
87
90
102
92
80
91
63
58
46
11
-3
1
-17
-36
-30
-36
-32
-24
-22
-15
-55
-60
-43
-28
-11
20
35
39
50
44
55
42
29
26
23
15
12
0
3
0
-8
-4
3
24
20
40
33
43
47
36
23
-5
-25
-44
-24
-35
-35
-33
-57
-60
-56
-57
-79
-86
-99
-111
-136
-132
-142
-130
-113
-87
-60
-66
-63
-59
-31
-15
22
47
48
62
68
53
44
21
11
-11
-50
-45
-30
-35
-39
-50
-38
-22
-31
-37
-34
-31
-42
-29
-21
17
47
60
91
122
142
135
136
153
143
148
142
131
105
98
80
58
57
52
39
15
12
-3
-18
-22
-17
-16
-1
-3
-4
-6
-6
10
6
15
27
42
15
-10
-25
-57
-62
-61
-59
-55
-44
-21
-1
11
14
30
45
46
47
74
64
41
30
31
20
13
3
-25
-28
-32
-29
-35
-42
-24
-32
-49
-61
-57
-55
-52
-30
-9
13
-4
1
25
29
41
47
68
77
85
92
90
99
80
66
60
49
21
14
-23
-59
-78
-87
-85
-100
-121
-143
-151
-168
-167
-162
-160
-130
-122
-90
-83
-92
-108
-124
-130
-124
-119
-117
-117
-101
-65
-44
-34
-37
-13
-8
34
67
77
96
90
89
89
97
77
87
83
80
93
79
103
113
105
105
112
92
73
58
47
21
31
23
2
18
41
45
60
68
46
35
55
69
75
70
77
88
65
59
45
14
-9
-30
-39
-30
-56
-77
-87
-94
-75
-78
-61
-20
-27
-20
-19
-35
-20
-13
-13
13
18
10
29
14
15
13
-2
-13
-14
-14
-10
-7
-11
-15
-21
-22
-31
-32
-32
-22
-28
-22
-24
-26
-45
-53
-38
-36
-33
-30
-23
-18
-29
-30
-40
-44
-35
-12
-11
6
32
41
54
59
57
59
77
86
78
72
72
88
93
96
94
92
77
43
25
15
14
9
10
2
-15
-33
-47
-62
-60
-55
-44
-39
-41
-33
-38
-42
-32
-29
-13
-13
-1
14
16
-1
1
5
4
9
-1
-10
-23
-41
-37
-41
-52
-46
-56
-55
-70
-74
-77
-76
-54
-57
-66
-59
-50
-41
-41
-41
-47
-49
-43
-15
-5
6
21
27
38
37
43
59
59
57
68
63
63
78
84
112
120
116
121
108
96
73
58
56
37
18
5
1
-15
-8
-11
-23
-24
-28
-40
-43
-47
-76
-82
-91
-86
-93
-89
-73
-60
-38
-29
-21
-21
-10
-4
3
1
14
28
21
8
28
26
44
69
76
94
95
109
111
103
109
103
95
84
69
40
20
28
29
22
15
5
-9
-16
-46
-56
-51
-73
-80
-67
-58
-64
-73
-68
-75
-76
-63
-66
-56
-50
-42
-27
-28
-29
-16
-12
-8
-15
-27
-44
-45
-39
-31
-6
-2
-4
-3
-5
-1
8
16
16
-4
2
10
10
24
19
-2
-24
-43
-37
-11
-4
-18
-33
-43
-54
-63
-66
-44
-37
-21
-6
-6
8
8
18
25
14
7
9
9
9
13
22
28
40
27
6
4
7
23
46
49
44
46
49
60
67
74
102
106
99
92
76
69
61
54
42
48
42
26
17
8
-6
-11
-15
-33
-52
-47
-52
-57
-70
-74
-85
-98
-84
-83
-64
-60
-74
-72
-62
-49
-32
-14
-5
-10
-11
-15
-5
-5
-17
2
11
21
26
16
17
25
35
32
49
59
56
62
54
46
40
45
57
55
54
50
49
45
48
39
29
18
13
6
-1
-2
-10
-22
-21
-9
-5
-18
-14
-8
-8
-4
-2
10
27
40
30
31
