-2
-2
0
1
0
-6
-7
-7
-9
-8
-10
-2
1
-5
-3
-4
-8
-8
-10
-12
-13
-14
-11
-10
-7
-4
-2
-3
-4
-8
-7
-9
-11
-9
-10
1
6
15
19
21
20
15
16
9
4
0
-2
0
-1
1
-2
2
1
-1
2
4
2
4
1
3
6
4
7
7
8
9
1
5
4
0
3
6
9
14
10
10
5
-3
2
1
1
-2
-4
-1
-2
-6
-8
-14
-15
-22
-26
-25
-27
-23
-20
-18
-10
-12
-14
-14
-10
-11
-7
-4
-6
-2
-5
-3
0
3
4
4
2
2
2
9
7
8
3
0
0
0
4
1
0
-4
-2
4
2
9
10
11
12
8
10
3
2
1
-2
2
7
10
11
11
10
14
16
21
14
11
7
1
-2
-7
-7
-13
-6
-8
-10
-9
-13
-15
-15
-7
-5
-3
3
5
6
7
7
8
11
12
14
13
12
12
6
4
0
-1
-2
0
4
6
7
9
7
8
13
7
12
8
2
-5
-8
-11
-8
-4
-2
-1
-6
-2
0
0
4
3
2
5
3
1
0
-1
0
-6
-6
-9
-10
-12
-11
-7
-10
-6
-8
-7
-4
-1
-2
-2
5
4
6
11
12
13
14
19
19
17
18
21
17
13
11
4
-2
-9
-17
-19
-18
-25
-23
-23
-24
-25
-24
-25
-23
-21
-24
-21
-23
-19
-19
-18
-13
-12
-11
-9
-7
-3
0
-2
-10
-13
-12
-11
-8
-9
-12
-8
-5
-2
-1
1
0
-1
-2
-4
-6
4
7
7
10
15
18
16
22
20
17
14
15
20
21
25
29
31
33
31
29
29
28
23
22
21
27
26
21
20
19
12
7
8
2
3
-1
-12
-16
-22
-32
-38
-40
-40
-37
-36
-27
-23
-23
-19
-20
-19
-21
-22
-22
-16
-14
-7
-4
2
4
12
11
12
16
15
17
12
14
10
6
7
7
8
9
5
3
0
-5
-4
-6
-5
-5
-5
-4
-4
-1
-5
-1
3
2
2
-3
-5
-8
-7
-2
1
1
11
9
9
12
15
20
20
28
27
30
20
21
24
15
20
18
24
25
21
21
17
15
9
7
5
7
8
5
4
-2
-9
-19
-23
-31
-33
-34
-28
-35
-28
-28
-36
-33
-34
-35
-40
-34
-34
-31
-31
-30
-28
-27
-26
-29
-26
-23
-18
-16
-9
-4
7
13
21
29
28
30
22
29
30
33
24
19
17
11
5
6
8
15
27
22
22
19
23
23
14
10
9
9
12
12
6
3
-3
0
5
10
8
13
16
16
12
21
22
24
26
28
29
24
24
15
13
6
4
-2
-14
-24
-23
-27
-41
-41
-51
-51
-43
-40
-42
-46
-43
-46
-54
-57
-51
-50
-46
-42
-35
-32
-33
-27
-20
-17
-11
-13
-7
0
4
9
27
38
43
37
28
27
12
21
29
33
42
46
49
54
51
53
45
37
39
34
30
29
27
20
20
21
21
16
15
3
1
-4
-8
-17
-24
-24
-30
-20
-29
-29
-36
-43
-48
-48
-39
-33
-27
-27
-29
-36
-35
-40
-30
-21
-3
19
34
44
27
26
27
24
23
26
27
29
27
19
22
22
25
23
23
25
18
22
23
11
2
-8
-8
-20
-29
-33
-40
-31
-21
-14
-4
-2
6
12
13
17
14
14
4
-12
-18
-15
-12
-25
-34
-37
-35
-26
-31
-22
-20
-13
-11
-19
-25
-25
-31
-38
-30
-27
-24
-28
-17
-23
-22
-19
-12
4
12
19
22
22
23
33
33
39
42
45
50
48
43
47
48
40
39
43
42
40
26
11
9
15
19
19
14
16
14
2
1
5
6
9
8
-5
-7
-23
-35
-44
-52
-49
-56
-55
-49
-53
-50
-41
-39
-29
-23
-3
4
1
5
11
12
5
-13
-11
-8
6
20
29
26
17
33
41
54
43
56
-8
-62
-18
42
55
-90
-116
-42
14
-20
-81
-82
-36
29
41
-14
-97
-9
119
109
31
27
157
226
133
104
169
249
227
159
140
146
145
104
88
66
65
29
-48
-33
-19
-18
-51
-107
-191
-300
-252
-104
-35
-242
-473
-443
-224
-101
-305
-547
-464
-202
-123
-383
-627
-470
-141
-68
-313
-445
-202
111
60
-198
-167
181
453
295
33
150
465
612
430
283
461
655
608
446
402
539
661
573
465
413
418
494
475
392
362
339
315
279
246
206
193
160
96
50
-19
-56
-102
-152
-207
-235
-221
-279
-352
-359
-324
-311
-404
-496
-456
-335
-320
-413
-435
-471
-573
-693
-681
-446
-373
-611
-935
-894
-568
-449
-695
-978
-816
-475
-348
-671
-1000
-809
-370
-230
-537
-706
-387
39
83
-203
-152
398
873
800
486
594
992
1234
1118
1024
1234
1418
1392
1271
1262
1468
1604
1572
1413
1335
1331
1323
1325
1203
1195
1071
873
805
798
846
602
373
303
268
147
-186
-320
-333
-335
-459
-615
-732
-827
-813
-943
-1038
-1120
-1227
-1288
-1398
-1418
-1503
-1627
-1612
-1524
-1438
-1500
-1526
-1407
-1282
-1278
-1355
-1228
-998
-918
-915
-1183
-1266
-1146
-890
-505
-651
-907
-840
-597
-452
-496
-693
-495
-182
-124
-150
-341
-233
264
430
371
413
708
1239
1173
957
1168
1774
2211
2090
1759
2029
2490
2506
2320
2122
2392
2780
2534
2134
1928
2146
2354
1948
1565
1534
1587
1572
1269
917
807
666
499
314
-15
-179
-160
-318
-506
-846
-1080
-948
-907
-1035
-1317
-1495
-1348
-1295
-1333
-1469
-1539
-1455
-1426
-1462
-1550
-1355
-1316
-1308
-1364
-1389
-1094
-1025
-1052
-909
-912
-813
-822
-720
-1268
-2098
-1654
-191
1047
-420
-2763
-2806
-354
1221
-531
-3452
-3320
-41
1586
-679
-4126
-3845
298
2481
-27
-3336
-2365
1946
3291
28
-2523
-133
4163
4444
537
-1549
1310
4828
4332
1010
-19
2836
4932
3319
745
895
3727
4864
2777
398
778
3068
3847
2145
324
867
2215
2361
902
-324
-439
726
1261
-52
-1595
-1902
-714
-559
-1732
-2419
-2019
-1859
-2029
-2594
-2702
-2185
-2160
-2183
-2343
-2368
-1754
-1368
-1474
-1616
-1329
-730
-463
-739
-790
-441
-441
-435
-575
-277
363
245
-86
-498
-309
293
243
181
17
-199
-314
-528
-231
-49
-14
-384
-795
-1031
-860
-535
-903
-1050
-930
-647
-742
-1425
-1433
-918
-389
-405
-891
-656
-87
293
-14
-52
391
966
1171
915
1265
1606
1995
2148
2091
2342
2464
2426
2372
2633
2816
2738
2495
2471
2633
2343
2129
2128
2157
2116
975
529
1381
1835
1289
-330
-760
-88
173
-414
-1092
-1412
-1277
-779
-1208
-1753
-2082
-1717
-935
-1235
-1759
-1720
-1285
-812
-1049
-1347
-1102
-494
-224
-509
-691
-624
-199
-184
-490
-559
-516
-331
-461
-635
-506
-563
-492
-804
-1894
-2513
-1525
120
628
-1704
-4089
-3287
-826
219
-2125
-5113
-3805
-363
363
-2625
-5882
-4150
292
1472
-1847
-4511
-2338
2095
2481
-1338
-2821
460
4564
4133
61
-1008
2433
5653
4746
1468
1275
4361
6164
4442
2162
2856
5577
6429
4079
2073
2673
4926
5455
3521
1897
2277
3583
3698
1799
-271
905
2435
2266
-284
-2225
-1040
25
-746
-2471
-3099
-2556
-1549
-2773
-4177
-4031
-3023
-2342
-3548
-4424
-3340
-2052
-2192
-3481
-3733
-2471
-1416
-2172
-3066
-2639
-1618
-1317
-2197
-2371
-1550
-723
-923
-1737
-1851
-978
-411
-463
-673
-775
-747
-1116
-1004
-411
308
165
-752
-1340
-819
157
-125
-724
-1059
-408
373
-237
-1038
-1475
-466
809
724
-229
-635
769
1927
1698
787
1120
2809
3661
3041
1993
2554
4087
4647
3867
2993
3448
4305
4406
3606
3078
3425
3841
3578
2656
2235
2499
2873
2459
1491
683
966
627
36
-76
-731
-711
-1487
-1751
-1899
-2159
-2319
-2634
-3402
-3494
-2578
-2802
-3264
-3933
-3488
-2467
-2807
-3112
-2797
-1917
-1518
-1975
-2099
-1401
-520
-603
-700
-664
-284
-141
-469
-331
-70
388
186
-394
-395
-112
276
19
-447
-1111
-1772
-899
64
746
-588
-2501
-2251
-544
616
-990
-3393
-2895
-65
933
-1441
-4080
-3112
337
1635
-681
-2660
-1514
1709
2566
267
-951
1030
4123
4349
1916
617
2430
5174
5365
3398
2025
3266
5175
4809
3059
2162
3597
4992
4013
2010
1405
2884
3951
2934
882
454
1464
2043
555
-1568
-841
221
63
-1960
-3250
-2232
-1545
-2024
-3297
-4002
-3448
-2453
-3186
-4253
-4151
-3177
-2417
-3291
-3960
-2842
-1622
-1561
-2563
-2745
-1423
-299
-682
-1236
-1033
-280
42
-293
-271
102
615
642
99
66
436
895
981
767
318
-124
-310
29
842
1014
363
-951
-1292
-437
279
-485
-1606
-1709
-744
-103
-1230
-2353
-2440
-907
396
-223
-1462
-1477
280
1496
822
-275
473
2493
3344
2267
1167
2103
3846
4184
2987
2161
2903
3919
3847
2756
2298
2789
3374
3173
2231
1639
1706
2105
2224
1549
709
328
721
762
-272
-534
-543
-238
-791
-1772
-1964
-1837
-1627
-1808
-2539
-2916
-2265
-2333
-2697
-2893
-2469
-1771
-2040
-2428
-1775
-996
-920
-1356
-1562
-694
39
-274
-638
-504
-141
-91
-554
-582
-230
-194
-464
-818
-683
-62
-106
-375
-511
-659
-1216
-1686
-787
499
558
-1480
-2774
-1900
-36
102
-2073
-3453
-2012
221
-170
-2785
-4223
-2228
964
1269
-1188
-2790
-994
2157
2157
100
-453
2156
4538
3619
1202
947
3619
5535
4344
1985
1917
4148
5067
3458
1904
2423
4196
4306
2394
1109
1796
3268
3342
1655
440
144
1077
1746
1069
-326
-1200
-680
-281
-990
-2232
-2345
-2200
-1852
-2347
-3120
-3100
-2951
-2610
-2781
-3036
-2770
-2386
-2164
-2092
-2003
-1768
-1375
-1469
-1478
-882
-587
-580
-753
-444
-37
-134
-582
-403
233
526
149
-539
-479
213
558
232
-398
-699
-763
-881
-405
51
108
-733
-1733
-1821
-1242
-953
-1591
-2349
-1889
-988
-1207
-2451
-3324
-2262
-423
187
-982
-1918
-1020
882
1494
647
475
1764
3176
3054
1936
2036
3509
4666
4202
2950
2940
3953
4577
4091
3242
3218
3688
3734
3132
2570
2544
2994
3071
2359
1410
1006
1459
1127
891
231
-315
-571
-1187
-1189
-1511
-1741
-1998
-2387
-3137
-3043
-2585
-2759
-2914
-3382
-3129
-2846
-3066
-2849
-2374
-1825
-1877
-2378
-2479
-1563
-915
-1044
-1380
-1287
-966
-920
-1075
-1155
-600
-54
64
-681
-1022
-410
84
340
-230
-418
-250
-312
-607
-854
-286
515
380
-1255
-1814
-1088
-288
-489
-1869
-2038
-875
-34
-760
-2620
-2781
-461
1538
742
-1312
-1446
1018
2866
1857
67
854
3602
4706
2775
851
2119
4718
5154
3082
1501
2451
4333
4303
2613
1635
2517
3797
3201
1569
837
1679
2543
1807
613
277
990
1267
438
-589
-887
-604
-581
-1220
-1923
-1625
-1307
-1767
-2763
-3174
-2329
-1771
-2404
-3027
-2673
-1848
-1889
-2725
-2758
-1417
-590
-1317
-2337
-2156
-962
-318
-856
-1505
-1295
-559
-392
-1008
-1101
-604
-30
-249
-796
-940
-749
-123
52
270
-140
-522
-673
-740
-37
183
267
-154
-1068
-1318
-851
-223
-179
-1130
-1625
-726
222
-372
-1804
-1930
-123
1315
439
-1117
-935
1179
2465
1195
-215
659
2919
3666
2153
888
1760
3702
4005
2475
1318
2206
3803
3701
2128
1241
2207
3585
3442
1854
898
1736
2969
2594
1011
68
983
1406
544
-519
-823
225
87
-1041
-2122
-2094
-1285
-1350
-2552
-3085
-2170
-1728
-2216
-3118
-2995
-1746
-1602
-2323
-2736
-2000
-1033
-1239
-2010
-1777
-739
-461
-770
-1258
-966
-402
-394
-603
-564
-208
126
9
-320
-96
285
501
467
172
200
342
244
-238
-550
-64
769
491
-1194
-2093
-1321
95
-203
-2254
-3322
-1807
138
-502
-3019
-3936
-1547
786
29
-2275
-2390
191
1863
679
-1189
-292
2477
3553
1979
326
1216
3219
4000
2873
1880
2617
3790
3889
2873
2382
3211
4422
4303
2753
1777
2429
3709
3749
2137
1194
1708
2389
1788
310
-285
623
1108
64
-1390
-1882
-1129
-844
-1823
-2689
-2412
-1889
-1896
-2863
-3193
-2470
-2005
-2190
-3007
-3142
-2372
-1872
-2064
-2542
-2514
-2003
-1572
-1737
-2023
-1902
-1387
-875
-935
-1223
-1181
-769
-392
-369
-429
-245
-91
-29
43
295
238
-596
-1039
-390
866
995
-404
-1605
-1052
260
127
-1268
-2164
-1091
356
212
-1358
-2398
-1295
603
1161
132
-677
173
1428
1676
768
539
2025
3475
3360
1873
1243
2428
3980
4093
2784
2068
2720
3698
3700
2675
2208
2940
3572
3013
1472
960
1747
2621
1976
439
-71
451
954
82
-1085
-1337
-719
-628
-1690
-2433
-2338
-1632
-1739
-2601
-2742
-2183
-1762
-2252
-2783
-2322
-1596
-1622
-2376
-2606
-1858
-1209
-1303
-1941
-1871
-1269
-973
-1055
-1275
-903
-589
-473
-521
-590
-200
-58
42
3
-143
-127
-11
248
454
397
140
-298
-858
-1026
-408
487
474
-600
-1802
-1672
-670
-172
-754
-1635
-1279
-254
34
-1035
-1957
-1158
528
1219
73
-835
-56
1728
2195
944
440
1729
3409
3124
1362
847
2524
4202
3530
1759
1432
2976
3942
2774
1295
1513
3069
3390
1888
343
712
2239
2427
915
-377
-50
1038
948
-478
-1321
-957
-84
-295
-1320
-1845
-1632
-1088
-1407
-2049
-2265
-2054
-1630
-1672
-2042
-1986
-1612
-1607
-1893
-2125
-1830
-1200
-1232
-1590
-1828
-1391
-769
-673
-1069
-1264
-973
-663
-469
-332
-186
-45
-119
-202
-39
67
357
409
517
463
387
-176
-958
-830
-58
1320
1135
-655
-1866
-1153
614
1041
-585
-1961
-1028
715
923
-932
-2316
-980
1194
1205
-830
-1898
-206
1785
1386
-717
-1052
997
2765
1975
30
-157
1784
3102
2318
774
843
2547
3247
2227
917
1180
2494
2847
1765
673
1037
2183
2526
1345
271
586
1495
1533
241
-610
-162
820
765
-425
-1006
-464
173
-214
-1031
-1013
-355
-307
-1074
-1733
-1286
-772
-1066
-1738
-1809
-1175
-1072
-1526
-1956
-1519
-981
-1057
-1480
-1686
-1123
-808
-858
-1154
-1285
-832
-617
-540
-633
-897
-950
-514
-171
-136
-499
-703
-374
-882
-975
-618
430
1013
-441
-1799
-1570
-46
684
-585
-2182
-1592
64
530
-965
-2513
-1792
106
528
-747
-1715
-650
1123
1164
-340
-634
870
2564
2397
774
244
1491
3076
3048
1855
1352
2408
3438
3143
2106
1691
2588
3447
2949
1752
1423
2115
2778
2219
1108
986
1595
1890
1289
441
441
950
966
332
-255
-423
-268
-481
-824
-926
-1168
-1401
-1558
-1646
-1712
-1984
-2280
-2209
-2047
-2086
-2393
-2584
-2343
-2068
-2100
-2066
-1893
-1672
-1493
-1492
-1375
-1228
-859
-532
-265
-384
-585
-494
-298
204
340
68
126
93
456
306
-725
-448
121
1056
657
-937
-1447
-516
594
309
-1150
-2323
-1234
138
131
-1354
-2725
-1787
122
401
-931
-1908
-828
812
673
-825
-858
931
2578
1923
248
294
2215
3601
2640
1197
1618
3327
3678
2290
1257
2136
3623
3395
1760
965
1853
3047
2761
1400
896
1537
2199
1867
564
136
701
1218
746
-697
-1058
-456
123
-645
-1866
-1907
-1091
-737
-1897
-2798
-2276
-1206
-1042
-2143
-2621
-1808
-890
-1011
-1821
-1754
-1019
-459
-659
-1004
-879
-392
-76
-228
-341
-250
-16
191
80
-170
-264
-79
250
113
-349
-498
22
-487
-1401
-1735
-865
484
-527
-2435
-2980
-1537
-22
-949
-3347
-3428
-1226
212
-1049
-3708
-3808
-1069
625
-538
-2763
-2470
292
1622
84
-1466
-270
2419
3373
1610
210
1456
3732
4370
2911
1694
2704
4126
3986
2633
2028
3159
4095
3306
1681
1305
2506
3539
2775
1228
931
1680
2374
1765
472
282
886
1101
180
-769
-533
320
100
-1143
-1715
-1262
-564
-1042
-2017
-1837
-1118
-875
-1612
-2098
-1356
-627
-651
-1408
-1635
-991
-588
-678
-1102
-932
-522
-556
-1033
-1313
-907
-507
-629
-1133
-1472
-1369
-1122
-1113
-1148
-1240
-1283
-1291
-1282
-1972
-2263
-1941
-1124
-602
-1864
-2934
-2846
-1536
-820
-1691
-3059
-2670
-1114
-470
-1282
-2716
-2330
-362
434
-382
-1345
-412
1547
1927
563
-114
1406
3448
3680
2018
1463
2754
4250
4008
2620
2290
3502
4364
3764
2540
2402
3356
3792
3132
2239
2263
2795
2863
2227
1736
1706
1933
1854
1373
864
814
893
776
360
69
159
-49
-500
-988
-817
-429
-617
-1409
-1800
-1315
-997
-1243
-1918
-2073
-1533
-1161
-1441
-2115
-2239
-1912
-1664
-1697
-1846
-1871
-1861
-1860
-1955
-1899
-1919
-1873
-1836
-1947
-2086
-2195
-2165
-1814
-1604
-1615
-1866
-1878
-2275
-2941
-2327
-1201
102
-1139
-3376
-3607
-1631
245
-608
-3178
-3535
-744
1095
-84
-2967
-3135
410
2755
1152
-1540
-1212
2336
4012
1833
-537
1107
4636
5405
2592
537
2386
5432
5497
3001
1586
3235
5489
4922
2735
1765
3215
4814
4079
2084
1224
2617
4011
3167
1226
535
1757
2801
1915
44
-297
750
1389
288
-1419
-1082
-53
-64
-1454
-2176
-1214
-748
-1637
-2911
-2561
-1386
-1479
-2704
-3473
-2532
-1606
-2180
-3254
-3324
-2441
-1987
-2398
-2773
-2379
-2163
-2372
-2718
-2549
-1907
-1797
-1975
-2225
-2147
-1924
-1678
-1392
-1301
-1495
-1765
-1527
-1139
-1111
-1210
-1174
-1133
-839
-1115
-960
-577
-394
-470
-821
-512
0
-86
-473
-68
767
1020
392
-256
424
1661
1830
1280
1026
1846
2713
2444
1944
2449
3397
3734
3173
2605
2891
3422
3493
3260
2967
3209
3257
2899
2689
2661
2987
3077
2828
2372
1929
1949
2168
2130
1630
1197
1160
1247
951
343
125
156
205
-10
-578
-831
-917
-941
-1229
-1571
-1714
-1818
-1776
-2027
-2356
-2525
-2486
-2394
-2613
-2923
-3007
-2969
-2891
-2996
-3049
-2949
-2843
-2814
-2995
-2910
-2675
-2419
-2559
-2766
-2535
-2112
-1918
-2223
-2358
-1886
-1512
-1770
-2392
-2267
-1098
-611
-1151
-2137
-2072
-1030
-465
-941
-1658
-1241
-89
345
-351
-990
-175
1278
1696
1124
634
1458
2602
2825
2204
2171
3224
4151
4026
3173
3137
4190
5007
4707
3628
3346
4048
4681
4408
3547
3348
3852
4037
3419
2507
2568
3280
3350
2395
1424
1720
2169
2010
1005
288
630
801
310
-721
-1047
-739
-754
-1432
-2216
-2188
-1897
-2015
-2691
-3309
-3139
-2882
-3009
-3545
-4006
-3841
-3544
-3450
-3728
-3922
-3758
-3535
-3393
-3466
-3395
-3144
-2994
-2970
-2992
-2696
-2235
-1962
-1955
-2154
-1958
-1568
-1291
-1181
-1084
-833
-640
-743
-748
-338
154
387
-301
-522
-174
757
1184
546
63
3
640
1046
870
363
550
1204
1605
1327
576
797
1871
2722
2433
1534
1666
2755
3392
2771
2261
2906
4154
4274
2996
2340
3223
4521
4463
3273
2613
3103
3632
3256
2399
2292
2934
3071
2331
1393
1153
1595
1682
992
207
13
210
266
-446
-1222
-1332
-1245
-1149
-1835
-2332
-2314
-2167
-2232
-2929
-3275
-3200
-2744
-2810
-3352
-3629
-3498
-3103
-3091
-3416
-3351
-3082
-2796
-3046
-3287
-2880
-2376
-2111
-2330
-2431
-2141
-1874
-1780
-1746
-1481
-1097
-1108
-1363
-1507
-1135
-391
-105
-545
-953
-1388
-856
67
399
91
-932
-1115
-420
382
306
-405
-712
316
1367
1110
24
-368
1014
2744
2741
1409
988
2176
3754
3652
2611
2700
4069
5074
4365
3214
3460
4692
5191
4220
3163
3344
4281
4462
3508
2619
2679
3309
3291
2396
1582
1456
1874
1746
928
90
-123
259
315
-353
-1391
-1801
-1582
-1517
-2016
-2805
-3079
-2977
-2994
-3496
-3908
-3887
-3841
-3845
-3987
-4024
-4038
-4170
-4236
-4000
-3474
-3431
-3742
-3836
-3525
-2966
-2737
-2803
-2686
-2389
-2115
-2002
-1696
-1309
-998
-810
-921
-640
-310
-7
269
333
443
509
565
654
881
1111
1365
1333
1306
1370
1741
1767
1552
1638
1910
2576
2396
1827
1500
1851
2440
2387
1497
1078
1723
2455
2418
1352
714
1337
2296
2369
1573
1183
1813
2548
2315
1411
1283
2012
2679
2301
1418
1209
1584
1789
1337
842
970
1239
974
241
-157
147
547
294
-324
-667
-601
-397
-586
-911
-1085
-1000
-957
-1229
-1636
-1749
-1383
-1155
-1186
-1645
-1999
-1828
-1590
-1671
-2068
-2212
-1977
-1628
-1553
-1949
-2217
-2090
-1747
-1630
-1586
-1702
-1670
-1588
-1418
-1173
-1249
-1507
-1748
-1489
-952
-707
-1059
-1341
-1098
-579
-220
-502
-805
-746
-303
78
106
-191
67
4
-97
138
387
1152
778
215
124
763
1550
1373
199
76
1312
2237
1771
204
-76
1682
3005
2360
824
770
2569
3455
2266
915
1729
3473
3912
2270
1153
1937
3500
3504
2045
1134
1825
2836
2438
1192
415
1091
2015
1568
310
-621
-90
932
764
-425
-1344
-941
-129
-277
-1621
-2337
-1828
-988
-1154
-2392
-2895
-2522
-2096
-2408
-2856
-2904
-2816
-2846
-3066
-2861
-2606
-2826
-3122
-3007
-2300
-1905
-2249
-2614
-2254
-1537
-1293
-1463
-1550
-1221
-807
-646
-622
-482
-222
5
48
171
293
452
684
938
1055
1060
981
1152
1451
1680
1692
1687
1740
1761
1554
1136
1427
1897
2205
1526
563
426
1168
1661
1211
330
94
1068
1525
950
-57
-123
954
1657
1028
-52
102
1259
1796
943
26
688
2019
2105
665
-212
764
2278
2174
627
-195
755
1926
1489
133
-272
757
1338
551
-708
-727
313
633
-377
-1397
-1186
-436
-281
-1122
-1902
-1772
-1402
-1387
-1984
-2388
-2178
-1877
-2022
-2656
-2699
-2282
-1942
-2188
-2706
-2292
-1540
-1375
-2002
-2289
-1434
-470
-583
-1569
-1642
-423
531
254
-634
-687
269
751
384
-31
391
1094
1187
840
628
893
1294
1382
1375
1190
1241
1345
1562
1571
1388
973
669
969
1000
1265
1013
735
546
386
458
595
357
-8
32
331
496
-86
-635
-352
531
802
26
-601
-73
897
858
60
-215
463
1357
1120
343
99
669
1179
989
526
369
626
883
712
391
186
375
593
401
-50
-468
-250
82
102
-297
-660
-628
-501
-647
-779
-811
-769
-886
-1233
-1289
-1224
-1016
-1124
-1241
-1113
-1151
-1283
-1389
-1282
-992
-783
-814
-936
-1019
-954
-716
-351
-213
-367
-607
-560
-315
-181
-159
-202
25
268
213
-75
-199
183
458
378
200
88
286
284
307
343
549
528
295
-61
-496
26
541
1108
735
-192
-472
46
899
966
269
-317
322
991
896
-21
-531
503
1624
1482
264
-279
650
1769
1484
357
337
1273
2012
1445
574
798
1622
1992
1442
969
1051
1420
1200
705
559
608
860
596
76
-237
-246
24
-46
-395
-812
-861
-565
-564
-1114
-1495
-1328
-924
-1039
-1802
-2034
-1674
-1273
-1734
-2229
-1952
-1467
-1382
-2016
-2185
-1691
-1352
-1680
-2209
-1785
-946
-751
-1286
-1603
-1032
-353
-267
-649
-651
-244
-92
-173
-254
48
396
558
496
291
144
304
894
1300
1146
733
760
1307
1605
1402
1322
1678
2062
1383
388
834
2305
3078
1882
223
337
1678
2292
1423
136
206
1324
1357
263
-891
-547
885
1416
412
-1070
-1121
224
1048
162
-1151
-794
557
967
-270
-1331
-585
820
770
-686
-1324
-396
694
252
-952
-1064
19
530
-218
-1028
-708
233
426
-317
-914
-492
266
477
-75
-562
-500
-165
-63
-494
-865
-745
-478
-557
-1031
-1245
-1079
-862
-861
-1056
-1182
-988
-808
-956
-1139
-955
-636
-594
-751
-720
-279
-92
-281
-417
-335
-70
87
-35
53
408
570
534
339
451
717
821
793
646
766
1022
984
859
714
924
1067
898
607
86
305
770
1186
1068
156
-396
-108
496
698
18
-783
-491
264
376
-529
-1341
-720
531
685
-470
-1241
-523
770
783
-305
-553
375
1354
1037
10
-73
761
1559
1256
399
299
919
1361
1087
515
427
1028
1338
838
226
168
864
1209
556
-317
-366
243
456
-331
-1192
-965
-520
-536
-1351
-1902
-1637
-1253
-1650
-2387
-2324
-1739
-1584
-2128
-2559
-2163
-1601
-1628
-1857
-1736
-1252
-992
-1003
-1033
-716
-347
-137
-165
-97
197
496
678
831
956
1109
1235
1317
1436
1477
1617
1805
2000
1884
1516
1501
1626
1862
1840
1513
1300
1260
1227
1131
888
595
654
741
710
262
-412
-582
-276
-18
-335
-1174
-1412
-833
-417
-762
-1675
-1930
-1355
-818
-1113
-1638
-1433
-819
-579
-1056
-1290
-731
-117
37
-303
-372
28
468
599
534
622
733
738
761
844
949
863
742
806
811
726
510
506
525
351
265
202
233
109
-180
-264
-213
-176
-384
-486
-440
-442
-589
-766
-721
-535
-482
-686
-843
-787
-662
-517
-459
-258
-286
-267
-234
-161
21
-43
23
142
510
677
537
403
478
904
1076
956
805
902
1130
1141
937
693
601
854
895
642
381
203
134
-102
-353
-305
-146
-306
-845
-1226
-1116
-713
-820
-1487
-1827
-1379
-873
-1221
-2198
-2466
-1324
-453
-807
-1879
-1930
-773
27
-371
-982
-460
531
932
299
-30
613
1441
1636
1146
897
1352
1899
1948
1623
1434
1671
1903
1780
1310
1002
1212
1444
1360
756
364
486
867
741
29
-442
-415
-112
-222
-764
-1053
-1069
-1202
-1357
-1351
-1155
-1199
-1545
-1775
-1567
-1212
-1152
-1277
-1269
-954
-763
-769
-890
-707
-275
52
142
13
113
369
815
984
859
719
836
1199
1438
1315
1085
1251
1616
1709
1352
887
1087
1589
1514
865
262
356
683
533
20
-345
-162
-20
-447
-897
-924
-701
-775
-1231
-1438
-1343
-1139
-1289
-1740
-1872
-1701
-1551
-1695
-1814
-1739
-1412
-1187
-1207
-1380
-1399
-863
-333
-244
-444
-422
-28
414
391
248
550
1168
1411
1159
939
1245
1745
1677
1425
1484
1646
1696
1343
963
1022
1187
1328
1177
872
557
462
586
707
665
325
88
90
175
32
-253
-266
-95
124
-70
-431
-550
-425
-272
-287
-399
-446
-345
-273
-126
-54
-29
-92
-115
96
203
212
204
282
417
450
295
259
359
438
347
106
-82
-92
-115
-164
-270
-469
-647
-866
-1007
-969
-868
-926
-941
-1081
-1258
-1265
-1306
-1284
-1358
-1610
-1733
-1623
-1345
-1251
-1560
-1674
-1368
-1137
-1166
-1451
-1443
-894
-368
-234
-589
-765
-421
254
745
734
764
1098
1452
1606
1598
1768
2103
2503
2456
2092
1898
2095
2359
2425
2192
1990
1891
1766
1608
1411
1526
1617
1398
829
518
572
684
535
47
-220
-269
-229
-563
-954
-971
-870
-790
-1004
-1184
-1134
-1048
-992
-959
-910
-866
-964
-960
-820
-591
-414
-436
-379
-320
-87
148
287
434
436
441
373
508
532
501
429
366
347
69
-166
-226
-89
-25
-382
-753
-783
-591
-560
-785
-1006
-930
-750
-831
-1176
-1411
-1331
-1169
-1197
-1513
-1671
-1520
-1131
-1085
-1221
-1409
-1319
-1104
-977
-892
-854
-723
-615
-391
-231
-128
-133
-87
209
511
623
537
377
658
1185
1436
1258
1066
1161
1519
1710
1531
1368
1466
1668
1826
1723
1540
1578
1660
1669
1439
1161
1038
1165
1270
1021
718
674
669
594
413
234
220
302
190
67
-27
49
248
46
-116
-135
-34
90
-29
-172
-131
-33
50
13
18
34
-12
24
52
69
-70
-171
-107
-20
-39
-226
-349
-472
-513
-643
-819
-899
-964
-1071
-1217
-1343
-1327
-1232
-1378
-1557
-1644
-1690
-1650
-1740
-1910
-1986
-1920
-1843
-1766
-1878
-1900
-1691
-1513
-1310
-1281
-1375
-1315
-857
-441
-217
-324
-472
-206
204
582
466
274
410
1060
1404
1082
671
745
1552
1968
1859
1438
1520
2062
2387
2230
1970
2236
2566
2624
2192
1878
2010
2391
2429
1972
1554
1402
1538
1563
1290
941
879
932
800
505
170
222
455
418
-133
-590
-373
115
137
-426
-904
-747
-337
-450
-970
-1312
-1066
-802
-973
-1485
-1721
-1399
-1127
-1313
-1704
-1850
-1670
-1499
-1512
-1629
-1602
-1385
-1327
-1398
-1505
-1374
-1085
-1093
-1284
-1412
-1356
-1073
-966
-1152
-1224
-1205
-1018
-1000
-1021
-939
-751
-616
-653
-592
-445
-149
-27
-13
12
103
302
396
467
623
841
1038
1060
1090
1247
1519
1820
1868
1777
1678
1773
1990
2087
1948
1800
1878
2093
2117
1828
1553
1634
1884
1813
1387
947
850
931
890
643
332
81
-22
-66
-187
-416
-598
-629
-558
-559
-763
-952
-906
-701
-612
-759
-950
-803
-593
-468
-469
-446
-311
-276
-234
-292
-352
-233
-134
-93
-165
-293
-315
-260
-162
-77
-102
-122
-168
-261
-316
-366
-328
-318
-348
-469
-633
-712
-680
-624
-692
-793
-906
-912
-894
-904
-858
-939
-957
-1056
-1088
-1036
-934
-830
-917
-877
-885
-713
-586
-527
-482
-461
-409
-376
-321
-121
209
320
320
289
447
622
807
940
896
802
804
1018
1314
1290
1143
1053
1209
1368
1335
1095
906
1089
1214
1082
751
554
752
1132
1183
878
703
748
913
860
660
819
1109
1258
962
504
510
774
1015
867
507
337
353
370
304
136
53
-29
-174
-460
-599
-665
-550
-534
-802
-988
-1207
-1180
-1218
-1295
-1434
-1602
-1687
-1763
-1879
-1944
-1932
-1889
-1826
-1897
-1952
-1965
-1812
-1608
-1525
-1616
-1636
-1509
-1285
-1013
-952
-888
-778
-616
-502
-485
-350
-102
138
207
233
269
454
748
994
1141
1132
1194
1392
1538
1679
1803
1860
1943
1934
1953
2025
2086
2187
2247
2207
2148
2051
1960
1954
2048
1970
1764
1538
1358
1384
1382
1291
1044
815
567
442
315
172
51
-141
-231
-370
-594
-871
-1028
-1031
-1067
-1221
-1507
-1712
-1759
-1683
-1673
-1799
-1927
-1963
-1936
-1924
-2015
-2120
-2083
-1920
-1796
-1837
-1948
-1896
-1667
-1454
-1285
-1343
-1281
-1093
-902
-736
-631
-401
-178
-67
-46
77
334
531
678
764
807
911
1013
1144
1210
1242
1268
1200
1178
1175
1226
1317
1302
1196
1039
1018
1077
1030
859
796
777
654
478
373
440
517
461
259
119
131
221
151
73
93
113
96
59
87
181
250
214
178
196
218
181
141
191
286
281
189
78
107
203
118
156
204
93
-134
-239
-253
-105
-139
-418
-577
-530
-339
-352
-616
-812
-763
-582
-617
-903
-1060
-950
-747
-837
-1126
-1214
-981
-699
-694
-895
-937
-747
-616
-624
-752
-711
-468
-290
-221
-275
-143
38
157
173
113
130
314
466
504
414
433
536
619
575
423
377
490
621
595
480
424
451
453
375
283
271
295
223
179
226
173
118
58
83
179
190
197
271
417
443
351
253
346
514
469
277
225
400
586
587
477
540
668
765
697
635
701
759
738
659
705
756
680
488
373
433
478
364
152
-37
-89
-84
-101
-275
-465
-580
-631
-715
-841
-1031
-1120
-1064
-1217
-1434
-1660
-1711
-1547
-1622
-1817
-1920
-1878
-1649
-1758
-1979
-1905
-1652
-1504
-1742
-1779
-1483
-1027
-897
-1005
-873
-523
-192
-138
-185
45
463
724
761
654
916
1274
1498
1458
1386
1509
1663
1685
1534
1535
1593
1708
1666
1438
1362
1471
1619
1561
1336
1194
1234
1283
1144
884
926
1021
1031
821
554
558
712
741
532
366
337
491
468
300
183
88
109
-2
-180
-166
-79
-105
-268
-470
-489
-478
-507
-554
-670
-718
-728
-794
-914
-964
-989
-1089
-1180
-1299
-1336
-1318
-1374
-1471
-1498
-1526
-1544
-1617
-1553
-1482
-1441
-1405
-1474
-1462
-1437
-1387
-1359
-1284
-1170
-1078
-1007
-854
-592
-356
-235
-223
22
333
472
592
800
1130
1329
1392
1415
1521
1750
1882
1891
1893
1843
1832
1807
1807
1860
1804
1728
1580
1546
1457
1350
1213
1126
1022
830
590
449
415
301
108
-109
-209
-248
-325
-443
-599
-631
-580
-590
-644
-717
-798
-807
-710
-688
-733
-805
-749
-616
-549
-641
-770
-713
-592
-548
-640
-676
-488
-391
-420
-525
-497
-302
-178
-165
-244
-231
-204
-188
-231
-246
-119
-48
-47
-70
-82
-57
-66
-116
-166
-230
-259
-237
-237
-328
-365
-281
-262
-255
-323
-372
-355
-387
-390
-370
-276
-174
-146
-144
-63
160
313
376
336
452
629
734
778
836
948
1014
1025
1030
1136
1174
1235
1208
1185
1104
1029
1029
1025
962
784
659
578
517
418
240
120
74
-36
-222
-372
-427
-432
-519
-635
-729
-762
-828
-961
-989
-961
-979
-1006
-1093
-1081
-1027
-988
-895
-843
-782
-730
-581
-487
-474
-388
-324
-185
-77
-96
-83
-18
196
314
275
223
266
469
575
464
425
470
564
560
362
229
343
361
281
85
-77
-19
-27
-170
-287
-423
-324
-311
-326
-387
-470
-381
-366
-298
-345
-421
-351
-276
-134
-81
-17
121
368
522
494
473
494
686
724
685
647
668
735
752
799
764
785
803
767
727
620
574
515
507
454
281
145
89
60
44
10
-132
-240
-311
-306
-269
-279
-435
-560
-643
-619
-502
-576
-621
-619
-645
-641
-658
-688
-640
-590
-495
-503
-514
-525
-457
-342
-301
-245
-212
-211
-214
-186
-79
-37
3
-46
-52
34
95
202
254
248
167
196
245
189
143
132
162
160
64
-5
-1
71
100
-51
-154
-155
-125
-96
-144
-94
-73
16
24
-10
-19
17
148
218
295
286
320
413
520
591
549
464
472
552
597
561
467
473
546
572
547
500
469
449
440
394
388
362
318
258
208
240
126
-10
-96
-178
-174
-257
-337
-433
-527
-592
-681
-668
-637
-662
-717
-768
-705
-634
-584
-611
-679
-644
-603
-578
-547
-528
-444
-366
-357
-384
-339
-262
-224
-107
-67
14
72
56
92
151
219
326
330
295
296
337
376
396
361
336
382
338
252
206
232
233
127
9
-11
21
68
18
-137
-240
-254
-186
-100
-150
-156
-153
-165
-211
-295
-290
-252
-122
-69
-168
-201
-95
110
239
222
206
145
182
279
310
334
313
359
404
378
337
307
416
477
461
302
285
456
501
495
326
251
274
250
251
215
201
214
168
101
2
-43
-1
19
-4
-85
-196
-281
-256
-194
-276
-285
-331
-373
-408
-436
-418
-383
-347
-390
-422
-452
-338
-204
-112
-95
-137
-115
-67
-51
-115
-75
-39
-9
-84
-129
-48
-71
-67
-136
-117
-121
-126
-229
-269
-123
-120
-137
-178
-205
-208
-248
-279
-279
-272
-233
-265
-229
-165
-110
-93
-132
-50
1
55
68
67
164
208
209
201
209
290
350
389
448
487
528
533
474
453
452
430
498
486
418
420
403
461
463
362
307
222
277
261
177
144
102
141
103
13
-10
18
10
-67
-215
-269
-267
-172
-162
-254
-366
-391
-349
-402
-400
-335
-258
-201
-241
-210
-198
-123
10
-15
-21
-18
31
120
166
145
91
109
153
149
121
70
82
90
16
-130
-176
-116
-138
-169
-258
-324
-324
-379
-403
-472
-433
-369
-409
-414
-474
-444
-434
-407
-319
-291
-274
-322
-264
-151
-65
16
38
74
96
134
150
194
231
201
160
156
192
261
252
211
229
220
212
242
309
316
315
332
349
310
332
423
480
465
380
354
404
444
452
392
404
491
532
492
296
283
387
391
355
198
174
248
231
143
28
-45
-127
-126
-164
-203
-307
-395
-324
-341
-387
-493
-516
-371
-300
-285
-352
-325
-256
-289
-318
-353
-286
-214
-232
-340
-396
-330
-286
-296
-344
-415
-395
-384
-383
-368
-424
-413
-424
-433
-489
-492
-451
-358
-331
-399
-382
-337
-224
-244
-307
-241
-165
-102
-75
-95
-9
66
131
188
157
191
226
299
359
353
336
314
450
535
540
581
593
635
671
647
632
638
654
684
671
681
672
711
730
655
581
498
467
467
488
462
368
292
270
203
155
32
-33
-12
-60
-119
-209
-211
-183
-185
-225
-302
-378
-417
-425
-457
-470
-459
-494
-489
-485
-426
-405
-360
-331
-309
-334
-372
-386
-389
-361
-363
-351
-315
-272
-290
-349
-356
-396
-392
-373
-370
-329
-311
-282
-257
-240
-219
-231
-206
-147
-112
-131
-137
-82
-20
52
78
117
227
241
239
259
333
418
415
402
434
528
526
492
463
444
497
528
491
467
476
505
476
429
352
356
434
414
324
211
237
220
195
129
52
103
68
10
-49
-99
-45
-38
-62
-110
-192
-118
-76
-84
-110
-163
-68
-46
-103
-135
-236
-226
-290
-348
-355
-353
-290
-347
-373
-358
-353
-301
-308
-343
-367
-408
-410
-394
-378
-351
-333
-293
-293
-283
-254
-261
-288
-297
-274
-206
-217
-215
-115
-101
-86
-168
-159
-4
19
47
66
110
177
216
233
270
336
367
380
361
346
361
359
339
373
355
311
279
274
279
232
218
218
275
241
232
251
230
302
245
223
255
253
287
293
292
269
244
190
177
136
130
134
99
144
184
130
162
169
184
197
164
146
136
106
33
-24
-29
-45
-104
-163
-164
-141
-184
-234
-289
-246
-234
-264
-340
-416
-422
-404
-436
-474
-467
-488
-466
-465
-474
-549
-584
-567
-546
-515
-566
-562
-530
-485
-422
-405
-418
-423
-317
-273
-230
-227
-270
-134
-59
5
15
14
104
192
215
171
194
253
338
317
287
286
339
395
400
340
313
387
404
437
398
369
321
331
375
324
299
298
306
338
327
290
273
263
248
208
206
214
259
321
314
364
360
332
376
394
438
416
364
383
386
361
268
205
208
186
189
132
21
20
-34
-76
-162
-211
-201
-220
-232
-329
-410
-399
-420
-526
-584
-645
-653
-680
-793
-819
-816
-816
-794
-819
-754
-709
-732
-716
-717
-710
-642
-655
-663
-637
-548
-485
-446
-377
-320
-209
-134
-48
-24
13
85
191
211
221
283
378
503
563
630
699
727
782
832
830
806
807
832
877
904
929
904
853
794
733
709
677
569
466
375
307
283
172
107
97
105
111
61
51
15
-4
-76
-161
-206
-233
-165
-163
-166
-163
-138
-95
-163
-205
-194
-162
-144
-112
-101
-133
-138
-187
-170
-223
-320
-354
-370
-322
-338
-399
-470
-459
-470
-483
-509
-532
-524
-517
-564
-633
-647
-592
-564
-594
-593
-584
-538
-467
-368
-296
-246
-246
-178
-81
-86
-12
35
106
172
169
178
198
240
276
325
318
338
351
371
408
425
455
463
454
488
502
571
574
547
548
550
525
463
409
419
410
376
315
297
348
291
239
184
181
240
213
153
90
61
74
23
-3
-20
-3
-7
33
24
-14
-36
-70
-94
-110
-153
-168
-133
-58
-21
-72
-66
-39
-33
-74
-76
-68
-58
-54
-53
-93
-105
-138
-163
-165
-194
-238
-254
-271
-282
-301
-339
-380
-407
-349
-351
-403
-442
-474
-479
-501
-535
-549
-559
-529
-538
-562
-541
-532
-496
-450
-460
-426
-373
-312
-205
-117
-19
4
84
135
199
259
312
386
448
538
613
669
660
694
703
755
826
838
774
719
686
702
709
625
564
521
501
492
409
331
246
161
83
13
-24
-85
-118
-165
-197
-249
-284
-290
-289
-282
-287
-291
-263
-257
-289
-287
-289
-247
-225
-291
-330
-319
-242
-159
-187
-176
-138
-70
-12
-43
-30
-23
-9
-25
-50
-61
-31
-6
-54
-129
-218
-246
-231
-262
-281
-320
-367
-408
-432
-451
-442
-400
-373
-285
-263
-289
-272
-232
-156
-104
-60
-21
1
42
81
140
168
207
260
332
360
452
538
601
588
573
594
611
693
751
797
795
750
765
774
784
795
772
770
707
605
563
521
468
423
311
205
112
40
2
-104
-158
-248
-318
-369
-440
-512
-505
-517
-520
-548
-575
-583
-616
-582
-553
-514
-521
-571
-561
-530
-546
-564
-597
-608
-603
-564
-542
-554
-510
-468
-474
-470
-458
-417
-409
-426
-400
-378
-332
-293
-257
-264
-257
-234
-246
-210
-165
-145
-77
-67
-10
38
57
79
65
142
196
266
279
286
352
383
397
424
407
458
474
539
568
570
612
649
671
648
643
615
669
670
657
638
594
593
592
588
579
591
584
575
553
501
520
561
531
515
485
425
361
243
215
171
133
84
-2
-84
-142
-202
-284
-328
-450
-498
-528
-576
-611
-652
-620
-622
-619
-626
-631
-658
-681
-728
-722
-724
-753
-763
-762
-751
-734
-725
-726
-662
-633
-549
-487
-501
-499
-446
-368
-326
-267
-272
-220
-132
-123
-96
-78
-26
-18
-18
-35
-82
-41
19
80
108
127
151
206
266
343
344
387
408
445
496
484
547
632
738
774
761
746
789
833
831
859
866
903
922
859
809
780
754
704
636
579
526
498
422
355
322
260
189
141
99
37
-59
-117
-187
-243
-256
-296
-333
-429
-513
-591
-669
-713
-774
-797
-831
-889
-911
-972
-986
-995
-1038
-1009
-1030
-1046
-1010
-991
-962
-926
-884
-850
-770
-669
-645
-561
-457
-346
-261
-192
-107
-35
87
171
145
172
185
237
317
357
394
436
483
504
540
571
608
642
640
647
645
638
613
643
663
669
614
568
616
637
635
615
593
546
520
481
449
446
438
397
353
345
326
303
279
264
207
181
204
202
169
118
143
109
67
21
-26
-14
-23
-55
-126
-174
-178
-180
-210
-274
-334
-338
-307
-351
-395
-384
-355
-349
-352
-378
-370
-343
-366
-340
-334
-320
-303
-293
-337
-385
-384
-366
-345
-393
-329
-301
-293
-300
-308
-334
-314
-279
-320
-291
-274
-238
-214
-191
-208
-239
-225
-207
-197
-185
-203
-178
-126
-84
-57
-18
7
19
4
40
85
135
169
186
227
227
262
304
319
331
351
368
399
404
396
418
431
482
490
473
447
405
421
395
378
373
337
338
355
344
297
250
235
198
161
132
124
99
116
126
91
66
27
-10
-30
-45
-52
-63
-93
-130
-169
-218
-271
-289
-309
-332
-352
-328
-332
-374
-428
-502
-517
-491
-481
-492
-463
-415
-370
-368
-386
-386
-348
-305
-315
-275
-208
-141
-131
-106
-69
-27
-4
-10
29
50
54
77
115
126
195
238
230
243
287
333
375
396
424
474
495
514
474
469
460
424
430
398
360
348
332
313
287
252
297
284
223
164
147
176
135
103
76
85
111
117
71
4
-43
-43
-44
-82
-83
-91
-124
-143
-193
-236
-253
-264
-304
-346
-357
-443
-504
-497
-473
-460
-465
-463
-430
-410
-404
-389
-386
-388
-423
-394
-418
-457
-417
-386
-374
-355
-301
-267
-243
-203
-167
-125
-108
-97
-82
-40
31
102
146
167
208
210
213
252
292
320
304
325
329
309
313
298
318
321
336
369
344
378
355
352
362
347
342
316
310
311
310
317
277
221
186
104
126
119
108
122
104
118
89
65
66
37
16
-1
-29
-22
-32
-1
16
-17
-40
-62
-46
-56
-97
-133
-138
-124
-155
-194
-216
-225
-216
-217
-244
-264
-263
-229
-216
-241
-244
-250
-223
-206
-227
-202
-145
-154
-194
-236
-229
-189
-161
-123
-106
-98
-71
-27
-18
29
50
74
114
154
191
245
256
251
273
269
277
250
239
261
268
246
204
144
128
132
134
160
162
156
156
153
136
110
73
60
24
4
-48
-77
-84
-127
-145
-172
-154
-192
-199
-179
-198
-204
-233
-221
-193
-197
-175
-181
-171
-137
-105
-39
-36
-23
0
19
22
-7
-15
-11
-14
-19
-19
-10
-11
10
15
64
89
101
103
60
66
44
74
71
41
80
69
81
51
-4
20
44
61
51
34
8
18
3
-1
-2
-22
-4
-44
-70
-93
-113
-129
-122
-86
-92
-95
-113
-120
-117
-121
-118
-132
-97
-69
-57
-73
-85
-96
-139
-104
-98
-91
-68
-80
-68
-40
5
24
-6
-29
9
58
47
75
75
113
148
172
176
222
222
192
183
166
174
198
220
217
256
227
223
266
264
290
277
281
318
287
242
245
247
256
205
145
92
55
49
36
54
79
70
38
-21
-63
-68
-112
-120
-175
-243
-272
-306
-288
-327
-329
-341
-334
-319
-350
-366
-361
-338
-313
-326
-363
-343
-306
-279
-266
-269
-240
-209
-200
-174
-147
-105
-89
-87
-48
-47
14
18
-15
47
63
77
90
77
112
140
148
151
127
164
187
236
234
205
188
172
195
192
193
197
193
187
187
111
69
88
81
67
28
-3
-48
-21
10
-24
-29
-22
-27
-23
-6
-7
-2
-2
-4
-21
-93
-124
-120
-85
-102
-85
-37
-20
-8
-13
-5
37
43
55
87
95
107
108
127
110
100
91
103
98
76
67
75
83
95
46
38
54
43
82
51
73
63
63
70
52
72
88
41
55
35
15
39
9
3
-15
11
19
20
4
-29
-53
-20
-71
-83
-61
-84
-47
-71
-97
-97
-132
-108
-101
-131
-139
-183
-181
-166
-211
-238
-249
-218
-168
-179
-164
-148
-164
-142
-150
-148
-111
-127
-99
-107
-118
-79
-102
-101
-92
-90
-84
-65
-54
-80
-60
-34
11
-2
38
45
71
143
141
157
172
223
272
324
347
379
397
407
410
431
418
394
387
343
347
332
319
313
302
268
244
191
148
130
66
14
-9
-13
-30
-13
-17
-52
-83
-105
-127
-197
-235
-260
-279
-288
-286
-309
-331
-324
-323
-296
-301
-337
-353
-377
-341
-306
-299
-258
-185
-146
-111
-88
-150
-141
-112
-133
-146
-97
-62
-35
-29
-55
-67
-48
-27
-26
-56
-69
-36
-14
11
7
15
7
16
20
34
48
60
100
116
142
135
129
124
125
127
165
153
173
188
171
227
259
253
226
266
254
264
258
229
221
193
158
164
155
136
120
55
36
19
2
-33
-89
-131
-102
-105
-93
-80
-97
-94
-96
-116
-116
-150
-135
-98
-73
-14
-11
-3
-15
-35
-16
22
30
26
12
-10
-19
-24
-34
-37
-24
-20
-24
-43
-21
15
19
21
21
34
41
-11
-50
-98
-129
-117
-136
-151
-174
-183
-168
-164
-145
-148
-160
-156
-169
-150
-128
-111
-48
-16
0
-11
-20
-3
-7
-26
-53
-75
-70
-53
-31
-47
-66
-44
-22
5
17
53
61
66
91
102
152
163
210
232
233
253
239
238
239
227
190
146
122
129
135
118
108
92
68
59
84
88
71
70
57
68
63
92
126
136
145
137
104
61
50
39
34
31
5
-20
-20
-12
-39
-64
-66
-86
-95
-119
-133
-117
-129
-111
-92
-102
-136
-204
-209
-203
-212
-183
-192
-204
-233
-258
-300
-302
-271
-268
-237
-264
-288
-283
-250
-194
-150
-84
-64
-75
-72
-15
26
73
126
164
199
148
95
126
159
178
157
166
219
233
259
256
288
296
312
328
398
385
348
323
260
215
221
239
216
200
178
96
91
64
54
65
38
25
22
7
-3
-7
-18
-3
-32
-33
-101
-119
-134
-164
-160
-162
-156
-183
-226
-235
-247
-233
-247
-276
-323
-308
-303
-330
-338
-321
-268
-249
-240
-240
-208
-182
-147
-202
-203
-226
-205
-174
-182
-111
-66
-40
-63
-45
-69
-58
15
3
6
9
47
92
128
191
199
205
242
243
252
257
274
311
329
333
333
317
290
282
269
264
295
310
272
253
219
235
224
194
167
176
193
203
203
113
102
62
31
42
36
53
0
-37
-75
-97
-100
-116
-119
-168
-192
-207
-230
-235
-242
-261
-293
-316
-329
-357
-391
-400
-403
-410
-415
-380
-365
-354
-323
-306
-265
-243
-223
-167
-103
-39
0
36
35
65
99
102
138
151
190
183
192
202
235
238
234
244
239
262
261
248
209
224
234
236
210
185
168
159
136
69
46
63
59
17
-5
-35
-57
-37
-50
-61
-44
-22
4
47
36
54
92
98
89
38
33
27
24
51
52
77
102
81
40
5
7
5
-15
-18
-20
-40
-82
-101
-100
-97
-102
-94
-110
-111
-115
-108
-103
-108
-129
-169
-176
-193
-207
-213
-215
-199
-190
-213
-177
-134
-133
-113
-119
-116
-57
-21
-35
0
-34
-7
-41
-61
-19
-12
42
73
60
33
24
20
32
34
46
69
80
67
57
52
55
60
87
119
146
180
170
170
129
125
110
74
59
48
66
54
63
59
77
111
101
127
127
107
118
62
12
56
41
31
11
-26
-24
-15
21
44
50
76
73
81
97
112
114
68
76
71
50
76
79
90
92
73
47
48
10
-1
2
7
11
22
31
41
55
22
-1
-92
-144
-144
-187
-216
-240
-246
-256
-265
-256
-239
-224
-234
-239
-238
-231
-247
-262
-264
-266
-267
-250
-238
-186
-159
-140
-128
-104
-78
-44
-19
6
40
95
148
196
219
270
317
316
329
349
361
362
369
372
352
329
305
287
260
261
254
204
170
122
100
56
7
-35
-76
-96
-136
-145
-112
-135
-123
-123
-152
-123
-112
-110
-121
-128
-110
-76
-73
-71
-95
-85
-81
-103
-110
-139
-119
-73
-92
-88
-84
-94
-117
-175
-202
-212
-196
-161
-167
-183
-169
-172
-206
-199
-205
-204
-207
-235
-228
-238
-216
-203
-188
-173
-175
-162
-137
-72
-33
15
56
101
106
139
174
178
235
230
206
242
229
259
319
346
411
405
377
363
386
400
372
350
355
356
343
314
321
300
280
290
270
242
214
186
171
162
134
103
61
17
-7
-45
-89
-82
-88
-64
-83
-124
-134
-141
-154
-154
-139
-122
-108
-111
-134
-151
-167
-186
-190
-190
-215
-236
-234
-240
-214
-230
-230
-205
-224
-240
-247
-245
-255
-234
-238
-222
-190
-208
-188
-166
-146
-130
-124
-111
-109
-89
-92
-94
-48
-62
-32
-10
14
12
3
48
25
2
-37
-20
1
3
37
13
8
9
22
43
62
61
88
88
131
169
195
194
189
233
228
219
219
207
238
244
231
212
136
137
135
102
146
164
170
183
180
194
188
158
127
104
100
100
94
81
74
102
111
89
62
43
63
57
19
2
-46
-31
-9
-25
-55
-72
-54
-70
-95
-133
-134
-162
-171
-158
-157
-168
-166
-177
-193
-210
-289
-318
-318
-330
-321
-324
-312
-283
-284
-267
-225
-188
-164
-161
-156
-147
-113
-133
-72
-44
-81
-35
-48
-39
-39
-2
59
104
107
89
110
113
123
121
120
153
178
196
211
228
259
295
264
288
270
255
263
269
293
298
336
319
305
291
287
276
227
201
164
167
166
160
146
113
75
31
-11
-54
-48
-87
-76
-80
-85
-76
-101
-127
-178
-185
-223
-201
-191
-205
-208
-210
-181
-211
-230
-239
-246
-211
-241
-231
-235
-237
-216
-205
-184
-170
-174
-207
-216
-188
-169
-171
-148
-137
-143
-153
-158
-210
-227
-206
-187
