-117
-117
-113
-113
-110
-104
-100
-89
-79
-69
-56
-40
-27
-11
2
17
35
50
67
80
91
107
119
127
133
141
151
151
156
165
168
161
152
149
138
130
115
99
88
69
49
36
14
-10
-31
-48
-64
-79
-98
-118
-135
-150
-165
-171
-182
-180
-182
-189
-187
-187
-188
-189
-188
-186
-184
-180
-174
-161
-141
-121
-98
-75
-43
-24
3
29
52
74
99
122
142
166
183
191
203
211
210
207
219
209
204
203
189
172
162
150
131
123
105
91
78
61
49
28
13
-3
-22
-42
-56
-68
-98
-115
-132
-138
-137
-147
-149
-144
-148
-139
-134
-135
-123
-119
-106
-95
-82
-72
-62
-60
-45
-43
-40
-23
-22
-18
-7
7
11
15
21
30
37
36
37
34
27
20
5
-6
-12
-22
-39
-43
-47
-56
-59
-58
-55
-59
-56
-61
-60
-50
-41
-32
-25
-17
-12
3
10
22
31
38
45
61
82
90
97
111
120
118
129
146
161
180
189
197
211
221
226
234
236
236
229
216
204
192
173
152
140
116
97
83
63
39
21
2
-16
-49
-89
-116
-149
-183
-220
-242
-263
-292
-311
-330
-341
-355
-377
-395
-414
-428
-437
-421
-403
-392
-367
-345
-314
-281
-252
-211
-176
-152
-115
-74
-33
19
63
114
162
214
259
305
363
406
436
471
502
509
516
520
527
532
530
513
491
462
419
389
350
316
280
237
203
158
122
83
37
-4
-50
-90
-132
-175
-212
-246
-286
-317
-347
-380
-402
-428
-445
-463
-469
-484
-496
-515
-518
-531
-534
-533
-546
-552
-547
-529
-513
-481
-464
-436
-415
-373
-312
-249
-184
-119
-47
31
110
201
286
355
431
482
544
614
660
709
727
742
744
745
744
725
710
683
655
616
576
535
492
443
393
351
328
287
252
213
172
138
85
34
-9
-38
-63
-90
-110
-123
-135
-131
-131
-131
-118
-109
-115
-133
-144
-177
-206
-238
-260
-275
-312
-336
-353
-382
-432
-491
-549
-600
-661
-726
-769
-806
-825
-854
-890
-907
-918
-909
-914
-900
-862
-832
-770
-701
-605
-502
-397
-279
-170
-32
103
240
372
527
679
819
956
1074
1184
1278
1352
1417
1452
1499
1529
1525
1541
1551
1549
1505
1468
1427
1354
1274
1193
1073
966
851
731
615
465
305
137
-45
-199
-339
-490
-601
-720
-835
-937
-1015
-1101
-1146
-1191
-1250
-1309
-1327
-1316
-1303
-1309
-1314
-1284
-1300
-1269
-1246
-1206
-1198
-1187
-1169
-1208
-1201
-1283
-1322
-1378
-1384
-1388
-1349
-1255
-1167
-1031
-930
-772
-605
-442
-253
-45
182
445
690
946
1202
1409
1614
1799
1938
2061
2142
2163
2171
2201
2194
2174
2123
2042
1982
1932
1834
1745
1649
1538
1408
1273
1126
953
800
643
509
356
208
63
-90
-246
-424
-559
-685
-812
-918
-1016
-1094
-1185
-1246
-1305
-1340
-1378
-1396
-1389
-1385
-1352
-1353
-1324
-1331
-1304
-1265
-1215
-1164
-1108
-1022
-950
-876
-829
-777
-790
-773
-792
-770
-801
-865
-915
-976
-1017
-1095
-1145
-1219
-1229
-1247
-1190
-1118
-1019
-858
-654
-426
-196
99
439
765
1096
1402
1690
1970
2249
2448
2603
2742
2828
2885
2860
2819
2730
2613
2495
2349
2149
1933
1775
1615
1418
1250
1049
867
684
520
353
157
-34
-260
-456
-668
-861
-1037
-1212
-1310
-1397
-1438
-1453
-1409
-1338
-1276
-1178
-1106
-1008
-967
-894
-875
-856
-828
-836
-822
-847
-891
-902
-918
-932
-901
-895
-884
-852
-809
-771
-734
-632
-573
-551
-532
-554
-571
-649
-770
-912
-1066
-1222
-1415
-1583
-1730
-1778
-1793
-1764
-1683
-1549
-1304
-1041
-708
-355
33
435
848
1290
1661
2032
2359
2629
2856
3007
3109
3171
3177
3110
3019
2922
2814
2708
2589
2450
2298
2184
2027
1846
1610
1440
1144
789
530
141
-184
-639
-962
-1338
-1655
-1975
-2273
-2451
-2635
-2711
-2776
-2672
-2560
-2370
-2107
-1840
-1491
-1187
-813
-465
-195
60
293
482
543
672
721
732
727
757
743
683
736
731
718
714
726
716
677
669
617
568
447
283
68
-206
-463
-770
-1107
-1464
-1838
-2191
-2481
-2730
-2954
-3088
-3146
-3125
-3042
-2883
-2657
-2382
-2011
-1680
-1312
-908
-495
-47
324
705
1061
1398
1678
1948
2183
2388
2586
2762
2938
3054
3163
3242
3329
3367
3343
3286
3168
3029
2836
2598
2211
1865
1443
1005
551
60
-331
-776
-1087
-1407
-1605
-1757
-1846
-1870
-1850
-1719
-1580
-1349
-1114
-865
-653
-439
-169
14
191
288
393
409
398
396
304
239
108
47
-76
-149
-162
-196
-208
-202
-174
-197
-191
-194
-242
-320
-444
-585
-776
-1024
-1263
-1519
-1769
-2060
-2349
-2621
-2846
-3007
-3152
-3234
-3263
-3203
-3121
-2977
-2777
-2535
-2202
-1849
-1501
-1147
-777
-367
49
446
866
1249
1609
1989
2339
2677
2956
3237
3525
3721
3876
4013
4104
4148
4125
4048
3905
3760
3555
3314
2999
2592
2260
1830
1452
952
574
222
-169
-458
-777
-947
-1160
-1194
-1288
-1298
-1220
-1185
-1065
-971
-806
-718
-603
-469
-403
-381
-424
-424
-543
-662
-802
-928
-1024
-1128
-1168
-1231
-1189
-1173
-1127
-1103
-1024
-922
-911
-850
-826
-796
-810
-832
-903
-1061
-1238
-1482
-1761
-2035
-2293
-2591
-2846
-3049
-3196
-3255
-3320
-3307
-3196
-2998
-2772
-2539
-2233
-1866
-1471
-1059
-648
-236
166
578
1019
1424
1794
2143
2486
2808
3101
3383
3678
3943
4189
4378
4504
4627
4682
4650
4543
4408
4218
3999
3760
3486
3149
2786
2414
1996
1609
1194
793
427
60
-278
-577
-843
-1055
-1210
-1341
-1437
-1507
-1581
-1607
-1669
-1705
-1769
-1808
-1839
-1945
-2018
-2096
-2189
-2333
-2411
-2504
-2515
-2493
-2412
-2274
-2123
-1934
-1760
-1571
-1378
-1151
-1009
-879
-775
-710
-652
-596
-635
-724
-881
-1039
-1244
-1425
-1600
-1808
-2007
-2195
-2282
-2374
-2393
-2395
-2301
-2161
-2027
-1828
-1597
-1264
-964
-637
-284
65
482
860
1245
1623
1995
2395
2805
3190
3508
3870
4179
4455
4691
4857
4991
5043
5099
5078
5007
4867
4670
4435
4119
3683
3243
2783
2243
1700
1116
586
20
-508
-1023
-1496
-1906
-2269
-2522
-2764
-2923
-3014
-3074
-3062
-3032
-2940
-2844
-2734
-2603
-2536
-2458
-2429
-2447
-2499
-2535
-2612
-2599
-2597
-2532
-2431
-2290
-2052
-1802
-1516
-1275
-953
-677
-422
-161
77
299
452
567
584
545
395
174
-71
-375
-646
-978
-1273
-1577
-1806
-1968
-2113
-2217
-2252
-2181
-2050
-1902
-1678
-1380
-1037
-705
-358
-34
315
691
1034
1413
1717
2091
2471
2832
3166
3470
3776
4067
4348
4531
4702
4820
4916
4951
4891
4795
4607
4380
4051
3669
3158
2644
2112
1494
928
288
-211
-774
-1209
-1643
-2038
-2356
-2642
-2817
-2984
-3020
-3059
-3021
-2996
-2957
-2868
-2837
-2709
-2672
-2630
-2606
-2555
-2497
-2529
-2420
-2396
-2279
-2155
-1936
-1683
-1462
-1066
-770
-436
-109
266
552
720
923
1044
1146
1092
1094
983
823
680
351
90
-292
-585
-887
-1230
-1486
-1773
-1928
-2148
-2255
-2341
-2325
-2239
-2216
-2079
-1925
-1668
-1464
-1196
-892
-609
-243
87
500
877
1315
1766
2240
2779
3171
3589
3929
4299
4532
4665
4784
4773
4778
4633
4452
4192
3852
3489
3027
2568
2066
1589
1103
610
178
-276
-630
-1002
-1241
-1509
-1759
-1967
-2162
-2272
-2399
-2450
-2530
-2589
-2645
-2654
-2648
-2614
-2515
-2455
-2360
-2228
-2056
-1871
-1680
-1480
-1279
-1027
-765
-470
-174
115
340
576
782
926
1003
1055
1028
948
850
754
591
411
191
-5
-289
-574
-846
-1159
-1453
-1801
-2063
-2347
-2559
-2853
-3030
-3194
-3278
-3295
-3295
-3222
-3134
-2930
-2711
-2407
-2047
-1656
-1166
-647
-80
493
1076
1660
2215
2764
3261
3737
4125
4505
4816
4989
5105
5167
5230
5216
5136
5020
4792
4559
4231
3797
3392
2927
2498
1974
1504
1034
540
106
-386
-814
-1257
-1644
-2000
-2312
-2561
-2735
-2876
-2962
-2967
-2893
-2824
-2744
-2642
-2526
-2375
-2212
-2069
-1924
-1797
-1724
-1634
-1550
-1403
-1307
-1144
-994
-819
-668
-537
-348
-231
-86
20
153
250
307
323
281
208
90
-43
-317
-549
-865
-1143
-1503
-1857
-2155
-2455
-2687
-2974
-3129
-3280
-3325
-3283
-3212
-3056
-2833
-2525
-2170
-1740
-1327
-891
-344
176
718
1240
1767
2296
2804
3280
3704
4133
4500
4837
5081
5285
5435
5526
5546
5460
5324
5121
4887
4581
4162
3754
3277
2834
2328
1801
1325
794
355
-161
-597
-1061
-1470
-1829
-2153
-2421
-2692
-2843
-3013
-3097
-3155
-3194
-3183
-3155
-3105
-3074
-3000
-2936
-2868
-2788
-2678
-2559
-2430
-2171
-2023
-1780
-1514
-1247
-1011
-803
-543
-381
-202
-81
107
214
273
339
363
302
219
96
-87
-356
-598
-847
-1054
-1339
-1562
-1743
-1924
-2028
-2212
-2312
-2428
-2417
-2446
-2374
-2279
-2110
-1829
-1539
-1156
-820
-365
150
646
1171
1667
2187
2683
3195
3689
4144
4570
4906
5249
5425
5583
5624
5612
5529
5305
4997
4612
4256
3816
3304
2795
2268
1753
1215
687
207
-285
-727
-1202
-1620
-2041
-2372
-2686
-2990
-3272
-3518
-3637
-3789
-3824
-3843
-3799
-3721
-3610
-3432
-3210
-2980
-2788
-2532
-2243
-1987
-1710
-1430
-1111
-850
-571
-268
4
234
408
597
706
775
836
876
909
819
759
658
522
414
243
63
-198
-416
-679
-850
-1130
-1414
-1660
-1836
-2027
-2287
-2423
-2558
-2639
-2695
-2667
-2551
-2384
-2145
-1825
-1420
-1010
-506
83
623
1211
1759
2351
2884
3382
3867
4277
4658
4941
5196
5299
5351
5340
5281
5103
4826
4505
4134
3741
3334
2814
2281
1803
1233
700
123
-405
-937
-1437
-1900
-2321
-2722
-3065
-3343
-3580
-3722
-3818
-3816
-3769
-3688
-3511
-3285
-3018
-2714
-2407
-2073
-1759
-1446
-1157
-844
-564
-352
-123
121
318
440
591
722
813
829
922
932
922
872
821
779
636
545
414
232
20
-179
-385
-655
-887
-1187
-1423
-1751
-2092
-2332
-2611
-2843
-3100
-3244
-3366
-3366
-3357
-3272
-3095
-2879
-2556
-2193
-1752
-1323
-806
-208
378
977
1541
2166
2740
3268
3737
4162
4539
4796
5050
5192
5266
5260
5191
5069
4800
4532
4205
3850
3470
3004
2566
2124
1664
1198
769
337
-89
-468
-841
-1163
-1488
-1762
-2001
-2215
-2373
-2492
-2541
-2607
-2612
-2621
-2557
-2519
-2429
-2297
-2208
-2070
-1965
-1780
-1571
-1391
-1205
-1053
-873
-732
-565
-431
-298
-169
-75
27
31
45
-18
-73
-154
-305
-419
-571
-702
-879
-1007
-1195
-1330
-1436
-1612
-1694
-1905
-2005
-2158
-2262
-2332
-2476
-2538
-2591
-2553
-2538
-2432
-2331
-2161
-1906
-1633
-1299
-945
-478
23
556
1107
1645
2239
2782
3325
3810
4256
4659
4978
5264
5407
5509
5476
5456
5262
5010
4665
4299
3979
3553
3158
2688
2269
1809
1362
968
554
191
-186
-518
-833
-1153
-1422
-1711
-1948
-2209
-2391
-2578
-2727
-2830
-2937
-2973
-3033
-2974
-2934
-2827
-2722
-2600
-2434
-2304
-2133
-1986
-1783
-1631
-1454
-1263
-1112
-979
-865
-750
-654
-582
-522
-518
-487
-511
-502
-453
-455
-457
-511
-512
-595
-656
-738
-838
-925
-1099
-1218
-1402
-1533
-1728
-1941
-2094
-2243
-2282
-2348
-2310
-2261
-2047
-1772
-1454
-1060
-668
-160
350
916
1477
2055
2619
3145
3683
4129
4583
4895
5151
5361
5383
5410
5319
5254
5059
4770
4471
4102
3754
3322
2916
2484
2092
1626
1198
784
336
-37
-494
-837
-1219
-1566
-1864
-2202
-2432
-2700
-2863
-3033
-3137
-3221
-3274
-3273
-3269
-3165
-3105
-2978
-2916
-2776
-2658
-2535
-2360
-2239
-2031
-1863
-1638
-1404
-1187
-967
-799
-578
-387
-205
-53
67
182
260
285
308
294
242
148
74
-78
-199
-342
-513
-631
-929
-1094
-1347
-1540
-1779
-2005
-2126
-2255
-2288
-2298
-2223
-2166
-1961
-1711
-1433
-1074
-707
-238
255
762
1288
1809
2350
2830
3312
3744
4138
4446
4707
4918
5001
5053
4976
4930
4803
4597
4365
4053
3752
3370
2989
2536
2113
1714
1286
928
509
129
-286
-639
-979
-1312
-1586
-1884
-2115
-2359
-2501
-2662
-2781
-2862
-2949
-2975
-3044
-3004
-3027
-3019
-2963
-2876
-2769
-2666
-2524
-2372
-2188
-2032
-1769
-1522
-1248
-974
-713
-436
-189
71
236
386
459
524
576
537
527
446
350
228
17
-110
-314
-518
-707
-994
-1164
-1406
-1551
-1756
-1898
-2056
-2207
-2232
-2311
-2266
-2239
-2095
-1928
-1665
-1381
-1092
-678
-241
245
680
1200
1706
2235
2790
3241
3725
4091
4467
4735
4940
5098
5120
5167
5028
4870
4613
4309
3984
3600
3204
2709
2287
1805
1399
998
582
261
-95
-399
-742
-980
-1200
-1485
-1717
-1980
-2167
-2391
-2541
-2714
-2816
-2884
-2981
-2967
-3028
-3055
-3090
-3090
-3065
-3018
-2909
-2824
-2685
-2502
-2237
-1950
-1649
-1339
-1093
-843
-604
-353
-183
14
127
203
296
297
301
290
240
145
28
-119
-219
-387
-487
-651
-836
-960
-1152
-1294
-1497
-1642
-1807
-1903
-1970
-2011
-2016
-1939
-1736
-1488
-1196
-864
-473
19
485
1020
1583
2099
2652
3168
3709
4146
4569
4881
5158
5303
5375
5375
5248
5087
4827
4528
4143
3791
3425
3011
2583
2164
1785
1410
1047
685
309
-14
-407
-734
-1086
-1434
-1774
-2129
-2438
-2758
-3032
-3320
-3518
-3685
-3799
-3884
-3921
-3879
-3889
-3822
-3738
-3572
-3362
-3125
-2876
-2611
-2305
-2045
-1721
-1416
-1129
-856
-582
-324
-96
119
296
432
523
619
654
676
641
626
566
476
390
221
119
-122
-266
-480
-686
-861
-1123
-1255
-1524
-1666
-1831
-1908
-1932
-1957
-1904
-1776
-1500
-1223
-818
-432
35
569
1075
1687
2223
2788
3307
3841
4327
4702
5055
5229
5409
5401
5358
5264
5093
4853
4527
4195
3758
3323
2863
2411
1927
1420
989
517
135
-293
-678
-1048
-1425
-1730
-2108
-2400
-2736
-2980
-3213
-3376
-3520
-3676
-3729
-3830
-3825
-3862
-3832
-3763
-3701
-3550
-3404
-3179
-2986
-2714
-2426
-2136
-1812
-1556
-1238
-954
-699
-460
-247
-1
178
369
505
617
698
745
811
809
821
754
739
653
588
443
322
170
19
-130
-312
-436
-671
-779
-994
-1143
-1315
-1384
-1397
-1437
-1397
-1285
-1004
-724
-375
7
417
908
1389
1892
2369
2850
3313
3727
4145
4441
4705
4845
4943
4909
4790
4635
4369
4088
3709
3325
2871
2429
1985
1544
1104
660
284
-103
-449
-821
-1173
-1485
-1795
-2047
-2318
-2537
-2745
-2933
-3087
-3223
-3332
-3441
-3498
-3559
-3563
-3569
-3549
-3474
-3365
-3203
-3042
-2818
-2611
-2392
-2136
-1869
-1612
-1348
-1112
-891
-662
-400
-156
66
303
513
664
801
918
1001
1088
1101
1153
1134
1146
1128
1092
975
845
681
490
317
42
-129
-407
-586
-807
-1005
-1151
-1298
-1320
-1382
-1341
-1234
-1031
-780
-508
-180
165
619
1071
1544
2003
2413
2844
3214
3594
3860
4077
4175
4242
4207
4079
3961
3712
3504
3181
2862
2484
2123
1776
1362
985
572
213
-154
-469
-769
-1037
-1280
-1535
-1737
-1985
-2157
-2308
-2493
-2626
-2785
-2858
-2983
-3045
-3090
-3058
-3025
-2981
-2853
-2784
-2610
-2479
-2310
-2111
-1925
-1702
-1532
-1321
-1120
-923
-704
-508
-247
-77
146
346
522
662
776
901
971
1048
1074
1092
1053
996
932
817
749
585
487
290
158
10
-245
-384
-641
-756
-952
-1128
-1307
-1406
-1423
-1444
-1406
-1294
-1043
-799
-465
-133
213
649
1030
1485
1898
2315
2710
3053
3365
3569
3792
3868
3970
3913
3789
3670
3433
3213
2897
2572
2160
1773
1360
1000
648
279
-29
-372
-636
-938
-1191
-1412
-1666
-1856
-2047
-2183
-2314
-2388
-2472
-2554
-2562
-2615
-2604
-2624
-2579
-2541
-2471
-2388
-2352
-2215
-2125
-1986
-1837
-1671
-1477
-1311
-1070
-887
-671
-476
-303
-108
56
249
422
601
753
882
958
1005
1016
999
963
875
787
647
519
380
178
51
-115
-216
-278
-408
-483
-606
-647
-742
-823
-900
-920
-855
-810
-716
-590
-365
-162
95
335
634
1023
1387
1759
2126
2483
2815
3115
3385
3615
3762
3798
3805
3722
3542
3309
3008
2664
2252
1843
1391
985
613
200
-167
-548
-862
-1173
-1382
-1593
-1805
-1915
-2043
-2108
-2164
-2191
-2232
-2293
-2347
-2405
-2452
-2526
-2554
-2594
-2597
-2562
-2553
-2464
-2394
-2303
-2164
-1987
-1818
-1577
-1337
-1095
-802
-565
-266
6
273
513
743
949
1128
1254
1338
1431
1466
1495
1497
1502
1456
1404
1392
1305
1260
1168
1082
967
839
726
618
544
383
278
94
-59
-244
-451
-617
-792
-887
-974
-1045
-1076
-1006
-927
-790
-632
-460
-191
96
402
717
1064
1366
1628
1880
2058
2187
2233
2248
2183
2051
1853
1594
1348
1039
745
435
116
-174
-442
-685
-881
-999
-1114
-1150
-1173
-1184
-1127
-1059
-987
-976
-923
-899
-907
-907
-932
-953
-1052
-1119
-1211
-1279
-1365
-1420
-1409
-1394
-1325
-1274
-1151
-1031
-850
-663
-457
-213
19
254
482
712
918
1106
1281
1397
1478
1519
1553
1523
1463
1381
1306
1236
1149
1134
1019
970
935
871
780
668
563
406
307
107
-36
-264
-462
-663
-979
-1193
-1449
-1604
-1752
-1885
-2004
-2056
-2028
-1992
-1852
-1739
-1499
-1224
-920
-528
-153
293
618
980
1274
1518
1680
1753
1847
1740
1637
1434
1289
1081
845
654
399
255
116
38
-21
-28
27
73
179
274
411
489
520
540
503
483
383
269
95
-60
-299
-525
-714
-911
-1087
-1231
-1271
-1301
-1249
-1183
-1038
-826
-615
-364
-107
171
402
594
777
920
1035
1093
1100
1058
1001
929
849
745
574
468
324
199
82
-15
-51
-100
-86
-103
-69
-129
-153
-215
-296
-348
-554
-695
-964
-1176
-1415
-1699
-1917
-2158
-2307
-2462
-2548
-2579
-2485
-2324
-2114
-1823
-1502
-1076
-641
-156
300
709
1105
1444
1728
1922
2088
2128
2145
2064
1956
1865
1742
1622
1441
1273
1126
1045
973
959
980
974
1037
1119
1179
1207
1229
1222
1173
1084
928
773
547
245
-59
-365
-637
-956
-1204
-1431
-1579
-1684
-1710
-1619
-1512
-1370
-1160
-914
-669
-419
-171
61
266
433
589
715
800
832
818
773
708
629
522
423
292
188
115
84
31
-14
31
21
28
56
66
91
50
-37
-121
-224
-379
-602
-853
-1124
-1450
-1737
-1992
-2254
-2483
-2645
-2740
-2756
-2732
-2625
-2432
-2195
-1938
-1598
-1256
-871
-454
-64
318
607
911
1155
1342
1486
1610
1719
1786
1810
1766
1744
1700
1664
1664
1634
1647
1644
1697
1772
1805
1813
1815
1813
1733
1685
1557
1413
1235
981
732
455
200
-114
-385
-636
-873
-1057
-1166
-1189
-1187
-1102
-1003
-807
-592
-391
-143
60
273
439
582
668
691
694
645
574
494
394
282
191
115
-7
-50
-70
-81
-60
-33
15
56
73
103
88
57
8
-125
-238
-406
-635
-890
-1160
-1420
-1695
-2004
-2248
-2481
-2670
-2824
-3036
-3132
-3221
-3225
-3175
-3096
-2989
-2836
-2610
-2330
-2006
-1700
-1369
-1033
-664
-305
27
375
683
1022
1320
1594
1871
2151
2423
2632
2789
2907
3064
3173
3254
3289
3303
3322
3317
3260
3141
3031
2839
2668
2458
2202
1972
1690
1442
1155
940
760
573
432
276
180
77
11
-74
-86
-121
-192
-200
-223
-245
-313
-347
-415
-497
-568
-664
-739
-869
-967
-1064
-1130
-1165
-1205
-1191
-1189
-1157
-1120
-1055
-977
-934
-884
-847
-865
-895
-943
-994
-1067
-1157
-1252
-1335
-1424
-1537
-1643
-1776
-1879
-2003
-2066
-2176
-2305
-2393
-2477
-2523
-2548
-2577
-2589
-2565
-2521
-2451
-2363
-2249
-2072
-1833
-1603
-1288
-936
-543
-103
340
815
1278
1718
2150
2566
2944
3297
3576
3827
4006
4137
4209
4228
4204
4127
4009
3855
3680
3495
3327
3112
2892
2684
2485
2291
2125
1947
1827
1683
1507
1330
1126
923
672
439
188
-56
-298
-568
-774
-971
-1173
-1363
-1531
-1670
-1794
-1909
-2005
-2094
-2151
-2207
-2223
-2184
-2126
-2042
-1925
-1789
-1666
-1560
-1438
-1331
-1253
-1171
-1132
-1086
-1058
-1070
-1040
-1034
-1067
-1110
-1144
-1171
-1179
-1190
-1215
-1235
-1235
-1239
-1274
-1309
-1345
-1386
-1422
-1467
-1515
-1581
-1638
-1708
-1784
-1842
-1854
-1844
-1779
-1703
-1601
-1409
-1171
-865
-525
-136
307
785
1255
1739
2215
2619
3026
3378
3644
3865
4024
4120
4132
4095
4005
3880
3766
3576
3407
3218
3010
2895
2746
2615
2497
2377
2255
2125
1971
1802
1621
1459
1269
1044
823
596
322
17
-293
-610
-898
-1224
-1522
-1816
-2047
-2229
-2350
-2421
-2441
-2439
-2398
-2294
-2171
-2038
-1894
-1766
-1636
-1497
-1411
-1357
-1338
-1343
-1358
-1366
-1373
-1405
-1460
-1533
-1598
-1653
-1678
-1700
-1707
-1682
-1674
-1631
-1609
-1541
-1467
-1404
-1330
-1281
-1209
-1180
-1187
-1222
-1283
-1347
-1444
-1494
-1568
-1576
-1580
-1554
-1494
-1389
-1226
-1042
-811
-563
-251
56
383
744
1074
1455
1812
2166
2502
2801
3066
3303
3543
3701
3839
3910
3957
3971
3948
3927
3871
3836
3742
3689
3591
3467
3325
3187
3055
2873
2698
2500
2316
2060
1797
1521
1218
878
515
177
-189
-514
-838
-1141
-1405
-1660
-1888
-2046
-2157
-2281
-2388
-2469
-2525
-2561
-2586
-2579
-2592
-2584
-2586
-2601
-2602
-2648
-2661
-2663
-2667
-2633
-2613
-2560
-2515
-2411
-2325
-2248
-2151
-2054
-1930
-1827
-1725
-1628
-1526
-1409
-1319
-1225
-1123
-1021
-921
-835
-739
-644
-536
-454
-389
-294
-221
-104
-16
63
133
190
280
337
401
432
493
567
635
740
859
981
1138
1307
1480
1672
1906
2148
2392
2637
2860
3085
3298
3486
3612
3723
3799
3852
3870
3840
3771
3710
3571
3416
3238
2998
2774
2537
2293
2019
1790
1534
1264
996
711
455
196
-58
-351
-613
-861
-1142
-1392
-1660
-1894
-2173
-2458
-2705
-2944
-3158
-3360
-3539
-3689
-3761
-3837
-3872
-3844
-3815
-3734
-3634
-3519
-3364
-3204
-3013
-2828
-2649
-2460
-2256
-2051
-1827
-1618
-1408
-1170
-955
-755
-562
-377
-191
-29
149
305
468
621
765
876
1013
1119
1207
1301
1366
1385
1372
1341
1242
1201
1112
990
875
771
672
569
462
357
296
220
206
209
254
330
450
617
820
1058
1288
1559
1835
2093
2352
2591
2804
2985
3128
3225
3271
3292
3249
3198
3069
2952
2791
2581
2405
2188
2029
1836
1652
1469
1248
1033
785
575
307
51
-240
-534
-828
-1155
-1426
-1763
-2079
-2394
-2700
-2970
-3235
-3481
-3693
-3856
-3997
-4077
-4129
-4111
-4025
-3938
-3825
-3682
-3474
-3267
-3034
-2795
-2553
-2298
-2041
-1771
-1507
-1246
-1005
-757
-475
-189
96
353
609
830
1038
1232
1390
1540
1637
1703
1752
1794
1787
1771
1722
1630
1574
1463
1362
1220
1075
894
722
565
385
274
140
22
-103
-186
-238
-265
-258
-270
-227
-153
-38
108
274
446
652
893
1163
1426
1655
1907
2140
2375
2568
2726
2882
2962
3065
3090
3058
3018
2908
2777
2609
2415
2206
1990
1758
1504
1211
886
577
267
-52
-383
-693
-991
-1298
-1571
-1868
-2156
-2444
-2740
-3019
-3284
-3517
-3753
-3950
-4108
-4254
-4328
-4341
-4265
-4172
-4012
-3793
-3498
-3159
-2800
-2402
-2012
-1609
-1224
-866
-522
-177
135
434
703
929
1122
1271
1405
1515
1583
1646
1689
1722
1740
1725
1743
1742
1761
1753
1732
1728
1694
1629
1560
1473
1354
1248
1092
929
765
594
454
274
159
12
-126
-273
-413
-499
-598
-623
-645
-572
-489
-359
-179
3
219
453
686
921
1140
1357
1567
1755
1943
2082
2186
2225
2256
2212
2143
2013
1867
1716
1550
1365
1158
961
750
569
361
172
-28
-252
-476
-701
-959
-1201
-1465
-1747
-2024
-2317
-2574
-2817
-3057
-3261
-3450
-3576
-3640
-3684
-3653
-3562
-3427
-3256
-3014
-2742
-2436
-2106
-1781
-1444
-1086
-755
-470
-176
72
282
488
663
836
987
1132
1253
1375
1513
1629
1771
1877
1984
2079
2137
2182
2205
2217
2205
2152
2087
2015
1910
1798
1666
1542
1410
1254
1105
941
756
595
426
288
136
-15
-130
-235
-355
-471
-552
-654
-733
-784
-825
-833
-829
-799
-756
-677
-571
-451
-354
-213
-80
64
207
361
507
631
757
862
959
1031
1063
1066
1059
1018
972
890
784
630
465
280
59
-182
-444
-676
-924
-1164
-1395
-1622
-1817
-1986
-2127
-2228
-2307
-2358
-2373
-2382
-2386
-2342
-2276
-2184
-2076
-1952
-1798
-1612
-1423
-1231
-1039
-825
-618
-386
-147
105
339
585
837
1052
1286
1508
1689
1839
1977
2070
2162
2254
2306
2298
2265
2212
2131
2048
1938
1821
1713
1572
1451
1328
1221
1106
980
847
710
598
461
361
238
115
-46
-212
-408
-615
-800
-1008
-1210
-1381
-1579
-1729
-1844
-1944
-1989
-2013
-1979
-1926
-1845
-1726
-1551
-1366
-1165
-938
-678
-410
-140
139
396
647
864
1056
1221
1353
1436
1524
1569
1555
1510
1446
1391
1294
1173
1066
934
785
610
443
281
88
-132
-346
-563
-783
-975
-1190
-1360
-1533
-1682
-1788
-1910
-1979
-2013
-1998
-1910
-1816
-1677
-1488
-1263
-1048
-803
-526
-268
26
280
509
742
942
1139
1320
1458
1573
1679
1750
1789
1822
1840
1838
1808
1758
1712
1669
1593
1538
1499
1415
1327
1228
1094
929
744
530
334
110
-135
-351
-589
-812
-1025
-1205
-1374
-1513
-1648
-1766
-1851
-1945
-2000
-2072
-2101
-2139
-2155
-2128
-2109
-2037
-1962
-1844
-1692
-1543
-1339
-1114
-880
-625
-357
-89
202
505
784
1072
1341
1579
1805
2002
2147
2267
2332
2367
2341
2291
2179
2045
1869
1665
1444
1181
939
667
387
98
-175
-431
-670
-888
-1091
-1264
-1380
-1481
-1550
-1588
-1591
-1543
-1489
-1420
-1322
-1194
-1047
-879
-677
-483
-299
-129
61
243
414
605
771
951
1137
1313
1441
1572
1664
1738
1778
1817
1835
1800
1746
1666
1574
1442
1296
1111
918
690
456
200
-43
-277
-535
-776
-1006
-1208
-1382
-1538
-1690
-1819
-1939
-2015
-2083
-2100
-2086
-2093
-2064
-2005
-1929
-1868
-1779
-1688
-1593
-1487
-1373
-1227
-1108
-970
-788
-620
-424
-214
2
228
448
647
858
1058
1249
1413
1564
1686
1783
1871
1941
1995
2027
2015
1963
1886
1772
1642
1485
1290
1090
892
686
482
283
120
-38
-177
-301
-438
-548
-651
-781
-858
-921
-941
-962
-950
-901
-852
-747
-654
-518
-390
-270
-135
-8
105
220
339
474
601
728
833
930
996
1019
1025
1015
976
895
815
690
567
421
281
119
-41
-193
-342
-456
-592
-719
-837
-958
-1053
-1149
-1217
-1301
-1365
-1401
-1432
-1457
-1503
-1514
-1533
-1530
-1508
-1484
-1401
-1283
-1176
-1025
-869
-726
-550
-383
-227
-66
80
223
341
444
555
637
686
729
775
812
856
893
929
973
1001
1032
1046
1064
1100
1122
1137
1163
1171
1159
1134
1083
1029
945
874
785
701
605
503
416
313
220
137
67
-8
-67
-100
-134
-150
-138
-132
-105
-70
-32
-6
21
55
83
81
69
44
17
-4
-51
-93
-159
-214
-249
-265
-269
-268
-275
-303
-319
-336
-344
-353
-348
-352
-360
-370
-400
-418
-475
-545
-633
-691
-775
-850
-908
-935
-946
-946
-923
-920
-868
-832
-788
-721
-647
-576
-492
-406
-347
-263
-179
-101
-34
22
77
113
155
188
189
195
205
189
176
168
155
143
158
157
187
211
233
283
325
380
453
522
591
647
696
738
746
769
753
737
720
715
753
753
790
824
853
887
908
948
963
958
931
935
895
848
785
686
583
449
344
222
97
-23
-160
-276
-389
-475
-543
-577
-605
-631
-650
-668
-676
-675
-637
-615
-614
-606
-598
-590
-564
-540
-526
-513
-490
-501
-513
-495
-500
-487
-474
-444
-413
-384
-340
-318
-306
-291
-296
-327
-336
-374
-391
-384
-411
-416
-436
-468
-482
-506
-547
-576
-614
-624
-626
-629
-604
-571
-503
-445
-352
-239
-151
-48
44
114
188
233
278
326
368
392
434
474
522
557
596
665
726
824
916
1037
1128
1214
1283
1320
1358
1382
1402
1407
1420
1429
1416
1357
1297
1191
1076
940
796
659
541
422
303
195
88
-29
-140
-211
-320
-399
-470
-541
-599
-635
-684
-745
-828
-894
-935
-983
-1012
-1031
-1022
-1014
-968
-913
-874
-816
-755
-698
-626
-562
-494
-441
-396
-368
-376
-375
-382
-399
-426
-458
-493
-529
-563
-607
-657
-688
-705
-733
-710
-714
-710
-665
-637
-610
-571
-545
-525
-510
-470
-425
-387
-339
-275
-196
-111
-39
53
147
261
377
487
638
745
867
964
1075
1176
1243
1314
1357
1399
1440
1462
1480
1510
1493
1500
1477
1446
1400
1331
1278
1209
1131
1057
1002
952
904
852
783
716
645
549
477
391
287
180
54
-62
-190
-297
-412
-529
-629
-746
-807
-863
-909
-947
-973
-969
-961
-962
-950
-921
-927
-930
-921
-920
-926
-915
-930
-910
-899
-900
-896
-890
-892
-887
-899
-906
-875
-853
-838
-820
-767
-730
-696
-674
-634
-613
-601
-576
-563
-553
-540
-513
-487
-448
-400
-348
-284
-218
-151
-84
-27
53
154
258
395
514
640
777
895
1016
1120
1203
1277
1318
1349
1359
1373
1371
1336
1305
1246
1193
1147
1107
1077
1004
957
904
853
801
743
700
665
604
548
518
466
423
377
348
304
252
209
161
92
48
11
-23
-38
-48
-79
-105
-122
-157
-182
-211
-230
-263
-289
-308
-339
-377
-429
-474
-536
-611
-684
-774
-854
-896
-957
-1011
-1059
-1107
-1153
-1185
-1213
-1232
-1239
-1255
-1282
-1291
-1297
-1292
-1268
-1242
-1180
-1133
-1098
-1020
-941
-853
-787
-699
-608
-515
-418
-318
-209
-85
41
197
316
458
592
700
838
957
1055
1167
1275
1369
1453
1513
1567
1594
1641
1621
1614
1598
1560
1520
1449
1376
1268
1194
1104
1027
939
811
723
613
484
383
281
183
103
15
-49
-99
-152
-201
-222
-248
-267
-282
-315
-332
-360
-370
-394
-408
-405
-402
-396
-395
-390
-377
-386
-410
-432
-435
-451
-480
-474
-475
-475
-494
-498
-525
-558
-595
-664
-738
-796
-853
-919
-949
-1002
-1053
-1104
-1141
-1187
-1215
-1218
-1229
-1204
-1175
-1153
-1101
-1041
-959
-866
-791
-684
-547
-423
-301
-159
-29
115
258
407
567
693
827
966
1092
1207
1313
1408
1480
1556
1629
1656
1687
1681
1663
1645
1626
1597
1559
1531
1485
1426
1358
1270
1180
1085
983
894
773
671
587
467
359
258
167
63
-40
-160
-262
-366
-433
-484
-533
-545
-575
-591
-609
-607
-608
-621
-653
-668
-688
-722
-750
-777
-804
-828
-851
-880
-880
-889
-915
-938
-966
-974
-976
-986
-967
-940
-923
-903
-860
-849
-812
-781
-760
-727
-716
-692
-676
-656
-642
-616
-604
-600
-564
-517
-458
-379
-297
-185
-96
14
120
225
341
484
633
765
907
1025
1148
1262
1341
1400
1459
1501
1513
1514
1514
1505
1521
1497
1476
1432
1371
1330
1267
1202
1108
1020
925
808
733
628
531
461
377
293
211
152
62
-11
-82
-167
-258
-344
-426
-478
-555
-620
-677
-731
-763
-806
-839
-847
-818
-827
-840
-841
-839
-838
-840
-843
-847
-878
-908
-936
-978
-1009
-1025
-1064
-1087
-1087
-1085
-1073
-1070
-1058
-1032
-993
-953
-911
-858
-812
-754
-699
-628
-565
-491
-408
-324
-232
-124
-17
78
154
245
329
412
521
585
660
756
846
909
985
1067
1138
1205
1295
1376
1455
1510
1556
1599
1599
1613
1586
1548
1503
1453
1400
1340
1289
1215
1136
1049
944
823
702
580
458
338
211
94
-14
-112
-204
-293
-368
-424
-488
-538
-575
-605
-632
-647
-669
-691
-729
-757
-762
-772
-784
-792
-787
-803
-819
-855
-880
-906
-937
-945
-968
-970
-970
-966
-943
-917
-877
-846
-832
-808
-813
-822
-827
-839
-834
-828
-837
-817
-795
-781
-766
-755
-741
-714
-678
-618
-549
-453
-351
-226
-85
54
208
350
485
640
767
887
1025
1150
1242
1320
1379
1443
1484
1512
1539
1552
1542
1529
1513
1492
1481
1449
1432
1420
1391
1350
1306
1260
1187
1124
1039
937
832
714
587
450
307
172
51
-70
-184
-280
-363
-474
-539
-603
-666
-703
-766
-791
-812
-830
-834
-848
-834
-820
-803
-794
-781
-748
-741
-740
-729
-738
-729
-717
-717
-696
-686
-702
-725
-723
-764
-780
-803
-825
-841
-862
-856
-865
-844
-847
-834
-812
-805
-793
-762
-735
-700
-675
-637
-590
-547
-506
-440
-371
-307
-211
-119
-15
82
212
349
470
578
681
798
926
1033
1137
1227
1285
1355
1405
1436
1485
1522
1541
1557
1563
1573
1533
1485
1417
1370
1312
1268
1212
1137
1071
972
864
764
669
566
478
384
296
212
125
24
-66
-163
-256
-335
-415
-493
-574
-650
-702
-749
-787
-808
-809
-807
-817
-817
-815
-807
-815
-814
-832
-859
-857
-846
-825
-813
-818
-816
-826
-820
-804
-768
-735
-709
-683
-686
-679
-689
-704
-716
-707
-707
-699
-672
-635
-590
-560
-518
-468
-446
-387
-304
-231
-127
-41
54
136
194
286
366
441
498
571
630
682
734
779
837
869
909
957
1009
1027
1045
1054
1055
1074
1070
1068
1051
1036
1016
976
927
859
804
736
677
606
523
434
367
276
198
132
61
9
-54
-63
-104
-131
-140
-145
-184
-208
-226
-247
-259
-272
-270
-283
-316
-341
-353
-373
-409
-457
-480
-497
-513
-526
-552
-581
-609
-630
-653
-672
-696
-718
-747
-776
-774
-771
-776
-787
-779
-779
-770
-776
-770
-763
-745
-715
-669
-625
-580
-525
-480
-420
-340
-267
-173
-72
24
100
190
283
348
435
507
566
623
653
675
705
727
767
792
813
868
870
882
888
892
903
896
913
896
887
866
821
795
759
733
686
642
582
517
448
364
278
219
136
54
-7
-61
-120
-186
-225
-266
-253
-269
-286
-272
-267
-274
-271
-278
-286
-283
-295
-290
-306
-313
-328
-332
-327
-293
-289
-303
-308
-301
-296
-299
-300
-330
-356
-405
-433
-434
-463
-483
-521
-532
-530
-564
-556
-552
-541
-543
-533
-529
-514
-500
-481
-461
-455
-421
-364
-294
-240
-143
-77
-32
31
72
132
157
207
281
338
404
463
546
606
630
685
722
727
733
737
751
763
757
712
680
657
587
561
519
487
449
409
363
330
290
253
230
194
171
171
159
133
107
65
38
41
28
-3
-4
-4
-9
-51
-109
-152
-177
-230
-276
-291
-320
-354
-372
-390
-389
-373
-376
-368
-363
-364
-354
-361
-365
-371
-385
-406
-425
-421
-441
-471
-488
-469
-477
-485
-476
-483
-476
-458
-436
-406
-366
-339
-315
-253
-235
-204
-162
-115
-85
-62
2
39
72
114
144
177
207
238
271
295
335
374
396
427
447
471
506
521
556
566
579
572
557
560
543
532
525
510
496
492
467
463
449
415
386
361
357
339
332
323
303
298
276
280
266
253
242
201
194
162
126
88
57
-14
-71
-122
-164
-204
-257
-286
-311
-353
-387
-413
-442
-482
-534
-587
-629
-678
-743
-780
-819
-828
-839
-831
-833
-835
-802
-808
-783
-777
-764
-737
-675
-621
-563
-469
-413
-325
-254
-174
-104
-33
13
80
129
200
265
315
356
380
426
433
464
476
469
478
489
495
507
515
525
543
543
535
537
517
526
529
525
510
487
478
442
402
366
341
316
284
254
233
199
199
176
152
126
107
110
107
118
128
168
184
188
189
188
145
109
50
8
-37
-93
-132
-198
-236
-261
-285
-317
-317
-314
-318
-324
-357
-382
-397
-417
-437
-448
-490
-540
-548
-568
-593
-591
-598
-622
-637
-646
-635
-619
-597
-559
-494
-456
-401
-334
-266
-200
-151
-74
-7
67
108
166
211
269
322
363
393
420
440
447
466
501
536
553
565
542
520
509
469
434
407
331
301
272
233
207
186
154
130
126
111
92
91
100
96
79
73
103
140
155
171
174
181
164
157
167
171
173
171
185
177
183
196
191
204
224
226
223
220
234
229
209
177
133
79
2
-59
-118
-173
-225
-269
-288
-332
-380
-409
-436
-469
-497
-528
-547
-584
-610
-635
-630
-616
-638
-636
-623
-633
-604
-599
-589
-577
-536
-490
-461
-393
-331
-288
-231
-201
-169
-111
-74
-17
48
107
180
233
290
347
395
414
433
461
470
471
462
478
490
471
471
442
419
401
365
349
331
331
295
272
252
203
175
144
111
81
67
47
23
24
19
29
37
29
34
39
64
89
98
111
125
115
90
102
100
84
77
68
52
46
23
2
-1
-20
-47
-82
-90
-108
-138
-162
-153
-184
-192
-195
-207
-205
-207
-204
-211
-206
-220
-219
-215
-219
-224
-206
-202
-190
-175
-162
-148
-101
-58
-46
-8
8
3
17
6
6
7
-12
-8
-9
8
11
18
36
51
61
34
48
49
20
29
10
-1
-21
-18
-19
-34
-1
-7
6
21
28
18
26
34
42
23
43
36
18
9
35
44
43
79
113
130
146
147
164
205
202
232
258
270
248
238
226
215
185
190
205
200
188
181
157
118
87
42
23
-21
-46
-73
-108
-135
-161
-187
-208
-223
-232
-275
-303
-341
-359
-378
-386
-380
-386
-366
-357
-337
-304
-269
-252
-245
-248
-253
-243
-217
-192
-168
-142
-113
-73
-47
-42
6
20
49
89
99
118
128
140
147
138
133
121
93
77
83
82
84
107
112
126
139
161
183
182
188
188
176
168
136
140
135
121
129
153
172
168
172
174
187
202
220
237
273
322
329
325
336
334
350
349
334
322
322
287
258
255
239
232
201
172
157
116
86
47
4
-30
-76
-151
-190
-225
-265
-324
-371
-391
-421
-460
-474
-470
-477
-465
-446
-429
-427
-418
-386
-370
-358
-347
-338
-320
-317
-297
-266
-258
-232
-217
-196
-154
-146
-96
-76
-35
11
28
57
78
91
100
134
125
116
94
83
90
82
93
84
83
85
83
106
121
127
127
123
128
105
87
95
85
68
32
19
-1
-33
-7
-12
-11
9
44
65
94
122
175
240
272
301
306
297
287
263
257
251
227
201
165
143
132
99
63
35
13
10
6
6
-5
-19
-51
-69
-83
-76
-93
-81
-69
-85
-96
-119
-151
-189
-194
-212
-229
-229
-237
-226
-218
-199
-181
-176
-156
-146
-110
-90
-71
-51
-32
-7
12
25
50
47
58
36
9
-20
-43
-58
-73
-69
-95
-86
-100
-117
-124
-105
-93
-119
-120
-119
-100
-86
-86
-59
-21
-13
0
4
22
43
30
39
44
58
65
54
36
51
45
57
91
100
128
151
173
229
284
330
373
391
413
439
457
460
454
442
413
397
373
325
293
247
237
233
211
205
169
143
118
88
61
35
8
-11
-44
-74
-107
-123
-154
-190
-209
-251
-278
-308
-348
-352
-387
-412
-435
-437
-469
-463
-453
-462
-443
-432
-401
-370
-338
-322
-289
-270
-249
-220
-209
-203
-211
-211
-237
-238
-249
-263
-262
-255
-251
-213
-189
-169
-134
-121
-106
-93
-54
-40
-11
2
9
33
32
58
83
105
133
179
199
230
260
277
315
337
347
356
360
364
417
454
487
526
556
563
581
591
600
617
604
617
637
644
625
604
572
545
496
451
393
338
282
198
131
62
6
-47
-128
-217
-262
-303
-350
-400
-446
-488
-528
-537
-542
-547
-560
-573
-588
-620
-631
-630
-629
-614
-608
-588
-562
-534
-507
-483
-463
-441
-387
-345
-313
-270
-253
-203
-138
-98
-55
5
48
72
125
151
195
236
245
244
247
242
252
251
232
229
210
202
201
221
231
238
237
250
264
250
262
276
282
287
320
319
323
321
307
277
250
244
244
241
230
235
230
200
203
191
161
146
115
120
118
101
82
78
60
57
49
23
-3
-40
-52
-71
-71
-110
-141
-143
-189
-216
-257
-293
-346
-402
-459
-485
-496
-497
-500
-526
-523
-507
-506
-492
-464
-422
-389
-355
-325
-327
-297
-276
-234
-195
-158
-118
-105
-89
-69
-19
-16
7
33
52
73
81
90
95
108
109
140
157
166
191
203
220
238
248
274
294
304
324
338
348
368
389
391
380
378
362
352
354
363
364
362
364
351
348
335
321
302
273
263
252
241
232
211
186
167
141
105
90
44
14
-20
-27
-59
-84
-82
-121
-126
-147
-153
-161
-188
-233
-264
-279
-298
-297
-309
-306
-313
-321
-332
-343
-344
-347
-352
-357
-341
-329
-327
-333
-333
-335
-377
-391
-403
-433
-418
-433
-438
-419
-395
-372
-324
-294
-261
-226
-192
-124
-76
-37
-4
33
44
62
79
99
121
155
184
218
231
274
294
308
340
394
450
503
527
521
551
562
559
562
565
562
569
562
571
578
578
546
530
492
451
398
363
304
225
199
161
151
110
53
2
-30
-75
-114
-141
-200
-227
-248
-295
-334
-365
-387
-420
-479
-499
-522
-543
-546
-553
-554
-569
-569
-542
-503
-470
-458
-446
-419
-409
-399
-359
-323
-278
-263
-246
-236
-211
-182
-168
-158
-151
-140
-122
-93
-43
-28
-4
20
34
66
96
120
141
181
181
182
208
192
184
174
171
186
206
241
262
288
314
343
355
366
375
390
398
405
420
439
451
467
491
507
543
570
599
586
563
560
523
496
471
399
373
344
279
252
224
192
164
118
75
32
-41
-110
-173
-239
-297
-350
-395
-439
-503
-544
-566
-589
-614
-641
-653
-680
-706
-720
-731
-725
-708
-671
-667
-645
-624
-620
-607
-590
-581
-550
-510
-459
-414
-373
-306
-266
-203
-135
-64
-15
42
91
126
177
224
246
263
271
283
308
323
339
341
353
351
373
388
382
369
375
369
372
373
372
384
358
342
317
296
270
267
261
264
284
297
333
376
397
411
416
429
427
421
407
390
364
323
299
259
228
215
195
172
139
110
90
58
27
6
-36
-84
-100
-125
-188
-228
-274
-313
-359
-402
-449
-482
-540
-584
-614
-636
-640
-647
-646
-679
-683
-670
-663
-630
-610
-586
-566
-551
-518
-496
-475
-457
-416
-393
-373
-343
-283
-235
-165
-119
-84
-6
55
106
165
224
270
310
342
374
406
427
461
468
458
487
480
476
491
493
499
493
490
491
479
482
465
448
432
406
383
345
329
305
287
261
246
234
207
198
182
186
187
189
156
163
161
144
126
99
85
78
79
57
38
16
-3
-30
-45
-70
-89
-118
-139
-152
-179
-172
-184
-204
-221
-265
-311
-328
-351
-392
-418
-449
-454
-477
-483
-505
-515
-518
-537
-539
-527
-513
-508
-486
-487
-467
-427
-410
-375
-349
-326
-302
-279
-239
-209
-155
-114
-74
-43
-20
14
54
110
159
212
244
278
310
357
384
411
443
439
423
419
427
435
447
444
445
460
468
460
466
463
450
444
427
434
453
431
423
399
379
364
326
301
273
232
191
163
125
89
62
43
5
-22
-63
-97
-137
-145
-146
-167
-199
-215
-219
-251
-298
-312
-319
-333
-339
-339
-321
-317
-335
-330
-324
-319
-323
-345
-342
-342
-360
-371
-365
-347
-328
-320
-299
-278
-273
-268
-265
-256
-249
-245
-239
-230
-198
-172
-142
-124
-121
-90
-75
-69
-63
-46
-46
-37
10
47
86
113
140
163
176
213
219
235
254
271
294
307
304
292
300
303
321
357
376
399
405
418
448
439
414
404
391
389
382
370
360
335
302
280
271
260
250
237
204
177
154
123
76
40
-5
-36
-78
-115
-140
-179
-203
-240
-272
-318
-330
-345
-365
-380
-402
-423
-446
-467
-467
-444
-423
-413
-398
-375
-364
-341
-313
-287
-262
-254
-235
-207
-200
-165
-142
-130
-87
-57
-41
-16
10
20
53
74
84
98
88
104
114
123
126
143
153
146
153
149
108
94
79
59
66
47
59
33
2
-19
-20
-20
-22
-14
9
34
43
65
78
82
90
105
97
116
141
150
171
201
215
236
233
252
292
306
318
323
338
338
318
321
292
250
212
169
168
144
145
127
108
104
78
49
19
-22
-80
-133
-194
-227
-250
-276
-292
-307
-324
-338
-357
-378
-387
-414
-432
-450
-453
-448
-445
-429
-398
-353
-348
-314
-287
-265
-235
-205
-173
-139
-90
-57
-17
27
69
91
116
145
179
212
233
261
287
290
305
315
309
319
298
298
284
257
231
210
185
165
147
119
101
88
81
65
69
63
60
74
76
101
108
117
135
141
158
168
167
152
137
131
122
113
106
96
67
49
62
65
66
59
56
72
67
40
14
7
-15
-39
-63
-116
-141
-188
-219
-235
-260
-289
-324
-361
-390
-397
-411
-418
-429
-422
-425
-408
-408
-404
-374
-358
-341
-318
-283
-256
-232
-190
-146
-100
-48
-18
43
72
131
183
202
215
237
252
235
243
247
242
228
231
233
244
235
230
215
198
179
167
162
126
107
74
47
29
18
1
-26
-27
-40
-56
-82
-89
-78
-76
-80
-65
-58
-49
-48
-42
-17
15
27
48
99
121
155
165
175
194
204
193
207
221
224
245
248
261
257
254
248
224
208
178
175
149
143
104
54
32
-14
-54
-88
-114
-136
-175
-203
-228
-244
-256
-284
-285
-279
-280
-263
-262
-266
-238
-225
-240
-225
-199
-182
-155
-150
-140
-132
-140
-125
-109
-97
-86
-60
-30
-3
6
14
14
17
25
36
42
25
29
9
-13
-10
-14
-12
-10
-21
-14
1
15
30
51
88
113
120
127
117
117
124
143
132
136
123
126
116
109
112
118
129
116
119
109
121
119
119
141
154
176
181
194
196
216
199
177
186
141
117
81
57
34
16
-14
-37
-68
-105
-129
-153
-204
-228
-253
-280
-292
-307
-295
-291
-257
-265
-242
-217
-207
-178
-170
-166
-166
-162
-161
-149
-144
-145
-124
-133
-125
-107
-105
-94
-93
-77
-44
-27
-22
-27
-9
10
12
26
22
52
64
76
89
86
111
121
142
152
160
163
168
171
148
155
163
151
148
144
158
161
173
169
170
156
137
142
144
144
144
138
147
147
121
121
96
94
95
73
65
71
60
50
58
64
78
75
73
50
31
23
-19
-39
-49
-56
-61
-75
-88
-113
-125
-132
-147
-146
-138
-154
-141
-146
-138
-137
-170
-162
-154
-142
-124
-121
-113
-103
-98
-84
-91
-76
-81
-77
-72
-98
-87
-82
-54
-48
-24
-8
9
6
6
19
0
-8
1
4
-12
-13
0
-13
-27
-23
-37
-40
-59
-53
-78
-81
-70
-64
-37
-24
-1
4
35
38
37
45
43
49
71
56
52
50
39
47
45
68
79
67
80
93
90
87
70
55
38
25
30
20
21
22
3
-4
10
9
13
20
30
33
49
85
112
115
106
111
110
117
88
77
71
76
54
25
34
32
26
27
23
27
29
26
19
14
4
-8
-3
-10
-2
4
3
2
-4
4
-8
-13
-39
-67
-81
-98
-104
-109
-121
-116
-123
-120
-109
-108
-106
-108
-112
-123
-109
-91
-93
-87
-81
-73
