-14
-22
-28
-34
-38
-35
-41
-37
-37
-39
-32
-33
-33
-32
-33
-39
-33
-33
-34
-28
-29
-27
-31
-27
-24
-26
-16
-13
-10
-8
-10
-4
0
3
7
10
12
16
18
19
22
22
30
28
26
27
23
25
24
19
12
9
8
5
9
11
10
9
6
-1
-10
-8
-14
-21
-23
-23
-21
-23
-19
-19
-18
-17
-14
-10
-10
-5
-7
-5
-4
1
-1
-4
-1
-6
0
1
3
9
9
12
6
6
5
2
9
12
17
14
14
20
18
12
11
18
15
13
11
12
10
12
12
12
13
16
11
2
1
-8
-13
-15
-18
-16
-21
-20
-18
-21
-16
-17
-20
-19
-20
-19
-15
-12
-3
1
7
11
9
14
13
8
14
19
16
16
12
14
15
13
14
17
18
16
11
10
9
6
10
6
5
-4
0
0
1
6
6
4
1
-1
-7
-11
-10
-15
-20
-19
-18
-12
-2
2
-2
-1
-6
-8
-2
-2
-1
-5
-5
-2
-7
1
2
6
9
10
16
10
6
5
2
-2
1
-5
-5
-5
-7
-1
-4
-2
-5
-6
-10
-10
-18
-21
-21
-30
-29
-32
-29
-32
-32
-24
-29
-27
-27
-26
-24
-27
-27
-27
-25
-23
-19
-15
-14
-12
-11
-7
-4
-3
0
2
8
9
13
17
20
22
21
25
26
32
31
38
36
39
37
43
46
39
36
33
28
28
29
28
28
22
22
21
19
15
9
6
8
5
2
0
-7
-10
-8
-7
-4
-4
-3
-3
2
-1
-3
4
2
3
2
-6
-2
0
2
5
6
10
6
5
5
2
7
1
-1
5
2
4
0
4
4
0
-1
-2
2
-2
-1
1
-2
1
6
3
-1
4
6
0
2
-1
-4
-6
-10
-13
-13
-15
-13
-16
-20
-23
-28
-25
-26
-26
-24
-20
-23
-22
-21
-24
-22
-20
-15
-12
-7
-8
-9
-7
-6
1
2
8
11
11
9
13
15
14
13
13
15
13
14
12
12
13
11
6
8
5
9
6
5
1
-5
-2
-5
0
-1
-9
-4
-4
-10
-13
-14
-12
-16
-14
-10
-9
-12
-12
-9
-13
-8
-13
-12
-12
-11
-9
-7
-3
-6
-7
-8
-8
-7
-8
-10
-9
-12
-13
-12
-14
-13
-14
-11
-13
-10
-9
-1
1
2
2
5
11
10
15
16
15
18
20
21
24
23
23
23
20
21
20
19
21
24
22
25
23
18
14
12
14
13
12
10
8
7
2
-3
1
2
2
-3
-1
-1
-4
1
2
-1
5
2
0
4
2
1
1
-1
-2
-5
-6
-5
-4
-3
-1
7
8
11
12
11
7
7
4
1
-5
-11
-11
-12
-12
-12
-16
-16
-19
-20
-19
-15
-12
-11
-14
-18
-19
-22
-23
-20
-17
-15
-11
-9
-4
-8
-4
2
3
7
15
17
21
28
30
29
30
26
23
25
18
19
15
10
7
7
6
5
6
8
4
-1
-1
-3
-9
-13
-15
-17
-21
-22
-25
-30
-30
-37
-42
-36
-38
-42
-39
-43
-39
-41
-36
-33
-33
-29
-25
-14
-12
-8
-6
-6
-3
7
11
16
22
26
30
35
39
41
42
46
48
43
42
40
37
36
41
39
41
40
39
30
27
26
18
15
10
5
0
-5
-10
-14
-15
-13
-13
-14
-12
-11
-13
-12
-11
-14
-12
-12
-12
-10
-10
-6
-4
-10
-6
-6
-10
-11
-10
-11
-14
-12
-17
-15
-10
-6
-1
1
-1
3
6
7
4
1
-1
-3
-2
2
0
2
6
10
14
17
22
22
20
18
17
23
21
20
20
16
17
18
17
18
13
5
3
-2
-4
-2
-5
-4
-8
-11
-10
-16
-11
-9
-10
-7
-10
-12
-9
-13
-12
-11
-12
-9
-14
-15
-15
-17
-19
-22
-19
-22
-23
-19
-22
-20
-18
-23
-22
-20
-16
-19
-21
-17
-16
-15
-13
-13
-13
-13
-12
-11
-8
-10
-10
-7
-6
-5
-7
-6
-7
-5
-3
-2
-5
-6
-5
-5
-8
-7
-1
-3
6
12
17
19
20
27
23
26
28
29
33
34
33
39
39
43
43
41
36
31
33
35
33
31
32
27
22
21
19
17
13
4
2
-4
-10
-12
-12
-10
-13
-18
-21
-25
-27
-23
-22
-22
-22
-22
-24
-25
-23
-28
-28
-28
-29
-32
-24
-20
-23
-18
-20
-19
-23
-24
-21
-19
-19
-21
-19
-18
-14
-9
-6
0
3
5
6
8
9
8
13
12
11
17
24
26
24
25
26
26
27
30
29
29
31
32
27
27
25
24
21
16
16
15
12
12
7
8
12
10
9
6
8
8
7
9
4
0
-5
-13
-13
-17
-21
-27
-28
-29
-32
-37
-33
-32
-32
-28
-26
-23
-23
-20
-20
-15
-18
-18
-16
-18
-15
-10
-2
-3
2
3
-4
-3
-5
-1
2
4
5
6
6
7
9
6
6
11
13
19
19
18
14
12
13
13
21
17
19
22
23
27
33
37
36
34
28
31
30
28
28
25
24
19
16
17
18
15
14
10
2
-4
-6
-10
-10
-6
-11
-7
-10
-10
-12
-19
-23
-25
-27
-28
-33
-37
-36
-37
-35
-35
-37
-35
-37
-33
-31
-30
-26
-24
-21
-16
-14
-14
-10
-6
-8
-8
-6
-5
-7
-2
1
1
7
10
8
13
17
18
19
18
19
22
25
24
24
27
29
32
30
33
30
25
22
17
18
16
18
18
17
15
14
12
9
3
-2
-7
-10
-9
-11
-17
-24
-24
-28
-32
-32
-30
-29
-32
-30
-26
-30
-34
-31
-33
-30
-33
-29
-30
-24
-23
-25
-21
-23
-25
-17
-12
-9
-9
-6
1
-1
2
7
6
2
7
9
7
11
13
10
18
24
24
28
27
19
24
18
19
22
21
23
21
20
22
24
29
28
26
28
23
34
31
30
29
23
21
24
25
25
23
18
7
7
5
0
-1
-5
-15
-17
-16
-18
-16
-25
-23
-32
-35
-33
-32
-26
-32
-28
-25
-25
-22
-23
-18
-19
-21
-20
-20
-24
-24
-17
-16
-13
-16
-8
-3
-6
-5
-8
-9
-2
0
2
5
15
11
11
16
12
14
20
23
17
19
16
19
12
14
17
15
29
30
25
22
26
28
17
15
21
20
16
19
18
25
19
13
18
16
11
5
9
-2
-9
-13
-13
-11
-16
-20
-21
-17
-17
-15
-13
-16
-23
-21
-25
-25
-31
-31
-21
-15
-23
-28
-28
-29
-29
-36
-35
-36
-37
-26
-18
-16
-18
-11
-12
-8
0
1
-10
-3
-2
-1
2
8
18
20
19
8
15
11
5
20
23
22
22
22
27
28
29
29
26
26
29
31
28
28
26
31
35
33
35
33
34
29
32
27
11
17
18
19
20
18
19
20
19
14
9
10
2
3
4
6
16
5
-5
-2
-13
-19
-18
-15
-18
-22
-15
-16
-12
-11
-12
-6
-16
-12
-10
-18
-10
-15
-10
-21
-24
-28
-31
-32
-37
-42
-41
-41
-34
-28
-32
-34
-37
-42
-38
-41
-46
-37
-42
-32
-21
-22
-11
-10
-6
-2
-5
1
6
9
13
22
31
34
35
34
34
38
34
33
33
42
32
30
34
29
21
9
2
-7
-14
-13
-13
-14
-13
-20
-23
-24
-28
-31
-40
-56
-53
-57
-51
-38
-38
-39
-37
-43
-44
-44
-37
-32
-25
-15
-10
-2
8
14
22
16
17
16
18
13
22
30
25
37
33
39
49
60
74
76
64
46
57
55
74
36
-52
-155
-84
57
162
155
111
85
33
-3
-35
10
124
190
139
5
-44
-12
3
-23
-63
-21
28
49
7
-20
-56
-105
-115
-51
34
51
5
-46
-56
-34
5
33
37
39
46
40
49
40
2
-49
-61
-42
-21
-11
-47
-91
-97
-93
-86
-68
-47
-51
-60
-56
-47
-31
-21
-12
-22
-6
-2
4
17
5
11
-9
-16
-6
-1
-9
-11
-17
-22
-18
-28
-23
-1
22
29
46
25
16
11
13
24
20
19
21
32
40
27
-3
-15
-27
-29
-32
-17
-6
-12
-20
-33
-24
8
23
13
-2
-17
-4
-5
4
2
-22
-7
-1
-2
-9
-8
-21
-26
-14
-9
2
26
46
34
24
28
45
58
53
39
21
23
21
24
51
69
55
44
42
50
60
71
56
41
51
50
38
18
-4
-11
-26
-28
-16
12
15
-3
-25
-44
-38
-38
-32
-43
-18
-24
-10
-19
-32
-38
-56
-58
-59
-41
-31
-39
-59
-76
-92
-78
-47
-33
-25
-2
11
18
29
38
66
59
70
70
80
100
83
80
101
102
103
115
107
107
96
93
76
71
59
45
73
89
63
53
42
36
18
18
-22
-64
-55
-35
-58
-60
-44
-22
6
27
-31
-157
-278
-414
-530
-591
-633
-670
-689
-659
-612
-548
-457
-349
-234
-84
23
63
137
241
290
292
278
287
300
299
304
274
254
254
216
191
176
156
143
130
127
137
178
254
304
353
461
561
615
647
670
698
684
621
529
434
331
260
201
103
26
-54
-121
-190
-211
-258
-300
-307
-318
-299
-285
-253
-272
-281
-289
-271
-265
-229
-214
-226
-236
-262
-338
-424
-468
-560
-599
-531
-444
-452
-534
-656
-874
-1028
-1191
-1394
-1454
-1276
-1027
-821
-581
-405
-329
-235
-78
136
435
796
1026
1108
1038
935
881
881
975
1007
1049
1029
960
941
790
578
464
432
509
619
724
819
815
860
979
1163
1356
1435
1483
1513
1463
1394
1229
955
716
482
273
0
-271
-438
-664
-838
-914
-903
-896
-944
-867
-832
-774
-686
-622
-523
-437
-492
-593
-662
-767
-895
-1115
-1258
-1303
-1387
-1438
-1494
-1560
-1634
-1672
-1689
-1574
-1414
-1065
-780
-518
-340
-340
-381
-534
-644
-790
-876
-955
-843
-590
-392
-222
-196
-102
-46
70
361
813
1335
1516
1642
1619
1612
1632
1642
1685
1833
1977
1913
1825
1725
1645
1453
1326
1261
1234
1373
1428
1507
1490
1342
1188
1189
1295
1509
1496
1362
1150
1011
890
583
228
-208
-410
-779
-945
-1082
-1153
-1155
-1178
-1300
-1569
-1556
-1450
-1516
-1548
-1499
-1503
-1546
-1416
-1350
-1417
-1419
-1465
-1483
-1427
-1093
-762
-738
-1101
-1547
-1634
-1158
-1237
-2264
-4088
-4892
-3679
-1220
641
1064
917
637
417
-270
-624
433
2519
4060
3560
2124
1420
1988
2438
1724
704
703
2202
3326
2956
1465
173
-289
-487
-621
-413
439
1159
1077
392
-73
485
1205
1367
939
1201
2187
2590
2054
1388
1073
834
728
422
-330
-986
-980
-1205
-1570
-1193
-862
-1282
-1587
-1482
-1351
-1159
-559
-153
150
539
474
77
-100
83
-212
-551
-297
-71
-199
-459
-839
-1281
-1204
-1086
-1302
-1344
-1054
-816
-777
-652
-550
-627
-681
-967
-1130
-822
-170
63
-176
-831
-1411
-1712
-962
-1135
-3234
-5780
-5548
-2257
793
1382
-44
-487
579
1128
-290
-1195
1336
4772
5239
2278
96
1302
3414
2976
15
-1083
1024
3663
3404
1173
-310
-449
-218
-808
-1071
31
1684
2074
978
251
890
2080
2245
1398
951
1877
3118
2902
1530
473
336
772
661
229
-367
-515
-568
-1125
-1539
-1548
-1171
-1286
-1636
-1796
-1545
-956
-559
-181
62
588
865
923
730
427
357
478
963
1103
748
131
-278
-419
-513
-847
-1291
-1330
-1154
-1206
-1482
-1628
-1324
-1018
-1217
-1513
-1344
-872
-379
89
488
550
444
210
-217
-1153
-2112
-4228
-7156
-8861
-6606
-1889
1287
1104
-1107
-1922
-1234
-768
-1640
-908
3182
6918
6329
2242
271
2003
4035
2505
-803
-605
3294
6146
4301
323
-1717
-1415
-971
-1568
-1392
418
2268
1940
393
312
2055
3622
3672
3330
4201
5651
6238
4580
2813
1395
-637
-2155
-1797
-416
-649
-211
-431
-1609
-2488
-2647
-3337
-3507
-981
147
-748
-762
111
504
61
185
-827
-538
650
908
436
632
675
-1196
-2441
-2628
-2415
-2131
-2163
-2908
-3563
-2591
-1614
-1452
-1605
-1453
-1182
-995
-657
-748
-857
-365
-15
110
382
664
157
-708
-1344
-2082
-2683
-3922
-5963
-7623
-6304
-2562
570
1364
477
-118
247
708
400
897
3801
6717
6437
3506
1909
2884
4486
3670
1197
676
3183
5453
4586
1919
44
-299
-373
-638
-362
919
2045
1542
229
33
1299
2756
3525
3818
4144
4648
4803
4164
2767
1450
828
-1613
-4220
-4813
-2897
-2503
-2451
-2409
-3520
-4495
-4637
-4555
-4618
-2116
35
-693
-1086
-313
487
-161
-211
-685
-773
841
1498
1082
414
357
-1353
-2830
-2459
-1629
-1181
-1586
-2292
-2902
-1823
-319
-93
-184
4
312
311
643
1101
1093
1016
703
657
1102
1613
1199
132
-550
-1009
-1562
-2047
-2639
-4058
-6271
-6760
-4053
134
2581
1986
535
336
1420
1317
478
1532
4424
6193
4607
2000
1506
3181
3592
1284
-715
349
3485
4512
2464
-206
-1152
-915
-1131
-1651
-1444
-390
215
-247
-316
839
2297
2578
2253
2364
3363
4151
3927
2488
1318
242
-2169
-4133
-3890
-2426
-2770
-2540
-2410
-2746
-3104
-3202
-3711
-3431
-622
593
-92
35
1065
1541
917
896
175
709
1672
1359
688
714
575
-1274
-2012
-1566
-1231
-1525
-2206
-2476
-2048
-325
401
190
310
760
846
501
734
1176
1389
1102
358
74
520
799
88
-1118
-1759
-2071
-2292
-2728
-2953
-3639
-5317
-6618
-5912
-2250
1587
2929
1706
306
426
687
648
734
2423
4870
5318
3350
1451
1616
2235
1638
322
405
2416
4124
3597
1542
48
-496
-1163
-1731
-1053
746
1616
853
-254
-171
1107
2243
2465
2619
3190
4163
4167
3598
2302
1664
596
-2017
-3766
-3374
-1617
-1625
-1076
-1671
-2890
-3413
-3338
-3342
-2699
19
719
-419
-751
-603
-204
10
903
320
634
1320
1408
1376
1380
986
-1085
-1842
-1407
-775
-1115
-2170
-2753
-2547
-1000
-239
-653
-939
-602
-461
-497
-37
613
818
1074
589
36
-230
61
101
-180
-213
-943
-1549
-2308
-3060
-4170
-5430
-6285
-5793
-3178
-458
669
164
-566
-522
-161
-66
221
1934
4617
5572
4211
2414
2623
3792
3999
2817
1742
2529
3934
4061
2414
673
-338
-1151
-1567
-1404
-388
440
323
-120
175
1568
2983
3525
3231
3164
3944
4461
4132
3256
2193
1026
-92
-581
-1202
-1881
-2857
-3850
-4222
-3942
-3212
-3146
-3267
-3419
-3302
-2638
-1892
-1081
-621
-215
-102
68
483
1013
1550
1457
1090
549
339
168
-342
-990
-1576
-1945
-2317
-2344
-2354
-2021
-1451
-1024
-803
-828
-455
72
386
388
425
722
845
817
711
652
846
689
179
-511
-930
-1362
-1759
-2201
-3753
-6009
-6729
-3930
-25
2011
1176
-279
-378
380
460
264
1937
5062
6454
4705
2420
2699
4241
4322
2076
480
1453
3191
3340
1693
408
-329
-1262
-2220
-1876
22
1558
1349
-113
-209
1548
3493
3801
3018
2547
2878
3229
3169
2445
1842
-79
-2741
-4178
-3345
-2506
-2786
-2669
-3204
-3504
-3779
-4043
-4479
-3686
-1774
-1662
-1898
-1510
-607
-173
14
363
276
1150
1784
1787
1473
1506
1072
143
-111
-308
-935
-1662
-1950
-1970
-1814
-1203
-848
-510
6
455
715
867
1101
920
725
1008
1275
1278
981
732
474
306
94
-406
-841
-1258
-1757
-2778
-4396
-6165
-7072
-5285
-1957
229
159
-835
-1181
-841
-297
20
1278
3914
5619
4807
2869
2578
3628
3836
2467
1009
1490
3105
3604
2174
401
-332
-844
-1300
-1153
131
1183
1151
444
516
1852
3316
3516
2562
2245
2907
3776
3694
3108
2307
1282
235
-620
-1279
-1996
-2336
-3008
-3706
-4013
-3894
-3920
-4131
-4040
-3871
-3253
-2412
-1598
-926
-265
488
1048
1438
1858
2227
2360
2169
1978
1785
1493
826
-108
-1130
-1839
-2200
-2540
-2930
-3002
-2449
-1635
-1050
-1036
-1120
-1033
-521
215
1030
1541
1769
1628
1008
318
53
273
377
445
199
-452
-1430
-2421
-3243
-4483
-5872
-6964
-6013
-2926
130
802
-287
-949
-373
540
880
1472
3238
5537
6165
4527
2972
3148
3543
2496
1083
1396
3499
4914
4090
2046
820
352
-511
-1115
-486
832
1141
284
-303
317
1542
1681
1436
1718
3186
4685
4999
4145
2787
1328
-1418
-3189
-3182
-2000
-2139
-2552
-3117
-4155
-4363
-4697
-5315
-5358
-3445
-1931
-1992
-1612
-1073
-450
-349
100
483
1535
2692
2502
1905
1694
1545
457
-792
-1349
-1703
-2083
-2695
-3372
-3553
-2933
-1922
-1507
-1132
-557
61
945
1802
2648
2782
2660
1948
1257
1204
1419
1768
1524
1107
222
-1026
-2318
-3416
-3654
-4184
-5447
-6881
-5997
-2826
-51
449
-611
-920
-41
1031
1361
1849
3882
5787
5842
3964
2702
3178
4019
3555
2072
1805
2982
3974
3208
1578
281
-625
-1277
-1347
-467
655
901
-27
-467
176
1357
1819
2168
2984
4003
4488
4120
3206
2096
771
-672
-1385
-1256
-1432
-2375
-3617
-4683
-5325
-5511
-5411
-5078
-4565
-4088
-3785
-3103
-1796
-441
274
192
304
1312
2841
3413
2959
2209
2019
2007
1624
771
-233
-833
-1628
-2313
-2911
-2923
-2430
-1998
-1782
-1415
-406
628
1290
1405
1416
1677
1943
1833
1444
1161
968
662
396
228
42
-439
-1185
-1783
-1977
-1486
-1595
-2409
-4177
-5944
-6842
-5729
-2989
-561
465
238
47
-35
-159
290
1830
4538
6345
5905
3967
2798
2860
2839
2161
1557
2094
3074
3300
2149
711
-37
-427
-679
-526
220
701
456
-43
214
1167
2025
2104
1855
2668
3628
3385
2136
1090
284
-531
-993
-1220
-1309
-1649
-3141
-4946
-5179
-3951
-3007
-2914
-2772
-2389
-1854
-1371
-946
-579
43
782
1192
1791
2426
2562
2055
1673
1327
778
148
-538
-910
-1191
-1508
-2149
-2191
-1577
-1075
-992
-999
-417
347
1203
1263
845
356
1
-425
-800
-813
-533
-196
189
570
526
12
-721
-1276
-1751
-2138
-2712
-3730
-5219
-6366
-5935
-3569
-920
-130
-646
-805
-58
853
1376
2343
4153
5867
5647
4013
3230
3881
4449
3518
2319
2464
3697
4402
3335
1835
952
606
170
82
627
1040
579
-504
-663
507
1792
2109
1819
1981
2259
2144
1840
1367
883
167
-571
-1055
-1111
-1383
-2719
-4386
-4945
-4435
-3998
-3891
-3977
-3966
-3763
-3550
-3109
-2348
-1418
-967
-841
-216
875
1401
1266
1136
1348
1519
1689
1615
1414
1206
314
-825
-1890
-2182
-2018
-1793
-1638
-1318
-844
-372
-234
-420
-523
-507
-248
131
707
1135
1584
1811
1596
1113
628
356
221
478
244
-127
-465
-1099
-2378
-4920
-7122
-7447
-4740
-1109
986
967
328
351
331
271
1069
3267
5986
6872
5479
3574
3600
4460
4246
2937
2461
3694
4990
4790
3088
1415
-115
-1404
-1854
-1149
-62
246
-495
-1151
-671
363
603
343
959
1990
2684
2360
1851
1121
225
-878
-2088
-2527
-2577
-3191
-4458
-5167
-4793
-4459
-4713
-5196
-4867
-4031
-3150
-2581
-2105
-1081
130
1069
1409
1669
1941
2127
2233
2218
2184
1821
923
-184
-1315
-2012
-2152
-1921
-1583
-1355
-1134
-898
-457
119
693
1075
1125
1337
1422
1689
1756
1618
1423
1232
1130
740
674
573
534
-35
-949
-1967
-2839
-3480
-4598
-5810
-6267
-4699
-1949
169
505
-171
-276
187
873
1216
2364
4407
5984
5835
4162
3248
3579
4306
3863
3355
3596
4335
4258
2939
1235
-58
-666
-1189
-1197
-813
-399
-729
-1229
-906
18
690
601
597
1152
1931
2265
2145
1317
265
-783
-1510
-1853
-2278
-2821
-3737
-4274
-4331
-4417
-4869
-5255
-5045
-4487
-3764
-3063
-2433
-1635
-897
-351
79
907
1720
2185
2543
2702
2799
2598
2299
1662
782
17
-571
-842
-966
-1106
-1314
-1466
-1261
-764
-91
420
682
752
868
1125
1506
1864
1899
1774
1499
1235
901
528
36
-227
-286
-142
-325
-732
-1383
-1926
-2155
-1963
-2745
-4258
-5270
-3596
-929
746
631
162
502
1176
1317
1074
2522
5359
6347
4593
2487
3019
4587
5094
3671
2354
2628
3170
2268
421
-439
-628
-1478
-2348
-2008
-504
-40
-1080
-2366
-2385
-1209
-493
-246
-3
800
1065
552
-218
-765
-1238
-2281
-2642
-2184
-1742
-2406
-3839
-4506
-4510
-3825
-3668
-3515
-2947
-2222
-1641
-1298
-259
912
1572
1438
1411
2205
3143
3527
2920
2212
1830
1577
958
80
-522
-404
-31
222
205
56
-169
-31
308
855
1626
2241
2376
1946
1528
1115
897
628
408
159
-17
-19
-127
-312
-829
-1519
-2415
-3004
-3195
-3727
-4918
-6032
-5475
-3477
-1409
-688
-543
-256
245
358
297
1327
3483
5264
5082
3791
3469
4279
4946
4133
2962
2737
3320
3268
2118
693
-382
-1115
-1623
-1610
-1032
-575
-868
-1670
-2008
-1328
-657
-287
127
978
1825
1897
1413
583
110
-250
-584
-991
-1212
-1471
-2416
-3425
-4080
-4249
-4364
-4283
-3809
-3201
-2432
-1950
-1482
-940
-220
248
810
1797
2693
3146
3042
2933
2916
2912
2819
2380
1645
941
621
672
676
277
-394
-777
-753
-457
-28
372
614
574
419
183
93
166
514
720
487
137
-253
-424
-593
-699
-883
-755
-735
-1072
-1638
-2242
-2433
-2300
-2286
-3780
-5817
-6051
-3550
-578
562
47
-421
90
514
337
566
2756
5472
5705
3714
2499
3559
4485
3739
1958
1577
2528
3219
2323
881
92
-716
-1778
-2215
-1181
-222
-585
-1777
-2486
-1561
-197
792
682
828
1378
1375
1261
895
546
-412
-1180
-1248
-1223
-1069
-1653
-2387
-2729
-2384
-2303
-2541
-2155
-1642
-1331
-1287
-632
535
1617
2083
2018
2069
2392
2663
2689
2637
2686
2437
1875
1200
401
-369
-904
-1012
-923
-917
-1176
-1419
-1138
-568
36
327
469
321
-4
-581
-1044
-1055
-794
-843
-1257
-1286
-831
-507
-800
-1835
-2721
-3213
-3246
-3649
-4195
-4841
-5442
-5088
-3614
-1363
-137
-85
-453
-293
538
1390
2286
3380
4787
5585
5173
4537
4357
4728
4539
3900
3400
3674
4045
3425
1935
502
-311
-699
-892
-960
-974
-1220
-1573
-1738
-1293
-187
650
955
1104
1387
1749
2188
2217
1634
852
184
-215
-559
-1014
-1822
-2740
-3383
-3609
-3666
-3866
-3878
-3642
-3222
-2702
-1704
-725
102
675
1069
1724
2385
2836
3154
3454
3353
2843
2207
1583
1033
513
-89
-616
-984
-1314
-1704
-1972
-1963
-1519
-916
-560
-630
-1175
-1457
-1504
-1267
-920
-645
-538
-618
-630
-840
-765
-734
-863
-965
-794
-565
-648
-1006
-1491
-1815
-1798
-1593
-1169
-1710
-3307
-5063
-4536
-1843
723
1713
1386
1278
1400
1532
1650
2728
5035
6479
5910
4080
3673
4638
4955
3802
2296
2205
2734
2450
961
-513
-1253
-1783
-2611
-2654
-1357
2
-154
-1414
-2018
-1232
301
949
965
1151
1421
1097
304
-245
-783
-1116
-1339
-1644
-1888
-2068
-2302
-2637
-2537
-2089
-1846
-1555
-930
-104
521
842
864
854
1226
1855
2364
2535
2357
1730
987
659
581
306
-152
-679
-982
-1170
-1289
-1338
-1312
-1367
-1305
-1008
-444
134
244
94
-149
-366
-775
-1117
-1111
-1038
-1059
-1394
-1177
-790
-665
-1134
-1768
-1859
-1805
-2088
-2532
-3065
-3266
-3825
-4295
-4350
-2972
-893
659
1114
1012
1331
1818
2429
3107
4226
5682
6160
5427
4304
4029
4319
4112
3450
2978
3123
2919
1777
413
-431
-683
-1250
-1688
-1550
-768
-416
-818
-1181
-922
-12
588
788
977
1264
1359
1092
616
342
-21
-551
-1076
-1193
-1037
-1381
-2033
-2740
-3137
-3188
-3059
-2863
-2657
-2113
-1717
-1377
-1024
-457
220
693
1200
1653
2140
2351
2226
1606
839
452
405
803
916
448
-463
-1405
-1940
-2087
-1602
-1032
-770
-1051
-1603
-1910
-1957
-1749
-1285
-975
-774
-671
-481
-152
47
142
190
297
90
-235
-373
-298
-42
-168
-467
-670
-327
-24
-348
-787
-1446
-2106
-2681
-1989
-105
1841
2672
2417
2147
2106
2403
2685
3396
4863
5877
5330
3634
2494
2438
2428
2029
1006
631
913
1005
450
-371
-872
-1356
-1877
-2017
-1357
-735
-874
-1783
-2588
-2567
-1849
-1186
-822
-549
-182
-135
-505
-776
-862
-881
-872
-701
-956
-1704
-2133
-1859
-1005
-392
-395
-558
-359
100
270
325
540
1230
1792
1753
1328
948
915
720
536
476
490
384
-255
-984
-1349
-1172
-960
-1061
-1073
-571
-34
213
255
302
408
363
166
-10
-18
-9
-190
-452
-620
-869
-1070
-1029
-897
-1012
-1197
-1089
-744
-625
-725
-835
-910
-1074
-1357
-1579
-1853
-1863
-1352
-228
1055
1682
1652
1563
1724
1937
2121
2780
3691
4247
3599
2051
950
1089
1792
1927
1657
1485
1630
1418
657
-176
-595
-833
-1137
-1324
-1322
-1370
-1695
-2136
-2238
-1858
-1323
-978
-697
-310
303
778
963
1071
1037
851
268
-67
-159
-252
-575
-1084
-1318
-1182
-707
-612
-723
-639
-239
182
330
585
875
1047
934
805
914
1358
1652
1408
818
181
-335
-881
-1292
-1266
-845
-388
-533
-1163
-1710
-1784
-1546
-1171
-937
-766
-625
-782
-1052
-1218
-879
-425
-176
-327
-553
-531
-418
-199
127
327
187
-90
-199
-3
351
603
869
931
905
518
256
370
283
-370
-1423
-1245
285
1972
2489
2003
1674
1361
1042
550
860
2169
3141
2720
1244
449
696
1153
1037
525
578
811
598
-314
-948
-885
-1089
-1618
-1837
-1460
-1005
-1461
-2320
-2411
-1361
-569
-441
-293
-149
-129
-575
-1021
-943
-285
462
497
330
364
433
293
272
355
414
664
731
809
995
912
534
195
234
502
370
-212
-653
-839
-716
-626
-817
-953
-984
-875
-613
-269
57
186
199
281
372
455
372
355
333
186
-23
-261
-527
-931
-1330
-1486
-1325
-1193
-966
-721
-359
-373
-257
-4
493
877
708
399
-2
9
-321
-1007
-2018
-2629
-1365
449
2067
2054
1357
507
-37
-177
-106
804
2020
2715
2170
1084
689
951
1477
1470
1492
1701
1899
1621
701
-329
-841
-1080
-1228
-1371
-1200
-1071
-1329
-1707
-1938
-1663
-1056
-401
98
260
477
630
514
369
479
806
1134
1677
1781
1326
652
90
-83
88
563
613
223
-273
-496
-436
-241
-230
-498
-742
-662
-501
-479
-567
-467
-183
218
439
242
-17
-328
-599
-597
-462
-349
-388
-418
-601
-932
-1276
-1272
-1254
-1418
-1555
-1502
-1153
-1010
-1082
-1256
-1072
-468
294
1041
1526
1684
1478
1120
912
1006
1267
1407
1066
336
-285
-682
-943
-1281
-1857
-2264
-1821
-747
375
767
347
-90
-65
509
1089
1733
2337
2687
2342
1513
1036
1236
1502
977
189
120
603
790
198
-624
-1054
-1138
-1085
-911
-623
-437
-586
-896
-1024
-1128
-1081
-857
-329
96
699
1082
1110
947
523
403
522
1109
1424
1154
756
473
609
721
703
241
6
-90
-141
-198
-400
-453
-672
-739
-713
-684
-606
-834
-1072
-1160
-899
-379
-87
-68
-160
-307
-328
-89
174
110
-169
-344
-391
-594
-843
-1124
-1354
-1343
-1155
-885
-608
-487
-528
-450
-206
315
752
1157
1311
1190
852
758
1072
1511
1660
1125
548
175
136
-242
-987
-1854
-2602
-2314
-1519
-388
257
250
-104
-414
-213
127
743
1319
1692
1743
1249
838
683
1044
1259
1237
1191
1175
1153
601
-62
-487
-629
-811
-1096
-1413
-1537
-1827
-2059
-2156
-1818
-1474
-1209
-807
-72
806
1473
1874
1793
1918
2249
2490
2588
2443
2066
1160
544
230
257
194
-152
-736
-1396
-1398
-1134
-870
-784
-795
-775
-716
-532
-419
-124
58
35
-61
-17
69
-42
-166
-231
-65
-122
-310
-681
-1040
-1327
-1393
-1067
-749
-592
-721
-781
-684
-273
169
407
654
962
1411
1609
1555
1343
1247
1092
915
694
444
206
-36
-237
-342
-523
-761
-884
-912
-919
-1061
-1389
-1789
-2124
-2077
-1769
-1181
-856
-774
-836
-858
-698
-401
305
1082
1592
1595
1314
1081
1222
1720
2056
1943
1667
1351
991
615
64
-457
-1046
-1409
-1369
-1102
-827
-945
-1016
-1252
-1054
-159
1078
1926
2101
2291
2178
2045
1846
1661
1597
1732
1881
1189
249
-355
-591
-782
-943
-1054
-1378
-1383
-1326
-1258
-1210
-1006
-789
-731
-554
-265
-50
62
188
88
0
-9
16
42
165
282
257
235
101
-115
-397
-486
-325
-65
139
85
-56
-172
-269
-499
-505
-137
436
785
733
487
300
389
384
275
127
204
242
134
-44
-422
-546
-774
-1019
-1206
-1265
-1368
-1672
-2059
-2653
-3028
-3007
-2305
-1346
-627
-344
-396
-268
44
549
1152
1849
2403
2443
2087
1629
1458
1339
1234
959
894
935
727
357
-143
-432
-509
-403
-43
381
676
604
360
-58
-129
284
1180
1804
2063
1910
1293
844
575
675
844
1088
967
327
-233
-595
-619
-572
-383
-334
-459
-448
-511
-595
-665
-595
-478
-461
-381
-408
-459
-481
-422
-244
-1
226
65
-156
-79
75
43
-98
-243
-216
-182
-154
-237
-395
-371
-189
61
235
245
-26
-304
-518
-693
-519
-194
-93
-440
-859
-1014
-917
-621
-605
-880
-1235
-1425
-1422
-1439
-1434
-1519
-1596
-1694
-1644
-1486
-1368
-1476
-1729
-1606
-800
315
1069
1123
891
755
963
1170
1541
2179
2696
2533
1916
1418
1493
1729
1865
1721
1627
1875
2071
1902
1540
1218
1002
806
679
698
580
226
-518
-1007
-918
-307
173
182
322
395
458
449
545
559
576
773
648
470
360
157
-296
-772
-792
-961
-995
-1108
-1266
-1434
-1379
-1038
-857
-637
-576
-758
-861
-766
-472
-269
-58
10
-86
-217
-289
-244
-113
-95
-105
-139
-202
-301
-495
-685
-743
-504
-360
-370
-585
-719
-645
-474
-432
-395
-234
-196
-205
-203
-133
-115
-130
-313
-377
-396
-289
-132
-141
-212
-221
-212
-241
-226
-297
-513
-887
-1346
-1590
-1364
-662
-205
-16
-102
3
223
464
883
1439
2219
2534
2441
2269
2458
2872
2927
2798
2604
2546
2332
1773
949
353
2
-240
-607
-874
-1051
-1343
-1554
-1589
-1169
-550
53
297
581
990
1212
1215
1143
1299
1155
913
536
147
-30
-419
-775
-1227
-1462
-1660
-1822
-1920
-2010
-1980
-1788
-1455
-1170
-848
-702
-525
-377
-284
-241
-185
-51
69
170
232
351
265
152
33
76
116
207
199
119
59
-29
-98
-275
-353
-333
-286
-386
-393
-405
-517
-733
-922
-817
-618
-305
-133
75
203
198
64
27
202
423
473
320
154
-3
-122
-409
-785
-1042
-1307
-1398
-1401
-1097
-654
-312
-154
-95
315
882
1492
2027
2320
2453
2378
2488
2617
2560
2508
2245
1939
1506
1063
610
64
-305
-472
-609
-727
-869
-1041
-1167
-1134
-812
-430
-2
305
362
417
631
867
1011
959
859
680
459
193
-68
-149
-224
-463
-807
-992
-1124
-1392
-1714
-1923
-1805
-1544
-1265
-1137
-1110
-1052
-995
-747
-367
14
181
295
429
551
646
639
589
443
333
379
375
269
-8
-323
-600
-790
-898
-921
-879
-964
-933
-934
-724
-474
-177
29
133
304
433
566
657
779
741
632
379
-110
-664
-1074
-1175
-1235
-1321
-1314
-1094
-762
-645
-719
-561
7
735
1477
1881
2199
2450
2645
2670
2679
2849
3041
2971
2541
1970
1453
897
262
-268
-549
-711
-999
-1521
-1836
-1796
-1490
-1086
-691
-221
104
322
373
398
459
520
686
738
573
232
-113
-435
-732
-1036
-1370
-1650
-1729
-1674
-1758
-1825
-1725
-1393
-1007
-846
-813
-654
-491
-337
-81
231
534
567
324
20
-177
-220
-79
29
164
324
445
612
743
765
634
404
347
436
502
290
-61
-357
-606
-736
-842
-818
-654
-425
-169
53
276
493
750
939
1026
1180
1080
898
708
678
690
594
406
53
-318
-785
-1032
-1135
-1118
-1085
-1054
-911
-740
-431
-163
122
348
623
918
1212
1582
1750
1753
1652
1589
1450
1331
1103
854
599
199
-109
-364
-410
-404
-458
-506
-509
-541
-702
-596
-437
-317
-265
-189
-94
-120
-294
-488
-538
-540
-508
-489
-429
-394
-425
-436
-272
-239
-209
-260
-397
-530
-586
-570
-516
-493
-586
-791
-911
-998
-996
-794
-546
-326
-237
-120
44
347
623
813
948
951
1026
1081
965
643
270
36
-83
-196
-345
-431
-432
-497
-546
-533
-424
-192
134
364
400
342
365
458
395
113
-168
-389
-507
-615
-541
-302
-71
60
-67
-59
211
646
977
1182
1478
1666
1695
1461
1299
1324
1305
1063
628
431
429
358
104
-226
-340
-363
-434
-564
-590
-471
-283
-268
-211
-113
137
303
250
166
166
294
360
363
169
-64
-397
-733
-1070
-1451
-1615
-1706
-1663
-1558
-1542
-1568
-1567
-1498
-1302
-999
-689
-369
-16
248
288
193
146
381
663
749
684
484
276
191
172
230
314
308
172
99
95
168
90
57
184
356
544
485
357
291
319
352
574
764
869
742
481
344
234
236
185
222
140
77
-160
-395
-457
-329
-197
-290
-390
-451
-444
-324
-302
-83
163
460
595
612
609
558
511
410
361
282
226
275
128
-184
-624
-842
-846
-697
-586
-651
-689
-643
-509
-346
-179
-14
223
354
423
535
677
745
653
538
389
426
405
214
61
-102
-231
-379
-608
-787
-774
-672
-576
-497
-354
-256
-178
-16
146
360
534
607
651
711
688
657
633
490
361
152
-2
-173
-349
-429
-450
-462
-509
-490
-442
-357
-297
-342
-380
-422
-444
-476
-330
-134
96
230
153
42
-39
-29
52
66
19
-113
-320
-486
-637
-680
-772
-806
-799
-778
-719
-610
-442
-221
68
299
401
535
715
931
1084
1099
1055
967
942
753
629
552
436
317
148
105
24
-41
-126
-159
-217
-236
-134
9
215
371
469
555
641
673
760
840
880
859
730
612
484
420
296
113
-85
-281
-362
-378
-463
-571
-612
-616
-626
-690
-730
-636
-414
-231
-122
-131
-137
-185
-124
-60
-60
-51
-66
-49
-132
-217
-328
-389
-455
-671
-774
-823
-811
-848
-850
-876
-860
-835
-791
-665
-512
-222
-55
104
145
200
211
209
239
258
337
281
204
68
-51
-120
-124
-98
-102
-37
1
61
-18
-89
-60
90
406
671
817
835
909
994
942
806
747
875
914
906
781
620
522
318
88
-15
65
206
218
175
65
113
172
262
306
341
340
270
264
249
283
261
260
203
172
42
-136
-256
-318
-333
-347
-349
-384
-468
-577
-675
-605
-541
-496
-458
-484
-548
-569
-485
-400
-322
-290
-235
-104
-39
-78
-93
-68
-55
-104
-186
-284
-387
-439
-482
-465
-412
-343
-313
-330
-377
-361
-247
-90
6
67
68
16
-22
1
86
141
129
91
42
39
-22
-48
-46
-44
-61
-68
-101
-184
-228
-310
-321
-247
-152
36
172
189
149
281
476
682
852
905
887
799
720
626
618
557
431
259
208
241
253
203
152
67
-13
62
218
345
379
302
274
246
293
378
465
603
602
429
178
65
118
156
163
1
-206
-424
-607
-751
-805
-777
-761
-745
-744
-663
-547
-417
-304
-204
-23
119
220
253
204
175
170
112
64
1
-58
-165
-361
-560
-648
-657
-652
-677
-733
-743
-729
-668
-548
-409
-280
-227
-245
-160
-54
38
64
-53
-58
-28
-7
-11
-84
-233
-343
-458
-429
-315
-175
92
170
234
189
294
467
605
737
810
873
820
759
740
780
776
772
734
704
684
672
680
650
622
588
510
471
482
495
428
335
222
93
39
31
60
-3
-121
-141
-134
-77
-92
-200
-354
-417
-423
-437
-490
-493
-479
-495
-575
-621
-563
-490
-550
-655
-734
-721
-653
-574
-500
-462
-400
-287
-107
10
86
113
181
286
380
488
474
394
195
-14
-148
-217
-245
-290
-320
-375
-407
-327
-219
-147
-64
-68
38
188
302
466
512
487
535
514
488
389
215
115
-34
-156
-255
-341
-374
-390
-465
-426
-307
-236
-174
-181
-82
19
131
220
205
268
273
311
336
389
489
432
343
137
75
74
25
-72
-153
-157
-127
-150
-169
-92
-47
2
111
282
442
439
374
279
213
162
178
148
75
0
-74
-43
-109
-141
-187
-283
-374
-412
-351
-315
-253
-237
-274
-291
-254
-186
-133
-64
17
60
151
163
188
227
247
360
453
547
549
441
269
138
104
135
231
210
110
-6
-85
-114
-177
-272
-319
-303
-234
-179
-100
-11
-32
-69
-23
133
284
402
407
243
105
5
-120
-228
-351
-475
-592
-726
-811
-815
-774
-762
-719
-614
-433
-229
14
128
221
298
413
517
466
391
276
230
133
52
26
-15
-42
-115
-187
-198
-216
-170
-125
-55
-19
64
127
108
155
232
290
345
458
499
441
388
302
261
228
136
-18
-137
-172
-150
-196
-269
-353
-374
-341
-326
-216
-96
60
113
108
109
127
196
192
192
231
318
359
358
322
245
162
77
67
100
87
74
-19
-82
-93
-102
-94
-71
-56
-40
-43
35
83
65
4
-12
87
180
277
304
300
272
172
116
29
-94
-227
-380
-455
-471
-469
-519
-570
-585
-568
-499
-407
-270
-177
-66
47
168
203
242
227
188
135
25
-7
-41
-57
-181
-234
-223
-193
-142
-98
-36
-19
26
80
193
267
314
367
393
408
389
394
368
327
293
229
151
85
-20
-143
-226
-261
-316
-373
-383
-362
-362
-334
-296
-254
-286
-216
-153
-112
-43
22
33
86
171
210
261
273
344
330
352
329
259
202
187
164
155
57
-15
-97
-163
-188
-131
-82
-61
-40
-40
-24
45
136
154
201
189
234
337
385
395
362
270
125
-15
-88
-88
-165
-273
-330
-422
-457
-483
-445
-361
-303
-209
-127
-77
60
178
261
326
384
338
282
217
138
28
-77
-155
-280
-306
-353
-356
-349
-338
-293
-248
-227
-196
-183
-111
-19
32
111
164
204
244
286
318
284
168
57
3
57
77
57
-13
-51
-76
-156
-219
-313
-361
-349
-335
-317
-268
-216
-137
-84
-15
81
159
222
290
379
417
442
424
402
387
374
335
246
175
95
58
-14
-82
-91
-136
-119
-142
-167
-215
-230
-175
-142
-58
-15
-9
84
222
322
329
274
173
112
55
-3
-26
-95
-201
-317
-385
-431
-475
-494
-406
-298
-248
-166
-99
-30
45
56
105
233
342
363
344
226
138
76
88
99
53
42
3
-63
-106
-113
-106
-51
-6
65
128
219
258
296
339
349
330
321
280
272
250
174
65
-37
-68
-116
-193
-287
-364
-429
-523
-578
-556
-527
-455
-439
-499
-542
-536
-467
-340
-170
-50
14
80
99
159
234
253
247
214
112
-4
-80
-74
-87
-104
-131
-131
-110
-82
-6
47
43
81
150
262
357
396
398
304
285
373
413
395
422
402
371
317
268
240
143
91
3
-52
-63
-101
-87
-112
-139
-55
43
96
140
179
253
316
371
424
443
508
475
381
298
205
151
68
13
-75
-174
-251
-305
-356
-331
-265
-311
-388
-427
-400
-378
-334
-312
-282
-249
-181
-111
-77
-36
-43
-7
-11
-12
10
12
-31
-132
-191
-287
-360
-410
-485
-542
-616
-702
-664
-522
-388
-320
-229
-179
-148
-132
-69
35
117
164
227
210
166
170
176
197
166
119
132
131
95
98
93
58
37
49
8
64
69
25
91
112
174
249
282
320
330
342
375
425
445
422
370
368
343
293
302
264
205
144
123
126
91
60
4
-79
-105
-38
-3
18
-7
-19
-4
75
150
225
335
290
227
125
48
57
60
1
-87
-189
-287
-363
-452
-470
-476
-475
-502
-544
-517
-426
-323
-223
-175
-109
-56
-69
-23
-30
-24
-42
-59
-80
-147
-172
-208
-217
-247
-262
-239
-198
-174
-135
-79
-72
-89
-36
115
219
304
342
307
267
274
270
297
259
181
153
112
104
97
113
139
125
115
153
151
181
157
138
138
125
136
101
65
39
-12
-38
-49
-9
28
17
-16
-73
-125
-176
-182
-204
-171
-148
-168
-156
-114
-72
-98
-100
-68
-31
-19
-106
-121
-113
-52
-15
-33
-4
43
105
141
221
246
250
244
248
277
272
269
234
160
96
14
-54
-141
-207
-289
-291
-310
-324
-299
-313
-290
-228
-113
-11
99
155
213
238
208
216
200
193
212
134
66
2
-54
-70
-135
-219
-298
-322
-375
-386
-340
-328
-293
-248
-174
-73
14
123
136
187
204
239
295
264
259
203
194
158
116
101
69
60
64
60
-21
-105
-137
-181
-236
-202
-159
-158
-159
-144
-115
-59
-46
-33
25
79
117
135
161
155
146
94
47
72
58
49
39
18
13
37
50
72
118
112
130
132
161
210
223
218
245
262
309
338
319
326
300
284
193
138
107
65
25
-69
-118
-156
-193
-256
-302
-330
-333
-337
-347
-301
-318
-307
-312
-277
-192
-195
-152
-114
-101
-32
10
16
-24
-78
-89
-89
-77
-122
-137
-189
-252
-300
-329
-339
-350
-297
-252
-181
-137
-65
29
112
174
306
326
398
524
549
540
511
488
384
269
184
113
80
7
-30
-47
-93
-172
-219
-259
-306
-350
-304
-201
-130
-76
-67
-69
-88
-62
30
153
216
219
192
179
191
223
194
123
83
29
-6
-45
-44
-48
-61
-121
-136
-91
-81
-47
10
43
68
107
172
239
262
233
217
205
207
196
138
67
3
-105
-191
-245
-282
-281
-328
-370
-384
-329
-286
-240
-196
-150
-90
-6
24
28
53
39
44
54
89
64
20
12
-2
2
-15
-4
-6
-21
0
-16
-43
-108
-96
-59
-4
87
150
187
221
236
255
314
403
474
448
418
385
322
331
295
251
213
129
44
1
-61
-116
-159
-192
-285
-361
-415
-486
-495
-471
-370
-260
-179
-157
-120
-138
-157
-133
-95
-12
52
89
75
-4
-66
-101
-117
-110
-94
-80
-81
-105
-128
-133
-122
-82
-25
31
91
107
148
174
168
170
178
185
197
176
161
138
99
77
38
25
9
-30
-99
-170
-193
-148
-125
-141
-129
-123
-125
-118
-96
-34
5
37
94
181
211
208
212
201
175
169
109
67
6
-34
-75
-123
-158
-179
-170
-163
-116
-80
-8
25
116
178
217
277
298
328
353
375
388
406
386
373
290
217
162
129
70
-50
-103
-150
-248
-330
-361
-350
-354
-378
-358
-338
-294
-246
-191
-158
-128
-94
-69
-57
-37
-37
-70
-65
-70
-105
-111
-86
-121
-147
-174
-194
-226
-228
-187
-167
-174
-130
-72
-25
62
69
97
153
179
216
255
280
243
185
108
66
40
48
53
40
34
34
49
69
72
48
53
64
60
61
49
87
104
93
94
67
72
98
158
190
213
219
217
241
236
213
173
153
179
109
51
-24
-35
-36
-30
-17
-27
-23
-37
-25
-25
-15
34
41
23
21
18
7
-15
-52
-104
-189
-218
-250
-279
-302
-315
-317
-361
-366
-368
-357
-402
-439
-484
-482
-474
-484
-405
-368
-338
-295
-267
-215
-166
-123
-64
-14
44
103
148
198
240
285
316
368
383
377
425
439
437
416
411
396
385
377
362
340
286
308
294
269
256
245
245
201
160
121
59
16
-21
-68
-94
-103
-106
-90
-86
-68
-74
-82
-50
-61
-115
-121
-115
-131
-137
-130
-129
-84
-82
-125
-85
-110
-123
-136
-188
-231
-233
-265
-235
-195
-161
-72
-21
39
99
146
159
145
141
140
147
161
147
140
112
71
28
-16
-74
-135
-129
-167
-165
-109
-85
-92
-131
-127
-97
-45
21
75
134
181
213
162
113
79
66
62
74
96
51
2
-41
-68
-77
-71
-76
-57
-35
-16
19
86
114
120
132
116
120
108
140
127
72
69
14
-30
-60
-103
-161
-227
-208
-196
-181
-178
-143
-133
-173
-178
-184
-179
-162
-162
-200
-188
-170
-160
-168
-160
-140
-121
-109
-106
-51
28
32
45
72
92
81
102
116
96
122
133
191
223
218
203
205
221
225
262
266
247
235
199
175
202
194
145
96
44
19
2
-18
-20
-60
-64
-69
-101
-102
-112
-92
-94
-80
-80
-72
-22
-42
2
-6
3
45
53
58
43
47
46
33
45
54
34
66
93
84
57
16
15
11
-17
-12
7
19
21
15
51
48
22
-21
-52
-32
-42
-26
-38
-58
-110
-163
-170
-156
-134
-101
-129
-205
-241
-270
-299
-308
-310
-275
-241
-188
-138
-101
-82
-94
-86
-46
7
40
70
81
61
54
61
76
107
84
66
44
46
42
37
94
123
110
113
120
131
158
223
300
291
296
286
256
207
176
157
120
70
5
-70
-147
-148
-155
-127
-113
-137
-136
-160
-143
-132
-125
-140
-116
-39
20
74
95
98
98
68
86
70
59
64
17
9
-11
13
63
54
54
19
28
71
63
91
104
95
84
63
40
22
4
-13
-60
-85
-59
-76
-69
-84
-101
-119
-134
-112
-99
-101
-121
-129
-175
-157
-101
-59
-36
-59
-64
-62
-54
-46
-48
-65
-65
-82
-99
-54
-36
-27
-44
-84
-89
-81
-45
-30
-2
19
44
73
109
108
167
151
155
210
203
204
211
194
147
138
113
110
110
60
45
15
7
-4
-10
-47
-22
-9
-12
4
-25
-31
-47
-39
-8
18
37
78
52
44
90
81
54
28
-13
-84
-92
-85
-72
-56
-45
-42
-11
27
-3
-22
-33
-39
-85
-69
-57
-32
-29
-49
-29
-27
-24
-52
-76
-65
-46
-47
-3
-15
-56
-63
-66
-82
-120
-124
-146
-142
-145
-138
-90
-109
-120
-88
-85
-40
27
109
170
181
168
146
181
172
185
164
145
136
114
141
145
115
47
31
34
3
-7
7
-6
-44
-27
21
42
72
100
124
83
77
94
63
51
22
-16
-58
-117
-150
-169
-202
-230
-211
-204
-166
-152
-106
-57
-50
-47
-14
21
3
37
25
-6
10
-3
-20
32
65
87
99
67
25
16
22
-8
-38
-54
-60
-59
-30
16
69
79
120
138
109
105
141
137
102
106
78
88
108
82
88
58
9
-9
-6
-34
-58
-96
-183
-191
-231
-283
-236
-188
-153
-103
-113
-84
-65
-31
16
29
84
149
179
193
187
167
151
119
111
82
93
80
64
29
-48
-92
-107
-121
-131
-122
-77
-24
2
42
81
88
64
82
67
66
82
62
37
-17
-42
-69
-114
-162
-244
-278
-318
-339
-331
-304
-264
-195
-190
-170
-135
-122
-90
-43
-47
-37
12
20
47
26
73
121
149
166
163
167
120
102
136
144
145
159
147
185
185
181
186
201
211
205
237
248
235
234
238
227
190
176
167
143
101
104
81
66
31
0
-63
-51
-60
-120
-128
-186
-192
-166
-140
-151
-152
-178
-159
-153
-153
-156
-152
-138
-166
-186
-145
-90
-57
-82
-89
-120
-141
-130
-149
-105
-95
-92
-56
-36
-46
-38
-14
-28
-25
12
24
49
59
60
57
32
9
-13
-30
6
23
42
46
66
65
81
104
80
121
97
101
101
104
89
26
-5
-53
-57
-65
-53
-25
-11
0
4
0
-17
24
7
-3
6
-16
-4
17
39
25
42
69
65
41
53
61
83
51
42
52
17
19
-2
-3
-26
-13
-8
-2
6
0
-10
-26
-29
-62
-57
-56
-87
-77
-71
-60
-74
-65
-61
-47
-35
-15
21
50
50
51
61
85
101
110
135
118
134
112
96
112
116
123
120
91
78
81
68
102
48
21
21
-3
-9
-30
-25
-52
-78
-120
-145
-162
-158
-178
-179
-182
-205
-184
-173
-136
-113
-92
-83
-82
-38
-48
-63
-75
-96
-87
-74
-59
-36
-43
-78
-93
-107
-86
-53
-45
-36
-33
-12
29
34
53
78
80
89
95
95
117
117
129
146
114
112
90
50
41
45
56
48
46
69
77
58
56
50
36
10
-2
17
36
29
22
39
17
39
33
21
65
61
69
93
56
38
54
102
92
89
75
57
67
29
-3
-43
-80
-86
-83
-90
-81
-92
-47
-53
-64
-43
-42
-38
-42
-32
-62
-78
-91
-98
-91
-80
-98
-109
-127
-132
-90
-78
-85
-94
-78
-37
1
25
44
55
76
73
64
108
128
125
128
81
47
50
69
111
114
105
114
87
48
46
12
4
13
26
15
-4
6
-16
-24
-55
-44
-55
-58
-28
-37
-32
-63
-106
-109
-116
-123
-118
-126
-87
-78
-57
-46
-64
-88
-139
-150
-147
-172
-138
-90
-65
-52
-35
-25
6
46
61
56
58
60
60
78
91
113
106
132
112
133
110
67
70
38
14
20
63
93
99
91
94
126
147
130
166
161
156
164
152
164
155
154
135
124
105
115
135
100
95
68
64
39
12
25
-19
-48
-84
-110
-110
-115
-80
-78
-86
-94
-122
-119
-159
-192
-206
-224
-249
-239
-210
-186
-160
-150
-125
-120
-150
-149
-179
-190
-177
-183
-181
-158
-108
-145
-142
-145
-131
-108
-117
-71
-32
-46
-29
-6
11
38
34
62
55
50
56
42
39
46
52
46
72
62
52
87
112
113
130
150
146
145
225
288
284
320
323
306
287
288
242
223
199
198
181
146
126
109
102
57
46
56
21
16
-3
-51
-112
-135
-90
-105
-77
-60
-71
-55
-72
-93
-89
-109
-137
-102
-126
-142
-141
-155
-135
-112
-91
-112
-101
-118
-130
-104
-96
-93
-95
-102
-88
-72
-86
-68
-37
-63
-56
-56
-58
-55
-52
4
-2
2
33
44
56
58
64
79
78
93
120
114
88
70
50
41
34
54
85
79
80
54
39
20
26
13
4
22
14
7
10
0
8
8
-13
-12
-30
3
10
-14
-1
10
-7
-5
8
5
13
-12
-32
-27
-56
-75
-67
-64
-53
-40
-28
-54
-18
-5
-13
-14
-5
-13
-44
-54
-62
-71
-72
-69
-62
-69
-57
-2
17
39
49
61
25
34
20
31
51
44
64
52
33
17
40
34
25
5
20
25
21
40
23
47
48
69
92
86
90
60
72
50
41
40
6
9
14
-39
-32
-17
-19
-17
-37
-37
-61
-99
-81
-69
-81
-85
-40
-51
-33
-25
-39
-50
-64
-35
-29
-26
-27
-38
-41
-31
-17
-38
-51
-34
-18
-6
19
-4
8
13
15
15
46
106
95
127
139
143
138
160
161
143
156
139
105
99
103
80
75
65
44
-10
-38
-84
-109
-131
-165
-188
-200
-196
-194
-163
-142
-113
-83
-79
-79
-48
-45
-52
-58
-72
-104
-134
-123
-113
-115
-126
-89
-92
-44
-14
-25
-4
-25
-13
8
23
52
117
139
184
227
219
218
227
226
209
191
195
194
190
184
165
173
135
102
95
90
89
88
76
64
30
7
-21
-33
-56
-98
-91
-121
-131
-139
-132
-117
-107
-112
-121
-120
-102
-83
-78
-64
-83
-67
-66
-56
-46
-38
-53
-41
-22
-20
-9
-23
-42
-83
-80
-79
-52
-23
-1
21
27
7
5
-17
-44
-45
-72
-63
-73
-89
-97
-105
-98
-130
-148
-122
-94
-60
-37
-10
17
26
40
70
94
91
120
115
115
116
150
197
180
154
138
102
84
73
49
63
63
38
56
59
51
60
78
89
82
82
59
45
61
50
59
54
45
68
33
6
-17
-48
-66
-98
-87
-97
-104
-112
-132
-145
-121
-114
-119
-104
-105
-137
-131
-107
-119
-114
-107
-103
-105
-85
-76
-77
-54
-59
-57
-82
-87
-59
-67
-40
-16
6
-9
-6
18
21
25
68
54
70
119
127
142
143
157
187
191
204
194
173
173
145
109
87
78
53
30
8
10
-24
-33
-9
-11
-8
3
10
3
-33
-21
2
26
21
18
11
-2
7
-14
-18
9
29
8
-9
-14
5
-28
-41
-33
-39
-58
-52
-71
-61
-50
-55
-74
-52
-32
-41
-32
-34
-21
-53
-33
-21
-10
-42
-29
-6
-22
0
-5
9
12
-10
-34
-67
-90
-78
-65
-63
-85
-98
-86
-82
-56
-41
-52
-37
-7
-11
21
64
96
107
112
111
97
125
121
138
165
137
120
86
108
123
108
94
99
87
79
88
55
42
32
14
22
13
30
30
-20
-51
-56
-72
-75
-82
-69
-56
-66
-68
-68
-80
-101
-130
-144
-158
-191
-169
-151
-151
-111
-130
-93
-69
-84
-56
-33
-42
-34
-25
-25
7
10
21
50
78
46
48
30
27
42
23
39
40
40
25
12
-2
13
6
-7
1
-2
19
41
56
48
55
78
97
96
102
139
149
134
135
116
90
70
55
34
14
-9
-22
-2
-9
-45
-39
-25
-19
2
8
23
26
23
20
37
38
-1
-6
32
-25
-19
5
2
6
-17
-22
-48
-34
-37
-45
-37
-33
-35
-67
-47
-37
-64
-87
-117
-130
-154
-138
-124
-96
-44
-38
-40
-22
-19
2
15
10
9
17
73
86
67
31
27
11
-22
-41
-17
-24
-49
-20
-32
-35
6
23
3
-19
-55
-24
-29
-26
-3
57
79
79
103
98
92
75
87
81
80
81
73
67
59
31
28
5
-31
-62
-50
-8
10
34
6
-2
-12
-19
-37
-29
-10
-6
27
46
56
42
17
-2
-23
-51
-48
-35
0
6
-4
-27
-33
-21
-8
-22
-40
-52
-63
-88
-89
-62
-64
-50
-67
-80
-92
-59
-42
-47
-46
-23
-22
-17
34
48
42
30
49
53
54
83
91
93
82
40
33
47
24
-2
4
1
25
47
49
76
77
111
127
103
113
80
92
78
47
60
21
2
-11
-40
-49
-40
-64
-75
-64
-78
-73
-111
-121
-117
-124
-110
-81
-49
-49
-44
-32
-45
-45
-16
3
14
24
8
15
3
15
-11
-34
-24
-57
-38
-9
-15
-23
-22
-50
-56
-50
-65
-44
-23
-16
11
29
29
38
39
48
20
37
58
66
51
62
53
50
24
19
30
18
20
31
57
46
57
59
53
62
31
16
25
36
33
41
70
43
37
61
76
86
86
74
86
75
45
58
41
11
-10
-12
-19
-33
-25
-33
-31
-37
-31
-42
-23
-10
-3
-10
-10
-12
-61
-79
-67
-86
-98
-75
-69
-68
-64
-60
-81
-86
-91
-105
-103
-100
-89
-86
-68
-73
-72
-63
-54
-57
-48
-46
-55
-40
-43
-33
-12
5
15
22
45
49
55
85
89
98
101
91
66
53
30
33
29
27
17
26
49
62
69
81
78
66
82
77
58
52
59
45
30
15
19
16
2
-1
-14
-29
-32
-41
-51
-55
-73
-71
-49
-40
-48
-37
-53
-76
-75
-89
-89
-80
-68
-70
-47
-30
-13
14
17
10
24
37
41
44
54
63
65
54
43
49
26
27
21
16
17
5
12
28
39
42
15
20
11
13
7
-7
-21
-22
-9
-1
4
14
22
6
21
19
17
12
11
18
2
-1
5
22
25
24
44
13
-7
8
13
18
25
12
-35
-34
-21
-19
-15
-5
2
12
4
11
34
10
-1
-34
-46
-75
-79
-66
-49
-18
-14
-4
-6
-2
15
-12
-24
-2
-25
-6
-20
0
0
-13
-18
-6
-8
-13
-22
-21
-15
-47
-45
-71
-92
-84
-76
-58
-38
1
20
20
18
14
10
13
9
20
22
-3
11
1
9
8
10
4
-23
-41
-39
-21
-19
17
33
32
40
56
70
88
93
93
76
79
71
43
44
22
24
21
27
14
21
11
7
15
21
29
11
11
8
4
-5
14
16
7
20
8
7
10
17
13
2
2
-12
-12
-15
-21
-8
-27
-2
-18
-25
-26
-47
-46
-57
-54
-78
-76
-67
-67
-60
-47
-38
-49
-38
-38
-46
-24
-20
-8
-2
0
-6
1
25
21
0
-3
38
36
41
60
47
56
51
47
42
58
48
40
44
52
45
58
80
57
61
76
89
77
59
56
36
25
33
38
47
40
29
11
23
17
-4
-11
-35
-57
-63
-52
-59
-47
-49
-59
-69
-71
-74
-67
-45
-47
-44
-31
-35
-38
-42
-81
-82
-79
-79
-64
-51
-53
-50
-75
-62
-54
-57
-53
-60
-58
-79
-83
-72
-77
-63
-70
-71
-66
-59
-43
-33
-29
-34
-31
-27
-13
5
17
51
48
68
75
71
72
78
74
68
47
32
52
71
75
88
100
102
110
120
125
122
130
101
85
76
62
37
41
19
14
20
10
35
17
14
-3
-7
-6
-18
-30
-32
-21
-20
-5
0
-2
1
-12
-11
-17
-13
15
18
24
32
37
25
37
26
26
17
4
4
-4
-4
-10
-37
-39
-31
-24
-32
-37
-27
-31
-36
-34
-41
-48
-44
-59
-70
-54
-43
-54
-45
-39
-62
-42
-48
-47
-31
-45
-25
-11
-1
-14
-23
-12
-4
18
24
36
27
5
27
18
40
51
43
36
28
31
30
27
40
41
32
21
13
5
7
6
0
3
15
24
29
21
5
-12
-16
-24
-17
-25
-36
-24
-21
-19
-10
-7
-29
-24
-25
-27
-39
-11
-3
-17
-24
-29
-21
-23
-10
-11
-1
1
-11
-6
-12
-2
11
9
11
13
12
12
6
-2
-18
-26
-24
-26
-19
-30
-24
-17
-23
-28
-28
-29
-33
-28
-5
22
40
48
62
53
46
62
60
73
63
66
60
47
56
69
80
69
68
60
46
37
22
34
32
14
28
28
17
20
24
6
-7
-17
-25
-29
-34
-19
-27
-42
-39
-53
-49
-52
-61
-68
-66
-67
-74
-74
-82
