-9
-7
-10
-12
-13
-13
-15
-14
-14
-15
-13
-12
-17
-16
-16
-13
-11
-5
-4
-6
-4
-4
-2
-2
-1
1
-2
-1
-4
-2
-2
-4
0
-2
4
8
10
11
9
10
7
6
5
4
5
4
6
8
8
12
8
6
8
2
4
3
7
11
18
22
23
21
16
12
11
5
2
1
-3
-3
-6
-8
-6
-7
-6
-5
-7
-8
-9
-9
-11
-11
-7
-7
-5
-6
-8
-8
-10
-8
-10
-11
-13
-13
-14
-14
-13
-15
-15
-12
-8
-7
-2
-4
-3
-2
-2
1
0
5
5
4
10
13
13
12
17
16
17
19
16
18
15
17
17
16
17
15
16
17
14
11
6
5
-1
0
3
3
2
-2
-2
-3
-2
0
2
5
3
5
3
1
0
-3
-2
-5
-6
-3
-3
-1
-3
-3
-5
-8
-11
-13
-16
-20
-20
-24
-23
-26
-25
-24
-26
-25
-25
-28
-23
-22
-20
-17
-16
-12
-8
-6
-4
-4
-4
-7
-6
-3
-3
-3
-2
-2
-2
2
4
6
11
13
15
14
11
14
12
15
17
20
26
27
28
25
24
20
20
24
25
23
22
21
19
17
19
22
19
18
14
12
9
4
1
-3
-5
-8
-6
0
4
10
10
9
8
5
5
2
2
2
-1
-2
-3
-1
-3
-3
-2
-2
-3
-5
-9
-11
-15
-16
-15
-14
-12
-11
-14
-14
-16
-18
-23
-23
-27
-29
-31
-28
-29
-29
-26
-28
-24
-19
-18
-14
-17
-16
-12
-10
-5
3
9
9
14
20
16
17
14
11
9
8
5
4
6
4
6
7
10
13
13
13
14
12
10
7
10
11
11
15
13
11
12
8
6
7
5
4
6
6
5
1
0
1
0
1
1
1
-2
-5
-5
-9
-11
-12
-13
-8
-11
-12
-11
-12
-6
-9
-8
-11
-13
-13
-14
-11
-11
-10
-8
-7
-5
-3
-6
-2
-3
-5
-1
-2
-3
-3
-3
1
-2
0
1
2
4
8
13
17
19
22
18
18
16
16
11
11
14
12
16
17
19
16
13
11
10
12
11
10
11
10
13
11
11
10
7
6
5
5
3
-2
-3
-6
-9
-8
-11
-7
-8
-3
-1
0
0
0
-1
-6
-6
-9
-7
-8
-10
-11
-8
-10
-9
-9
-8
-5
-9
-8
-8
-9
-8
-8
-10
-9
-8
-11
-10
-9
-11
-11
-13
-14
-13
-12
-17
-14
-15
-17
-15
-15
-8
-7
-5
-4
-4
-2
-5
0
2
6
7
6
4
4
6
10
13
13
12
11
12
11
11
9
6
8
12
11
11
5
6
9
5
5
4
2
7
5
7
9
6
2
-1
2
-3
-1
-2
-3
0
1
5
6
9
3
2
0
3
3
3
4
3
5
-1
-3
-8
-6
-6
-4
-1
-2
3
3
3
5
6
6
7
7
7
7
2
-2
-7
-11
-15
-12
-14
-15
-19
-18
-21
-20
-15
-19
-13
-16
-10
-6
-3
-3
-3
-5
-3
-1
-1
0
-5
-4
-8
-11
-13
-12
-8
-4
1
4
8
10
14
13
16
21
22
27
26
27
27
30
36
36
38
40
42
40
33
30
27
25
22
22
23
20
16
9
8
3
1
-3
-7
-7
-13
-14
-17
-21
-27
-33
-30
-28
-38
-36
-34
-38
-37
-34
-34
-37
-36
-36
-39
-44
-47
-50
-44
-43
-31
-25
-18
-16
-27
-28
-32
-28
-18
-9
0
6
7
10
13
5
4
4
16
28
30
36
21
22
21
22
29
29
25
24
31
32
28
19
15
13
15
23
32
31
27
27
27
27
19
17
19
14
14
7
13
13
8
7
4
1
0
-1
5
6
7
12
7
11
11
6
6
12
1
-8
-10
-18
-18
-19
-8
1
0
-1
3
0
-4
-9
-18
-21
-12
-16
-21
-28
-24
-16
-16
-29
-36
-33
-28
-21
-24
-12
-15
-30
-43
-53
-46
-45
-42
-20
-9
-3
7
23
27
22
19
19
21
14
6
3
7
6
16
25
21
24
19
2
1
2
-1
5
7
4
14
18
22
22
24
18
9
15
15
5
0
1
-1
3
-2
1
0
-13
-6
-9
-11
-11
-8
-4
-11
-5
-3
-36
-22
24
63
-16
-103
-66
9
1
-52
-48
-35
-5
16
18
-18
-53
13
64
37
7
57
145
131
53
45
113
163
131
88
87
92
104
95
60
49
48
26
-11
-20
-9
24
7
-13
-11
-35
-57
-92
-63
-57
-100
-156
-185
-169
-175
-204
-250
-265
-249
-233
-230
-256
-247
-226
-201
-176
-176
-159
-147
-85
-36
-39
-42
-3
52
89
99
112
166
205
226
228
252
278
287
310
307
299
310
314
299
298
296
294
284
279
268
234
203
180
172
154
138
110
87
107
77
18
-8
-9
-17
-49
-89
-124
-161
-165
-167
-158
-205
-258
-254
-203
-214
-262
-240
-232
-205
-209
-224
-249
-330
-333
-392
-406
-324
-225
-244
-434
-505
-364
-208
-271
-492
-557
-381
-233
-308
-543
-563
-271
-10
-54
-273
-206
115
355
212
13
200
655
934
685
403
564
941
1034
766
643
877
1125
950
653
638
938
1064
657
439
562
886
697
221
224
438
484
189
1
-66
-8
36
-103
-326
-492
-255
-250
-502
-681
-592
-353
-473
-756
-833
-647
-435
-467
-670
-706
-618
-537
-660
-724
-598
-433
-442
-578
-575
-483
-260
-268
-368
-354
-342
-279
-272
-300
-229
-304
-531
-470
-289
64
-155
-590
-625
-208
78
-309
-791
-733
-86
116
-247
-778
-700
78
458
239
-193
-49
750
1066
557
211
690
1669
1840
1058
676
1212
2133
2059
1311
1174
1766
2054
1427
815
990
1701
1685
984
512
562
1059
788
281
-65
-102
125
-141
-604
-991
-867
-828
-954
-1174
-1346
-1301
-1630
-1530
-1402
-1292
-1192
-1288
-1190
-1216
-1104
-766
-567
-504
-440
-448
-266
-110
-24
74
114
232
150
-74
-58
124
203
178
148
92
105
84
144
144
13
-99
-335
-861
-764
-330
239
-334
-1516
-1672
-764
-124
-936
-2092
-2066
-822
-296
-1098
-2258
-2172
-660
177
-483
-1552
-1306
328
1296
457
-325
393
2274
3024
1733
896
1734
3391
3622
2373
1842
2761
3552
2963
1884
1857
2912
3105
2276
1190
1129
1927
1967
1137
299
466
917
459
-504
-795
-413
-241
-591
-1170
-1355
-1276
-1435
-1581
-1812
-1652
-1391
-1675
-2086
-2360
-1923
-1337
-1189
-1405
-1669
-1414
-1082
-942
-1125
-1017
-486
-311
-481
-810
-574
-110
169
135
-86
-50
116
80
-14
61
177
162
-153
-958
-1404
-840
333
685
-1065
-2413
-1734
40
281
-1652
-2917
-1750
215
203
-1867
-3343
-2012
435
658
-1353
-2638
-783
1906
1761
-501
-1281
1329
4159
3465
789
326
2961
4958
3731
1527
1832
4111
4740
2786
1051
2110
4164
3899
1809
649
1801
3030
2204
412
94
1438
1375
-185
-1231
-634
258
-717
-1784
-1948
-1585
-1403
-1967
-2816
-2983
-1926
-1404
-2277
-3505
-2991
-1401
-1312
-2110
-2260
-1400
-520
-739
-1251
-1098
-29
758
162
-593
-397
245
439
84
-86
62
139
44
-40
-125
-2
273
-104
-171
-537
-603
-842
-1065
-750
-603
-691
-1725
-2131
-1779
-958
-971
-1972
-2524
-2100
-1028
-1046
-1808
-2414
-1952
-632
-322
-849
-1198
-211
1377
1466
643
727
2239
3680
3205
2169
2269
3604
4285
3619
3188
3484
4302
4046
3260
3064
3169
3482
3151
2702
2376
2033
1830
1558
1585
1200
628
189
160
92
-701
-1259
-1463
-1128
-1399
-2252
-2696
-2637
-2259
-2514
-2916
-2965
-2831
-2763
-2909
-2791
-2550
-2519
-2631
-2436
-1947
-1685
-1653
-1608
-1345
-952
-941
-973
-860
-443
-180
-331
-341
-197
32
-106
-177
-13
187
151
-132
-502
-751
-343
431
708
-472
-1548
-1125
220
361
-1093
-2114
-1254
346
323
-1277
-2525
-1418
697
984
-441
-1239
116
2001
1883
324
253
2289
4115
3494
1648
1599
3486
4779
3794
2382
2781
4148
4244
2815
1776
2594
3754
3347
1779
856
1358
1910
1252
304
209
418
338
-552
-1300
-1414
-1021
-880
-1752
-2651
-2666
-2095
-2346
-3151
-3402
-2648
-2411
-3119
-3505
-3025
-2058
-1887
-2380
-2306
-1520
-962
-1123
-1445
-1101
-407
-311
-626
-748
-359
-47
-119
-161
-156
4
31
100
147
253
74
151
335
550
219
-119
-334
-324
-59
-64
301
-243
-703
-673
-115
145
-469
-1197
-1064
-92
70
-670
-1605
-1307
117
532
-168
-841
-83
1476
1667
674
703
1929
3247
2900
1711
1847
2794
3461
2957
2474
2572
2972
2878
2404
2043
2007
2156
1949
1682
1231
947
974
928
747
239
-405
-396
-76
-322
-926
-1442
-1311
-991
-1426
-1964
-1966
-1729
-1711
-2367
-2427
-2010
-1903
-2165
-2520
-2095
-1537
-1485
-1821
-1641
-1043
-737
-912
-1264
-812
-219
-74
-244
-399
-32
184
12
-233
-39
208
204
-150
-382
-191
-295
-915
-893
-371
543
104
-1507
-1901
-928
365
-174
-1849
-2411
-1116
86
-456
-2019
-2775
-1023
662
242
-1436
-1898
488
2320
1406
-481
-110
2755
4309
2678
697
1527
4227
4840
2943
1690
3140
4799
3958
1932
1545
3223
4147
2765
1140
1080
2127
2311
1232
309
364
753
664
-120
-1157
-1388
-1083
-847
-1459
-2430
-2608
-2608
-2492
-2705
-2960
-2883
-2895
-2843
-2988
-3046
-2523
-1835
-1702
-1956
-1924
-1555
-1124
-987
-877
-377
-326
-399
-567
-372
79
213
286
170
279
378
281
345
638
707
367
245
354
653
436
176
-303
-408
-158
114
453
-391
-969
-977
-389
-350
-1066
-1627
-1450
-506
-621
-1560
-2424
-1934
-378
77
-796
-1421
-484
1132
1292
295
266
1680
3141
2811
1693
1664
2829
3711
3107
2286
2338
3253
3498
2868
2084
2057
2654
2654
2043
1370
1272
1459
1363
915
660
444
471
438
29
-470
-747
-656
-595
-1047
-1514
-1500
-1609
-1726
-2073
-1991
-1721
-1816
-2213
-2360
-1742
-1237
-1452
-1976
-1749
-1084
-863
-1153
-1417
-940
-309
-358
-608
-665
-409
-325
-684
-573
-278
-292
-699
-793
-277
-152
-825
-1465
-1620
-1144
-546
-390
-746
-1744
-2091
-1471
-639
-1142
-2410
-2913
-1657
-152
-816
-2323
-2857
-1128
651
136
-1254
-1139
845
2256
1294
-4
900
3321
4513
3255
1730
2303
4171
4830
3864
3034
3565
4666
4456
3332
2644
3112
3934
3663
2549
1695
1756
2202
1955
1197
255
-161
446
576
-226
-1717
-1845
-886
-969
-2217
-3083
-2679
-2543
-2907
-3432
-3144
-2938
-3257
-3491
-3536
-3098
-2711
-2472
-2384
-2240
-2145
-2032
-1726
-1147
-820
-887
-1045
-755
-262
-177
-69
165
653
619
230
160
561
1010
818
563
496
732
672
607
559
763
171
-268
85
968
1067
-532
-1375
-752
517
172
-1115
-1800
-843
173
-628
-1590
-2093
-1046
182
128
-611
-826
42
1303
1374
511
441
1641
3196
3042
1647
1193
2634
3852
3252
1864
1767
3242
3458
2378
1038
1427
2664
2339
1209
414
924
1688
1232
239
-3
522
711
-73
-1092
-1093
-704
-906
-1390
-1816
-1690
-1715
-2203
-2229
-2055
-1870
-1894
-1959
-1885
-1991
-2094
-2033
-1504
-1282
-1489
-1811
-1631
-989
-945
-1109
-1059
-600
-225
-535
-718
-379
82
100
-368
-370
183
605
414
54
198
636
740
108
-887
-991
155
1121
788
-1264
-2102
-884
495
-15
-2059
-2793
-1177
520
-282
-2521
-3380
-1208
1173
586
-1740
-2331
95
2381
1471
-971
-841
2211
4455
2976
261
462
3409
4971
3271
1253
2005
4177
4371
2446
961
2035
3753
3388
1712
1027
1834
2634
2113
1214
603
758
1340
1213
302
-925
-860
-267
-380
-1404
-2004
-2001
-2156
-2341
-2769
-2575
-2575
-2839
-3027
-3195
-2670
-2262
-2198
-2264
-2133
-1758
-1694
-1760
-1490
-911
-584
-765
-991
-886
-327
65
-97
-188
31
349
446
314
524
564
735
753
636
507
682
834
823
138
-663
-193
571
915
-424
-1648
-1184
-190
-93
-1431
-2270
-1533
-246
-465
-1625
-2451
-1780
-134
329
-531
-1327
-700
1006
1533
314
-202
938
3024
3318
1544
549
1788
3703
3434
1691
1089
2608
3662
2725
1261
1413
2912
3144
1869
865
1339
2332
2123
895
461
1109
1606
854
-514
-806
-108
87
-746
-1529
-1335
-940
-1460
-2202
-2256
-1637
-1336
-1947
-2497
-2531
-2017
-1661
-1715
-1949
-2068
-1852
-1655
-1549
-1639
-1650
-1131
-746
-696
-1128
-1184
-567
48
62
-425
-619
-159
288
211
-148
-184
358
599
369
-267
-970
-489
393
1147
300
-1464
-1750
-477
640
-417
-2208
-2494
-599
523
-719
-2476
-2608
-281
1105
-96
-1713
-1293
1244
2430
882
-651
629
3380
4053
2098
604
1967
4160
4100
2288
1458
2948
4271
3304
1570
1222
2631
3482
2500
1261
1183
2104
2279
1176
449
715
1254
930
-73
-882
-983
-526
-398
-955
-1767
-1790
-1646
-2089
-2865
-2886
-1976
-1840
-2586
-3230
-2857
-1924
-1693
-2078
-2142
-1641
-1185
-1359
-1748
-1477
-695
-378
-786
-1069
-780
-228
-109
-331
-432
-221
-13
-80
-90
-39
286
331
233
182
145
260
139
-164
-757
-451
227
847
50
-1118
-984
-84
367
-637
-1516
-1228
-50
68
-844
-1464
-1132
162
644
26
-508
12
1273
1638
743
414
1353
2740
2872
1585
927
1641
2815
2737
1754
1293
1946
2504
1964
1091
990
1656
2164
1820
1103
759
925
1240
990
625
496
660
524
-218
-549
-608
-524
-680
-738
-645
-1040
-1668
-1769
-1349
-1154
-1440
-1725
-1512
-1258
-1390
-1555
-1150
-729
-881
-1304
-1282
-634
-422
-706
-975
-606
5
-273
-654
-704
-126
228
-156
-494
-300
44
192
-24
-159
-18
-157
-310
-1197
-708
43
905
359
-1753
-2159
-1005
539
-427
-2391
-2756
-583
981
-533
-2710
-3101
-114
1799
48
-2429
-1871
1512
3072
431
-1895
-209
3561
4273
848
-1168
1072
4526
3930
663
-373
2270
4695
2904
101
47
2810
4105
2053
146
687
2425
2573
1011
176
926
1565
1092
176
-433
-396
-90
-409
-642
-953
-1012
-1093
-1869
-1860
-1467
-996
-1357
-2174
-2258
-1674
-1249
-1552
-1627
-1352
-870
-957
-1615
-1749
-1222
-378
-194
-742
-1177
-1086
-604
-232
-301
-476
-470
-288
-194
-221
-366
-173
146
340
14
-455
-289
352
644
-265
-450
87
1035
617
-864
-1176
-334
634
-196
-1442
-1612
-344
403
-380
-1459
-1572
-97
822
153
-960
-751
789
1563
509
-520
98
1974
2666
1237
-80
500
2124
2292
1014
315
1480
2688
1906
561
617
2098
2824
1609
752
1235
2167
1885
698
608
1289
1921
982
-220
-402
331
725
-193
-749
-653
-36
-401
-1346
-1540
-1076
-413
-769
-1474
-1808
-1432
-895
-1047
-1368
-1503
-1128
-662
-780
-962
-994
-525
-262
-495
-748
-821
-459
-433
-508
-606
-469
-341
-515
-362
-168
14
-49
-355
-432
-577
-931
-295
333
972
-285
-2056
-1796
-283
605
-982
-2631
-2292
-47
509
-1424
-3213
-2487
712
1299
-1227
-3105
-1477
2040
2307
-811
-2243
482
3944
3258
-292
-1226
1963
4715
2999
-49
-26
3265
4662
2215
69
975
3775
4048
1660
433
1578
3255
2624
1014
641
1621
1944
860
49
178
693
67
-750
-766
-571
-643
-1455
-2313
-2187
-1348
-1022
-1730
-2818
-2537
-1540
-1378
-1997
-2174
-1403
-661
-926
-1768
-1812
-1007
48
30
-724
-1036
-693
-135
105
65
70
219
238
264
341
433
415
482
629
681
444
252
501
570
407
-524
-574
171
704
119
-1538
-1723
-920
-185
-956
-2218
-2254
-1251
-567
-1448
-2416
-2454
-1181
-273
-945
-1886
-1570
-129
650
-370
-1208
-161
1704
2239
750
-2
1140
2562
2364
1121
1266
2605
3331
2355
1452
2193
3262
3303
2149
1750
2307
2481
1889
1379
1786
2087
1411
376
210
546
529
-110
-632
-261
-9
-572
-1430
-1579
-895
-384
-683
-1450
-1708
-1317
-970
-923
-1312
-1378
-955
-609
-728
-1013
-842
-352
-22
-276
-729
-691
-309
34
126
-45
-12
-72
-137
-31
92
21
-180
-392
-200
-48
-280
-1127
-2046
-1170
-3
396
-1418
-3281
-2541
-741
-281
-2391
-4036
-3194
-708
-273
-2307
-3921
-3223
-528
368
-1523
-3209
-2161
950
1953
-462
-2151
-546
2942
3722
1042
-684
1208
4130
4017
1652
852
3186
5024
3616
1412
1468
3945
4897
3194
1653
1943
3275
3083
1890
1393
2071
2549
1879
586
-233
346
937
651
-549
-1104
-538
-426
-1297
-2152
-1523
-443
-802
-2284
-2888
-1630
-453
-904
-2168
-2409
-1324
-858
-1410
-1889
-1433
-458
-479
-1221
-1547
-969
-94
-69
-439
-647
-295
243
154
-132
-346
14
395
283
-102
-448
-41
296
-2
-831
-1274
-1007
-690
-816
-1186
-1563
-1620
-1549
-1728
-1860
-1934
-1917
-2030
-1850
-1713
-1721
-2004
-2067
-1326
-762
-839
-1332
-1147
-34
653
263
-330
169
1593
2135
1642
1346
2002
2914
2837
2622
2803
3405
3516
3029
2990
3371
3464
2876
2479
2839
3087
2565
1914
1894
2258
2138
1279
526
554
1007
1031
239
-412
-178
267
202
-463
-928
-607
-155
-351
-1238
-1751
-1392
-877
-1069
-1621
-1759
-1452
-1200
-1432
-1645
-1497
-1308
-1318
-1543
-1407
-945
-804
-1011
-1206
-976
-795
-828
-857
-811
-844
-931
-936
-817
-841
-1059
-1136
-1769
-1449
-1124
-467
-581
-2144
-2588
-1882
-674
-1094
-2549
-3230
-1813
-473
-1327
-2870
-3652
-1557
393
-346
-2007
-2266
79
1967
620
-1289
-459
2587
4075
2132
9
1110
4222
4923
2866
1317
2825
5001
4422
2385
1841
3871
5312
3598
1752
1879
3582
3956
2295
1366
1808
2650
1947
738
189
774
1156
436
-331
-730
-102
-108
-925
-1509
-1269
-579
-1053
-2031
-2249
-1546
-1123
-1750
-2431
-2351
-1591
-1328
-1920
-2232
-2096
-1555
-1593
-1858
-1656
-1404
-1084
-1313
-1478
-1299
-1051
-918
-1061
-942
-879
-926
-1116
-973
-575
-542
-534
-699
-784
-756
-1082
-1424
-1375
-727
-255
-820
-1926
-2262
-1213
-282
-702
-1723
-2125
-1006
-128
-537
-1422
-1744
-665
43
-320
-925
-562
891
1755
1031
2
631
2355
3231
2565
1634
2139
3267
3309
2698
2467
3345
3899
3379
2423
2164
2927
3225
2930
2390
2297
2174
1888
1789
1983
1994
1400
977
988
1175
748
148
182
673
645
-70
-804
-896
-376
-319
-699
-1140
-1300
-1352
-1467
-1683
-1781
-1750
-1837
-1980
-2047
-2111
-2195
-2047
-1771
-1740
-2017
-2254
-2112
-1709
-1562
-1658
-1747
-1489
-1354
-1377
-1483
-1471
-1182
-1063
-1196
-1315
-1261
-1198
-1404
-1499
-1085
-621
-857
-1696
-1917
-1364
-749
-888
-1617
-1852
-1356
-787
-804
-1256
-1647
-1046
28
519
-64
-686
172
1565
1879
893
533
1956
3544
3250
1837
1770
3424
4672
3910
2592
2885
4145
4490
3421
2678
3164
3881
3672
2637
2230
2549
2935
2565
1717
1267
1344
1714
1316
561
-28
141
564
225
-524
-1086
-1008
-776
-923
-1354
-1614
-1516
-1551
-2006
-2406
-2497
-2180
-2122
-2391
-2644
-2746
-2615
-2706
-2506
-2244
-2196
-2330
-2539
-2339
-1983
-1920
-2194
-2142
-1529
-1117
-1336
-1850
-1712
-1016
-525
-688
-1132
-991
-407
-242
-499
-881
-1086
-489
-107
235
-135
-952
-923
-209
429
31
-887
-1189
-285
416
232
-461
-921
-194
707
753
68
-313
605
2017
2055
1007
527
1731
3431
3417
2014
1482
2768
4126
3808
2486
2380
3492
4064
3106
1967
2339
3394
3245
2180
1552
1936
2441
1922
1124
906
1335
1235
461
-176
17
541
231
-539
-1038
-783
-672
-1209
-1678
-1553
-1112
-1432
-2187
-2683
-2259
-1678
-1830
-2376
-2719
-2388
-2085
-2271
-2578
-2502
-2166
-2192
-2344
-2538
-2198
-1768
-1675
-1649
-1861
-1832
-1646
-1343
-1122
-1284
-1339
-1111
-859
-818
-1017
-958
-535
-279
-876
-1121
-588
377
630
-638
-1261
-549
588
440
-745
-1322
-315
951
823
-157
-890
43
1616
1679
475
-205
865
2599
2560
1107
934
2484
3958
3287
1630
1844
3634
4355
3090
1752
2346
3876
3747
2248
1445
2362
3350
2639
1120
860
1911
2437
1617
326
292
1156
1403
414
-765
-789
220
432
-709
-1661
-1496
-571
-951
-2270
-2640
-1764
-1082
-1919
-3072
-3025
-1973
-1591
-2240
-2954
-2756
-2119
-2045
-2573
-2812
-2318
-1826
-1713
-2169
-2314
-1987
-1476
-1147
-1353
-1380
-1195
-831
-689
-942
-892
-605
-313
-352
-540
-450
-87
67
-71
-190
98
-36
-379
-298
304
1095
429
-643
-739
420
1139
301
-773
-410
1032
1285
339
-718
-217
1370
1811
770
-32
511
2151
2691
1663
901
1509
3247
3665
2496
1432
2129
3656
3709
2525
1623
2476
3529
3072
1719
998
1761
2521
2129
1127
480
810
1153
963
287
-41
183
398
188
-515
-994
-881
-490
-364
-934
-1659
-1814
-1477
-1230
-1616
-2015
-2099
-2097
-2272
-2447
-2196
-2084
-2266
-2541
-2438
-2143
-2333
-2660
-2589
-2006
-1752
-2101
-2471
-2217
-1671
-1590
-1748
-1645
-1339
-1165
-1298
-1226
-823
-475
-497
-610
-433
-275
-253
-487
-160
402
740
596
186
205
199
173
105
324
510
466
371
577
894
774
571
757
1397
1630
1315
1164
1835
2451
2316
1968
2305
3076
3325
2667
2054
2548
3251
3272
2424
2007
2526
2956
2611
1757
1653
2172
2247
1665
885
905
1377
1416
720
-35
13
375
351
-436
-1075
-1118
-970
-1097
-1740
-2074
-1892
-1703
-1976
-2537
-2685
-2347
-2204
-2351
-2609
-2580
-2371
-2354
-2530
-2707
-2550
-2220
-2080
-2241
-2271
-2124
-1958
-1837
-1753
-1630
-1473
-1372
-1229
-1022
-929
-875
-709
-507
-280
-154
-222
-23
76
157
317
501
604
485
515
916
1158
963
437
549
1215
1475
1245
579
617
1064
1398
1217
906
893
1073
1309
1221
1096
687
669
1035
1391
1115
572
727
1662
2162
1486
781
1155
2436
2741
1680
724
1296
2394
2242
1112
481
1294
2187
1642
447
-67
672
1381
1148
323
-318
31
467
380
-334
-754
-579
-295
-359
-1055
-1375
-1271
-799
-790
-1470
-1989
-1920
-1390
-1268
-1688
-2096
-2061
-1785
-1890
-2113
-2032
-1741
-1687
-1930
-2017
-1744
-1436
-1606
-1790
-1703
-1424
-1206
-1290
-1299
-1120
-769
-713
-841
-765
-501
-170
-47
-234
-320
-135
297
539
392
263
395
689
765
605
219
183
640
1159
1367
557
-284
-38
1055
1523
593
-510
-174
1398
1996
798
-427
-40
1797
2455
1005
-118
706
2730
3077
1146
-112
1223
3398
3450
1340
207
1633
3301
2752
855
437
2081
3126
1790
-107
-96
1602
2298
671
-795
-403
830
768
-682
-1329
-574
173
-455
-1591
-1816
-1189
-686
-1190
-1852
-2018
-1796
-1676
-2080
-2355
-2070
-1747
-1972
-2523
-2832
-2472
-1889
-1936
-2274
-2383
-2003
-1580
-1575
-1664
-1463
-996
-766
-1027
-1170
-795
-217
13
-232
-393
-96
254
290
75
132
453
831
898
716
662
702
826
764
722
729
971
1133
1005
852
900
841
815
970
1282
1422
733
90
352
1330
1681
885
-7
352
1561
1723
607
-386
430
1920
1825
200
-703
616
2297
1911
23
-501
1299
2845
2032
81
-157
1513
2324
1080
-428
-133
1332
1552
196
-879
-329
880
909
-144
-838
-576
19
-37
-704
-1211
-971
-594
-747
-1414
-1972
-1748
-1329
-1357
-1809
-2193
-2176
-2064
-2121
-2256
-2143
-1939
-1851
-1939
-1995
-1704
-1364
-1231
-1295
-1278
-1057
-767
-691
-638
-489
-349
-220
-276
-365
-193
105
462
520
341
318
447
742
813
761
699
792
986
842
790
887
1261
1393
994
748
892
1366
1290
691
512
1155
1818
1386
407
336
1252
1925
1239
39
-56
931
1503
832
-112
-154
759
1067
267
-551
-282
904
1284
343
-594
-114
1234
1571
439
-468
117
1245
1127
28
-424
555
1387
657
-490
-559
448
926
66
-700
-577
-66
-94
-697
-1008
-907
-745
-994
-1313
-1492
-1369
-1197
-1366
-1563
-1764
-1753
-1686
-1698
-1650
-1599
-1476
-1332
-1328
-1357
-1224
-927
-677
-804
-932
-774
-428
-246
-419
-555
-406
-37
1
-244
-238
20
381
442
317
366
580
769
742
678
774
1032
1107
1037
1020
972
1013
951
961
1116
1152
1145
1030
1067
1019
873
765
941
1224
1152
695
350
557
784
655
23
-319
-95
212
80
-410
-569
-186
175
-13
-487
-557
-7
439
242
-271
-136
620
1123
741
-27
-31
640
1014
544
-16
137
681
664
-101
-753
-424
321
294
-496
-1016
-677
-207
-383
-1047
-1275
-900
-649
-840
-1352
-1445
-1186
-939
-1022
-1302
-1446
-1459
-1338
-1140
-923
-1022
-1281
-1362
-1041
-696
-721
-921
-854
-471
-172
-281
-551
-315
179
389
205
34
179
553
975
1010
860
730
834
1153
1347
1287
1154
1250
1477
1585
1544
1459
1497
1642
1602
1382
1177
1121
1232
1250
1194
946
570
461
546
834
667
137
-240
-184
4
-261
-802
-996
-565
-334
-794
-1454
-1511
-915
-542
-825
-1202
-1148
-689
-557
-850
-930
-711
-293
-191
-368
-394
-206
54
71
-40
-39
81
216
115
-36
-84
51
200
36
-39
-41
182
102
-239
-296
-167
-81
-155
-368
-461
-453
-603
-688
-676
-529
-536
-691
-723
-625
-595
-607
-602
-501
-418
-462
-507
-356
-89
34
-8
26
204
307
265
354
729
945
827
675
945
1405
1516
1274
1136
1464
1744
1479
981
904
1276
1427
1132
785
723
870
746
452
271
312
380
243
103
-67
-100
-217
-242
-213
-164
-351
-658
-737
-850
-840
-938
-1057
-1212
-1317
-1413
-1340
-1320
-1390
-1366
-1215
-1074
-1181
-1300
-1216
-749
-520
-672
-796
-480
151
416
80
-226
11
548
748
413
191
489
904
798
403
250
584
924
758
217
-64
73
319
200
4
-74
6
53
-192
-402
-344
-84
35
-70
-291
-239
-125
-115
-169
-109
45
28
-122
-66
262
609
611
425
305
387
595
676
689
779
954
1024
860
798
1038
1319
1299
1009
892
916
909
793
678
778
749
442
97
-63
127
102
-216
-452
-439
-275
-563
-853
-871
-659
-747
-1109
-1273
-1218
-1119
-1260
-1443
-1385
-1164
-1289
-1582
-1736
-1519
-1229
-1289
-1520
-1534
-1209
-1057
-1067
-1097
-830
-415
-158
-253
-311
-126
286
522
470
536
762
1042
1035
945
908
1097
1233
1073
1016
1162
1293
1195
969
947
1086
1096
867
637
600
717
577
335
156
147
328
285
220
35
-44
3
-52
-107
-178
-197
-92
-47
-202
-372
-245
137
260
71
-114
140
388
337
161
177
573
752
627
272
266
598
666
397
115
170
457
400
49
-105
48
162
-121
-442
-571
-345
-203
-372
-534
-680
-651
-725
-807
-845
-981
-1075
-1234
-1255
-1184
-1193
-1214
-1354
-1323
-1230
-1130
-1083
-1210
-1176
-1067
-797
-740
-907
-924
-639
-116
-115
-418
-657
-360
283
394
95
-69
300
786
861
547
389
816
1352
1333
916
749
1134
1595
1600
1101
757
968
1295
1210
762
528
739
1104
1025
582
259
395
770
732
463
422
558
711
521
129
115
393
602
359
82
186
367
459
347
194
221
328
277
182
142
226
406
375
233
75
38
148
165
32
-120
-186
-222
-331
-444
-498
-509
-612
-773
-890
-941
-1042
-1108
-1126
-1096
-1127
-1372
-1570
-1720
-1661
-1631
-1608
-1640
-1618
-1535
-1531
-1457
-1435
-1412
-1337
-1202
-930
-840
-962
-976
-702
-293
-143
-227
-244
-6
350
432
377
377
608
882
900
758
664
886
1130
1115
1034
1015
1272
1404
1311
1174
1106
1229
1344
1369
1279
1145
1106
1268
1283
1190
1033
921
1038
1011
866
674
637
901
908
652
386
410
686
703
394
136
201
466
531
302
149
200
229
203
66
-39
-67
-64
-13
-86
-153
-206
-242
-228
-348
-566
-711
-703
-605
-640
-786
-974
-1031
-961
-969
-1073
-1325
-1459
-1397
-1368
-1441
-1594
-1672
-1567
-1527
-1675
-1839
-1716
-1471
-1304
-1428
-1514
-1369
-1173
-1033
-965
-850
-794
-699
-724
-551
-294
84
267
117
99
302
580
735
742
661
856
1089
1174
1072
941
1090
1451
1645
1475
1234
1375
1765
1803
1472
1328
1579
1905
1681
1250
1178
1492
1632
1293
947
954
1178
1124
773
627
656
784
698
450
369
356
330
166
40
48
102
103
10
-90
-156
-171
-190
-262
-340
-416
-484
-485
-591
-652
-635
-635
-747
-1014
-1111
-1072
-992
-1008
-1102
-1136
-1137
-1200
-1210
-1142
-1074
-1088
-1343
-1483
-1369
-1191
-1242
-1434
-1478
-1258
-1134
-1304
-1457
-1293
-960
-854
-1013
-1225
-1055
-650
-519
-575
-648
-422
-133
19
26
65
278
473
635
686
685
796
1001
1180
1288
1195
1119
1206
1366
1361
1338
1334
1425
1470
1398
1409
1453
1474
1456
1347
1264
1351
1384
1306
1154
1115
1112
1069
995
790
706
704
780
732
478
350
385
433
335
172
111
189
187
17
-146
-114
75
47
-231
-415
-404
-333
-401
-722
-869
-840
-808
-918
-1163
-1239
-1131
-1005
-1110
-1311
-1356
-1243
-1156
-1284
-1345
-1300
-1210
-1193
-1355
-1439
-1408
-1206
-1177
-1263
-1398
-1459
-1268
-1193
-1129
-1144
-1113
-1038
-948
-849
-673
-560
-463
-432
-337
-140
-70
27
136
310
459
577
598
625
827
1110
1208
1157
1183
1381
1550
1528
1463
1527
1663
1668
1571
1526
1584
1725
1700
1519
1465
1497
1536
1477
1354
1346
1331
1254
1156
1019
979
1006
977
729
506
423
492
494
278
139
57
56
-22
-87
-208
-289
-342
-365
-434
-597
-709
-707
-756
-910
-1129
-1238
-1146
-1127
-1274
-1500
-1501
-1418
-1394
-1600
-1725
-1668
-1543
-1515
-1614
-1655
-1547
-1456
-1451
-1487
-1492
-1310
-1284
-1272
-1273
-1123
-933
-879
-840
-782
-675
-538
-450
-336
-184
7
45
-16
8
143
313
397
423
527
668
753
803
870
1042
1160
1203
1181
1226
1383
1444
1490
1511
1574
1616
1546
1522
1533
1543
1558
1522
1509
1481
1302
1223
1312
1411
1243
941
832
864
887
656
469
516
653
587
289
186
328
398
223
-47
-78
40
91
-63
-231
-275
-290
-366
-655
-856
-838
-712
-736
-921
-1133
-1193
-1100
-1111
-1222
-1400
-1471
-1458
-1378
-1360
-1445
-1523
-1527
-1517
-1573
-1650
-1571
-1412
-1348
-1399
-1464
-1345
-1155
-1029
-1023
-952
-745
-539
-483
-483
-364
-128
44
48
53
149
300
347
292
306
462
613
669
654
705
914
1004
994
1037
1131
1246
1207
1158
1226
1308
1351
1301
1202
1230
1219
1140
985
873
984
993
908
844
816
897
836
677
565
539
565
421
231
218
295
390
299
141
122
194
276
206
146
146
205
225
218
195
79
32
13
19
-73
-263
-377
-411
-361
-464
-697
-820
-815
-790
-960
-1178
-1246
-1180
-1209
-1358
-1478
-1453
-1403
-1389
-1473
-1594
-1569
-1465
-1335
-1358
-1429
-1414
-1261
-1104
-1068
-1094
-1067
-864
-655
-627
-629
-497
-261
-76
-53
-83
0
265
384
415
506
660
859
895
913
1000
1156
1223
1184
1109
1111
1243
1250
1261
1240
1243
1316
1256
1194
1181
1158
1125
1074
1016
1009
979
940
920
857
788
807
892
830
670
584
599
574
431
305
280
333
319
263
229
189
274
256
116
24
-34
18
-44
-124
-244
-293
-266
-355
-454
-559
-548
-542
-576
-720
-836
-879
-860
-853
-1014
-1182
-1313
-1310
-1279
-1391
-1533
-1556
-1567
-1547
-1612
-1644
-1588
-1506
-1405
-1399
-1380
-1310
-1163
-1018
-988
-1006
-958
-804
-596
-518
-442
-301
-136
7
48
136
305
474
570
597
718
831
937
1036
1095
1195
1329
1344
1335
1338
1453
1450
1393
1416
1393
1390
1334
1337
1297
1278
1170
1053
1038
1070
1049
949
815
732
712
645
552
511
513
471
384
251
176
145
109
40
-43
-183
-217
-121
-136
-286
-464
-415
-294
-258
-403
-514
-445
-388
-421
-548
-625
-530
-465
-547
-650
-670
-562
-538
-665
-791
-887
-863
-896
-1007
-1127
-1150
-1051
-986
-1105
-1196
-1121
-951
-849
-922
-986
-965
-810
-692
-690
-729
-622
-475
-421
-372
-286
-127
-44
-9
42
165
238
296
365
482
661
733
717
691
813
942
1001
989
1014
1044
1041
1056
1030
1063
1115
1081
951
860
872
882
886
879
856
805
750
722
639
580
526
449
391
290
196
138
-3
-35
-8
23
19
-98
-125
-91
-85
-166
-264
-273
-233
-241
-331
-348
-305
-238
-262
-310
-328
-335
-280
-293
-344
-437
-497
-480
-477
-479
-544
-624
-654
-646
-640
-657
-702
-677
-660
-671
-693
-747
-668
-657
-698
-739
-703
-629
-602
-640
-696
-573
-484
-506
-575
-499
-342
-302
-359
-351
-221
-76
-16
-24
22
123
188
274
368
448
539
549
555
598
716
760
758
818
913
947
924
914
935
1051
1078
1032
977
1005
1047
999
967
945
945
852
703
614
588
560
503
384
243
227
220
156
-6
-88
-86
-136
-223
-343
-349
-333
-381
-487
-599
-601
-551
-561
-571
-547
-521
-528
-615
-637
-568
-564
-571
-635
-603
-522
-506
-535
-560
-538
-486
-512
-539
-558
-538
-414
-351
-327
-431
-413
-302
-247
-170
-195
-163
-81
-109
-150
-217
-177
-132
-117
-95
-94
-27
46
115
131
158
155
145
211
284
292
235
211
251
264
252
241
285
333
408
446
374
397
495
627
635
546
461
463
588
596
568
540
598
634
548
446
376
434
521
489
360
241
290
325
201
64
21
41
27
-87
-210
-171
-74
-96
-212
-343
-388
-347
-301
-343
-432
-386
-329
-327
-336
-378
-397
-384
-346
-356
-428
-451
-441
-369
-349
-398
-448
-416
-334
-311
-376
-443
-393
-366
-364
-452
-421
-268
-124
-131
-234
-238
-155
-66
-118
-169
-196
-115
-27
-114
-148
-164
-134
-123
-140
-79
0
63
97
168
210
299
302
242
307
368
460
462
418
439
460
528
498
456
489
486
530
561
543
570
587
604
585
600
587
567
600
556
544
452
371
351
331
266
183
77
67
90
17
-57
-65
6
-3
-67
-148
-131
-85
-125
-244
-279
-304
-318
-350
-430
-456
-470
-516
-552
-570
-610
-590
-617
-656
-641
-680
-677
-652
-611
-603
-642
-643
-602
-548
-524
-470
-447
-431
-392
-335
-301
-264
-177
-84
-51
-64
-23
48
81
24
20
61
153
252
241
262
267
270
210
204
271
332
354
348
359
310
336
332
318
355
315
237
161
261
400
411
384
312
347
404
358
320
319
413
455
408
381
382
451
517
469
441
436
405
405
369
354
296
223
161
148
155
64
-19
-48
-8
-31
-129
-206
-145
-107
-129
-179
-257
-231
-218
-246
-348
-432
-475
-476
-423
-455
-501
-570
-526
-520
-573
-615
-663
-640
-588
-571
-624
-662
-628
-552
-510
-523
-480
-431
-368
-307
-259
-195
-155
-109
-81
-62
-61
18
69
106
116
113
154
134
111
83
98
146
154
143
156
226
288
328
339
328
356
339
321
396
441
493
483
462
472
499
549
553
526
520
551
585
564
543
539
533
522
452
419
431
456
431
340
345
401
402
345
265
212
223
164
44
-9
-42
-27
-51
-127
-198
-243
-224
-235
-256
-266
-332
-371
-388
-457
-466
-491
-512
-585
-695
-701
-712
-696
-740
-729
-720
-738
-745
-749
-737
-658
-616
-613
-604
-596
-560
-489
-450
-465
-438
-369
-277
-238
-236
-191
-83
59
90
72
133
224
324
310
290
343
444
504
399
340
374
441
414
366
386
419
392
371
343
355
363
350
358
393
451
471
485
478
450
436
419
452
414
375
324
322
348
321
290
236
256
269
229
131
140
160
189
136
64
64
108
152
134
93
14
9
36
-15
-59
-85
-45
-4
-41
-129
-135
-127
-129
-209
-309
-346
-361
-403
-464
-514
-515
-502
-588
-678
-754
-728
-724
-717
-717
-714
-671
-636
-606
-632
-610
-595
-588
-542
-430
-373
-340
-292
-190
-151
-141
-139
-94
23
62
56
133
276
380
409
428
498
593
642
627
587
597
655
679
613
612
649
624
633
602
576
558
547
502
500
496
409
396
348
321
280
230
205
144
94
2
-7
7
-24
-68
-79
-79
-75
-86
-125
-171
-163
-157
-226
-248
-225
-191
-184
-227
-212
-177
-152
-155
-196
-208
-227
-244
-247
-270
-288
-258
-308
-340
-370
-379
-313
-289
-310
-319
-310
-304
-319
-346
-343
-323
-357
-402
-404
-393
-372
-361
-311
-302
-306
-288
-246
-186
-172
-164
-138
-62
17
72
155
245
324
355
358
388
422
467
438
399
440
533
572
568
609
666
701
609
555
536
573
587
542
504
476
461
422
353
326
299
237
228
176
126
102
90
71
40
-13
-40
-92
-164
-180
-183
-199
-200
-235
-247
-234
-251
-245
-289
-238
-180
-203
-223
-231
-167
-159
-181
-191
-180
-134
-126
-121
-130
-125
-75
-60
-78
-142
-194
-213
-236
-233
-327
-331
-355
-394
-430
-478
-454
-463
-503
-542
-534
-512
-480
-501
-497
-473
-475
-443
-436
-383
-368
-356
-299
-274
-222
-154
-73
-15
32
70
130
221
289
281
302
371
474
512
487
516
592
648
666
674
716
759
723
689
722
710
716
702
631
667
702
661
572
531
556
534
443
417
374
324
276
191
109
21
-78
-55
-91
-156
-205
-288
-310
-298
-285
-333
-389
-387
-343
-350
-345
-363
-326
-288
-259
-225
-246
-232
-250
-252
-263
-268
-290
-289
-283
-279
-325
-363
-322
-346
-405
-446
-429
-448
-437
-458
-434
-343
-313
-269
-240
-237
-210
-169
-159
-161
-171
-174
-203
-189
-123
-113
-117
-81
-29
4
2
48
64
64
77
98
170
245
303
366
427
461
452
440
495
544
574
594
590
614
601
550
497
480
494
477
457
403
365
380
378
343
275
244
217
169
129
106
102
32
-7
-15
-42
-91
-193
-227
-262
-270
-328
-359
-313
-295
-264
-295
-301
-305
-295
-355
-383
-317
-295
-288
-306
-274
-225
-207
-251
-237
-233
-263
-260
-258
-242
-282
-275
-323
-346
-326
-300
-263
-298
-298
-281
-235
-220
-219
-218
-197
-197
-148
-130
-143
-103
-90
-55
-53
-35
5
61
83
93
108
133
189
230
249
239
267
299
329
334
332
315
353
370
400
388
408
462
478
493
509
600
604
638
643
636
677
660
639
527
489
504
450
379
313
285
293
226
127
44
13
-12
-76
-155
-213
-199
-211
-238
-307
-333
-344
-380
-430
-499
-514
-464
-467
-474
-514
-510
-473
-495
-522
-526
-515
-500
-492
-479
-497
-461
-436
-461
-448
-411
-387
-359
-333
-303
-245
-273
-285
-284
-289
-248
-194
-153
-105
-61
-46
-5
46
97
133
157
184
228
242
277
275
272
298
301
360
356
378
384
420
458
449
476
455
465
457
417
413
418
376
373
303
275
276
311
296
237
207
221
240
219
175
113
111
67
33
10
50
49
52
40
3
2
-50
-69
-92
-118
-135
-151
-125
-137
-150
-175
-222
-234
-259
-291
-294
-267
-282
-297
-293
-291
-303
-301
-309
-327
-331
-333
-338
-351
-396
-398
-354
-359
-334
-316
-292
-251
-199
-154
-154
-154
-134
-129
-115
-141
-109
-74
-78
-23
14
48
65
58
104
156
223
254
284
296
289
360
374
396
385
472
480
455
454
432
466
433
420
379
357
337
309
269
247
253
214
232
204
170
159
143
147
94
92
99
91
90
79
63
76
43
63
44
-6
-14
-54
-70
-86
-110
-123
-123
-132
-111
-137
-154
-185
-220
-228
-253
-281
-251
-289
-324
-352
-413
-413
-408
-358
-361
-428
-432
-458
-467
-491
-508
-492
-480
-450
-449
-412
-405
-373
-361
-352
-350
-347
-361
-343
-284
-225
-172
-161
-156
-98
-46
10
80
130
202
255
277
298
367
447
468
473
504
529
586
629
635
608
581
580
570
575
567
579
577
536
530
498
501
474
442
424
366
340
324
316
298
256
220
191
148
74
13
-5
-25
-52
-118
-138
-150
-165
-182
-216
-215
-255
-307
-356
-329
-272
-292
-287
-270
-314
-312
-297
-276
-244
-249
-265
-331
-364
-348
-354
-355
-341
-318
-364
-375
-369
-340
-308
-286
-277
-298
-260
-239
-227
-234
-262
-268
-261
-231
-163
-132
-85
-38
-52
-69
-90
-79
-37
-49
-76
-9
62
92
135
147
202
227
218
246
270
362
385
428
474
490
507
532
506
485
513
503
501
525
548
505
506
519
471
415
325
312
285
266
219
155
142
96
37
-17
-55
-53
-94
-185
-221
-252
-255
-270
-257
-275
-267
-267
-303
-300
-311
-292
-278
-253
-255
-251
-235
-212
-243
-273
-286
-256
-258
-267
-260
-245
-221
-200
-222
-255
-246
-226
-285
-336
-356
-333
-305
-291
-266
-260
-232
-228
-244
-219
-185
-181
-207
-227
-161
-121
-61
-9
35
65
72
93
96
137
166
209
252
283
295
304
339
358
407
427
433
453
482
507
527
544
522
531
518
500
505
495
494
467
448
433
411
403
371
328
271
234
171
121
92
62
35
-16
-81
-101
-137
-183
-212
-251
-282
-295
-299
-283
-274
-318
-320
-302
-313
-316
-322
-278
-305
-301
-350
-374
-340
-333
-334
-327
-299
-298
-276
-252
-226
-267
-267
-285
-302
-283
-263
-228
-188
-150
-176
-175
-166
-136
-152
-151
-78
-38
-8
-28
-72
-74
-84
-79
-89
-70
-20
-3
67
71
35
66
59
42
71
113
151
179
218
240
261
263
242
241
260
304
288
264
246
260
308
296
316
327
332
352
330
324
300
292
303
274
235
198
182
170
138
143
150
135
108
69
76
81
64
44
5
-6
-35
-72
-77
-91
-105
-120
-134
-174
-176
-167
-147
-154
-183
-242
-273
-286
-283
-289
-295
-277
-259
-246
-276
-326
-306
-271
-276
-293
-289
-271
-261
-230
-244
-248
-226
-196
-164
-158
-118
-80
-78
-79
-100
-56
-5
17
11
10
42
43
56
88
108
171
210
213
232
238
260
258
258
270
271
257
269
300
308
330
368
377
379
399
394
384
366
346
327
323
315
293
276
235
198
162
118
113
72
70
55
-3
-35
-75
-100
-128
-137
-149
-179
-176
-190
-192
-225
-273
-259
-256
-257
-281
-304
-317
-337
-346
-374
-376
-379
-363
-361
-378
-333
-340
-301
-256
-267
-270
-252
-231
-203
-199
-184
-152
-129
-84
-81
-91
-125
-114
-85
-126
-112
-113
-76
-46
-59
-20
5
30
39
73
115
179
200
174
169
182
200
188
229
262
258
239
257
261
279
323
345
359
365
350
336
329
349
343
338
326
303
294
283
298
302
290
250
202
172
148
111
100
63
25
29
-9
-54
-82
-91
-63
-93
-128
-160
-198
-190
-184
-180
-170
-177
-177
-202
-199
-197
-249
-279
-281
-279
-280
-228
-233
-228
-220
-262
-263
-224
-186
-183
-167
-182
-187
-169
-133
-136
-123
-92
-73
-68
-63
-39
-34
-26
-31
-29
-19
-9
-14
-35
-46
-67
-43
-37
-61
-47
-30
-6
24
35
35
28
25
83
113
148
162
170
181
180
199
192
181
181
194
181
167
178
219
235
227
251
288
312
306
284
259
229
230
228
201
153
118
123
100
106
101
58
30
9
-10
-45
-69
-105
-106
-116
-134
-162
-197
-206
-213
-230
-230
-206
-172
-122
-147
-157
-155
-190
-199
-191
-209
-205
-209
-210
-200
-199
-165
-133
-122
-115
-100
-89
-86
-71
-60
-73
-49
-74
-111
-111
-113
-97
-93
-83
-91
-70
-80
-119
-77
-57
-49
-43
-39
-15
-5
14
24
48
80
83
91
98
118
149
137
156
158
196
209
208
209
220
235
222
213
203
195
150
148
158
182
247
249
232
264
240
232
188
193
169
178
200
179
168
162
172
147
139
131
127
91
53
10
-20
-31
-13
8
-36
-47
-19
-33
-58
-76
-98
-109
-101
-110
-132
-141
-162
-165
-167
-149
-146
-201
-218
-216
-235
-216
-212
-222
-198
-206
-198
-181
-172
-167
-195
-207
-231
-245
-250
-269
-272
-273
-252
-226
-242
-248
-241
-215
-189
-192
-201
-187
-205
-192
-146
-148
-123
-92
-62
-65
-56
-20
2
17
5
52
76
118
134
115
153
209
254
264
288
330
360
350
326
316
285
281
310
309
304
327
334
318
283
249
248
251
285
293
281
274
258
244
234
203
213
195
144
107
83
87
65
43
29
6
0
-26
-47
-68
-64
-74
-90
-101
-116
-127
-137
-137
-169
-180
-176
-183
-210
-230
-250
-244
-252
-267
-248
-227
-202
-185
-179
-185
-178
-151
-128
-154
-193
-219
-188
-210
-231
-214
-239
-226
-207
-195
-195
-205
-236
-262
-258
-267
-218
-209
-190
-155
-154
-171
-151
-101
-56
-30
-2
46
79
156
180
194
243
261
267
248
279
306
317
342
324
341
356
358
353
344
344
360
366
349
348
351
359
362
329
311
303
308
295
246
240
203
176
148
98
91
74
67
72
33
-11
-43
-72
-99
-79
-122
-139
-142
-158
-151
-196
-200
-242
-289
-307
-334
-330
-286
-276
-261
-260
-286
-264
-271
-289
-293
-303
-309
-342
-334
-322
-332
-315
-292
-287
-275
-268
-236
-209
-195
-152
-147
-136
-105
-54
-30
-32
-37
-18
-36
-52
-30
-11
-10
18
30
39
85
90
107
122
138
167
185
231
247
234
221
239
280
257
260
275
301
325
351
374
380
376
373
371
379
369
392
380
354
333
305
287
250
246
212
184
175
145
109
71
58
29
-1
-34
-45
-95
-91
-104
-154
-182
-212
-229
-235
-252
-238
-234
-268
-281
-284
-265
-265
-245
-252
-282
-301
-302
-317
-320
-315
-300
-277
-283
-317
-321
-280
-261
-256
-260
-220
-213
-218
-218
-175
-122
-112
-66
-49
-10
25
45
24
9
8
28
58
58
87
87
107
111
129
133
135
161
172
194
202
241
240
231
227
224
233
239
261
266
242
249
212
197
197
180
191
185
162
169
167
169
205
172
167
160
133
131
106
99
91
127
110
96
93
80
67
41
35
5
-3
-11
-28
-72
-107
-110
-137
-151
-145
-153
-163
-198
-211
-227
-242
-255
-248
-253
-274
-293
-280
-292
-291
-291
-296
-316
-316
-313
-326
-303
-269
-238
-238
-208
-153
-122
-115
-86
-62
-20
-30
-38
-33
26
67
67
63
58
69
70
76
65
46
62
89
107
140
186
211
179
184
181
162
149
144
136
145
170
166
176
161
137
115
106
116
102
122
107
118
137
131
148
147
177
176
169
187
198
203
218
215
207
194
180
166
169
178
184
169
132
110
107
95
62
29
-19
-57
-82
-108
-130
-133
-153
-156
-185
-214
-230
-251
-261
-306
-324
-328
-329
-291
-327
-357
-341
-370
-413
-402
-371
-357
-327
-321
-291
-254
-225
-179
-144
-122
-89
-83
-55
-39
-38
-10
3
30
66
106
128
166
184
212
205
203
235
233
223
189
210
207
213
209
223
231
245
273
264
286
306
295
267
267
266
258
229
194
171
171
193
179
149
100
75
66
44
7
7
16
-2
14
-14
-55
-70
-91
-103
-121
-136
-140
-122
-101
-106
-121
-121
-129
-160
-179
-201
-197
-218
-231
-209
-172
-158
-185
-182
-192
-191
-185
-200
-191
-181
-169
-144
-144
-126
-118
-113
-114
-107
-119
-126
-98
-107
-114
-107
-107
-80
-40
-41
-52
-21
-23
-16
-18
5
20
28
37
41
64
97
145
177
181
203
221
257
261
214
221
185
213
245
263
280
295
286
260
241
206
194
193
174
163
163
152
170
152
125
118
79
32
6
-19
-25
-12
-27
-71
-110
-116
-101
-106
-120
-121
-112
-117
-104
-105
-80
-67
-75
-43
-76
-115
-138
-126
-124
-141
-141
-147
-136
-142
-125
-110
-91
-82
-117
-127
-121
-97
-68
-88
-113
-119
-118
-104
-127
-128
-136
-128
-104
-115
-101
-91
-70
-83
-105
-113
-90
-86
-81
-58
-45
-6
25
44
13
3
0
-8
1
-6
-7
-11
0
32
54
72
101
124
131
138
172
197
233
254
274
281
267
260
245
261
282
280
268
266
227
195
173
155
149
129
140
137
108
85
69
51
37
9
14
-7
-6
-11
-34
-58
-80
-71
-73
-95
-87
-88
-115
-119
-112
-106
-94
-86
-106
-111
-118
-108
-135
-124
-122
-126
-121
-117
-121
-121
-112
-107
-87
-100
-93
-128
-157
-139
-148
-139
-117
-99
-104
-111
-123
-135
-148
-151
-137
-112
-115
-99
-68
-95
-102
-74
-61
-17
9
19
18
4
-18
-23
-14
-10
-11
-8
21
23
18
35
58
63
77
98
126
135
164
178
221
240
251
259
266
270
260
273
251
234
210
200
212
196
210
204
219
204
170
153
153
164
130
121
78
53
34
35
11
-6
-2
-37
-76
-95
-96
-99
-99
-97
-102
-125
-137
-137
-153
-175
-183
-177
-189
-207
-219
-229
-236
-254
-242
-254
-241
-232
-222
-179
-163
-160
-157
-143
-125
-116
-104
-98
-63
-64
-82
-58
-64
-59
-44
-24
-9
5
30
38
44
44
51
42
57
76
65
77
77
90
108
89
82
124
117
125
140
117
148
159
169
172
170
178
196
208
186
169
166
166
134
124
116
106
72
31
25
34
27
19
2
24
44
22
16
-4
12
7
-21
-56
-87
-93
-101
-102
-122
-106
-102
-117
-134
-195
-210
-235
-239
-257
-250
-233
-230
-209
-193
-186
-165
-161
-156
-155
-150
-115
-119
-103
-105
-104
-34
-15
11
27
17
19
32
59
66
96
111
110
124
151
140
149
145
144
143
150
140
148
150
119
129
161
148
138
107
91
88
78
85
95
98
109
124
105
120
140
156
149
155
159
144
128
105
108
93
54
40
30
3
-29
-17
-13
-18
-16
-38
-39
-44
-47
-64
-78
-66
-81
-93
-102
-105
-132
-162
-140
-152
-158
-177
-159
-191
-191
-150
-158
-136
-122
-132
-159
-188
-205
-231
-227
-199
-187
-191
-182
-166
-170
-159
-132
-93
-98
-83
-73
-32
9
44
73
60
64
55
100
126
147
153
153
175
195
197
208
219
230
247
247
273
253
211
194
182
181
172
174
170
159
150
138
109
79
66
67
56
56
52
39
28
14
-6
26
39
27
23
3
-39
-44
-44
-73
-83
-91
-93
-102
-99
-101
-76
-94
-96
-75
-71
-51
-75
-80
-86
-88
-101
-112
-108
-141
-149
-139
-141
-152
-158
-173
-175
-165
-164
-150
-155
-152
-143
-127
-115
-109
-102
-82
-75
-60
-25
-16
-16
-18
-7
23
34
43
53
65
74
85
110
134
138
134
138
131
128
113
105
120
112
110
100
90
96
78
103
139
150
159
142
139
131
112
123
131
144
147
137
120
92
65
61
55
55
45
27
19
-18
-30
-68
-94
-117
-126
-109
-112
-94
-72
-78
-80
-94
-97
-71
-70
-67
-52
-41
-36
-33
-32
-25
-17
-9
-17
-47
-78
-88
-79
-85
-94
-108
-115
-125
-140
-126
-157
-156
-127
-149
-142
-145
-159
-150
-135
-133
-130
-113
-85
-78
-61
-58
-30
7
-1
26
36
32
33
60
79
71
52
60
81
93
126
155
161
175
164
157
171
164
186
176
199
207
208
217
197
192
171
163
170
156
148
150
134
129
105
90
78
61
52
49
39
36
28
14
14
14
-7
-11
-25
-40
-38
-49
-78
-110
-115
-144
-138
-134
-160
-153
-148
-147
-164
-209
-227
-220
-206
-201
-198
-177
-145
-139
-143
-129
-117
-88
-91
-73
-84
-119
-121
-129
-113
-100
-109
-84
-95
-94
-79
-55
-21
0
27
34
31
63
77
84
92
106
127
117
134
128
129
137
140
151
146
144
144
106
96
88
86
81
96
104
97
103
93
83
57
50
47
56
56
63
43
48
54
41
41
42
46
31
41
62
78
78
66
73
75
52
43
30
-30
-40
-42
-29
-39
-32
-23
-50
-61
-83
-96
-114
-122
-144
-143
-152
-168
-161
-171
-167
-137
-121
-101
-94
-105
-101
-65
-39
-45
-38
-16
-27
-36
-38
-10
-9
-6
20
24
30
27
55
89
80
100
113
86
83
80
78
67
49
46
46
59
78
95
108
95
97
80
42
40
23
19
16
-2
-1
-4
-12
-11
-18
-17
-19
-40
-40
-64
-59
-69
-75
-41
-26
-1
-2
-10
-1
-17
-5
-3
3
7
4
35
31
31
2
14
27
33
52
43
37
27
8
2
8
-8
-18
-56
-59
-77
-70
-63
-74
-55
-39
-31
-34
-38
-64
-52
-50
-47
-14
-16
5
4
-1
-8
-13
-40
-52
-57
-32
-40
-68
-68
-95
-102
-93
-85
-57
-42
-37
-8
6
15
28
36
53
34
56
53
39
44
28
42
32
34
37
21
30
34
32
54
56
49
63
57
42
27
17
-13
3
11
11
20
-4
-8
-11
-14
-2
9
9
-3
-6
11
11
8
16
24
36
33
49
78
83
97
115
126
133
114
94
84
60
68
35
28
-8
-32
-16
-17
-13
-11
-22
-26
-18
-67
-64
-74
-81
-84
-82
-74
-72
-56
-69
-71
-48
-53
-57
-41
-29
-26
-43
-37
-46
-62
-76
-69
-56
-37
-25
-26
-20
-27
-21
-34
-28
-20
2
9
11
15
19
29
27
28
36
47
59
47
55
49
37
40
25
9
-9
-4
3
-23
-28
-26
-13
-3
-24
-25
-17
-11
-9
23
41
36
52
43
49
61
81
62
66
62
59
68
68
68
73
88
86
65
48
45
20
29
50
53
68
74
77
65
22
-19
-45
-49
-65
-46
-27
-44
-21
-31
-55
-70
-90
-85
-69
-59
-66
-63
-75
-88
-103
-93
-80
-78
-82
-89
-81
-71
-75
-64
-48
-59
-41
-43
-36
-47
-51
-71
-84
-70
-77
-55
-69
-69
-66
-55
-47
-15
-17
3
27
28
67
55
61
89
103
134
132
142
170
150
151
133
119
110
85
97
98
105
85
44
50
38
35
64
62
40
32
46
55
55
31
17
27
30
28
41
35
-16
-41
-57
-64
-50
-31
-42
-36
-35
-31
-38
-64
-64
-81
-59
-48
-79
-78
-95
-91
-74
-79
-79
-88
-69
-77
-85
-68
-84
-90
-88
-73
-62
-53
-43
-29
-15
-15
-5
-1
6
16
32
58
62
69
89
77
79
67
74
89
85
91
73
75
88
75
67
61
47
20
21
8
-9
0
-16
-41
-56
-68
-63
-47
-31
-25
-31
-32
-44
-34
-43
-50
-64
-69
-82
-111
-87
-58
-15
-5
21
21
11
9
3
24
28
40
34
16
19
14
39
25
20
13
0
14
-5
-5
-17
-29
-41
-25
-26
-10
10
24
15
27
24
28
44
13
0
-19
7
14
23
35
31
23
-12
-13
-21
-7
22
47
35
33
35
18
33
31
44
44
23
9
9
-12
6
11
23
13
-4
-10
-42
-43
-38
-35
-19
7
-3
-16
3
-16
0
5
-2
-1
-37
-61
-73
-62
-78
-94
-80
-79
-82
-51
-25
-32
-28
-10
-7
-16
-12
-3
-4
3
15
58
55
50
73
84
104
118
148
129
137
124
115
133
137
149
149
115
108
96
64
65
47
44
13
6
14
2
-22
-25
-40
-52
-51
-52
-41
-56
-70
-115
-125
-127
-115
-94
-112
-99
-102
-79
-51
-39
-29
-28
-38
-42
-46
-63
-55
-50
-27
-33
-41
-35
-29
-25
-44
-48
-48
-50
-47
-33
-16
-7
4
5
14
14
8
6
0
30
10
-2
-1
-13
-17
-18
-15
-15
-10
-13
19
27
-4
6
8
6
-1
31
44
48
59
65
78
67
69
68
66
60
69
61
67
89
99
120
105
93
93
76
85
64
59
45
33
38
27
43
43
38
67
67
40
28
15
8
-33
-41
-50
-55
-80
-82
-86
-116
-95
-97
-108
-110
-117
-141
-165
-160
-148
-134
-129
-126
-120
-118
-106
-93
-82
-58
-45
-26
-16
-32
-25
-12
-4
1
12
10
9
17
27
11
10
0
15
8
1
4
8
13
4
14
3
5
7
26
41
44
55
56
72
90
92
102
95
90
91
80
73
78
58
64
58
68
75
69
75
46
39
17
12
25
18
27
32
20
28
20
15
2
16
32
17
15
-8
-25
-23
-24
-35
-38
-28
-24
-43
-44
-49
-47
-65
-80
-82
-94
-109
-109
-96
-101
-100
-87
-81
-86
-68
-69
-42
-26
-13
-9
-26
-8
1
15
11
21
25
17
7
5
7
16
33
32
54
64
59
47
46
35
29
30
26
19
9
15
17
26
22
22
7
3
16
25
22
47
47
26
28
12
4
10
16
43
56
72
97
86
79
65
71
58
64
73
70
59
58
47
27
33
15
5
12
4
-11
-19
-39
-42
-50
-52
-53
-50
-43
-48
-54
-62
-73
-72
-67
-65
-48
-53
-68
-85
-91
-95
-91
-85
-80
-73
-76
-69
-64
-46
-48
-49
-47
-56
-36
-35
-7
12
11
13
14
10
-4
-5
-15
-2
-2
2
15
14
19
23
30
42
36
25
25
20
38
10
-3
3
0
2
19
50
53
58
57
47
24
17
22
24
34
33
45
53
45
46
37
36
32
37
40
39
50
50
65
70
62
76
75
80
80
62
50
45
46
52
49
59
52
38
46
38
44
31
22
10
4
5
0
-8
-33
-40
-49
-67
-70
-75
-91
-98
-100
-116
-121
-128
-122
-103
-105
-94
-87
-83
-95
-93
-91
-95
-99
-110
-97
-92
-89
-81
-86
-72
-51
-36
-28
-29
-29
-28
-16
-18
-20
-16
-22
-11
-22
-16
1
6
22
29
25
32
37
45
47
53
64
68
74
89
109
101
103
98
75
73
63
53
51
36
25
9
4
0
4
-6
9
17
18
31
33
40
33
17
1
-3
-4
0
-5
8
9
13
3
-2
0
8
16
12
3
14
15
16
10
8
2
-12
-14
-38
-45
-35
-33
-37
-35
-29
-22
-9
-25
-34
-19
-27
-37
-34
-7
1
5
19
28
19
22
16
8
2
-21
-21
-21
-5
-7
6
10
24
16
-4
1
-15
-1
5
11
17
20
41
40
42
43
46
34
21
23
15
12
10
-2
3
10
11
16
27
47
54
67
57
66
62
46
47
23
32
25
18
5
17
7
-2
-13
-16
-22
-36
-33
-42
-40
-33
-17
-5
1
12
17
11
-3
-19
-35
-47
-55
-52
-48
-46
-46
-42
-41
-40
-45
-42
-30
-22
-29
-37
-41
-30
-33
-27
-7
-15
-6
-15
-20
-12
-11
0
-11
-13
-26
-28
-38
-45
-40
-53
-46
-32
-18
-14
-6
-4
1
4
13
12
6
-16
-10
3
-9
-1
-13
-10
-20
-28
-27
-39
-24
-19
-15
-10
-7
4
15
26
26
36
43
75
87
84
83
88
81
69
74
88
78
70
74
61
60
43
49
55
50
40
44
54
32
23
16
0
-7
-13
-25
-25
-19
-22
-23
-22
-25
-35
-56
-53
-42
-35
-22
-19
-21
-19
-17
-22
-19
-18
-35
-30
-21
-13
-15
-7
-15
-21
-30
-36
-45
-58
-61
-65
-60
-61
-51
-31
-26
-12
-9
4
9
2
-3
4
18
25
19
24
15
20
23
28
26
5
11
14
21
25
34
35
38
37
47
46
44
52
31
19
7
3
-1
-7
5
21
22
23
34
34
34
26
26
27
26
15
7
-9
-12
-17
-14
-21
-7
-15
-23
-27
-31
-31
-34
-27
-37
-33
-46
-53
-46
-47
-46
-59
-70
-68
-72
-85
-87
-107
-99
-91
-100
-82
-80
-81
-77
-64
-51
-44
-24
-11
5
24
33
46
54
62
78
85
82
83
87
80
82
83
86
80
65
56
60
70
63
68
65
56
48
54
47
50
43
28
25
12
24
20
13
10
15
8
0
-2
-3
-5
-5
4
15
18
29
38
45
37
20
6
-10
-11
-20
-18
-25
-28
-36
-38
-36
-40
-35
