-24
-20
-19
-15
-11
-5
-7
-6
-3
-2
0
8
15
12
19
23
25
27
34
38
34
36
34
30
32
29
27
29
26
29
26
28
29
25
23
20
21
20
16
15
11
12
14
9
4
2
-8
-14
-13
-15
-22
-24
-26
-28
-23
-17
-17
-15
-11
-10
-12
-5
-2
-7
-5
-8
-7
-10
-7
-13
-11
-15
-19
-18
-21
-16
-22
-23
-25
-18
-21
-19
-13
-11
-3
0
5
9
13
15
18
22
20
17
11
12
11
8
16
3
6
-7
-9
-6
-9
-4
-4
3
9
11
24
33
42
45
57
65
71
74
76
78
76
67
55
55
41
35
34
30
24
13
0
-9
-20
-32
-39
-50
-65
-65
-79
-91
-105
-112
-126
-135
-137
-139
-134
-140
-139
-139
-133
-127
-117
-108
-97
-85
-72
-61
-46
-28
-17
-4
13
32
47
65
79
97
114
129
144
154
163
176
190
197
208
210
200
195
192
190
180
169
159
148
140
129
121
106
93
86
68
63
51
36
23
7
-7
-22
-33
-52
-64
-83
-101
-109
-123
-138
-149
-159
-173
-183
-186
-192
-198
-208
-208
-203
-210
-208
-205
-215
-209
-205
-214
-218
-217
-215
-214
-198
-192
-183
-169
-150
-122
-103
-73
-39
-2
27
54
88
127
154
183
218
241
259
282
298
311
328
345
356
362
369
372
367
361
355
333
315
292
262
232
197
161
129
92
51
13
-18
-48
-82
-103
-129
-147
-165
-181
-185
-205
-219
-223
-231
-247
-254
-275
-299
-320
-345
-369
-399
-412
-443
-461
-477
-491
-495
-492
-479
-475
-455
-415
-383
-337
-279
-216
-159
-91
-19
62
137
216
296
375
444
502
557
595
633
667
694
727
748
754
756
769
770
764
757
724
705
668
631
581
523
448
390
326
263
203
142
78
21
-35
-93
-154
-212
-265
-309
-347
-376
-405
-438
-469
-497
-525
-548
-576
-601
-628
-647
-666
-689
-699
-734
-743
-793
-807
-832
-830
-869
-899
-901
-928
-933
-950
-931
-926
-916
-879
-849
-789
-735
-657
-567
-458
-341
-190
-17
165
383
574
786
957
1139
1313
1460
1584
1717
1814
1881
1933
1962
1941
1920
1877
1828
1761
1697
1633
1553
1487
1430
1363
1274
1181
1064
950
832
702
565
427
280
97
-103
-308
-493
-661
-828
-963
-1089
-1178
-1269
-1324
-1363
-1407
-1410
-1430
-1455
-1477
-1495
-1505
-1520
-1529
-1542
-1558
-1564
-1573
-1532
-1527
-1487
-1462
-1439
-1441
-1428
-1391
-1451
-1429
-1498
-1477
-1530
-1535
-1565
-1554
-1526
-1452
-1329
-1204
-1014
-769
-480
-145
191
538
905
1271
1608
1945
2231
2504
2717
2849
2923
2991
3040
3007
2953
2841
2765
2642
2526
2378
2221
2100
1914
1757
1588
1443
1276
1125
965
768
591
352
157
-85
-275
-457
-646
-793
-957
-1070
-1171
-1257
-1315
-1384
-1423
-1457
-1481
-1501
-1496
-1529
-1539
-1532
-1543
-1564
-1561
-1568
-1568
-1540
-1495
-1395
-1305
-1206
-1085
-978
-854
-725
-652
-600
-595
-566
-549
-644
-775
-939
-1033
-1207
-1350
-1514
-1589
-1664
-1671
-1636
-1557
-1351
-1090
-769
-432
-59
373
797
1246
1647
1989
2310
2624
2870
3038
3135
3185
3213
3193
3137
3007
2885
2795
2682
2507
2321
2195
2068
1912
1683
1467
1230
939
624
315
-20
-382
-700
-1026
-1325
-1633
-1841
-2055
-2162
-2235
-2285
-2229
-2107
-1951
-1772
-1521
-1291
-1048
-868
-640
-490
-383
-295
-305
-312
-331
-354
-430
-482
-505
-489
-522
-497
-398
-312
-192
-77
73
192
252
347
278
155
-18
-217
-446
-806
-1115
-1520
-1790
-2123
-2366
-2605
-2734
-2735
-2657
-2533
-2318
-2003
-1589
-1147
-678
-251
261
762
1267
1668
2031
2299
2583
2820
2988
3110
3161
3241
3265
3254
3228
3189
3197
3187
3120
3022
2869
2750
2542
2234
1905
1524
1083
557
51
-495
-976
-1468
-1885
-2234
-2542
-2709
-2832
-2824
-2722
-2564
-2363
-2105
-1798
-1500
-1181
-847
-580
-356
-153
35
195
278
328
332
299
311
291
275
315
395
431
462
587
696
737
743
784
767
667
578
398
162
-140
-496
-865
-1263
-1627
-2056
-2430
-2760
-2971
-3148
-3276
-3309
-3277
-3128
-2965
-2774
-2516
-2182
-1826
-1542
-1216
-895
-594
-300
39
381
755
1059
1467
1855
2211
2579
2920
3299
3606
3844
4000
4110
4250
4260
4167
4018
3807
3531
3207
2838
2203
1891
1228
819
161
-187
-622
-1059
-1294
-1617
-1674
-1847
-1778
-1762
-1652
-1477
-1358
-1124
-966
-714
-618
-446
-254
-204
-85
-81
30
8
75
14
12
-31
-22
-44
-120
-65
-64
-124
-162
-170
-213
-363
-429
-548
-655
-871
-956
-1169
-1346
-1574
-1751
-2114
-2337
-2586
-2854
-3121
-3354
-3448
-3567
-3671
-3636
-3588
-3395
-3189
-3004
-2725
-2365
-2012
-1669
-1198
-740
-269
222
769
1302
1796
2305
2788
3204
3623
4001
4343
4629
4855
5002
5097
5094
5114
5036
4845
4669
4428
4130
3773
3456
2901
2514
1978
1548
1026
513
204
-403
-667
-1128
-1358
-1649
-1793
-1873
-1993
-1990
-1993
-1839
-1793
-1668
-1532
-1520
-1354
-1315
-1271
-1274
-1169
-1254
-1272
-1309
-1330
-1383
-1400
-1420
-1495
-1487
-1448
-1462
-1389
-1319
-1220
-1197
-1133
-1107
-1083
-1104
-1122
-1157
-1296
-1415
-1602
-1814
-2145
-2239
-2582
-2757
-3028
-3142
-3226
-3282
-3250
-3201
-2961
-2693
-2430
-2093
-1742
-1268
-866
-429
20
529
960
1430
1941
2346
2801
3216
3666
4024
4403
4733
5036
5282
5461
5573
5588
5612
5598
5491
5281
4999
4747
4274
3880
3298
2831
2257
1755
1214
612
143
-376
-875
-1312
-1704
-2046
-2341
-2555
-2729
-2822
-2962
-2976
-2940
-2938
-2914
-2888
-2793
-2789
-2741
-2734
-2685
-2642
-2623
-2586
-2471
-2349
-2255
-2100
-1883
-1734
-1490
-1289
-1029
-813
-597
-427
-280
-176
-101
-10
-9
-66
-131
-289
-404
-711
-917
-1220
-1474
-1721
-2064
-2216
-2489
-2496
-2674
-2661
-2708
-2658
-2520
-2339
-2149
-1910
-1625
-1261
-879
-407
6
545
1038
1592
2114
2654
3159
3711
4205
4681
5030
5359
5617
5820
5888
5933
5883
5815
5639
5378
5015
4643
4206
3812
3178
2649
2106
1561
935
331
-148
-804
-1240
-1768
-2174
-2595
-2897
-3167
-3470
-3598
-3703
-3703
-3733
-3746
-3611
-3541
-3425
-3348
-3150
-3059
-2889
-2762
-2576
-2440
-2284
-2072
-1903
-1744
-1562
-1367
-1084
-924
-679
-404
-99
53
220
448
586
635
627
673
575
411
261
17
-301
-584
-937
-1158
-1548
-1728
-2052
-2202
-2375
-2521
-2620
-2615
-2538
-2475
-2280
-2063
-1814
-1477
-1110
-715
-362
152
689
1246
1782
2357
2940
3497
4029
4527
4959
5265
5631
5842
5936
5933
5853
5767
5537
5223
4849
4383
3930
3457
2946
2201
1780
1063
608
-102
-559
-1086
-1670
-2053
-2546
-2878
-3267
-3494
-3738
-3979
-4096
-4236
-4197
-4247
-4110
-4031
-3960
-3750
-3610
-3302
-3095
-2727
-2421
-1992
-1693
-1352
-977
-673
-316
-108
251
617
774
1048
1216
1446
1388
1489
1531
1457
1318
1286
1184
980
747
578
153
-168
-509
-809
-1134
-1572
-1858
-2249
-2476
-2760
-3014
-3195
-3331
-3406
-3367
-3274
-3102
-2874
-2502
-2137
-1683
-1277
-641
42
712
1364
2077
2749
3427
3968
4520
4923
5269
5571
5801
5846
5847
5763
5681
5456
5190
4793
4408
3943
3457
2929
2390
1885
1259
758
218
-335
-897
-1350
-1850
-2297
-2685
-2959
-3231
-3451
-3559
-3658
-3718
-3678
-3565
-3454
-3369
-3189
-2986
-2743
-2575
-2259
-1956
-1677
-1383
-1082
-781
-504
-289
-73
127
268
379
516
622
693
707
733
740
662
624
535
432
268
56
-110
-452
-825
-1098
-1459
-1745
-2244
-2507
-2912
-3199
-3465
-3648
-3864
-4015
-3953
-3824
-3731
-3551
-3244
-2817
-2378
-1856
-1335
-713
-43
657
1324
1973
2618
3272
3938
4502
5026
5449
5895
6156
6324
6416
6453
6412
6321
6021
5713
5347
4934
4505
4001
3482
2870
2322
1763
1228
696
172
-352
-849
-1332
-1835
-2218
-2592
-2930
-3213
-3462
-3662
-3789
-3838
-3919
-3962
-3982
-3930
-3865
-3727
-3578
-3393
-3155
-2901
-2643
-2339
-2049
-1809
-1546
-1296
-1004
-768
-522
-240
-68
126
294
425
492
500
540
417
387
305
175
-78
-358
-562
-965
-1210
-1662
-1940
-2308
-2551
-2773
-3037
-3205
-3276
-3215
-3149
-3075
-2877
-2611
-2206
-1816
-1355
-873
-299
336
914
1564
2167
2757
3353
3947
4459
4923
5331
5725
6030
6225
6347
6381
6366
6291
6085
5786
5445
5067
4679
4180
3538
3020
2361
1763
1046
330
-322
-966
-1594
-2113
-2603
-3111
-3464
-3733
-4036
-4232
-4355
-4354
-4386
-4276
-4171
-4005
-3829
-3654
-3402
-3185
-3000
-2749
-2482
-2287
-2038
-1751
-1520
-1282
-1030
-737
-430
-248
-41
171
364
424
551
687
693
619
589
511
387
158
-14
-328
-710
-982
-1331
-1542
-1981
-2209
-2523
-2679
-2883
-2999
-3074
-3046
-3019
-2855
-2761
-2506
-2226
-1748
-1367
-857
-460
132
738
1339
1944
2579
3191
3818
4430
5014
5454
5870
6198
6495
6562
6608
6549
6426
6181
5832
5363
4903
4400
3908
3238
2530
1863
1224
563
-121
-750
-1321
-1902
-2430
-2853
-3350
-3739
-3995
-4286
-4500
-4614
-4647
-4600
-4517
-4325
-4122
-3889
-3651
-3266
-2878
-2549
-2179
-1797
-1402
-1061
-722
-324
-54
218
393
658
834
878
960
1050
1094
1012
972
923
785
582
392
293
70
-176
-375
-708
-1117
-1401
-1786
-2042
-2553
-2824
-3145
-3368
-3579
-3732
-3877
-3919
-3871
-3719
-3510
-3282
-2896
-2353
-1864
-1341
-825
-175
548
1185
1898
2538
3212
3848
4530
5063
5545
5890
6244
6556
6649
6644
6630
6505
6300
5913
5527
5020
4561
4000
3432
2703
1976
1466
639
57
-721
-1180
-1789
-2376
-2771
-3257
-3642
-3947
-4136
-4309
-4404
-4367
-4255
-4021
-3863
-3546
-3311
-3020
-2670
-2245
-1897
-1615
-1319
-937
-656
-440
-203
42
233
298
401
535
584
559
668
643
651
608
549
451
231
52
-84
-320
-567
-814
-1023
-1444
-1735
-2079
-2289
-2541
-2899
-3038
-3260
-3327
-3456
-3526
-3515
-3452
-3353
-3188
-3059
-2785
-2488
-2024
-1563
-1024
-572
102
737
1388
2038
2762
3382
4034
4678
5229
5687
6059
6362
6554
6531
6503
6350
6160
5797
5363
4889
4421
3865
3359
2787
2137
1570
1036
547
70
-383
-785
-1137
-1537
-1903
-2129
-2407
-2649
-2882
-3018
-3158
-3289
-3346
-3347
-3403
-3445
-3458
-3325
-3211
-3082
-2890
-2600
-2398
-2114
-1834
-1545
-1340
-1136
-886
-713
-599
-479
-378
-359
-337
-360
-325
-333
-392
-455
-409
-451
-497
-495
-508
-606
-808
-915
-1074
-1239
-1550
-1717
-1907
-2149
-2376
-2592
-2763
-2959
-2952
-2871
-2912
-2805
-2558
-2209
-1854
-1407
-870
-275
339
1005
1702
2368
3017
3633
4251
4783
5200
5550
5816
6036
6109
6059
5982
5852
5661
5364
5033
4624
4221
3796
3348
2873
2404
1946
1469
1025
573
108
-309
-775
-1196
-1570
-1877
-2207
-2523
-2765
-2948
-3178
-3313
-3387
-3440
-3482
-3488
-3421
-3380
-3342
-3270
-3132
-3092
-2990
-2811
-2700
-2480
-2343
-2169
-1969
-1766
-1545
-1426
-1157
-1031
-873
-706
-513
-345
-264
-98
-16
24
33
9
-5
-219
-294
-441
-564
-758
-1063
-1232
-1470
-1589
-1833
-1963
-2101
-2197
-2123
-2087
-1999
-1830
-1556
-1225
-948
-495
-48
525
972
1587
2159
2720
3257
3807
4314
4702
5023
5298
5575
5662
5658
5632
5518
5402
5168
4901
4553
4160
3753
3361
2919
2437
1939
1472
981
476
28
-392
-837
-1274
-1723
-2057
-2379
-2661
-2907
-3121
-3308
-3480
-3600
-3644
-3707
-3737
-3718
-3643
-3624
-3571
-3488
-3360
-3255
-3087
-2900
-2600
-2363
-2184
-1896
-1631
-1355
-1072
-831
-549
-333
-108
115
269
413
571
652
707
723
728
724
630
452
298
-49
-230
-568
-922
-1227
-1602
-1826
-2160
-2388
-2536
-2664
-2644
-2614
-2510
-2374
-2074
-1692
-1273
-817
-317
328
859
1489
2073
2591
3115
3618
4087
4492
4837
5153
5411
5490
5582
5543
5477
5412
5231
5037
4696
4425
4107
3699
3246
2745
2270
1753
1235
730
223
-209
-671
-1117
-1514
-1834
-2142
-2434
-2741
-2936
-3134
-3324
-3385
-3446
-3497
-3605
-3574
-3574
-3569
-3559
-3547
-3427
-3417
-3303
-3164
-2972
-2793
-2633
-2370
-2121
-1793
-1508
-1141
-872
-609
-294
-84
141
304
478
547
610
577
560
487
287
61
-125
-407
-631
-933
-1186
-1434
-1674
-1762
-1920
-2087
-2180
-2228
-2198
-2107
-2072
-1899
-1653
-1335
-1040
-743
-298
174
638
1192
1753
2282
2803
3422
3985
4492
4964
5379
5714
5880
6010
6077
6061
5950
5771
5522
5096
4675
4199
3767
3188
2671
2146
1627
1123
628
130
-301
-768
-1168
-1526
-1911
-2272
-2627
-2975
-3251
-3503
-3748
-3896
-4010
-4103
-4246
-4276
-4187
-4172
-4102
-4021
-3839
-3655
-3439
-3170
-2835
-2503
-2276
-1930
-1571
-1273
-983
-682
-399
-162
52
248
384
436
491
557
570
524
522
502
426
230
172
-32
-221
-411
-702
-909
-1239
-1455
-1720
-1999
-2204
-2390
-2448
-2484
-2507
-2354
-2151
-1790
-1442
-1013
-515
81
678
1327
2030
2683
3260
3889
4431
4956
5350
5709
6006
6131
6184
6195
6059
5890
5655
5350
4973
4557
4151
3772
3321
2809
2242
1763
1221
627
52
-550
-1086
-1692
-2247
-2769
-3304
-3737
-4145
-4456
-4722
-4954
-4972
-4993
-4916
-4821
-4600
-4400
-4145
-3786
-3430
-3101
-2798
-2463
-2164
-1882
-1661
-1414
-1155
-980
-814
-604
-438
-224
-31
240
442
596
801
945
1067
1061
1159
1180
1102
974
877
765
414
169
-196
-483
-883
-1230
-1481
-1832
-2010
-2267
-2434
-2545
-2547
-2441
-2277
-2153
-1884
-1512
-1050
-586
-103
431
1024
1602
2224
2784
3378
3850
4395
4900
5304
5607
5898
6139
6218
6192
6060
5860
5615
5180
4748
4207
3660
3093
2519
1886
1256
618
70
-531
-1075
-1593
-2083
-2518
-2885
-3261
-3574
-3884
-4118
-4365
-4491
-4615
-4725
-4740
-4756
-4695
-4644
-4476
-4310
-4075
-3806
-3543
-3172
-2825
-2487
-2146
-1722
-1399
-1086
-741
-403
-121
196
502
746
945
1098
1251
1384
1431
1485
1517
1518
1445
1392
1326
1234
1105
861
621
422
111
-116
-434
-627
-938
-1144
-1274
-1504
-1673
-1771
-1817
-1809
-1828
-1724
-1513
-1225
-895
-476
-25
486
1072
1683
2273
2826
3388
3921
4392
4772
5059
5233
5398
5364
5202
5015
4725
4445
3922
3651
3251
2729
2367
1917
1415
832
374
-12
-464
-921
-1225
-1613
-2021
-2265
-2687
-3010
-3332
-3554
-3815
-4060
-4148
-4248
-4313
-4357
-4265
-4216
-4137
-3922
-3707
-3469
-3239
-2893
-2662
-2346
-2090
-1780
-1501
-1256
-892
-629
-368
-37
293
528
786
1087
1292
1470
1598
1741
1801
1840
1856
1822
1798
1726
1640
1425
1260
1087
867
667
328
141
-163
-428
-654
-879
-1118
-1277
-1371
-1413
-1499
-1425
-1247
-990
-743
-423
-37
407
881
1378
1841
2296
2696
3130
3505
3803
4021
4170
4252
4237
4084
3972
3704
3507
3177
2816
2430
1943
1547
1136
702
225
-204
-558
-948
-1245
-1600
-1848
-2126
-2384
-2624
-2876
-2983
-3132
-3269
-3335
-3370
-3405
-3434
-3371
-3291
-3155
-3076
-2909
-2717
-2575
-2415
-2200
-1961
-1734
-1429
-1134
-875
-617
-371
-118
124
376
588
825
980
1080
1211
1298
1390
1429
1505
1486
1474
1445
1376
1270
1147
1003
802
634
375
179
-30
-302
-520
-790
-929
-1129
-1328
-1477
-1568
-1557
-1520
-1466
-1367
-1122
-868
-562
-236
101
578
1037
1601
2030
2475
2872
3281
3561
3848
4033
4143
4207
4103
3999
3854
3566
3331
2973
2607
2146
1694
1276
914
395
-69
-432
-823
-1162
-1543
-1818
-2103
-2408
-2613
-2828
-2966
-3155
-3221
-3260
-3340
-3289
-3188
-3025
-3014
-2853
-2701
-2471
-2305
-2101
-1779
-1548
-1332
-1040
-713
-516
-375
-106
131
293
418
640
813
837
979
1141
1243
1227
1244
1325
1253
1184
1143
1140
966
790
676
608
455
295
179
111
-135
-271
-393
-502
-688
-854
-908
-1016
-1170
-1249
-1242
-1260
-1281
-1218
-1052
-858
-669
-376
-68
246
653
1084
1501
1913
2297
2663
3053
3316
3479
3576
3640
3562
3395
3198
2939
2583
2192
1780
1367
868
462
80
-204
-598
-902
-1185
-1318
-1628
-1739
-1897
-2039
-2140
-2312
-2299
-2491
-2588
-2616
-2699
-2753
-2817
-2775
-2742
-2710
-2606
-2368
-2202
-2001
-1657
-1341
-1010
-735
-322
35
295
554
912
1153
1281
1456
1591
1689
1696
1688
1841
1753
1733
1697
1643
1561
1434
1355
1273
1143
959
891
781
690
579
538
438
271
160
61
-32
-332
-442
-626
-801
-977
-1203
-1311
-1516
-1669
-1708
-1857
-1944
-1957
-1794
-1695
-1518
-1298
-925
-575
-233
249
694
1066
1434
1760
2042
2173
2249
2263
2201
1993
1807
1524
1329
991
683
414
106
-81
-288
-335
-420
-499
-488
-457
-332
-324
-194
-134
-128
-166
-214
-215
-333
-419
-541
-685
-859
-984
-1071
-1130
-1098
-1089
-1004
-879
-728
-586
-336
-65
207
453
701
945
1160
1342
1470
1546
1599
1581
1552
1520
1432
1357
1226
1075
936
746
630
539
418
301
194
117
57
-13
-62
-130
-280
-432
-619
-761
-1007
-1256
-1573
-1862
-2156
-2469
-2765
-3011
-3238
-3370
-3426
-3452
-3315
-3107
-2828
-2494
-2123
-1649
-1174
-656
-132
406
833
1229
1603
1883
2124
2237
2271
2227
2140
2044
1881
1702
1525
1386
1291
1210
1199
1237
1298
1332
1394
1501
1530
1573
1623
1600
1542
1436
1270
1025
756
439
104
-274
-543
-822
-1040
-1221
-1353
-1434
-1429
-1402
-1288
-1083
-880
-663
-407
-172
49
222
368
488
521
589
626
662
632
567
527
458
353
295
284
222
162
165
217
214
234
258
313
281
234
242
198
28
-122
-340
-555
-832
-1154
-1410
-1764
-2023
-2269
-2515
-2710
-2868
-2884
-2866
-2850
-2704
-2484
-2191
-1919
-1610
-1234
-838
-421
-1
347
685
948
1198
1361
1500
1593
1662
1702
1741
1717
1750
1746
1789
1793
1821
1860
1878
1919
1986
2023
2022
1967
1962
1806
1599
1409
1130
881
461
139
-191
-551
-840
-1087
-1260
-1482
-1578
-1613
-1623
-1521
-1289
-1014
-758
-402
19
356
632
913
1169
1382
1412
1508
1538
1437
1306
1189
1080
893
647
499
330
144
-3
-84
-111
-181
-221
-200
-207
-267
-338
-364
-426
-547
-692
-794
-1012
-1275
-1551
-1771
-2100
-2391
-2648
-2821
-3087
-3246
-3327
-3408
-3505
-3439
-3317
-3162
-3109
-2966
-2726
-2464
-2185
-1861
-1533
-1203
-857
-498
-156
250
580
947
1335
1671
2030
2387
2680
2959
3150
3354
3530
3683
3799
3821
3790
3703
3609
3502
3348
3172
2951
2722
2411
2133
1857
1611
1334
1109
887
676
478
332
213
87
-1
-53
-94
-117
-165
-153
-188
-251
-237
-227
-245
-310
-338
-386
-476
-522
-570
-584
-633
-675
-698
-720
-733
-722
-691
-676
-634
-609
-580
-573
-591
-605
-668
-733
-862
-980
-1118
-1252
-1434
-1561
-1700
-1853
-2016
-2156
-2248
-2418
-2518
-2654
-2721
-2848
-2890
-2896
-2941
-3014
-3031
-3027
-2983
-2920
-2797
-2618
-2391
-2142
-1809
-1423
-987
-496
19
533
1053
1591
2110
2604
3037
3438
3779
3971
4182
4313
4365
4387
4306
4277
4189
4041
3896
3719
3594
3452
3291
3145
3031
2844
2665
2485
2310
2087
1844
1576
1314
1038
786
512
246
-24
-285
-565
-791
-1010
-1239
-1389
-1589
-1741
-1856
-1989
-2102
-2203
-2260
-2312
-2347
-2332
-2294
-2264
-2152
-2081
-1983
-1909
-1800
-1650
-1534
-1441
-1331
-1190
-1152
-1086
-1068
-1030
-1043
-1062
-1080
-1112
-1154
-1194
-1208
-1246
-1274
-1303
-1333
-1381
-1461
-1462
-1602
-1697
-1807
-1909
-1973
-2044
-2129
-2156
-2216
-2164
-2073
-1918
-1713
-1430
-1124
-768
-364
53
521
1024
1528
2051
2527
2988
3398
3742
4028
4251
4418
4496
4517
4508
4425
4339
4234
4079
3936
3772
3616
3473
3367
3240
3107
2969
2793
2686
2524
2379
2146
1928
1650
1328
1004
639
261
-170
-619
-1039
-1440
-1781
-2137
-2418
-2657
-2874
-3035
-3187
-3228
-3263
-3261
-3208
-3055
-2919
-2721
-2534
-2365
-2183
-2032
-1876
-1769
-1703
-1656
-1612
-1628
-1681
-1665
-1648
-1656
-1664
-1647
-1563
-1549
-1504
-1407
-1326
-1283
-1209
-1080
-1003
-947
-885
-876
-860
-955
-1000
-1088
-1200
-1315
-1392
-1425
-1515
-1550
-1525
-1489
-1371
-1236
-1036
-759
-451
-118
290
690
1108
1548
1972
2350
2683
2954
3237
3435
3621
3808
3941
4017
4085
4133
4136
4142
4117
4064
4008
3865
3766
3692
3597
3493
3366
3284
3140
2977
2724
2473
2194
1858
1495
1140
763
374
11
-395
-779
-1170
-1488
-1818
-2091
-2337
-2490
-2625
-2761
-2845
-2850
-2891
-2890
-2850
-2808
-2790
-2801
-2767
-2773
-2783
-2823
-2850
-2852
-2843
-2825
-2812
-2787
-2759
-2719
-2622
-2492
-2370
-2212
-2020
-1876
-1683
-1489
-1338
-1217
-1069
-926
-878
-760
-714
-629
-565
-568
-551
-527
-516
-537
-470
-424
-331
-231
-131
20
156
284
462
563
678
847
1067
1235
1454
1662
1892
2105
2312
2577
2819
3025
3223
3381
3548
3693
3844
3945
4044
4075
4109
4090
4040
3944
3878
3681
3539
3334
3103
2911
2649
2394
2107
1788
1458
1064
741
395
83
-245
-537
-851
-1095
-1348
-1611
-1822
-2053
-2212
-2435
-2614
-2771
-2967
-3134
-3263
-3355
-3512
-3633
-3735
-3829
-3902
-3947
-3962
-3947
-3909
-3819
-3728
-3562
-3402
-3217
-2988
-2741
-2480
-2224
-1962
-1731
-1509
-1287
-1048
-813
-617
-395
-205
-31
202
348
534
678
803
946
1070
1166
1237
1351
1381
1460
1474
1473
1424
1374
1317
1219
1128
1038
953
902
846
852
835
884
916
1025
1154
1350
1573
1843
2117
2397
2624
2885
3068
3232
3347
3434
3454
3473
3430
3327
3208
3042
2888
2715
2541
2351
2170
2008
1809
1647
1410
1232
995
753
477
212
-62
-383
-640
-960
-1257
-1551
-1878
-2224
-2508
-2772
-3057
-3334
-3539
-3730
-3915
-4046
-4168
-4246
-4291
-4342
-4291
-4192
-4087
-3947
-3755
-3555
-3370
-3177
-2915
-2642
-2381
-2093
-1805
-1499
-1188
-927
-625
-362
-137
82
347
581
778
986
1200
1374
1516
1664
1814
1927
1987
2072
2103
2102
2064
2000
1895
1733
1606
1417
1236
1012
796
638
465
312
187
106
19
-16
72
131
293
474
652
900
1112
1319
1591
1812
2009
2210
2398
2547
2673
2754
2833
2831
2791
2782
2766
2664
2581
2460
2341
2205
2037
1849
1659
1440
1220
995
769
487
256
-38
-353
-665
-978
-1340
-1664
-1986
-2327
-2626
-2930
-3220
-3516
-3783
-4001
-4200
-4335
-4494
-4567
-4597
-4552
-4478
-4328
-4150
-3894
-3626
-3334
-2987
-2635
-2271
-1881
-1473
-1075
-702
-348
-21
317
584
842
1076
1247
1406
1590
1710
1815
1911
1985
2019
2058
2077
2100
2088
2055
2050
1986
1947
1848
1757
1656
1515
1386
1242
1102
934
779
666
452
313
149
-12
-89
-193
-254
-259
-209
-183
-55
107
316
526
779
1037
1288
1465
1726
1997
2200
2372
2544
2605
2617
2616
2524
2401
2233
2012
1747
1528
1245
1021
764
480
292
53
-154
-399
-622
-858
-1098
-1359
-1600
-1853
-2140
-2399
-2678
-2932
-3182
-3405
-3607
-3797
-3930
-4029
-4119
-4104
-4049
-3961
-3802
-3585
-3322
-3004
-2716
-2379
-1996
-1618
-1235
-871
-494
-195
81
368
607
830
972
1127
1277
1378
1484
1646
1748
1833
1930
1996
2046
2128
2163
2214
2233
2204
2215
2154
2071
2008
1942
1837
1726
1592
1472
1337
1175
1029
878
738
555
412
291
159
46
-58
-137
-161
-198
-155
-89
-24
74
187
261
357
451
524
552
609
691
762
799
800
787
767
707
664
621
552
472
388
293
220
128
35
-77
-215
-345
-489
-658
-833
-1063
-1238
-1480
-1675
-1894
-2083
-2282
-2468
-2555
-2709
-2789
-2839
-2885
-2863
-2822
-2726
-2640
-2534
-2388
-2199
-2015
-1749
-1546
-1337
-1129
-930
-680
-468
-213
-15
216
480
706
956
1229
1483
1726
1943
2182
2347
2517
2674
2778
2874
2896
2921
2887
2845
2729
2602
2443
2245
2022
1857
1683
1489
1320
1150
978
793
633
501
355
223
61
-114
-286
-474
-660
-822
-984
-1189
-1310
-1443
-1578
-1697
-1807
-1868
-1911
-1892
-1874
-1748
-1614
-1443
-1235
-1032
-782
-548
-278
-89
177
398
605
746
874
1003
1036
1065
1053
1032
971
943
858
749
639
502
390
280
153
-24
-157
-324
-507
-635
-827
-951
-1102
-1236
-1336
-1447
-1551
-1657
-1754
-1806
-1855
-1870
-1842
-1808
-1721
-1556
-1356
-1176
-948
-719
-408
-118
125
386
633
846
1051
1227
1403
1573
1702
1840
1974
2059
2148
2215
2227
2236
2206
2180
2125
2038
1947
1858
1718
1573
1450
1308
1177
988
816
612
385
169
-45
-254
-516
-765
-992
-1197
-1412
-1636
-1816
-1988
-2158
-2298
-2384
-2467
-2518
-2494
-2481
-2423
-2345
-2229
-2092
-1927
-1720
-1563
-1342
-1096
-806
-525
-276
27
320
616
930
1209
1485
1719
1941
2117
2283
2428
2491
2551
2545
2501
2425
2279
2102
1884
1622
1367
1102
846
497
197
-62
-377
-649
-911
-1090
-1312
-1486
-1603
-1735
-1793
-1858
-1849
-1837
-1786
-1697
-1589
-1454
-1351
-1179
-981
-774
-579
-366
-122
89
290
522
719
897
1051
1187
1309
1404
1522
1603
1665
1713
1757
1761
1771
1747
1636
1521
1372
1200
1004
786
551
325
59
-213
-470
-748
-1017
-1298
-1578
-1800
-1989
-2179
-2331
-2464
-2559
-2628
-2650
-2611
-2584
-2518
-2387
-2259
-2100
-1878
-1667
-1439
-1187
-876
-580
-258
76
428
800
1126
1448
1763
2054
2324
2572
2765
2909
3034
3083
3113
3097
3002
2895
2682
2463
2219
1964
1666
1407
1094
759
412
98
-214
-516
-759
-1051
-1275
-1497
-1681
-1844
-1982
-2092
-2159
-2203
-2208
-2165
-2095
-1988
-1855
-1703
-1523
-1298
-1075
-820
-562
-334
-75
175
449
725
933
1147
1329
1470
1633
1715
1774
1808
1832
1812
1775
1729
1611
1463
1262
1091
888
666
427
184
-80
-364
-605
-835
-1015
-1197
-1358
-1505
-1607
-1735
-1825
-1880
-1919
-1966
-1998
-1987
-1999
-1961
-1933
-1862
-1761
-1644
-1473
-1284
-1072
-867
-640
-403
-166
94
341
599
832
1026
1250
1412
1573
1728
1844
1951
1966
1997
1999
1966
1920
1854
1778
1674
1552
1452
1357
1221
1087
959
842
684
520
395
284
107
-91
-261
-471
-621
-760
-922
-1017
-1111
-1182
-1215
-1232
-1247
-1209
-1136
-1045
-916
-792
-630
-510
-367
-212
-76
73
206
352
462
537
612
637
651
643
622
582
518
459
394
318
238
147
57
-50
-148
-238
-342
-423
-504
-604
-690
-773
-830
-863
-916
-930
-977
-1010
-1009
-1046
-1040
-1040
-1014
-963
-945
-882
-813
-764
-650
-556
-418
-290
-136
-9
119
199
305
429
494
575
676
765
828
904
957
1034
1113
1163
1212
1294
1314
1372
1356
1374
1398
1407
1386
1336
1267
1171
1060
938
795
627
485
323
165
-15
-146
-269
-375
-476
-563
-617
-715
-751
-797
-819
-810
-839
-838
-804
-795
-798
-784
-780
-773
-771
-770
-726
-691
-675
-652
-608
-539
-482
-386
-280
-146
-27
67
168
244
308
404
462
512
599
611
610
595
558
509
449
379
268
153
32
-71
-171
-240
-306
-383
-437
-485
-493
-512
-509
-493
-509
-497
-520
-537
-561
-573
-580
-563
-533
-508
-498
-496
-486
-483
-449
-400
-349
-302
-235
-202
-97
5
103
233
348
462
576
659
758
851
888
941
957
998
997
1004
1029
1011
991
970
943
915
871
867
825
817
788
752
734
668
609
518
401
291
172
25
-119
-240
-378
-510
-661
-743
-836
-880
-897
-930
-879
-829
-786
-683
-589
-525
-407
-337
-254
-161
-113
-34
32
59
118
163
158
189
231
246
235
218
191
188
171
137
122
108
65
36
-14
-91
-165
-294
-356
-487
-603
-687
-799
-915
-1004
-1082
-1212
-1261
-1319
-1331
-1333
-1334
-1296
-1227
-1139
-1057
-928
-821
-687
-584
-474
-340
-191
-46
95
246
392
536
682
834
993
1146
1302
1432
1567
1689
1792
1857
1948
2006
2032
2034
2021
2002
1931
1864
1756
1634
1504
1337
1157
963
762
614
421
227
51
-129
-322
-482
-631
-762
-874
-978
-1042
-1111
-1171
-1221
-1260
-1255
-1257
-1273
-1228
-1192
-1131
-1066
-991
-898
-799
-713
-626
-516
-427
-314
-194
-105
-13
52
123
176
197
231
250
230
177
151
75
23
-76
-181
-231
-310
-391
-502
-617
-702
-811
-900
-969
-1017
-1095
-1175
-1227
-1270
-1295
-1299
-1249
-1206
-1141
-1031
-938
-798
-670
-489
-294
-103
96
308
522
731
975
1197
1416
1595
1773
1955
2079
2195
2263
2324
2363
2365
2381
2345
2284
2195
2080
1960
1811
1686
1503
1329
1151
921
745
561
388
188
37
-166
-334
-454
-620
-721
-853
-992
-1115
-1199
-1284
-1371
-1418
-1467
-1475
-1474
-1484
-1424
-1348
-1271
-1181
-1102
-970
-854
-733
-620
-501
-384
-302
-212
-117
-30
6
19
20
19
-16
-41
-75
-134
-208
-254
-310
-361
-440
-500
-546
-595
-672
-728
-763
-828
-857
-878
-919
-938
-952
-996
-959
-968
-953
-880
-843
-768
-671
-563
-440
-305
-149
20
219
413
639
880
1066
1278
1475
1643
1796
1924
2011
2119
2168
2195
2204
2189
2133
2052
1951
1841
1732
1609
1525
1393
1264
1093
984
873
729
604
452
337
221
95
-41
-148
-280
-417
-523
-642
-767
-899
-987
-1081
-1146
-1206
-1240
-1206
-1190
-1145
-1095
-1051
-1003
-963
-941
-882
-853
-823
-744
-693
-666
-614
-581
-553
-508
-513
-513
-517
-569
-570
-568
-585
-607
-633
-654
-681
-746
-792
-782
-774
-790
-817
-811
-785
-772
-768
-727
-697
-636
-595
-508
-409
-298
-199
-94
45
139
239
351
454
571
714
848
981
1082
1187
1312
1372
1447
1554
1613
1687
1735
1746
1779
1773
1750
1722
1701
1644
1569
1510
1443
1373
1274
1189
1098
987
885
776
677
554
398
252
137
3
-151
-277
-359
-454
-586
-643
-714
-788
-855
-917
-959
-996
-1036
-1075
-1069
-1086
-1108
-1124
-1141
-1164
-1166
-1181
-1196
-1187
-1191
-1198
-1203
-1193
-1166
-1176
-1199
-1179
-1150
-1116
-1061
-1027
-991
-964
-957
-923
-888
-827
-795
-742
-682
-620
-508
-441
-350
-255
-162
-81
0
96
176
271
376
477
591
711
833
946
1045
1142
1199
1279
1346
1410
1472
1502
1538
1559
1568
1601
1604
1600
1561
1504
1439
1357
1279
1219
1132
1074
1013
954
884
829
788
703
641
580
508
442
355
259
159
72
-20
-101
-166
-234
-297
-385
-436
-487
-539
-587
-622
-669
-726
-783
-827
-863
-897
-970
-1012
-1083
-1134
-1163
-1228
-1295
-1372
-1436
-1488
-1513
-1535
-1562
-1575
-1580
-1572
-1570
-1545
-1514
-1463
-1410
-1342
-1255
-1164
-1084
-990
-873
-788
-666
-515
-376
-233
-107
26
163
312
464
600
746
851
992
1136
1262
1380
1486
1542
1630
1730
1786
1802
1819
1837
1830
1823
1780
1742
1694
1626
1569
1503
1422
1349
1248
1156
1074
969
875
777
659
540
408
319
241
161
93
29
-60
-136
-210
-279
-321
-391
-443
-460
-476
-487
-527
-549
-564
-583
-596
-618
-641
-656
-701
-722
-762
-814
-895
-916
-937
-986
-986
-1025
-1068
-1105
-1164
-1211
-1223
-1275
-1283
-1293
-1300
-1301
-1302
-1288
-1303
-1314
-1311
-1307
-1276
-1259
-1208
-1137
-1082
-1019
-930
-820
-698
-586
-457
-290
-126
38
242
430
623
815
1000
1174
1341
1489
1604
1724
1802
1890
1961
2022
2060
2076
2078
2077
2039
1997
1936
1844
1745
1635
1552
1462
1358
1257
1153
1053
941
801
684
582
471
321
204
85
-44
-172
-296
-393
-485
-590
-650
-680
-731
-785
-816
-840
-856
-865
-857
-820
-765
-724
-682
-621
-605
-565
-542
-541
-553
-576
-598
-601
-611
-661
-705
-750
-803
-861
-876
-910
-947
-943
-946
-971
-974
-1002
-1027
-1041
-1051
-1056
-1072
-1088
-1140
-1136
-1126
-1127
-1126
-1084
-1028
-956
-860
-756
-633
-525
-381
-225
-68
107
292
468
645
833
987
1161
1343
1470
1585
1726
1828
1899
1948
2003
2062
2075
2078
2082
2052
2010
1964
1864
1801
1715
1587
1481
1354
1231
1098
968
832
688
540
395
261
139
-5
-131
-239
-349
-445
-523
-597
-671
-731
-788
-845
-878
-912
-948
-927
-922
-909
-907
-880
-860
-824
-795
-791
-779
-764
-699
-675
-656
-640
-634
-665
-690
-708
-752
-784
-850
-898
-936
-994
-1069
-1123
-1175
-1207
-1273
-1326
-1342
-1364
-1354
-1349
-1311
-1283
-1220
-1115
-1070
-1002
-892
-780
-643
-512
-378
-238
-75
105
296
464
651
850
1060
1239
1426
1624
1798
1938
2063
2174
2256
2321
2355
2392
2392
2346
2293
2226
2136
2070
1985
1864
1760
1622
1478
1329
1151
961
783
624
471
354
169
-3
-169
-301
-403
-530
-635
-740
-820
-902
-983
-1030
-1051
-1078
-1075
-1067
-1039
-1030
-1037
-1018
-1027
-1013
-965
-964
-937
-882
-849
-800
-773
-753
-715
-669
-638
-622
-614
-598
-586
-553
-530
-519
-540
-572
-597
-630
-687
-726
-760
-776
-821
-853
-833
-847
-858
-827
-797
-763
-685
-611
-491
-407
-287
-177
-78
56
167
265
373
478
580
670
789
900
1019
1105
1181
1286
1352
1399
1442
1497
1531
1588
1587
1599
1622
1580
1560
1494
1388
1345
1280
1190
1080
943
825
693
540
387
248
142
24
-89
-198
-327
-427
-495
-576
-620
-668
-702
-712
-736
-747
-758
-752
-739
-727
-715
-733
-713
-706
-693
-663
-642
-606
-603
-586
-571
-571
-547
-518
-501
-488
-455
-457
-474
-456
-463
-430
-427
-431
-425
-454
-473
-499
-492
-505
-547
-556
-588
-616
-597
-614
-577
-526
-496
-434
-368
-318
-276
-216
-120
-40
17
115
190
284
376
444
554
668
754
795
852
927
938
994
1002
1051
1060
1053
1090
1106
1107
1098
1111
1111
1102
1036
1001
969
916
870
813
733
668
609
514
449
388
282
202
144
72
21
-44
-99
-139
-182
-228
-318
-382
-395
-418
-451
-498
-523
-552
-588
-626
-622
-603
-574
-568
-577
-545
-568
-581
-594
-582
-578
-631
-650
-672
-713
-756
-813
-802
-844
-868
-899
-901
-888
-898
-894
-869
-802
-759
-717
-678
-641
-589
-556
-496
-407
-331
-262
-185
-110
-44
35
91
166
241
279
313
388
447
527
580
624
670
713
773
838
872
929
961
974
996
971
978
972
954
959
952
944
909
888
874
857
819
806
797
738
694
653
615
572
526
508
485
418
370
341
288
223
173
115
73
-2
-112
-207
-300
-375
-465
-541
-621
-665
-743
-785
-812
-869
-917
-959
-980
-1013
-1041
-1066
-1071
-1082
-1058
-1058
-1053
-1044
-1049
-1026
-989
-970
-952
-888
-847
-796
-732
-661
-566
-475
-390
-291
-179
-72
50
137
218
297
380
432
487
534
559
593
611
632
627
628
638
666
687
713
738
757
765
735
703
677
677
633
627
614
575
566
519
492
463
428
402
398
380
369
364
340
350
333
324
361
346
345
335
318
316
306
302
281
274
245
218
188
152
97
68
0
-36
-75
-139
-223
-310
-338
-391
-432
-484
-556
-600
-671
-725
-788
-841
-894
-935
-993
-1018
-1043
-1099
-1103
-1145
-1145
-1140
-1142
-1122
-1077
-1025
-979
-917
-829
-738
-667
-520
-418
-330
-254
-187
-70
24
154
256
326
420
486
568
663
692
766
827
827
852
862
896
896
876
878
873
861
830
805
771
730
675
626
575
525
449
387
347
298
229
200
211
190
183
182
179
177
197
177
161
172
161
158
169
150
134
135
121
109
95
83
86
98
99
102
81
66
39
2
-24
-70
-116
-178
-232
-287
-344
-378
-427
-494
-534
-570
-604
-617
-651
-684
-716
-740
-767
-781
-782
-779
-801
-763
-744
-744
-739
-680
-660
-624
-510
-433
-356
-293
-230
-174
-85
-13
25
84
145
204
263
327
404
450
513
539
570
594
608
643
642
658
633
600
553
525
488
447
386
337
309
265
214
198
169
144
118
97
80
73
80
73
79
76
65
70
71
70
81
84
85
87
112
112
111
136
158
195
227
267
292
306
318
304
282
255
223
201
152
67
-17
-93
-158
-235
-317
-366
-415
-472
-513
-553
-563
-626
-672
-690
-685
-677
-692
-695
-685
-700
-726
-725
-726
-703
-682
-638
-565
-495
-439
-365
-258
-161
-56
23
111
193
260
331
366
426
479
509
539
576
597
650
662
664
695
677
652
624
592
569
560
493
462
402
366
313
251
216
156
144
115
75
23
-20
-57
-77
-101
-128
-135
-121
-118
-123
-93
-76
-67
-90
-90
-81
-106
-132
-124
-123
-95
-67
-49
-28
6
4
-1
0
-17
-26
-5
28
41
37
38
53
44
30
14
28
22
4
5
-23
-64
-115
-146
-181
-202
-226
-236
-223
-255
-282
-289
-297
-298
-289
-314
-321
-331
-346
-323
-297
-235
-198
-207
-180
-166
-134
-132
-130
-105
-90
-63
-50
-30
-20
-1
-4
19
38
60
77
79
110
123
120
115
141
172
143
126
136
122
151
159
168
172
191
163
147
115
117
117
118
134
116
147
138
156
178
192
177
202
224
250
262
270
296
330
305
282
289
291
288
281
293
267
213
171
117
66
35
-7
-35
-70
-88
-115
-127
-122
-159
-185
-219
-223
-235
-251
-269
-261
-259
-284
-297
-307
-325
-351
-345
-365
-332
-319
-337
-329
-305
-288
-269
-246
-206
-188
-164
-150
-140
-109
-46
-5
1
56
61
63
50
63
53
52
61
76
109
110
127
165
217
199
218
229
217
222
222
223
234
221
209
202
187
168
135
122
122
113
97
100
82
109
100
118
137
144
139
125
121
121
113
99
100
72
48
13
-13
-61
-69
-88
-125
-135
-126
-133
-170
-184
-202
-193
-202
-195
-187
-168
-156
-152
-98
-68
-57
-76
-73
-79
-78
-104
-110
-88
-90
-102
-115
-94
-90
-88
-77
-53
-39
-60
-60
-50
-32
-20
6
12
25
22
-1
-4
22
0
-19
-10
1
2
-19
-5
-27
-56
-78
-65
-59
-62
-51
-49
-55
-66
-73
-90
-64
-52
-63
-63
-80
-69
-85
-89
-58
-44
-37
-32
-23
14
49
69
116
160
199
257
310
368
413
435
465
490
500
497
490
483
467
466
464
452
436
385
346
302
255
210
160
122
89
24
-20
-43
-58
-109
-127
-158
-172
-156
-180
-190
-196
-213
-241
-265
-321
-339
-356
-386
-395
-384
-391
-398
-373
-362
-311
-290
-272
-221
-214
-210
-203
-209
-209
-189
-169
-168
-170
-178
-201
-209
-231
-268
-287
-309
-353
-377
-387
-403
-410
-433
-409
-380
-335
-299
-265
-222
-195
-173
-140
-114
-74
-33
11
53
94
123
145
191
204
254
292
345
396
417
464
515
551
591
656
705
755
775
828
865
878
908
913
902
855
801
731
665
610
554
493
446
369
320
264
201
156
115
67
45
-11
-68
-119
-179
-233
-288
-348
-391
-426
-466
-504
-521
-561
-578
-594
-605
-633
-630
-617
-626
-598
-618
-611
-637
-621
-597
-558
-522
-518
-505
-461
-420
-384
-339
-318
-251
-207
-197
-157
-124
-95
-60
-40
-5
-10
17
41
60
88
79
104
126
121
125
140
184
216
245
291
313
324
333
328
328
328
340
345
344
344
358
397
405
434
441
461
483
490
497
483
475
484
464
449
415
374
344
333
312
286
262
218
175
128
76
16
-37
-65
-110
-141
-191
-222
-248
-297
-342
-377
-416
-458
-486
-526
-556
-578
-602
-625
-630
-648
-661
-672
-681
-679
-666
-660
-647
-604
-586
-602
-586
-528
-466
-426
-390
-379
-345
-299
-269
-221
-154
-104
-48
12
47
124
171
217
272
330
378
432
458
509
566
563
594
579
578
570
539
544
560
549
536
528
508
517
504
493
500
518
547
551
556
552
528
509
497
469
426
384
333
297
240
210
180
137
82
30
-19
-57
-80
-88
-103
-107
-118
-146
-157
-177
-202
-223
-234
-266
-270
-266
-273
-301
-336
-394
-426
-444
-434
-437
-437
-408
-394
-380
-372
-374
-369
-368
-389
-391
-410
-434
-442
-437
-448
-467
-435
-441
-441
-406
-410
-394
-383
-375
-352
-326
-312
-274
-241
-225
-189
-138
-104
-67
-49
-8
31
69
134
152
177
203
228
237
252
265
280
292
344
375
408
436
465
480
507
514
538
572
583
598
575
584
555
550
541
552
548
525
494
464
436
396
392
378
387
359
338
311
287
256
217
198
181
153
84
24
-19
-91
-159
-205
-240
-255
-288
-341
-351
-403
-459
-485
-485
-491
-514
-545
-571
-591
-607
-612
-601
-579
-586
-591
-616
-618
-631
-637
-626
-612
-596
-606
-616
-602
-570
-529
-466
-412
-340
-294
-236
-194
-135
-63
-16
58
103
163
213
239
312
376
416
472
505
541
578
601
620
648
671
663
669
679
697
703
711
704
713
708
723
743
718
699
659
619
581
562
516
488
470
410
373
332
281
241
203
176
127
89
21
-48
-106
-180
-273
-363
-426
-472
-532
-564
-610
-649
-680
-718
-729
-770
-760
-790
-818
-813
-825
-847
-848
-827
-809
-791
-779
-756
-744
-714
-667
-623
-572
-498
-445
-410
-374
-327
-258
-197
-91
-13
26
74
126
167
211
261
312
344
374
402
403
418
411
416
418
452
490
478
475
467
461
479
489
535
578
585
577
580
570
594
597
616
649
614
600
600
571
574
580
576
559
516
494
430
389
360
309
260
218
158
115
66
-12
-57
-79
-128
-193
-221
-261
-285
-328
-391
-447
-511
-577
-628
-675
-715
-770
-798
-816
-847
-839
-836
-807
-780
-774
-728
-707
-665
-634
-590
-554
-536
-519
-496
-461
-435
-402
-373
-319
-244
-199
-159
-117
-84
-47
4
53
117
174
215
284
338
391
438
469
539
565
597
617
627
638
648
652
642
641
608
569
523
490
452
416
423
430
431
423
397
390
372
349
331
303
307
286
278
278
261
219
158
132
96
71
22
-6
-32
-60
-62
-64
-80
-79
-79
-111
-143
-171
-184
-225
-248
-285
-305
-330
-371
-374
-375
-402
-401
-415
-409
-411
-436
-423
-428
-419
-395
-376
-377
-367
-387
-370
-365
-377
-375
-360
-337
-327
-308
-316
-304
-270
-259
-223
-192
-153
-108
-104
-67
-20
-20
4
30
29
36
25
22
19
40
51
89
129
95
112
127
170
194
192
239
278
316
356
385
424
439
448
478
484
494
503
511
533
537
531
540
509
481
440
390
370
323
308
317
314
301
286
304
297
268
246
220
184
137
83
34
20
15
-25
-53
-92
-140
-175
-209
-234
-276
-308
-298
-324
-352
-376
-435
-481
-508
-566
-577
-567
-586
-578
-581
-602
-619
-606
-634
-650
-661
-655
-631
-593
-545
-503
-455
-426
-373
-320
-259
-203
-130
-95
-65
-15
15
70
107
125
180
194
241
275
298
320
346
371
375
399
403
412
401
403
411
406
423
435
475
489
488
491
507
506
497
557
566
548
578
571
555
517
512
488
471
462
431
400
340
287
228
182
114
92
63
-9
-52
-87
-166
-215
-226
-282
-328
-362
-408
-463
-513
-540
-606
-646
-670
-694
-680
-678
-690
-727
-698
-655
-623
-589
-587
-561
-525
-527
-503
-461
-427
-383
-352
-302
-251
-201
-178
-138
-94
-64
31
27
25
49
57
100
110
151
162
215
245
268
298
338
374
373
393
416
400
375
393
360
356
384
402
412
406
386
381
398
411
417
407
414
436
435
422
413
386
386
386
344
298
272
248
214
183
157
130
116
116
105
102
90
62
43
11
-22
-45
-77
-113
-167
-224
-244
-293
-329
-367
-398
-416
-448
-460
-515
-562
-594
-604
-562
-579
-580
-595
-586
-555
-565
-550
-536
-503
-479
-459
-394
-349
-339
-284
-237
-210
-166
-160
-111
-67
-56
-7
31
85
135
164
178
221
241
271
281
301
323
312
336
343
353
339
325
330
316
274
239
255
234
232
206
175
172
204
211
217
251
245
238
212
199
190
201
231
229
263
262
294
293
282
293
290
291
248
237
215
216
198
190
182
151
141
100
86
67
34
24
10
-45
-83
-109
-121
-140
-190
-200
-226
-271
-334
-358
-387
-409
-419
-458
-462
-477
-505
-534
-529
-532
-530
-517
-501
-466
-446
-407
-386
-346
-312
-255
-221
-197
-135
-99
-57
-12
53
92
120
175
166
160
170
187
231
256
263
289
266
273
262
263
247
241
227
204
192
158
151
134
156
152
120
115
105
68
30
-3
-7
-13
-21
-47
-65
-40
-32
-67
-17
12
14
38
39
91
110
131
154
179
186
192
198
228
246
220
232
204
216
210
199
173
127
113
75
51
30
28
11
-3
-38
-50
-78
-123
-164
-215
-263
-347
-367
-367
-393
-411
-441
-423
-409
-400
-381
-351
-320
-313
-275
-255
-236
-196
-152
-117
-84
-32
8
61
104
125
144
195
182
203
211
227
246
262
289
268
282
265
268
254
221
218
171
136
110
72
23
-12
-41
-47
-58
-48
-76
-84
-60
-78
-99
-110
-85
-62
-60
-90
-72
-26
-8
18
23
36
30
50
82
84
116
132
164
192
219
229
234
229
222
193
148
121
134
101
116
121
85
87
43
38
26
24
-20
-54
-41
-68
-106
-123
-123
-144
-180
-211
-234
-260
-298
-306
-316
-315
-315
-293
-279
-278
-242
-230
-205
-195
-164
-131
-92
-78
-65
-53
-55
-33
-33
-13
7
28
37
62
65
84
84
97
99
71
80
62
76
87
102
105
107
90
54
60
27
2
35
25
21
13
10
-15
-17
-13
-5
8
-12
-9
-8
4
16
16
22
34
45
60
41
70
79
105
136
124
125
125
145
166
159
164
169
166
160
127
77
42
49
39
10
8
13
12
21
23
20
11
