7
7
3
-4
-3
-2
-2
-1
-2
-2
-5
-9
-9
-8
-6
-5
-12
-17
-22
-24
-22
-26
-25
-26
-25
-27
-31
-28
-20
-13
-12
-11
-10
-16
-16
-14
-17
-12
-12
-10
-5
-6
-9
-9
-10
-9
-6
-8
-6
-3
-5
-1
0
-1
-2
-1
-3
-5
-8
-7
-2
1
7
8
11
17
17
14
21
18
25
27
32
34
27
29
32
24
18
13
9
15
10
8
10
15
17
13
17
15
9
3
9
10
9
7
1
-4
-11
-15
-18
-16
-15
-13
-17
-17
-22
-16
-10
-12
-10
-14
-15
-16
-12
-10
-13
-14
-14
-11
-13
-8
-5
-4
-5
-4
-4
-5
-5
-7
-13
-13
-12
-12
-9
-12
-12
-15
-15
-10
-7
3
1
6
15
16
24
30
33
35
40
38
40
36
31
27
24
27
27
28
22
16
9
0
1
4
6
7
4
-3
-5
-6
-12
-10
-18
-21
-25
-32
-29
-35
-36
-36
-33
-25
-27
-28
-27
-29
-27
-24
-21
-13
-9
1
12
14
19
18
16
15
17
19
20
18
12
12
6
3
4
5
2
5
11
16
17
12
11
10
6
2
3
0
-7
-6
-3
-7
-10
-10
-15
-18
-19
-23
-25
-22
-23
-23
-25
-21
-21
-17
-10
-11
-17
-16
-12
-16
-13
-16
-12
-11
-5
0
0
1
-6
-5
-4
-7
-4
-9
-8
-5
-7
-8
-9
-8
-7
-9
-7
-9
-10
-10
-11
-8
-9
-10
-8
0
0
1
7
11
17
19
22
31
39
42
45
54
55
51
51
48
51
46
43
43
48
50
52
54
52
54
55
63
65
63
61
57
46
36
35
30
32
25
18
14
4
5
-1
-9
-15
-19
-27
-34
-37
-41
-45
-44
-56
-55
-58
-62
-53
-51
-49
-49
-47
-45
-43
-47
-48
-44
-42
-43
-42
-35
-36
-35
-34
-35
-28
-23
-23
-18
-11
-11
-11
-6
-1
2
2
9
13
17
16
18
17
17
19
17
11
6
2
-1
2
5
3
3
6
6
1
8
16
15
19
23
21
24
23
21
28
27
25
24
20
19
18
13
8
0
0
-4
-6
-6
-13
-13
-14
-17
-21
-21
-20
-22
-30
-39
-42
-39
-35
-35
-39
-38
-37
-38
-35
-34
-32
-29
-25
-30
-30
-32
-29
-27
-26
-19
-11
3
8
17
22
16
19
24
27
31
38
40
38
40
38
36
36
35
35
39
36
39
37
41
42
38
36
38
38
40
38
37
37
36
35
32
33
30
28
30
30
20
17
15
16
7
-2
-2
-7
-9
-14
-16
-17
-23
-26
-29
-33
-35
-35
-40
-37
-38
-41
-41
-48
-50
-49
-50
-45
-45
-44
-48
-44
-33
-27
-23
-21
-17
-19
-21
-18
-16
-18
-18
-17
-15
-11
-3
-2
2
3
4
4
-1
0
1
10
13
18
20
18
19
22
18
18
19
24
29
27
26
26
26
24
19
22
20
20
18
15
10
4
6
1
2
1
-1
-4
-10
-13
-19
-21
-25
-27
-25
-23
-19
-20
-16
-18
-20
-15
-14
-11
-10
-10
-10
-9
-11
-14
-13
-15
-23
-17
-6
1
6
5
1
5
8
0
-3
-5
-9
-12
-3
0
7
11
12
11
13
15
17
17
14
20
19
27
33
32
39
38
43
48
52
57
62
66
64
55
58
58
52
41
35
29
22
16
12
13
14
13
12
12
7
3
1
5
-4
-5
-3
-9
-11
-19
-16
-18
-20
-26
-34
-30
-28
-26
-28
-30
-30
-27
-28
-26
-27
-26
-28
-27
-20
-19
-18
-15
-15
-21
-17
-15
-13
-8
-8
-4
-11
-11
-11
-8
-3
-8
-12
-8
-4
-3
-8
-7
-4
-4
-3
0
8
11
10
9
4
1
1
3
1
-4
-7
-10
-16
-19
-21
-19
-21
-21
-19
-16
-12
-12
-13
-15
-14
-14
-18
-21
-19
-18
-23
-23
-18
-18
-19
-20
-23
-26
-22
-21
-17
-22
-23
-25
-23
-16
-16
-9
-7
-1
11
10
13
18
15
16
15
18
20
25
31
33
30
36
46
45
46
48
44
48
48
51
50
49
52
44
44
41
32
28
22
23
20
13
15
10
13
11
13
15
10
14
11
9
-1
-5
-8
-9
-9
-12
-15
-20
-22
-25
-27
-28
-27
-29
-32
-31
-35
-29
-28
-35
-33
-37
-43
-46
-42
-34
-36
-32
-35
-34
-28
-31
-26
-22
-11
-4
-4
3
6
10
7
5
12
10
8
8
4
-2
-6
-6
-4
-2
-2
-2
1
1
4
4
6
7
6
8
7
1
4
7
4
6
6
2
1
-1
-5
-5
-10
-5
-5
-3
0
3
7
6
5
6
8
8
10
9
7
10
14
13
15
18
25
30
32
38
45
50
49
47
42
34
29
26
28
33
28
23
18
11
10
13
12
14
16
13
9
6
11
7
10
11
2
-5
-10
-12
-19
-12
-14
-17
-16
-20
-22
-23
-19
-14
-11
-9
-5
-5
-6
-3
-5
-8
-14
-15
-18
-17
-11
-13
-13
-17
-21
-20
-23
-22
-23
-24
-19
-23
-21
-12
-7
-13
-13
-11
-8
-3
-2
-4
-9
-5
0
0
5
5
9
8
8
10
7
6
3
-1
-4
-3
-3
2
-1
0
0
-1
-3
-5
-5
-4
-4
-2
-3
1
-3
-9
-9
-13
-11
-18
-21
-22
-25
-21
-21
-19
-13
-5
-2
2
9
8
19
25
24
26
26
24
26
27
26
28
31
30
29
28
24
20
17
22
20
15
13
9
0
-8
-7
-12
-17
-18
-15
-12
-16
-15
-18
-28
-34
-38
-40
-40
-32
-31
-31
-27
-26
-27
-29
-27
-19
-16
-11
-6
1
2
3
7
10
16
19
17
20
22
28
28
30
27
26
29
22
19
24
28
25
30
35
31
28
31
29
24
22
22
23
17
10
15
8
7
5
-4
-13
-20
-23
-24
-32
-36
-40
-42
-41
-43
-43
-38
-33
-27
-22
-21
-16
-21
-19
-23
-15
-16
-22
-19
-21
-23
-26
-28
-25
-18
-19
-20
-22
-18
-12
-9
-2
4
11
18
22
22
24
20
19
15
16
22
16
21
28
32
32
30
26
25
22
21
23
30
30
28
27
23
12
0
-6
-14
-19
-16
-14
-14
-7
-6
-5
-5
-5
-3
-7
-8
-3
-2
-2
-5
-8
-10
-13
-13
-13
-9
-8
-7
-5
3
5
3
11
15
15
15
15
21
22
16
17
18
22
23
22
17
11
12
15
15
20
13
7
5
6
7
6
10
8
12
9
13
12
6
2
-4
-8
-10
-7
-7
2
3
0
4
4
2
2
-4
-1
-3
-4
-4
-10
-8
-9
-8
-9
-13
-15
-18
-24
-31
-24
-20
-10
-5
-4
4
2
3
4
10
14
14
11
1
8
3
1
1
-1
-2
-3
0
-1
-2
1
5
3
1
4
8
1
-2
-5
-12
-18
-23
-30
-34
-35
-33
-40
-43
-45
-50
-49
-49
-40
-39
-37
-27
-22
-14
-8
-1
11
16
15
17
14
14
15
9
5
6
4
2
3
10
15
18
20
17
24
25
29
33
37
37
32
37
37
39
35
32
30
23
20
11
7
6
9
12
10
8
-3
-22
-27
-42
-53
-51
-45
-36
-35
-21
1
12
31
46
59
71
73
81
85
86
87
97
95
78
71
72
69
48
27
10
-13
-37
-66
-97
-122
-120
-127
-130
-126
-119
-112
-103
-105
-107
-103
-87
-74
-73
-62
-56
-43
-38
-38
-39
-45
-37
-49
-64
-72
-65
-65
-57
-48
-40
-30
-27
-21
-14
-8
-1
3
8
17
29
45
57
61
57
55
54
44
48
44
46
42
29
32
42
59
60
71
79
95
110
113
106
103
108
101
89
83
83
74
64
60
56
56
56
51
47
40
32
27
21
14
14
27
29
33
35
43
54
44
38
28
19
3
-13
-16
-28
-28
-35
-39
-48
-47
-39
-43
-57
-61
-70
-75
-85
-86
-93
-107
-108
-111
-117
-120
-109
-105
-109
-107
-97
-94
-108
-100
-74
-66
-66
-58
-24
-17
3
11
13
27
19
18
16
22
26
25
0
-22
-13
-14
-6
-18
-12
0
16
45
64
73
79
105
110
124
143
160
172
184
211
236
251
263
256
250
256
241
223
209
183
139
104
78
32
-14
-47
-82
-106
-136
-144
-144
-142
-128
-143
-147
-145
-148
-137
-136
-144
-136
-130
-134
-163
-181
-197
-217
-238
-236
-234
-249
-257
-261
-269
-269
-248
-234
-207
-191
-139
-107
-97
-92
-94
-97
-98
-80
-80
-68
-50
-64
-63
-65
-87
-93
-112
-124
-137
-146
-141
-155
-144
-124
-88
-45
-7
69
144
230
325
413
513
591
671
751
824
862
898
945
961
969
968
974
930
870
775
674
573
472
370
241
114
7
-107
-175
-271
-364
-414
-472
-475
-506
-526
-504
-482
-465
-469
-445
-425
-429
-444
-414
-387
-378
-368
-362
-371
-392
-397
-414
-426
-452
-474
-497
-535
-585
-626
-667
-689
-687
-685
-659
-616
-553
-483
-416
-334
-269
-232
-300
-409
-562
-642
-697
-773
-894
-975
-925
-821
-720
-640
-459
-208
53
316
577
803
1104
1452
1729
1951
2128
2373
2635
2736
2726
2689
2645
2630
2472
2265
2075
1909
1686
1313
978
685
432
135
-184
-428
-641
-809
-919
-998
-1059
-1043
-999
-938
-846
-770
-623
-543
-488
-427
-394
-311
-285
-319
-292
-267
-246
-253
-238
-229
-195
-243
-362
-472
-580
-742
-928
-1119
-1284
-1402
-1564
-1698
-1758
-1746
-1777
-1795
-1788
-1667
-1537
-1416
-1242
-1058
-888
-621
-364
-215
-65
81
184
309
429
281
-250
-831
-1087
-1070
-1302
-1741
-1981
-1828
-1500
-1334
-1301
-1093
-693
-49
536
806
1015
1543
2344
2836
3040
3115
3540
4049
4327
4291
4089
4131
4296
4265
3938
3563
3339
3159
2884
2339
1806
1168
575
67
-320
-777
-1420
-1884
-1973
-2055
-2377
-2627
-2577
-2242
-2040
-1914
-1825
-1464
-1066
-769
-669
-522
-261
-15
39
-7
59
265
561
511
426
400
410
353
83
-130
-322
-419
-695
-1093
-1486
-1685
-1849
-2154
-2485
-2664
-2513
-2462
-2510
-2433
-2029
-1649
-1509
-1471
-1313
-938
-635
-513
-470
-426
-244
-77
-110
-273
-575
-798
-1105
-1338
-1484
-1655
-1791
-1868
-1668
-1458
-1277
-1157
-938
-477
105
537
762
1077
1698
2303
2670
2966
3362
3959
4324
4353
4289
4302
4475
4361
4049
3654
3408
3116
2627
2031
1677
1392
986
515
67
-131
-259
-498
-648
-692
-801
-925
-1105
-1166
-1190
-1167
-1085
-1059
-1021
-992
-905
-795
-701
-544
-477
-382
-262
-119
74
215
265
251
190
20
-162
-436
-751
-971
-1182
-1450
-1846
-2107
-2289
-2374
-2444
-2554
-2507
-2538
-2567
-2587
-2524
-2333
-2218
-2151
-2140
-2045
-1897
-1661
-1515
-1265
-1069
-877
-605
-343
-249
-537
-827
-1017
-928
-973
-1242
-1461
-1347
-1023
-757
-703
-725
-405
342
1067
1512
1779
2257
3094
3815
4305
4500
4784
5377
5668
5530
5146
4927
4892
4729
4324
3688
3182
2783
2474
2036
1534
946
280
-178
-487
-748
-1274
-1775
-1956
-2160
-2571
-2967
-3103
-2916
-2839
-2923
-3017
-2839
-2334
-1977
-1768
-1543
-1097
-595
-329
-153
145
591
965
1049
970
951
913
740
371
-123
-497
-876
-1362
-1940
-2319
-2488
-2604
-2799
-3028
-3114
-2926
-2782
-2738
-2621
-2367
-2011
-1810
-1666
-1384
-999
-669
-385
-185
103
590
1023
1289
1424
1679
1873
1862
1817
1427
900
300
-145
-534
-1137
-1597
-1908
-1863
-1721
-1627
-1347
-997
-500
156
760
1312
1689
2345
3030
3472
3678
3787
4157
4428
4334
4065
3981
4002
3945
3611
3195
3067
2903
2590
1953
1420
1048
553
-192
-1017
-1567
-1919
-2353
-2748
-2911
-2912
-2810
-2756
-2496
-2187
-1821
-1483
-1156
-733
-400
-37
278
480
650
839
932
972
930
867
880
745
542
181
-193
-499
-777
-1187
-1603
-1884
-2124
-2361
-2597
-2777
-2912
-3026
-3216
-3262
-3174
-2990
-2812
-2566
-2189
-1793
-1415
-1112
-710
-220
220
576
877
1142
1295
1412
1540
1566
1304
472
-349
-1094
-1242
-1607
-2195
-2618
-2647
-2281
-2035
-1946
-1630
-1024
-115
612
1036
1403
1871
2810
3466
3757
3824
3980
4472
4784
4739
4546
4416
4463
4508
4381
4029
3780
3619
3446
2995
2388
1612
934
377
-297
-950
-1792
-2283
-2543
-2829
-3220
-3570
-3461
-3157
-2938
-2832
-2674
-2111
-1527
-1271
-1102
-832
-262
21
69
17
129
383
543
623
558
613
594
338
25
-216
-250
-483
-882
-1386
-1657
-1745
-1913
-2193
-2389
-2332
-2272
-2342
-2360
-2237
-1896
-1613
-1518
-1563
-1478
-1107
-926
-817
-674
-311
79
257
322
511
853
1084
950
808
811
923
612
-129
-779
-1101
-1152
-1701
-2227
-2430
-2120
-1748
-1745
-1656
-1172
-504
276
829
1365
1818
2291
2788
3113
3441
3745
4176
4442
4478
4497
4462
4483
4380
4213
3954
3609
3218
2789
2364
1782
1228
704
16
-629
-1049
-1363
-1582
-1766
-1701
-1771
-1752
-1547
-1454
-1280
-1277
-1103
-938
-900
-873
-864
-723
-651
-610
-593
-533
-335
-72
57
84
18
-58
-235
-518
-784
-982
-1338
-1671
-1953
-2157
-2314
-2564
-2660
-2739
-2858
-2990
-3141
-3059
-2913
-2771
-2570
-2378
-2116
-1862
-1448
-979
-589
-246
96
457
841
1058
1163
1182
1280
1320
1237
723
-51
-691
-1181
-1285
-1683
-2033
-2182
-1985
-1549
-1175
-845
-365
221
952
1542
2013
2385
2858
3491
3909
4177
4235
4462
4897
5211
5202
5077
5038
5009
4929
4443
3892
3415
3023
2535
1655
828
91
-499
-956
-1457
-1861
-2310
-2482
-2600
-2648
-2653
-2764
-2664
-2572
-2490
-2438
-2476
-2213
-1936
-1777
-1765
-1720
-1368
-1133
-990
-861
-602
-342
-226
-96
104
167
-6
-287
-627
-859
-1143
-1602
-1887
-2094
-2197
-2335
-2435
-2331
-2166
-1857
-1694
-1645
-1552
-1419
-1060
-844
-609
-387
-185
-41
15
187
325
608
824
873
886
869
949
897
816
738
651
438
133
-317
-653
-916
-1050
-1267
-1555
-1614
-1371
-998
-681
-330
-7
413
825
1403
1900
2346
2620
2913
3121
3210
3255
3472
3799
3865
3649
3410
3271
3176
2976
2699
2438
2165
1842
1509
1081
837
504
89
-434
-975
-1165
-1306
-1334
-1478
-1639
-1777
-1807
-1863
-1840
-1867
-1863
-1782
-1697
-1630
-1548
-1408
-1236
-1088
-977
-832
-734
-600
-432
-330
-207
-190
-198
-233
-193
-260
-269
-202
-162
-25
-97
-172
-374
-554
-797
-1074
-1257
-1453
-1637
-1864
-2081
-2172
-2146
-1964
-1650
-1348
-1142
-980
-732
-408
-24
268
457
299
113
1
-28
11
-211
-311
-774
-1356
-1906
-1949
-1538
-1443
-1465
-1453
-1063
-483
-122
92
363
737
1212
1275
1215
1224
1661
2176
2261
2182
2299
2823
3348
3679
3897
4152
4498
4711
4717
4455
4295
4058
3745
3115
2378
1874
1463
1077
549
-11
-511
-845
-1033
-1103
-1377
-1602
-1933
-2029
-2171
-2454
-2629
-2890
-2976
-3192
-3347
-3495
-3345
-2996
-2655
-2484
-2101
-1481
-836
-259
152
587
869
1073
1134
1234
1287
1186
956
550
206
-197
-488
-901
-1295
-1652
-1858
-2110
-2390
-2532
-2548
-2502
-2525
-2440
-2317
-2088
-1923
-1641
-1525
-1394
-1144
-829
-531
-399
-86
305
699
916
1085
1387
1771
2043
2245
2320
1966
1649
1256
1101
724
205
-218
-576
-675
-887
-1122
-1263
-1313
-1070
-731
-553
-268
278
1024
1619
2049
2593
3318
4138
4582
4725
4824
4995
5026
4807
4353
3907
3597
3144
2548
1854
1428
1107
628
62
-471
-683
-1067
-1465
-1831
-2398
-2915
-3497
-3779
-3974
-4243
-4410
-4501
-4456
-4213
-3941
-3418
-2860
-2132
-1433
-798
-154
444
1057
1564
2090
2539
2690
2633
2643
2551
2297
1877
1347
913
327
-241
-809
-1337
-1836
-2394
-2798
-3027
-3177
-3206
-3172
-3022
-2796
-2528
-2157
-1942
-1612
-1227
-930
-727
-609
-444
-284
-99
42
176
324
530
729
996
1121
1022
740
459
518
477
144
-246
-452
-489
-682
-1108
-1306
-1292
-987
-699
-471
-217
302
1103
1858
2506
3034
3767
4522
5024
5286
5344
5386
5396
5165
4705
4149
3643
3234
2826
2242
1561
963
580
207
-250
-855
-1430
-1929
-2289
-2631
-3177
-3654
-4038
-4189
-4479
-4726
-4960
-4738
-4456
-4079
-3600
-3040
-2407
-1584
-683
8
644
1287
1894
2074
2255
2455
2535
2348
2120
1915
1565
1193
748
361
24
-334
-726
-1186
-1621
-1847
-1945
-2130
-2421
-2602
-2493
-2513
-2669
-2733
-2520
-2282
-2131
-2006
-1748
-1316
-919
-483
-67
315
712
1224
1592
1848
2198
2466
2577
2539
2634
2596
2182
1441
721
507
134
-459
-1016
-1256
-1215
-1267
-1476
-1572
-1344
-732
-223
50
264
813
1783
2533
2954
3278
3898
4439
4507
4420
4420
4446
4291
3936
3408
2921
2539
2149
1672
1094
563
161
-391
-956
-1370
-1695
-2225
-2940
-3353
-3711
-3911
-4358
-4568
-4512
-4615
-4642
-4437
-3947
-3428
-2962
-2245
-1498
-894
-235
536
1178
1619
1964
2282
2455
2523
2467
2244
1976
1589
1303
958
478
88
-262
-689
-1039
-1377
-1592
-1817
-2037
-2082
-2071
-2085
-2209
-2107
-1836
-1735
-1628
-1475
-1336
-1152
-923
-542
-242
-73
164
393
660
1031
1357
1734
2031
2146
2290
2314
2137
1732
1150
750
338
-165
-668
-1145
-1306
-1404
-1566
-1750
-1718
-1333
-796
-268
241
848
1657
2369
2993
3526
4001
4481
4782
4881
4738
4486
4282
3985
3484
2833
2225
1842
1451
872
330
-128
-513
-928
-1317
-1692
-2109
-2576
-3025
-3537
-3942
-4345
-4710
-4895
-5065
-5216
-5234
-5046
-4525
-3948
-3459
-2819
-1998
-959
-161
669
1413
2057
2537
2919
3078
3202
3308
3282
2957
2625
2453
2302
2074
1785
1514
1152
694
242
-77
-316
-602
-991
-1434
-1844
-2267
-2493
-2603
-2694
-2742
-2662
-2476
-2322
-2036
-1441
-736
-229
143
512
989
1482
1881
2176
2290
2370
2314
2224
2196
2288
2238
1699
883
207
136
-49
-396
-887
-1002
-1023
-1172
-1376
-1259
-1004
-671
-367
-171
-54
229
779
1128
1242
1217
1441
1662
1642
1496
1257
1120
834
475
122
-15
-33
-124
-253
-428
-509
-572
-677
-877
-1092
-1321
-1675
-2133
-2464
-2597
-2812
-3046
-3067
-2865
-2629
-2398
-1887
-1115
-446
91
840
1676
2301
2599
2923
3206
3284
3132
2945
2788
2613
2418
2076
1722
1456
1261
1058
844
692
559
293
-58
-262
-401
-684
-1146
-1526
-1763
-1969
-2284
-2508
-2503
-2487
-2465
-2324
-2099
-1772
-1490
-1242
-958
-736
-383
-42
277
479
579
690
867
830
875
802
730
448
52
-104
-223
-215
-384
-601
-674
-590
-549
-572
-607
-422
-126
196
418
726
1138
1637
2067
2255
2321
2449
2675
2814
2747
2456
2182
2028
1731
1377
988
782
598
253
-138
-405
-470
-553
-707
-938
-1204
-1361
-1569
-1647
-1744
-1850
-1986
-2132
-2120
-2147
-2065
-1990
-1810
-1676
-1582
-1340
-997
-556
-167
103
375
635
984
1255
1373
1626
1852
1978
1870
1789
1860
1936
1875
1622
1361
1112
843
558
221
-94
-359
-709
-1165
-1565
-1790
-1861
-1953
-2143
-2295
-2314
-2153
-2004
-1742
-1386
-1102
-857
-754
-555
-222
17
180
187
228
303
390
421
590
839
1055
966
623
353
433
606
361
-16
-387
-410
-441
-668
-959
-1191
-1264
-1089
-1077
-1141
-1008
-567
-125
-71
-87
187
722
1105
1119
1031
1038
1112
1119
1101
1112
1276
1457
1551
1509
1546
1768
1921
1803
1562
1356
1172
869
568
447
285
55
-189
-180
-80
-2
115
325
618
734
775
1016
1290
1459
1430
1271
1100
955
828
804
703
544
430
324
276
255
297
373
298
219
-2
-261
-554
-914
-1316
-1813
-2286
-2716
-3051
-3374
-3708
-3869
-3819
-3759
-3726
-3665
-3489
-3233
-2977
-2688
-2494
-2283
-2002
-1735
-1533
-1339
-1035
-634
-235
118
527
818
1075
1052
1152
1300
1350
1168
929
911
890
649
355
140
181
241
301
393
583
850
1181
1513
1735
1876
2083
2362
2539
2545
2429
2295
2277
2270
2104
1926
1856
2010
2165
2105
2013
2130
2222
2237
2046
1738
1503
1201
929
579
78
-353
-749
-1050
-1353
-1605
-1709
-1770
-1709
-1841
-1684
-1415
-1192
-995
-806
-515
-448
-400
-265
-122
24
173
247
260
288
576
789
809
692
671
535
216
-120
-512
-875
-1433
-1956
-2547
-3083
-3503
-3785
-3882
-4116
-4172
-4156
-3900
-3486
-3023
-2443
-1972
-1549
-1200
-774
-262
77
477
900
1281
1576
1842
2083
2444
2816
3210
3173
2875
2514
2465
2562
2053
1329
817
669
426
-80
-641
-960
-1190
-1286
-1470
-1625
-1636
-1237
-706
-469
-359
93
789
1394
1718
1918
2258
2544
2738
2906
2975
3062
3184
3275
3159
3055
3114
3171
2876
2319
1967
1676
1217
671
113
-312
-954
-1621
-2019
-2293
-2605
-2895
-3004
-2907
-2822
-2585
-2172
-1773
-1508
-1305
-973
-632
-372
-130
154
322
427
483
522
623
668
699
519
178
-41
-257
-585
-1120
-1580
-1921
-2304
-2795
-3207
-3376
-3514
-3618
-3591
-3462
-3277
-3099
-2764
-2321
-1933
-1523
-1098
-756
-448
-57
340
669
958
1304
1792
2138
2480
2678
2985
3176
3167
2993
2732
2515
2212
1691
1097
518
105
-344
-874
-1296
-1481
-1301
-1018
-751
-445
157
746
1251
1701
2130
2614
2997
3239
3165
3090
3063
3069
2937
2680
2459
2340
2270
2123
1977
1807
1706
1464
1156
877
515
145
-331
-800
-1333
-2043
-2637
-3230
-3546
-3865
-4105
-4377
-4305
-4047
-3654
-3257
-2856
-2224
-1557
-1092
-738
-231
211
549
646
751
870
1024
1013
1018
1022
1041
1016
838
634
442
215
-77
-437
-847
-1217
-1598
-2058
-2467
-2728
-2783
-2846
-2813
-2731
-2557
-2292
-1890
-1390
-839
-366
116
515
877
1263
1645
2055
2247
2462
2668
2870
3049
3243
3484
3643
3313
2802
2235
1893
1597
783
-35
-683
-1093
-1486
-2052
-2426
-2428
-2370
-2089
-1932
-1661
-1272
-691
-74
310
611
982
1488
1875
1968
1967
2094
2188
2229
2193
2159
2233
2320
2318
2173
2033
1917
1639
1286
831
494
111
-410
-1076
-1617
-2065
-2517
-3077
-3282
-3320
-3420
-3380
-3231
-2747
-2390
-1995
-1429
-770
-360
-91
221
674
850
913
1101
1236
1326
1225
1203
1195
1169
1134
880
572
329
104
-210
-651
-1131
-1426
-1743
-2017
-2157
-2129
-2061
-2103
-2024
-1753
-1555
-1377
-1165
-844
-505
-253
-3
302
501
717
904
1126
1334
1624
1998
2258
2344
2477
2600
2552
2274
1734
1354
769
313
-354
-915
-1411
-1749
-2029
-2266
-2404
-2241
-1949
-1577
-1260
-880
-296
265
811
1119
1455
1705
2022
2211
2203
2087
1990
2010
1912
1818
1713
1725
1637
1505
1411
1347
1275
1026
719
446
155
-216
-609
-1026
-1420
-1933
-2300
-2631
-2783
-2842
-2870
-2934
-2777
-2489
-2208
-1910
-1593
-1023
-576
-222
100
559
975
1224
1423
1704
1864
1824
1746
1768
1859
1780
1637
1362
1144
805
510
204
-192
-508
-804
-1072
-1381
-1538
-1640
-1714
-1799
-1882
-1806
-1728
-1559
-1298
-1048
-834
-627
-391
-145
74
365
687
1003
1193
1319
1515
1651
1770
1812
1875
1859
1774
1381
923
257
-215
-625
-1305
-1872
-2425
-2661
-2934
-3289
-3474
-3480
-3296
-2936
-2537
-2049
-1672
-1037
-314
314
728
1122
1746
2124
2256
2340
2568
2773
2822
2839
2848
2903
2891
2964
2915
2826
2714
2533
2263
1917
1477
1122
607
96
-577
-1153
-1604
-2016
-2207
-2386
-2557
-2573
-2377
-1999
-1711
-1386
-992
-528
-107
218
601
985
1284
1411
1524
1565
1653
1549
1476
1363
1205
1127
919
745
602
367
122
-309
-727
-1001
-1275
-1529
-1827
-2092
-2225
-2341
-2403
-2405
-2403
-2405
-2353
-2296
-2189
-1998
-1717
-1510
-1282
-963
-541
-109
293
703
1198
1618
2000
2181
2404
2451
2224
1690
1034
524
-57
-485
-1163
-1741
-2143
-2330
-2489
-2578
-2456
-2106
-1725
-1297
-920
-541
-120
286
706
973
1174
1396
1615
1851
1919
2005
2206
2404
2607
2763
2870
3060
3245
3282
3148
2907
2657
2364
2010
1567
962
340
-362
-913
-1417
-1934
-2406
-2726
-2844
-2856
-2993
-2907
-2692
-2481
-2256
-2045
-1570
-1178
-783
-421
11
358
710
946
1289
1412
1588
1734
1904
2020
1994
2097
2061
1909
1699
1479
1196
844
447
-19
-501
-1033
-1430
-1814
-2109
-2542
-2756
-2834
-2945
-2870
-2598
-2178
-1817
-1456
-927
-344
271
835
1343
1790
2026
2182
2166
2095
2074
1966
1736
1325
924
652
430
-36
-599
-1146
-1579
-1918
-2376
-2732
-2948
-2970
-2953
-3083
-3206
-3250
-3076
-2713
-2390
-2024
-1668
-1190
-609
-92
452
1038
1733
2393
2822
3086
3410
3767
3982
4049
3902
3834
3708
3492
3217
2848
2547
2065
1467
851
215
-211
-744
-1147
-1570
-1931
-2173
-2350
-2327
-2234
-2003
-1763
-1512
-1193
-813
-473
-31
339
620
744
912
1103
1240
1377
1524
1638
1716
1767
1684
1717
1732
1599
1387
1136
907
587
155
-304
-683
-1136
-1672
-2204
-2657
-3021
-3230
-3439
-3549
-3558
-3432
-3189
-2924
-2548
-2144
-1734
-1301
-856
-429
-68
198
494
755
943
1062
1114
1171
1186
1048
976
748
406
-18
-322
-499
-778
-1075
-1306
-1342
-1343
-1399
-1533
-1474
-1252
-907
-683
-531
-336
-75
266
559
884
1305
1795
2258
2619
2877
3159
3502
3778
3854
3766
3690
3595
3474
3150
2755
2326
1854
1265
711
226
-262
-750
-1218
-1590
-1907
-2185
-2363
-2305
-2236
-2206
-2164
-2076
-1987
-1712
-1682
-1542
-1399
-1308
-1087
-936
-673
-309
22
406
720
1109
1538
1723
1966
2123
2263
2168
1989
1826
1656
1318
821
374
-117
-638
-1140
-1616
-2043
-2434
-2734
-2966
-2985
-2898
-2663
-2368
-2103
-1788
-1333
-864
-461
-121
315
577
697
791
891
979
926
896
815
723
601
541
486
582
624
675
447
59
-324
-677
-780
-1334
-1855
-2239
-2483
-2718
-2993
-3200
-3173
-3159
-2846
-2532
-2127
-1664
-1010
-281
286
848
1472
2320
3077
3508
3730
3951
4300
4500
4523
4372
4255
4037
3759
3365
2917
2649
2289
1757
1209
757
446
-45
-575
-916
-1334
-1475
-1854
-1958
-2002
-2047
-1986
-1948
-1745
-1491
-1195
-833
-535
-286
1
372
809
1124
1396
1743
2020
2171
2273
2389
2362
2168
1879
1449
881
385
-188
-867
-1523
-2234
-2796
-3370
-3846
-4098
-4141
-4058
-4069
-3933
-3593
-3274
-2859
-2456
-2091
-1735
-1395
-996
-666
-412
-102
162
264
347
484
710
874
949
1107
1233
1393
1459
1525
1517
1246
825
361
-70
-448
-1021
-1645
-2129
-2478
-2654
-2832
-2835
-2648
-2270
-1787
-1329
-875
-155
543
1216
1883
2502
3192
3767
4251
4688
4918
4960
4914
4858
4700
4368
4057
3718
3355
2895
2407
2107
1758
1385
958
533
217
-160
-496
-1059
-1588
-2030
-2302
-2567
-2999
-3255
-3322
-3319
-3422
-3263
-3034
-2537
-2261
-1787
-1349
-844
-327
295
786
1110
1471
1910
2139
1929
1863
1754
1596
1062
580
199
-307
-927
-1579
-1992
-2353
-2597
-2858
-3078
-3235
-3185
-2989
-2860
-2785
-2491
-2068
-1847
-1625
-1343
-879
-581
-354
-150
124
332
464
605
747
826
1016
1239
1346
1439
1645
1953
2007
1871
1861
1940
1860
1369
737
165
-379
-941
-1598
-2216
-2627
-2740
-2802
-2829
-2786
-2499
-1970
-1377
-803
-199
518
1176
1771
2358
2804
3191
3612
3949
4060
3957
3902
3982
3969
3730
3446
3261
3062
2828
2457
2150
1857
1486
1053
447
-172
-683
-1166
-1681
-2339
-2838
-3220
-3501
-3714
-3762
-3573
-3322
-3053
-2637
-2219
-1724
-1181
-653
-198
238
657
1073
1356
1507
1762
1991
2011
1816
1662
1561
1363
978
500
161
-178
-655
-1130
-1601
-1941
-2194
-2562
-2952
-3184
-3286
-3293
-3356
-3287
-3090
-2846
-2666
-2430
-1944
-1429
-928
-494
-34
501
927
1364
1781
2137
2400
2649
2841
2930
2937
3010
2978
2807
2533
2012
1397
670
52
-505
-1111
-1796
-2342
-2697
-2970
-3227
-3321
-3255
-2964
-2535
-1973
-1364
-702
98
935
1743
2383
3111
3735
4265
4538
4715
4797
4794
4751
4498
4261
3925
3549
3157
2667
2141
1583
1111
667
186
-413
-1003
-1621
-2241
-2790
-3431
-3885
-4595
-4899
-5168
-5261
-5216
-4987
-4564
-4050
-3550
-2831
-1984
-1202
-426
345
1263
1800
2341
2826
3254
3325
3284
3191
2993
2663
2283
1990
1491
1020
463
45
-403
-900
-1275
-1739
-2120
-2548
-2805
-3089
-3256
-3275
-3121
-3007
-2921
-2704
-2158
-1606
-1141
-623
-31
505
919
1433
1937
2317
2672
2853
2978
2918
2924
2922
2863
2707
2558
2399
2100
1817
1354
966
249
-438
-1152
-1854
-2484
-3063
-3463
-3704
-3892
-3944
-3789
-3572
-3043
-2490
-1669
-992
-227
520
1385
2137
2790
3435
3955
4396
4531
4577
4399
4232
3978
3661
3243
2687
2305
1882
1450
984
485
48
-411
-952
-1491
-1935
-2352
-2754
-3266
-3685
-4123
-4250
-4331
-4339
-4118
-3718
-3132
-2532
-1889
-1219
-473
195
985
1625
2248
2654
3091
3331
3441
3562
3551
3477
3086
2729
2441
2080
1565
1036
491
-51
-649
-1300
-1823
-2402
-2825
-3338
-3796
-4163
-4208
-4052
-3920
-3806
-3431
-2949
-2410
-1789
-1079
-187
482
1096
1574
1938
2383
2721
3021
3198
3213
3144
3007
2827
2636
2343
2080
1771
1384
1049
663
285
-332
-966
-1769
-2373
-3050
-3576
-4030
-4399
-4589
-4631
-4477
-4252
-3815
-3171
-2412
-1625
-776
9
811
1540
2266
2855
3315
3695
3987
4273
4404
4427
4358
4282
4138
3881
3540
3184
2826
2300
1728
1090
487
-125
-730
-1361
-2011
-2596
-3084
-3541
-3816
-4016
-3984
-3919
-3500
-3194
-2670
-2083
-1410
-618
17
672
1287
1851
2380
2790
3118
3402
3531
3671
3641
3620
3486
3317
3017
2725
2347
1812
1283
695
68
-674
-1359
-1982
-2526
-3024
-3516
-3866
-4136
-4265
-4282
-4156
-3811
-3320
-2838
-2284
-1689
-1004
-392
239
772
1304
1726
2011
2211
2349
2487
2522
2434
2325
2094
1804
1459
1159
767
371
-189
-691
-1185
-1672
-2182
-2851
-3388
-3999
-4356
-4702
-4778
-4794
-4626
-4294
-3804
-3222
-2520
-1844
-970
-60
765
1570
2158
2896
3400
3809
4051
4229
4325
4334
4366
4212
4045
3817
3581
3252
2911
2596
2237
1890
1515
1050
528
45
-412
-927
-1392
-1799
-2188
-2384
-2545
-2519
-2472
-2307
-2055
-1630
-1115
-625
65
782
1548
2027
2475
2911
3295
3481
3506
3475
3269
2925
2586
2179
1652
1100
549
-74
-768
-1362
-1855
-2286
-2790
-3180
-3474
-3735
-3902
-4049
-3965
-3825
-3641
-3372
-3048
-2648
-2190
-1719
-1252
-774
-317
251
793
1255
1677
2006
2249
2306
2356
2314
2193
1982
1622
1196
753
265
-219
-776
-1357
-1828
-2260
-2623
-2953
-3095
-3165
-3100
-3180
-3139
-3117
-3057
-2845
-2636
-2243
-1936
-1543
-1098
-618
-170
338
814
1328
1813
2300
2745
3078
3394
3612
3783
3814
3821
3731
3655
3497
3259
2964
2695
2455
2175
1884
1509
1251
981
795
598
411
298
137
-69
-220
-378
-413
-379
-298
-194
-136
21
117
268
387
579
751
897
1055
1127
1150
1127
1036
868
626
400
220
80
-117
-352
-714
-1048
-1290
-1512
-1735
-1992
-2186
-2333
-2570
-2764
-2860
-2857
-2831
-2757
-2674
-2529
-2313
-2063
-1784
-1475
-1131
-847
-549
-245
70
339
495
579
589
594
571
462
330
213
17
-188
-385
-510
-591
-713
-798
-907
-983
-989
-969
-931
-866
-865
-818
-778
-726
-714
-748
-837
-928
-979
-975
-883
-710
-517
-362
-138
130
428
735
1194
1582
1960
2317
2597
2789
2859
2931
2946
2973
2847
2822
2788
2772
2688
2573
2486
2371
2353
2233
2130
1946
1816
1651
1437
1197
938
722
470
260
63
-123
-334
-508
-637
-693
-778
-959
-1000
-1007
-1021
-1076
-1124
-1088
-1070
-1084
-1019
-1003
-988
-934
-938
-897
-984
-961
-854
-803
-803
-871
-879
-948
-1027
-1071
-1125
-1165
-1205
-1220
-1237
-1280
-1278
-1147
-1008
-837
-637
-463
-252
-148
-27
60
88
47
-68
-155
-307
-416
-531
-641
-735
-930
-1034
-1102
-1116
-1054
-951
-827
-728
-625
-484
-361
-308
-267
-221
-180
-105
25
110
48
56
34
-1
-23
-36
77
152
134
160
233
369
479
583
764
851
979
1111
1284
1375
1407
1513
1626
1717
1836
1974
2040
2156
2241
2278
2313
2301
2358
2370
2291
2128
2008
1881
1694
1476
1239
992
649
338
82
-133
-421
-618
-932
-1193
-1635
-1814
-2061
-2205
-2236
-2362
-2338
-2436
-2300
-2188
-2003
-1794
-1482
-1168
-792
-441
-53
307
551
704
833
961
990
884
720
576
392
183
-23
-141
-214
-338
-380
-515
-544
-650
-699
-727
-749
-769
-865
-949
-1086
-1260
-1368
-1553
-1735
-1796
-1799
-1726
-1634
-1470
-1212
-912
-648
-362
-36
297
644
852
1006
1044
1122
1136
1005
920
783
704
513
373
269
85
-47
-163
-287
-437
-568
-609
-606
-690
-714
-639
-560
-400
-218
-19
149
312
553
798
1116
1478
1818
2151
2382
2610
2860
3096
3313
3470
3520
3501
3353
3153
2920
2615
2227
1773
1213
590
68
-400
-886
-1422
-1969
-2400
-2757
-3092
-3260
-3286
-3233
-3126
-2971
-2678
-2293
-1856
-1349
-881
-447
-45
395
806
1134
1368
1594
1718
1707
1663
1607
1580
1491
1357
1191
942
679
460
201
-76
-391
-742
-1058
-1423
-1736
-2004
-2273
-2519
-2750
-2934
-3026
-3117
-3065
-2935
-2742
-2478
-2175
-1793
-1344
-840
-354
113
470
811
1107
1378
1551
1623
1662
1562
1431
1292
1090
914
663
388
175
-108
-341
-593
-838
-1070
-1304
-1464
-1600
-1606
-1596
-1569
-1465
-1350
-1146
-859
-540
-174
207
602
1019
1446
1884
2299
2651
2983
3279
3558
3673
3759
3810
3807
3723
3617
3464
3276
3072
2747
2387
1928
1442
954
500
39
-438
-965
-1468
-1953
-2346
-2628
-2803
-2909
-2877
-2736
-2493
-2217
-1905
-1490
-1117
-764
-358
5
345
611
840
1006
1038
1018
1064
1068
1058
986
959
883
712
529
290
53
-220
-472
-764
-1075
-1394
-1699
-2053
-2425
-2691
-2808
-2842
-2762
-2588
-2331
-2029
-1744
-1417
-1068
-748
-490
-253
-22
61
71
94
88
47
-27
-103
-154
-157
-97
48
148
188
220
266
285
219
160
101
-8
-177
-388
-563
-712
-822
-927
-1023
-1027
-992
-775
-502
-203
136
489
843
1133
1469
1788
2066
2277
2424
2518
2549
2538
2505
2425
2396
2297
2184
2089
1998
1913
1850
1738
1624
1493
1335
1161
888
618
347
35
-236
-537
-843
-1131
-1404
-1602
-1761
-1865
-1844
-1776
-1669
-1552
-1431
-1197
-974
-720
-391
-142
54
185
291
424
537
653
728
806
869
868
791
711
600
465
236
-22
-269
-539
-757
-1015
-1160
-1306
-1486
-1544
-1587
-1598
-1572
-1488
-1388
-1203
-1063
-939
-770
-665
-569
-580
-606
-678
-737
-762
-815
-827
-841
-828
-751
-615
-482
-341
-159
26
168
349
514
593
562
482
357
206
55
-64
-236
-402
-542
-684
-738
-754
-642
-505
-331
-117
79
324
596
849
1084
1314
1522
1700
1827
1941
2042
2086
2079
2020
1988
1899
1910
1908
1901
1894
1834
1848
1787
1712
1668
1553
1336
1081
784
488
184
-171
-499
-878
-1158
-1438
-1687
-1776
-1850
-1880
-1937
-1963
-1831
-1633
-1383
-1137
-905
-650
-448
-244
-86
93
252
365
453
534
551
547
526
500
507
496
396
331
224
143
31
-97
-182
-334
-486
-637
-761
-914
-1077
-1197
-1308
-1357
-1451
-1497
-1510
-1510
-1538
-1626
-1642
-1682
-1647
-1572
-1480
-1336
-1236
-1137
-948
-763
-487
-273
-61
232
420
634
807
911
945
893
755
586
400
192
-28
-251
-398
-499
-518
-474
-333
-99
175
507
879
1256
1606
1855
2124
2271
2393
2495
2548
2567
2474
2400
2320
2241
2136
2073
2053
2044
2067
2036
1967
1881
1746
1544
1250
899
576
200
-175
-500
-831
-1197
-1592
-1928
-2202
-2390
-2568
-2680
-2719
-2679
-2612
-2566
-2434
-2275
-2109
-1895
-1723
-1468
-1207
-967
-769
-594
-426
-254
-33
199
365
494
652
781
851
907
931
924
901
798
668
496
307
142
-53
-240
-442
-614
-712
-826
-850
-852
-842
-841
-858
-850
-849
-835
-826
-786
-744
-703
-664
-555
-429
-288
-77
127
371
554
671
817
937
966
966
865
785
666
530
314
78
-100
-296
-480
-641
-692
-700
-660
-539
-322
-97
231
500
742
996
1250
1425
1588
1732
1799
1876
1889
1897
1862
1768
1636
1526
1394
1297
1184
1091
1036
952
888
769
614
416
230
-41
-324
-663
-968
-1244
-1535
-1806
-2039
-2272
-2438
-2563
-2655
-2610
-2471
-2312
-2077
-1772
-1452
-1132
-806
-441
-135
156
430
708
965
1153
1270
1336
1373
1341
1203
1059
910
754
590
421
285
146
39
-55
-145
-267
-387
-466
-570
-698
-782
-852
-919
-965
-977
-966
-1018
-984
-875
-718
-593
-473
-301
-171
-15
183
368
562
774
891
990
1009
996
1025
998
962
894
827
716
574
417
255
118
-25
-161
-236
-329
-426
-469
-577
-608
-604
-547
-434
-272
-89
69
220
360
460
596
721
858
953
966
999
1037
1055
986
934
917
891
836
735
671
569
460
314
141
-24
-231
-437
-635
-787
-941
-1065
-1200
-1316
-1411
-1509
-1572
-1615
-1557
-1513
-1369
-1204
-1092
-932
-773
-611
-501
-330
-108
105
232
388
524
631
707
761
779
796
773
772
780
722
666
576
458
315
210
98
-14
-61
-118
-206
-263
-309
-339
-372
-391
-392
-418
-364
-262
-111
50
191
311
392
490
539
586
657
676
634
554
502
455
395
317
270
224
175
120
29
0
-28
-87
-140
-178
-258
-342
-398
-494
-560
-651
-733
-792
-819
-875
-908
-933
-892
-784
-650
-451
-213
0
160
316
439
587
696
774
811
797
783
707
602
467
347
294
182
107
150
217
259
314
358
336
303
317
297
257
178
104
-24
-202
-357
-510
-601
-672
-742
-811
-818
-765
-655
-535
-391
-233
-52
134
287
410
471
505
518
489
425
353
292
191
134
72
32
-21
-56
-69
-84
-97
-130
-119
-110
-99
-145
-147
-169
-185
-200
-232
-242
-329
-370
-390
-404
-396
-398
-356
-347
-376
-377
-346
-288
-192
-120
-46
-2
72
139
196
293
402
488
531
582
587
532
437
329
198
39
-136
-314
-454
-563
-653
-698
-722
-695
-661
-568
-436
-275
-110
67
263
436
604
756
894
958
961
968
961
964
939
963
988
992
968
984
1023
1024
1074
1029
1004
921
766
526
296
23
-279
-566
-839
-1112
-1360
-1535
-1685
-1747
-1779
-1684
-1575
-1449
-1273
-1069
-856
-647
-416
-188
16
159
292
383
454
533
555
572
598
599
579
592
563
528
523
459
393
307
233
178
103
-36
-170
-296
-436
-569
-625
-645
-636
-609
-603
-560
-541
-504
-443
-393
-288
-170
-33
131
264
394
542
647
754
815
824
844
818
764
681
561
432
205
-19
-227
-430
-635
-860
-1072
-1225
-1362
-1446
-1448
-1390
-1269
-1143
-995
-794
-608
-421
-221
-73
90
258
423
592
732
877
981
1058
1151
1240
1298
1379
1454
1474
1493
1461
1392
1263
1120
989
859
652
451
257
-26
-264
-498
-732
-946
-1094
-1202
-1276
-1324
-1333
-1272
-1133
-1019
-901
-776
-633
-454
-246
-90
72
269
445
638
759
864
937
1001
1033
999
903
794
674
492
312
116
-30
-230
-427
-615
-787
-933
-1100
-1227
-1301
-1368
-1407
-1406
-1428
-1387
-1292
-1156
-976
-724
-467
-179
87
366
649
860
1100
1253
1350
1398
1445
1461
1426
1395
1308
1231
1097
899
661
450
255
57
-146
-310
-456
-597
-691
-811
-892
-956
-999
-1014
-998
-956
-902
-774
-658
-485
-348
-207
-56
93
258
388
535
648
772
873
1006
1070
1115
1131
1080
982
859
740
593
398
261
122
-43
-166
-260
-384
-516
-612
-744
-841
-909
-956
-1000
-1019
-1024
-1039
-1004
-941
-868
-783
-692
-580
-427
-281
-113
36
179
313
395
451
509
599
627
627
637
632
657
607
540
493
354
264
118
-23
-97
-178
-262
-353
-445
-479
-450
-409
-358
-281
-198
-147
-50
70
235
421
612
752
897
988
1034
1089
1108
1118
1091
1033
989
924
882
782
646
503
336
152
-73
-243
-456
-599
-791
-981
-1163
-1323
-1457
-1569
-1645
-1652
-1632
-1648
-1596
-1573
-1502
-1414
-1268
-1077
-876
-678
-470
-243
-25
215
432
643
776
895
976
1045
1069
1059
1064
1022
997
891
769
600
422
261
114
39
-46
-62
-51
-18
59
114
185
277
342
383
420
386
336
291
263
224
210
236
278
309
316
373
451
524
568
587
585
555
502
443
401
261
120
-32
-193
-346
-562
-781
-954
-1106
-1230
-1299
-1375
-1363
-1304
-1272
-1193
-1077
-953
-750
-561
-399
-201
-12
144
312
449
586
753
922
1063
1137
1185
1221
1247
1234
1201
1144
1052
928
759
632
493
322
186
15
-148
-305
-469
-672
-853
-1002
-1131
-1248
-1334
-1375
-1434
-1432
-1383
-1311
-1224
-1092
-912
-716
-524
-346
-157
18
179
322
426
551
689
778
773
714
608
453
339
199
82
7
-79
-128
-185
-210
-223
-258
-255
-268
-293
-277
-255
-230
-235
-212
-169
-138
-115
-46
7
86
188
354
515
646
777
867
998
1096
1145
1180
1196
1184
1108
1000
892
742
590
405
253
71
-73
-206
-347
-416
-470
-546
-582
-604
-563
-479
-430
-355
-298
-231
-159
-92
-7
97
171
253
309
348
427
490
544
603
603
612
553
472
395
281
166
24
-76
-186
-302
-440
-558
-687
-813
-922
-1024
-1133
-1176
-1252
-1263
-1252
-1260
-1237
-1199
-1073
-965
-837
-745
-623
-504
-386
-266
-132
21
170
334
448
556
647
729
795
853
890
928
903
899
859
768
672
561
443
323
234
134
80
40
-33
-96
-161
-217
-229
-222
-207
-164
-161
-133
-131
-107
-64
-64
-38
-50
-41
30
101
152
193
246
284
312
368
386
388
352
302
244
191
130
65
7
-30
-102
-144
-186
-224
-262
-298
-306
-326
-330
-336
-327
-294
-215
-123
-9
85
161
224
290
355
419
471
485
539
619
663
706
734
723
683
591
485
372
223
55
-62
-193
-324
-441
-538
-632
-692
-758
-819
-853
-886
-882
-851
-812
-775
-706
-650
-589
-554
-472
-370
-262
-137
-15
93
199
287
344
410
487
584
620
656
657
575
517
386
280
131
-19
-158
-290
-399
-493
-593
-718
-786
-863
-874
-836
-747
-640
-509
-377
-253
-85
82
232
362
508
618
704
787
823
831
859
839
814
769
737
717
674
669
630
587
555
484
417
314
209
110
36
-51
-148
-226
-282
-357
-429
-448
-453
-430
-398
-338
-261
-186
-118
-21
35
90
114
155
202
246
288
302
321
310
276
229
188
102
-5
-133
-269
-353
-440
-480
-511
-539
-559
-599
-610
-635
-675
-693
-654
-652
-635
-578
-560
-507
-450
-371
-314
-221
-113
-4
100
176
238
293
327
334
384
391
389
402
374
371
377
351
267
131
30
-92
-187
-264
-339
-367
-436
-501
-529
-509
-487
-474
-396
-276
-162
-84
-29
46
108
168
239
321
434
501
553
546
573
525
444
386
348
336
340
390
377
397
402
381
366
358
335
302
273
217
156
85
32
7
8
3
22
56
117
159
211
282
292
286
306
325
330
369
355
370
305
232
173
87
29
-18
-92
-163
-219
-242
-260
-277
-280
-335
-385
-417
-480
-567
-586
-578
-564
-569
-562
-553
-513
-433
-361
-277
-217
-144
-113
-94
-29
0
-8
-35
-56
-97
-141
-161
-160
-151
-162
-189
-226
-282
-315
-326
-318
-286
-300
-297
-310
-332
-320
-324
-323
-331
-365
-380
-393
-374
-302
-217
-135
-26
55
144
218
256
338
425
470
496
536
589
632
686
731
771
790
761
743
724
697
689
695
714
717
692
650
619
597
540
481
420
390
314
215
173
126
67
38
17
22
24
21
-13
-83
-138
-187
-200
-186
-175
-199
-214
-222
-215
-225
-246
-269
-329
-369
-402
-461
-517
-559
-582
-607
-656
-656
-686
-686
-708
-706
-707
-702
-681
-655
-625
-638
-621
-614
-613
-558
-497
-420
-332
-263
-196
-135
-40
22
121
211
275
346
374
429
455
497
545
538
543
528
506
465
410
372
318
280
236
202
143
118
85
77
39
45
42
40
72
90
181
213
238
260
314
352
375
375
346
316
302
263
207
198
189
174
167
159
157
151
184
149
149
114
74
93
66
93
111
129
138
141
151
146
146
156
133
93
48
50
39
17
24
28
28
10
-9
-22
-40
-68
-106
-142
-225
-286
-303
-345
-330
-376
-395
-424
-448
-474
-516
-508
-521
-497
-493
-484
-470
-444
-435
-461
-438
-432
-420
-377
-322
-272
-218
-185
-163
-118
-77
-83
-136
-139
-146
-135
-112
-60
-37
-42
-41
-56
-40
-19
20
-2
-4
14
39
56
73
65
74
99
118
177
226
261
315
322
314
310
304
345
361
357
357
311
264
192
142
72
42
70
62
70
99
99
136
176
229
276
309
373
398
469
515
534
562
565
572
553
537
527
516
466
409
363
299
217
143
82
31
12
-42
-70
-98
-124
-146
-169
-173
-183
-204
-198
-198
-240
-229
-230
-239
-240
-251
-264
-265
-265
-298
-315
-359
-377
-387
-390
-361
-332
-295
-222
-191
-191
-204
-259
-281
-310
-320
-318
-333
-320
-316
-323
-319
-341
-310
-294
-316
-284
-269
-257
-250
-250
-251
-253
-242
-228
-208
-197
-179
-186
-175
-194
-180
-136
-102
-12
41
81
110
140
142
142
153
169
189
194
189
194
218
262
304
363
419
480
561
585
624
640
658
685
669
641
628
632
619
569
503
440
395
378
360
358
367
398
427
445
430
407
373
325
343
279
159
102
-10
-111
-196
-294
-375
-442
-495
-530
-551
-618
-678
-657
-596
-529
-494
-428
-388
-372
-356
-335
-351
-347
-354
-361
-343
-365
-361
-320
-272
-209
-176
-196
-193
-165
-181
-205
-221
-240
-240
-231
-223
-222
-217
-174
-138
-157
-151
-132
-120
-97
-79
-104
-118
-115
-95
-63
-57
-26
-33
-57
-36
-22
11
61
120
165
216
243
248
289
350
394
405
431
438
389
377
353
316
256
225
230
292
320
359
406
437
455
421
387
321
288
257
210
165
126
88
49
-2
-45
-73
-70
-47
-31
28
72
105
145
173
212
243
257
271
264
233
223
215
150
48
-5
-75
-134
-152
-212
-286
-327
-355
-371
-384
-414
-450
-444
-393
-371
-318
-279
-243
-234
-187
-169
-192
-204
-183
-190
-212
-202
-230
-232
-228
-221
-218
-179
-156
-123
-78
-28
14
32
32
9
16
17
-7
-25
-48
-108
-166
-206
-238
-256
-243
-218
-191
-210
-204
-228
-227
-160
-106
-15
71
153
185
241
264
284
328
312
317
321
334
339
335
343
336
290
288
242
194
196
159
136
115
101
80
43
14
-14
-90
-157
-221
-295
-316
-327
-326
-276
-291
-257
-199
-111
-43
55
99
156
243
279
317
330
378
378
383
364
330
257
202
197
133
84
53
30
6
-6
-59
-106
-126
-140
-162
-172
-133
-131
-145
-105
-81
-69
-49
-49
-73
-73
-42
-28
-11
25
108
150
161
187
171
162
198
204
192
172
179
222
215
187
161
123
110
102
74
34
13
-10
-21
-65
-126
-141
-125
-144
-180
-234
-286
-315
-343
-352
-371
-361
-343
-328
-257
-202
-139
-106
-77
-75
-70
-72
-86
-37
-34
-8
47
105
75
61
52
53
49
32
49
27
-19
-35
-89
-151
-193
-245
-274
-310
-311
-298
-286
-269
-242
-205
-154
-94
-51
-4
72
153
199
228
226
243
275
235
250
256
232
260
285
274
257
260
248
243
220
208
192
177
169
143
142
150
159
174
185
199
202
202
229
241
226
200
150
128
113
83
87
90
89
88
50
32
-21
-55
-121
-184
-204
-211
-212
-204
-225
-261
-292
-376
-428
-490
-499
-515
-558
-584
-619
-616
-627
-651
-671
-616
-546
-496
-433
-390
-319
-210
-95
-28
46
137
197
257
240
257
276
274
312
321
364
391
432
439
425
399
391
369
339
326
289
246
187
146
100
76
50
35
75
88
100
131
147
155
132
124
109
128
132
111
64
58
47
23
16
28
57
92
115
142
127
101
138
154
167
183
193
214
237
222
207
201
198
201
217
226
240
241
198
129
54
-16
-83
-100
-109
-138
-184
-224
-280
-354
-430
-499
-568
-583
-575
-556
-538
-496
-450
-404
-347
-319
-254
-222
-183
-165
-166
-196
-201
-213
-221
-207
-259
-261
-255
-261
-286
-318
-372
-364
-325
-333
-332
-300
-273
-237
-231
-196
-131
-46
28
86
132
167
223
276
377
482
606
657
714
803
860
887
885
876
858
874
830
771
700
600
496
412
294
143
53
-57
-124
-173
-217
-259
-289
-307
-293
-247
-196
-186
-160
-166
-181
-154
-135
-77
-40
19
32
65
89
146
166
150
108
68
36
-40
-115
-166
-160
-195
-247
-298
-283
-273
-269
-273
-261
-221
-203
-181
-187
-181
-239
-290
-331
-328
-393
-439
-435
-429
-416
-433
-421
-356
-276
-264
-201
-147
-78
-40
-30
31
103
115
97
121
116
132
101
63
105
78
8
4
2
5
6
35
114
160
146
195
224
168
165
125
166
206
194
204
230
254
280
300
372
487
567
583
616
660
670
658
641
676
685
659
653
635
554
471
384
291
208
92
-35
-109
-201
-277
-371
-417
-435
-523
-575
-546
-536
-535
-522
-470
-413
-365
-333
-256
-179
-112
-73
-35
54
78
68
88
105
97
40
55
107
94
12
-12
-38
-39
-70
-155
-166
-232
-322
-412
-471
-544
-617
-685
-724
-710
-739
-733
-667
-596
-606
-632
-599
-529
-449
-447
-364
-260
-212
-185
-149
-107
-56
-22
6
70
97
114
165
194
216
177
126
108
108
92
93
93
154
187
181
268
308
337
395
444
455
457
455
507
560
629
701
767
846
881
917
926
884
863
823
760
686
586
495
458
357
226
140
44
-28
-101
-195
-223
-240
-298
-313
-338
-296
-258
-255
-189
-176
-181
-176
-154
-131
-138
-135
-97
-116
-123
-104
-78
-49
-49
-29
10
-14
-63
-62
-84
-96
-60
-86
-89
-127
-190
-251
-305
-364
-443
-494
-562
-594
-606
-549
-482
-377
-312
-255
-202
-226
-229
-236
-220
-201
-213
-196
-152
-103
-59
-38
33
84
57
36
37
48
40
34
39
49
62
84
121
162
213
234
256
236
214
198
193
162
128
133
148
206
209
176
180
153
91
80
63
74
82
43
26
48
44
51
44
79
111
78
51
43
31
10
-24
-8
-8
-68
-114
-125
-147
-174
-227
-222
-220
-273
-267
-258
-176
-115
-98
-41
21
59
82
109
204
242
244
258
265
292
313
301
298
279
237
253
246
259
223
208
207
186
184
123
75
27
-23
-35
-110
-201
-212
-262
-284
-280
-328
-336
-343
-361
-306
-262
-248
-198
-149
-88
-20
24
87
125
109
118
92
55
22
-14
-38
-96
-133
-136
-147
-132
-110
-90
-32
21
85
148
175
173
192
189
167
129
91
85
107
122
95
129
75
52
29
-12
-25
-61
-74
-79
-38
-22
-4
27
4
-63
-107
-173
-190
-210
-225
-158
-112
-114
-103
-99
-76
-48
-1
47
94
158
177
188
201
229
253
307
311
282
244
182
114
56
-23
-95
-141
-147
-166
-156
-150
-177
-192
-208
-228
-290
-350
-359
-337
-327
-308
-275
-259
-225
-201
-119
-47
-16
24
27
64
61
51
43
78
101
116
163
158
158
127
92
113
75
75
80
59
57
-11
-22
-7
-34
-17
-34
-42
-13
0
38
65
113
156
187
237
278
253
244
256
236
194
142
103
148
125
75
92
43
6
-78
-143
-131
-120
-142
-128
-81
-56
-106
-133
-129
-140
-172
-243
-222
-179
-152
-99
-66
-11
26
50
87
127
162
193
206
180
216
216
234
262
267
284
288
247
231
191
163
167
177
195
204
190
164
137
118
100
76
44
-2
-32
-62
-108
-158
-186
-178
-153
-126
-124
-128
-73
-19
3
35
41
13
-18
-72
-110
-130
-166
-197
-214
-257
-282
-331
-366
-390
-438
-434
-448
-446
-471
-477
-454
-450
-468
-469
-449
-436
-435
-416
-391
-365
-328
-272
-182
-109
-55
17
86
138
217
282
348
383
409
471
474
466
466
471
509
504
486
473
396
286
216
146
101
68
17
-14
-18
-36
-44
-52
-58
-82
-122
-132
-108
-71
-16
13
35
70
113
168
175
216
223
211
217
226
244
277
275
265
234
192
177
154
117
73
62
41
-13
-92
-102
-93
-98
-73
-76
-33
-1
1
34
28
42
66
57
57
74
71
30
-4
-65
-84
-136
-123
-93
-81
-38
-5
-5
-25
-69
-112
-134
-149
-149
-142
-143
-146
-128
-123
-128
-157
-129
-80
-26
23
87
136
171
161
114
92
126
145
142
149
144
115
51
-9
-27
-46
-68
-112
-134
-144
-217
-243
-287
-326
-359
-391
-420
-455
-452
-440
-417
-367
-360
-308
-251
-210
-168
-143
-133
-127
-94
-122
-165
-183
-156
-147
-110
-98
-57
-50
-59
-5
40
97
198
236
287
313
318
335
376
436
439
417
424
459
455
457
452
436
432
412
392
346
314
301
250
180
120
112
56
-10
-56
-107
-105
-124
-148
-108
-84
-92
-81
-42
15
36
13
-24
-12
-43
-53
-30
-22
-23
-56
-67
-79
-74
-119
-120
-117
-169
-209
-250
-305
-305
-288
-296
-257
-218
-188
-160
-155
-154
-155
-166
-141
-133
-148
-119
-90
-61
-24
8
32
58
97
115
114
110
118
127
96
91
127
163
179
216
258
239
206
168
139
142
97
79
100
102
101
113
157
201
243
241
237
232
222
233
202
158
154
164
185
186
150
146
123
99
69
18
17
7
-32
-101
-152
-182
-207
-213
-246
-276
-312
-367
-448
-494
-538
-523
-465
-437
-383
-338
-301
-282
-260
-230
-177
-138
-98
-49
-12
49
83
103
118
89
104
59
42
61
43
22
2
-1
11
35
31
5
17
48
55
49
81
87
60
42
37
27
34
32
40
63
73
70
57
41
8
17
20
0
-9
-18
-9
-1
-17
33
86
59
34
55
51
74
76
91
158
171
160
149
112
80
47
17
28
40
32
56
78
83
88
124
121
93
47
-5
-32
-59
-91
-106
-85
-70
-42
-8
43
59
75
94
102
124
110
69
24
14
12
-16
-30
2
-17
1
-34
-64
-33
-48
-29
-13
2
11
56
72
93
99
71
25
-60
-95
-133
-112
-101
-83
-101
-76
-29
-28
-51
-22
11
3
-29
-74
-109
-141
-172
-194
-183
-173
-185
-199
-204
-214
-226
-207
-178
-134
-84
-45
-5
10
28
88
112
151
164
144
119
117
138
124
128
109
136
115
105
112
106
121
100
73
77
70
28
-7
-24
-27
-47
-98
-122
-123
-139
-146
-162
-143
-127
-106
-72
-14
5
27
73
65
101
74
38
30
2
-3
15
8
-11
-39
-53
-49
-49
-31
-24
-10
48
90
74
77
63
46
47
49
85
81
48
40
5
-6
-31
-35
-15
13
77
112
143
160
219
233
240
248
265
269
208
201
179
177
140
63
35
26
-9
-26
-19
-31
-45
-83
-97
-97
-119
-106
-87
-105
-108
-146
-133
-125
-126
-152
-158
-150
-163
-191
-200
-217
-256
-277
-290
-225
-195
-172
-132
-88
-42
-42
-34
24
29
30
0
6
0
-25
-23
-25
-41
-47
-10
-5
-13
-54
-83
-75
-93
-106
-45
7
44
54
58
104
126
120
122
133
165
127
81
121
122
101
123
135
133
125
115
143
158
146
144
155
166
114
60
57
76
61
15
30
18
30
40
58
103
85
49
40
1
36
23
26
87
90
76
38
44
19
-8
-46
-30
-18
-15
-38
-36
-47
-108
-166
-159
-139
-111
-75
-51
-44
-87
-108
-146
-149
-176
-242
-234
-186
-190
-178
-167
-157
-111
-107
-65
-23
-5
17
9
-16
-9
-27
-49
-16
20
30
25
-6
-18
8
14
-9
-11
-12
-27
-51
-95
-135
-148
-166
-176
-185
-189
-159
-141
-140
-131
-141
-137
-121
-105
-67
-54
11
41
90
164
202
259
330
390
435
470
460
432
384
351
365
330
297
278
249
183
93
55
71
87
123
142
158
153
130
79
82
96
85
62
54
47
46
8
-23
-29
-23
-28
-1
45
58
78
58
42
16
-33
-82
-156
-201
-232
-285
-290
-302
-292
-270
-245
-234
-249
-238
-254
-263
-290
-298
-309
-324
-303
-321
-293
-289
-255
-286
-300
-264
-219
-137
-90
-41
24
75
66
50
50
79
109
107
123
88
48
50
24
10
36
52
48
75
103
103
100
126
112
95
127
142
141
157
151
108
82
81
121
121
143
180
191
213
269
297
317
322
346
346
297
258
242
236
204
166
144
143
128
100
80
97
98
80
61
17
-10
-41
-61
-53
-34
-9
4
-13
-14
-17
-66
-123
-165
-193
-246
-280
-312
-323
-349
-396
-404
-370
-373
-386
-399
-396
-385
-392
-369
-345
-297
-269
-215
-162
-136
-100
-107
-96
-60
-52
-84
-52
-5
26
69
68
108
140
162
164
156
149
133
110
100
101
93
133
164
205
259
288
355
385
376
377
337
308
325
339
349
343
278
220
173
148
109
83
78
56
33
5
31
22
-23
-56
-100
-102
-87
-107
-103
-101
-171
-238
-306
-353
-362
-374
-345
-304
-253
-225
-223
-203
-132
-130
-116
-86
-63
-67
-59
-67
-37
1
-8
-39
-48
-43
-85
-84
-28
16
60
91
141
182
162
118
61
13
-66
-108
-121
-107
-86
-91
-69
-5
63
96
172
210
237
231
224
250
254
255
253
291
282
265
215
159
106
56
20
16
48
45
27
24
15
-12
-44
-87
-98
-121
-135
-137
-119
-122
-136
-111
-88
-104
-72
-32
2
27
10
6
-1
-57
-96
-99
-76
-43
-34
3
22
18
28
7
-12
-5
-28
-76
-123
-148
-141
-148
-157
-173
-210
-257
-296
-343
-386
-383
-342
-285
-238
-223
-182
-108
-25
11
21
45
69
57
65
80
86
119
161
195
198
216
245
265
304
300
303
292
263
262
226
231
241
211
205
168
107
94
90
77
79
78
69
112
85
71
119
124
130
134
117
117
83
40
26
-33
-43
-32
-27
-11
-37
10
67
70
52
38
14
20
-15
-60
-80
-107
-103
-137
-155
-184
-251
-299
-330
-338
-360
-313
-230
-185
-158
-108
-94
-92
-104
-96
-126
-159
-151
-169
-164
-162
-115
-85
-67
-30
-31
-36
-34
-30
-25
-40
-67
-75
-110
-109
-59
-45
-20
-11
-3
55
55
60
97
89
103
124
125
138
142
187
241
248
267
237
198
217
201
205
189
186
241
224
193
168
139
138
126
85
59
52
44
50
52
31
70
98
109
96
105
94
27
19
9
-13
-25
-64
-101
-133
-166
-171
-201
-198
-156
-127
-91
-63
-41
39
67
96
81
5
-20
-46
-81
-114
-130
-148
-139
-159
-142
-143
-171
-168
-156
-121
-128
-138
-124
-127
-174
-168
-185
-173
-180
-194
-172
-188
-203
-187
-175
-133
-93
-97
-80
-69
22
52
50
68
122
154
133
116
87
57
31
12
31
14
-10
-3
15
9
-13
20
39
32
46
52
52
82
79
100
122
151
177
185
235
279
282
285
280
255
266
275
324
330
303
301
296
279
265
240
180
127
120
95
64
17
6
59
57
30
-20
-55
-51
-94
-127
-155
-132
-76
-54
-51
-61
-54
-45
-57
-106
-165
-190
-183
-207
-201
-192
-240
-267
-316
-353
-390
-427
-374
-332
-316
-302
-291
-252
-213
-202
-204
-163
-84
-95
-118
-116
-55
-10
-25
-1
23
50
67
74
94
122
147
196
204
159
158
183
214
235
226
229
222
187
163
134
135
136
114
77
102
96
24
6
34
52
28
3
-14
-35
-95
-117
-137
-158
-157
-111
-65
-54
-23
3
28
70
85
102
91
68
52
61
69
36
12
13
55
40
7
-39
-57
-41
-50
-90
-88
-68
-31
-11
-19
4
51
67
32
5
11
44
41
17
46
96
79
54
30
61
91
106
102
83
81
82
94
104
125
167
177
165
140
76
15
-3
6
-37
-29
28
-3
-55
-59
-72
-77
-103
-104
-66
-79
-133
-131
-86
-104
-113
-127
-120
-115
-173
-212
-245
-239
-278
-292
-295
-266
-247
-219
-174
-117
-109
-74
-21
-10
2
-36
-34
-51
-87
-87
-84
-57
5
-32
-38
-2
42
53
26
17
67
110
99
121
189
186
178
195
183
240
234
217
237
223
167
90
84
99
69
11
35
65
94
98
84
144
161
136
156
179
180
119
37
81
97
-16
-102
-110
-103
-114
-141
-110
5
34
16
36
77
70
6
41
81
96
88
93
155
139
50
2
-6
58
-29
-94
-46
-87
-89
-117
-63
-46
-142
-178
-142
-161
-235
-238
-196
-163
-163
-173
-157
-171
-139
-131
-93
-91
-91
-73
-67
-39
-67
-66
19
-2
-85
-54
-22
17
-27
-38
-18
-44
-68
-58
-49
-30
-39
-3
70
89
104
67
88
120
127
126
128
101
144
141
120
161
166
142
85
73
62
24
-72
-139
-145
-147
-155
-137
-64
-30
-36
-55
-41
-23
41
60
11
28
41
85
87
65
123
131
121
89
92
113
109
116
87
107
56
12
59
66
54
48
71
117
71
46
82
13
-3
-13
-14
5
-3
36
100
145
136
115
116
122
82
52
21
17
-15
-74
-93
-124
-127
-161
-171
-178
-209
-244
-259
-252
-283
-276
-300
-305
-257
-194
-170
-167
-173
-189
-234
-259
-252
-247
-188
-106
-53
-38
-64
10
43
-34
-80
-31
-2
-35
12
101
154
154
150
196
219
199
198
172
179
173
184
180
190
233
239
231
241
258
231
196
227
261
198
164
175
216
199
175
186
171
97
74
59
-32
-84
-37
-23
-103
-145
-122
-132
-180
-150
-150
-200
-226
-223
-216
-295
-293
-179
-201
-268
-177
-92
-138
-186
-44
57
36
30
86
111
9
13
70
22
-17
24
88
50
73
152
163
119
167
212
142
136
198
187
125
149
182
82
-7
36
14
-145
-203
-167
-195
-286
-279
-199
-195
-156
-109
-76
-116
-78
26
6
-16
46
39
-39
-34
62
46
-61
-28
-15
-117
-202
-157
-148
-185
-156
-58
-43
-130
-65
-1
-59
-31
64
78
-18
-6
42
-29
2
73
61
-22
-11
43
4
7
49
52
-14
22
81
40
35
131
147
110
111
196
200
97
146
196
153
69
105
110
46
29
63
95
36
67
124
111
145
193
202
156
184
203
169
186
143
46
-20
-19
-16
-86
-49
0
-86
-169
-104
-48
-123
-118
-14
-24
-72
-40
4
-9
-59
-13
13
-20
-39
20
-51
-121
-92
-115
-143
-169
-192
-213
-264
-241
-237
-309
-291
-211
-196
-228
-160
-98
-41
-76
-20
37
-23
49
127
95
69
89
72
-19
-20
-32
-76
-80
-23
2
-35
-8
67
91
67
104
114
74
81
101
28
-34
-13
-40
-111
-100
-57
-103
-145
-88
-50
-81
-51
73
81
71
98
161
107
61
175
168
105
152
232
191
114
162
129
-13
-40
43
19
-48
53
117
56
43
115
97
3
48
122
59
-22
91
138
54
17
82
63
11
56
102
66
27
68
-22
-129
-71
13
-35
-28
50
34
-32
-1
66
53
20
34
20
-102
-161
-173
-227
-275
-234
-207
-295
-297
-242
-267
-293
-198
-104
-93
-92
-28
6
27
74
92
65
61
124
63
-9
-15
8
-24
-91
-28
29
-12
4
25
43
74
113
145
193
212
195
188
142
121
56
-14
22
36
-16
-49
32
84
56
49
105
133
72
10
32
43
28
49
42
60
2
-12
-8
-42
-41
-58
-51
-110
-119
-111
-89
-102
-110
-108
-133
-116
-134
-139
-177
-117
-28
-61
-68
-26
87
40
4
51
70
42
20
80
28
-12
52
85
43
21
69
38
-23
-15
60
63
12
72
109
67
98
107
66
20
71
33
-66
-44
-2
-3
-42
10
93
100
58
34
61
49
5
5
-1
17
-31
-55
-41
-85
-103
-97
-120
-154
-172
-164
-123
-140
-165
-130
-122
-136
-118
-135
-139
-96
-64
-71
-136
-77
-5
-41
0
79
93
61
73
89
61
6
4
46
31
43
63
37
35
77
131
131
161
199
241
252
265
300
307
281
257
239
167
132
145
123
131
147
138
122
107
138
118
75
81
85
35
16
48
-16
-82
-100
-124
-147
-163
-147
-122
-132
-181
-173
-203
-246
-236
-252
-335
-348
-270
-274
-320
-315
-286
-301
-351
-357
-271
-265
-267
-239
-230
-231
-223
-143
-97
-83
-12
12
-22
-26
0
8
-13
-21
47
73
87
161
221
228
248
307
292
243
229
238
197
159
140
146
170
237
308
375
436
418
360
360
353
329
307
248
211
182
104
56
75
36
-6
-97
-150
-89
-150
-247
-186
-148
-144
-139
-100
-22
-84
-129
-80
-107
-157
-127
-140
-137
-139
-112
-88
-81
-86
-78
-89
-99
-64
-81
-122
-120
-91
-136
-203
-149
-115
-189
-191
-98
-54
-63
-12
47
21
-7
28
33
44
52
104
71
-45
-29
-29
-75
-27
66
114
96
114
179
145
146
195
196
131
83
22
-56
-98
-96
-132
-187
-157
-62
-45
-10
86
156
123
95
128
98
39
94
163
119
98
123
126
68
103
103
107
79
91
98
12
37
101
100
69
67
82
5
-73
-100
-174
-228
-281
-304
-310
-292
-244
-245
-241
-211
-194
-246
-229
-147
-148
-150
-74
-1
11
9
78
145
101
79
123
170
155
163
221
225
256
237
208
203
198
134
37
-36
-42
-61
-88
-48
0
15
27
70
56
-2
-18
17
21
-22
-21
-28
-63
-64
-85
-22
-5
12
15
-20
-33
-16
-41
-77
-74
-62
-69
-112
-109
-88
-79
-83
-120
-167
-173
-138
-122
-114
-80
-48
0
-33
-49
-43
-51
-55
-73
-86
-85
-108
-137
-110
-57
-1
58
96
145
169
156
170
130
138
144
110
95
113
133
99
84
42
48
58
38
89
132
146
148
167
159
158
156
127
86
72
80
30
-13
-8
-21
-19
16
78
86
71
124
138
94
60
22
-18
-72
-122
-118
-146
-161
-143
-110
-72
-22
-8
11
31
34
50
33
48
64
67
52
-4
-17
-20
-15
-36
-87
-50
-13
-32
-27
39
70
23
-2
1
-29
-87
-123
-140
-179
-202
-237
-248
-240
-233
-221
-196
-143
-88
-67
-85
-45
14
36
21
56
58
6
-12
14
21
-61
-100
-86
-128
-147
-108
-50
6
11
16
18
19
31
33
16
11
33
-12
-21
-21
38
67
84
191
205
169
175
211
222
151
125
149
81
-6
5
58
66
15
39
81
63
77
95
79
82
91
81
93
108
98
73
63
44
-63
-92
-65
-75
-117
-107
-35
-5
-19
33
102
76
54
18
16
-43
-104
-129
-143
-189
-180
-186
-195
-161
-148
-152
-167
-133
-114
-109
-64
39
84
66
80
81
44
1
1
22
20
23
17
21
5
41
94
74
96
102
65
20
-2
7
-37
-75
-70
-67
-45
-25
32
64
57
45
23
22
23
17
34
48
60
73
59
62
61
70
36
32
30
25
46
80
109
96
113
104
65
59
50
32
-18
-102
-119
-148
-157
-142
-119
-95
-81
-43
5
13
37
76
53
7
-15
1
-21
-76
-89
-88
-109
-129
-142
-127
-127
-124
-89
-54
-39
-30
-9
-23
2
35
46
35
53
56
-19
-54
-39
-21
-62
-64
-3
4
-15
13
40
15
-14
8
25
-5
-44
-94
-112
-112
-97
-58
-14
-15
16
46
10
4
-33
-21
-9
-50
-17
3
-13
12
17
30
24
50
74
108
136
156
211
216
258
263
255
258
236
200
131
85
49
17
-15
-33
6
-1
31
75
100
108
97
105
113
86
76
82
45
28
20
10
-26
-37
-39
-81
-94
-100
-88
-98
-76
-38
-9
-46
-62
-9
-50
-91
-81
-100
-155
-187
-163
-147
-167
-103
-58
-80
-91
-48
-41
-76
-96
-71
-70
-119
-99
-99
-130
-133
-104
-67
-104
-67
-47
-47
-59
-9
6
-27
8
25
13
-26
-10
1
-23
-8
31
49
43
51
137
135
105
134
201
172
129
129
106
60
-8
-17
-35
-47
-57
-36
15
39
63
94
118
161
166
130
105
113
137
123
91
62
20
-29
-82
-120
-120
-131
-131
-116
-128
-139
-141
-133
-122
-111
-138
-110
-97
-100
-96
-127
-164
-174
-173
-176
-155
-111
-54
-8
47
85
91
63
66
92
76
52
63
57
45
27
41
70
89
117
135
131
118
137
143
117
114
112
101
80
72
63
50
57
58
66
76
77
75
75
79
95
134
127
118
130
92
34
-18
-34
-63
-103
-96
-72
-73
-93
-56
-57
-100
-73
-68
-68
-69
-52
-25
-47
-51
-24
-26
-30
-10
31
37
38
60
56
21
9
10
25
6
-7
19
-14
-41
-40
-27
-58
-69
-62
-83
-96
-63
-22
-8
17
62
62
46
33
29
35
-10
-11
-9
-40
-64
-71
-74
-80
-84
-90
-58
-57
-58
-29
-29
-39
-38
-54
-95
-115
-142
-179
-187
-170
-168
-134
-103
-120
-131
-144
-128
-87
-55
-43
-16
-20
-39
-7
15
14
23
56
37
41
71
59
72
97
144
159
177
209
203
163
123
122
113
78
79
97
76
72
95
123
144
171
177
198
212
224
251
233
226
242
229
162
80
49
8
-54
-54
-62
-94
-96
-81
-57
-54
-49
-64
-62
-71
-103
-111
-100
-98
-105
-103
-121
-138
-141
-134
-142
-114
-93
-93
-69
-26
-21
-32
-41
-63
-84
-105
-94
-102
-131
-123
-103
-97
-87
-74
-39
-38
-28
-16
-14
-21
-14
14
-1
-11
-5
32
45
60
72
111
135
125
152
176
202
199
224
237
204
183
153
109
68
54
38
16
12
-3
-11
-4
18
15
-3
12
24
57
55
19
9
-19
-42
-105
-125
-124
-172
-196
-216
-227
-236
-231
-195
-154
-154
-174
-155
-155
-140
-142
-132
-146
-139
-111
-133
-106
-91
-48
-41
-47
-54
-57
-45
-40
1
22
23
46
68
78
89
108
101
82
110
134
135
129
162
201
197
152
137
131
93
49
46
53
32
17
42
95
98
112
123
145
141
143
181
191
239
245
240
221
172
135
96
62
17
-20
-67
-80
-74
-84
-61
-24
-14
-31
-26
-21
-30
-41
-38
-59
-92
-93
-108
-114
-130
-99
-109
-146
-159
-162
-185
-199
-158
-128
-113
-105
-77
-56
-68
-47
-4
18
37
38
26
15
27
4
-4
-7
-23
-53
-95
-91
-93
-102
-136
-137
-110
-115
-95
-43
4
-2
40
88
114
119
105
115
92
78
55
33
50
49
45
35
33
36
20
-3
19
39
34
72
94
95
80
84
95
59
25
9
12
2
-8
-21
-36
-38
-31
-45
-63
-16
7
-10
-20
-12
13
-9
-42
-41
-37
-55
-70
-70
-63
-53
-63
-61
-60
-41
-37
-39
-27
-18
-5
-23
-1
26
22
39
83
101
95
107
104
100
66
90
106
91
108
111
111
107
100
69
43
27
9
-54
-68
-26
-19
-23
-15
32
44
5
-6
-18
-31
-52
-73
-64
-103
-108
-103
-118
-125
-139
-132
-120
-133
-125
-117
-89
-58
-49
-46
-29
-10
-41
-72
-81
-72
-88
-108
-94
-71
-27
12
39
53
80
145
145
131
145
163
169
149
145
147
144
145
127
99
100
117
128
109
114
121
94
96
99
90
87
58
47
38
16
2
10
20
-21
-68
-61
-67
-116
-119
-115
-129
-122
-126
-84
-103
-114
-85
-85
-79
-85
-113
-83
-61
-90
-103
-69
-28
-48
-32
-34
-42
-41
-34
-78
-72
-78
-87
-74
-68
-76
-65
-37
-27
-39
-67
-19
13
19
8
34
72
99
78
43
35
50
49
58
66
97
144
163
148
136
146
151
154
101
83
54
57
45
14
7
9
34
39
29
-2
-4
15
-7
-54
-60
-65
-48
-38
-27
-17
-12
-10
-12
-25
-64
-74
-68
-49
-72
-84
-65
-50
-31
-28
-33
-49
-40
-18
-17
-40
-55
-34
-21
-13
-31
-34
-28
-18
-28
-57
-41
-1
-1
5
6
31
49
14
8
-19
-29
-26
-19
-29
-53
-29
-1
-5
-5
-17
7
33
33
13
-15
15
50
41
34
35
82
124
105
101
103
102
113
104
75
80
74
55
44
12
30
72
70
73
82
76
85
72
42
19
25
47
32
22
22
35
38
17
5
-37
-77
-78
-100
-140
-174
-155
-141
-153
-154
-115
-75
-58
-38
-37
-31
-9
-12
-48
-58
-64
-50
-79
-91
-67
-83
-84
-68
-36
-28
-23
10
20
29
46
48
39
31
25
13
4
7
29
16
4
19
43
45
17
-2
-3
-1
-31
-23
-32
-41
-46
-43
-25
3
16
11
49
53
40
41
94
130
111
101
99
126
129
102
109
106
97
58
29
-11
-12
3
-11
-25
-29
-11
-14
-49
-61
-64
-92
-96
-104
-106
-106
-104
-106
-104
-88
-83
-56
-43
-35
-19
26
32
31
43
57
46
14
-4
3
-7
-28
-47
-33
-22
1
25
41
66
77
71
74
49
35
50
50
43
56
89
124
106
76
71
66
59
31
31
42
37
-3
-38
-47
-61
-66
-96
-98
-95
-88
-111
-138
-120
-114
-118
-104
-83
-75
-70
-74
-51
-38
-35
-22
-11
-16
-4
3
-13
-21
-36
-39
-25
-2
2
1
17
71
56
39
39
54
77
64
45
58
82
82
52
47
84
64
48
85
108
75
63
72
75
42
21
35
45
37
39
50
97
102
76
74
85
74
47
22
19
12
-35
-80
-87
-83
-101
-120
-129
-83
-82
-112
-88
-51
-33
-25
-31
-23
-15
-41
-26
-4
21
19
-2
-2
-22
-50
-59
-64
-64
-91
-130
-101
-68
-62
-63
-18
19
1
-11
9
26
-1
-34
-14
21
-10
-8
25
22
24
10
17
26
18
18
14
11
25
19
10
32
43
25
19
41
66
54
47
59
53
43
15
11
12
-38
-78
-62
-79
-88
-57
-39
-13
-11
-18
23
45
18
24
36
38
29
-2
15
29
16
-18
-4
13
-1
-11
1
1
-10
-9
-5
37
56
56
70
37
18
3
-5
21
0
12
51
58
43
12
11
31
0
5
12
-2
-3
2
40
30
22
44
51
60
42
29
59
54
30
40
33
27
15
7
28
19
-8
-20
-47
-40
-52
-75
-68
-60
-72
-80
-75
-36
-46
-80
-68
-65
-48
-50
-61
-69
-83
-88
-84
-88
-98
-98
-89
-80
-68
-15
-2
-1
20
-1
9
12
27
41
30
31
42
24
4
-12
-5
1
-28
-7
-3
-20
-3
5
48
47
42
99
119
112
111
107
126
113
85
82
74
78
57
38
42
27
29
33
8
-1
-13
-11
-9
-4
17
6
-20
-22
-35
-37
-30
-35
-32
-40
-62
-81
-104
-97
-95
-108
-108
-120
-110
-104
-100
-100
-77
-49
-42
-39
-39
-20
-4
-18
-27
-17
-10
-22
-30
-11
18
-7
-15
-6
-16
-31
-21
25
53
63
102
131
128
121
110
135
139
120
123
124
133
114
78
86
87
78
63
34
53
45
17
6
6
29
18
-13
2
17
6
-4
0
12
-9
-31
-43
-51
-39
-42
-45
-45
-56
-43
-31
-25
-13
1
32
43
10
-17
-4
-11
-28
-39
-30
-15
-34
-38
-36
-50
-74
-66
-66
-103
-126
-116
-89
-100
-100
-65
-21
-26
-53
-25
-2
-8
-9
8
14
-2
-15
4
-4
-16
-15
-17
-22
-24
-18
-6
5
23
32
29
32
37
54
54
42
55
64
75
78
61
54
43
22
17
20
6
-13
8
36
19
22
42
60
51
12
44
71
30
17
23
29
12
-26
9
7
-7
6
27
31
-20
-11
16
2
-35
-35
-29
-46
-74
-50
-10
-28
-49
-54
-25
-47
-58
-26
-3
-11
-27
-35
-4
-23
-45
-32
-23
-1
-21
-7
-2
-12
16
32
40
37
9
11
-4
-17
5
2
30
22
6
15
17
24
22
12
30
29
30
23
-9
25
26
33
18
-4
23
9
8
22
10
18
2
-36
-43
-49
-40
-26
-13
-7
-11
1
-3
-6
12
-16
16
10
-19
-22
-30
-22
-24
-15
16
10
3
1
-8
1
-15
-12
-14
-21
-23
-40
-37
-38
-36
-27
-19
5
3
5
29
24
37
52
48
51
35
30
37
37
33
35
41
27
22
32
32
28
41
38
35
27
22
28
18
11
-8
-11
-22
-35
-25
-13
-12
-10
-19
-10
-26
-50
-18
-26
-23
-21
-37
-28
-46
-49
-33
-46
-39
-42
-34
-20
-36
-32
-26
-23
3
-2
-6
-9
-9
9
-1
-6
-10
-13
-27
-52
-46
-38
-32
-13
-15
-14
-11
-9
5
8
8
26
38
52
58
45
70
47
31
45
51
58
31
62
61
43
41
12
28
8
-15
8
8
8
22
15
24
26
