-10
-9
-9
-7
-9
-8
-7
-8
-9
-5
-5
-2
0
1
5
6
6
8
7
5
4
3
2
0
1
-1
-5
-5
-2
-4
-4
-6
-6
-5
-6
-9
-10
-11
-15
-16
-18
-22
-24
-24
-26
-28
-28
-28
-29
-33
-33
-33
-32
-31
-32
-29
-28
-29
-31
-34
-35
-37
-35
-32
-29
-28
-23
-17
-13
-10
-6
-7
-4
-7
-11
-9
-8
-5
-2
-1
0
0
3
2
6
10
14
16
15
18
20
17
16
22
25
25
23
21
28
29
27
26
28
27
25
25
23
24
28
28
28
31
29
33
32
32
33
28
26
28
27
29
29
27
28
22
24
22
19
17
16
15
15
16
14
11
12
12
11
12
13
22
20
18
24
21
20
20
16
13
13
8
7
4
2
-3
-6
-8
-14
-14
-19
-23
-26
-30
-33
-30
-33
-32
-38
-39
-42
-46
-43
-38
-38
-43
-41
-41
-41
-41
-43
-37
-30
-30
-30
-28
-26
-24
-21
-20
-17
-17
-17
-16
-15
-10
-13
-5
2
5
11
14
18
19
23
21
22
21
20
18
15
10
5
6
1
-4
-1
-3
-2
-4
-6
-9
-12
-15
-15
-15
-13
-12
-7
1
0
2
3
9
11
9
7
6
7
8
7
12
14
18
22
24
23
25
24
18
21
21
24
22
20
18
16
14
12
8
11
13
10
12
15
12
10
11
10
10
9
10
7
5
2
4
2
0
0
-3
-5
-2
-1
-3
-3
-4
-9
-7
-8
-13
-13
-16
-13
-13
-13
-14
-17
-14
-16
-16
-11
-11
-15
-11
-11
-14
-12
-14
-13
-17
-18
-16
-19
-17
-18
-16
-15
-11
-7
-5
-7
-1
3
8
8
5
7
0
3
-3
0
3
0
1
-3
3
2
6
6
8
13
11
11
10
11
11
13
17
13
11
10
11
10
8
9
6
4
2
0
-5
-9
-12
-15
-15
-13
-13
-15
-17
-16
-18
-18
-18
-20
-14
-13
-11
-10
-12
-5
-6
-4
-4
1
0
2
4
4
7
8
9
6
7
10
9
10
12
9
13
10
8
7
11
7
8
8
5
9
10
12
7
9
12
6
7
5
2
3
5
3
1
5
3
4
-2
-8
-7
-24
-50
-58
-20
-22
-18
-44
-39
-29
8
12
17
42
72
78
60
76
80
81
62
66
40
37
41
37
5
15
21
16
-7
2
4
-11
-14
-20
-20
-23
-12
-26
-30
-28
-5
-17
-18
-20
-14
-26
-29
-25
-28
-26
-30
-32
-44
-34
-37
-53
-60
-48
-42
-59
-69
-57
-50
-54
-55
-42
-40
-16
-2
-7
-6
13
20
7
10
16
21
10
7
11
10
17
20
13
8
23
32
29
29
32
42
38
40
45
49
49
56
58
53
64
70
57
52
57
60
52
44
48
44
46
41
36
31
38
35
25
15
23
17
1
-1
-7
-8
-17
-20
-25
-27
-34
-35
-47
-57
-59
-65
-72
-72
-74
-80
-83
-79
-74
-76
-72
-70
-68
-72
-61
-58
-62
-57
-55
-50
-54
-52
-48
-47
-48
-42
-47
-45
-31
-31
-30
-29
-16
-5
-7
-1
7
13
20
26
41
44
60
60
53
66
80
83
71
72
72
73
67
74
73
72
70
68
64
69
83
75
68
70
69
58
68
62
62
56
66
64
52
49
50
31
11
5
1
-7
-10
-11
-25
-29
-30
-36
-46
-47
-48
-51
-55
-48
-45
-54
-64
-68
-77
-90
-86
-91
-101
-98
-91
-97
-98
-99
-104
-108
-104
-101
-92
-82
-78
-80
-77
-69
-58
-49
-32
-25
-7
2
8
24
27
44
51
54
57
72
74
76
75
81
83
88
85
88
90
101
104
97
106
105
111
97
102
102
102
99
96
93
92
97
89
79
75
78
62
59
48
47
37
24
21
9
3
-1
-13
-32
-37
-53
-76
-92
-99
-110
-122
-123
-122
-131
-126
-136
-144
-149
-153
-159
-160
-155
-153
-154
-149
-133
-133
-130
-134
-137
-151
-156
-166
-154
-140
-122
-112
-94
-71
-40
-11
7
42
66
78
97
122
130
145
147
168
180
186
196
198
195
211
220
216
210
226
227
213
218
206
206
212
208
201
196
198
187
160
159
149
127
103
84
58
41
36
24
15
3
2
-10
-32
-60
-73
-103
-128
-144
-157
-175
-194
-210
-225
-221
-204
-193
-208
-204
-194
-190
-212
-211
-202
-223
-236
-237
-257
-259
-249
-245
-278
-261
-260
-272
-287
-286
-280
-292
-268
-255
-222
-186
-124
-95
-57
-23
31
64
100
146
187
217
242
264
285
311
330
342
344
355
349
328
311
322
310
308
309
330
340
356
370
376
384
383
401
389
359
337
321
294
259
244
216
174
144
106
48
10
-37
-96
-143
-179
-215
-255
-277
-293
-269
-277
-274
-259
-268
-267
-260
-249
-261
-293
-289
-305
-344
-357
-349
-363
-407
-412
-430
-490
-559
-583
-623
-653
-657
-675
-706
-692
-662
-634
-600
-515
-395
-284
-138
29
190
306
445
570
684
776
877
911
925
923
901
854
804
802
752
677
639
638
612
604
553
538
515
535
575
567
572
581
585
567
561
543
509
449
415
355
278
214
134
6
-129
-219
-300
-379
-457
-566
-658
-745
-775
-819
-839
-850
-844
-808
-780
-747
-716
-678
-629
-555
-532
-527
-520
-501
-538
-580
-654
-724
-780
-836
-868
-877
-902
-898
-895
-899
-910
-908
-900
-877
-885
-860
-803
-712
-611
-478
-272
-39
249
504
757
982
1210
1383
1472
1539
1585
1577
1504
1449
1418
1382
1348
1318
1291
1261
1196
1151
1128
1117
1082
1013
984
965
952
937
920
950
941
876
820
709
601
429
270
146
75
27
-18
-96
-145
-147
-246
-341
-462
-532
-650
-795
-945
-1079
-1125
-1204
-1260
-1297
-1267
-1148
-1037
-943
-870
-821
-754
-793
-800
-790
-780
-872
-941
-1049
-1083
-1016
-957
-905
-865
-843
-983
-1051
-1004
-845
-798
-722
-634
-483
-402
-338
-416
-559
-621
-592
-563
-498
-298
2
304
637
1088
1506
1908
2149
2279
2274
2230
2090
1790
1456
1180
946
751
636
594
604
577
575
573
541
559
603
590
560
615
658
685
767
841
895
808
723
624
491
339
164
18
-95
-190
-225
-216
-217
-177
-149
-217
-357
-454
-592
-819
-1090
-1266
-1387
-1425
-1413
-1363
-1211
-1078
-844
-682
-588
-531
-531
-560
-605
-641
-747
-789
-787
-758
-750
-801
-778
-751
-732
-753
-734
-754
-728
-741
-737
-921
-1474
-2297
-3258
-4061
-4463
-4286
-3634
-2646
-1484
-49
1469
2890
3981
4684
4957
4800
4324
3638
2882
2283
1872
1566
1425
1421
1604
1716
1767
1631
1396
958
373
-298
-854
-1053
-982
-612
-31
745
1538
2270
2753
3034
3003
2731
2257
1556
943
440
80
-110
-67
78
218
296
197
-76
-525
-1103
-1790
-2462
-3085
-3467
-3623
-3449
-2882
-2147
-1347
-712
-199
150
310
224
37
-245
-559
-723
-834
-874
-888
-766
-734
-787
-820
-898
-1109
-1451
-1702
-1929
-2096
-2077
-1800
-1490
-1006
-404
143
553
884
1092
948
540
9
-526
-1242
-1920
-2560
-3094
-3202
-3025
-2563
-1978
-1166
-166
781
1550
2228
2748
3027
3163
3114
3031
2975
3006
3115
3044
3011
2999
2963
2763
2486
2256
1975
1633
1259
900
625
606
601
636
744
978
1128
1187
1263
1256
1213
1067
954
839
790
743
705
629
509
412
230
-111
-503
-952
-1499
-2085
-2605
-3079
-3508
-3803
-3939
-3889
-3609
-3200
-2664
-2114
-1544
-905
-400
89
455
707
743
752
663
477
241
-63
-383
-782
-1089
-1357
-1650
-1898
-2051
-2129
-2209
-2077
-1696
-1217
-660
-56
559
1037
1498
1685
1603
1394
920
18
-1334
-2585
-3679
-4399
-4559
-3984
-2896
-1554
-19
1475
2873
3995
4745
4922
4632
4106
3464
2774
2276
1996
1929
2054
2352
2715
2884
2988
2861
2386
1643
863
112
-548
-1044
-1382
-1335
-921
-165
700
1493
2190
2703
2841
2684
2271
1643
880
268
-88
-329
-462
-395
-313
-392
-636
-1053
-1677
-2400
-3104
-3954
-4640
-4956
-4810
-4518
-3973
-3028
-1907
-851
10
679
1027
1082
903
655
198
-139
-391
-623
-758
-716
-652
-703
-709
-769
-957
-1282
-1541
-1755
-1941
-2047
-1845
-1454
-879
-151
640
1307
1892
2334
2434
2213
1830
1359
842
102
-861
-2041
-3244
-3998
-4428
-4467
-4051
-2900
-1496
-88
1304
2692
3973
4900
5354
5288
5016
4638
4191
3590
3066
2796
2571
2228
1989
1795
1549
1186
743
133
-496
-1030
-1526
-2002
-2300
-2071
-1488
-842
-22
971
1787
2356
2641
2760
2583
2289
1731
1030
323
-220
-656
-1066
-1289
-1383
-1416
-1760
-2096
-2448
-2796
-3205
-3657
-3992
-4028
-3623
-3093
-2488
-1624
-583
268
838
1257
1491
1594
1503
1114
556
146
-11
-148
-268
-333
-215
-388
-587
-818
-1019
-1360
-1758
-2034
-2208
-1939
-1359
-629
-99
574
1355
2029
2454
2502
2253
1839
1142
363
-734
-2040
-4030
-5918
-6752
-5619
-3630
-2172
-1088
274
2563
4398
5179
4784
4396
4154
3672
2327
952
638
1452
2302
2576
2584
2819
3226
3333
2682
1253
-283
-1614
-2623
-3657
-4215
-4134
-3342
-2233
-856
614
2165
3234
3833
4058
4003
3507
2680
1898
1279
859
366
241
236
317
78
-450
-1108
-1696
-2445
-3473
-4419
-4769
-4700
-4517
-4049
-2845
-1340
110
1119
1680
2018
2400
2477
1836
1040
388
110
-329
-512
-545
-207
104
146
-161
-585
-866
-1281
-1954
-2786
-2975
-2950
-2796
-2498
-1681
-654
388
1382
2020
2420
2562
2489
2008
1335
899
535
69
-570
-1105
-2239
-4557
-7130
-7681
-5996
-4076
-3302
-3034
-1276
1704
4373
5082
4887
5131
5833
5461
3568
1792
1366
1849
2102
1741
1309
1719
2653
3323
2933
1787
596
-308
-1245
-2372
-3421
-3866
-3357
-1909
-577
514
1846
3484
4589
4900
4871
4336
3426
2343
1534
363
-464
-307
101
-183
-575
-479
-506
-1051
-1893
-2963
-4079
-4646
-4805
-5107
-5055
-3883
-2211
-1244
-398
849
1831
2280
2176
1795
1040
509
98
-343
-774
-697
-340
-308
-167
-44
-321
-1066
-1604
-2100
-2834
-3312
-3089
-2605
-2137
-1379
-419
594
1430
2134
2196
1863
1827
1788
1424
1021
990
900
634
452
458
231
-252
-900
-2278
-4576
-6993
-8131
-7484
-5802
-4192
-3020
-1242
1840
5128
6932
7248
7285
7384
6815
5017
2799
1335
1124
1438
1281
781
826
1748
2640
2692
1881
714
-317
-1234
-2320
-3530
-4073
-3436
-1975
-510
893
2262
3734
4850
5004
4141
2843
1737
772
-266
-1301
-1665
-1382
-707
-177
27
-68
-300
-791
-1806
-3228
-4380
-5129
-5639
-5947
-5488
-4117
-2271
-507
872
1966
2951
3718
3630
2986
2144
1366
434
-372
-732
-620
-523
-541
-679
-788
-877
-1128
-1512
-1912
-2053
-2153
-2074
-1749
-936
-74
336
816
1424
1979
2095
1766
1349
1008
723
403
88
-34
174
172
84
-8
21
-194
-752
-1522
-2449
-3571
-5199
-6771
-7399
-6102
-3945
-2050
-664
1304
3893
5842
6432
5992
5332
4715
4019
2681
1289
785
1349
2174
2824
3365
3817
4062
4049
3402
2020
103
-1622
-3012
-4057
-4764
-4799
-4038
-2416
-486
1083
2074
2955
3882
4195
3795
2961
2291
1538
750
-140
-666
-701
-568
-857
-1641
-2288
-2478
-2805
-3610
-4377
-4614
-4437
-3898
-2941
-1702
-245
1228
2391
2860
3190
3334
3002
1894
695
-244
-1003
-1625
-1866
-1878
-1698
-1310
-892
-546
-423
-180
-263
-479
-666
-671
-748
-761
-643
-431
-333
-225
25
232
366
308
75
-67
74
315
441
525
681
781
750
705
535
233
-364
-1055
-1786
-2566
-3635
-5315
-6866
-7203
-5709
-3690
-2153
-870
1243
3873
6011
6947
6858
6630
6586
5931
4249
2495
1913
2057
2012
1530
1095
1315
1907
2223
1576
366
-859
-1776
-2797
-3786
-4345
-4264
-3729
-2668
-1184
262
1616
2577
3013
2894
2604
2071
1213
344
-433
-1087
-1623
-1380
-800
-577
-674
-356
62
-251
-1008
-2003
-2671
-3067
-3145
-3337
-3123
-2243
-1001
-106
631
1554
2433
2767
2546
2272
1884
1439
1040
730
433
402
399
407
384
628
615
185
-446
-983
-1524
-2043
-2217
-2265
-2288
-2033
-1500
-829
-49
746
1218
1231
1097
901
633
286
62
-178
-479
-750
-721
-643
-532
-381
-252
-363
-663
-1270
-2190
-3565
-5188
-6357
-6113
-4614
-2828
-1306
108
2062
4337
5958
6442
6147
5633
5043
4032
2646
1583
1436
1682
1774
1748
1864
2120
2208
1708
516
-1083
-2613
-3971
-5180
-5937
-5982
-5250
-3904
-2189
-379
1476
3149
4360
4913
4976
4653
4179
3547
2876
2232
1484
923
808
848
578
-1
-653
-1426
-2423
-3438
-4147
-4400
-4249
-3660
-2940
-1877
-441
989
2032
2749
3196
3174
2518
1673
1054
553
-42
-739
-1093
-815
-226
191
180
-27
-238
-674
-1562
-2521
-3200
-3580
-3745
-3746
-3470
-2774
-1620
-400
589
1130
1431
1438
1388
1381
1318
992
536
349
361
397
302
244
121
-240
-827
-1607
-2389
-3280
-4469
-5910
-6886
-6339
-4488
-2320
-644
1159
3413
5596
6998
7191
6601
5827
4994
3666
1994
799
635
946
1198
1374
1558
1817
1952
1601
726
-613
-1956
-3215
-4204
-4658
-4373
-3530
-2196
-438
1381
2794
3784
4416
4480
4091
3287
2443
1441
617
-36
-458
-631
-437
-200
-220
-380
-475
-818
-1673
-2551
-3247
-3825
-4168
-4079
-3579
-2611
-1301
126
1102
1807
2447
2830
2838
2507
1919
1357
849
526
109
-278
-346
-304
-493
-1009
-1439
-1780
-2135
-2578
-2749
-2568
-2273
-1934
-1518
-787
343
1368
1963
2197
2340
2337
2130
1796
1682
1513
986
374
-27
-17
92
-12
-333
-691
-942
-1100
-1437
-1660
-2122
-2893
-4018
-5177
-5961
-5932
-4748
-3095
-1475
-120
1482
3057
4484
5234
5164
4520
3774
3094
2318
1489
1019
988
1178
1422
1540
1516
1446
1198
600
-377
-1537
-2436
-3179
-3719
-3936
-3431
-2472
-1224
122
1439
2637
3578
4033
4032
3564
2780
1902
951
592
369
290
181
274
427
450
287
-61
-615
-1336
-2150
-2836
-3181
-3077
-2781
-2408
-1690
-692
473
1375
1960
2256
2370
2140
1815
1364
908
528
171
-56
-41
34
-89
-393
-717
-908
-1331
-1884
-2354
-2417
-2253
-1845
-1263
-454
617
1629
2419
2760
2909
2812
2527
1932
1262
431
-395
-1073
-1525
-1765
-1884
-1953
-1868
-1905
-1820
-1594
-1587
-1882
-2714
-3654
-4759
-5672
-6265
-5667
-4181
-2281
-730
826
2615
4336
5368
5384
4790
4089
3439
2526
1588
767
599
866
1444
1938
2272
2317
2227
1815
1100
156
-777
-1717
-2474
-2949
-2971
-2290
-1233
-61
831
1887
2920
3607
3596
3411
3327
3200
2579
1975
1758
1792
1680
1373
982
457
-89
-762
-1655
-2572
-3409
-4083
-4683
-4717
-4086
-3477
-2729
-1627
-98
1182
2105
2660
3039
3198
3141
2698
1902
1259
743
224
-391
-652
-669
-851
-1199
-1645
-2024
-2251
-2383
-2491
-2621
-2489
-1998
-1292
-440
473
1314
1816
1889
1948
1949
1785
1278
494
-441
-1070
-1327
-1707
-2249
-2684
-2817
-2955
-2978
-2864
-2690
-2694
-2673
-2760
-2796
-2748
-2970
-3527
-4218
-3741
-2131
-362
715
1544
2729
4189
5194
5346
4912
4682
4484
3839
2689
1913
1959
2212
2073
1667
1609
1829
2060
1937
1492
891
321
-386
-1053
-1488
-1600
-1579
-1353
-503
713
1947
2870
3459
3761
3765
3512
2676
1804
1145
609
-73
-620
-628
-431
-449
-741
-1158
-1424
-1816
-2525
-3295
-3626
-3420
-3303
-2970
-2167
-720
858
1946
2715
3493
3978
3741
2809
1664
538
-585
-1831
-2941
-3454
-3417
-3437
-3478
-3118
-2399
-1809
-1670
-1693
-1594
-1373
-1225
-1050
-632
40
566
820
1089
1455
1562
1081
261
-435
-1206
-2148
-2969
-3373
-3331
-3230
-3070
-2728
-2038
-1232
-751
-540
-294
-112
-169
-607
-934
-1304
-1883
-2720
-2844
-1563
199
1521
2242
2934
3954
4775
5019
4814
4436
4138
3616
3017
2715
3013
3478
3627
3639
3735
3726
3525
2996
2183
1013
-278
-1621
-2753
-3475
-3793
-3653
-3197
-2217
-950
324
1289
1970
2491
2670
2304
1738
1289
922
338
-117
-249
-207
-151
-360
-917
-1644
-2120
-2610
-3373
-3971
-4005
-3581
-3041
-2252
-1071
195
1382
2341
2915
3047
2893
2405
1416
281
-682
-1611
-2431
-2871
-2878
-2788
-2666
-2284
-1594
-952
-582
-447
-399
-266
4
60
36
228
690
1139
1386
1516
1410
1016
375
-312
-1132
-1890
-2389
-2651
-2806
-2644
-2047
-1190
-321
468
1036
1370
1702
1957
1843
1459
935
130
-989
-2170
-3287
-3908
-3678
-2691
-1581
-659
470
1914
3457
4583
5178
5285
5070
4735
4184
3326
2536
2162
2043
1636
1050
433
-53
-272
-579
-1392
-2523
-3423
-3856
-3982
-3880
-3360
-2527
-1416
-262
924
2121
3159
3591
3185
2290
1334
526
-498
-1191
-1817
-2040
-2189
-1730
-1134
-674
-307
-114
-105
-260
-264
-324
-324
-297
-39
57
463
1237
2056
2187
1917
1530
1116
583
29
-619
-1307
-1726
-1717
-1343
-591
435
1110
1410
1496
1727
1715
1466
994
456
-186
-549
-568
-185
217
346
41
-512
-796
-917
-1169
-1752
-2356
-2812
-3015
-2830
-2299
-1542
-887
-356
161
643
1149
1283
1046
454
138
-44
-411
-1130
-1803
-2467
-3399
-4517
-4992
-4394
-3096
-1936
-1211
-218
1353
2918
3713
3814
3638
3564
3328
2780
2106
1679
1467
1310
1122
1089
1050
1002
671
167
-317
-764
-1170
-1648
-1948
-2129
-2046
-1539
-534
557
1466
2001
2386
2722
2874
2576
2117
1786
1373
1019
738
787
976
1222
1235
1009
824
786
548
-1
-607
-1037
-1285
-1390
-1193
-829
-434
123
815
1253
1437
1482
1196
566
25
-332
-488
-635
-749
-789
-647
-286
134
303
251
90
-126
-394
-604
-743
-985
-1205
-1535
-1712
-1837
-1776
-1639
-1727
-1960
-2130
-2112
-2201
-2281
-2271
-2169
-1880
-1580
-1278
-952
-594
-303
-327
-556
-723
-623
-638
-981
-1210
-1376
-1478
-1546
-1766
-2118
-2704
-3150
-3088
-2380
-1184
-124
873
1922
3169
4217
4847
5051
4963
4517
3749
2846
2071
1591
1385
1131
902
888
1042
1350
1612
1654
1437
942
285
-163
-283
-266
-328
-228
44
739
1507
2170
2612
2869
3009
2585
1859
1003
589
93
-320
-411
22
613
1076
1316
1222
1087
839
393
-480
-1166
-1588
-1788
-1877
-1570
-969
-306
130
320
290
218
-24
-664
-1538
-2310
-2724
-2862
-2866
-2592
-1874
-1114
-330
233
627
746
700
257
-543
-1378
-2020
-2454
-2837
-2987
-2941
-2660
-2478
-2291
-2170
-2001
-1953
-1968
-1932
-1929
-1760
-1472
-1105
-525
234
1028
1562
1984
2260
2336
2177
1877
1533
1074
545
-79
-805
-1827
-2767
-3804
-4420
-4369
-3281
-1866
-421
1045
2626
4194
5226
5887
5980
5768
5076
4012
2904
2142
1815
1636
1298
1009
949
1069
1070
851
518
156
-235
-621
-1016
-1235
-1174
-985
-754
-332
452
1173
1718
1871
1803
1271
639
66
-415
-823
-1043
-722
-417
190
934
1498
1508
1321
1011
370
-392
-1120
-1699
-2256
-2578
-2345
-1832
-1238
-576
-161
-78
-30
-28
-400
-936
-1254
-1417
-1598
-1435
-938
-230
282
646
876
779
487
12
-612
-1517
-2240
-2916
-3464
-3566
-3251
-2771
-2308
-1681
-875
-301
-97
143
236
55
-193
-320
-204
78
563
870
1047
1562
2115
2406
2204
2014
1784
1339
730
251
-191
-735
-1332
-2076
-2647
-3036
-3237
-3135
-2491
-1359
-264
628
1630
2676
3511
3748
3578
3411
3349
3191
2724
2067
1570
1351
1226
887
524
275
-7
-375
-726
-884
-1087
-1308
-1560
-1685
-1500
-1122
-591
-145
300
818
1303
1540
1538
1409
1158
674
174
50
13
317
729
1190
1551
1779
1972
1809
1438
928
239
-533
-1242
-1506
-1517
-1502
-1441
-1200
-840
-523
-365
-390
-527
-587
-710
-912
-988
-921
-773
-719
-377
98
558
846
955
901
537
20
-706
-1481
-2311
-2915
-3239
-3373
-3173
-2706
-2157
-1660
-1114
-657
-226
100
250
370
527
779
904
893
924
1120
1299
1336
1035
694
391
12
-269
-596
-844
-1025
-1077
-1071
-1009
-1037
-1190
-1410
-1789
-2089
-2188
-2029
-1377
-586
139
907
1803
2683
3227
3406
3239
2974
2643
2117
1429
845
602
631
710
935
1218
1649
2046
2208
2141
1837
1360
673
-29
-761
-1191
-1423
-1485
-1276
-726
-116
469
942
1423
1770
1673
1333
1112
1209
1200
1207
1401
1800
2096
2231
1947
1430
785
26
-1201
-2520
-3421
-3804
-4008
-3977
-3403
-2520
-1566
-791
-143
281
589
558
302
-10
30
125
102
-7
207
539
494
218
-142
-600
-1275
-1912
-2503
-2908
-3089
-3004
-2873
-2516
-1742
-898
-293
166
673
1104
1177
1066
863
572
237
-29
-156
-190
34
312
371
229
213
189
-149
-558
-836
-1037
-1283
-1448
-1335
-1189
-1162
-1295
-1683
-2016
-2158
-2172
-2147
-1791
-1138
-354
379
1243
2182
3022
3512
3618
3566
3379
3065
2657
2102
1538
1296
1147
1075
1085
1294
1483
1508
1505
1440
1263
801
165
-449
-833
-920
-657
-225
346
1034
1763
2435
2589
2489
2340
2290
1597
992
765
579
285
174
348
108
-32
-20
-278
-806
-1088
-1145
-1371
-1812
-1735
-1527
-1402
-1030
-535
-197
-19
232
254
-86
-356
-665
-1186
-1807
-1984
-1793
-1806
-1692
-1384
-1018
-892
-773
-721
-915
-1199
-1426
-1744
-2217
-2239
-1974
-1683
-1442
-702
52
451
605
587
468
39
-272
-628
-992
-1001
-870
-780
-678
-368
47
97
-89
-148
-160
-343
-548
-743
-802
-694
-605
-659
-808
-895
-1114
-1547
-1914
-1990
-1644
-1155
-427
530
1470
2343
3213
3999
4447
4541
4344
3834
3137
2508
2064
1753
1659
1777
1932
2084
2361
2618
2556
2100
1450
743
14
-535
-900
-1072
-994
-599
-75
522
1105
1706
1997
1959
1586
1004
174
-696
-1168
-1482
-1714
-1651
-1182
-642
-132
294
561
446
297
-61
-633
-1257
-1542
-1682
-1860
-1990
-1723
-1347
-1210
-1143
-1147
-1140
-1224
-1146
-1262
-1326
-1222
-932
-654
-466
-117
313
424
353
314
264
50
-251
-536
-846
-1026
-1036
-1055
-1222
-1163
-962
-920
-939
-735
-504
-462
-517
-390
-237
-151
-5
77
7
-7
105
-19
-343
-569
-821
-1140
-1286
-1197
-1034
-1009
-972
-919
-885
-903
-878
-970
-1059
-975
-696
-239
379
1237
2037
2652
3078
3454
3667
3610
3328
2953
2391
1946
1601
1288
1174
1371
1754
2101
2316
2549
2747
2649
2290
1651
936
128
-546
-1069
-1418
-1517
-1327
-923
-497
-71
426
809
556
104
-227
-269
-446
-472
-137
271
741
1437
2040
2018
1954
1864
1216
26
-1090
-1888
-2841
-3670
-3885
-3739
-3349
-2745
-1856
-1184
-643
-43
176
-132
-372
-360
-508
-778
-707
-363
-224
-74
198
426
420
200
-218
-815
-1469
-1871
-2303
-2636
-2527
-2012
-1585
-1249
-612
-20
248
234
226
57
-230
-474
-789
-1096
-1141
-921
-659
-536
-214
194
263
101
-41
-125
-255
-396
-384
-205
24
285
331
256
128
-13
-386
-879
-1104
-917
-595
-83
593
1450
2269
2930
3530
3813
3931
3947
3682
3306
3004
2770
2503
2274
2222
2192
2093
1980
1902
1656
1153
546
-111
-818
-1389
-1779
-1987
-1978
-1649
-1059
-385
256
803
1210
1384
1188
541
-171
-512
-583
-612
-359
130
589
925
1140
997
577
59
-776
-1871
-2859
-3364
-3669
-3716
-3409
-2792
-2119
-1427
-580
176
581
789
738
453
165
-48
-229
-353
-423
-363
-219
-71
62
140
21
-221
-498
-829
-1089
-1263
-1396
-1550
-1600
-1302
-851
-479
-156
-7
4
-180
-452
-686
-1015
-1271
-1556
-1640
-1377
-1024
-638
-436
-227
-9
199
429
545
586
567
532
484
519
415
181
-385
-898
-1177
-1311
-1395
-1396
-1095
-573
232
1166
2234
3266
4072
4397
4434
4291
4134
3784
3198
2471
1770
1248
969
900
841
744
617
456
258
64
-139
-461
-984
-1373
-1587
-1458
-1156
-715
-269
187
723
1149
1470
1480
998
193
-339
-515
-609
-555
-353
21
419
822
1099
1082
801
358
-355
-1181
-1751
-1999
-2205
-2283
-2013
-1501
-857
-198
419
717
871
810
430
-37
-408
-655
-751
-892
-829
-525
-229
28
121
26
-231
-474
-941
-1427
-1931
-2208
-2364
-2352
-2021
-1480
-891
-434
-45
173
167
-144
-685
-1286
-1726
-2054
-2180
-2071
-1620
-974
-308
299
825
1260
1401
1217
889
494
18
-343
-582
-693
-692
-714
-847
-880
-752
-693
-684
-675
-505
-177
363
1032
1793
2443
3064
3624
3862
3864
3617
3162
2521
1717
978
462
182
77
200
541
1004
1492
1788
1945
1879
1581
1162
651
122
-299
-648
-747
-618
-182
358
718
892
900
802
650
474
409
271
191
303
623
1220
1788
2171
2217
1982
1571
950
35
-819
-1599
-2231
-2813
-3168
-3197
-3005
-2656
-2366
-2036
-1835
-1592
-1481
-1437
-1314
-1236
-1145
-1056
-854
-493
-173
-4
4
-274
-625
-944
-1346
-1791
-2253
-2554
-2793
-2976
-2867
-2525
-2094
-1663
-1247
-933
-634
-433
-277
-142
-63
18
79
174
335
575
743
802
841
865
895
973
984
902
735
641
526
432
184
-175
-631
-978
-1042
-943
-599
-6
762
1494
2226
2894
3491
3850
3970
3757
3250
2654
2106
1637
1178
819
685
747
933
1251
1616
1910
2055
1963
1686
1339
914
468
-48
-454
-748
-867
-807
-628
-404
-255
-276
-361
-389
-331
-359
-295
-44
144
437
766
1139
1398
1574
1512
1240
943
452
-123
-868
-1570
-2142
-2638
-2970
-3118
-3117
-2944
-2655
-2215
-1724
-1294
-872
-601
-425
-286
-93
76
164
240
306
285
168
-29
-303
-772
-1296
-1777
-2325
-2888
-3289
-3446
-3377
-3111
-2688
-2056
-1384
-699
-201
177
518
652
560
330
124
23
-97
-123
-74
104
397
612
761
883
981
953
826
614
453
291
109
-64
-255
-438
-465
-391
-218
-97
132
489
942
1381
1779
2265
2715
3054
3217
3301
3214
2978
2670
2304
1910
1507
1217
983
791
759
782
843
915
995
1056
1001
823
634
456
320
209
48
-37
16
123
204
344
490
649
626
572
503
386
203
-3
-200
-265
-276
-359
-459
-517
-585
-711
-975
-1226
-1440
-1693
-1952
-2249
-2345
-2315
-2176
-1913
-1667
-1390
-1130
-980
-829
-738
-676
-682
-785
-877
-1003
-1086
-1189
-1303
-1371
-1456
-1566
-1638
-1746
-1808
-1785
-1741
-1524
-1228
-842
-377
67
471
777
919
890
673
372
-66
-484
-803
-985
-1074
-997
-857
-576
-209
202
616
870
1012
1009
897
654
424
232
168
131
220
500
870
1246
1580
1851
2058
2171
2148
2103
2031
1938
1861
1847
1919
1971
1997
1961
1950
1941
1823
1583
1350
1177
988
872
839
850
896
964
976
898
723
484
200
-163
-486
-766
-917
-962
-958
-893
-725
-491
-256
-124
-98
-130
-248
-437
-651
-819
-898
-957
-995
-946
-838
-729
-721
-771
-938
-1153
-1444
-1717
-1956
-2118
-2178
-2131
-1968
-1668
-1301
-1065
-873
-616
-453
-402
-421
-442
-465
-512
-547
-631
-703
-723
-669
-637
-636
-507
-451
-453
-392
-247
-125
-74
69
224
294
208
92
-43
-202
-404
-551
-680
-713
-577
-376
-190
89
436
757
1068
1154
1125
943
673
377
94
-84
-106
30
234
532
849
1194
1520
1748
1868
1869
1827
1772
1727
1718
1773
1849
1942
2032
2028
1882
1624
1397
1059
663
260
-8
-159
-215
-147
42
282
426
523
526
491
402
243
23
-160
-332
-457
-508
-476
-379
-295
-240
-254
-232
-294
-439
-636
-846
-994
-1045
-1014
-921
-867
-805
-636
-578
-489
-417
-407
-612
-876
-968
-1058
-1118
-1091
-1042
-940
-728
-481
-302
-247
-190
-225
-373
-573
-630
-604
-614
-622
-562
-422
-263
-49
74
168
249
258
188
-13
-213
-348
-590
-869
-1050
-1121
-1159
-1249
-1310
-1393
-1487
-1549
-1621
-1573
-1463
-1335
-1206
-1018
-746
-447
-100
70
254
433
580
818
938
1008
1078
1102
1091
1087
1142
1203
1258
1258
1263
1346
1489
1699
1950
2188
2410
2587
2668
2641
2528
2384
2171
1954
1766
1605
1499
1310
1141
1018
987
917
881
819
703
606
463
319
127
6
-151
-317
-388
-419
-412
-451
-496
-520
-510
-556
-674
-750
-891
-1015
-1119
-1224
-1171
-1077
-961
-849
-732
-557
-474
-469
-540
-689
-825
-1067
-1347
-1599
-1770
-1882
-1896
-1812
-1608
-1371
-1108
-905
-718
-584
-525
-515
-587
-730
-867
-986
-1087
-1171
-1248
-1248
-1266
-1270
-1241
-1214
-1192
-1208
-1257
-1263
-1265
-1193
-1059
-950
-822
-663
-492
-361
-233
-136
-104
-104
-126
-75
21
210
508
894
1352
1808
2288
2707
3014
3129
3152
3049
2845
2611
2348
2061
1825
1698
1671
1653
1650
1746
1824
1875
1952
2012
2008
1983
1947
1941
1870
1839
1766
1608
1413
1126
842
475
183
-123
-441
-678
-877
-993
-1082
-1153
-1128
-1110
-1131
-1133
-1128
-1130
-1168
-1188
-1117
-1119
-1159
-1154
-1186
-1214
-1227
-1300
-1377
-1431
-1462
-1462
-1458
-1395
-1260
-1187
-1124
-1012
-897
-797
-769
-779
-782
-812
-811
-769
-697
-562
-391
-233
-117
-57
-50
-129
-301
-506
-685
-897
-1059
-1207
-1333
-1329
-1296
-1209
-1037
-788
-562
-330
-118
46
145
174
187
121
52
-62
-170
-187
-207
-182
-152
-144
-124
-77
33
100
311
552
848
1176
1516
1945
2329
2659
2902
3011
3005
2859
2524
2120
1709
1262
861
507
296
243
263
362
470
749
1030
1302
1563
1730
1931
1995
1943
1849
1744
1569
1272
921
536
136
-291
-702
-1027
-1297
-1583
-1790
-1838
-1738
-1543
-1338
-1116
-849
-570
-366
-207
-136
-115
-165
-291
-404
-570
-767
-942
-1092
-1223
-1289
-1312
-1339
-1298
-1265
-1170
-1072
-928
-714
-572
-407
-267
-73
105
208
291
275
161
-24
-218
-417
-598
-793
-1010
-1121
-1111
-1098
-1137
-1194
-1216
-1327
-1338
-1283
-1150
-967
-796
-580
-317
-38
161
319
345
283
215
86
-17
-103
-179
-175
-207
-102
20
110
203
314
348
414
475
544
690
880
1112
1360
1632
1887
2108
2198
2219
2123
2013
1828
1564
1262
1032
804
610
512
480
589
641
706
727
812
894
928
899
812
756
774
781
754
688
602
428
188
-75
-264
-447
-719
-957
-1156
-1259
-1282
-1226
-1067
-874
-666
-468
-315
-188
-89
-123
-187
-314
-507
-616
-697
-782
-852
-859
-844
-782
-731
-698
-710
-670
-638
-566
-487
-400
-240
-101
68
217
285
281
241
105
-113
-386
-627
-833
-1087
-1280
-1437
-1456
-1358
-1239
-1078
-956
-816
-714
-659
-631
-571
-548
-534
-484
-392
-201
-35
46
96
120
73
-33
-151
-205
-257
-381
-412
-385
-236
-61
56
253
451
674
815
906
1008
1034
1124
1252
1442
1615
1751
1865
1912
1947
1929
1805
1635
1355
1081
848
593
399
324
314
288
364
516
717
920
1104
1224
1228
1220
1162
1030
868
679
541
406
232
85
-91
-260
-411
-580
-700
-770
-873
-916
-952
-894
-841
-790
-657
-504
-378
-329
-267
-189
-111
-67
-91
-158
-211
-251
-293
-315
-364
-424
-549
-670
-706
-735
-747
-837
-832
-784
-737
-746
-799
-904
-999
-1079
-1160
-1252
-1325
-1321
-1394
-1381
-1350
-1191
-1036
-956
-901
-834
-757
-731
-750
-813
-840
-878
-866
-812
-688
-500
-327
-166
-11
153
320
393
402
426
459
502
579
653
771
883
1006
1143
1243
1375
1434
1416
1384
1407
1418
1480
1549
1583
1616
1593
1554
1569
1526
1446
1331
1180
1038
920
831
806
799
715
665
641
662
672
674
663
676
645
563
498
417
296
213
99
4
-33
-152
-267
-381
-454
-581
-678
-733
-809
-877
-910
-861
-820
-763
-732
-687
-597
-510
-507
-506
-468
-523
-608
-649
-653
-623
-576
-582
-582
-543
-596
-650
-724
-833
-939
-1048
-1132
-1204
-1271
-1292
-1310
-1294
-1194
-1082
-976
-851
-751
-632
-604
-609
-573
-551
-484
-428
-408
-344
-306
-329
-358
-380
-398
-346
-341
-271
-162
-39
126
265
404
583
769
859
892
952
1013
998
965
915
867
866
815
831
836
852
896
809
781
810
872
896
926
1007
1067
1143
1208
1234
1217
1177
1085
981
896
732
578
446
293
180
109
55
45
31
84
80
112
168
253
334
347
357
379
354
297
260
163
69
-71
-247
-388
-513
-617
-665
-668
-653
-664
-637
-573
-498
-444
-348
-257
-186
-115
-112
-118
-142
-144
-194
-258
-310
-468
-672
-816
-973
-1152
-1284
-1383
-1464
-1494
-1468
-1436
-1381
-1263
-1086
-944
-826
-700
-603
-511
-431
-332
-245
-161
-66
-9
-39
-81
-143
-198
-311
-393
-400
-398
-369
-308
-184
36
266
456
633
761
797
802
764
712
677
670
630
620
647
629
556
465
415
340
271
255
274
286
325
396
538
670
784
915
1046
1145
1220
1226
1173
1107
1007
872
764
635
541
501
380
318
262
207
213
225
255
293
343
410
484
561
664
697
696
661
594
515
372
215
17
-168
-305
-442
-543
-664
-797
-903
-975
-1010
-974
-937
-901
-871
-804
-721
-667
-624
-582
-564
-575
-585
-646
-709
-788
-885
-966
-1061
-1115
-1174
-1172
-1160
-1135
-1060
-986
-859
-725
-562
-423
-349
-302
-259
-223
-189
-146
-91
-36
-12
42
88
119
156
154
163
177
213
236
236
249
240
214
210
189
201
222
208
182
168
225
285
269
283
284
273
264
251
227
195
190
212
306
390
478
613
705
830
939
1005
1017
1039
997
940
928
919
900
878
870
835
823
796
774
721
641
537
437
390
365
335
398
430
521
648
741
778
771
741
635
446
198
22
-196
-353
-505
-605
-709
-805
-857
-962
-982
-1017
-1021
-1078
-1136
-1162
-1177
-1144
-1118
-1010
-955
-918
-948
-953
-945
-979
-1025
-1114
-1159
-1192
-1196
-1200
-1116
-1063
-952
-826
-743
-583
-444
-335
-270
-204
-127
-52
16
38
62
115
200
226
287
353
392
416
378
370
387
352
336
346
305
281
308
276
264
294
333
361
371
383
411
406
399
379
315
294
296
302
287
268
320
385
443
517
597
697
781
834
833
779
766
706
658
619
604
599
581
546
495
467
431
435
393
376
285
229
204
233
265
261
265
325
339
320
270
240
164
75
-11
-147
-223
-294
-375
-446
-487
-543
-595
-668
-728
-775
-816
-855
-884
-890
-821
-773
-696
-559
-459
-337
-219
-140
-109
-67
-74
-115
-138
-214
-273
-303
-351
-383
-391
-337
-278
-207
-153
-138
-120
-116
-132
-137
-117
-85
-70
-33
-15
-4
-14
-53
-130
-212
-311
-412
-472
-558
-591
-578
-519
-464
-392
-350
-300
-242
-150
-70
-55
-55
-68
-52
-58
-12
64
73
75
35
19
59
69
79
122
191
311
425
526
645
717
761
779
815
852
863
830
805
773
720
678
704
716
715
745
757
763
755
752
691
630
579
464
373
372
391
398
389
431
514
539
555
552
479
385
311
244
142
4
-167
-266
-341
-417
-441
-497
-579
-618
-644
-708
-697
-724
-746
-740
-683
-662
-603
-534
-517
-446
-433
-433
-430
-430
-442
-460
-505
-501
-506
-526
-547
-561
-608
-656
-689
-664
-610
-584
-522
-482
-446
-425
-414
-401
-356
-374
-392
-448
-478
-471
-493
-499
-500
-485
-462
-427
-394
-308
-208
-131
-49
30
102
202
298
350
433
478
502
507
449
442
401
357
333
317
347
420
489
551
646
718
815
871
963
1019
1038
1056
1021
1021
1020
1014
945
877
819
793
791
711
653
609
549
488
418
395
371
355
337
366
353
339
327
266
192
79
-8
-136
-259
-381
-457
-544
-607
-637
-694
-716
-758
-784
-795
-840
-907
-923
-920
-912
-904
-843
-736
-590
-449
-364
-268
-235
-248
-292
-350
-367
-370
-376
-392
-402
-374
-317
-294
-314
-287
-257
-263
-290
-291
-262
-266
-261
-268
-229
-156
-110
-163
-174
-191
-239
-237
-231
-197
-165
-136
-134
-131
-106
-76
-26
-6
16
57
89
138
221
284
293
312
293
307
311
289
288
297
297
337
403
468
495
537
567
601
644
686
760
794
832
914
989
1059
1078
1050
972
874
737
611
495
421
314
223
163
117
93
36
18
44
99
117
138
127
105
80
24
-23
-86
-130
-175
-271
-324
-385
-421
-465
-514
-542
-586
-607
-659
-687
-667
-673
-639
-571
-469
-380
-300
-244
-247
-235
-216
-224
-244
-257
-264
-297
-319
-307
-258
-299
-313
-342
-366
-339
-319
-309
-307
-301
-304
-314
-328
-344
-387
-370
-395
-401
-420
-402
-349
-359
-320
-301
-241
-220
-195
-184
-201
-172
-113
-34
25
84
126
197
262
306
386
476
520
541
608
652
678
714
740
756
754
755
761
735
701
654
591
512
485
473
440
486
555
619
667
691
692
687
595
486
363
220
114
52
-24
-50
-73
-121
-129
-134
-110
-119
-149
-169
-211
-276
-287
-284
-300
-289
-314
-324
-333
-359
-384
-395
-442
-437
-446
-448
-460
-435
-412
-405
-324
-266
-189
-152
-121
-127
-162
-244
-260
-243
-240
-211
-244
-236
-254
-245
-227
-229
-239
-230
-229
-220
-182
-145
-104
-102
-87
-47
3
4
-40
-107
-158
-266
-357
-415
-468
-469
-488
-424
-320
-201
-100
-36
10
45
94
106
149
163
174
200
222
252
279
325
384
362
405
421
404
367
323
310
274
232
227
253
225
235
283
333
393
401
410
386
334
268
255
289
315
343
351
370
386
358
369
376
325
305
251
214
147
108
45
8
-15
-28
-16
-5
44
35
53
46
5
-25
-56
-69
-79
-60
-51
-46
-59
-85
-129
-161
-180
-196
-204
-238
-235
-237
-241
-237
-236
-242
-205
-245
-267
-262
-273
-263
-302
-304
-285
-257
-243
-231
-241
-247
-263
-287
-278
-267
-233
-180
-146
-101
-91
-104
-155
-230
-323
-396
-453
-495
-521
-496
-473
-418
-325
-278
-232
-186
-146
-112
-113
-96
-88
-82
-38
13
58
122
192
245
310
352
385
419
401
434
424
410
406
419
439
418
410
381
407
391
365
333
265
208
176
150
172
257
348
447
543
624
673
702
707
671
593
485
382
276
172
110
51
45
57
62
74
30
-20
-50
-76
-109
-121
-136
-168
-138
-112
-96
-6
77
97
75
40
-12
-64
-120
-176
-245
-286
-259
-276
-260
-241
-303
-351
-412
-462
-511
-541
-585
-609
-602
-582
-527
-483
-428
-395
-424
-433
-451
-453
-453
-470
-471
-460
-455
-443
-385
-346
-299
-253
-207
-163
-154
-191
-203
-177
-181
-132
-38
9
73
129
188
245
252
253
230
232
217
221
205
254
294
320
388
405
472
501
508
465
412
382
325
307
272
248
215
224
213
202
212
213
239
252
267
262
299
338
351
392
416
434
431
451
460
444
423
398
312
242
198
134
113
107
92
115
109
108
96
91
73
66
49
-18
-8
-18
-2
-13
-24
-50
-86
-150
-221
-323
-428
-520
-610
-652
-675
-680
-676
-672
-656
-605
-567
-508
-488
-458
-447
-466
-460
-447
-473
-500
-508
-484
-440
-434
-367
-369
-359
-370
-357
-372
-354
-307
-239
-162
-73
7
43
90
118
148
158
178
173
180
168
170
199
231
242
247
235
248
240
215
172
141
147
164
208
252
311
381
415
466
524
543
567
598
599
569
516
459
376
312
277
235
236
238
267
273
287
291
312
375
401
460
462
466
482
457
468
478
427
394
312
231
143
31
-77
-185
-231
-300
-333
-316
-338
-369
-356
-363
-359
-324
-300
-281
-262
-234
-251
-265
-313
-386
-442
-524
-605
-680
-698
-696
-662
-647
-602
-537
-492
-429
-367
-285
-247
-232
-233
-224
-240
-245
-252
-257
-198
-176
-149
-148
-113
-81
-51
-15
45
88
148
214
251
300
337
381
426
454
491
503
471
406
321
254
188
167
130
110
107
72
50
41
36
33
56
52
79
102
121
133
156
205
203
190
194
205
175
141
78
-2
-75
-143
-221
-279
-333
-360
-337
-312
-254
-189
-161
-89
-11
46
91
147
191
206
202
206
219
230
224
199
180
142
101
82
36
39
44
13
32
29
53
30
64
115
128
153
132
151
150
134
108
62
33
39
18
-40
-68
-84
-105
-163
-174
-154
-172
-138
-138
-131
-99
-72
-57
-39
-24
-66
-92
-111
-144
-130
-110
-123
-140
-136
-100
-85
-49
-12
-4
-14
-9
-16
-15
-41
-58
-50
-68
-56
-65
-60
-65
-82
-104
-107
-100
-153
-186
-222
-260
-274
-267
-281
-266
-247
-223
-199
-186
-150
-90
-51
-46
-14
2
20
26
16
34
51
67
74
110
134
152
168
166
173
191
205
213
237
265
301
358
401
434
442
429
402
402
352
348
345
306
302
264
222
159
70
43
7
-11
-18
-56
-104
-122
-140
-147
-115
-113
-77
-68
-61
-27
-15
-20
-43
-89
-115
-145
-172
-206
-233
-238
-249
-287
-330
-340
-346
-359
-365
-317
-284
-247
-231
-232
-223
-157
-137
-87
-9
28
51
46
40
15
9
2
8
31
14
6
17
8
38
56
67
103
125
166
192
180
178
150
123
64
30
35
4
-23
-43
-63
-84
-89
-82
-92
-116
-123
-113
-118
-116
-116
-103
-76
-43
22
60
97
103
115
133
155
192
187
207
189
164
186
190
227
199
209
217
219
276
288
349
401
431
467
479
486
489
453
419
409
371
336
295
235
198
130
53
-6
-50
-99
-155
-202
-242
-282
-300
-292
-281
-259
-271
-301
-309
-341
-374
-399
-427
-456
-466
-475
-470
-442
-404
-357
-305
-278
-248
-212
-166
-110
-84
-84
-56
-44
-43
-31
-39
-54
-95
-165
-225
-280
-317
-342
-335
-343
-347
-307
-278
-222
-183
-107
-38
-3
44
96
115
156
210
212
229
241
210
167
123
91
50
34
9
-20
-2
30
55
82
106
134
163
201
239
305
351
373
393
397
437
445
412
415
375
330
257
178
130
105
77
82
113
141
168
179
182
178
192
197
202
178
176
147
78
31
-4
-2
-24
-41
-81
-91
-125
-173
-205
-228
-205
-232
-216
-215
-214
-207
-191
-150
-109
-92
-101
-82
-72
-83
-72
-95
-121
-158
-205
-233
-251
-273
-285
-258
-243
-232
-200
-152
-114
-94
-27
9
49
49
44
44
32
35
39
47
31
38
14
15
-9
-69
-99
-98
-103
-107
-83
-33
22
52
59
85
99
119
113
114
89
58
3
-81
-113
-169
-140
-152
-144
-121
-120
-111
-120
-133
-104
-57
-48
-32
-10
34
79
98
95
101
76
59
73
103
116
142
151
156
155
185
197
207
236
255
270
242
268
263
257
265
277
270
284
261
236
209
181
169
104
72
33
-12
-71
-94
-122
-142
-106
-91
-83
-98
-125
-142
-143
-133
-142
-133
-134
-141
-119
-133
-110
-122
-136
-149
-163
-184
-221
-234
-274
-247
-210
-205
-164
-124
-75
-34
-20
-13
3
7
3
25
5
-40
-53
-94
-141
-128
-144
-160
-180
-161
-139
-135
-126
-113
-97
-77
-51
-24
14
29
45
54
69
92
82
88
103
76
51
59
51
66
87
89
89
97
107
104
114
149
155
146
161
165
171
202
213
239
260
247
283
304
319
299
274
282
276
272
263
271
295
301
299
283
279
249
199
149
80
39
-23
-62
-84
-129
-149
-162
-175
-184
-214
-211
-212
-257
-245
-250
-213
-194
-189
-185
-152
-148
-147
-127
-148
-144
-169
-209
-205
-236
-213
-222
-270
-263
-269
-247
-207
-181
-176
-119
-84
-70
-53
-38
-19
-30
0
25
67
64
60
68
21
-30
-66
-87
-126
-127
-137
-145
-138
-107
-100
-94
-80
-90
-81
-61
-30
-34
-28
-25
-28
6
29
50
87
103
135
157
152
152
140
139
132
105
90
72
88
74
48
32
6
-10
-49
-56
-26
-16
-8
10
-5
1
18
41
56
77
81
81
53
58
58
54
59
43
28
29
67
69
73
94
90
82
96
126
139
183
200
250
280
290
247
218
178
118
106
82
69
56
49
56
45
62
81
79
84
68
40
-9
-38
-56
-70
-68
-60
-95
-85
-72
-70
-62
-63
-59
-67
-90
-130
-184
-202
-200
-197
-211
-224
-226
-211
-234
-209
-148
-139
-122
-131
-123
-128
-143
-152
-142
-115
-114
-108
-42
-34
-10
11
19
32
29
29
43
46
80
104
104
127
94
77
54
50
77
48
66
69
63
51
24
32
21
14
4
-20
-31
-52
-58
-24
-38
-36
-39
-29
-14
-15
-2
-9
-12
-7
-7
-24
-19
-30
-21
-46
-43
-43
-17
-26
-44
-21
-14
-17
-13
30
46
62
53
67
53
40
51
46
67
74
67
83
107
112
125
122
124
126
96
96
92
89
80
59
83
91
117
143
134
153
168
162
165
117
82
70
49
32
24
1
-18
-29
-58
-75
-85
-81
-89
-78
-118
-139
-140
-124
-94
-51
-30
-14
-22
-52
-62
-105
-133
-149
-168
-158
-122
-134
-112
-112
-74
-29
-13
23
15
25
24
15
9
2
11
36
42
62
47
34
12
29
15
4
8
9
-14
-18
-14
-23
-28
-56
-38
-30
-16
-11
-16
-5
24
35
12
13
-4
-10
-18
-23
-14
-44
-47
-63
-76
-31
7
-3
8
26
34
40
64
61
29
35
46
47
58
49
53
71
98
104
77
93
118
115
127
136
123
122
119
90
103
124
116
89
44
7
-46
-84
-145
-200
-214
-256
-271
-301
-317
-317
-347
-368
-387
-384
-382
-347
-314
-280
-224
-196
-144
-101
-62
-34
-11
21
36
38
41
67
74
80
70
76
121
149
163
183
195
170
167
166
193
211
233
230
200
187
171
155
119
91
85
70
49
48
57
52
68
59
74
87
96
123
136
140
136
109
92
86
59
38
40
52
82
56
65
53
35
32
3
11
19
25
32
41
43
55
47
52
52
57
65
51
30
3
-19
-50
-78
-102
-118
-134
-144
-175
-199
-228
-226
-223
-228
-199
-186
-168
-162
-151
-169
-177
-173
-176
-158
-137
-119
-73
-100
-113
-128
-141
-135
-120
-96
-47
-8
-19
21
41
58
56
70
90
68
65
79
82
70
45
56
55
43
28
43
52
50
74
90
107
132
143
141
104
90
70
28
28
19
8
37
45
66
84
93
127
92
92
88
106
115
94
91
92
98
81
86
71
69
70
59
47
17
11
8
14
7
-8
1
-12
-17
-47
-60
-59
-78
-86
-76
-80
-75
-60
-50
-35
-31
0
6
-16
-32
-43
-30
-41
-42
-35
-20
-15
-10
-15
-26
-43
-49
-76
-84
-91
-95
-75
-98
-96
-96
-49
-40
-39
-27
-19
6
23
16
-14
8
-4
-7
21
27
52
53
47
41
19
17
9
25
19
16
37
27
32
34
18
42
28
24
21
39
22
-9
-2
-17
-17
-10
-8
3
-12
-17
-18
-19
7
11
2
3
-12
-14
-15
-26
-57
-73
-87
-121
-131
-151
-165
-183
-169
-148
-135
-134
-145
-106
-102
-103
-67
-45
-17
-8
-18
0
26
55
83
77
60
91
107
106
131
152
178
195
214
226
244
259
228
202
209
197
175
158
156
169
150
165
162
124
103
65
33
-16
-41
-69
-93
-105
-111
-106
-135
-153
-179
-186
-201
-198
-199
-197
-221
-239
-264
-268
-236
-229
-194
-178
-176
-136
-93
-62
-44
-9
-7
19
35
22
18
27
67
85
87
78
71
24
47
70
90
112
125
117
137
147
145
166
157
163
138
135
132
115
117
128
90
68
50
29
26
0
-3
-15
-29
-33
-24
-12
-31
-18
-48
-79
-74
-70
-79
-80
-86
-99
-95
-94
-95
-90
-87
-89
-82
-81
-59
-35
-14
-9
-20
-23
3
13
23
25
40
49
54
29
49
26
22
32
1
-7
8
0
-31
-18
-1
18
27
19
6
21
-4
-27
-52
-71
-62
-78
-84
-54
-36
-12
-3
13
40
48
82
97
119
137
146
125
127
121
93
71
70
70
63
57
84
77
89
83
48
17
-8
2
7
-7
2
21
9
10
9
29
15
-15
-54
-78
-96
-91
-97
-105
-91
-98
-133
-151
-129
-117
-116
-115
-116
-105
-98
-101
-110
-100
-81
-55
-47
-47
-51
-48
-48
-45
-38
-19
-14
-6
8
3
8
15
44
48
47
33
63
86
104
122
146
169
156
149
140
118
104
109
107
82
72
98
102
128
100
82
58
37
58
42
28
41
34
11
15
24
20
16
6
-15
-18
-35
-38
-67
-98
-105
-92
-100
-83
-68
-71
-77
-91
-88
-92
-100
-127
-135
-122
-126
-129
-112
-114
-130
-122
-118
-97
-100
-97
-109
-103
-101
-113
-114
-91
-75
-62
-46
-43
-21
-6
-4
7
44
77
99
101
94
91
75
37
46
67
82
100
81
64
57
38
34
32
55
66
78
114
129
137
116
91
81
79
101
136
158
153
138
108
90
58
41
50
61
48
38
56
66
50
28
0
0
-8
-30
-22
-22
-54
-92
-94
-123
-145
-138
-146
-132
-114
-91
-81
-56
-54
-66
-53
-63
-56
-59
-44
-35
-41
-36
-33
-27
-31
-45
-52
-50
-39
-35
-76
-51
-42
-63
-28
-27
-33
-22
-31
-37
-28
25
36
23
23
41
43
33
20
35
47
41
37
46
65
69
72
71
83
83
95
93
92
81
65
48
41
54
48
55
30
7
-6
-22
-24
-28
-29
-27
-47
-71
-65
-48
-36
-31
-6
10
20
32
53
24
23
30
15
5
-2
10
3
18
21
27
6
-15
-19
-2
16
18
34
33
41
35
34
38
31
16
6
15
6
-2
9
-12
-26
-33
-51
-41
-51
-44
-42
-29
-17
-10
12
14
4
26
20
12
24
30
28
-5
-12
-25
-35
-36
-35
-24
6
-8
-13
-4
2
-33
-51
-83
-115
-117
-89
-79
-73
-43
-27
-2
25
35
55
69
71
80
68
80
60
56
43
7
23
17
12
25
17
18
21
7
18
24
24
48
40
37
25
6
-18
-26
-10
3
31
20
7
6
-9
-13
16
40
38
45
40
25
8
5
-24
-21
-12
-26
-32
-17
-35
-57
-94
-123
-130
-146
-145
-152
-174
-191
-194
-186
-166
-182
-167
-140
-146
-131
-119
-92
-82
-62
-20
-14
16
34
29
38
36
65
67
84
97
101
96
90
113
118
104
93
117
144
173
171
188
167
142
123
88
102
87
97
83
85
85
57
36
50
50
48
65
85
72
63
67
69
55
34
30
28
6
-13
-28
-36
-39
-52
-41
-68
-58
-70
-91
-96
-95
-74
-41
-36
-32
-27
-25
-45
-36
-35
-47
-43
-68
-92
-109
-110
-110
-91
-88
-84
-74
-69
-66
-62
-70
-48
-49
-37
-41
-55
-63
-51
-41
-19
0
5
11
29
32
26
39
20
6
27
46
67
67
74
92
79
94
101
114
86
64
73
46
52
51
52
63
45
40
18
21
31
11
-1
2
35
18
12
40
29
37
7
-13
-30
-44
-69
-69
-76
-72
-76
-83
-48
-27
-17
-25
-13
-12
-11
-4
14
14
15
31
26
9
-18
-5
1
-12
-13
-24
-24
-18
-36
-20
-22
-29
-40
-46
-30
-16
-49
-62
-44
-56
-68
-84
-73
-70
-60
-32
-25
-4
22
18
16
40
68
86
87
91
105
108
89
87
84
98
69
39
41
19
19
11
19
24
26
9
-5
9
27
52
30
37
32
26
22
30
13
17
18
12
41
19
14
-13
-12
-32
-28
-15
-10
-10
-16
6
-11
6
4
-25
-50
-63
-59
-30
-19
-11
-15
-28
-32
-36
-42
-38
-26
-6
4
19
17
9
6
-3
-1
5
-31
-39
-42
-56
-61
-60
-54
-61
-62
-38
-24
-25
-28
-10
-7
-5
-7
-11
-13
-4
9
2
0
14
13
50
43
56
68
80
86
79
85
57
46
20
28
30
12
15
6
7
19
11
20
11
19
28
30
66
73
68
36
30
20
-8
-13
-19
-30
-42
-58
-73
-111
-127
-150
-125
-131
-129
-111
-90
-60
-69
-60
-57
-7
-8
2
16
2
-9
-19
-18
3
22
13
-2
3
1
-14
-14
-42
-64
-57
-48
-48
-34
-45
-10
-1
-5
6
21
29
12
14
23
43
66
37
7
-10
-28
-20
0
13
25
18
6
27
24
29
27
23
32
32
43
37
61
71
68
60
47
60
69
79
102
97
81
88
74
68
35
31
28
22
8
18
33
29
0
-6
4
-4
-9
-8
-8
-20
-19
-9
23
47
73
76
50
59
28
11
24
20
11
-2
-33
-45
-46
-68
-40
-38
-39
-35
0
8
4
-4
-13
-9
-38
-40
-63
-86
-97
-101
-107
-124
-130
-125
-134
-120
-125
-133
-115
-93
-117
-100
-74
-69
-77
-99
-102
-107
-110
-128
-113
-87
-53
-30
8
18
33
65
71
99
109
110
89
101
122
148
159
158
165
156
153
172
181
145
132
143
125
113
123
107
79
75
73
68
66
44
20
16
11
-16
-11
17
12
11
-8
-2
-12
-13
-17
-32
-28
-21
18
8
30
52
40
65
54
34
35
34
24
7
6
-15
-43
-44
-41
-44
-30
-35
-61
-72
-67
-70
-72
-65
-51
-37
-39
-35
-37
-44
-24
-41
-45
-42
-33
-40
-55
-59
-77
-92
-125
-136
-125
-129
-109
-94
-80
-72
-52
-27
-42
-27
-22
-23
7
-3
-18
-9
-20
-34
-43
-36
-53
-63
-65
-85
-103
-87
-77
-62
-44
-61
-55
-42
-30
-33
13
24
57
63
58
66
66
95
97
132
146
160
159
139
122
129
142
125
116
112
106
104
115
94
109
111
94
80
63
43
29
28
35
30
23
14
9
8
0
-18
-27
-29
-55
-47
-65
-62
-62
-82
-60
-59
-60
-71
-70
-82
-80
-72
-74
-38
-38
-27
-16
-4
-5
-2
-5
-3
11
22
30
47
48
36
41
57
60
61
62
75
84
102
98
81
39
6
-10
-37
-40
-32
-33
-52
-60
-63
-77
-85
-99
-131
-138
-129
-124
-120
-102
-90
-97
-80
-75
-76
-85
-91
-98
-108
-110
-102
-89
-95
-84
-55
-28
4
34
62
59
34
43
32
49
69
56
60
74
89
100
94
115
115
82
57
33
48
56
47
28
44
51
55
45
64
82
73
60
39
24
8
6
-11
-7
16
30
15
8
5
-2
-16
-9
-15
-18
-1
-11
-14
-20
-25
-23
-2
22
26
33
38
19
-9
-21
-33
-29
-8
6
22
32
28
37
43
36
39
24
0
6
-6
-19
-23
-17
-20
-41
-34
-33
-32
-36
-32
-15
-15
-6
-8
11
42
47
52
29
23
18
17
34
44
60
68
59
52
43
37
35
32
40
37
35
31
16
20
9
11
21
4
7
-5
-6
-5
-12
-20
-26
-49
-71
-75
-61
-60
-60
-58
-65
-61
-62
-54
-65
-64
-69
-75
-70
-49
-56
-45
-42
-26
-8
-3
10
20
27
9
9
-2
9
10
-10
-8
-5
1
5
-13
-8
-9
-1
5
9
9
5
-8
-16
-16
-25
-17
-28
-25
-16
-38
-51
-50
-44
-25
-6
-3
-7
-20
-33
-37
-44
-39
-38
-36
-9
-1
-4
17
27
46
45
34
46
38
34
32
26
32
37
43
39
35
36
36
41
42
50
56
51
69
57
61
70
63
65
61
65
44
43
24
20
24
-11
-19
-24
-30
-39
-58
-51
-59
-77
-79
-101
-105
-98
-87
-91
-82
-77
-66
-83
-73
-48
-50
-36
-39
-15
0
5
13
30
38
49
60
55
62
73
57
31
31
37
47
55
63
77
78
77
73
56
68
70
75
82
80
94
78
69
73
54
36
28
18
18
4
4
2
9
-5
-8
-28
-45
-39
-46
-35
-41
-45
-44
-54
-58
-50
-54
-48
-46
-32
-45
-65
-75
-92
-106
-99
-81
-74
-58
-47
-47
-40
-55
-45
-41
-48
-49
-50
-59
-66
-59
-53
-47
-33
-9
3
-6
-15
-19
-22
-27
-37
-23
-23
-17
-29
-17
-3
-3
1
10
27
20
25
16
7
23
8
22
34
28
35
31
43
43
46
30
44
47
67
80
99
114
117
107
110
107
104
109
118
115
114
110
100
105
104
111
113
113
121
112
111
114
92
76
50
44
42
28
9
11
-3
-19
-42
-50
-61
-65
-72
-83
-72
-92
-79
-74
-63
-61
-77
-60
-63
-54
-64
-67
-73
-83
-110
-127
-135
-145
-149
-145
-136
-135
-120
-117
-105
-86
-67
-55
-47
-52
-51
-38
-26
-13
1
-1
-5
21
17
6
16
12
6
0
-3
-13
-6
2
4
7
20
38
35
40
40
39
37
45
37
30
40
53
44
51
50
46
38
14
16
3
-3
-16
-30
-33
-21
-17
-12
13
20
19
28
16
16
18
20
19
18
27
25
34
37
28
37
43
53
54
49
59
65
70
73
67
68
65
65
61
55
35
15
4
-11
-24
-24
-12
-15
-10
-23
-18
-20
-36
-38
-40
-37
-27
-21
-24
-15
-13
-22
-24
-30
-24
-30
-35
-30
-41
-53
-62
-57
-61
-70
-85
-91
-97
-97
-99
-102
-89
-88
-90
-86
-66
-58
-57
-47
-39
-30
-26
-19
-7
11
32
43
45
40
36
36
23
25
33
36
32
34
31
24
29
28
29
34
34
41
34
34
32
34
53
46
41
34
30
37
35
47
50
58
55
52
41
44
53
48
54
46
59
65
67
71
58
57
53
36
29
36
34
31
32
42
37
30
23
16
6
-1
1
9
4
23
25
15
29
11
0
1
-9
-14
-12
-23
-27
-32
-47
-58
-75
-84
-90
-92
-92
-97
-94
-79
-80
-75
-79
-79
-81
-83
-83
-89
-75
-64
-56
-45
-40
-30
-33
-44
-46
-39
-21
-10
-11
-21
-16
-9
-2
4
11
14
28
26
24
34
52
58
58
47
34
43
36
33
38
39
47
32
35
34
37
41
23
19
13
6
-4
-14
-29
-17
-18
-18
-14
-10
2
3
-11
1
7
8
9
21
22
21
21
23
10
18
30
24
19
-1
-3
-8
-3
1
-11
-12
-13
-15
-16
-10
1
8
8
21
36
47
54
59
62
51
37
27
15
6
14
9
1
-5
-4
-1
-7
-16
-9
-17
-10
1
-2
8
5
3
-1
-10
-10
-16
-22
-24
-25
-11
-11
-14
-18
-17
-13
-6
-3
12
31
15
12
8
10
15
8
11
14
26
24
19
20
10
7
2
-7
2
7
9
16
0
1
8
1
-18
-36
-34
-38
-31
-30
-36
-34
-44
-45
-48
-53
-50
-51
-54
-65
-61
-67
-62
-62
-67
-59
-61
-58
-46
-34
-31
-23
-31
-27
-21
-10
-5
-4
1
1
9
11
19
18
23
29
34
45
43
40
45
44
37
39
42
38
35
27
23
30
18
8
6
21
29
28
41
45
43
35
32
29
27
29
36
48
47
38
41
41
34
23
29
22
22
27
13
10
3
7
12
19
30
31
26
7
-4
-9
-9
-18
-23
-16
-22
-24
-36
-42
-26
-36
-41
-37
-35
-37
-45
-50
-38
-43
-49
-43
-48
-51
-55
-51
-42
-45
-38
-35
-50
-46
-39
-32
-29
-19
-10
-8
7
13
21
26
36
27
22
13
8
9
0
-7
-11
-11
-15
-7
-5
11
9
13
14
8
2
-4
8
5
13
35
35
38
41
54
63
62
48
60
63
64
72
69
76
84
98
93
86
79
70
64
54
43
52
53
42
37
19
9
-8
-21
-26
-29
-32
-29
-36
-39
-43
-48
-56
-56
-53
-51
-48
-52
-47
-56
-55
-53
-50
-49
-53
-50
-56
-64
-65
-70
-72
-68
-65
-61
-62
-61
-68
-80
-78
-75
-67
-64
-53
-43
-42
-37
-35
-29
-24
-7
4
18
30
31
19
19
21
27
33
27
29
16
6
3
0
16
17
30
37
42
56
60
62
65
79
80
90
99
98
87
88
80
77
81
80
84
81
83
87
91
77
65
57
43
36
27
16
7
-3
-4
-11
-4
-2
-9
-14
-17
-23
-32
-29
-34
-29
-31
-35
-39
-42
-49
-57
-58
-52
-49
-53
-46
-40
-45
-48
-53
-58
-61
-65
-59
-64
-55
-46
-46
-50
-54
-46
-49
-50
-39
-39
-30
-20
-13
-19
-12
-17
-12
-15
-10
-4
-14
-3
-8
-18
-14
-14
-14
-12
-10
-1
0
6
-1
-1
6
2
0
-8
-3
11
15
16
16
29
17
14
28
28
31
30
26
22
21
18
15
8
2
1
5
7
13
19
19
28
35
39
46
51
63
53
56
63
68
72
66
66
65
62
52
48
44
39
44
35
22
19
11
18
13
4
-2
-16
-26
-38
-48
-61
-53
-54
-55
-65
-62
-64
-69
-66
-75
-82
-82
-83
-85
-66
-57
-46
-41
-33
-34
-19
-6
1
6
10
16
16
11
4
9
16
15
14
14
8
5
3
-2
-8
-1
-6
-1
-1
-8
7
9
1
4
12
13
15
20
27
33
35
21
24
30
30
36
37
35
31
22
7
11
5
0
3
5
12
12
2
0
12
7
13
18
17
17
15
20
24
30
39
35
33
27
26
16
13
10
5
-8
-1
-1
-3
-11
-20
-24
-31
-27
-24
-18
-16
-6
-7
-11
-9
-18
-31
-30
-31
-22
-23
-25
-22
-17
-22
-29
-30
-30
-30
-28
-20
-13
-17
-23
-28
-21
-17
-16
-18
-18
-21
-18
-9
0
14
11
18
19
21
29
37
44
45
44
48
59
66
61
52
48
46
29
21
17
8
4
-9
-19
-14
-19
-20
-17
-15
-13
-13
-12
-12
-12
-18
-17
-14
-7
0
0
11
11
5
1
2
4
4
3
3
3
-5
-6
-18
-17
-15
-28
-24
-25
-28
-34
-37
-37
-38
-34
-26
-27
-14
-17
-16
-12
-19
-13
-24
-23
-19
-17
-15
-11
-10
-2
-5
-5
-7
9
15
14
11
8
13
13
19
17
18
12
13
6
5
12
13
23
33
34
33
39
29
30
31
29
24
28
23
16
19
13
21
12
10
8
5
0
-4
-7
-9
-13
-13
-8
-10
-20
-26
-32
-38
-51
-49
-46
-48
-50
-47
-39
-39
-35
-34
-25
-20
-16
-13
-8
-7
0
3
9
12
4
4
-5
6
11
18
20
22
17
19
19
22
33
33
36
33
35
41
44
43
51
51
58
56
51
48
39
35
33
21
11
9
5
3
-3
-1
-1
-12
-23
-27
-31
-37
-35
-28
-30
-34
-28
-38
-41
-40
-38
-34
-35
-25
-27
-23
-15
-9
-1
1
8
9
9
16
15
16
11
10
8
6
8
4
14
14
15
11
2
-5
-5
-6
-3
-1
2
6
-3
0
4
1
4
1
7
13
17
17
14
17
15
2
-3
-3
2
0
-4
-3
-8
-3
-3
-4
0
-2
-5
-11
-7
-7
-10
-4
-2
2
3
-3
-10
-15
-23
-27
-34
-29
-26
-30
-25
-15
-10
-4
-10
-7
-2
-7
-9
-6
-5
-3
-4
-6
0
1
3
3
-4
-4
0
-2
-3
-1
4
4
7
10
16
25
30
31
30
28
27
35
30
20
16
20
20
17
22
24
19
14
17
16
7
8
1
6
6
2
4
8
9
7
7
6
9
9
7
3
2
3
4
8
6
-1
-3
-9
-7
-9
-4
-11
-11
-9
-10
-3
-8
-12
-13
-19
-28
-25
-25
-20
-19
