-2
14
0
-24
-33
9
4
1
28
19
43
22
18
12
-10
-43
-76
-82
-57
-61
-73
-45
-51
-56
-68
-36
-8
10
45
47
62
76
64
58
86
86
81
77
68
74
81
72
82
123
132
89
87
108
114
136
128
130
139
107
80
98
105
78
78
45
14
4
15
21
3
-4
-21
-49
-55
-38
-30
-10
4
2
-9
-51
-53
-21
17
35
24
17
-37
-83
-91
-78
-70
-36
-9
-7
-26
-56
-72
-46
-64
-44
-11
-21
-34
-64
-66
-42
-34
-22
1
-13
-27
-52
-83
-90
-62
-56
-62
-65
-53
-61
-103
-112
-81
-40
-33
-37
-52
-49
-48
-26
19
24
4
10
4
6
18
18
24
30
-10
-18
-19
-7
26
44
59
51
64
34
33
68
90
92
54
49
14
33
77
91
74
38
17
14
11
16
48
48
24
-23
-58
-67
-51
-51
-19
-4
-8
-7
-14
11
61
111
115
91
41
9
-7
5
29
67
87
65
68
76
62
49
48
31
26
12
-29
-37
-53
-77
-131
-105
-103
-82
-74
-72
-83
-122
-114
-93
-71
-60
-40
-52
-53
-68
-50
-12
13
-19
-21
-33
-42
-55
-37
-2
21
19
-1
-27
-49
-22
33
63
51
56
44
37
29
46
90
108
87
58
35
68
75
58
69
69
55
0
-25
-8
0
0
39
37
17
-11
-54
-57
-31
31
62
43
29
19
13
-3
-16
37
32
16
19
-11
-38
-63
-48
5
26
62
107
76
19
14
-3
-24
-15
8
33
-5
-37
-40
-54
-84
-107
-89
-81
-76
-60
-87
-97
-104
-138
-146
-140
-108
-56
-25
-49
-70
-73
-52
-43
-36
11
-14
-37
-30
-36
-20
4
49
78
62
44
14
-2
33
63
77
97
72
28
1
15
39
31
41
51
67
55
62
41
56
57
52
81
97
122
92
80
48
29
33
59
79
83
80
51
10
-17
-16
6
53
78
88
58
27
4
-38
-63
-51
-15
-20
-31
-72
-52
-59
-62
-51
-10
1
-47
-39
-22
-6
-23
-22
-24
-28
-36
-58
-62
-56
-49
-49
-30
-12
-24
-21
-37
-26
-40
-17
3
12
44
43
40
-6
4
-4
-7
21
0
-59
-99
-48
-20
11
41
116
155
140
124
103
73
72
66
36
27
7
-1
14
10
-16
19
23
0
-27
25
-25
-143
-225
-107
-19
-29
-4
99
121
136
160
94
60
65
59
-60
-129
-117
-52
-73
-43
-41
-25
-75
-94
-152
-169
-139
-181
-250
-232
-140
-115
-119
-76
-40
-62
-35
-30
-49
9
55
13
-27
-23
-3
-23
-45
45
75
27
-21
-47
-66
-42
-5
-5
32
75
44
-27
-18
73
79
95
151
175
159
100
17
-14
29
67
89
131
161
158
113
66
43
58
114
141
102
76
122
138
130
136
147
121
68
60
44
5
21
31
-33
-29
-36
-39
-74
-84
-84
-65
-82
-95
-126
-150
-146
-163
-135
-84
-35
-60
-86
-109
-63
-48
-20
13
-1
-35
-29
-37
-63
-54
-13
-26
-38
-12
-21
-50
-74
-51
-77
-112
-126
-118
-112
-50
-2
53
143
203
200
162
154
115
95
85
74
23
29
-2
-29
-2
13
66
105
87
58
50
23
-10
-55
-26
-21
-47
-68
-25
10
-7
-2
-8
-11
19
-10
-66
-58
-60
-46
-59
-19
13
47
87
80
67
77
53
-18
-44
-54
-79
-81
-21
4
0
32
20
5
-15
-33
-73
-119
-132
-96
-49
19
72
69
68
42
71
50
37
25
15
-24
-3
37
25
27
21
33
15
-32
-76
-91
-72
-54
-24
-48
10
4
-70
-100
-28
19
3
2
-1
-38
-62
-109
-125
-92
-81
-117
-128
-65
15
47
67
71
51
28
-21
-26
-18
-22
44
60
68
125
139
122
116
104
73
41
5
8
-20
18
49
98
110
115
141
112
65
108
130
143
158
179
174
154
149
106
139
209
218
203
183
165
59
-56
-44
-35
-22
-40
-50
-115
-152
-170
-207
-268
-208
-190
-220
-246
-250
-270
-280
-251
-214
-210
-228
-196
-230
-282
-299
-329
-338
-294
-257
-262
-238
-205
-180
-157
-78
-23
-22
-41
-7
25
79
142
164
214
285
327
338
328
355
321
245
254
221
215
272
273
257
231
262
266
275
342
324
272
271
206
125
129
131
161
195
192
184
118
68
41
-20
-56
-42
-11
-31
-79
-145
-208
-274
-250
-287
-357
-394
-397
-502
-506
-480
-413
-366
-308
-286
-366
-377
-310
-331
-443
-429
-492
-617
-660
-614
-629
-528
-484
-419
-375
-207
-77
47
175
333
406
411
567
726
796
840
897
903
824
766
676
620
604
540
438
442
466
433
400
438
452
466
498
565
574
523
483
472
460
479
514
519
479
353
292
295
298
219
175
147
31
-181
-428
-621
-716
-806
-909
-970
-1006
-981
-1023
-1008
-906
-765
-672
-618
-577
-550
-502
-667
-994
-1407
-1846
-2342
-2879
-3343
-3487
-3211
-2538
-1774
-1038
-324
451
1141
1544
1695
1767
1912
1988
2020
1928
2003
2255
2354
2257
2042
1809
1437
973
442
39
-177
-346
-361
-127
193
599
970
1293
1644
1767
1895
1868
1789
1813
1851
1851
1895
1985
1957
1828
1543
1280
972
603
161
-252
-573
-923
-1323
-1844
-2171
-2328
-2312
-2226
-2086
-1728
-1313
-929
-590
-256
57
301
325
173
16
-82
-287
-577
-970
-1352
-2055
-3062
-4277
-5417
-6465
-6965
-6593
-5180
-3366
-1615
-73
1390
2684
3548
3777
3552
3320
2959
2477
1925
1852
2357
3008
3283
3080
2666
2150
1510
710
-150
-889
-1389
-1896
-2416
-2490
-1798
-621
256
976
1859
2651
3058
3288
3449
3420
3254
3250
3055
2776
2789
2832
2440
1861
1365
517
-547
-1286
-1866
-2655
-3418
-3771
-3878
-3716
-3069
-2276
-1578
-705
183
614
716
1114
1420
1252
931
770
594
331
40
-365
-887
-1226
-1436
-1982
-2658
-2824
-2932
-3098
-3157
-2852
-2503
-2218
-1954
-2089
-2221
-2682
-3517
-4572
-4101
-2403
-736
135
1126
2660
3998
4451
3857
3129
2893
2949
2057
797
341
1295
2266
2626
2591
2647
2749
2750
2146
1216
728
497
-265
-1350
-1741
-1350
-707
-388
-61
246
667
990
1336
1672
2081
2286
2028
1835
1801
1690
1426
1502
1352
892
112
-591
-932
-1148
-1576
-2407
-3105
-3219
-3021
-3010
-2852
-2167
-1385
-802
-654
-385
93
647
834
499
355
586
781
467
216
336
397
192
-89
-208
-315
-425
-655
-1038
-1325
-1169
-1098
-1138
-1161
-1121
-1392
-1935
-2760
-4417
-6168
-6357
-4756
-2965
-1524
-315
1503
3282
4472
4381
3804
3776
4205
3492
1730
752
1656
3220
3974
3601
2866
2535
2578
1945
328
-999
-1752
-2550
-3528
-4024
-3596
-2309
-543
557
530
171
458
1046
1373
1552
1940
2259
2567
3037
3206
3173
3403
3475
2474
751
-592
-1081
-1305
-1562
-2051
-2656
-2788
-2455
-2312
-2359
-1883
-1081
-650
-805
-785
-168
452
830
789
497
552
933
905
545
352
549
528
267
173
115
-61
-403
-862
-1290
-1431
-1293
-1366
-1466
-1513
-1465
-1490
-1478
-1338
-1367
-1500
-1534
-1444
-1352
-1188
-1137
-1701
-2536
-3095
-3239
-3080
-2777
-2334
-1876
-1037
-177
734
1429
2216
2682
2571
1966
1616
1781
2195
2583
2877
3073
3144
3102
2780
2158
1611
980
131
-789
-1489
-1762
-1647
-1186
-770
-452
27
963
1636
2116
2657
3048
3168
3224
3398
3370
3411
3651
3740
3179
2662
2267
1472
508
-141
-932
-2062
-2874
-3200
-3577
-3781
-3564
-3419
-3212
-2587
-1860
-1467
-986
-155
313
453
898
1514
1778
1818
1903
1619
1158
763
197
-766
-1527
-1901
-2599
-3373
-3863
-3922
-3940
-3660
-3195
-2829
-2489
-2310
-2281
-3504
-5661
-7485
-6851
-4421
-2055
-838
229
2380
4644
5687
4884
3970
3889
3863
2158
-383
-1311
419
2888
3971
3331
2683
3037
3822
3354
1661
126
-386
-710
-1569
-2279
-1795
174
2445
3458
2964
2531
3393
4306
3575
1905
1178
1452
1750
1885
2432
3298
4461
5148
4375
2292
896
537
-521
-2540
-4050
-4441
-4525
-4329
-3909
-3424
-2711
-1787
-1483
-2114
-2281
-1676
-1455
-1706
-1369
-698
-403
227
961
1012
566
482
330
-459
-1212
-1591
-2153
-2655
-2745
-3056
-3569
-3193
-2283
-2141
-2522
-2213
-1431
-1077
-1013
-976
-863
-640
-252
-311
-247
488
881
84
-650
-165
-18
-1013
-2128
-2360
-2242
-1713
-832
141
1171
2217
2916
2994
3450
4290
4573
4161
3918
3891
3944
4048
4222
4143
3844
3415
2551
1514
903
314
-824
-2058
-2446
-2439
-2430
-2159
-1357
-497
223
806
1214
1683
2016
2190
2141
2314
2469
2324
1914
1663
1508
1016
299
-469
-1202
-1986
-2863
-3781
-4535
-4750
-4611
-4503
-4437
-3947
-3163
-2370
-1688
-820
301
1310
1904
2091
2285
2648
2889
2629
1940
1390
801
72
-894
-1624
-2123
-2637
-3063
-3421
-3380
-3131
-2495
-2020
-1324
-661
93
603
926
738
-113
-1715
-3787
-5301
-5464
-3975
-2292
-897
152
1722
3247
3961
3864
3362
3023
2687
1962
1189
1300
2846
4695
5572
5356
4837
4448
3992
3123
1453
-452
-2137
-3298
-4167
-4678
-4349
-3082
-1434
-312
219
513
1246
1851
1511
865
914
1609
2033
2503
3048
3790
4367
4557
3564
2046
720
-99
-1518
-3215
-4366
-4920
-5414
-5378
-4749
-4189
-3408
-2189
-1111
-551
-49
580
783
873
967
891
723
1124
1699
1544
1421
1850
2025
1393
539
-291
-1290
-2183
-2904
-3691
-4200
-3790
-3193
-3085
-2786
-1795
-644
-144
46
178
343
668
976
1277
1577
2232
2378
1624
-798
-4047
-6849
-7154
-5829
-4917
-4680
-3560
-578
2257
3745
3701
3845
4715
5518
4431
2222
1491
3390
5688
6411
5686
5228
5437
5704
4578
2135
-282
-1704
-3155
-5369
-7267
-7353
-5619
-3262
-1937
-1748
-1516
43
1791
2523
2639
3131
3748
4279
4732
4931
5214
6223
6594
4796
2000
484
-13
-1290
-3009
-4671
-5916
-6762
-6644
-6544
-6200
-4717
-2959
-2057
-1606
-304
1289
2566
3528
3731
3235
3019
3728
3791
2938
2076
1554
656
-333
-1221
-2438
-3769
-4548
-5389
-6441
-6722
-5847
-4979
-4626
-4031
-2913
-1589
-264
910
1586
2143
2669
2817
2397
2298
2606
2008
319
-1513
-2824
-3795
-4340
-4723
-4838
-4499
-3288
-2090
-1060
179
1594
2463
2993
3267
3369
3342
3724
4428
4816
5037
5396
5514
5266
4897
4135
3016
1914
891
-404
-1673
-2262
-2155
-1949
-1415
-859
-181
330
1085
1379
1420
1689
2225
2462
2626
3069
3087
3021
2889
2684
1821
867
203
-566
-1729
-2540
-2914
-2993
-3185
-3466
-3850
-3774
-3293
-2935
-2800
-2596
-2120
-1753
-1379
-728
49
634
829
913
904
1004
1205
1048
564
9
-670
-1341
-2070
-2510
-3122
-3671
-3893
-3681
-3517
-3226
-2436
-1544
-657
-65
499
927
1377
1316
642
-257
-1358
-3534
-6083
-7075
-5481
-3426
-2076
-1053
911
3137
4696
4974
4355
4170
4598
4382
3026
2086
2828
4556
5856
6154
5716
5177
4946
4521
3098
1002
-696
-1876
-3026
-4204
-4995
-4719
-3139
-1163
-358
-310
470
2358
3516
3224
2379
2280
2667
2858
2699
2553
2960
3594
3235
1538
-147
-706
-1195
-2742
-4481
-5579
-6040
-6143
-5760
-4957
-3931
-2762
-1476
-656
-65
727
1262
1333
1303
1213
879
804
1451
1764
1183
576
648
703
219
-762
-1934
-2859
-3439
-3942
-4529
-4482
-3505
-2759
-2692
-2305
-1111
180
932
1209
1342
1409
1535
1564
1519
1444
1655
1403
556
93
375
692
174
-340
-1093
-1649
-2612
-3389
-4104
-4109
-3550
-2625
-1728
-551
846
1805
2238
2654
3119
3296
3305
3242
3285
3393
4040
4626
4914
4638
3957
3144
2439
1955
1177
31
-1047
-1680
-2274
-2842
-2927
-2183
-1713
-1634
-1494
-662
373
1313
2033
2618
3297
3647
3878
3412
3189
2881
2400
1117
-44
-996
-1617
-2253
-2677
-3039
-3398
-3424
-3155
-3025
-2890
-2450
-1952
-1649
-1173
-591
-18
725
1529
1927
2047
2258
2363
1882
1085
510
-73
-961
-1806
-2343
-2536
-2581
-2608
-2814
-2676
-2115
-1738
-1855
-1961
-1422
-949
-700
-635
-356
94
683
924
570
-211
-905
-2406
-5190
-7825
-8202
-6421
-4853
-3730
-2653
-380
2176
3980
4216
3639
3519
3890
3627
2639
2304
3561
5505
7031
7312
6808
6488
6550
5811
3521
829
-1048
-2316
-3483
-4747
-5216
-4331
-2296
-630
-230
-219
656
2083
2285
1538
895
1330
1878
2325
2804
3462
4676
5601
5208
3634
2370
1918
1031
-691
-2630
-3854
-4624
-5179
-5351
-5351
-5002
-4468
-4086
-4180
-3772
-2752
-2051
-1821
-1543
-974
-357
549
1877
2860
3167
3186
3115
2800
2164
1193
-172
-1591
-2767
-3793
-4677
-4729
-4069
-3884
-4190
-4108
-3062
-1853
-1012
-393
189
686
942
1293
1867
2520
2824
2468
2222
2366
2425
1499
-99
-2659
-5689
-8023
-7724
-5874
-4221
-3034
-1284
1361
3636
5051
5192
5018
5007
5063
4111
2928
3095
4826
6364
6997
6595
5844
5205
4572
3200
925
-1095
-2313
-3386
-4703
-5655
-5274
-3808
-1990
-951
-819
-963
-145
778
1266
1063
847
971
1462
1806
1753
2306
3623
3851
2152
116
-568
-713
-1586
-3066
-4699
-5481
-5693
-5580
-5836
-5446
-4152
-2912
-2334
-1578
-81
1354
2083
2208
2113
2244
2935
3718
3737
3354
3192
2917
2207
1345
427
-773
-2164
-3190
-4059
-4601
-4460
-3868
-3691
-3573
-2779
-1262
38
787
1036
969
1199
1628
1891
1831
1894
1871
1364
692
283
-79
-2011
-5270
-8467
-9128
-7626
-5784
-4447
-3007
-405
2193
4115
4920
5328
5402
5042
3860
2550
2133
3394
5126
6400
6562
6347
6255
6277
5571
3558
719
-1948
-3740
-4978
-5932
-6191
-5454
-3918
-2347
-1072
-87
1163
2438
2684
2243
1795
2057
2256
2246
2380
2897
4070
4674
4353
3034
1884
974
-405
-2271
-4272
-5786
-6949
-7405
-7088
-6144
-4772
-3243
-1857
-897
11
1018
1851
2473
2668
2644
2757
3194
3898
4052
3614
2911
2109
1163
-11
-1287
-2682
-3980
-5092
-5976
-6422
-6261
-5632
-4900
-4028
-3034
-1851
-822
41
829
1118
1080
1165
1645
2246
2737
2974
3045
2949
2617
1934
533
-2326
-5931
-8650
-8839
-7736
-6586
-5647
-3917
-1037
1563
3293
3945
4375
4809
4968
4303
3712
4353
5955
7370
8205
8427
8549
8431
7844
6139
3659
994
-1411
-3679
-5731
-7077
-7422
-6897
-5322
-3459
-1875
-489
1187
2647
3458
3697
3558
3391
3163
2804
2277
2376
3270
3523
2391
825
-65
-959
-2710
-4881
-6877
-8168
-8842
-8748
-8065
-6516
-4272
-2131
-347
1421
3268
4289
4279
3923
3368
2590
1956
1730
1621
1290
802
244
-269
-775
-1614
-2943
-4467
-5400
-5864
-5774
-5021
-3724
-2503
-1376
-17
1395
2582
3133
2860
2015
1270
954
873
1056
1485
1909
2051
2040
2189
2092
1242
-541
-3756
-7431
-9723
-8994
-7300
-5832
-4486
-2060
1122
3878
5484
5822
5724
5601
5211
4031
3054
3448
4882
6006
6760
7074
7423
7458
6830
4938
2278
-25
-1740
-3514
-5319
-6365
-6241
-5320
-3774
-2354
-1199
-434
429
817
920
939
1070
1051
798
837
1263
2203
3376
3767
2998
1516
419
-791
-2208
-3930
-5585
-6758
-7230
-6943
-6167
-4750
-2898
-1084
20
822
1882
2869
3115
2765
2281
2022
1976
2102
2170
2127
1858
1296
525
-186
-814
-1792
-3211
-4245
-4670
-4450
-4004
-3416
-2931
-2300
-1423
-432
418
774
762
466
169
236
671
1135
1343
1381
1212
1219
1422
1448
704
-541
-2301
-4957
-7860
-9094
-7653
-5743
-4367
-3242
-693
2534
5260
6166
5891
5527
5702
5373
4271
3418
4112
5576
6756
7473
7871
8138
7846
6943
5089
2913
766
-1341
-3528
-5508
-6617
-6733
-5825
-4225
-2906
-2219
-1647
-557
403
377
-74
-136
264
462
664
1280
2641
3966
3959
2679
1180
503
-462
-2238
-4387
-5898
-6897
-7255
-6972
-5940
-4474
-2840
-1433
-291
747
1823
2447
2506
2321
2149
2267
2651
3116
3083
2440
1715
925
20
-1107
-2297
-3701
-5083
-5885
-5681
-4770
-3626
-2542
-1793
-1205
-333
749
1443
1622
1546
1352
1173
1273
1759
2252
2419
2356
2178
1860
1824
1574
799
-848
-2279
-4265
-6669
-8643
-8357
-6318
-4415
-2848
-1099
1795
4551
6238
6209
5861
6123
6625
5760
4484
4190
5385
6387
6851
6685
6457
5977
5013
3264
1278
-448
-1994
-4000
-6107
-7376
-7265
-6337
-4801
-3490
-2762
-2157
-1196
-121
72
127
52
-134
-294
44
857
1928
3251
3605
2622
1201
573
135
-1328
-3125
-4795
-5755
-6130
-5904
-5296
-4329
-2780
-1323
-504
450
1942
3189
3253
2705
2285
2155
2403
2552
2445
2152
2032
1858
1269
634
39
-795
-2037
-2930
-3241
-3284
-2805
-1914
-1162
-960
-532
342
1200
1298
1002
710
563
505
513
501
705
865
945
937
1441
2020
1999
1267
555
39
-313
-1743
-4191
-6847
-7392
-6080
-4706
-3508
-2007
586
2601
4044
4486
4628
4405
4308
3632
2510
1767
2561
3645
4511
4454
4132
3911
4198
3921
2336
9
-1855
-3148
-4723
-6065
-6432
-6215
-5707
-5121
-4467
-3739
-2900
-1885
-1614
-1544
-1364
-552
273
1020
1678
2319
3399
4379
4851
4231
3362
2907
2269
1176
-226
-1211
-1711
-1805
-2077
-2092
-1354
-49
688
644
519
874
1067
859
740
1022
1318
1292
1391
1559
1880
1732
1141
503
179
26
-439
-792
-807
-672
-766
-1031
-1076
-1028
-1169
-1697
-2269
-2692
-2721
-2581
-2300
-1903
-1430
-730
-53
668
1231
1556
1638
1563
1184
386
-578
-1883
-4612
-7510
-8551
-6812
-4595
-3462
-2334
-132
2531
4011
4048
3121
2677
2837
2767
1763
1354
2659
4902
6183
6737
6764
6892
6522
5426
3293
1007
-704
-2308
-4249
-6215
-7000
-6552
-5384
-4013
-2986
-2371
-1709
-898
-482
-511
-302
195
735
1341
2066
3572
5536
7205
7048
5703
4542
3973
2920
687
-1458
-3010
-3718
-4211
-4514
-4407
-3501
-2301
-1728
-1647
-1192
-404
116
-76
-138
313
1390
2533
3315
3687
3894
4056
3515
2273
791
-706
-2355
-3919
-4841
-5076
-4747
-3949
-3224
-2948
-2826
-2428
-2073
-2203
-2596
-2718
-2640
-2352
-1624
-268
1300
2575
3280
3711
4118
4332
3771
2502
1024
-235
-1405
-2405
-3359
-4637
-6327
-7189
-6540
-4918
-3654
-2743
-1569
8
1395
2452
3169
3841
4709
5333
5462
5370
5617
6014
5847
4983
4137
3519
3110
2353
1259
40
-886
-1654
-2477
-3392
-3924
-4213
-4426
-4284
-3653
-2859
-2063
-1256
-389
730
2033
3103
3683
4052
4365
4463
4686
5206
5139
3954
2575
1809
1426
554
-724
-1988
-3025
-3681
-3990
-4032
-3721
-2920
-2256
-1884
-1241
-89
914
1511
1656
1532
1204
1081
1179
962
202
-776
-1484
-1951
-1882
-1649
-1733
-2192
-2532
-2505
-2359
-1793
-1389
-1620
-2370
-2754
-2599
-2217
-1726
-1078
-616
-311
73
857
1528
1997
2047
1792
1501
1404
1498
1287
812
106
-690
-1451
-2232
-4022
-6437
-7883
-7287
-5896
-4683
-3398
-1474
484
1987
3200
4093
4800
5273
5277
4752
4352
4845
5766
6414
6449
5865
4833
4028
3412
2417
875
-550
-1577
-2683
-3953
-4758
-5060
-4945
-4595
-4092
-3435
-2159
-421
963
1807
2907
4263
5236
5529
5784
5928
6003
6021
5497
4117
2476
1544
713
-514
-2017
-3447
-4537
-5217
-5333
-5333
-5276
-4593
-3741
-3132
-2465
-1155
-31
480
511
499
625
685
543
-9
-742
-949
-941
-942
-919
-937
-1255
-1910
-2378
-2586
-2723
-2936
-3133
-3335
-3481
-3103
-2325
-1320
-355
477
976
1161
1560
2158
2618
2700
2411
2105
2144
2568
2937
2743
2200
1544
611
-493
-1421
-2475
-4400
-6744
-8035
-7296
-5595
-3952
-2241
-107
2428
4365
5510
5897
6114
6047
5486
4484
3810
3839
4234
4407
4374
4328
4332
4267
3827
2680
979
-667
-2264
-3814
-5356
-6399
-6657
-5873
-4504
-3001
-1697
-399
912
1563
1719
1907
2367
2436
2208
1850
2123
3019
3996
3911
2942
1883
1163
60
-1464
-3075
-4626
-6037
-6804
-6507
-5807
-4876
-3956
-3127
-2349
-1382
-400
228
419
476
364
411
1061
2046
2656
2883
2980
2984
2676
2164
1436
365
-991
-2083
-2757
-3108
-2987
-2575
-2217
-1936
-1402
-504
307
963
1280
1475
1696
2095
2561
2971
3246
3369
3247
2917
2711
2328
1636
739
-337
-1461
-2499
-3252
-4035
-5301
-7225
-8605
-8450
-6833
-5134
-3732
-2259
-340
1800
3549
4714
5143
5358
5264
4968
4485
4315
4339
4309
3893
3351
3033
2913
2591
1678
217
-1216
-2198
-3046
-4049
-4988
-5437
-5119
-4011
-2430
-979
122
1239
2199
2962
3492
4090
4537
4212
3604
3042
3113
3297
3194
2125
818
-294
-998
-1906
-2594
-3316
-4137
-5047
-5386
-4998
-4170
-3056
-2156
-1517
-718
455
1636
2178
2354
2291
2047
1679
1511
1554
1297
825
158
-167
-313
-340
-625
-1193
-1817
-2123
-2050
-1813
-1332
-1034
-882
-796
-496
-61
370
593
475
66
-209
-36
294
476
560
745
861
932
850
711
599
313
-344
-1175
-1880
-2420
-2964
-4203
-6130
-7459
-7209
-5661
-4127
-2929
-1583
525
2945
4587
5288
5440
5650
5506
4742
3755
3519
3976
4336
4180
3993
4039
4107
3463
2205
849
-204
-1316
-2843
-4218
-4900
-4800
-4436
-3759
-2779
-1578
-375
855
1684
2120
2341
2614
2500
2132
1930
1981
2294
2564
2531
1792
1125
617
60
-1038
-2167
-3104
-4012
-4710
-4577
-4000
-3310
-2662
-1897
-1075
-170
847
1400
1539
1483
1518
1509
1685
2090
2309
2172
2007
1948
1793
1478
1154
630
-378
-1336
-1666
-1525
-1374
-1439
-1732
-1739
-1379
-715
-321
-181
-63
-280
-620
-568
14
467
438
351
557
599
740
776
521
-214
-1015
-1699
-2263
-2619
-2923
-3397
-4364
-5495
-6746
-7256
-6711
-5309
-4149
-2935
-1348
716
2535
3789
4702
5116
5300
5327
5096
4649
4344
4326
4315
4215
4182
3864
3247
2443
1688
740
-287
-1457
-2734
-3941
-4618
-4516
-3684
-2505
-1320
-301
559
1320
2123
2845
3353
3557
3215
2645
2190
2292
2757
2997
2600
1772
1099
764
471
-172
-1153
-2354
-3481
-4055
-3991
-3471
-2821
-2396
-2058
-1511
-550
577
1523
1965
1879
1712
1814
2196
2353
2399
2374
2281
1875
1309
796
211
-698
-1898
-2945
-3782
-4266
-4371
-4467
-4460
-4173
-3628
-3017
-2517
-1840
-1028
-212
498
1015
1463
1797
1958
1714
1329
1125
982
593
-138
-859
-1351
-1660
-1888
-2260
-2605
-2904
-3454
-4349
-5396
-5910
-5720
-4708
-3266
-1548
304
2444
4547
6167
6925
7165
7151
6767
5928
4862
3795
3058
2676
2325
1955
1562
1249
920
353
-257
-704
-1036
-1388
-2030
-2770
-3063
-2632
-1968
-1317
-620
94
669
1144
1664
2045
2316
2420
2209
1935
2057
2491
2640
2504
1957
1267
501
-29
-599
-1564
-2894
-3846
-4337
-4523
-4543
-4114
-3511
-2657
-1500
-264
1016
2161
3049
3345
3280
3245
3248
2962
2432
1859
1146
426
-72
-653
-1339
-2217
-3097
-3925
-4594
-4844
-4707
-4319
-3752
-2875
-1727
-425
903
1877
2372
2506
2516
2407
1988
1385
785
266
-141
-322
-605
-1083
-1669
-2121
-2537
-3006
-3364
-3605
-3680
-3727
-3660
-3790
-4231
-4716
-4358
-3016
-1418
-195
1129
2706
4366
5433
5641
5233
4923
4763
4152
3105
2228
1986
2047
1952
1851
1865
2143
2269
2149
1922
1723
1528
647
-677
-1862
-2307
-2494
-2375
-1938
-1290
-571
202
1289
1919
2220
2122
2194
1928
1767
1727
2070
2467
2784
2596
2109
1699
1318
555
-703
-2079
-3317
-4143
-4761
-4663
-4266
-3286
-1997
-510
850
2269
3442
3975
3727
3303
2796
2129
1172
232
-759
-1634
-2165
-2463
-2815
-3091
-3353
-3915
-4305
-4235
-3570
-2895
-2357
-1660
-830
144
937
1485
1708
1770
1476
890
292
55
-228
-927
-1862
-2245
-2200
-1907
-1773
-1833
-1962
-2147
-1968
-1761
-1365
-1172
-1088
-1126
-940
-817
-1331
-2568
-3215
-2814
-1867
-1198
-340
851
2356
3537
4163
4496
4841
5400
5352
4557
3790
3654
3940
4123
3983
3790
3451
3295
3015
2458
1617
623
-692
-2197
-3430
-3975
-3944
-3677
-3064
-2411
-1532
-497
725
1701
2217
2541
2612
2602
2297
1984
1616
1526
1335
868
119
-350
-750
-1078
-1739
-2271
-2786
-2860
-2654
-2380
-1960
-1254
-397
367
888
1467
1876
1755
1106
489
57
-471
-1056
-1600
-1849
-2032
-1974
-1741
-1273
-723
-390
-338
-247
-78
-60
-154
-193
-209
-332
-423
-216
6
70
-122
-445
-724
-907
-1282
-1627
-1926
-1997
-1922
-1661
-1089
-528
-35
95
198
18
-80
-339
-501
-755
-907
-894
-963
-1355
-2036
-2929
-3403
-3287
-2511
-1718
-843
342
1795
3230
4175
4882
5314
5570
5337
4774
3913
3320
3039
2960
2695
2431
1957
1730
1587
1481
962
159
-679
-1509
-2146
-2693
-2878
-2673
-2152
-1380
-603
343
1202
1949
2082
1732
1570
1483
1245
948
808
804
1045
1222
1116
771
418
100
-466
-1359
-1981
-2441
-2846
-3112
-2985
-2498
-1762
-946
-448
-99
256
462
229
-294
-590
-746
-970
-1152
-851
-284
47
320
409
513
505
226
-305
-853
-1087
-1287
-1443
-1299
-712
-164
149
311
371
304
29
-255
-668
-1082
-1459
-1702
-1845
-1596
-1249
-1060
-1015
-817
-504
-407
-503
-679
-737
-691
-533
-230
184
488
425
-397
-1683
-2616
-2636
-2019
-1453
-1021
-35
1523
3192
4309
4908
5016
4929
4361
3444
2575
2147
2079
1946
1720
1607
1783
1968
1835
1467
968
438
-336
-1314
-2255
-2886
-3082
-2866
-2231
-1404
-782
-264
237
818
1117
1066
844
777
710
683
745
1091
1558
1711
1419
994
676
507
84
-588
-1406
-2000
-2193
-2114
-1681
-1122
-507
-105
194
461
809
1029
894
431
-229
-724
-710
-358
-14
81
114
278
559
757
777
576
172
-165
-429
-554
-352
-248
-345
-702
-1140
-1451
-1636
-1803
-2213
-2727
-3172
-3238
-3062
-2751
-2301
-1793
-1270
-713
-173
176
313
299
211
171
419
712
918
931
1100
1228
1199
588
-640
-2202
-3276
-3647
-3360
-2987
-2118
-812
707
2002
2958
3715
4133
4072
3459
2530
1778
1603
1681
1826
1810
1993
2209
2426
2345
2149
1837
1269
347
-862
-1770
-2179
-2332
-2378
-2291
-1952
-1470
-937
-479
-53
344
696
993
1286
1707
1841
1904
2072
2397
2418
2085
1575
1240
949
448
-129
-656
-1100
-1354
-1449
-1508
-1359
-961
-450
53
513
885
1107
1102
908
504
53
-150
-233
-281
-283
-244
-135
-97
67
68
-222
-631
-956
-1286
-1733
-2000
-2135
-2291
-2431
-2360
-2161
-1942
-1855
-1967
-2107
-2144
-2092
-1849
-1546
-1144
-731
-372
54
441
845
970
881
596
409
321
231
194
291
387
305
58
-587
-1621
-2810
-3548
-3816
-3405
-3041
-2156
-952
833
2228
3250
3863
4372
4607
4292
3534
2824
2476
2448
2581
2586
2597
2580
2514
2249
1816
1024
49
-1087
-2026
-2798
-3168
-3198
-2798
-2250
-1592
-1034
-298
307
928
1511
2058
2401
2615
2556
2462
2700
3030
3085
2560
2049
1650
1313
816
236
-428
-1074
-1525
-1604
-1506
-1290
-1061
-922
-767
-372
82
366
490
312
-161
-605
-771
-627
-566
-499
-340
-179
-79
6
76
-150
-542
-1040
-1566
-1987
-2257
-2413
-2739
-2922
-2846
-2510
-2337
-2223
-1980
-1713
-1524
-1411
-1213
-869
-423
-142
-35
110
398
490
351
118
72
31
-108
-317
-436
-392
-339
-270
-306
-237
-231
-649
-1605
-2750
-3379
-3364
-2658
-1652
-640
503
1874
3198
3948
4138
3812
3257
2580
1872
1356
1166
1309
1679
1956
2371
2727
2986
2831
2384
1909
1413
935
381
-88
-535
-780
-533
-61
481
645
583
325
321
546
599
482
316
384
558
1087
1751
2474
2659
2477
2079
1772
1598
1420
873
240
-355
-711
-819
-915
-1002
-1294
-1563
-1812
-1992
-2096
-2225
-2364
-2595
-2656
-2333
-1725
-1142
-660
-445
-314
-75
109
235
83
-237
-604
-999
-1338
-1520
-1658
-1979
-2401
-2780
-3009
-3094
-3059
-2979
-2929
-2717
-2292
-1796
-1341
-894
-477
10
547
974
1161
1224
1239
1428
1389
1354
1378
1425
1197
739
521
559
688
643
364
-413
-1302
-2374
-3076
-3187
-2859
-2216
-1598
-803
284
1647
2731
3458
3653
3790
3839
3858
3662
3547
3402
3313
3087
2972
2904
2885
2717
2072
1432
975
579
66
-620
-1273
-1763
-1824
-1737
-1639
-1416
-995
-612
-220
372
998
1560
1722
1784
1808
1866
2123
2365
2187
1728
1294
1028
721
485
26
-659
-1437
-2036
-2577
-3028
-3139
-2973
-2967
-2973
-2700
-2202
-1715
-1349
-1172
-1099
-994
-803
-677
-566
-208
184
285
274
397
491
313
-268
-1004
-1722
-2224
-2554
-2892
-3124
-3169
-3012
-2751
-2400
-1775
-1016
-457
-126
177
529
995
1293
1427
1354
1436
1732
1894
1898
1853
1823
1504
1058
541
61
-423
-694
-917
-985
-968
-756
-571
-696
-972
-1452
-1778
-1860
-1499
-1019
-363
510
1467
2327
3035
3638
3891
3680
3132
2516
1893
1471
1256
1239
1307
1477
1681
1828
2005
2157
1931
1424
751
60
-761
-1355
-1685
-1881
-2088
-1992
-1643
-1146
-598
-51
563
944
1337
1684
1932
2007
2175
2247
2066
1760
1506
1181
788
489
-89
-985
-1910
-2571
-3119
-3387
-3240
-2989
-2810
-2550
-2203
-1848
-1390
-863
-539
-594
-593
-319
-48
77
219
364
405
390
523
585
434
19
-514
-1095
-1466
-1462
-1527
-1763
-1903
-1899
-1884
-1744
-1389
-902
-599
-247
294
837
1299
1691
1830
1760
1710
1633
1474
1206
837
286
-227
-556
-600
-608
-720
-749
-872
-945
-952
-787
-746
-910
-1367
-1952
-2361
-2338
-2140
-1868
-1421
-752
44
872
1805
2471
2917
2927
2892
2763
2590
2466
2256
1946
1661
1673
1855
1999
1943
1849
1595
1308
990
596
86
-309
-876
-1344
-1501
-1155
-535
-194
186
704
1357
1761
2148
2146
1936
1422
1048
676
556
545
467
231
-27
-187
-409
-704
-1040
-1360
-1862
-2063
-2135
-1860
-1505
-1090
-668
-418
-122
49
2
-273
-536
-825
-1088
-1038
-859
-597
-457
-230
136
359
344
-6
-565
-1159
-1573
-1820
-2037
-2119
-2066
-1830
-1422
-853
-182
294
435
348
-10
-256
-415
-462
-543
-568
-445
-277
13
145
344
269
35
-314
-726
-1000
-1145
-1191
-1270
-1343
-1340
-1159
-953
-807
-872
-1121
-1505
-1924
-2078
-2043
-1697
-1111
-269
717
1739
2768
3622
4146
4214
4014
3722
3298
2814
2423
2133
2090
2226
2448
2632
2721
2767
2663
2442
2015
1574
1188
791
352
-256
-688
-770
-589
-644
-526
-91
448
734
970
1150
1123
1024
932
720
473
384
362
276
150
331
376
217
112
-58
-347
-760
-1153
-1578
-2162
-2572
-2906
-3273
-3335
-3185
-2945
-2723
-2261
-1601
-1178
-888
-600
-392
-371
-341
-205
-206
-287
-213
-313
-506
-630
-661
-858
-1354
-1691
-1978
-2162
-2102
-1882
-1644
-1367
-927
-391
96
626
1052
999
753
557
578
450
302
139
-48
-276
-495
-539
-598
-615
-839
-1128
-1340
-1173
-940
-726
-634
-341
-208
-132
-36
305
789
1071
1366
1645
2115
2604
3066
3184
3202
3121
3124
2875
2589
2285
1962
1563
1247
1146
1277
1512
1673
1719
1702
1721
1724
1590
1216
853
489
206
22
0
85
167
276
276
266
237
179
-186
-714
-1166
-1330
-1479
-1497
-1427
-1248
-1046
-809
-445
-186
16
14
-270
-641
-841
-1008
-1155
-1481
-1748
-1930
-1989
-1937
-1825
-1787
-1891
-1860
-1792
-1623
-1341
-1041
-766
-558
-299
22
288
489
530
381
152
-5
-90
-157
-281
-462
-551
-492
-335
-175
-116
-166
-303
-570
-874
-1072
-1246
-1419
-1604
-1645
-1457
-1043
-595
-231
60
406
621
853
929
853
640
365
126
-88
-60
15
49
-237
-361
-366
-269
-122
150
324
545
777
1115
1505
1950
2348
2613
2748
2898
3105
3261
3298
3154
2956
2741
2494
2129
1848
1536
1340
1067
702
395
152
-212
-695
-1122
-1327
-1355
-1304
-1088
-916
-721
-419
-175
-34
99
252
321
275
299
301
271
210
160
138
53
-150
-392
-804
-1202
-1607
-1878
-2018
-2009
-1979
-2009
-1918
-1643
-1379
-1150
-1000
-782
-707
-607
-427
-244
17
179
292
311
318
182
19
-227
-489
-708
-881
-1015
-1016
-992
-991
-1047
-1015
-885
-744
-498
-394
-397
-439
-433
-310
-226
-115
-2
53
4
-81
-267
-540
-708
-879
-956
-994
-930
-897
-835
-686
-468
-270
20
273
411
495
565
595
632
817
1070
1429
1634
1890
2250
2654
3001
3157
3109
2918
2741
2523
2213
2019
1698
1373
1032
697
553
464
247
-15
-258
-377
-442
-520
-511
-498
-366
-203
-65
87
210
320
368
474
557
541
338
136
-57
-249
-465
-525
-659
-687
-676
-747
-742
-737
-716
-814
-932
-997
-910
-772
-540
-442
-341
-184
-57
100
252
303
248
39
-155
-362
-638
-946
-1202
-1399
-1541
-1596
-1595
-1470
-1419
-1275
-1057
-800
-550
-398
-244
-67
14
58
22
46
62
47
-78
-300
-473
-696
-1058
-1352
-1556
-1832
-1944
-2049
-1964
-1789
-1454
-1065
-636
-282
-7
242
375
443
447
509
623
803
1023
1254
1538
1929
2232
2541
2699
2799
2688
2499
2215
1890
1555
1308
1169
1103
1195
1373
1517
1558
1585
1526
1398
1130
860
543
194
18
-33
10
-38
-49
87
198
311
304
220
4
-306
-594
-780
-775
-698
-598
-524
-370
-159
11
-9
-132
-257
-381
-522
-684
-750
-774
-680
-646
-621
-589
-462
-319
-245
-214
-259
-250
-277
-406
-446
-465
-525
-665
-885
-1064
-1261
-1377
-1541
-1677
-1688
-1587
-1363
-1208
-1032
-896
-788
-642
-512
-473
-399
-360
-278
-248
-186
-160
-171
-202
-314
-498
-728
-909
-1135
-1324
-1406
-1305
-1119
-950
-787
-595
-398
-169
-6
156
351
495
617
655
749
927
1173
1498
1889
2338
2737
2936
3000
3006
2885
2603
2278
1994
1622
1303
1119
1052
1046
1087
1056
918
771
658
511
388
237
198
154
20
-9
78
192
250
221
116
53
145
218
200
225
261
250
100
-17
-3
-38
-215
-355
-426
-438
-440
-605
-721
-798
-796
-833
-840
-778
-687
-598
-543
-427
-336
-240
-251
-287
-360
-401
-416
-466
-529
-647
-649
-787
-990
-1151
-1350
-1466
-1506
-1565
-1639
-1575
-1429
-1291
-1174
-980
-842
-694
-587
-477
-414
-403
-347
-392
-409
-490
-538
-655
-745
-743
-739
-743
-746
-761
-641
-532
-359
-139
67
274
337
380
367
409
450
536
533
502
558
648
893
1176
1382
1541
1644
1709
1788
1721
1620
1472
1309
1118
1004
1022
1045
1066
1099
1097
1048
1082
1088
1059
1039
923
885
799
780
757
691
621
483
311
175
50
-94
-174
-251
-237
-122
28
202
387
550
707
710
718
586
442
232
-131
-441
-680
-805
-911
-953
-929
-900
-900
-830
-767
-740
-812
-852
-865
-860
-787
-696
-601
-489
-337
-306
-270
-242
-298
-406
-620
-810
-992
-1168
-1319
-1390
-1395
-1348
-1253
-1107
-1014
-993
-943
-889
-882
-827
-830
-769
-646
-494
-315
-266
-192
-225
-297
-334
-290
-225
-155
-39
102
279
458
618
683
656
540
266
-35
-310
-437
-500
-499
-384
-189
50
446
800
1115
1337
1557
1803
1772
1732
1625
1556
1430
1422
1340
1287
1332
1347
1233
1019
775
578
346
109
-34
-55
10
167
354
507
706
897
1033
980
925
804
710
597
563
539
542
615
641
643
533
426
199
-170
-658
-1144
-1450
-1636
-1691
-1677
-1572
-1352
-1039
-763
-493
-247
-111
-104
-195
-258
-290
-311
-358
-392
-414
-361
-328
-368
-558
-881
-1156
-1394
-1546
-1698
-1755
-1657
-1539
-1342
-1083
-831
-568
-420
-301
-266
-291
-232
-318
-340
-292
-176
2
164
283
288
301
262
96
-91
-190
-222
-290
-277
-174
-66
83
245
257
242
83
-105
-232
-406
-522
-586
-575
-389
-1
366
795
1201
1559
1872
2132
2217
2168
2037
1811
1568
1285
1050
964
935
954
934
961
1009
974
917
851
716
595
489
476
580
725
832
903
1018
1112
1147
926
611
314
-14
-307
-448
-567
-532
-527
-456
-360
-348
-246
-266
-372
-518
-789
-986
-1100
-1135
-1101
-1086
-982
-884
-853
-829
-806
-835
-925
-1002
-1042
-1105
-1095
-1040
-978
-911
-776
-692
-673
-758
-858
-939
-1098
-1115
-1091
-1024
-911
-721
-518
-362
-240
-125
-91
-97
-117
-218
-298
-402
-412
-396
-330
-182
84
299
371
406
422
380
288
192
188
242
282
377
418
429
464
455
315
184
138
111
85
110
165
305
492
662
792
963
1127
1161
1203
1208
1245
1154
1131
1080
945
839
649
523
448
466
422
376
375
284
224
102
35
46
48
65
116
216
280
364
463
480
457
536
539
557
616
612
662
612
580
497
376
265
85
-179
-438
-608
-738
-900
-1040
-1066
-1080
-1010
-926
-698
-417
-194
-24
107
225
325
258
184
57
-90
-278
-512
-667
-756
-837
-1026
-1092
-1123
-1104
-1132
-1173
-1176
-1145
-1111
-1121
-1121
-1038
-855
-640
-384
-190
77
285
474
519
485
347
151
5
-199
-329
-390
-420
-583
-753
-841
-883
-849
-837
-830
-823
-860
-789
-744
-602
-425
-220
-159
-48
97
122
71
74
182
280
346
530
720
841
1084
1218
1372
1455
1486
1431
1380
1280
1160
1007
945
894
848
927
1006
1120
1116
1137
1053
970
954
997
1033
1032
1112
1279
1375
1459
1595
1718
1777
1679
1501
1232
917
631
376
35
-290
-497
-695
-836
-998
-1203
-1317
-1427
-1444
-1403
-1287
-1155
-999
-775
-575
-325
-121
-103
-179
-374
-572
-825
-1070
-1228
-1444
-1617
-1750
-1750
-1657
-1562
-1499
-1394
-1268
-1131
-1009
-908
-859
-677
-481
-231
13
202
432
556
593
521
369
196
24
-208
-460
-725
-862
-974
-969
-937
-912
-899
-824
-682
-635
-459
-326
-264
-204
-92
51
192
296
329
398
405
417
423
419
474
524
488
498
551
631
669
725
804
920
1000
1134
1272
1273
1336
1335
1381
1336
1293
1238
1164
1123
1131
1134
1225
1240
1225
1193
1162
1205
1160
1071
954
861
751
618
537
487
448
415
362
296
277
179
7
-190
-354
-484
-701
-852
-981
-1112
-1183
-1133
-1099
-1038
-973
-922
-864
-795
-700
-673
-655
-721
-786
-867
-879
-921
-1032
-1084
-1121
-1073
-978
-896
-862
-846
-900
-937
-885
-788
-657
-439
-153
-20
30
96
114
68
-11
-151
-287
-377
-473
-567
-657
-786
-882
-991
-1113
-1131
-1123
-1130
-1121
-1085
-943
-735
-518
-351
-187
30
318
505
631
673
665
681
669
660
660
698
772
859
944
1042
1173
1216
1199
1162
1164
1189
1251
1328
1444
1621
1815
1964
2095
2172
2128
1972
1709
1480
1274
1022
813
602
432
314
219
143
69
69
56
28
65
81
104
128
164
205
173
136
38
-113
-252
-457
-693
-859
-1114
-1283
-1366
-1428
-1464
-1468
-1404
-1330
-1240
-1135
-994
-830
-716
-592
-555
-566
-535
-516
-513
-526
-569
-610
-588
-638
-667
-688
-679
-608
-529
-449
-379
-303
-221
-196
-234
-233
-193
-182
-229
-287
-370
-429
-447
-506
-527
-499
-444
-384
-388
-433
-518
-571
-629
-654
-584
-510
-419
-253
-108
91
272
443
632
737
834
855
778
716
647
600
591
565
600
614
624
697
743
861
968
1005
1089
1117
1162
1262
1263
1256
1215
1153
1081
958
867
748
651
601
511
461
415
367
288
251
248
237
287
351
430
383
353
375
387
334
252
147
96
20
-128
-280
-405
-490
-562
-664
-735
-774
-780
-790
-825
-848
-827
-800
-781
-703
-637
-487
-300
-166
-25
43
136
107
46
-51
-148
-281
-404
-544
-673
-705
-735
-623
-618
-591
-617
-635
-685
-742
-776
-816
-773
-745
-708
-629
-562
-547
-513
-454
-364
-424
-496
-522
-521
-559
-592
-592
-604
-597
-585
-528
-506
-443
-448
-378
-228
-19
242
468
606
642
629
673
677
655
611
584
568
602
656
737
884
971
1089
1137
1173
1196
1176
998
908
814
699
665
584
524
554
613
645
685
712
654
604
519
468
433
396
467
540
692
724
721
647
544
364
162
45
-50
-140
-299
-364
-424
-382
-344
-237
-152
-197
-274
-340
-329
-362
-361
-330
-303
-298
-178
-94
-6
50
67
10
-93
-184
-312
-408
-503
-542
-547
-447
-370
-279
-232
-260
-288
-366
-505
-608
-688
-767
-802
-777
-836
-885
-851
-838
-835
-836
-847
-857
-877
-922
-946
-990
-981
-915
-772
-660
-603
-518
-421
-333
-296
-239
-141
-83
-31
56
175
372
522
529
562
554
434
343
173
94
26
28
112
226
367
432
542
629
745
816
833
848
791
814
846
939
1044
1093
1180
1237
1256
1246
1251
1186
1030
849
694
633
637
616
531
492
440
436
415
387
353
279
232
203
199
339
378
371
307
221
156
-22
-211
-365
-480
-537
-581
-622
-633
-626
-618
-654
-651
-631
-590
-592
-603
-645
-627
-534
-424
-353
-313
-256
-291
-278
-264
-285
-382
-488
-602
-721
-765
-855
-930
-987
-1060
-1055
-1027
-994
-901
-864
-826
-782
-658
-536
-453
-397
-430
-472
-469
-472
-484
-522
-533
-511
-462
-370
-251
-158
-42
105
134
251
396
525
696
801
872
885
888
942
947
995
1042
1070
1062
1009
996
961
903
833
740
667
659
701
736
790
778
751
739
724
681
649
613
544
486
371
310
280
320
310
260
302
270
149
62
-56
-113
-107
-169
-163
-166
-130
-59
-6
5
11
-55
-142
-188
-176
-218
-301
-287
-311
-347
-420
-462
-490
-493
-532
-596
-623
-618
-594
-579
-515
-452
-466
-494
-483
-444
-452
-479
-508
-515
-485
-480
-562
-553
-483
-451
-450
-449
-459
-385
-360
-371
-383
-376
-317
-293
-347
-417
-427
-428
-389
-393
-346
-323
-262
-157
-121
-86
-6
120
214
258
352
463
575
598
611
609
574
491
392
371
316
262
281
295
350
331
293
203
98
94
69
118
178
241
364
444
500
606
679
748
758
800
815
779
748
739
706
629
608
603
575
576
494
438
390
267
95
-55
-177
-218
-246
-207
-114
-23
123
216
331
388
423
420
389
314
202
39
-135
-246
-388
-489
-614
-644
-738
-878
-969
-1066
-1119
-1112
-1031
-863
-684
-511
-397
-292
-169
-203
-249
-351
-431
-496
-560
-599
-611
-633
-612
-565
-537
-444
-383
-376
-408
-425
-449
-455
-397
-339
-281
-260
-206
-120
-104
-24
21
40
80
137
200
264
314
316
401
446
406
370
296
267
223
168
146
136
99
115
71
29
64
139
244
263
322
361
325
297
329
353
312
353
382
376
357
361
415
444
408
451
546
580
635
641
657
677
704
736
728
739
713
603
504
376
253
265
334
420
457
477
493
474
433
343
253
113
-72
-250
-433
-538
-585
-652
-760
-766
-719
-617
-504
-432
-371
-326
-315
-355
-355
-353
-416
-418
-425
-459
-499
-511
-607
-690
-684
-684
-608
-596
-559
-529
-544
-535
-493
-422
-300
-171
-92
-33
-52
-72
-74
-100
-118
-122
-155
-183
-204
-171
-182
-189
-177
-124
-92
-102
-137
-171
-197
-219
-259
-212
-136
-118
-109
-164
-147
-108
-78
-10
53
98
139
157
199
215
237
188
195
184
186
206
209
291
308
334
374
470
563
701
792
903
1003
973
945
936
984
940
880
850
805
804
816
793
728
715
704
668
617
526
440
367
261
197
188
178
150
166
130
114
71
-13
-149
-323
-406
-494
-657
-768
-805
-794
-705
-672
-687
-703
-731
-753
-850
-865
-848
-883
-884
-899
-938
-883
-827
-718
-620
-483
-412
-339
-259
-279
-344
-391
-352
-322
-245
-185
-99
-33
-4
54
31
-35
-130
-246
-301
-345
-366
-344
-314
-253
-175
-158
-128
-31
74
103
94
96
118
161
194
213
202
129
111
118
98
69
24
90
157
228
349
456
515
543
590
639
655
671
653
602
535
500
541
547
543
588
670
675
739
754
784
749
617
518
421
380
366
369
314
342
281
241
116
18
-63
-150
-238
-279
-313
-292
-189
-179
-87
-55
-49
-79
-112
-181
-301
-338
-417
-509
-587
-607
-590
-530
-463
-477
-459
-382
-397
-407
-352
-322
-318
-295
-236
-275
-267
-278
-293
-260
-263
-252
-243
-192
-155
-122
-60
-27
42
129
181
196
217
146
69
-17
-102
-127
-224
-303
-351
-405
-428
-451
-479
-424
-398
-316
-259
-198
-174
-144
-28
-9
5
0
56
121
113
70
59
63
39
48
104
136
242
354
446
508
546
544
511
450
436
406
352
344
322
300
302
319
279
272
210
191
183
156
255
320
385
424
461
498
471
441
412
351
328
274
227
205
274
324
310
325
331
332
316
242
156
128
147
194
179
150
103
76
53
-17
-79
-176
-288
-404
-508
-630
-725
-736
-727
-747
-781
-810
-798
-800
-844
-834
-804
-713
-591
-529
-488
-420
-298
-183
-91
-35
-99
-134
-153
-228
-281
-347
-368
-314
-294
-318
-300
-283
-253
-286
-236
-193
-209
-121
-116
-108
-70
-69
-32
15
34
25
13
0
-76
-49
-15
39
84
137
210
261
379
392
455
463
435
416
400
478
503
548
591
623
637
619
587
561
458
387
364
302
232
193
166
180
257
410
527
634
722
797
772
704
621
512
466
388
389
377
380
387
303
236
141
100
12
-71
-174
-261
-314
-379
-382
-376
-348
-368
-374
-447
-535
-601
-633
-676
-764
-803
-878
-812
-759
-739
-671
-522
-462
-417
-375
-356
-327
-375
-382
-418
-395
-383
-352
-363
-336
-231
-186
-120
-125
-143
-176
-229
-231
-247
-249
-204
-161
-1
130
185
283
336
274
272
227
241
205
92
-7
-113
-158
-212
-199
-118
-13
35
132
207
236
247
286
239
227
226
239
252
299
302
289
319
297
378
418
424
444
443
384
378
355
340
383
373
395
383
350
329
348
394
378
338
344
358
399
458
428
357
336
343
349
329
328
208
61
-5
-111
-133
-203
-215
-239
-304
-329
-384
-422
-408
-389
-424
-470
-430
-366
-393
-334
-324
-308
-279
-292
-294
-331
-357
-464
-466
-476
-492
-481
-518
-500
-489
-428
-380
-343
-338
-335
-288
-264
-272
-262
-214
-165
-76
-24
-14
51
65
40
13
-9
20
29
-53
-91
-17
77
127
135
149
157
97
83
60
33
18
-32
-37
-65
-25
58
92
191
180
211
239
227
232
166
217
221
294
386
469
570
603
634
590
547
532
477
359
245
95
-17
-4
24
67
131
131
189
209
219
236
240
270
284
317
310
294
259
263
281
253
262
174
96
7
-96
-92
-116
-161
-207
-303
-376
-487
-442
-412
-444
-432
-413
-357
-291
-234
-201
-186
-227
-231
-237
-216
-189
-207
-139
-74
-37
21
34
-20
-72
-181
-260
-259
-292
-246
-237
-284
-243
-248
-182
-157
-183
-125
-124
-87
-62
-36
-59
-26
-16
-63
-150
-192
-199
-250
-244
-242
-199
-141
-136
-152
-214
-274
-250
-324
-361
-309
-269
-246
-173
-109
-58
103
226
276
301
323
303
286
304
344
449
524
555
602
637
621
651
600
525
463
414
412
352
328
276
301
247
135
62
89
111
125
153
174
181
118
148
84
80
90
72
64
45
18
31
115
96
51
41
28
4
-1
-20
11
27
-30
-60
-58
-88
-191
-246
-306
-276
-151
-99
-47
12
30
11
40
15
-18
-60
-155
-290
-402
-481
-562
-600
-554
-522
-496
-410
-375
-368
-409
-430
-417
-399
-372
-311
-287
-224
-152
-214
-262
-169
-177
-204
-229
-205
-147
-136
-125
-87
-61
-66
10
19
73
96
154
199
276
288
291
306
298
304
307
326
294
337
339
370
373
383
354
253
211
229
178
101
76
38
63
97
118
171
195
205
234
223
235
232
243
291
270
211
135
87
64
5
-6
38
42
34
66
49
80
177
188
252
257
330
387
342
320
281
270
217
164
81
-10
-142
-181
-234
-331
-352
-387
-342
-361
-306
-254
-249
-228
-184
-140
-124
-110
-213
-301
-359
-402
-494
-530
-552
-515
-437
-368
-280
-204
-124
-113
-111
-136
-122
-94
-136
-201
-300
-374
-400
-399
-352
-298
-269
-281
-256
-234
-255
-228
-187
-133
-52
16
135
222
284
339
333
370
380
417
449
420
407
384
351
368
392
355
302
263
278
292
259
217
176
167
158
168
159
204
253
282
382
423
532
576
569
537
498
451
393
330
237
132
42
0
-70
-149
-177
-195
-201
-135
-116
-81
-55
-56
-47
-35
-70
-152
-196
-209
-181
-156
-205
-225
-215
-258
-303
-334
-355
-368
-423
-439
-362
-357
-319
-303
-287
-257
-222
-204
-196
-159
-150
-155
-121
-99
-83
-83
-94
-133
-180
-225
-240
-227
-300
-315
-335
-330
-295
-301
-287
-279
-262
-262
-247
-140
-64
2
40
98
161
224
293
308
279
224
212
151
175
221
245
255
257
276
279
309
319
340
382
352
312
344
310
274
216
188
186
172
133
96
49
22
-11
-3
62
94
46
37
8
32
42
59
129
121
163
167
208
190
182
124
122
170
149
154
122
108
88
83
63
41
60
2
-108
-142
-142
-125
-138
-152
-117
-29
7
-4
-91
-143
-156
-136
-89
-98
-137
-148
-126
-142
-103
-108
-84
-117
-157
-223
-247
-172
-192
-216
-179
-121
-124
-126
-131
-127
-166
-224
-276
-270
-225
-271
-311
-321
-316
-305
-210
-174
-130
-13
34
81
186
148
163
204
245
265
268
277
249
198
50
25
-60
-121
-133
-154
-88
-77
-55
-42
-5
-10
49
120
112
164
216
199
190
196
206
211
203
174
129
62
-5
-75
-129
-107
-173
-131
-109
-73
0
46
129
166
212
231
242
261
204
173
156
91
61
-11
-66
-57
-7
13
18
29
41
66
86
105
129
161
219
272
266
302
349
310
279
209
175
169
125
86
43
5
-20
-26
-44
-103
-83
-76
-125
-148
-132
-160
-189
-180
-162
-152
-152
-155
-159
-210
-240
-284
-287
-307
-339
-360
-403
-431
-422
-437
-493
-425
-342
-295
-264
-259
-199
-152
-76
19
76
135
122
118
104
42
55
50
90
98
74
88
89
109
137
146
172
225
290
281
289
303
293
303
249
257
220
169
80
40
-17
-104
-163
-202
-246
-234
-253
-294
-233
-201
-152
-138
-141
-109
-32
-6
20
46
58
45
48
76
0
-41
-15
4
-13
-16
-6
50
125
185
243
301
347
356
346
311
310
304
251
271
226
222
260
277
254
169
105
20
10
14
-24
-57
-105
-154
-198
-202
-256
-221
-196
-226
-186
-193
-207
-219
-218
-166
-185
-173
-136
-150
-112
-131
-154
-117
-116
-158
-170
-208
-212
-217
-205
-211
-228
-181
-149
-66
20
43
73
108
99
80
28
50
92
28
73
62
41
48
-56
-88
-99
-99
-70
-5
64
101
88
137
118
105
112
76
79
30
46
34
5
-36
-11
1
-3
-18
-31
-23
0
49
61
147
225
306
370
365
374
299
288
319
303
242
233
200
192
211
119
110
66
39
43
65
103
112
102
80
92
56
82
57
14
-4
-55
-67
-136
-180
-227
-255
-323
-363
-361
-375
-390
-419
-449
-443
-427
-442
-411
-368
-321
-314
-309
-268
-221
-165
-109
-54
-46
-34
-50
-35
0
-78
-96
-115
-142
-66
-75
-107
-34
63
171
245
311
367
416
409
380
369
405
387
338
280
240
217
198
178
178
117
116
68
49
48
16
36
65
119
143
156
159
163
116
108
90
66
39
-47
-66
-68
-62
-51
-12
7
-13
-28
-28
1
-50
-59
-60
-73
-85
-78
-103
-105
-129
-96
-77
-59
-42
-62
-101
-105
-90
-71
-32
15
76
176
190
128
120
68
9
-34
-12
-4
-5
-82
-140
-155
-167
-178
-157
-106
-91
-100
-55
-39
-68
-94
-153
-170
-192
-208
-207
-212
-216
-180
-182
-146
-121
-95
-101
-65
-36
-1
-1
-38
-48
-44
-18
-22
-15
-20
5
18
43
122
156
115
144
165
174
158
197
236
252
206
170
124
124
70
30
-51
-110
-67
-76
-55
-62
-124
-136
-189
-226
-169
-164
-172
-167
-124
-75
-77
-54
4
52
102
121
187
232
267
257
161
106
86
64
71
52
69
115
171
202
134
139
116
113
132
99
81
116
107
80
40
43
78
115
153
141
185
152
125
115
87
61
57
3
-46
-118
-144
-127
-176
-214
-265
-281
-313
-342
-328
-274
-254
-259
-198
-156
-75
-15
-10
32
43
2
48
48
54
85
64
56
15
85
94
66
70
77
80
53
104
131
166
157
117
108
44
-7
-46
-77
-35
38
73
123
166
171
163
109
53
-54
-105
-153
-234
-280
-286
-309
-329
-296
-325
-326
-305
-313
-309
-269
-216
-96
-11
58
143
252
356
406
437
441
414
343
231
150
85
48
-11
-60
-72
-103
-75
-64
-13
4
-8
15
-38
-98
-177
-230
-209
-221
-240
-237
-238
-258
-246
-297
-282
-255
-259
-204
-135
-52
15
47
75
88
119
140
73
142
140
153
184
189
202
194
227
250
249
233
243
241
198
192
173
143
149
112
95
163
186
225
252
217
209
174
197
212
185
155
175
101
47
41
24
24
-1
20
38
27
20
43
39
13
-35
-69
-105
-134
-141
-156
-187
-198
-272
-326
-346
-413
-428
-410
-303
-264
-194
-115
-63
-59
-69
-44
-25
-6
-6
6
19
45
83
74
66
74
88
126
141
179
132
86
44
31
18
-1
14
28
48
2
50
49
-10
-56
-140
-206
-233
-273
-289
-312
-304
-241
-234
-204
-165
-186
-234
-248
-201
-134
-82
-44
-2
35
60
65
28
24
24
21
1
-14
-74
-142
-127
-56
-23
4
52
92
97
90
70
106
100
84
122
107
132
102
42
25
14
7
4
62
93
121
122
101
106
98
84
93
120
149
183
213
220
253
266
243
251
211
207
171
185
207
232
171
126
115
40
-17
-19
-31
-11
8
-44
-8
12
61
55
27
19
-16
-44
-46
-26
-57
-55
-43
31
99
104
153
123
115
41
-18
-17
-111
-169
-225
-250
-302
-343
-400
-408
-347
-323
-259
-224
-191
-139
-128
-124
-147
-153
-149
-107
-88
-47
-71
-74
-53
-65
-117
-155
-142
-97
-53
-37
11
36
49
36
48
9
49
66
63
91
126
158
147
178
216
241
232
263
273
252
239
203
197
183
159
134
140
166
162
171
217
258
267
265
234
193
112
79
17
-2
-29
-70
-78
-110
-99
-141
-140
-186
-204
-190
-220
-258
-289
-306
-326
-309
-335
-320
-331
-349
-323
-319
-299
-273
-228
-234
-236
-203
-184
-148
-157
-154
-145
-78
-81
-21
11
44
115
118
163
127
124
117
136
146
210
293
316
303
290
300
285
288
301
290
330
288
243
221
197
192
202
198
187
170
168
170
150
130
82
46
-26
-53
-77
-72
-67
-72
-109
-54
-22
-11
4
-16
-14
-49
-104
-116
-160
-141
-144
-96
-29
-35
-26
-17
-5
-33
-26
-44
-61
-95
-185
-196
-170
-164
-184
-213
-229
-269
-267
-225
-144
-145
-117
-106
-85
-32
-24
-31
-63
-96
-85
-68
-15
20
50
76
56
42
52
91
107
167
200
172
207
226
239
256
250
259
289
274
234
220
170
116
38
57
41
62
101
32
34
33
-2
-60
-107
-137
-138
-154
-163
-149
-163
-143
-155
-178
-158
-212
-208
-254
-313
-316
-354
-375
-351
-361
-350
-372
-350
-315
-286
-289
-308
-279
-237
-212
-175
-92
28
111
157
198
230
266
251
249
265
260
261
238
274
287
343
382
433
454
395
375
342
338
359
372
417
356
307
239
197
149
147
105
71
71
-16
-70
-51
7
30
52
73
38
-33
-73
-136
-169
-209
-254
-297
-354
-387
-426
-412
-406
-392
-366
-350
-323
-285
-255
-194
-142
-62
3
37
125
153
182
198
271
287
289
285
261
223
188
170
131
95
79
83
37
52
-12
-45
34
44
103
72
80
81
64
39
5
-2
1
45
2
-36
-77
-69
-140
-201
-177
-134
-107
-57
-35
-7
-6
3
-29
-50
-46
-31
-17
-39
-43
-82
-88
-53
-50
-46
-39
-48
-32
-111
-169
-158
-172
-138
-146
-140
-105
-114
-138
-138
-120
-170
-229
-254
-287
-247
-201
-158
-107
-79
-72
-40
20
17
31
34
70
106
102
172
198
209
215
224
276
259
309
307
246
311
332
306
277
260
239
209
159
159
164
144
100
99
108
75
84
116
124
100
101
102
74
107
126
104
30
33
50
52
61
62
97
94
82
54
33
-79
-92
-113
-151
-185
-208
-225
-267
-301
-355
-392
-357
-351
-318
-328
-311
-267
-287
-223
-164
-137
-115
-109
-137
-124
-133
-168
-211
-212
-240
-271
-262
-207
-171
-143
-98
-58
-52
-46
-24
0
34
73
120
129
198
208
223
215
196
257
265
298
346
388
429
438
446
445
419
372
363
342
339
280
277
275
207
168
154
127
125
100
67
47
36
2
-33
-66
-107
-136
-158
-134
-189
-206
-191
-199
-276
-284
-295
-315
-287
-286
-277
-219
-183
-193
-241
-243
-216
-243
-250
-268
-302
-248
-243
-259
-241
-228
-208
-274
-243
-210
-216
-209
-213
-203
-214
-202
-169
-102
-95
-57
-50
-41
-16
6
21
39
94
140
180
186
225
233
244
272
289
351
378
344
366
427
438
496
472
455
437
363
369
285
172
159
136
101
59
82
104
68
42
65
54
34
53
34
19
27
48
47
-33
-63
-120
-176
-193
-261
-260
-303
-301
-276
-248
-206
-172
-124
-76
-56
-10
-7
6
12
35
31
15
20
-36
-48
-58
-59
-41
-73
-50
39
29
97
155
156
187
183
197
188
156
162
178
198
175
170
178
202
189
168
187
176
189
164
163
152
157
136
94
59
9
-55
-71
-133
-208
-280
-376
-427
-427
-372
-353
-322
-317
-288
-279
-306
-277
-263
-253
-252
-206
-210
-243
-269
-291
-366
-362
-404
-372
-344
-338
-282
-288
-244
-190
-169
-147
-117
-58
28
-31
-21
-55
-20
-7
22
50
29
77
120
210
283
293
302
345
337
309
312
357
351
348
365
415
381
386
373
323
329
320
289
257
254
188
200
181
154
150
176
167
146
112
125
72
97
92
69
120
115
128
119
21
-32
-69
-93
-90
-145
-145
-157
-132
-82
-95
-83
-59
-30
-6
0
73
69
48
56
27
6
-16
-58
-88
-137
-144
-185
-191
-188
-230
-230
-201
-188
-204
-224
-238
-229
-225
-181
-141
-110
-83
-127
-114
-94
-71
-62
-53
-71
-102
-128
-156
-199
-182
-127
-80
-83
-34
-42
-76
8
27
76
82
107
129
104
98
46
51
21
4
27
33
19
12
-16
-71
-122
-120
-100
-75
-19
-43
-6
32
4
22
61
111
132
134
121
128
111
94
75
72
100
44
56
75
79
112
143
143
146
128
68
-24
-101
-152
-143
-112
-123
-144
-88
-36
-42
-21
-32
4
-28
-67
-48
-84
-71
-83
-75
-98
-153
-133
-93
-65
-22
34
82
104
74
71
113
160
205
198
212
257
233
259
269
264
272
237
234
245
276
235
184
170
136
117
94
80
20
-23
-39
-81
-102
-101
-115
-128
-129
-166
-210
-240
-299
-308
-300
-320
-315
-281
-258
-215
-146
-116
-61
-74
-91
-81
-69
-49
-59
-15
-8
-31
-27
-7
4
-9
9
50
77
75
44
114
166
169
176
217
260
266
244
225
238
258
218
174
174
147
155
103
76
92
136
129
102
113
111
138
98
71
43
4
23
9
20
-11
-50
-53
-79
-129
-163
-189
-186
-209
-224
-196
-186
-134
-161
-128
-79
-110
-117
-131
-151
-207
-226
-224
-177
-195
-203
-226
-194
-187
-214
-174
-161
-124
-100
-81
-105
-108
-102
-71
-25
20
77
116
183
215
231
224
161
161
110
58
52
22
-1
-37
-42
-89
-186
-233
-241
-220
-180
-157
-111
-35
-49
-30
0
7
41
8
-38
-61
-77
-109
-131
-135
-99
-78
-64
-31
-14
-19
0
-40
-8
63
124
151
152
175
184
189
246
235
220
262
263
311
369
426
415
407
412
418
370
292
245
205
200
177
151
186
154
172
162
153
164
143
127
109
111
101
99
87
46
19
-42
-35
-25
-50
-85
-121
-124
-157
-174
-240
-298
-336
-378
-404
-423
-432
-444
-393
-359
-345
-355
-361
-337
-294
-276
-213
-136
-68
-25
-36
-15
-34
-28
-22
10
8
-9
-16
14
14
12
2
56
67
-13
-79
-148
-136
-104
-118
-110
-71
-50
-19
-56
-68
-9
58
89
113
94
62
43
53
50
44
45
64
91
67
23
-3
-2
-64
-111
-109
-99
-73
-61
-62
-36
-17
53
119
154
137
181
207
242
253
235
252
214
201
242
286
333
355
354
356
326
299
224
166
90
11
-9
-36
-71
-83
-67
-24
-14
-87
-125
-152
-199
-222
-300
-269
-239
-207
-218
-255
-287
-308
-266
-217
-216
-112
-51
-20
54
35
74
85
84
109
117
136
179
198
222
191
153
158
136
99
93
115
148
137
166
182
213
213
163
132
114
72
39
41
32
-24
-97
-142
-198
-226
-221
-227
-183
-144
-161
-132
-124
-75
-71
-77
-89
-92
-140
-143
-128
-86
-86
-105
-103
-117
-151
-175
-148
-97
-79
-29
16
3
2
34
-1
-24
-33
-72
-77
-87
-120
-151
-139
-114
-106
-34
-24
-4
75
55
58
43
60
67
69
155
192
271
297
268
278
343
327
282
230
166
157
139
127
122
127
131
98
82
61
67
40
12
15
-45
-74
-81
-126
-174
-214
-237
-196
-160
-154
-134
-43
16
28
1
-44
-30
-74
-67
-36
-70
-47
-53
-56
-17
-26
-42
-103
-201
-256
-231
-221
-193
-177
-167
-124
-124
-113
-94
-56
-16
38
70
98
123
129
112
116
79
126
170
121
85
74
71
37
41
50
30
37
10
7
-14
-44
-22
-45
-72
-61
-63
-71
-64
-45
-55
-81
-79
-62
-28
3
14
47
47
60
95
67
77
80
67
81
92
124
147
180
183
171
175
192
230
203
199
201
153
117
126
153
101
61
37
25
7
-37
-77
-108
-95
-83
-108
-146
-140
-162
-171
-196
-202
-167
-213
-232
-235
-231
-212
-175
-134
-118
-91
-107
-109
-73
-98
-93
-95
-82
-52
-18
15
-24
-14
-30
-5
33
78
90
53
66
26
-7
-28
44
74
89
114
112
148
134
96
39
24
-27
-68
-81
-72
-97
-102
-83
-76
-31
-20
-26
-51
-22
11
54
39
1
29
16
-24
-68
-31
-37
-23
9
-39
-5
1
-2
42
94
122
141
102
81
58
52
70
88
121
138
165
185
197
197
157
196
209
164
123
71
39
-8
-22
-57
-79
-41
3
39
80
150
149
165
231
234
246
271
298
296
308
320
319
355
321
261
229
145
66
26
-10
-69
-96
-180
-303
-371
-437
-447
-427
-383
-337
-272
-270
-257
-242
-240
-225
-237
-230
-258
-245
-230
-229
-251
-210
-226
-224
-242
-264
-212
-197
-176
-211
-222
-217
-216
-198
-175
-163
-136
-122
-104
-24
-4
29
94
106
158
204
283
317
266
270
232
202
168
114
88
31
-4
-45
-91
-50
-41
-71
-89
-116
-101
-58
-20
18
60
87
125
115
90
109
158
206
191
208
222
158
113
65
29
55
69
71
77
84
134
157
225
261
243
268
254
213
185
171
155
96
13
13
-62
-86
-107
-132
-147
-123
-85
-53
-31
-5
25
13
2
-14
-47
-47
-19
-35
-15
-30
-21
-36
-52
-105
-157
-197
-199
-190
-171
-108
-85
-74
-73
-78
-98
-78
-49
-46
-22
-45
-105
-93
-68
-45
-14
-26
-31
-29
-32
-40
-67
-39
-10
14
3
-39
-56
-24
-39
-16
0
-48
-59
-72
-118
-142
-204
-232
-172
-146
-138
-97
-41
-6
47
90
140
181
168
182
190
169
153
131
110
79
45
19
26
58
65
47
26
42
55
64
71
42
57
40
-4
25
-10
6
44
65
116
120
130
166
179
169
152
126
90
36
29
30
5
-15
-41
-33
-15
-57
-61
-37
10
40
-4
-63
-28
-96
-50
-25
-13
-11
-22
15
-10
-5
-16
-50
-57
-42
-70
-49
-77
-89
-58
-55
12
25
56
78
83
86
72
124
146
149
175
150
155
129
136
135
75
33
-35
-33
-83
-157
-202
-202
-253
-308
-334
-372
-410
-412
-368
-349
-317
-270
-226
-147
-90
-48
-26
2
24
-37
-46
-13
-8
32
41
34
83
75
45
83
106
134
140
190
261
296
333
316
323
338
319
291
261
252
262
263
259
273
271
257
258
254
254
231
233
222
178
155
113
70
65
13
-15
-30
-35
-57
-157
-228
-225
-235
-239
-251
-218
-249
-270
-259
-286
-244
-220
-214
-215
-204
-195
-181
-165
-184
-200
-182
-157
-140
-138
-115
-117
-124
-111
-172
-184
-183
-172
-130
-77
-37
-18
-13
-54
-73
-79
-55
-56
-59
-36
-57
-74
-80
-93
-103
-105
-54
-48
-27
-27
-41
-32
-20
-34
25
60
107
134
132
131
161
200
185
209
197
190
133
104
84
96
92
110
124
143
111
37
15
5
13
-3
15
22
29
34
52
54
81
113
85
93
70
80
49
39
16
-1
12
10
21
8
-18
-23
23
28
2
-44
-23
-15
-43
-19
-55
12
31
86
143
89
101
73
83
70
40
-9
-59
-69
-65
-44
-73
-124
-95
-135
-141
-73
-14
31
29
29
30
14
17
43
52
87
109
85
43
-9
-71
-105
-97
-71
-84
-49
-68
-55
-44
-81
-38
-9
59
102
123
162
172
172
161
168
162
122
50
73
62
61
61
48
96
82
67
23
-49
-90
-120
-157
-182
-184
-211
-244
-255
-267
-261
-264
-292
-360
-379
-394
-410
-322
-294
-257
-148
-99
-60
-19
-12
29
74
116
162
196
211
250
285
325
341
338
310
286
311
275
243
223
155
146
107
50
57
54
19
4
25
5
-31
-49
-14
-20
-33
-41
-26
-46
-57
-68
-53
-27
-33
-6
-3
11
21
21
17
28
55
105
82
84
93
99
103
108
98
131
161
186
210
201
188
130
125
96
81
55
37
-24
-81
-141
-194
-227
-235
-246
-245
-180
-158
-157
-136
-134
-132
-129
-190
-222
-270
-354
-336
-307
-312
-336
-369
-328
-305
-280
-231
-231
-196
-213
-181
-165
-144
-115
-93
-77
-28
18
67
134
165
214
228
223
235
257
229
182
211
243
234
323
352
373
372
336
376
419
442
502
500
421
366
270
253
253
212
148
132
126
159
161
125
93
27
-36
-69
-67
-79
-67
-133
-129
-135
-147
-116
-109
-66
-86
-114
-162
-192
-217
-262
-329
-346
-355
-323
-332
-336
-315
-378
-391
-450
-421
-377
-364
-349
-371
-346
-378
-320
-273
-249
-210
-210
-161
-189
-162
-133
-75
11
54
66
76
58
94
93
65
107
101
135
133
155
204
204
200
210
223
202
201
212
195
170
185
191
180
155
126
138
215
274
292
299
302
335
321
257
236
260
240
201
173
150
164
155
147
126
97
73
38
13
-36
-63
-88
-118
-155
-187
-209
-175
-152
-159
-163
-137
-136
-112
-107
-119
-56
-101
-117
-162
-161
-111
-57
-2
38
91
59
60
45
50
20
38
32
56
52
48
51
-7
-16
-72
-100
-144
-126
-104
-100
-86
-89
-55
-15
-2
29
59
56
86
147
152
121
70
85
87
28
14
-11
18
-1
-39
-33
-12
26
46
60
77
65
96
105
67
77
56
30
32
-11
-53
-77
-92
-132
-124
-110
-177
-215
-246
-278
-290
-253
-217
-189
-183
-144
-120
-129
-76
-43
11
79
110
170
151
148
122
120
109
88
79
34
39
41
43
-2
-28
-71
-124
-153
-179
-195
-156
-93
-68
-17
15
50
48
53
92
88
94
146
118
70
64
19
66
83
102
144
119
112
154
159
160
109
110
122
145
224
211
246
273
268
276
285
256
213
185
150
136
99
86
75
39
-5
-60
-80
-100
-112
-126
-138
-165
-204
-242
-238
-238
-229
-219
-265
-319
-375
-396
-427
-460
-479
-533
-579
-532
-512
-410
-345
-315
-240
-182
-148
-119
-97
-79
-36
-3
87
121
151
183
221
236
246
278
257
243
262
237
212
194
198
197
208
209
202
217
264
232
257
255
254
241
205
194
175
198
164
166
131
22
-42
-70
-102
-144
-170
-164
-147
-113
-62
18
15
81
98
54
51
1
8
-23
-85
-103
-124
-115
-90
-113
-73
-45
-38
-8
17
13
11
-13
-43
-72
-87
-79
-133
-115
-126
-138
-151
-166
-187
-206
-243
-285
-248
-271
-232
-222
-269
-238
-232
-220
-159
-112
-79
-50
-32
-19
0
59
104
133
163
187
244
261
285
270
265
298
290
289
309
248
215
180
162
221
232
293
304
279
313
324
337
318
273
245
253
257
302
343
316
300
253
197
138
82
52
3
-45
-140
-199
-273
-311
-332
-372
-369
-355
-353
-336
-343
-342
-347
-340
-354
-349
-383
-395
-397
-396
-382
-406
-385
-368
-282
-213
-164
-98
-26
1
56
130
201
243
320
354
355
379
342
336
287
237
169
133
107
104
34
-23
-48
-94
-51
-54
-50
-60
-60
-55
-83
-74
-52
-51
-8
-5
-11
13
-3
21
27
42
44
72
74
82
59
8
5
-21
9
16
17
2
-20
-34
13
42
42
67
81
88
116
101
85
84
74
93
57
47
30
17
5
7
-1
-13
38
0
2
-80
-114
-103
-170
-181
-215
-240
-253
-269
-308
-296
-279
-233
-230
-164
-119
-81
-43
-48
-16
10
12
53
77
84
118
135
130
144
140
120
132
104
141
135
104
122
113
137
169
174
215
257
272
261
236
197
141
128
92
107
132
106
96
69
88
69
94
111
88
114
117
131
86
20
-1
-32
-40
-36
-31
-4
-76
-133
-174
-237
-216
-228
-217
-164
-159
-120
-141
-194
-177
-210
-219
-257
-276
-262
-247
-162
-156
-108
-73
-116
-113
-106
-121
-120
-134
-105
-131
-123
-121
-111
-121
-137
-163
-186
-180
-206
-201
-227
-162
-134
-90
-114
-87
-48
-57
-29
-22
-4
28
55
71
116
115
130
161
177
213
213
216
213
197
218
246
269
263
275
254
253
271
235
211
261
290
295
298
298
326
269
275
240
236
234
216
194
135
91
61
61
32
34
-2
31
-27
-55
-66
-92
-88
-149
-166
-218
-260
-257
-319
-352
-361
-328
-329
-363
-343
-332
-296
-260
-220
-165
-96
-72
-54
-10
20
30
-14
-6
-6
14
-29
-11
29
37
54
41
42
32
30
52
95
117
152
97
88
132
73
71
84
86
77
91
102
127
130
111
127
130
130
132
163
183
173
209
230
246
215
226
203
190
234
173
100
66
53
37
-3
-14
-2
25
23
-26
-51
-35
-21
-57
-26
-41
-95
-97
-149
-159
-192
-230
-271
-265
-239
-258
-234
-244
-230
-233
-268
-300
-289
-333
-302
-304
-306
-315
-367
-383
-335
-286
-296
-282
-259
-197
-157
-113
-65
7
6
2
40
51
119
159
121
101
96
119
138
200
220
210
241
257
230
246
227
267
271
216
268
212
215
245
214
223
248
242
248
228
247
221
168
127
90
63
-25
-14
-55
-45
-32
-33
26
14
-4
-9
-21
-28
-23
-33
-25
12
-18
-53
-67
-74
-54
-55
-37
1
-29
-48
-73
-90
-69
-55
-30
-28
-22
-45
-65
-54
-90
-102
-118
-133
-99
-62
-91
-87
-58
-92
-75
-62
-25
-31
-52
-68
-113
-80
-105
-98
-77
-123
-141
-173
-224
-195
-189
-160
-110
-46
5
47
92
107
127
132
155
153
139
127
104
110
107
97
106
95
127
131
110
90
78
107
108
129
120
87
107
99
98
88
79
58
75
83
89
78
65
76
77
43
41
84
27
-20
-46
-76
-88
-82
-114
-174
-193
-209
-242
-228
-222
-225
-199
-211
-203
-146
-106
-114
-87
-92
-79
-67
-78
-67
-51
-62
-62
-59
-51
-82
-90
-105
-107
-77
-83
-57
-44
-30
-15
34
94
81
71
107
103
117
118
106
115
130
122
101
126
153
191
191
246
222
192
195
186
165
112
61
42
20
-11
-33
-26
10
10
15
30
61
88
97
66
58
40
19
25
28
65
57
25
-20
-3
22
11
10
-5
-16
11
7
13
6
6
4
53
60
53
41
39
55
-2
3
28
71
87
61
43
18
-42
-58
-103
-134
-107
-111
-79
-84
-82
-82
-93
-132
-165
-189
-199
-194
-159
-156
-179
-187
-194
-182
-165
-129
-108
-64
-38
-25
25
44
27
45
21
14
-7
2
55
75
110
114
84
54
59
14
-1
-27
-48
-31
-31
-26
-12
5
1
16
4
-43
-73
-55
-44
-32
4
43
106
171
196
200
205
234
198
187
171
148
124
66
57
56
44
30
39
29
-27
-61
-79
-121
-125
-149
-149
-157
-197
-154
-151
-112
-33
-29
-31
25
47
70
79
84
70
23
-13
-47
-33
-64
-84
-96
-77
-76
-54
-47
-46
-34
-18
-26
-43
-17
-46
-48
-32
-26
-41
-57
-28
-17
8
37
58
108
121
113
98
122
127
124
111
115
115
94
67
22
-9
-18
12
-5
-18
-75
-82
-76
-79
-30
-39
-37
-46
-78
-96
-139
-160
-146
-146
-77
-69
-57
-13
-67
-92
-108
-84
-44
5
33
39
25
14
10
27
23
-4
25
27
41
22
40
1
-49
-74
-81
-58
-32
42
56
84
96
122
127
111
114
105
78
11
19
6
11
44
54
89
93
112
137
118
116
105
62
40
64
69
47
62
41
39
57
61
68
53
61
72
78
82
89
86
82
55
40
80
95
80
85
77
67
38
-3
-35
-73
-91
-102
-144
-146
-172
-174
-168
-131
-104
-92
-82
-90
-98
-137
-113
-109
-93
-75
-92
-94
-114
-151
-146
-158
-132
-135
-176
-171
-158
-147
-118
-98
-64
-17
-17
10
34
31
52
80
67
90
106
106
129
132
129
84
54
69
44
24
18
-7
6
7
3
-6
-20
-3
-24
-73
-56
-37
-28
0
15
42
28
5
-9
-14
-12
-10
44
51
54
58
66
78
116
119
119
145
150
157
127
148
158
126
80
66
51
31
19
33
71
86
104
81
44
63
57
75
82
118
143
127
101
77
11
-31
-8
-36
-95
-96
-126
-186
-222
-263
-260
-257
-260
-261
-247
-224
-207
-237
-236
-229
-199
-170
-126
-105
-100
-64
-68
-47
-47
-55
-34
2
36
44
48
62
85
90
121
138
150
164
151
136
101
90
75
49
42
85
122
107
160
148
127
112
60
48
23
-23
-19
-52
-56
-48
-53
-50
-61
-78
-81
-78
-93
-62
-26
-7
-12
-1
-1
8
33
40
37
31
38
63
65
40
44
45
30
35
35
32
13
46
54
53
56
74
127
137
118
117
121
125
129
121
80
36
39
-29
-103
-108
-112
-110
-133
-171
-190
-252
-278
-269
-255
-225
-212
-203
-203
-205
-219
-222
-204
-182
-159
-167
-127
-75
-67
-8
25
58
85
75
103
104
134
159
171
193
224
218
202
196
206
184
189
170
123
132
107
83
51
21
26
8
-57
-99
-130
-131
-129
-124
-103
-91
-57
-69
-112
-107
-73
-62
-48
-35
-33
-24
-20
25
33
44
53
81
86
84
78
46
5
0
20
5
31
27
72
76
71
91
133
158
167
187
186
184
166
161
145
107
74
62
19
6
24
-3
-12
-51
-68
-60
-92
-111
-93
-111
-117
-119
-103
-79
-55
-42
-30
-20
-44
-38
-69
-93
-54
-2
31
56
44
33
36
33
38
48
55
52
54
46
34
11
19
-12
-50
-41
-70
-84
-108
-132
-128
-117
-83
-44
-6
3
-14
-47
-61
-99
-108
-100
-93
-68
-66
-33
-9
14
38
39
45
53
7
10
28
18
7
-53
-64
-80
-98
-94
-92
-87
-82
-95
-91
-50
-6
21
20
50
70
79
82
84
80
62
51
55
65
50
46
41
44
49
39
48
50
71
37
24
39
52
44
59
50
74
92
87
101
88
72
13
-2
14
53
67
58
57
46
58
52
53
63
9
1
0
11
7
-9
-24
-26
-50
-87
-85
-75
-59
-47
-47
-46
-63
-101
-99
-101
-105
-103
-97
-94
-74
-63
-57
-17
-28
-6
13
33
23
32
39
19
15
8
24
12
3
26
-1
-24
-25
-28
-9
8
-4
-28
-14
-46
-26
8
-9
-4
8
27
42
56
64
97
80
55
67
62
54
56
23
1
-14
-51
-73
-95
-104
-126
-141
-129
-143
-131
-111
-128
-99
-85
-47
-45
-51
-42
-69
-55
-14
39
69
69
93
108
82
73
101
99
85
38
8
8
-6
-9
1
-8
-11
-14
-17
-35
-41
-47
-50
-12
29
77
96
122
148
150
159
156
150
136
128
125
133
110
70
47
33
33
15
5
-22
-36
-68
-105
-102
-94
-81
-89
-90
-86
-53
-41
-45
-27
-21
-33
-16
-35
-52
-59
-85
-114
-102
-78
-56
-59
-60
-41
-41
-38
-15
-9
-1
10
21
14
11
7
-10
2
-35
-52
-63
-57
-53
-77
-82
-79
-65
-66
-76
-45
-24
-17
2
20
40
44
65
90
128
151
172
188
196
197
198
199
206
194
150
138
116
86
55
16
-12
-12
-36
-39
-9
22
21
18
15
31
45
67
112
119
135
99
100
77
50
34
0
-13
-53
-56
-48
-22
-34
-68
-72
-91
-107
-109
-141
-154
-151
-153
-174
-209
-170
-162
-142
-126
-119
-85
-63
-52
-37
-35
-43
-18
-19
-32
0
5
15
40
29
21
-3
-14
-6
-25
-31
-10
-12
3
23
27
45
75
121
133
138
130
102
89
64
66
44
-2
-33
-65
-99
-111
-122
-115
-104
-80
-52
-44
-11
-8
12
23
11
11
20
34
43
54
43
26
4
19
10
-7
-27
-65
-61
-80
-56
-53
-42
-34
-59
-49
-76
-78
-43
-15
3
31
58
80
122
138
133
138
141
147
133
124
85
41
34
25
11
-17
-31
-22
-19
-24
-11
-10
-58
-83
-69
-75
-52
-37
-34
-32
-40
-56
-78
-80
-69
-69
-69
-39
-7
15
12
21
31
35
60
49
48
26
1
-23
-23
-29
-43
-16
9
24
53
48
61
86
78
64
58
45
46
24
-11
4
-12
-19
-6
-10
-2
-27
-41
-60
-78
-80
-78
-95
-74
-8
-10
-2
10
34
65
46
47
13
8
-2
-34
-46
-45
-39
-49
-54
-59
-71
-85
-69
-67
-37
-25
-4
52
51
81
92
112
105
94
101
100
100
95
106
105
93
63
32
29
28
16
28
9
-8
-30
-65
-59
-73
-66
-37
-38
-42
-48
-32
-15
-9
-17
-24
-40
-31
-27
-29
-30
-22
-11
16
13
11
30
27
30
11
20
36
17
-14
-31
-36
-4
4
40
37
35
61
60
60
61
98
98
117
103
78
65
32
9
-21
-40
-64
-91
-100
-99
-84
-65
-70
-58
-49
-47
-48
-17
-5
-5
-15
-22
-10
-69
-110
-87
-121
-77
-44
-34
-34
-40
-30
-53
-43
-36
-41
-27
-11
-21
-13
-18
0
2
6
3
0
-2
23
42
32
54
52
62
80
100
104
121
111
114
110
107
118
107
87
80
71
60
57
41
58
54
23
11
8
-25
-57
-60
-39
-22
12
31
56
85
74
95
61
40
11
-19
-21
-52
-50
-54
-55
-74
-75
-74
-83
-76
-94
-104
-139
-137
-124
-116
-112
-79
-62
-56
-52
-44
-36
-42
-26
-46
-56
-85
-91
-80
-83
-53
-38
-56
-39
-36
-34
-33
-46
-48
-51
-38
-23
3
10
10
23
34
41
63
72
87
83
74
72
59
58
69
94
95
86
87
87
86
71
69
53
33
25
10
5
-7
6
8
-16
-10
-33
-11
-16
-15
-4
-7
0
-21
-38
-31
-18
20
31
34
50
42
39
40
39
20
23
26
27
36
43
40
50
31
8
23
28
22
4
-15
-23
-25
-52
-41
-22
-31
-17
-9
-6
3
-3
-14
-42
-63
-32
-24
-13
-3
-13
-20
-26
-36
-24
-19
-10
25
39
57
74
64
37
26
12
-12
11
-6
-21
-19
-24
-29
-43
-31
-16
-32
-20
-16
-18
3
-16
1
-12
-7
-24
-33
-37
-70
-59
-64
-64
-68
-73
-87
-80
-67
-76
-67
-77
-42
-31
-37
-23
-25
-31
-16
-15
-2
16
12
13
13
10
30
26
64
82
87
86
90
97
83
103
83
61
52
54
62
78
75
77
79
96
105
91
120
114
112
114
76
72
56
28
15
14
11
21
13
13
7
6
-3
14
6
-1
-11
-18
-17
-40
-51
-59
-68
-79
-77
-97
-81
-70
-55
-40
-35
-16
-6
-1
3
27
10
-4
-7
-15
-44
-69
-80
-88
-85
-80
-94
