0
2
2
6
8
5
4
-1
-6
-10
-14
-14
-11
-8
-8
-6
-9
-7
-10
-12
-11
-12
-14
-20
-19
-21
-25
-27
-24
-26
-28
-24
-27
-24
-24
-21
-21
-17
-13
-12
-5
-1
1
6
9
11
9
13
15
16
17
20
26
27
33
38
38
38
36
37
35
35
34
33
37
33
35
32
29
30
28
22
24
27
22
21
14
10
7
2
-1
-3
-3
-2
-3
1
0
0
-1
-2
-3
2
3
3
3
2
6
5
5
3
6
11
9
9
7
0
0
-2
-4
-7
-12
-15
-17
-23
-21
-24
-22
-27
-32
-29
-32
-32
-32
-30
-25
-27
-29
-28
-31
-36
-35
-35
-34
-31
-30
-24
-25
-20
-19
-18
-18
-18
-11
-10
-7
-5
-4
-5
-1
-1
6
5
4
12
17
20
21
26
29
29
31
31
35
34
32
34
30
28
24
25
19
17
13
12
14
12
11
5
3
3
-2
0
-2
-3
-5
-7
-10
-13
-15
-19
-19
-19
-17
-18
-20
-17
-18
-23
-22
-23
-25
-24
-20
-17
-14
-12
-11
-10
-8
-4
-2
-1
0
6
7
13
14
14
17
18
21
24
18
17
16
16
16
17
18
14
11
15
13
13
14
10
13
12
13
11
8
5
-3
-6
-9
-11
-10
-10
-9
-10
-9
-8
-9
-5
-2
3
4
8
10
8
6
1
1
1
4
4
4
5
6
8
6
1
-3
-2
-5
-4
-7
-6
-7
-6
-5
-1
4
7
8
4
6
5
3
4
3
3
2
2
4
5
10
8
5
-3
-3
-2
-5
-6
-5
-3
-6
-9
-8
-7
-7
-9
-9
-10
-8
-9
-7
-3
-5
-4
-4
-3
-2
-6
-3
-4
-2
-1
-3
-2
-6
-4
-6
-4
-3
-3
-4
-5
-6
-6
-5
-8
-9
-9
-9
-8
-7
-8
-7
-12
-14
-14
-16
-16
-14
-11
-11
-12
-13
-9
-6
-7
-6
-1
-1
-2
3
2
0
-1
-2
-2
0
2
3
6
7
8
9
12
11
16
16
15
23
25
26
26
26
22
22
18
17
16
14
13
18
13
16
16
16
18
20
24
28
29
29
28
25
28
27
27
23
19
17
15
12
4
-3
-5
-10
-8
-9
-9
-11
-16
-18
-20
-20
-20
-22
-23
-23
-24
-24
-24
-22
-22
-18
-14
-19
-15
-14
-11
-9
-8
-8
-6
-3
-3
-2
0
-2
-2
-1
-2
1
1
-1
-5
-6
-7
-8
-7
-4
-5
-5
-7
-13
-14
-16
-16
-18
-20
-22
-27
-27
-29
-32
-31
-32
-31
-29
-31
-31
-28
-26
-21
-19
-13
-8
-11
-9
-6
-4
1
-1
5
9
9
7
9
10
12
8
2
4
6
8
8
12
12
10
14
18
20
27
24
27
30
32
33
33
36
37
38
40
40
38
41
38
34
33
33
34
33
29
28
26
25
22
20
18
16
16
13
10
7
4
0
-2
-5
-3
-5
-4
-3
-1
-3
-4
-5
-7
-9
-9
-7
-9
-13
-15
-15
-17
-17
-20
-21
-23
-24
-23
-22
-19
-17
-12
-12
-13
-11
-10
-14
-15
-14
-12
-13
-12
-9
-5
-8
-11
-14
-13
-16
-15
-14
-7
-6
-5
-2
-3
-3
-5
-3
-4
-4
-2
-4
-4
-7
-12
-12
-11
-13
-12
-17
-20
-19
-20
-17
-16
-13
-10
-9
-7
-2
-1
1
1
-5
-5
-6
-2
0
-2
-2
-1
-1
-2
-1
1
1
-1
-2
5
9
11
7
10
8
9
11
12
17
10
10
13
15
17
15
17
21
24
25
30
35
29
28
31
30
28
27
23
24
24
21
20
13
11
8
6
-1
0
1
0
2
2
2
-5
-4
-6
-3
-5
-4
-6
-10
-12
-15
-16
-18
-19
-19
-24
-27
-27
-28
-30
-28
-29
-29
-26
-22
-15
-12
-8
-4
-5
-2
0
2
8
7
9
7
6
8
8
16
22
25
25
30
30
31
28
29
30
25
25
29
33
30
28
26
22
22
16
14
16
8
1
-5
-6
-11
-12
-15
-18
-21
-22
-23
-23
-27
-29
-29
-32
-32
-33
-34
-31
-30
-24
-27
-27
-21
-21
-19
-21
-18
-15
-15
-14
-12
-7
-6
-4
-2
-6
-6
-6
-2
-2
-3
-3
-7
-8
-7
-6
-5
-8
-9
-12
-9
-4
-4
-1
0
0
0
-2
2
1
4
9
6
5
4
4
5
7
9
13
7
7
4
4
4
2
5
5
4
7
4
1
3
2
4
7
8
5
7
6
0
-3
-3
-4
-3
-1
-3
3
12
14
16
16
13
11
9
13
15
14
14
13
9
14
18
26
30
32
30
28
31
32
24
22
19
16
7
6
6
2
-2
-8
-9
-19
-17
-15
-21
-22
-20
-21
-19
-15
-11
-9
-6
-3
4
11
8
3
-3
-4
0
2
6
2
-2
-4
2
-1
-1
0
2
2
3
6
2
4
6
3
2
-6
-8
-8
-6
-5
-4
-7
-11
-12
-10
-13
-13
-8
-6
-7
-4
-3
0
-1
-5
-5
-7
-6
-4
3
0
-2
0
-2
-7
-16
-13
-16
-18
-24
-23
-16
-17
-18
-19
-22
-28
-25
-18
-12
-15
-4
2
-3
-2
-1
-9
-7
-1
4
7
13
11
10
10
-5
-8
-6
-4
0
0
-3
-4
-4
0
8
11
19
25
25
21
16
17
15
18
18
26
31
35
34
31
28
15
16
12
8
1
-2
-6
-6
-3
-8
0
2
1
2
6
6
-1
-6
-6
4
7
-1
8
6
9
17
10
9
7
10
12
16
24
24
27
24
16
8
3
7
14
24
28
22
17
10
3
-1
-8
-8
-7
-17
-24
-21
-19
-25
-24
-29
-28
-24
-24
-26
-25
-25
-26
-28
-38
-43
-45
-36
-36
-33
-31
-27
-22
-25
-29
-29
-27
-19
-7
4
1
-8
-10
-11
-13
-16
-15
2
12
5
9
6
5
9
17
25
33
33
30
29
30
29
16
13
22
27
21
18
7
1
-4
4
12
12
14
25
42
51
53
48
42
33
24
17
12
15
3
1
-6
-20
-34
-58
-70
-78
-72
-66
-55
-52
-61
-60
-67
-62
-56
-61
-63
-66
-61
-56
-45
-29
-28
-21
-14
6
14
18
18
17
11
8
21
67
102
95
84
66
63
34
59
-72
-332
-482
-200
135
295
393
414
258
-9
-115
-143
36
426
625
416
145
118
37
-181
-272
-200
-16
150
287
224
88
-114
-382
-485
-338
-4
224
287
205
54
-47
-171
-214
-164
55
256
313
238
37
-162
-392
-461
-389
-180
-18
13
8
-76
-198
-344
-353
-254
-113
64
181
161
62
-63
-169
-213
-146
-48
46
92
72
-2
-113
-183
-243
-242
-144
-23
96
123
90
-2
-52
-40
32
156
287
351
308
230
130
31
2
58
145
209
253
288
235
136
58
23
67
151
241
274
247
147
87
85
93
114
167
195
187
145
70
-30
-121
-186
-135
-55
0
-4
-70
-132
-204
-218
-195
-102
-29
-10
-54
-99
-207
-477
-815
-1149
-1235
-1081
-758
-439
-243
-173
-230
-352
-440
-309
19
401
624
711
724
622
421
168
-15
-26
149
380
488
431
310
85
-145
-292
-199
-11
169
279
353
439
393
345
270
356
532
782
970
1003
925
725
456
175
39
23
90
149
178
88
-27
-183
-360
-437
-405
-325
-234
-153
-109
-81
-158
-230
-290
-341
-252
-21
230
264
205
-59
-411
-785
-1205
-1686
-2321
-2778
-2774
-2046
-1052
-343
-263
-503
-671
-777
-682
-215
723
1767
2192
1805
1084
709
605
415
107
14
598
1268
1400
760
-99
-783
-1199
-1239
-909
-222
492
900
821
529
481
571
786
1182
1978
2787
3148
2847
2083
1337
808
579
405
480
735
616
160
-446
-1078
-1474
-1558
-1262
-883
-458
-175
-191
-442
-551
-434
-270
-1
344
623
621
472
90
-367
-708
-902
-1041
-1123
-1099
-1096
-1311
-1755
-2307
-2579
-2488
-2063
-1576
-1118
-955
-1146
-1493
-1999
-2424
-2594
-2450
-1771
-858
-14
541
777
675
359
126
239
883
1680
2196
2290
1949
1406
990
951
1093
1365
1714
2061
2203
2121
1835
1313
993
970
1102
1355
1613
1830
1803
1485
1183
1113
1359
1517
1590
1501
1379
1172
803
401
-106
-390
-583
-624
-678
-599
-830
-1123
-1342
-1474
-1447
-1504
-1386
-1268
-1081
-1105
-1194
-1268
-1316
-1359
-1150
-846
-598
-471
-318
-345
-717
-1377
-3092
-5731
-8079
-7076
-2909
1789
3661
2592
403
-1024
-1582
-1950
-1011
2320
6417
7662
4827
1141
-380
237
-109
-1981
-2508
470
4872
6177
3626
-501
-2952
-3505
-3341
-2589
-584
2783
5034
4330
1363
-1265
-1833
-962
699
2341
4397
5931
6129
3737
-963
-4590
-4745
-2240
-643
897
2708
3246
1229
-1934
-4774
-5683
-2990
359
1302
1445
2459
2222
-472
-2575
-3211
-2630
-914
1055
1883
1982
1907
-181
-3038
-3970
-2798
-1111
361
1384
888
-253
-1409
-2379
-2765
-1842
-314
342
975
1119
739
-367
-1075
-1014
-162
1184
1801
1158
-2218
-7257
-10573
-7747
-1283
3699
4447
2522
503
-949
-2576
-4060
-1960
4402
9512
8578
3555
1047
2434
3468
275
-4321
-3919
2330
8339
8074
3120
-1551
-3574
-4415
-5509
-5186
-1783
3565
6340
4408
90
-3033
-3353
-2613
-1346
766
4426
7513
7014
3144
-1100
-2815
-2730
-1975
-1188
503
2724
3569
1194
-3014
-5631
-5679
-4514
-3049
-1166
924
1876
984
-1188
-2783
-2591
-1305
257
1817
3573
4347
3556
1699
-321
-1636
-1606
-61
1743
2957
2603
627
-1775
-3064
-2952
-2535
-1934
-1127
-420
-339
-932
-1806
-2341
-2013
-1082
296
1831
2970
3013
2037
521
-760
-1764
-3052
-5117
-6590
-5818
-3320
-835
51
-464
-1562
-2456
-3246
-3274
-1085
3030
6147
5976
3578
1820
2017
2876
2349
1045
1084
2923
4655
4324
2197
-431
-2400
-3697
-4352
-3771
-1766
592
1529
976
-271
-994
-734
158
1412
3044
5303
6704
6290
4616
2871
1365
277
344
1048
1776
2277
1685
-597
-3377
-4917
-5393
-4821
-3211
-1319
20
693
594
-418
-1053
-883
-87
1200
3021
4455
4415
3232
1479
-154
-1414
-1932
-1735
-1082
-706
-1228
-2459
-3881
-4727
-4684
-3924
-2769
-1374
102
719
366
-377
-933
-1134
-802
-336
-1846
-5227
-7832
-6473
-2517
470
395
-1378
-2243
-2041
-2574
-4029
-3060
1963
6920
7340
3782
1392
2604
4591
3340
-133
-819
2774
7086
7313
3797
-168
-1967
-2272
-2832
-3037
-1558
1697
4119
4101
2113
317
179
941
1938
3048
5019
7219
7828
6005
2218
-1210
-2569
-2077
-1434
-771
1045
2483
1468
-1831
-4947
-6332
-5500
-3413
-1844
-704
529
864
-728
-2566
-3114
-2929
-2138
-811
763
2110
2552
1171
-1683
-3735
-4060
-3102
-1727
-274
600
186
-869
-2130
-3142
-3307
-2519
-1056
338
897
171
-833
-1293
-1238
-748
-100
671
1457
2436
2762
2263
1347
306
-748
-1466
-1591
-1337
-1456
-2928
-5756
-7215
-5112
-969
2134
2735
2011
1317
1063
509
208
2028
5859
8340
6883
3455
1635
2430
3260
1660
-870
-1010
1891
4572
4320
1563
-1302
-3146
-4160
-4612
-3913
-1449
1703
3437
2727
834
-271
12
1058
2237
3500
4834
5464
4857
2509
-185
-2829
-5148
-6316
-5354
-3226
-1464
-555
-1620
-4122
-6338
-6360
-4917
-2391
1138
3520
3659
2590
1715
984
354
297
505
1551
2834
3287
1917
-323
-2861
-5190
-5736
-4347
-2025
-397
203
-266
-970
-1046
-760
-253
678
2315
3668
4088
3621
2536
1375
102
-478
-256
729
1558
1351
314
-963
-1891
-2651
-3237
-4906
-8017
-10406
-8193
-1903
3875
5358
3072
373
-794
-1415
-2148
-612
4622
9795
9579
4236
-419
-450
1505
576
-2975
-3992
289
6121
7692
3730
-1649
-4584
-5010
-4716
-3765
-1012
3277
6282
5377
1356
-2419
-3294
-1608
1002
3091
5040
7254
7989
5605
650
-3336
-4109
-3766
-4321
-3850
-485
2493
2426
-462
-4566
-7314
-6418
-3793
-1695
1681
5691
5839
2170
-751
-1626
-1961
-1234
229
1739
3590
4410
2459
-1107
-3341
-4497
-4764
-3040
-132
1644
1488
241
-1291
-1808
-1264
-561
298
1922
3626
3419
1615
-212
-1142
-1361
-1432
-1036
-159
1037
1279
208
-1164
-2065
-2200
-2064
-1879
-3286
-6254
-8965
-8038
-3264
1726
3281
1303
-830
-1397
-1449
-2159
-1939
1478
6285
8225
5458
1676
1005
2740
2779
-259
-2324
131
5639
8733
6511
1261
-3014
-4610
-4637
-3786
-2058
537
2882
3158
1367
-893
-1382
-46
1979
3868
5862
8128
9099
7685
3703
-237
-3166
-4806
-5138
-3485
-1270
-217
-701
-3050
-6177
-8030
-6999
-4574
-1396
2048
3730
3115
1991
1709
1138
628
638
989
2172
3845
4302
2005
-1290
-4324
-6042
-5861
-4172
-2200
-920
-432
-1342
-2617
-2825
-1616
248
1913
3174
3482
3315
2801
1747
480
-585
-823
-749
-219
-1
-154
-689
-1386
-2528
-3942
-4559
-4339
-4203
-5621
-7829
-7930
-4276
1147
4001
3283
1262
356
329
-94
-233
2052
6384
8744
6854
3288
1979
2837
2616
147
-1735
109
4378
6656
4788
572
-2770
-4149
-4172
-3273
-1364
1204
3209
3953
3346
2339
1549
1290
1875
3334
5356
7023
7366
5498
2051
-1842
-5119
-6587
-5624
-3439
-1830
-915
-1074
-3221
-6160
-7774
-7582
-5831
-2465
768
2254
2510
1870
389
-817
-605
298
1724
3617
4792
4243
2319
-400
-3297
-4821
-4385
-3060
-1863
-768
-482
-1224
-2222
-2977
-2960
-1366
1521
4150
5221
4701
3005
795
-606
-662
365
1787
2939
2502
942
-850
-2171
-2917
-3010
-2860
-2908
-3445
-5295
-8104
-9219
-6515
-1636
1775
2328
1333
926
1091
559
-140
1600
5862
8679
7404
4044
2441
3139
3315
689
-2273
-1596
2554
5703
4760
1228
-2009
-3492
-3791
-3614
-2729
-442
2488
4115
3924
2826
1796
1160
1275
2406
4358
6562
7431
6170
2819
-790
-3580
-5870
-6927
-6182
-3950
-2629
-2071
-2872
-5089
-7253
-7505
-6246
-4107
-451
2767
3679
3379
2992
2539
1994
2124
2280
2990
4217
4780
3966
1879
-878
-4005
-5619
-5334
-3765
-2015
-1153
-1464
-2673
-3127
-2577
-1111
629
2387
3748
4047
3605
2685
2067
1540
1159
848
613
518
279
76
-572
-1685
-3121
-4230
-4702
-4432
-4144
-5286
-7552
-8405
-5787
-1182
2270
3160
2106
741
-226
-1306
-1659
891
5854
8785
6990
2740
415
1197
2424
1758
394
1415
4733
7075
5931
2425
-948
-2925
-3763
-3874
-2773
-398
2155
3222
2480
781
-591
-634
749
3204
5952
7948
8020
5971
2731
-76
-2819
-5217
-5934
-4361
-2462
-1286
-1046
-2993
-6153
-8198
-8336
-6978
-3204
1394
3386
3326
2902
2427
1536
1072
1260
2042
3864
4963
4185
1975
-515
-3536
-6388
-7401
-6480
-4097
-1686
-655
-1602
-2957
-3247
-2561
-941
1376
4034
5825
6158
4768
2361
491
-191
340
1032
1132
180
-774
-1137
-1529
-2710
-4154
-4646
-4191
-3399
-3097
-3975
-6037
-7414
-5844
-1641
2519
4333
3778
2357
1163
197
-107
1379
4875
7558
7090
4281
2375
2749
3310
1944
-24
487
3527
5991
5319
2590
-142
-2198
-3885
-4566
-3265
-499
1986
2874
2546
1869
1357
996
1206
2391
4320
5976
6291
4965
2285
-760
-3105
-5606
-7485
-7181
-4920
-3541
-3200
-3640
-5646
-7553
-7453
-5916
-3440
676
4135
4627
4204
3826
2924
1875
1952
2447
3114
3845
3265
1572
-386
-2687
-5836
-7510
-6178
-3184
-603
-43
-1076
-2121
-1668
-144
1391
3068
4411
5269
4857
3765
2513
1376
688
22
-350
-682
-631
-878
-1323
-1828
-2734
-3572
-4087
-3807
-3466
-3111
-3577
-5688
-7753
-7029
-2891
1870
4419
3970
2208
1314
879
309
452
2910
6314
7348
5350
2602
1806
2031
1368
-297
-684
1514
4073
4853
3471
1145
-1415
-3402
-4038
-3012
-554
1816
3047
2932
2327
1460
706
606
1434
3045
4522
5158
4234
2054
-596
-3058
-5979
-7547
-6402
-3725
-2325
-1782
-2056
-3879
-5219
-5134
-4179
-2197
1704
4657
4913
4443
3671
2649
1609
1391
1312
2137
3281
2623
842
-1229
-3165
-5405
-5986
-4550
-2191
-136
268
-495
-1396
-1098
-268
723
2176
3542
4439
3932
2582
956
-276
-1277
-2482
-2763
-2076
-758
-331
-721
-1770
-3073
-4005
-4290
-3847
-2958
-1865
-1962
-4084
-6546
-6837
-3658
682
3473
3673
2572
1906
1113
193
12
2312
5589
6923
5646
3890
3748
4028
3309
1626
1387
3574
6039
6609
4812
2192
-501
-2627
-3705
-3336
-1574
78
816
672
342
32
-446
-659
244
2414
4558
5141
3833
1852
-102
-1470
-3654
-5965
-6468
-4599
-3221
-2932
-3277
-4784
-6042
-6341
-5786
-4482
-871
2943
4013
3525
2835
2411
2193
2658
2897
2848
3126
2659
1508
-2
-1606
-3700
-4822
-4227
-3044
-1929
-1437
-1437
-1956
-1898
-914
294
1591
2348
2899
2843
2939
2610
1505
47
-1360
-1501
-777
281
369
-382
-1227
-2149
-2913
-3378
-2996
-2195
-1338
-1105
-2257
-4046
-5942
-6360
-4438
-419
2943
4325
3902
2247
633
-229
497
2728
6046
8384
7828
5780
4285
3960
3178
1772
959
1939
3890
4449
3165
823
-1317
-3303
-4984
-5566
-4327
-1637
850
2266
2333
1819
977
246
349
1404
2990
4017
3765
2357
-4
-2315
-5019
-7601
-8556
-7470
-5884
-4734
-3057
-2791
-3511
-4087
-3879
-2917
-255
3630
5680
6058
5596
5016
4002
2771
1721
570
575
581
254
-785
-1909
-3309
-4906
-5336
-4512
-2603
-789
493
1209
1502
2154
2778
3591
4395
4966
4576
3262
1788
-173
-1735
-2777
-2529
-1736
-1092
-1519
-3034
-3966
-4069
-3428
-2534
-1156
-69
419
293
-885
-2993
-5691
-6851
-5008
-351
3545
4432
2907
769
-763
-1787
-1765
237
4232
7914
8327
5851
3271
2491
2327
1600
1042
2053
4688
6517
5722
2543
-968
-3800
-5720
-6043
-4438
-1373
1011
1624
834
-375
-1367
-2226
-1922
-186
2638
4971
5525
4043
913
-2202
-4068
-4208
-3810
-3270
-3112
-3069
-3210
-3921
-4981
-5292
-4249
-2346
-152
1925
3625
4576
4618
3776
2816
2456
2832
3104
2637
1711
589
-579
-1812
-2619
-2956
-3045
-3076
-2870
-1976
-678
636
1189
1185
1153
1489
2138
2633
2469
1281
-294
-1625
-2157
-1847
-1297
-1156
-1596
-2233
-2913
-3098
-2310
-1086
-166
302
350
-223
-1012
-2015
-3624
-5553
-5937
-3743
67
3072
3487
1796
261
-136
-243
-49
1731
5514
8841
8808
5505
2400
1742
2210
1701
914
1984
4446
5364
3314
-232
-3015
-4121
-4508
-4361
-3191
-1151
340
413
-288
-994
-1423
-1642
-1068
821
3566
5236
4607
2467
-60
-2116
-3773
-4443
-4215
-3760
-3807
-4400
-4851
-4810
-4184
-3626
-2634
-1099
748
2164
2870
3356
3730
4131
4091
3571
2727
2014
1205
339
-156
-477
-881
-1553
-2184
-2570
-2272
-1564
-613
272
827
1191
1651
2111
2324
2432
2271
1569
269
-1042
-1487
-895
-174
-235
-999
-2073
-2973
-3425
-3142
-2062
-309
1005
1242
596
-414
-1357
-2143
-3072
-4156
-4924
-4290
-2033
861
2145
1558
396
-243
-304
-49
1146
3941
7243
8208
5897
2737
1410
2041
2333
1460
902
2054
3541
3022
771
-1579
-2884
-3787
-4521
-4383
-2751
-395
656
-61
-1346
-1953
-1554
-686
491
1845
3259
3690
2639
965
-725
-2087
-3207
-3406
-3047
-2686
-2277
-1848
-1600
-1836
-2235
-2223
-1156
802
2243
2803
3064
3466
3485
3152
2524
1864
1785
1847
1969
1594
867
-201
-1337
-1985
-2270
-1905
-1093
141
838
609
-27
-437
-71
623
1188
1022
285
-697
-1707
-2110
-1956
-1484
-1256
-1543
-2362
-3311
-3480
-2770
-1313
149
797
543
-46
-91
73
-64
-847
-2044
-3654
-5473
-5692
-3644
-322
1806
1940
600
-535
-573
243
2206
5026
7394
7549
5346
3110
2426
2932
2425
970
97
1218
2952
3026
1223
-1488
-3765
-5526
-5901
-4128
-1126
1101
1160
149
-622
-512
-58
483
1669
3355
4810
4842
3623
1502
-1094
-3607
-5001
-4491
-2849
-1129
-179
-319
-1264
-2221
-2465
-1781
53
2320
4099
4987
4971
4157
2818
1733
1008
732
1049
1285
1051
151
-930
-2197
-3285
-3700
-3399
-2487
-1259
-179
71
-235
-655
-832
-501
247
1115
1482
1114
98
-1261
-2397
-3069
-3324
-3414
-3238
-2970
-2468
-1976
-1683
-1653
-1780
-1451
-541
648
1404
1616
1149
240
-1157
-2949
-5113
-6056
-4516
-705
2905
4169
3210
1346
96
-551
-184
1832
4981
7239
6811
4718
2903
2375
1765
543
126
1488
3849
4709
3507
879
-1700
-3389
-4199
-3627
-2030
-229
673
661
188
-226
-438
-904
-778
292
2180
3389
3209
1892
-246
-2205
-3118
-2586
-1377
-145
628
727
273
-624
-1227
-1376
-580
630
1384
1630
1545
1519
1480
1235
470
-265
-318
57
240
-102
-683
-1463
-2261
-2851
-2924
-2244
-1237
-404
-305
-806
-1371
-1412
-947
-344
241
585
418
-268
-1362
-2392
-2746
-2494
-2032
-1486
-1165
-1284
-1424
-991
-308
271
743
1031
1237
1368
1436
1068
660
-4
-1377
-3559
-5320
-4628
-1556
2401
4464
3940
2017
533
-177
-406
416
2735
5788
7106
5827
3240
1422
1326
1357
836
491
1578
3282
3701
2299
-165
-2262
-3733
-4292
-3768
-1820
649
1806
1190
-240
-1152
-1653
-1810
-1251
236
1913
2494
1434
-153
-1308
-1851
-2079
-1627
-266
1190
1729
1172
305
-334
-612
-631
-364
177
686
848
436
-202
-819
-1428
-1813
-1647
-739
183
384
-128
-952
-1525
-1636
-1241
-724
-211
240
398
328
-107
-735
-1381
-1501
-1046
-432
-151
-491
-1227
-2167
-2671
-2654
-2205
-1586
-997
-420
430
1495
1917
1490
927
772
918
1164
1529
1951
2316
1969
537
-1692
-3678
-5100
-4934
-3027
118
2699
3209
1958
-188
-1374
-1424
-9
2605
5510
7007
5997
4123
2526
1779
780
-441
-468
1277
3845
4519
2966
-5
-2689
-4406
-4785
-3302
-865
1355
1717
446
-1092
-2105
-2765
-3423
-2943
-949
1808
3711
3566
1977
22
-857
-802
10
1335
2462
2669
1530
100
-1107
-1855
-2167
-2128
-1604
-977
-465
-679
-1245
-1867
-2287
-2005
-1190
31
743
692
-49
-667
-693
-548
-592
-743
-503
-85
9
-299
-995
-1587
-1759
-1392
-960
-782
-743
-754
-814
-1024
-1245
-1240
-825
49
971
1679
2160
2318
2322
2047
1726
1378
1486
1883
2294
2260
1548
431
-566
-1130
-1852
-3225
-4478
-4256
-2127
919
2757
2411
662
-846
-1568
-1354
127
2620
4798
4832
2872
794
160
697
711
237
356
1815
2934
2401
621
-1205
-2446
-3286
-3666
-3185
-1637
-370
-588
-2030
-3385
-3650
-3128
-2042
-278
1744
3253
3683
3194
2447
2084
2184
2237
2292
2238
1773
771
-266
-844
-1311
-2054
-2830
-2997
-2091
-1063
-545
-736
-934
-815
-501
210
1162
2106
2436
2092
1275
537
192
55
79
-184
-525
-885
-1082
-1099
-1203
-1631
-2313
-2448
-1840
-686
233
373
-16
-418
-560
-538
-185
579
1382
1843
1686
1216
776
608
578
445
395
563
764
622
208
-266
-649
-1057
-2134
-3320
-4302
-3908
-2408
-329
825
533
-520
-1721
-2319
-2453
-1160
1324
3888
5085
4195
2670
1626
1809
1990
2023
2451
3570
4480
3642
1704
-758
-2649
-3808
-4156
-3553
-2575
-1625
-1406
-1777
-2090
-2037
-1785
-1158
546
2969
5394
6592
6330
4783
2728
949
-15
294
1068
1172
224
-937
-1923
-2916
-3901
-4176
-3542
-2222
-946
-286
77
464
749
425
-11
-59
420
1234
1717
1561
640
-631
-2029
-2905
-2862
-2204
-1389
-761
-607
-1093
-1827
-2211
-1962
-1125
-289
195
491
692
862
548
-248
-914
-848
20
1054
1817
1955
1533
700
-7
-243
58
673
1218
1503
1324
836
224
-158
-322
-788
-1828
-3311
-4338
-4185
-2880
-1263
-269
-206
-798
-880
-281
892
2315
3508
4385
4575
4322
3817
3367
2943
2046
992
286
532
1085
807
-450
-2143
-3333
-3830
-3621
-2917
-1900
-873
-228
148
485
1150
1841
2141
2347
2754
3341
3361
2509
1137
47
-652
-936
-923
-866
-831
-1119
-1674
-2181
-2035
-1409
-687
28
428
476
383
269
276
199
121
48
-16
-44
-147
-426
-936
-1301
-1306
-955
-429
8
271
301
19
-522
-855
-816
-345
331
831
969
380
-556
-1220
-1207
-658
37
574
812
850
782
587
249
51
213
543
698
746
849
674
55
-842
-1738
-2257
-2662
-2856
-3278
-3719
-4388
-4745
-4211
-2518
-612
481
826
1027
1365
1930
2426
2725
2987
3143
2706
1990
1622
1728
1461
678
-255
-469
187
961
1146
491
-254
-875
-1202
-594
768
1890
2280
1829
804
-20
-120
338
804
1395
1952
2108
1556
859
149
-325
-118
327
679
1084
1667
1566
555
-574
-1580
-1665
-1142
-519
-614
-1127
-1663
-2250
-2785
-2836
-2218
-1304
-543
-381
-646
-746
-405
8
294
762
1299
1448
1151
454
-319
-771
-665
-398
-152
-322
-965
-1628
-2025
-1914
-1408
-516
261
788
1221
1501
1702
1778
1715
1249
657
479
675
751
359
-603
-1808
-2533
-2687
-2273
-1541
-992
-1153
-2037
-2755
-2862
-1978
-631
1067
2185
2306
1643
927
568
405
464
833
1649
2527
2463
1600
604
297
235
329
677
1745
2970
3265
2357
924
197
46
-10
-177
-385
-443
-811
-1694
-2576
-2739
-2095
-1277
-488
198
973
1459
1525
1313
1364
1775
2066
1758
1478
1635
1518
560
-889
-2178
-2748
-2672
-2421
-2136
-1993
-1869
-1883
-1882
-1534
-963
-77
766
1088
1135
1258
1503
1504
1298
982
543
186
40
55
18
-160
-581
-1101
-1424
-1444
-1177
-561
188
792
1098
962
568
302
326
615
544
7
-419
-695
-820
-1036
-1353
-1696
-1898
-1878
-1642
-914
14
666
760
395
-75
-611
-1257
-1805
-2002
-1983
-1958
-1741
-1230
-1028
-1296
-1875
-1879
-1130
87
1269
2242
3188
3680
3603
3042
3007
3507
4026
4328
4215
3863
2970
1579
-44
-1378
-2263
-2924
-3240
-3090
-2398
-2026
-2312
-2714
-2265
-717
874
2139
3063
3867
4352
4342
3706
2925
2507
2251
1789
1065
241
-890
-1953
-2794
-3350
-3397
-2865
-2131
-1747
-1466
-1227
-716
-144
465
943
1054
1080
1059
1125
1214
881
57
-846
-1159
-1075
-790
-580
-624
-762
-928
-861
-530
61
383
325
77
-56
29
-92
-485
-1157
-1662
-1839
-1885
-1990
-2093
-2136
-1850
-1350
-835
-346
-137
187
442
711
943
1359
1672
1677
1172
-73
-1170
-2429
-3259
-3887
-4082
-3704
-2816
-1383
-635
-305
-312
90
1015
2169
3505
4613
5705
6031
5616
4624
3841
3224
2551
2073
1714
1299
415
-753
-1997
-3004
-3430
-3408
-2952
-2290
-1567
-909
-477
62
833
1859
2544
2849
2936
3189
3285
2976
2419
1479
606
-348
-1194
-1836
-1901
-1594
-1632
-1893
-1975
-1628
-1174
-856
-728
-501
-6
491
810
832
778
394
-286
-940
-1214
-1227
-1091
-944
-844
-522
5
532
852
945
825
544
324
263
254
17
-604
-1360
-2031
-2438
-2794
-2961
-2782
-2243
-1611
-1055
-585
-107
522
1076
1310
1237
1348
1813
2177
2034
1501
795
107
-343
-707
-1102
-1728
-2678
-3614
-4221
-4253
-3907
-3216
-2334
-1419
-425
671
1589
2220
2717
3100
3346
3664
3837
3934
3672
2992
1859
868
524
549
438
81
-202
-273
-304
-505
-639
-436
164
743
928
1017
1108
1233
1241
1462
1515
1510
1420
1056
680
493
556
485
455
391
163
151
324
666
492
90
-477
-818
-687
-489
-553
-903
-1114
-1456
-1740
-2148
-2339
-2355
-2322
-1961
-1343
-590
36
287
285
224
440
705
874
891
700
95
-839
-1679
-2317
-2689
-3026
-3108
-2897
-2415
-1874
-1351
-967
-578
-216
65
511
999
1584
1906
1933
1703
1260
795
221
-49
-75
24
-176
-716
-1249
-1598
-1557
-1417
-1044
-947
-901
-980
-1079
-799
-285
473
1094
1524
1768
1909
1908
1873
1946
1914
1892
1959
2327
2574
2515
2095
1622
1406
1363
1539
1692
1904
1883
1406
654
-31
-324
-401
-451
-566
-974
-1635
-2291
-2416
-2325
-1815
-989
-186
530
1031
1305
1248
1268
1310
1165
848
801
836
406
-341
-1431
-2356
-2908
-3067
-3092
-2953
-2306
-1840
-1669
-1738
-1553
-985
-27
1042
1867
2414
2539
2288
1656
1083
762
481
317
58
-340
-901
-1549
-2076
-2468
-2563
-2261
-1668
-948
-227
288
680
943
1113
1230
1469
1722
1839
1711
1415
1030
559
104
-575
-1004
-1133
-943
-873
-837
-756
-597
-651
-1060
-1378
-1392
-1066
-864
-1102
-1408
-1633
-1569
-1468
-1109
-430
203
461
310
487
1051
1658
1854
1730
1926
2393
2639
2474
2228
2174
2019
1629
973
682
735
735
163
-786
-1517
-2025
-2412
-2555
-2233
-1683
-1107
-606
-95
496
1342
1995
2273
2385
2651
2858
2756
2412
1859
1108
372
-405
-1125
-1778
-2187
-2327
-2218
-2015
-1852
-1662
-1277
-709
-247
92
580
1119
1490
1668
1558
1277
1165
1177
1025
561
67
-193
-371
-740
-1409
-1985
-2268
-2210
-2013
-1650
-1171
-680
-248
-16
131
293
599
703
718
697
676
579
319
66
-159
-237
-255
-368
-527
-655
-859
-949
-1051
-1003
-966
-952
-1236
-1632
-1873
-1940
-1808
-1704
-1581
-1676
-1681
-1418
-932
-282
293
918
1342
1639
1679
1768
2045
2357
2666
2568
2437
2441
2293
1808
1251
956
977
910
477
-126
-569
-749
-804
-854
-778
-441
-51
-1
91
433
972
1380
1578
1753
1917
1820
1537
1118
735
691
434
-138
-584
-728
-867
-1079
-1259
-1470
-1368
-1143
-1101
-1298
-1316
-1141
-801
-364
75
420
499
425
458
537
490
306
70
-26
-102
-309
-682
-1032
-1264
-1370
-1378
-1316
-1093
-855
-716
-643
-461
-102
410
842
922
918
877
876
919
878
629
245
-15
-185
-213
-358
-629
-967
-1215
-1471
-1541
-1509
-1447
-1375
-1356
-1436
-1525
-1484
-1238
-916
-631
-402
-157
370
757
957
918
793
784
987
1310
1530
1727
1699
1493
1316
1216
1319
1339
1206
954
731
609
420
249
64
19
-35
-45
-72
-86
-28
-70
-63
-70
169
535
912
1120
1107
969
702
536
518
635
750
586
261
-108
-548
-1065
-1503
-1737
-1581
-1156
-830
-673
-715
-678
-534
-348
-115
263
767
1140
1257
976
621
396
202
117
-38
-117
-229
-525
-881
-1285
-1510
-1419
-1095
-705
-406
-110
220
506
668
752
764
777
746
701
666
542
140
-441
-1047
-1459
-1654
-1577
-1498
-1553
-1602
-1684
-1785
-1764
-1616
-1441
-1377
-1314
-1280
-1072
-800
-618
-344
-19
448
871
1307
1572
1546
1384
1201
1253
1368
1495
1444
1226
1094
1091
1203
1105
986
833
787
905
1067
1073
894
657
452
371
335
307
183
68
-41
-35
124
287
395
413
401
475
592
668
643
580
461
385
253
-9
-249
-464
-687
-817
-954
-1059
-979
-936
-903
-994
-1012
-910
-807
-587
-228
236
688
868
814
643
404
177
62
124
90
-108
-375
-579
-736
-749
-759
-842
-872
-787
-536
-156
240
439
327
1
-225
-261
-129
-25
-46
-211
-373
-697
-1036
-1194
-1204
-1228
-1291
-1272
-1068
-803
-769
-961
-1216
-1410
-1340
-1109
-673
-155
285
518
428
389
390
549
761
861
971
1021
1161
1201
1242
1257
1091
1037
1044
1268
1483
1683
1787
1668
1496
1216
1029
1012
1028
1018
813
564
390
202
-61
-392
-540
-422
-149
86
216
203
153
38
-121
-111
5
130
231
256
41
-368
-852
-1209
-1378
-1411
-1481
-1524
-1457
-1412
-1422
-1403
-1282
-984
-586
-245
86
435
755
896
875
771
632
590
564
437
265
71
-194
-391
-585
-820
-898
-720
-469
-211
-150
-235
-261
-235
-160
-31
202
381
537
378
65
-177
-317
-293
-295
-390
-638
-1041
-1433
-1608
-1509
-1239
-848
-550
-310
-192
-173
-88
139
505
836
1129
1285
1438
1489
1284
1092
1079
1271
1486
1527
1500
1510
1459
1267
1079
958
913
796
527
222
110
130
178
150
35
-61
-139
-211
-166
53
347
538
415
187
-35
-158
-182
-167
-136
-134
-176
-400
-665
-1014
-1359
-1685
-1916
-1959
-1860
-1675
-1544
-1458
-1447
-1335
-1134
-938
-619
-305
47
434
667
770
765
782
714
540
307
168
37
-119
-217
-285
-399
-515
-653
-724
-652
-495
-301
-240
-148
-66
130
392
572
671
709
729
719
666
581
333
10
-273
-579
-762
-809
-754
-772
-781
-656
-408
-155
141
482
684
856
978
1043
1282
1534
1697
1607
1506
1429
1382
1392
1343
1360
1361
1366
1242
1037
875
592
362
152
40
27
79
198
209
177
100
-19
-162
-367
-482
-501
-518
-539
-667
-850
-937
-1030
-1185
-1316
-1364
-1265
-1100
-1020
-1120
-1359
-1577
-1623
-1507
-1270
-1066
-936
-842
-820
-870
-887
-750
-615
-506
-438
-437
-335
-121
28
-8
-89
-244
-320
-251
-18
260
451
529
554
506
514
641
735
920
1009
985
878
841
824
807
788
750
720
714
778
735
611
483
406
299
147
17
-220
-262
-224
-178
-115
23
150
234
260
176
98
130
306
532
706
805
701
545
405
397
563
697
777
727
581
395
195
25
-47
-184
-354
-461
-510
-501
-436
-370
-403
-414
-370
-261
-207
-226
-226
-250
-276
-362
-502
-656
-777
-753
-669
-614
-699
-843
-1018
-1174
-1197
-1028
-846
-661
-629
-637
-643
-603
-471
-394
-224
-50
123
263
313
341
410
416
385
326
225
168
47
-36
-80
-111
-103
14
205
350
421
403
453
496
550
552
471
451
480
523
524
594
448
286
113
95
185
268
341
309
233
33
-216
-416
-542
-509
-526
-483
-382
-257
-157
-47
114
147
172
271
438
575
751
941
1040
1062
1031
944
856
718
535
479
475
385
196
-60
-269
-462
-561
-577
-430
-229
-6
95
22
-22
-26
54
165
301
362
378
305
166
-25
-139
-224
-365
-458
-592
-739
-966
-1200
-1375
-1420
-1349
-1185
-1003
-852
-696
-469
-255
-48
177
331
401
304
276
213
165
71
-38
-105
-213
-320
-438
-532
-647
-715
-761
-655
-448
-233
-2
190
255
257
247
305
417
528
570
570
587
518
323
109
-47
-107
-167
-263
-296
-154
50
96
26
-134
-203
-92
84
292
306
301
234
205
302
285
244
184
224
330
426
482
473
554
496
472
494
537
671
654
613
532
505
454
358
243
139
132
95
90
127
53
-69
-218
-200
-44
166
352
382
325
234
181
202
250
311
292
235
154
-32
-326
-661
-967
-1080
-1064
-926
-693
-519
-425
-514
-705
-772
-599
-267
65
241
178
-2
-227
-393
-526
-599
-583
-549
-522
-570
-590
-603
-640
-802
-893
-830
-641
-396
-114
83
127
40
-99
-198
-121
114
368
564
587
525
415
288
159
120
193
266
243
157
78
88
170
263
266
235
321
458
622
644
584
490
396
337
287
322
374
333
165
81
132
190
305
369
342
259
201
214
305
494
506
452
317
231
97
-8
-8
-6
-15
-93
-123
-148
-171
-201
-204
-159
-130
-47
13
95
166
183
179
150
172
169
124
-36
-209
-279
-279
-230
-210
-299
-372
-435
-380
-217
-48
-19
-77
-164
-188
-134
-86
-25
-47
-193
-314
-494
-528
-478
-475
-470
-583
-677
-750
-814
-824
-774
-700
-600
-539
-535
-456
-391
-329
-304
-222
-7
221
325
259
199
160
145
147
148
193
233
209
67
-50
-66
-6
140
259
400
434
500
540
575
654
579
571
578
633
686
687
640
543
486
468
498
492
443
419
378
378
296
274
282
265
229
217
212
201
192
157
30
4
11
-24
-6
-80
-131
-116
-118
-114
-116
-210
-244
-230
-207
-105
-34
-71
-105
-168
-128
-47
-21
55
-1
-102
-210
-255
-296
-340
-472
-543
-489
-364
-217
-113
-102
-186
-232
-270
-216
-133
-115
-149
-286
-394
-419
-485
-498
-462
-536
-599
-716
-789
-800
-836
-735
-628
-427
-211
-18
71
215
353
454
522
515
483
511
504
438
339
269
193
144
55
-50
-125
-182
-124
-79
80
226
305
310
215
242
348
517
557
542
497
360
320
288
265
179
64
-65
-203
-264
-372
-355
-326
-328
-294
-173
-7
93
119
162
250
268
309
418
471
467
411
392
484
512
453
327
265
295
313
251
174
84
70
120
135
111
100
131
153
116
86
117
84
58
58
46
108
172
246
271
265
221
210
260
219
186
31
-118
-271
-461
-546
-574
-579
-690
-867
-1009
-1099
-1074
-966
-858
-717
-590
-492
-416
-295
-222
-166
-101
-27
58
124
157
80
-138
-343
-449
-538
-545
-513
-492
-504
-599
-684
-733
-647
-500
-317
-122
96
278
405
478
433
463
470
414
419
375
340
274
195
41
-110
-209
-240
-174
-170
-186
-229
-264
-211
-95
77
197
257
320
362
403
516
693
858
973
1033
1008
986
891
687
493
368
345
387
438
468
443
358
293
294
373
496
580
600
582
494
396
312
269
306
274
251
198
135
92
39
28
-52
-145
-225
-283
-282
-314
-391
-454
-513
-595
-641
-713
-762
-782
-838
-846
-812
-735
-603
-505
-454
-421
-429
-384
-274
-180
-71
14
-9
-93
-206
-340
-503
-626
-675
-725
-703
-673
-657
-643
-670
-701
-719
-645
-414
-110
228
431
520
456
365
393
500
632
613
520
424
325
244
175
103
-92
-251
-313
-383
-323
-238
-138
-63
-46
40
190
360
526
655
712
760
781
868
969
928
871
732
625
566
545
499
400
297
204
158
115
92
101
134
195
240
302
377
417
418
389
386
434
444
422
331
252
191
140
82
-7
-108
-260
-435
-613
-708
-775
-832
-934
-964
-973
-900
-790
-694
-607
-534
-457
-367
-256
-196
-205
-223
-266
-338
-371
-360
-379
-400
-395
-446
-486
-504
-432
-376
-338
-299
-287
-279
-212
-92
-18
55
102
145
218
344
498
587
615
536
481
416
357
327
311
351
307
266
153
66
4
-24
-6
35
57
9
-22
-109
-174
-185
-161
-67
20
89
100
146
164
167
234
311
411
442
470
452
448
433
367
293
236
190
139
105
78
28
-46
-140
-192
-215
-175
-145
0
134
239
262
202
211
212
239
226
176
160
132
61
-39
-148
-205
-286
-387
-452
-464
-444
-445
-455
-490
-499
-438
-275
-115
-32
33
66
52
-7
-68
-89
-66
-72
-111
-148
-230
-315
-374
-369
-325
-275
-201
-147
-70
-17
20
88
185
300
373
398
376
350
301
187
93
73
105
137
169
181
131
80
-39
-149
-156
-111
-69
-63
-90
-117
-142
-167
-203
-211
-152
-139
-102
-146
-216
-301
-368
-337
-321
-256
-226
-160
-151
-128
17
170
351
396
342
271
231
151
91
90
113
170
188
173
130
85
145
249
346
450
512
549
535
557
514
442
429
384
322
232
127
41
-23
-65
-97
-132
-190
-267
-249
-191
-215
-198
-172
-94
28
112
155
156
101
23
21
-22
10
-15
-102
-200
-318
-362
-369
-378
-357
-338
-306
-236
-164
-85
-17
76
151
200
302
387
381
309
230
135
54
4
-61
-116
-190
-211
-256
-333
-396
-414
-429
-388
-300
-220
-155
-168
-216
-247
-291
-304
-282
-263
-245
-290
-332
-359
-361
-421
-498
-541
-576
-513
-409
-297
-193
-114
-24
100
189
282
327
365
420
465
476
474
444
373
326
316
339
414
493
542
568
562
559
557
567
499
444
425
413
401
366
312
210
97
33
12
11
12
60
38
-2
20
4
50
129
145
190
143
59
35
-17
-43
-74
-98
-141
-209
-267
-358
-347
-362
-315
-293
-255
-165
-138
-57
37
164
264
344
379
316
261
179
156
147
93
12
-122
-215
-275
-327
-373
-388
-399
-407
-370
-349
-279
-260
-306
-350
-389
-378
-329
-254
-238
-295
-318
-323
-362
-398
-407
-383
-369
-364
-353
-346
-267
-247
-239
-204
-162
-60
21
84
154
226
238
239
242
272
293
282
222
151
134
172
214
252
267
258
302
306
339
381
393
370
276
193
121
14
-64
-84
-101
-83
-44
-4
30
46
66
113
172
244
351
372
352
316
261
241
198
131
44
10
-1
-9
3
-1
8
43
55
113
167
248
354
436
517
556
530
500
459
396
336
254
179
85
-27
-129
-193
-286
-359
-402
-427
-424
-449
-451
-402
-387
-380
-328
-317
-304
-267
-267
-292
-350
-395
-431
-484
-517
-527
-537
-517
-516
-537
-547
-528
-517
-511
-479
-438
-331
-250
-168
-100
-76
-103
-64
-33
-12
86
124
101
85
94
120
147
189
217
241
258
291
362
450
505
505
515
503
446
444
433
423
411
395
416
417
431
445
404
346
327
368
392
397
380
276
214
148
115
118
96
48
22
-23
-71
-108
-122
-112
-90
-39
-41
-28
-25
-79
-80
-44
-12
40
83
99
103
36
-39
-52
-92
-108
-106
-85
-77
-98
-141
-186
-244
-317
-354
-358
-357
-347
-369
-422
-473
-485
-430
-364
-295
-250
-243
-254
-238
-188
-157
-106
-89
-105
-153
-168
-146
-131
-120
-98
-50
-51
-8
-24
-51
-94
-115
-88
-74
1
67
105
143
124
83
95
154
187
210
233
223
202
149
85
64
108
125
122
135
137
152
129
107
65
53
125
159
161
200
176
201
201
175
177
142
147
66
50
-26
-70
-91
-110
-83
-8
87
126
153
182
189
167
152
173
167
135
125
58
-21
-90
-105
-81
-11
34
18
34
59
63
76
82
73
96
56
1
-39
-69
-58
-80
-105
-209
-269
-268
-297
-288
-281
-288
-242
-238
-210
-168
-114
-61
-8
20
26
69
86
136
139
127
122
88
82
72
36
-20
-86
-164
-161
-139
-81
-49
-43
-24
-7
9
-1
27
48
43
35
11
-41
-63
-66
-60
-78
-101
-62
-44
10
48
31
38
66
85
99
100
100
105
11
-22
-55
-107
-74
-88
-145
-183
-191
-181
-192
-144
-64
7
47
91
128
154
191
182
186
154
105
76
-33
-148
-263
-366
-438
-450
-422
-337
-271
-224
-167
-123
-16
104
201
248
269
278
305
336
367
352
311
208
152
88
65
73
69
76
37
23
1
1
15
95
152
238
312
360
415
427
418
442
469
488
484
449
376
306
174
69
-28
-119
-137
-164
-171
-194
-250
-256
-249
-252
-252
-255
-249
-269
-326
-403
-480
-497
-514
-470
-404
-359
-319
-366
-413
-424
-428
-354
-239
-171
-130
-150
-176
-173
-161
-147
-156
-167
-170
-164
-184
-179
-196
-178
-126
-51
31
107
196
230
214
214
203
213
295
313
317
297
206
119
79
95
103
80
96
116
195
262
347
411
440
493
490
530
578
598
597
544
454
369
313
316
302
265
210
159
114
69
-8
-57
-56
-43
12
60
101
113
104
59
42
38
74
139
119
92
112
61
26
-28
-68
-117
-181
-210
-281
-338
-423
-495
-578
-631
-680
-677
-628
-605
-599
-591
-550
-512
-518
-517
-532
-529
-484
-446
-395
-363
-364
-367
-322
-281
-257
-248
-210
-174
-176
-187
-162
-157
-127
-82
-58
-28
9
62
150
223
275
338
353
368
446
515
508
460
423
424
392
381
376
348
365
366
334
364
377
401
445
436
378
352
333
339
362
352
326
314
286
247
180
129
77
41
43
-4
-8
-84
-174
-221
-220
-230
-197
-140
-93
-8
76
119
123
89
46
11
-10
1
-21
-11
-25
-68
-114
-155
-209
-211
-166
-150
-134
-140
-187
-219
-254
-266
-248
-223
-193
-159
-116
-91
-115
-160
-175
-234
-274
-252
-240
-247
-230
-220
-192
-161
-138
-108
-98
-76
-60
-74
-99
-106
-91
-58
-8
29
54
61
67
99
106
136
172
211
224
238
238
225
213
185
158
119
113
99
97
95
59
8
-40
-94
-91
-45
3
41
36
38
42
27
19
23
37
45
70
68
66
45
26
27
-14
-35
-18
-23
-35
-57
-96
-92
-55
-12
36
64
70
68
103
150
161
167
162
169
162
97
121
94
75
74
60
87
83
109
101
79
32
-58
-81
-79
-103
-71
-28
-38
-51
-122
-193
-221
-226
-195
-169
-175
-191
-200
-256
-253
-222
-154
-110
-59
-61
-94
-117
-165
-175
-157
-141
-143
-108
-68
-38
9
33
82
129
123
154
206
223
238
234
245
242
197
139
89
71
38
13
4
10
29
45
45
12
18
68
90
78
79
81
115
147
173
192
183
163
136
100
93
80
36
33
35
-31
-66
-60
-76
-75
-75
-62
-42
-25
-39
-37
-68
-84
-104
-129
-128
-101
-135
-147
-176
-213
-212
-179
-129
-99
-81
-85
-82
-125
-146
-161
-190
-197
-170
-156
-137
-122
-81
-53
-18
54
120
130
141
194
201
186
198
202
215
226
210
215
214
204
182
162
157
164
141
121
126
57
22
-14
-24
-39
-62
-22
-9
1
8
-8
-37
-64
-77
-73
-69
-101
-112
-142
-199
-246
-256
-272
-254
-240
-242
-217
-163
-119
-79
-40
-6
13
33
62
91
96
87
82
60
55
65
67
54
23
7
-2
-24
-42
-62
-74
-97
-100
-116
-128
-100
-100
-98
-83
-46
-22
-16
-13
-10
24
42
85
144
184
167
167
173
203
209
208
182
172
166
152
158
136
122
71
35
-2
-17
-30
-30
-14
-28
-35
-28
2
51
77
83
75
68
47
61
44
28
8
-12
-17
-28
-36
-64
-82
-110
-114
-135
-131
-114
-74
-48
1
31
45
61
81
121
154
183
195
190
159
135
64
6
-25
-50
-54
-50
-73
-108
-139
-183
-196
-173
-166
-173
-191
-199
-199
-206
-188
-171
-180
-148
-94
-52
-27
26
46
54
36
48
64
76
86
71
33
-44
-68
-82
-82
-100
-65
-50
-39
2
28
21
12
26
36
74
79
71
88
82
82
94
91
102
83
85
71
48
30
10
-23
-60
-68
-64
-60
-74
-79
-85
-108
-77
-17
31
88
143
177
182
161
121
99
97
67
71
87
78
48
25
34
21
27
34
10
-36
-65
-79
-71
-58
-43
-43
-42
-14
29
55
57
42
41
8
-12
19
59
60
106
104
93
124
119
101
76
50
23
33
52
38
11
-21
-42
-48
-63
-59
-31
16
13
42
68
84
128
132
100
57
-4
-28
-100
-167
-221
-285
-294
-311
-304
-274
-256
-262
-267
-250
-224
-197
-176
-160
-130
-100
-82
-70
-31
-39
-66
-104
-98
-101
-88
-62
-41
-30
-54
-80
-56
-38
-33
-27
25
28
33
97
116
132
141
163
148
140
143
201
204
209
206
195
193
191
189
188
189
180
152
158
169
138
136
139
118
85
56
26
41
22
25
38
73
97
69
99
158
180
170
136
96
65
73
68
41
-13
-43
-66
-113
-119
-151
-124
-106
-89
-63
-47
-19
12
48
71
93
105
112
102
66
19
-23
-40
-70
-89
-124
-184
-228
-254
-298
-340
-362
-420
-455
-421
-383
-369
-340
-321
-286
-253
-228
-207
-202
-198
-227
-230
-206
-189
-176
-150
-185
-148
-122
-107
-17
22
77
98
116
145
146
158
167
166
185
227
233
222
248
259
287
332
340
344
361
374
362
357
356
346
353
359
304
298
295
304
314
279
272
225
191
178
140
111
84
37
41
4
-8
-3
-7
-13
-5
-21
-43
-35
-44
-83
-149
-191
-244
-281
-326
-355
-339
-326
-320
-309
-310
-275
-248
-200
-170
-144
-96
-93
-96
-56
-29
-38
-33
-18
-15
-47
-53
-76
-126
-157
-180
-222
-255
-263
-272
-257
-238
-216
-169
-115
-109
-98
-79
-69
-34
6
33
49
97
114
136
154
174
149
154
177
182
206
225
243
232
205
176
165
151
185
227
230
231
205
202
217
214
256
283
308
308
288
280
239
211
180
135
102
64
70
52
17
-9
-56
-96
-151
-185
-168
-155
-147
-110
-115
-148
-180
-189
-209
-184
-150
-163
-165
-164
-164
-155
-120
-128
-142
-129
-132
-165
-172
-217
-229
-278
-293
-275
-262
-245
-231
-206
-195
-178
-156
-134
-85
-18
20
53
84
89
81
97
102
99
107
106
65
44
19
-13
-23
-15
4
-14
-8
21
34
65
93
139
196
221
242
246
228
197
157
155
158
160
175
156
121
103
53
57
53
49
41
39
42
22
36
0
-6
-12
-9
-8
15
35
37
34
31
11
2
28
50
59
45
32
24
19
19
-2
-31
-85
-136
-131
-175
-207
-210
-203
-210
-219
-218
-195
-168
-148
-119
-110
-82
-60
-25
17
34
52
55
69
74
66
48
51
25
8
19
35
50
93
98
67
61
76
81
96
112
100
87
79
66
70
105
87
79
84
65
50
29
10
-25
-36
-52
-42
3
12
-7
0
-8
3
-8
5
39
47
68
78
67
60
47
22
23
8
-18
-9
-3
-6
-23
-28
-13
-27
-28
-35
-51
-65
-101
-126
-132
-154
-164
-188
-230
-254
-243
-233
-219
-183
-136
-123
-130
-112
-107
-102
-93
-56
-75
-77
-63
-72
-45
-26
-6
5
20
14
26
63
53
57
63
47
79
91
109
137
145
131
124
122
101
125
122
106
72
29
20
28
29
-3
-5
-8
-2
13
32
76
84
92
109
134
159
193
199
186
182
169
167
140
122
111
121
125
134
162
173
169
160
163
170
165
141
157
143
104
78
47
-11
-46
-62
-75
-80
-96
-109
-103
-99
-118
-142
-159
-169
-152
-148
-169
-172
-189
-209
-246
-243
-240
-227
-204
-226
-232
-217
-199
-196
-188
-232
-236
-237
-261
-266
-266
-246
-242
-211
-174
-144
-82
-33
27
66
118
122
159
186
210
215
214
204
194
211
199
188
188
188
148
127
92
61
46
46
43
50
39
23
20
30
55
61
73
85
83
72
82
56
40
25
-4
-18
-20
-14
-23
-13
4
2
-11
-15
-19
0
1
9
64
77
94
92
55
46
29
43
46
39
37
9
14
-14
-22
-19
-2
9
66
86
101
120
84
52
-13
-28
-64
-66
-63
-101
-104
-116
-149
-140
-141
-145
-149
-141
-132
-126
-134
-138
-111
-108
-90
-92
-107
-123
-123
-108
-110
-119
-105
-87
-79
-58
-47
-26
-35
-45
-32
-35
-16
24
52
66
75
102
108
105
110
95
98
92
94
118
105
71
60
19
5
15
24
31
48
52
59
52
47
60
77
90
79
77
68
77
76
75
84
82
78
86
65
77
112
137
135
149
168
159
153
155
151
140
135
118
123
98
92
58
15
30
18
-4
-44
-88
-134
-156
-154
-168
-178
-190
-177
-197
-186
-158
-164
-153
-160
-157
-161
-152
-160
-170
-164
-179
-186
-150
-125
-111
-96
-100
-111
-113
-107
-111
-101
-95
-85
-69
-61
-60
-73
-55
-46
-22
17
40
65
88
86
114
147
141
158
164
173
173
156
145
157
148
147
168
174
150
121
100
70
62
87
99
82
69
62
46
30
30
38
64
87
86
95
97
67
88
76
50
19
-6
-27
-60
-92
-124
-150
-167
-159
-164
-149
-120
-115
-89
-63
-55
-46
-8
19
44
55
54
74
49
47
55
36
23
7
0
-5
-25
-21
-23
-27
-30
-36
-62
-80
-80
-87
-100
-80
-60
-73
-51
-46
-19
-9
-17
-2
-36
-44
-75
-87
-87
-96
-107
-92
-57
-48
-8
-17
-38
-54
-70
-24
-5
18
35
34
54
97
135
168
141
151
130
116
120
133
142
112
95
58
38
44
29
11
-2
-36
-30
-12
-8
-6
-38
-41
-50
-38
-39
-34
-25
-50
-40
-63
-69
-76
-77
-78
-84
-98
-94
-84
-55
-54
-50
-54
-65
-52
-14
9
2
-1
-14
-26
-21
-18
-42
-29
-5
-2
29
46
60
88
100
101
106
95
99
91
98
91
56
43
34
29
12
18
17
20
35
47
46
43
47
64
84
105
143
156
164
154
134
100
67
32
-12
-50
-95
-133
-166
-155
-148
-136
-125
-130
-123
-123
-111
-107
-108
-113
-118
-133
-91
-44
-45
-14
-11
-6
-21
-30
-38
-36
-27
-14
-13
-31
-25
-45
-41
-35
-53
-59
-71
-66
-66
-37
-53
-63
-62
-64
-27
-17
11
42
37
41
83
104
116
120
128
110
103
100
110
125
135
132
126
121
103
104
90
98
118
104
99
86
61
56
72
79
79
76
63
49
27
30
34
48
45
4
-16
-35
-25
-3
-14
-20
-21
-38
-65
-55
-53
-49
-17
-7
14
36
44
24
26
34
33
13
11
6
-11
-18
-27
-38
-50
-87
-112
-123
-153
-138
-131
-115
-97
-88
-88
-59
-63
-35
-30
-24
-1
8
21
16
-18
-42
-76
-105
-129
-131
-117
-110
-100
-111
-101
-115
-121
-127
-107
-103
-60
-21
-1
10
17
7
7
1
5
48
51
60
59
60
53
35
31
29
21
20
24
44
69
78
78
78
72
130
139
130
134
97
105
78
66
51
63
92
82
134
142
159
164
151
130
102
77
53
42
21
32
6
-15
-23
-23
-18
-48
-59
-48
-47
-38
-30
-27
4
3
30
28
-12
-6
-21
-26
-47
-84
-108
-129
-171
-201
-229
-236
-242
-207
-193
-201
-218
-222
-201
-181
-136
-126
-51
-7
16
44
50
58
70
61
48
44
14
13
-14
-20
-45
-46
-30
-24
-14
3
21
55
65
75
98
99
112
126
135
154
163
144
158
157
136
142
102
82
64
47
57
40
49
52
68
79
101
99
109
110
98
91
78
61
48
33
32
21
21
3
-14
-32
-44
-60
-64
-72
-114
-121
-144
-170
-177
-165
-190
-202
-184
-171
-166
-143
-122
-106
-99
-99
-90
-82
-54
-40
-32
-17
4
-11
25
18
20
30
-4
-19
-30
-36
-66
-26
0
19
48
52
69
66
85
108
117
100
108
129
124
114
117
131
136
136
149
109
67
24
18
2
-5
22
15
31
43
60
79
76
71
104
100
89
89
81
76
71
46
19
0
-11
-20
-42
-66
-107
-122
-141
-130
-115
-115
-114
-117
-103
-81
-80
-70
-65
-64
-50
-16
-5
16
25
-1
-3
-19
-25
-34
-43
-50
-44
-32
-18
4
20
23
37
25
23
23
34
62
40
34
44
48
71
89
85
82
52
30
13
-15
-39
-52
-60
-45
-60
-76
-93
-94
-72
-89
-74
-91
-65
-54
-37
-14
0
19
31
53
51
57
51
45
28
11
-7
-15
-26
-48
-49
-47
-65
-76
-90
-105
-101
-106
-95
-70
-71
-70
-81
-72
-74
-45
13
4
25
28
40
48
42
25
11
-13
-8
21
39
48
55
66
79
86
77
72
67
46
51
49
54
73
67
62
39
59
53
54
55
37
44
20
31
34
12
17
16
45
42
57
45
12
-17
-26
-27
-30
-37
-42
-23
-5
13
4
17
18
16
15
19
10
-2
-12
-36
-32
-43
-45
-39
-46
-39
-60
-73
-82
-84
-89
-80
-78
-64
-46
-26
-3
20
36
66
74
85
109
86
84
89
54
39
31
5
16
12
11
-26
-47
-66
-72
-80
-87
-77
-56
-13
16
54
80
82
95
91
87
93
90
91
89
75
76
71
41
39
20
13
-1
-8
-1
1
-6
-17
-21
-29
-32
-56
-58
-70
-78
-85
-83
-68
-78
-92
-108
-119
-139
-154
-148
-191
-204
-202
-241
-241
-221
-218
-206
-184
-159
-124
-101
-52
-10
24
67
85
114
156
169
170
189
189
184
181
179
180
171
178
186
168
147
122
124
122
104
70
31
36
39
61
65
60
59
72
52
43
26
12
17
1
8
20
2
0
-5
-12
-8
-45
-26
-30
-21
-14
-29
-29
-36
-47
-47
-28
-39
-31
-44
-26
-36
-41
-59
-66
-43
-23
-4
-5
9
13
4
5
29
39
53
61
68
71
61
48
41
14
-3
-18
-36
-44
-63
-65
-53
-67
-81
-71
-67
-66
-62
-64
-56
-59
-53
-26
-18
-18
-11
9
8
39
48
68
93
89
97
97
107
96
85
71
72
67
71
85
77
83
64
53
25
-12
-23
-59
-98
-98
-96
-113
-120
-120
-120
-110
-112
-124
-130
-156
-155
-178
-197
-209
-230
-231
-212
-191
-194
-178
-155
-149
-135
-101
-82
-61
-43
-10
26
59
73
64
59
75
74
82
111
123
126
141
160
168
188
192
199
205
183
169
157
158
147
158
167
152
146
119
106
96
82
68
64
54
39
55
48
12
21
8
1
-11
-22
-26
-41
-43
-30
-19
-35
-33
-44
-48
-48
-36
-13
-11
-1
-21
-18
-11
1
10
5
25
11
4
-15
-39
-81
-99
-119
-122
-114
-111
-132
-124
-140
-158
-158
-152
-121
-84
-48
-16
4
9
-3
9
23
36
42
29
36
42
35
17
16
11
5
8
28
14
9
12
11
6
-2
0
9
32
27
24
23
22
12
4
5
-1
-35
-50
-42
-24
-24
-12
-2
20
28
27
55
61
46
47
54
46
29
9
7
3
-10
0
12
27
54
66
90
92
93
66
50
41
4
9
3
-2
-14
-32
-47
-61
-74
-73
-91
-112
-108
-130
-123
-115
-96
-75
-52
-15
4
31
32
32
23
0
-10
-3
3
-17
-37
-27
-19
-43
-25
-18
-4
18
21
43
53
43
49
60
62
79
92
93
96
84
72
63
59
73
69
62
36
33
13
-8
-1
-12
-14
-18
4
1
-1
-4
-4
1
11
10
-3
6
6
27
21
21
27
30
33
36
55
51
51
77
53
37
44
31
21
-2
-2
-7
-6
-14
-7
-31
-52
-48
-59
-50
-57
-53
-50
-58
-41
-33
-27
-37
-63
-73
-95
-79
-104
-116
-109
-107
-111
-107
-94
-83
-70
-72
-82
-57
-59
-47
-31
-39
-47
-31
-5
18
21
14
22
19
15
25
37
48
66
77
89
108
134
148
137
121
103
92
74
70
70
75
71
70
66
53
43
56
54
45
35
19
3
-11
-29
-20
-24
-43
-53
-59
-58
-50
-65
-80
-72
-79
-84
-75
-59
-45
-32
-41
-40
-35
-40
-46
-44
-32
-24
-22
-21
-26
-49
-37
-31
-37
-24
-16
-5
8
5
19
14
14
20
6
7
-2
13
19
12
2
22
15
11
5
-3
-5
-17
-16
-14
-27
-29
-35
-53
-49
-60
-35
-27
-21
-20
-19
-22
-36
-32
-37
-44
-38
-6
9
19
26
45
53
70
73
71
98
99
104
125
137
125
146
147
142
121
119
124
108
96
72
54
41
29
37
0
-13
-27
-30
-25
-23
-11
-12
-16
-34
-39
-51
-57
-69
-59
-84
-91
-98
-121
-108
-101
-95
-96
-81
-71
-79
-73
-84
-79
-67
-49
-28
-14
1
0
15
16
30
35
47
48
66
68
76
105
102
98
63
48
34
24
19
3
17
23
16
31
23
11
19
19
17
5
-5
-11
-16
-14
-29
-34
-28
-3
3
2
0
-7
-7
-21
-26
-34
-44
-51
-56
-51
-54
-48
-58
-64
-58
-44
-53
-41
-20
-21
-3
1
22
32
30
43
35
20
36
32
37
48
46
55
51
39
35
25
16
36
48
53
42
44
32
26
17
12
-1
-18
-24
-42
-57
-65
-67
-63
-86
-92
-84
-81
-71
-60
-44
-38
-30
-27
-22
-9
-10
-6
21
33
29
32
31
28
34
49
43
52
56
54
54
44
37
39
24
22
31
16
9
13
23
16
19
18
14
10
7
16
23
15
13
15
15
12
11
12
-12
-17
-32
-33
-30
-45
-58
-66
-68
-65
-48
-48
-28
-19
-15
-9
-10
-8
-16
0
2
8
9
4
3
5
5
1
2
5
8
14
7
5
22
16
12
23
7
-1
-1
-7
-11
-12
-4
5
5
-2
-13
-18
-23
-45
-37
-37
-47
-44
-39
-22
-17
-25
-16
-13
-15
-1
-1
1
2
5
23
39
54
69
86
87
84
80
72
53
47
42
38
53
44
35
30
23
23
25
15
12
9
-5
-8
-13
-16
-22
-16
-14
-7
2
3
11
14
19
7
14
3
-8
-15
-39
-41
-60
-66
-66
-67
-67
-67
-74
-76
-78
-80
-76
-72
-63
-68
-46
-39
-31
-21
-16
-10
-8
-8
-6
-12
-17
-18
-39
-41
-48
-47
-34
-30
-12
1
11
35
46
57
63
63
79
78
76
71
62
54
51
36
29
22
13
18
15
12
13
8
27
29
20
25
23
32
36
35
26
39
47
40
34
14
24
18
17
21
24
24
21
24
16
16
20
12
20
21
21
15
18
9
-4
-9
-8
-2
-5
-6
-17
-25
-24
-27
-35
-34
-32
-21
-24
-10
-15
-13
-23
-32
-30
-36
-45
-52
-57
-56
-50
-45
-49
-43
-31
-24
-19
-9
7
15
21
11
17
8
7
5
10
20
23
30
32
19
15
0
-7
-10
-12
-1
-7
-8
-7
-6
6
13
16
19
26
24
22
18
3
9
2
-4
-15
-23
-34
-32
-46
-70
-69
-65
-57
-52
-41
-30
-26
-19
-7
9
-3
-5
-2
0
5
18
32
41
44
40
49
54
62
74
73
66
80
77
71
71
62
63
57
43
39
33
35
41
42
38
22
9
-11
-28
-42
-62
-79
-86
-88
-87
-70
-70
-69
-63
-63
-54
-59
-84
-90
-82
-79
-69
-50
-41
-23
-15
-20
-7
-6
-6
12
17
8
11
8
10
13
11
24
35
37
35
26
13
4
-2
-5
-3
3
-7
-6
8
14
15
17
20
21
34
41
56
60
63
57
57
56
60
57
60
66
63
62
50
48
36
38
37
31
40
33
21
11
10
8
1
1
5
0
-8
-5
-11
-21
-16
-20
-24
-27
-30
-39
-48
-50
-56
-63
-56
-58
-66
-66
-75
-69
-70
-74
-74
-69
-72
-78
-71
-63
-62
-62
-50
-39
-30
-25
-11
11
24
23
19
15
11
11
13
5
-2
-4
-9
-10
-4
-5
1
-2
-10
-4
-13
-12
-13
-22
-19
-14
-9
-3
2
13
30
38
40
48
46
53
54
63
74
67
75
74
70
74
88
104
107
113
106
102
93
78
72
74
66
68
63
64
62
63
67
56
49
38
30
11
-11
-31
-39
-57
-63
-68
-80
-72
-77
-81
-95
-112
-114
-117
-121
-118
-113
-120
-122
-116
-114
-102
-81
-68
-67
-59
-43
-41
-40
-39
-38
-35
-24
-14
-7
-10
-12
-1
-5
-7
-3
5
11
21
30
38
42
48
49
53
60
57
64
66
67
77
64
65
60
49
45
41
42
44
38
27
23
29
24
31
35
31
31
34
29
25
21
18
19
19
20
10
15
20
14
11
8
0
-4
-15
-24
-30
-47
-45
-41
-43
-38
-34
-31
-29
-24
-27
-27
-23
-34
-39
-41
-40
-41
-48
-58
-58
-52
-56
-45
-41
-31
-37
-30
-19
-11
-9
-1
7
11
18
10
17
17
16
17
27
39
44
52
57
57
59
54
57
57
43
36
28
24
13
5
4
-16
-22
-27
-20
-8
-9
-5
-15
-16
-20
-25
-13
-7
-14
-10
-13
-11
-10
-16
-21
-21
-20
-24
-17
-18
-13
-4
0
1
4
5
-3
6
5
1
2
6
0
-14
-14
-17
-16
-23
-26
-10
-9
-12
-12
-19
-18
-20
-25
-20
-18
-9
0
8
13
22
20
9
11
5
11
23
28
31
32
32
30
34
42
46
46
48
54
54
55
54
48
48
51
49
45
42
39
28
22
20
19
11
3
4
-6
-23
-30
-23
-22
-32
-29
-25
-23
-23
-13
-11
-13
-19
-32
-35
-46
-52
-51
-53
-59
-69
-78
-79
-82
-84
-75
-63
-53
-40
-30
-18
-12
-8
-1
3
15
19
17
25
27
23
24
29
19
21
23
26
29
20
13
13
3
-6
-10
-6
-9
-10
0
2
3
5
4
0
-5
-6
1
-3
-11
-8
-7
-6
-12
-7
3
14
20
31
41
44
33
32
36
25
20
18
16
3
1
8
8
-1
-1
8
3
-3
4
3
-3
-2
1
2
1
-2
3
9
8
9
9
5
-2
-6
-11
-8
-8
-5
0
2
12
8
11
19
21
28
28
35
29
27
25
27
33
36
37
45
49
45
36
31
31
27
15
10
10
5
4
9
12
15
16
11
6
-2
-9
-20
-26
-36
-35
-45
-47
-50
-60
-60
-61
-67
-65
-67
-63
-56
-51
-47
-43
-31
-30
-27
-18
-12
-14
-10
-11
-10
-13
-11
-10
-3
-2
3
15
10
5
4
5
7
8
6
1
0
0
-1
0
-3
-10
-6
3
5
6
-3
-4
-4
-4
1
3
10
6
12
13
8
9
11
3
0
-15
-25
-26
-29
-22
-25
-22
-15
-4
-2
11
16
12
12
19
27
34
46
50
55
57
64
64
59
46
40
26
16
10
-10
-15
-28
-36
-38
-40
-43
-35
-32
-40
-36
-49
-54
-51
-56
-52
-48
-43
-26
-12
-9
-3
15
14
21
22
28
28
26
29
21
24
10
10
10
8
12
19
24
27
39
53
58
56
54
47
47
41
37
41
34
34
31
26
24
16
15
12
11
4
-1
-8
-5
-9
-15
-9
-22
-28
-34
-38
-42
-46
-42
-39
-41
-48
-51
-50
-56
-60
-53
-68
-68
-64
-62
-56
-52
-49
-48
-39
-34
-28
-26
-15
-6
3
12
16
26
23
17
20
21
20
23
30
37
37
44
47
57
69
69
70
73
76
72
73
69
72
78
72
72
64
66
58
50
48
51
45
36
43
41
45
30
21
6
-8
-21
-28
-28
-32
-40
-48
-55
-62
-69
-68
-69
-64
-65
-50
-46
-43
-31
-36
-31
-28
-32
-33
-31
-34
-28
-24
-22
-30
-36
-34
-48
-48
-55
-62
-55
-49
-47
-49
-48
-49
-45
-41
