-18
-10
-13
-14
-17
-16
-15
-9
-9
-11
-7
-5
-3
0
1
6
12
16
17
19
22
24
22
19
23
24
16
16
14
8
7
12
10
11
11
14
21
23
28
27
33
33
34
32
29
39
37
32
30
27
14
9
9
15
17
23
25
20
15
12
24
25
22
20
15
18
16
10
8
6
-1
3
5
4
0
-7
-12
-20
-26
-31
-35
-33
-35
-35
-29
-24
-21
-20
-15
-17
-20
-26
-19
-18
-22
-19
-19
-6
4
3
-2
0
-4
-12
-14
-12
-4
-4
1
6
3
2
-5
-2
-2
-3
-9
-14
-17
-30
-37
-32
-35
-39
-39
-34
-30
-25
-19
-17
-11
-6
-5
-3
-3
3
4
5
9
6
5
6
6
3
12
20
20
32
38
44
41
41
43
39
38
40
48
57
54
52
35
27
23
21
22
23
19
12
12
3
-2
-7
-9
-6
-7
-10
-13
-16
-17
-19
-29
-40
-39
-42
-47
-49
-49
-39
-44
-46
-45
-48
-55
-64
-58
-61
-65
-56
-44
-44
-27
-23
-19
-15
-8
7
9
22
35
42
48
50
54
52
49
52
46
46
50
57
62
66
74
73
71
76
76
54
50
40
27
18
12
15
15
12
8
4
-1
1
0
2
-3
-7
-20
-19
-13
-12
-5
-4
5
13
12
10
9
16
17
10
7
-3
-13
-22
-38
-41
-36
-46
-45
-46
-45
-49
-47
-40
-44
-41
-47
-52
-54
-48
-49
-45
-49
-58
-55
-55
-53
-46
-48
-47
-38
-37
-36
-22
-4
17
20
30
36
36
44
44
46
46
39
31
27
17
19
28
20
24
29
29
33
36
42
41
45
52
44
38
37
27
18
20
15
22
10
2
-8
-17
-24
-20
-21
-30
-37
-36
-67
-76
-70
-85
-89
-117
-86
-106
-105
-105
-102
-95
-86
-59
-46
-22
0
22
33
66
114
149
189
212
245
269
284
292
279
270
246
237
202
171
124
89
54
7
-45
-102
-132
-169
-220
-273
-316
-354
-388
-400
-419
-448
-455
-457
-443
-417
-394
-351
-305
-267
-223
-181
-109
-42
8
67
135
201
243
301
356
386
422
456
496
516
542
553
565
547
540
534
511
479
429
406
357
323
266
223
109
56
14
-90
-151
-252
-221
-325
-349
-348
-353
-360
-356
-299
-278
-251
-172
-108
-87
-30
62
120
183
219
266
280
312
374
316
326
249
262
128
81
-43
-180
-246
-423
-549
-743
-802
-911
-1048
-1104
-1163
-1195
-1245
-1219
-1195
-1204
-1153
-1075
-977
-903
-760
-644
-481
-347
-179
0
202
353
465
665
822
937
1006
1157
1253
1281
1319
1389
1438
1428
1455
1474
1447
1402
1364
1388
1282
1252
1172
1088
1000
901
761
616
520
388
84
-33
-154
-407
-640
-880
-872
-1143
-1155
-1154
-1132
-1136
-1072
-898
-825
-747
-532
-358
-278
-97
81
196
347
474
562
620
740
774
717
758
703
648
483
442
276
21
-43
-327
-542
-907
-1081
-1308
-1582
-1734
-1972
-2101
-2251
-2301
-2317
-2368
-2298
-2194
-2074
-1945
-1722
-1543
-1241
-963
-709
-421
-68
273
491
829
1138
1431
1635
1859
2054
2133
2261
2472
2561
2552
2627
2650
2683
2598
2539
2415
2312
2236
2053
1603
1473
1176
771
441
85
9
-468
-680
-872
-1100
-1356
-1407
-1356
-1469
-1481
-1280
-1137
-1124
-902
-667
-563
-350
-180
-54
39
275
383
430
537
627
594
315
393
88
13
-344
-639
-948
-1223
-1348
-1776
-2059
-2190
-2233
-2431
-2639
-2574
-2479
-2412
-2419
-2319
-2001
-1677
-1369
-1200
-862
-540
-175
54
396
632
824
1172
1480
1706
1744
2036
2337
2408
2368
2439
2528
2561
2582
2491
2375
2241
2146
2077
1938
1839
1639
1576
1405
1194
796
694
330
25
-301
-719
-726
-1180
-1208
-1478
-1539
-1620
-1694
-1584
-1588
-1345
-1263
-1100
-831
-639
-436
-307
126
353
548
733
1012
1162
1185
1276
1170
1089
1028
874
691
518
227
-118
-398
-626
-1016
-1376
-1718
-1858
-2242
-2510
-2857
-3090
-3274
-3309
-3303
-3325
-3236
-2928
-2599
-2351
-1956
-1474
-974
-612
-191
229
745
1156
1503
1776
2084
2284
2491
2648
2826
2844
2848
2942
3001
2885
2777
2868
2883
2824
2715
2649
2576
2462
2251
2042
1763
1478
819
698
189
-275
-782
-1212
-1361
-2078
-2155
-2349
-2385
-2534
-2400
-2117
-2092
-1900
-1588
-1280
-1129
-705
-375
-233
93
356
599
633
1086
1087
1145
1228
1268
1217
854
786
498
180
-142
-530
-967
-1327
-1588
-1998
-2420
-2614
-2787
-3029
-3256
-3234
-3298
-3177
-3033
-2835
-2649
-2206
-1763
-1389
-960
-580
-100
276
759
1083
1365
1680
2038
2188
2287
2538
2710
2857
2900
2975
2951
2848
3015
2946
2843
2764
2668
2581
2410
2341
2016
1729
1504
1293
749
149
117
-435
-797
-1399
-1507
-1763
-2194
-2148
-2242
-2225
-2291
-1914
-1677
-1541
-1205
-840
-517
-282
210
506
788
1158
1373
1613
1645
1936
1901
1826
1698
1510
1339
1064
786
397
-82
-238
-795
-1204
-1650
-1996
-2317
-2881
-3123
-3561
-3910
-4026
-4037
-4112
-4204
-4053
-3759
-3506
-3207
-2836
-2259
-1661
-1105
-630
-1
625
1139
1481
1952
2390
2516
2760
3017
3269
3282
3442
3581
3550
3329
3234
3325
3328
3217
3075
2983
2905
2762
2466
2190
1890
1491
740
522
-26
-566
-1137
-1483
-1652
-2331
-2395
-2462
-2578
-2652
-2485
-2151
-2051
-1758
-1281
-1012
-699
-205
237
500
837
1158
1455
1675
2020
1975
2030
2096
1962
1876
1443
1300
980
389
202
-309
-781
-1225
-1753
-2092
-2769
-3056
-3550
-3943
-4149
-4327
-4462
-4594
-4473
-4278
-3986
-3605
-3165
-2720
-2210
-1558
-1095
-566
47
598
1047
1485
2071
2310
2621
2873
3177
3320
3482
3793
3840
3771
3763
3841
3814
3750
3626
3444
3290
3153
2888
2562
2249
2042
1403
883
633
-52
-594
-1304
-1478
-2064
-2531
-2579
-2753
-2834
-2864
-2559
-2409
-2220
-1819
-1354
-1040
-628
33
396
786
1239
1525
1722
1892
2085
2016
1992
1880
1749
1555
1329
1178
781
540
187
-226
-683
-1065
-1383
-2066
-2444
-2978
-3433
-4046
-4345
-4528
-4791
-4885
-4882
-4701
-4474
-4127
-3776
-3227
-2640
-2053
-1391
-792
-181
344
958
1534
1990
2341
2688
3026
3155
3310
3527
3697
3699
3710
3759
3795
3765
3723
3611
3534
3467
3397
3165
2973
2841
2600
1975
1479
1391
645
217
-517
-696
-1257
-1881
-1905
-2241
-2337
-2432
-2179
-2090
-1975
-1637
-1217
-978
-689
-132
157
562
945
1231
1350
1380
1760
1577
1683
1473
1414
1217
927
847
382
245
-135
-688
-1019
-1525
-1755
-2444
-2999
-3345
-3831
-4265
-4759
-4963
-5184
-5294
-5305
-5219
-4974
-4542
-4165
-3632
-3061
-2415
-1756
-1015
-220
363
1042
1804
2378
2665
3040
3509
3790
3937
4136
4313
4410
4446
4544
4448
4381
4339
4295
4075
3874
3728
3393
2996
2707
2355
1930
1141
925
459
-311
-857
-1528
-1714
-2400
-2612
-2732
-2884
-3050
-2896
-2553
-2288
-1960
-1521
-911
-567
48
607
1098
1492
1739
2064
2023
2240
2289
2206
2145
1941
1938
1518
1368
1018
789
421
137
-497
-939
-1302
-1867
-2330
-3119
-3406
-4024
-4560
-5003
-5361
-5532
-5811
-5754
-5619
-5456
-5058
-4563
-3838
-3308
-2577
-1829
-944
-282
312
1067
1696
2241
2594
3171
3475
3739
3848
4055
4228
4136
4234
4292
4307
4136
3995
4072
4029
3972
3631
3595
3265
3068
2699
2525
1800
1377
1074
310
-77
-926
-959
-1694
-2149
-2319
-2559
-2599
-2609
-2258
-2137
-1984
-1409
-933
-701
-270
412
603
917
1404
1732
1688
1595
1941
1726
1523
1276
1122
897
577
308
27
-290
-434
-1107
-1425
-1923
-2245
-2955
-3633
-3855
-4519
-4921
-5259
-5301
-5521
-5690
-5455
-5301
-5105
-4646
-4044
-3473
-2913
-2098
-1332
-410
207
1024
1772
2530
3044
3374
3987
4254
4510
4527
4805
4843
4619
4604
4621
4521
4192
4024
4108
3812
3599
3367
3222
2844
2638
2419
2102
1412
1179
717
-81
-490
-1306
-1472
-2329
-2581
-2766
-3058
-2955
-2877
-2614
-2348
-1883
-1296
-774
-481
151
603
886
1287
1742
1969
1783
1940
1966
1782
1526
1272
1150
787
545
105
-122
-451
-784
-1419
-1810
-1956
-2568
-2944
-3618
-3814
-4472
-4995
-5189
-5539
-5657
-5772
-5478
-5356
-5045
-4516
-3946
-3265
-2756
-1868
-1075
-201
576
1254
2090
2663
3269
3595
4170
4382
4467
4594
4776
4818
4573
4506
4413
4131
3962
3792
3641
3411
3259
3045
2814
2505
2266
2020
1744
1046
505
365
-295
-506
-1494
-1456
-2002
-2428
-2473
-2625
-2565
-2636
-2294
-1960
-1578
-1082
-364
1
567
1169
1546
1948
2243
2519
2476
2289
2537
2174
1841
1340
1105
680
186
-113
-545
-814
-1264
-1545
-2274
-2438
-3018
-3382
-3965
-4478
-4655
-5274
-5484
-5701
-5903
-6029
-5926
-5563
-5335
-4939
-4373
-3662
-3003
-2206
-1218
-269
627
1388
2289
2959
3624
4031
4513
4809
4952
4959
5001
5137
4956
4690
4542
4420
4132
3843
3646
3477
3298
3184
2948
2739
2440
2260
1923
1600
842
852
228
-302
-918
-1531
-1551
-2406
-2502
-2761
-2818
-2806
-2623
-2319
-2117
-1724
-1090
-539
-221
474
1082
1357
1772
1953
2250
1967
1974
2028
1626
1345
905
769
226
-99
-591
-919
-1344
-1723
-2245
-2670
-2857
-3447
-3704
-4234
-4321
-4699
-5114
-5127
-5330
-5432
-5435
-5174
-4788
-4565
-3933
-3187
-2458
-1773
-888
40
875
1544
2245
3070
3559
3940
4217
4611
4763
4675
4733
4761
4652
4315
4124
3991
3642
3413
3121
3045
2727
2582
2366
2202
1995
1719
1597
1299
938
247
305
-320
-695
-1371
-1654
-1818
-2404
-2420
-2555
-2400
-2358
-2048
-1436
-993
-411
267
870
1320
1911
2319
2574
2809
2920
2841
2330
2378
1962
1350
801
287
-184
-800
-1182
-1572
-1951
-2375
-2668
-3348
-3643
-4005
-4444
-4808
-5234
-5306
-5679
-5763
-5714
-5692
-5582
-5369
-5017
-4633
-4151
-3485
-2770
-2021
-1166
-281
632
1579
2363
3205
3912
4474
4884
5167
5476
5536
5374
5223
5080
4792
4349
4040
3775
3371
2927
2639
2404
2081
1905
1783
1720
1555
1462
1283
1180
527
423
91
-290
-731
-1392
-1450
-1877
-2129
-2278
-2208
-2128
-1872
-1509
-1024
-626
-48
576
1082
1746
2110
2456
2653
2767
2869
2361
2117
1890
1414
836
180
-137
-752
-1340
-1813
-2168
-2501
-2946
-3117
-3626
-3717
-3989
-4222
-4316
-4725
-4704
-4987
-4982
-5064
-5191
-5159
-4885
-4583
-4312
-3909
-3190
-2501
-1960
-1190
-314
526
1222
2015
2772
3327
3780
4240
4640
4875
4853
4797
4808
4687
4323
4041
3785
3619
3111
2860
2736
2505
2278
2102
2109
1995
1733
1745
1722
1554
1020
704
898
186
-212
-862
-809
-1154
-1774
-1637
-1748
-1747
-1732
-1296
-809
-627
-220
525
1043
1189
1720
2147
2360
2322
2331
2205
1727
1656
1071
476
-169
-731
-1228
-1846
-2213
-2604
-2992
-3126
-3314
-3582
-4001
-3911
-4121
-4272
-4605
-4708
-4649
-4995
-4784
-4831
-4824
-4793
-4471
-4018
-3758
-3331
-2627
-1847
-1244
-465
493
1342
2120
2839
3490
3961
4367
4713
4849
4819
4692
4639
4366
4169
3679
3374
3126
2722
2497
2287
2175
2080
2075
2082
2041
2125
2168
2264
2145
2073
1563
1404
1170
639
174
-473
-484
-1045
-1389
-1458
-1551
-1545
-1333
-952
-649
-350
185
843
999
1334
1781
1921
1967
1704
1736
1117
669
325
-340
-875
-1624
-1941
-2443
-2808
-3152
-3299
-3413
-3335
-3442
-3306
-3461
-3218
-3265
-3340
-3403
-3632
-3653
-3762
-3668
-4039
-4210
-4005
-3751
-3634
-3450
-2979
-2305
-1793
-1119
-347
436
1211
1974
2491
3072
3539
3914
4200
4232
4272
3950
3752
3549
3233
2906
2547
2434
2204
2051
2036
1864
1993
1985
2260
2333
2505
2703
2865
2877
2827
2583
2161
2186
1587
1109
370
87
-296
-1011
-1233
-1394
-1458
-1409
-1227
-901
-624
-286
97
496
705
1082
1258
1278
1178
975
660
-10
-388
-965
-1542
-2156
-2504
-2833
-3140
-3364
-3383
-3440
-3277
-3163
-2902
-2820
-2652
-2410
-2538
-2439
-2735
-2669
-2914
-3090
-3185
-3526
-3644
-3632
-3527
-3340
-3167
-2676
-2021
-1391
-875
-91
622
1379
2002
2612
3158
3328
3688
3769
3835
3539
3383
3394
3037
2653
2320
2164
2085
1906
1981
2111
2314
2657
3012
3309
3561
3805
3833
3964
3954
3779
3109
3017
2652
1783
1001
238
-28
-953
-1410
-1666
-1875
-2058
-1971
-1605
-1367
-1168
-665
-105
31
245
499
412
265
-79
-291
-830
-1353
-1768
-2343
-2739
-3184
-3211
-3338
-3207
-3119
-2865
-2530
-2105
-1910
-1553
-1487
-1257
-1131
-1343
-1270
-1861
-2096
-2530
-2707
-3143
-3664
-3683
-3645
-3665
-3585
-3299
-2696
-2272
-1734
-1093
-315
334
1033
1639
2085
2400
2524
2772
2679
2626
2366
2283
2162
1983
1786
1754
1771
1906
2071
2314
2656
3069
3609
4018
4472
4768
5058
5156
5215
4984
4606
3933
3435
2787
1788
973
166
-267
-961
-1553
-1679
-1869
-1870
-1768
-1518
-1219
-1026
-576
-320
-310
-165
-128
-412
-688
-1084
-1395
-2081
-2441
-2709
-3183
-3474
-3531
-3408
-3263
-2921
-2518
-1997
-1534
-868
-598
-258
42
-56
45
-376
-664
-1185
-1906
-2259
-2807
-3253
-3888
-4178
-4194
-4198
-4105
-3854
-3336
-2685
-2148
-1528
-681
-70
524
1068
1356
1679
1762
2026
2014
1708
1666
1603
1665
1450
1542
1740
1943
2260
2619
3135
3564
3992
4507
4979
5334
5493
5631
5675
5508
5218
4690
4124
3136
2778
1753
896
126
-650
-780
-1555
-1706
-1865
-2016
-1910
-1685
-1512
-1371
-1243
-904
-885
-1054
-970
-1155
-1576
-1871
-2109
-2239
-2787
-2822
-2800
-2942
-2846
-2773
-2209
-2038
-1523
-1134
-630
-154
109
346
357
531
27
-239
-675
-1201
-1747
-2700
-2822
-3316
-3831
-4219
-4420
-4407
-4504
-4248
-3824
-3336
-2826
-2221
-1496
-955
-467
25
584
847
1073
1342
1597
1869
1713
1886
2052
2184
2266
2483
2951
3144
3394
3939
4402
4761
5143
5588
5923
6022
6080
6102
5829
5422
4970
4358
3622
2589
2138
1152
278
-563
-1220
-1575
-2398
-2534
-2763
-2916
-2953
-2907
-2855
-2779
-2751
-2436
-2367
-2538
-2352
-2399
-2512
-2664
-2720
-2515
-2807
-2640
-2373
-2164
-1962
-1725
-1147
-875
-573
-184
171
528
723
767
760
657
364
-158
-393
-1047
-1396
-2244
-2619
-2981
-3688
-3904
-4271
-4217
-4275
-4102
-3692
-3473
-3145
-2553
-2012
-1409
-922
-337
273
760
1040
1448
1767
2081
2170
2351
2719
2819
2994
3188
3628
3894
4082
4586
5015
5249
5512
5801
6053
6058
5954
5901
5526
5000
4544
4044
3136
2273
1509
700
-158
-1125
-1647
-2156
-2656
-3052
-3171
-3330
-3438
-3463
-3399
-3354
-3289
-3047
-2904
-2785
-2679
-2537
-2463
-2453
-2377
-2276
-2353
-2151
-2056
-1734
-1508
-1295
-827
-574
-157
127
410
808
971
1092
1081
1098
890
613
-54
-453
-1033
-1761
-2159
-3029
-3287
-3962
-4215
-4426
-4669
-4492
-4363
-3897
-3572
-3099
-2439
-1788
-1161
-680
-72
437
875
1159
1514
1843
1889
2170
2376
2587
2661
2977
3300
3618
3953
4294
4760
5113
5456
5762
6018
6102
6084
5958
5686
5165
4654
4038
3400
2643
1809
753
220
-427
-1321
-1907
-2492
-2611
-3127
-3468
-3356
-3446
-3425
-3226
-3155
-3065
-3161
-2834
-2575
-2831
-2751
-2524
-2422
-2444
-2343
-2046
-2031
-1791
-1383
-1009
-811
-464
55
400
718
864
1085
1061
1183
922
581
467
2
-348
-1139
-1481
-2010
-2696
-2967
-3558
-3710
-4237
-4134
-4076
-4102
-3879
-3488
-2929
-2612
-2118
-1583
-918
-529
-69
376
659
1104
1212
1636
1894
2062
2340
2589
3055
3252
3620
4039
4520
4841
5160
5598
5910
5984
5991
6083
5921
5618
5252
4835
4215
3438
2920
2280
1512
764
83
-409
-1014
-1551
-1988
-2386
-2707
-2929
-3210
-3361
-3417
-3511
-3505
-3519
-3538
-3569
-3596
-3525
-3476
-3436
-3325
-3073
-2712
-2459
-2109
-1771
-1225
-868
-513
-124
333
586
701
844
893
985
737
607
354
120
-201
-523
-837
-1216
-1722
-2180
-2206
-2716
-2823
-3148
-3137
-3042
-3220
-2909
-2820
-2630
-2340
-2168
-1861
-1697
-1324
-875
-582
-387
-145
342
771
1083
1447
1964
2391
2889
3261
3743
4243
4550
5004
5220
5527
5710
5645
5770
5628
5360
5072
4777
4457
3921
3513
3001
2513
2046
1702
1296
666
210
-116
-499
-1079
-1484
-1926
-2367
-2807
-3237
-3463
-3863
-4021
-4202
-4456
-4465
-4357
-4126
-4024
-3848
-3592
-3224
-2858
-2399
-1861
-1543
-1130
-670
-320
-41
215
417
518
574
469
423
239
193
1
-293
-396
-440
-502
-616
-625
-587
-713
-809
-628
-843
-878
-1193
-1201
-1391
-1601
-1552
-1723
-1756
-1813
-1739
-1599
-1580
-1328
-940
-677
-390
6
573
1105
1512
1904
2407
2836
3331
3606
3917
4086
4217
4391
4504
4605
4521
4478
4467
4367
4150
3938
3701
3543
3195
2895
2634
2156
1801
1405
937
448
-120
-460
-964
-1542
-2168
-2610
-2856
-3277
-3591
-3896
-4056
-4157
-4235
-4160
-4015
-3947
-3799
-3419
-3231
-2987
-2731
-2238
-1854
-1788
-1411
-1133
-848
-720
-542
-354
-312
-254
-217
-243
-337
-333
-187
-106
53
211
419
624
830
980
1007
1066
894
975
514
418
69
-331
-505
-966
-1156
-1537
-1719
-1630
-1715
-1584
-1569
-1255
-951
-674
-328
45
472
864
1346
1604
2008
2180
2606
2663
2723
2878
2895
3091
3144
3314
3479
3647
3815
3889
3850
3913
3861
3782
3623
3344
3019
2554
2190
1700
1077
482
-60
-446
-1120
-1596
-2144
-2584
-2898
-3264
-3411
-3643
-3667
-3749
-3688
-3701
-3707
-3597
-3554
-3358
-3331
-3239
-3156
-2941
-2662
-2525
-2278
-2088
-1642
-1454
-1076
-710
-391
45
197
588
829
1191
1417
1603
1780
1856
2092
2075
2250
2151
2098
1958
1577
1232
865
335
7
-433
-915
-1229
-1625
-1871
-2144
-2381
-2451
-2489
-2405
-2347
-2204
-1925
-1679
-1381
-1059
-710
-341
55
310
696
1026
1393
1797
2188
2665
2935
3382
3829
4178
4422
4606
4864
4950
4983
4954
4767
4607
4197
3826
3319
2666
2027
1463
834
157
-442
-944
-1349
-1809
-2307
-2683
-2976
-3234
-3526
-3760
-3925
-4160
-4250
-4467
-4522
-4679
-4765
-4727
-4700
-4575
-4391
-3960
-3564
-3075
-2503
-1867
-1108
-416
255
902
1454
2036
2444
2756
2934
3174
3254
3230
3170
3117
2990
2795
2564
2339
2045
1716
1499
1079
689
339
-148
-397
-1011
-1340
-1754
-2203
-2486
-2994
-3255
-3439
-3561
-3626
-3561
-3424
-3155
-2884
-2532
-1958
-1495
-903
-267
393
1011
1605
2373
2949
3541
4054
4547
5048
5289
5542
5575
5528
5400
5160
4830
4387
3989
3460
2903
2361
1851
1302
819
296
-209
-754
-1253
-1676
-2255
-2776
-3249
-3707
-4120
-4562
-4912
-5179
-5425
-5470
-5459
-5410
-5250
-4903
-4452
-3943
-3366
-2735
-2044
-1267
-434
326
1046
1832
2549
3105
3592
3928
4173
4336
4347
4253
3996
3683
3345
3024
2574
2195
1812
1534
1175
800
533
141
-283
-691
-1217
-1606
-2223
-2574
-3139
-3693
-3966
-4426
-4560
-4901
-4934
-4756
-4641
-4307
-3887
-3411
-2854
-2324
-1605
-923
-191
489
1304
1911
2619
3204
3762
4366
4610
4949
5105
5391
5430
5470
5416
5225
5025
4747
4468
3980
3493
3023
2405
1747
1014
357
-420
-1111
-1737
-2430
-3011
-3649
-3873
-4186
-4416
-4432
-4369
-4184
-4084
-3883
-3610
-3326
-3023
-2719
-2437
-2045
-1691
-1301
-882
-360
101
631
1204
1729
2197
2665
3160
3549
3851
4009
4147
4156
3934
3724
3305
2729
2101
1358
703
-29
-723
-1373
-1808
-2262
-2586
-2829
-2936
-3079
-3158
-3368
-3279
-3293
-3347
-3256
-3427
-3211
-3319
-3220
-3203
-3252
-3065
-2800
-2473
-2129
-1836
-1368
-740
-250
292
923
1531
2236
2713
3270
3750
4159
4672
4910
5132
5052
4956
4800
4475
4009
3417
2828
2345
1635
1012
425
-153
-607
-1107
-1463
-1679
-1689
-1621
-1403
-1310
-1097
-802
-588
-391
-336
-303
-286
-356
-511
-839
-1046
-1224
-1263
-1333
-1336
-1218
-996
-606
-273
165
625
1165
1603
2001
2243
2401
2511
2489
2326
1912
1432
1001
407
-295
-1061
-1642
-2174
-2668
-3063
-3296
-3356
-3265
-3076
-2878
-2584
-2260
-1810
-1336
-1045
-747
-782
-619
-683
-939
-1118
-1595
-1644
-2008
-2089
-2092
-2139
-1957
-1693
-1258
-908
-451
120
686
1135
1565
2008
2310
2670
2744
2834
2817
2714
2672
2321
2128
1747
1542
1347
1208
1055
935
970
1024
1040
1036
1130
1271
1448
1580
1705
1868
2023
2203
2306
2209
2152
2075
1928
1642
1286
873
498
128
-285
-640
-918
-1095
-1202
-1279
-1356
-1357
-1267
-1241
-1119
-1126
-1144
-1148
-1267
-1388
-1642
-1768
-1891
-2010
-2140
-2226
-2310
-2327
-2330
-2300
-2244
-2125
-1887
-1571
-1341
-1029
-701
-385
-135
127
369
569
709
739
760
663
513
294
168
-233
-290
-679
-734
-863
-1067
-1111
-1344
-1374
-1381
-1340
-1384
-1419
-1350
-1193
-1136
-989
-833
-597
-366
-146
75
451
746
1207
1548
1891
2228
2620
3019
3246
3569
3774
3999
4188
4248
4206
4132
4038
4000
3894
3682
3499
3260
3043
2862
2501
2200
1773
1372
920
394
-83
-551
-996
-1507
-2032
-2461
-2847
-3241
-3591
-3846
-3993
-4078
-4062
-3995
-3945
-3859
-3630
-3420
-3113
-2889
-2558
-2191
-1871
-1514
-1200
-930
-619
-340
-60
178
330
500
623
658
683
684
723
760
781
822
883
947
926
827
808
650
512
62
-170
-567
-1113
-1470
-2036
-2266
-2613
-2773
-2995
-3115
-3083
-2959
-2732
-2517
-2124
-1719
-1160
-688
-195
421
1023
1732
2163
2762
3237
3688
4243
4475
4827
4981
5196
5274
5269
5163
5063
4936
4740
4530
4185
3942
3629
3378
2946
2427
2044
1598
1239
638
125
-440
-1070
-1599
-2162
-2715
-3323
-3791
-4254
-4678
-5000
-5206
-5268
-5265
-5182
-5044
-4812
-4433
-4043
-3553
-3072
-2499
-1958
-1451
-946
-451
-82
199
485
636
800
894
952
917
838
778
779
692
605
651
636
600
567
520
544
544
478
397
289
58
-121
-340
-601
-951
-1296
-1511
-1844
-1967
-2190
-2161
-2100
-1900
-1682
-1445
-1026
-584
-108
362
791
1240
1726
2059
2349
2674
2962
3292
3485
3738
3986
4045
4289
4366
4374
4292
4238
4149
4026
3787
3499
3182
2812
2384
1895
1395
909
537
39
-539
-991
-1447
-1784
-2200
-2599
-2869
-3122
-3293
-3487
-3646
-3747
-3786
-3873
-3805
-3851
-3761
-3607
-3397
-3114
-2893
-2491
-2102
-1795
-1507
-1181
-840
-549
-262
-44
119
277
363
457
436
494
531
570
583
663
683
686
688
615
543
334
268
143
-24
-224
-336
-347
-381
-397
-386
-308
-253
-195
-112
92
100
324
451
610
741
779
1030
1110
1199
1150
1119
1186
1144
1206
1203
1253
1341
1519
1645
1661
1805
1848
2046
2044
2053
2061
2020
1941
1765
1634
1412
1232
997
760
480
108
-143
-393
-722
-981
-1222
-1291
-1400
-1477
-1573
-1495
-1475
-1440
-1463
-1488
-1475
-1466
-1445
-1548
-1656
-1790
-1846
-1916
-2034
-2076
-1994
-1905
-1712
-1516
-1389
-1197
-910
-649
-375
-233
-66
53
142
192
224
241
159
103
-26
-107
-165
-85
-21
30
75
115
211
287
340
480
584
765
876
1072
1168
1272
1355
1349
1429
1447
1496
1506
1576
1526
1488
1381
1436
1298
1289
1085
994
863
651
553
274
43
-177
-423
-598
-869
-1069
-1140
-1244
-1279
-1262
-1164
-1009
-811
-726
-538
-426
-146
19
142
159
166
312
357
364
292
292
313
233
107
-4
11
3
-57
-114
-120
-87
-18
61
23
31
50
151
85
-41
-157
-282
-306
-451
-591
-706
-852
-982
-1093
-1254
-1354
-1368
-1296
-1223
-1206
-1096
-1046
-866
-675
-569
-330
-110
154
334
535
760
998
1218
1327
1369
1431
1510
1579
1569
1586
1624
1570
1518
1440
1434
1448
1431
1385
1324
1224
1150
1099
988
880
660
423
163
-85
-407
-692
-1126
-1438
-1707
-2002
-2187
-2509
-2727
-2881
-2988
-3071
-3183
-3127
-3033
-2904
-2739
-2477
-2145
-1745
-1332
-1000
-611
-246
226
684
961
1160
1394
1702
1918
2020
1975
1991
2011
1949
1880
1817
1851
1815
1770
1763
1695
1689
1719
1797
1708
1578
1494
1402
1208
831
477
117
-159
-556
-901
-1284
-1552
-1748
-1920
-1921
-1961
-1939
-1754
-1597
-1381
-1076
-762
-368
-51
247
597
945
1255
1492
1621
1779
1836
1835
1796
1766
1671
1511
1359
1251
1090
948
865
762
674
488
434
325
250
49
-113
-275
-498
-810
-1126
-1419
-1720
-2048
-2421
-2721
-3089
-3385
-3718
-3943
-4034
-4078
-4011
-4031
-3926
-3679
-3407
-3005
-2743
-2341
-1887
-1351
-816
-391
109
582
1038
1396
1667
1951
2206
2513
2638
2696
2740
2861
3040
3080
3081
2998
3079
3104
3048
2922
2858
2784
2644
2488
2288
2080
1863
1642
1306
902
554
243
16
-357
-653
-825
-1013
-1065
-1160
-1159
-1124
-988
-798
-646
-489
-335
-123
39
206
377
536
607
674
711
697
725
738
697
623
579
588
548
521
456
348
277
146
-87
-298
-522
-839
-1109
-1475
-1784
-2100
-2406
-2681
-2950
-3132
-3411
-3529
-3605
-3661
-3612
-3509
-3254
-3108
-2887
-2648
-2391
-2119
-1997
-1731
-1564
-1325
-1122
-977
-768
-552
-298
-44
189
352
617
900
1237
1517
1772
2123
2453
2754
2989
3174
3388
3553
3646
3663
3594
3550
3456
3307
3076
2858
2656
2425
2132
1828
1645
1517
1395
1236
1142
1058
1032
1046
1063
1024
987
951
883
728
570
394
146
-102
-350
-552
-776
-968
-1152
-1288
-1467
-1515
-1487
-1470
-1400
-1351
-1300
-1228
-1120
-1052
-998
-1004
-1037
-1124
-1252
-1401
-1562
-1792
-2059
-2333
-2550
-2668
-2803
-2891
-2950
-2936
-2869
-2740
-2570
-2265
-1962
-1688
-1447
-1196
-929
-750
-545
-360
-182
-31
138
257
295
355
420
508
563
610
605
628
662
692
761
822
828
803
820
765
743
684
659
616
643
767
951
1156
1411
1665
1924
2191
2480
2786
2995
3187
3285
3326
3388
3375
3292
3176
3065
2986
2910
2815
2746
2646
2574
2508
2347
2219
2092
1946
1712
1391
1018
641
194
-261
-816
-1388
-1935
-2547
-3096
-3590
-4003
-4334
-4576
-4693
-4683
-4634
-4495
-4300
-4075
-3775
-3517
-3282
-3080
-2911
-2756
-2641
-2580
-2494
-2422
-2341
-2253
-2140
-1933
-1681
-1435
-1158
-865
-481
-54
348
776
1149
1468
1688
1869
1958
1973
1934
1832
1748
1548
1338
1109
878
645
474
278
106
-15
-44
-16
-70
-29
53
209
374
448
550
696
796
914
953
1041
1213
1388
1593
1720
1923
2170
2458
2774
3008
3290
3580
3803
3964
4019
4089
4100
4074
3929
3728
3522
3298
2962
2621
2154
1636
1146
649
127
-457
-994
-1535
-2037
-2553
-3072
-3503
-3918
-4281
-4612
-4914
-5128
-5304
-5396
-5489
-5473
-5390
-5208
-4989
-4709
-4402
-4047
-3676
-3264
-2831
-2440
-2025
-1635
-1239
-846
-434
-48
302
669
1053
1351
1662
1953
2192
2370
2508
2622
2715
2776
2784
2751
2640
2455
2247
1995
1750
1491
1239
989
735
574
392
268
217
195
234
310
392
537
593
705
796
931
1021
1109
1277
1345
1366
1385
1390
1363
1347
1315
1245
1201
1170
1179
1186
1195
1254
1307
1403
1441
1487
1456
1382
1334
1249
1046
839
645
354
-1
-336
-652
-1000
-1346
-1678
-1982
-2250
-2509
-2687
-2823
-2962
-3023
-3060
-3045
-3031
-2943
-2890
-2831
-2730
-2723
-2659
-2658
-2621
-2635
-2644
-2574
-2530
-2388
-2204
-1929
-1662
-1386
-1060
-710
-326
56
468
811
1152
1449
1694
1915
2055
2203
2246
2278
2232
2160
2058
1958
1905
1769
1757
1736
1765
1838
1933
2025
2111
2149
2168
2156
2070
2020
1852
1674
1431
1113
864
544
322
117
-133
-307
-542
-621
-652
-602
-532
-518
-402
-337
-223
-164
-62
9
71
96
121
174
163
181
146
111
23
-61
-93
-135
-208
-351
-388
-363
-322
-332
-394
-404
-435
-432
-399
-475
-570
-667
-765
-920
-1158
-1371
-1572
-1727
-1922
-2131
-2308
-2471
-2615
-2748
-2836
-2898
-2910
-2811
-2722
-2578
-2471
-2284
-1998
-1748
-1452
-1176
-873
-614
-333
-71
224
521
818
1133
1486
1822
2106
2463
2727
2973
3223
3418
3713
3914
4035
4119
4173
4186
4136
4052
3903
3676
3405
3090
2721
2361
2008
1603
1247
865
496
181
-109
-327
-584
-783
-947
-1122
-1269
-1384
-1525
-1686
-1879
-2075
-2237
-2422
-2580
-2679
-2737
-2789
-2816
-2724
-2625
-2466
-2267
-2076
-1824
-1604
-1296
-1007
-751
-547
-368
-242
-129
-87
-110
-122
-216
-285
-342
-435
-473
-511
-483
-460
-408
-277
-191
-108
-63
-27
45
91
123
118
61
-6
-119
-202
-286
-320
-342
-366
-392
-356
-293
-211
-25
176
435
703
978
1330
1659
1975
2245
2474
2675
2852
2951
2973
2934
2924
2845
2740
2640
2498
2376
2161
1977
1800
1609
1439
1328
1204
1105
966
774
572
312
14
-330
-694
-1087
-1436
-1809
-2164
-2496
-2818
-3073
-3297
-3499
-3621
-3723
-3744
-3670
-3598
-3453
-3283
-3075
-2860
-2661
-2394
-2171
-1953
-1814
-1679
-1493
-1288
-1024
-747
-448
-145
200
529
844
1201
1576
1944
2258
2504
2740
2898
2991
3020
2945
2813
2663
2484
2234
1992
1766
1499
1198
915
636
375
121
-71
-263
-426
-553
-663
-695
-775
-884
-938
-982
-1025
-1094
-1165
-1165
-1104
-1040
-957
-830
-646
-471
-282
-42
187
400
631
902
1142
1362
1517
1675
1781
1802
1724
1628
1521
1320
1137
932
744
604
455
262
68
-138
-326
-519
-730
-902
-1096
-1283
-1434
-1639
-1813
-2003
-2157
-2257
-2357
-2410
-2462
-2474
-2470
-2402
-2297
-2174
-1974
-1735
-1407
-1117
-820
-476
-133
212
527
833
1171
1462
1698
1968
2145
2316
2436
2523
2583
2588
2575
2542
2474
2423
2325
2227
2128
1962
1757
1537
1312
1088
871
618
387
119
-167
-406
-662
-905
-1232
-1493
-1729
-1926
-2033
-2137
-2172
-2225
-2229
-2191
-2121
-2007
-1886
-1701
-1507
-1286
-1099
-835
-575
-310
-80
85
301
443
662
813
951
1082
1198
1319
1372
1396
1394
1399
1338
1309
1245
1131
1049
919
789
632
433
271
100
-77
-229
-358
-489
-594
-747
-883
-960
-1047
-1093
-1162
-1213
-1227
-1236
-1206
-1137
-1104
-1070
-1002
-956
-902
-840
-774
-676
-623
-557
-455
-339
-193
-42
71
199
305
416
563
688
795
899
977
1021
1071
1075
1092
1086
1060
1049
1037
1024
1050
1057
1109
1152
1161
1161
1110
1064
1002
929
805
693
599
434
272
94
-71
-239
-420
-565
-688
-815
-871
-899
-913
-940
-959
-931
-908
-844
-796
-740
-722
-677
-631
-575
-495
-445
-358
-268
-222
-172
-111
-29
62
131
227
299
340
365
377
359
341
299
258
229
161
61
-17
-131
-218
-318
-454
-547
-655
-724
-760
-813
-851
-917
-986
-983
-1030
-1054
-1076
-1085
-1083
-1035
-965
-901
-782
-648
-493
-327
-148
30
288
541
776
1019
1246
1461
1646
1797
1987
2127
2251
2390
2486
2556
2601
2606
2593
2525
2427
2327
2184
1937
1679
1405
1109
802
473
157
-164
-464
-792
-1111
-1386
-1631
-1847
-2063
-2242
-2405
-2556
-2674
-2821
-2903
-2933
-2897
-2855
-2765
-2677
-2543
-2391
-2233
-2040
-1851
-1578
-1280
-944
-620
-314
0
299
584
895
1178
1401
1638
1802
1910
1985
1994
2004
1960
1932
1840
1732
1592
1423
1273
1105
951
754
575
362
190
17
-187
-309
-404
-518
-646
-732
-805
-922
-984
-1040
-1088
-1064
-1014
-893
-799
-666
-513
-354
-149
20
205
380
492
585
711
817
930
1032
1109
1152
1167
1166
1171
1147
1130
1142
1132
1129
1135
1083
994
872
723
621
451
260
69
-144
-393
-609
-845
-1071
-1269
-1452
-1603
-1683
-1704
-1743
-1708
-1642
-1540
-1436
-1322
-1228
-1065
-946
-825
-656
-515
-385
-265
-135
-31
62
145
283
401
503
558
617
680
754
833
909
953
992
1017
994
1000
962
900
788
707
572
441
344
213
119
6
-117
-242
-376
-462
-548
-615
-643
-648
-662
-690
-676
-642
-629
-608
-588
-549
-515
-466
-425
-394
-358
-322
-284
-261
-171
-101
-40
9
118
166
197
255
349
453
548
664
757
837
859
878
902
897
858
765
666
563
443
346
258
222
173
131
98
81
87
86
92
95
90
51
-18
-103
-190
-291
-341
-397
-460
-539
-632
-681
-725
-734
-684
-666
-622
-577
-503
-386
-321
-208
-108
-34
-36
-15
-12
-40
-33
-76
-95
-106
-110
-106
-101
-57
-50
-22
-7
35
92
181
252
291
321
295
287
228
207
174
102
4
-96
-173
-234
-310
-346
-353
-347
-360
-333
-274
-231
-208
-181
-130
-93
-38
-7
54
95
151
208
232
282
342
379
404
422
481
507
543
626
676
713
754
813
859
881
908
920
923
901
881
840
807
757
687
658
556
463
369
328
234
136
59
-72
-213
-360
-466
-617
-760
-880
-985
-1089
-1181
-1283
-1372
-1437
-1472
-1513
-1535
-1511
-1462
-1415
-1338
-1250
-1181
-1090
-1020
-930
-832
-734
-611
-480
-364
-273
-141
-15
60
118
189
298
390
453
526
582
620
649
701
714
719
728
740
755
740
747
706
679
647
601
546
505
458
402
389
342
324
287
245
201
136
109
79
50
-1
14
3
2
1
-10
12
34
71
124
181
261
314
378
468
542
612
666
733
816
853
853
871
829
788
730
682
669
579
493
420
340
243
106
-24
-178
-345
-546
-736
-904
-1075
-1230
-1382
-1509
-1666
-1762
-1863
-1934
-1954
-1946
-1922
-1857
-1728
-1599
-1433
-1288
-1095
-915
-749
-586
-432
-296
-138
-33
70
137
246
374
464
548
645
763
844
948
1059
1161
1286
1391
1494
1578
1593
1568
1526
1470
1343
1208
1060
925
738
599
488
358
246
95
5
-56
-109
-149
-143
-128
-110
-100
-111
-101
-118
-132
-178
-202
-207
-234
-233
-231
-252
-267
-210
-163
-109
-39
-13
38
81
157
192
223
259
219
184
131
46
-41
-138
-231
-311
-381
-432
-472
-511
-526
-535
-531
-514
-523
-527
-548
-568
-570
-593
-631
-695
-803
-871
-906
-915
-960
-998
-975
-936
-856
-734
-626
-515
-391
-263
-130
-4
126
244
393
514
592
652
712
776
792
787
794
832
859
841
866
881
885
903
906
916
931
923
900
886
808
695
595
471
323
197
80
-21
-141
-254
-337
-401
-436
-441
-440
-416
-382
-372
-301
-242
-190
-158
-115
-53
-61
-48
-81
-90
-81
-48
-24
2
28
32
96
159
195
239
273
274
307
316
312
310
264
202
127
42
-33
-81
-149
-205
-224
-269
-314
-346
-378
-417
-394
-372
-349
-368
-379
-409
-426
-465
-500
-524
-566
-563
-569
-591
-623
-595
-584
-552
-475
-388
-264
-150
-52
49
151
239
314
419
460
494
524
518
457
401
375
349
362
331
348
342
332
314
317
325
316
294
291
283
286
261
219
154
70
-22
-112
-221
-316
-382
-426
-414
-423
-386
-348
-308
-258
-229
-174
-116
-42
-5
55
119
177
237
234
277
285
272
248
222
234
225
232
225
244
222
234
224
238
247
245
234
200
164
100
9
-79
-164
-229
-314
-397
-439
-454
-452
-471
-465
-485
-459
-444
-403
-347
-307
-294
-259
-205
-184
-140
-77
-30
31
82
123
121
128
137
146
168
203
248
255
294
285
296
290
317
316
294
296
309
319
312
289
301
269
251
244
238
214
188
195
192
184
146
131
107
96
99
49
-11
-45
-91
-134
-178
-211
-276
-327
-372
-380
-379
-431
-483
-535
-583
-627
-638
-608
-627
-621
-594
-601
-610
-582
-528
-507
-460
-433
-400
-360
-277
-226
-149
-43
51
204
298
404
482
578
668
717
796
871
916
942
968
972
964
972
994
986
945
900
851
794
731
638
578
508
425
339
245
150
52
-38
-156
-259
-352
-433
-530
-629
-709
-769
-776
-788
-791
-774
-787
-780
-747
-715
-698
-717
-733
-724
-711
-645
-589
-514
-441
-401
-370
-342
-292
-243
-177
-115
-44
23
82
120
140
138
119
65
33
13
-45
-145
-250
-298
-356
-356
-366
-377
-378
-376
-327
-288
-240
-167
-69
10
75
129
204
265
363
458
531
593
674
765
848
924
990
1078
1147
1219
1279
1339
1396
1438
1461
1457
1455
1414
1326
1232
1125
988
847
689
531
381
247
95
-19
-152
-300
-438
-579
-695
-809
-867
-938
-992
-1027
-1075
-1131
-1159
-1199
-1251
-1243
-1247
-1271
-1298
-1294
-1303
-1288
-1251
-1201
-1157
-1100
-1029
-972
-889
-806
-759
-721
-652
-605
-529
-428
-309
-206
-125
-13
86
168
226
286
303
358
401
426
491
495
539
561
589
616
647
637
639
637
650
671
664
715
712
711
706
695
750
822
867
885
903
921
919
920
901
890
877
865
853
822
781
739
661
598
536
467
390
341
303
217
172
94
6
-69
-168
-240
-300
-414
-528
-649
-766
-870
-987
-1096
-1167
-1224
-1278
-1320
-1337
-1370
-1380
-1380
-1350
-1353
-1314
-1264
-1237
-1163
-1108
-1059
-1032
-980
-945
-939
-912
-845
-764
-667
-579
-459
-362
-250
-106
28
122
240
361
513
637
744
832
892
960
1030
1094
1122
1180
1198
1202
1212
1212
1264
1288
1308
1293
1290
1258
1214
1163
1092
1028
974
919
859
768
668
590
492
401
346
274
193
149
106
62
-3
-55
-88
-150
-153
-170
-183
-164
-153
-149
-178
-187
-211
-236
-265
-289
-328
-365
-405
-461
-483
-540
-575
-600
-646
-642
-657
-670
-665
-666
-688
-739
-742
-787
-848
-903
-968
-990
-1015
-1025
-1066
-1116
-1135
-1130
-1093
-1040
-986
-903
-808
-716
-631
-543
-455
-378
-286
-192
-92
-25
60
124
155
199
257
310
385
457
555
659
730
802
870
941
1003
1072
1124
1161
1189
1216
1209
1187
1175
1125
1058
1030
966
905
845
790
746
713
672
644
601
568
553
515
461
397
312
250
218
201
204
201
181
156
123
113
115
105
77
22
-34
-81
-141
-191
-235
-269
-336
-386
-441
-490
-522
-561
-593
-623
-680
-736
-834
-912
-997
-1096
-1157
-1209
-1273
-1346
-1372
-1402
-1433
-1446
-1474
-1467
-1415
-1340
-1265
-1185
-1103
-1021
-935
-839
-722
-613
-510
-388
-262
-145
-44
89
200
293
420
543
645
735
831
955
1069
1162
1238
1309
1388
1442
1501
1540
1593
1598
1559
1550
1550
1511
1451
1387
1336
1276
1201
1132
1040
983
921
848
788
732
673
616
550
458
357
234
100
-3
-105
-214
-284
-361
-425
-504
-576
-638
-726
-811
-851
-883
-902
-909
-913
-944
-958
-956
-986
-1018
-1048
-1101
-1146
-1150
-1144
-1142
-1133
-1141
-1148
-1152
-1146
-1110
-1077
-1043
-996
-980
-980
-944
-946
-916
-874
-829
-757
-693
-586
-481
-380
-272
-194
-96
-3
75
173
296
401
508
625
725
821
913
1011
1074
1118
1185
1214
1225
1249
1303
1336
1398
1450
1483
1504
1509
1526
1500
1471
1437
1384
1325
1273
1206
1144
1064
1018
967
897
810
708
604
500
411
325
225
120
-7
-116
-231
-383
-507
-620
-704
-788
-871
-921
-967
-1001
-1035
-1078
-1125
-1178
-1208
-1200
-1169
-1144
-1127
-1109
-1073
-1077
-1071
-1060
-1050
-1022
-978
-963
-949
-908
-895
-873
-882
-897
-882
-850
-796
-724
-654
-596
-547
-493
-454
-406
-336
-254
-146
-50
76
167
288
375
464
550
630
737
838
927
987
1072
1148
1184
1193
1188
1200
1231
1232
1238
1247
1258
1261
1258
1234
1217
1179
1141
1078
994
917
802
689
583
485
392
282
154
63
-44
-123
-213
-271
-284
-303
-338
-358
-396
-435
-484
-548
-593
-665
-722
-779
-793
-791
-803
-811
-826
-846
-909
-953
-993
-984
-966
-956
-903
-874
-829
-782
-714
-644
-601
-553
-525
-499
-459
-407
-374
-338
-317
-290
-248
-203
-160
-120
-78
-42
-9
15
69
83
125
172
205
274
345
421
495
565
625
691
748
770
780
844
869
872
891
870
843
844
862
847
856
852
844
843
808
799
777
742
698
633
567
488
429
364
292
205
121
51
-19
-69
-118
-168
-228
-281
-327
-347
-364
-375
-382
-370
-351
-369
-396
-396
-438
-484
-532
-589
-643
-718
-769
-800
-839
-823
-828
-817
-787
-764
-729
-697
-657
-643
-644
-648
-640
-620
-602
-575
-556
-529
-496
-451
-406
-347
-298
-253
-198
-96
-19
35
91
154
218
313
405
486
572
627
696
731
742
756
753
741
714
709
727
719
742
756
770
764
762
755
701
667
604
532
463
387
331
285
222
181
99
9
-56
-114
-165
-161
-180
-180
-174
-197
-188
-189
-170
-150
-148
-146
-169
-192
-213
-235
-245
-244
-243
-241
-253
-280
-308
-357
-372
-351
-304
-295
-276
-265
-287
-298
-317
-310
-314
-333
-320
-305
-327
-314
-327
-325
-309
-298
-266
-253
-186
-132
-59
-10
20
44
53
59
52
66
98
130
164
192
217
231
248
271
281
290
304
323
318
309
313
318
336
359
389
386
390
373
342
341
347
327
320
299
290
331
361
403
372
317
275
210
176
151
136
134
114
107
93
23
-58
-112
-171
-205
-252
-280
-308
-340
-342
-354
-333
-330
-322
-316
-324
-280
-252
-244
-217
-228
-238
-264
-306
-313
-328
-350
-377
-400
-380
-344
-315
-313
-314
-330
-346
-348
-343
-291
-230
-177
-139
-128
-115
-126
-150
-144
-130
-108
-104
-92
-73
-53
-24
-18
-13
1
45
76
123
155
154
168
177
169
191
227
257
314
355
363
367
360
344
351
330
340
367
350
339
341
308
295
290
265
259
228
242
283
313
316
315
309
305
267
240
232
175
148
134
115
86
19
-38
-127
-178
-207
-242
-238
-249
-219
-218
-256
-260
-279
-288
-294
-305
-314
-313
-292
-286
-266
-290
-288
-290
-281
-299
-292
-266
-232
-166
-102
-60
-62
-61
-60
-25
20
68
115
165
184
164
138
122
111
126
117
122
140
129
144
115
93
61
57
46
44
12
15
18
0
19
42
64
69
73
83
97
95
142
177
191
227
253
254
247
233
215
197
195
179
153
124
105
67
54
19
10
-32
-24
-14
-54
-81
-124
-160
-199
-219
-254
-284
-307
-333
-382
-393
-424
-451
-490
-484
-460
-475
-471
-467
-485
-486
-473
-411
-364
-314
-261
-207
-155
-125
-103
-89
-50
18
67
117
160
176
226
232
251
277
282
332
361
375
432
456
515
563
573
580
581
573
582
582
548
518
452
377
332
278
228
227
226
212
165
137
101
71
48
17
-21
-54
-78
-111
-133
-161
-169
-207
-221
-272
-300
-275
-297
-306
-310
-339
-336
-336
-334
-342
-330
-298
-299
-261
-236
-249
-219
-180
-175
-143
-143
-136
-134
-136
-137
-131
-150
-152
-154
-125
-89
-43
24
63
110
150
197
233
257
254
265
267
294
299
283
275
223
190
177
142
132
92
34
6
-25
-55
-73
-82
-132
-154
-140
-100
-78
-55
-38
-31
-44
-49
-80
-97
-106
-119
-112
-99
-61
-40
-20
-1
17
32
68
84
84
75
61
48
44
34
-15
-28
-36
-68
-65
-81
-105
-109
-106
-89
-74
-38
-41
-38
-30
-25
-20
-22
-13
-10
-22
-46
-39
-29
7
54
79
115
148
167
176
189
185
186
213
236
227
226
217
205
212
206
207
180
166
170
136
111
92
81
43
7
-28
-58
-64
-96
-128
-191
-241
-294
-346
-381
-421
-437
-449
-481
-495
-496
-496
-477
-475
-448
-417
-367
-326
-281
-265
-229
-166
-111
-31
62
126
188
250
311
372
420
464
502
554
576
599
598
614
601
562
543
521
476
432
389
322
249
176
114
84
39
27
23
-4
-5
-10
-18
-27
-25
-37
-57
-77
-91
-118
-148
-131
-131
-122
-141
-141
-122
-144
-167
-169
-173
-193
-199
-209
-237
-238
-196
-188
-175
-160
-172
-188
-185
-185
-179
-187
-188
-214
-237
-254
-254
-254
-271
-259
-243
-235
-221
-210
-212
-217
-208
-225
-218
-201
-214
-187
-166
-103
-48
-15
13
23
47
55
89
97
138
181
201
272
324
378
411
426
450
447
457
454
457
461
437
428
420
428
399
384
407
414
402
383
376
382
347
298
259
210
168
123
61
-1
-75
-142
-173
-186
-221
-260
-272
-269
-286
-309
-286
-298
-322
-345
-349
-334
-329
-320
-332
-367
-392
-415
-413
-382
-344
-347
-338
-310
-282
-259
-224
-196
-170
-154
-141
-119
-85
-82
-84
-43
-43
-9
21
33
41
43
41
62
93
121
150
161
196
226
246
293
280
268
277
291
295
292
293
272
257
249
241
237
213
193
169
163
135
97
69
51
32
48
102
103
120
110
65
45
40
49
45
14
-4
-13
4
4
-14
-46
-105
-190
-201
-221
-223
-225
-268
-282
-298
-292
-273
-240
-239
-254
-254
-258
-224
-176
-115
-84
-67
-56
-55
-57
-60
-62
-19
15
50
88
112
97
118
150
145
145
153
134
78
46
21
-5
-31
-63
-59
-49
-33
-15
-10
11
-9
-1
-2
9
-4
-9
-22
-37
-60
-102
-113
-135
-166
-145
-161
-153
-128
-113
-67
-44
-2
39
56
48
72
88
87
107
100
111
105
113
147
162
181
215
240
266
282
299
319
353
364
351
329
304
293
258
249
214
177
160
122
86
60
10
-16
-50
-58
-64
-82
-107
-125
-133
-138
-133
-123
-122
-108
-106
-123
-117
-134
-109
-113
-131
-135
-119
-149
-164
-162
-180
-173
-201
-198
-217
-221
-224
-252
-277
-299
-296
-301
-293
-297
-298
-271
-259
-248
-213
-179
-150
-91
-64
-2
43
55
64
71
93
72
83
105
126
153
170
213
260
267
271
287
306
294
298
304
305
323
315
346
338
317
288
249
221
189
173
169
191
187
166
165
139
105
64
25
11
-26
-28
-31
-62
-85
-135
-184
-219
-238
-217
-187
-174
-133
-124
-134
-158
-196
-230
-227
-208
-217
-204
-193
-197
-215
-208
-191
-193
-167
-183
-190
-204
-220
-233
-227
-185
-182
-183
-167
-161
-174
-175
-157
-171
-186
-172
-150
-141
-134
-108
-123
-138
-113
-75
-42
-23
28
53
65
103
138
199
261
305
376
438
471
497
521
542
591
601
627
653
616
594
584
571
554
525
513
482
445
396
322
249
166
70
-20
-74
-134
-180
-215
-254
-295
-326
-349
-391
-443
-471
-462
-449
-427
-387
-365
-365
-351
-349
-362
-347
-339
-325
-316
-334
-331
-332
-349
-311
-280
-249
-240
-219
-168
-145
-94
-38
13
62
119
154
152
162
150
173
200
172
178
158
149
143
133
136
86
54
45
27
37
46
56
53
33
52
46
39
43
34
33
58
68
105
117
122
144
152
145
146
145
164
182
193
183
177
189
158
171
152
173
157
126
122
87
60
37
12
17
5
-20
-38
-73
-77
-92
-100
-103
-106
-130
-154
-160
-143
-172
-199
-217
-239
-263
-269
-276
-292
-272
-253
-206
-190
-167
-174
-205
-216
-239
-239
-233
-198
-142
-112
-97
-61
-56
-75
-63
-92
-113
-113
-100
-100
-102
-74
-46
-16
-12
-17
0
29
64
102
133
151
150
129
133
164
184
191
241
280
305
315
331
341
363
373
399
421
415
426
417
422
405
379
368
352
341
332
334
333
322
304
266
246
252
255
221
182
159
106
60
49
7
-34
-61
-88
-114
-145
-174
-207
-267
-320
-338
-365
-360
-379
-404
-424
-436
-452
-456
-452
-454
-465
-473
-471
-484
-491
-498
-507
-526
-498
-496
-491
-478
-497
-482
-472
-450
-423
-410
-375
-355
-312
-250
-190
-122
-70
10
28
60
83
148
211
272
322
375
444
491
575
592
606
647
664
719
764
803
799
750
719
702
682
638
615
575
547
507
487
462
416
380
325
267
215
168
148
98
25
-55
-101
-129
-216
-289
-344
-393
-421
-456
-498
-544
-554
-578
-565
-532
-541
-534
-535
-510
-495
-509
-503
-505
-512
-496
-486
-465
-450
-427
-435
-424
-400
-372
-346
-339
-302
-243
-189
-152
-88
-91
-93
-94
-107
-98
-71
-52
-45
-47
-44
-11
12
61
108
174
233
280
319
342
367
393
436
487
568
643
692
741
760
763
760
736
721
695
664
641
637
634
608
604
606
604
553
530
498
462
427
380
341
288
245
198
128
83
48
-22
-62
-100
-163
-219
-271
-305
-352
-399
-450
-500
-557
-592
-644
-670
-682
-698
-699
-683
-669
-676
-657
-644
-657
-624
-605
-565
-516
-484
-433
-400
-361
-365
-358
-357
-353
-352
-339
-330
-303
-295
-283
-266
-239
-205
-173
-138
-96
-52
-14
21
14
32
81
102
140
180
226
252
264
289
297
295
304
335
354
400
431
473
508
497
483
471
457
450
444
461
475
458
467
467
478
438
407
379
348
320
296
281
242
214
193
185
174
164
144
112
69
40
5
14
9
-12
-45
-74
-96
-138
-161
-191
-211
-223
-253
-258
-303
-316
-350
-382
-414
-435
-455
-457
-448
-469
-484
-511
-510
-499
-481
-456
-423
-401
-370
-340
-297
-262
-226
-180
-161
-125
-105
-90
-65
-49
-32
10
14
49
87
137
160
157
175
200
234
288
337
366
395
405
442
463
467
482
486
498
478
474
477
478
492
480
465
447
424
365
349
356
340
333
353
321
314
260
212
178
145
103
26
-11
-58
-110
-167
-206
-240
-280
-310
-325
-368
-392
-396
-402
-437
-435
-430
-436
-432
-447
-455
-466
-458
-474
-475
-485
-511
-545
-561
-570
-576
-563
-528
-496
-458
-437
-421
-397
-372
-348
-322
-292
-271
-235
-206
-138
-100
-68
-39
-36
-6
49
89
149
218
282
369
450
488
530
561
577
591
575
547
542
558
596
592
566
557
523
508
495
489
497
503
499
455
450
435
380
351
294
226
176
154
118
94
102
85
65
29
-20
-58
-107
-129
-138
-151
-173
-179
-178
-178
-197
-227
-289
-340
-379
-407
-415
-434
-448
-458
-469
-500
-498
-494
-498
-506
-481
-451
-422
-385
-351
-333
-317
-296
-251
-221
-219
-191
-186
-151
-113
-83
-47
-2
18
61
97
149
190
195
233
283
317
351
356
371
416
442
454
447
450
440
410
386
339
344
336
323
329
328
330
323
315
300
284
267
238
206
191
142
99
88
65
44
24
-17
-50
-90
-105
-123
-144
-151
-176
-180
-219
-241
-265
-273
-279
-306
-336
-362
-357
-364
-364
-363
-384
-377
-374
-352
-326
-312
-290
-279
-269
-266
-266
-235
-217
-194
-198
-208
-182
-170
-153
-123
-89
-55
-16
-2
25
47
48
72
89
123
150
172
201
213
231
237
228
233
250
246
237
231
243
242
232
246
268
292
308
316
316
303
299
287
273
272
257
224
210
167
144
136
86
53
37
2
-23
-64
-76
-82
-117
-107
-92
-88
-87
-92
-102
-107
-107
-70
-75
-93
-100
-102
-94
-110
-107
-84
-70
-62
-49
-38
-43
-58
-71
-95
-78
-77
-109
-109
-108
-99
-86
-105
-118
-146
-169
-191
-207
-196
-208
-203
-208
-197
-181
-132
-107
-86
-64
-54
-35
-49
-36
-45
-55
-36
-29
-12
-19
0
10
22
66
76
89
103
104
112
127
128
124
118
113
118
135
167
187
185
176
166
147
161
178
218
237
243
242
232
221
206
182
148
105
69
57
49
50
42
25
-11
-30
-39
-46
-54
-43
-29
-21
-31
-39
-34
-66
-70
-99
-105
-99
-90
-88
-91
-104
-126
-133
-132
-116
-106
-80
-70
-76
-63
-85
-89
-80
-97
-125
-136
-153
-182
-217
-220
-229
-244
-217
-220
-201
-201
-223
-250
-261
-256
-230
-202
-169
-133
-98
-78
-73
-76
-48
-29
-8
18
47
111
138
176
208
232
253
255
260
286
278
319
350
369
403
403
395
388
378
353
333
289
265
255
245
223
199
166
134
110
91
68
57
78
63
23
-8
-47
-47
-70
-92
-90
-96
-105
-120
-111
-106
-129
-161
-189
-186
-200
-213
-214
-180
-164
-162
-177
-169
-170
-194
-214
-226
-237
-267
-274
-281
-304
-264
-257
-246
-203
-191
-154
-124
-70
-68
-68
-51
-29
-1
7
30
38
51
59
44
28
22
10
17
34
33
24
18
52
94
129
183
187
172
163
161
175
184
214
235
257
259
269
286
320
338
355
344
322
334
317
323
319
334
331
309
279
236
201
126
74
12
-18
-58
-107
-117
-152
-190
-216
-244
-247
-254
-279
-302
-305
-305
-309
-290
-291
-277
-250
-247
-238
-238
-246
-259
-261
-247
-228
-186
-169
-163
-147
-140
-133
-127
-130
-134
-140
-139
-151
-119
-125
-136
-121
-106
-91
-76
-48
-41
-20
-10
8
25
59
64
45
49
47
77
114
131
141
147
153
153
155
158
165
179
179
192
203
227
234
255
272
257
232
199
190
169
158
177
163
163
184
187
180
159
147
123
93
84
67
67
92
108
93
92
77
46
34
-6
-14
-66
-121
-173
-205
-220
-225
-209
-220
-227
-225
-224
-221
-219
-215
-212
-227
-227
-210
-188
-165
-163
-146
-123
-100
-105
-108
-77
-64
-51
-35
-16
-3
12
18
9
18
31
21
29
38
12
-2
-21
-16
-23
4
22
55
58
61
94
89
79
72
66
35
22
11
-1
9
24
21
46
49
91
95
84
84
36
28
16
2
14
38
49
66
76
84
100
127
126
111
113
76
36
15
9
-7
-20
-12
-13
-23
-23
-5
-11
36
56
52
53
32
23
20
13
36
49
56
72
61
38
-5
-17
-30
-61
-108
-107
-107
-115
-93
-88
-59
-65
-68
-84
-99
-121
-158
-164
-188
-180
-177
-161
-138
-146
-159
-190
-187
-185
-175
-167
-155
-117
-102
-52
-42
-6
26
47
83
101
132
136
121
116
127
144
184
184
192
178
166
149
171
196
209
246
254
280
287
271
276
264
244
246
234
219
195
175
168
132
126
101
70
55
31
10
-8
-18
-34
-59
-67
-83
-105
-121
-156
-176
-222
-245
-229
-234
-217
-212
-209
-199
-192
-194
-188
-154
-147
-143
-137
-137
-144
-162
-147
-157
-161
-164
-170
-166
-156
-155
-165
-138
-145
-140
-131
-139
-131
-105
-87
-83
-89
-68
-64
-52
-24
-3
24
53
93
137
169
190
205
204
207
209
210
234
235
235
241
238
256
223
209
198
169
147
146
138
140
158
171
156
127
118
110
98
84
69
53
22
4
-18
-19
-31
-44
-50
-52
-57
-74
-69
-107
-102
-113
-124
-109
-113
-108
-148
-164
-152
-143
-143
-137
-151
-160
-165
-174
-172
-179
-173
-159
-128
-92
-72
-68
-50
-47
-55
-69
-89
-82
-98
-123
-130
-141
-148
-142
-120
-108
-86
-64
-29
-3
21
35
38
55
82
106
115
105
110
121
140
153
154
191
215
232
257
279
274
269
259
272
272
288
334
339
336
314
290
282
251
237
202
187
168
151
121
81
51
-1
-36
-57
-95
-99
-119
-123
-128
-157
-177
-195
-213
-244
-226
-256
-262
-275
-277
-264
-273
-254
-254
-250
-234
-239
-254
-249
-257
-246
-246
-246
-218
-207
-184
-172
-153
-139
-109
-96
-55
-20
7
38
58
83
72
65
78
68
52
51
43
61
43
30
10
25
5
-33
-16
-13
-13
-14
1
8
22
37
49
57
75
86
113
152
179
194
202
194
190
187
207
246
255
270
273
253
258
242
222
212
206
184
160
158
144
134
130
127
109
88
45
22
-7
-26
-27
-41
-64
-81
-63
-88
-120
-135
-152
-164
-188
-180
-170
-158
-159
-144
-111
-113
-119
-133
-129
-144
-153
-153
-118
-108
-92
-77
-64
-50
-35
-43
-58
-47
-66
-52
-55
-32
-43
-44
-20
-23
-28
-6
-16
-35
-3
9
24
47
56
66
64
39
25
7
-18
-56
-76
-82
-94
-78
-80
-74
-80
-69
-54
-39
-16
3
-1
3
18
20
57
66
72
111
131
139
141
159
163
170
148
150
156
153
148
142
158
144
122
100
93
78
52
43
46
44
31
17
2
-13
-28
-53
-81
-88
-90
-80
-77
-68
-63
-96
-117
-122
-147
-162
-150
-133
-129
-127
-116
-112
-118
-105
-91
-84
-86
-91
-85
-105
-112
-117
-102
-107
-89
-81
-74
-46
-52
-38
-38
-30
-7
13
31
41
51
62
70
82
101
102
122
137
128
113
89
65
62
52
58
52
76
106
109
119
120
116
105
102
94
81
83
77
76
84
68
89
80
65
39
14
-2
-28
-29
12
37
44
65
