1
17
32
35
38
37
32
30
24
25
29
41
55
61
62
59
49
45
40
46
45
46
50
51
50
41
38
24
11
11
7
2
-4
-6
-6
-15
-19
-11
-10
-13
-14
-23
-29
-32
-26
-30
-29
-31
-34
-31
-36
-31
-34
-40
-41
-38
-38
-34
-34
-32
-27
-26
-29
-27
-36
-42
-41
-42
-35
-25
-20
-10
-4
11
11
10
15
16
25
40
53
61
60
56
56
51
44
39
33
29
26
27
33
32
28
19
5
-5
-7
4
14
20
28
34
33
39
36
34
24
18
13
8
10
4
0
-17
-29
-44
-45
-47
-45
-40
-41
-32
-24
-23
-18
-13
-9
-5
-2
-1
-5
-12
-13
-16
-23
-21
-21
-24
-27
-31
-25
-25
-25
-24
-28
-28
-26
-27
-20
-15
-8
-1
2
11
14
20
31
35
43
46
47
42
31
23
16
12
4
-2
-18
-25
-27
-23
-8
-3
11
18
26
30
35
24
14
10
6
8
11
13
14
12
6
1
-4
-14
-16
-25
-33
-30
-36
-34
-34
-31
-26
-17
-12
-16
-13
-9
-7
-6
-7
-14
-15
-16
-15
-18
-17
-13
-15
-13
-21
-31
-31
-36
-33
-37
-35
-31
-32
-33
-32
-26
-21
-13
-9
7
20
32
42
45
54
48
45
37
38
39
34
36
35
29
25
23
16
18
19
23
27
31
38
45
51
48
43
38
32
28
24
17
6
2
-8
-14
-12
-12
-13
-13
-9
-11
-6
-4
2
1
-7
-8
-20
-29
-37
-40
-36
-28
-19
-14
-4
3
5
2
-5
-5
-14
-14
-6
-3
6
7
5
6
7
2
-3
-5
-8
-5
-3
8
13
19
25
33
36
26
22
17
18
18
18
15
19
17
14
13
10
9
0
-3
-6
-14
-14
-11
-15
-13
-3
-2
6
1
1
2
-1
-3
-6
-17
-27
-34
-55
-50
-53
-51
-39
-30
-19
-10
1
3
9
17
21
16
14
16
10
3
-1
-12
-14
-11
-6
2
4
10
7
-3
-7
-12
-14
-10
-13
-7
-2
10
18
19
22
6
-4
-13
-17
-16
-15
-11
-8
3
11
12
9
7
-7
-20
-22
-24
-20
-10
-3
8
14
19
10
9
-1
-3
-1
-2
6
8
4
1
3
0
6
2
0
-2
-5
1
2
6
9
3
1
-8
-15
-18
-17
-10
-5
7
13
17
20
20
14
13
5
1
3
5
10
15
21
27
34
35
34
35
38
36
34
29
19
18
22
24
27
26
24
23
24
23
28
22
12
11
10
5
2
3
0
-1
-4
-3
-8
-18
-24
-27
-31
-29
-31
-40
-46
-56
-57
-50
-46
-43
-39
-42
-40
-40
-39
-37
-38
-40
-47
-50
-45
-38
-45
-47
-45
-47
-42
-27
-21
-15
-4
1
6
8
11
12
2
-5
1
6
11
18
23
18
12
10
11
20
16
18
11
11
12
16
14
12
10
11
6
7
17
24
28
33
41
42
40
43
42
41
39
29
28
29
28
29
15
3
-10
-22
-30
-38
-43
-41
-40
-37
-28
-17
-6
1
9
15
15
10
7
6
7
11
18
18
16
11
7
4
4
2
2
-2
3
2
9
15
10
4
-1
-7
-6
-6
2
13
14
20
20
16
11
4
-3
4
12
20
24
37
47
45
39
30
15
-1
-20
-31
-35
-41
-35
-17
-7
5
15
21
20
16
14
12
7
1
-1
-9
-12
-12
-17
-20
-28
-36
-46
-54
-54
-47
-46
-41
-36
-29
-31
-23
-14
-9
-4
-8
-6
-7
-6
5
8
8
10
3
1
-2
1
4
8
16
11
18
16
22
31
32
36
38
43
39
43
40
44
50
47
37
25
13
1
-7
-12
-10
-15
-15
-10
-11
-16
-19
-20
-31
-42
-45
-53
-53
-55
-47
-33
-32
-25
-18
-22
-30
-27
-26
-29
-25
-13
-15
-28
-35
-35
-50
-58
-47
-44
-39
-25
-6
10
13
23
24
20
24
29
47
60
82
89
99
102
97
102
93
81
65
52
47
43
46
55
67
77
88
97
92
82
64
42
26
8
-14
-36
-60
-72
-80
-88
-96
-102
-116
-124
-132
-120
-125
-129
-133
-131
-134
-118
-87
-64
-50
-40
-38
-35
-38
-58
-54
-68
-68
-63
-47
-24
-7
9
30
45
69
92
109
126
142
153
158
154
156
153
139
122
115
104
93
82
79
68
68
81
86
97
99
100
98
88
67
48
24
-7
-28
-57
-74
-89
-100
-133
-149
-166
-180
-187
-191
-187
-198
-193
-195
-197
-204
-200
-200
-201
-193
-177
-174
-163
-154
-157
-169
-179
-164
-153
-140
-98
-64
-17
33
76
108
139
165
181
207
208
225
220
232
266
282
290
306
313
333
350
365
354
351
334
304
293
253
237
209
169
140
112
72
30
-25
-66
-96
-108
-110
-103
-102
-97
-82
-108
-124
-149
-162
-171
-180
-164
-156
-162
-184
-195
-210
-230
-246
-237
-241
-253
-229
-229
-252
-304
-298
-280
-293
-292
-255
-209
-199
-191
-171
-155
-154
-124
-96
-101
-101
-45
-36
-31
3
76
123
158
211
282
328
348
398
430
401
392
392
371
361
371
413
420
396
392
399
409
397
386
385
368
345
293
256
221
188
168
151
127
119
108
61
25
-2
-53
-131
-203
-262
-286
-307
-299
-298
-295
-305
-338
-325
-331
-334
-285
-283
-325
-370
-399
-418
-492
-547
-573
-558
-555
-545
-467
-408
-357
-346
-311
-332
-334
-302
-318
-357
-391
-505
-632
-775
-788
-802
-829
-842
-745
-575
-501
-334
-137
93
317
509
719
875
1011
1263
1407
1488
1540
1716
1841
1909
1921
1980
1991
1950
1807
1617
1470
1279
1059
811
572
374
238
13
-179
-301
-319
-406
-571
-639
-634
-677
-662
-652
-612
-590
-536
-497
-463
-383
-253
-113
-77
-9
104
142
87
-9
-113
-188
-395
-578
-749
-908
-1049
-1152
-1232
-1333
-1403
-1487
-1506
-1478
-1429
-1305
-1210
-1222
-1168
-1034
-904
-767
-686
-651
-804
-1156
-1504
-1644
-1593
-1690
-1767
-1739
-1368
-950
-639
-435
-255
143
610
891
1022
1132
1557
1987
2186
2247
2425
2865
3240
3383
3357
3492
3702
3795
3709
3429
3103
2894
2563
1988
1445
986
618
99
-334
-658
-736
-903
-1159
-1198
-1159
-1187
-1283
-1201
-1024
-1123
-1092
-794
-651
-640
-607
-237
-122
-37
215
513
555
458
507
478
239
57
-87
-320
-709
-861
-993
-1211
-1326
-1196
-1191
-1442
-1584
-1485
-1425
-1564
-1569
-1452
-1345
-1402
-1220
-1052
-911
-803
-571
-408
-401
-283
91
247
272
271
50
-564
-1218
-1409
-1756
-2146
-2538
-2502
-2381
-2361
-2121
-1576
-1171
-693
-142
394
548
783
1231
1581
1639
1621
1952
2328
2647
2874
3025
3173
3431
3701
3701
3430
3456
3373
3018
2383
1927
1425
827
203
-40
-396
-793
-988
-1009
-1013
-1220
-1051
-883
-822
-806
-502
-341
-417
-344
36
128
142
255
676
681
582
804
1098
1158
1102
1262
1219
892
666
575
205
-252
-527
-738
-1264
-1633
-1703
-1758
-2001
-2088
-2004
-2054
-2224
-2174
-2043
-2093
-2198
-2060
-2047
-2124
-2102
-1984
-1938
-1942
-1614
-1137
-1373
-2135
-2760
-2705
-2225
-2469
-2711
-2909
-2397
-1767
-1571
-1636
-1500
-792
194
612
744
724
1454
2272
2720
2798
2870
3572
4361
4789
4742
4619
4905
5252
5149
4578
3891
3709
3505
3101
2299
1573
1261
1111
855
421
76
-148
-203
-338
-866
-1385
-1674
-1556
-1615
-2005
-2240
-2082
-1722
-1603
-1548
-1343
-931
-538
-280
-246
-181
121
519
519
348
345
539
480
89
-101
33
-126
-502
-861
-977
-962
-1063
-1150
-1552
-1863
-1991
-2192
-2515
-2694
-2500
-2427
-2556
-2574
-2432
-2041
-1964
-1955
-1822
-1567
-1403
-1237
-969
-705
-366
-220
-121
-129
196
488
242
-548
-1044
-730
-788
-1268
-1661
-1370
-864
-704
-669
-587
-187
505
1055
1283
1198
1743
2529
3016
3067
3302
4027
4576
4626
4586
4663
4819
4774
4384
3898
3406
3302
3044
2453
1858
1603
1328
617
-56
-300
-488
-925
-1433
-1772
-1875
-2150
-2271
-2456
-2481
-2671
-2647
-2483
-2237
-1967
-1662
-1396
-1111
-815
-336
-1
245
577
965
1173
975
809
667
526
163
-122
-392
-724
-1105
-1280
-1536
-1647
-1907
-2118
-2448
-2876
-3030
-3204
-3317
-3515
-3556
-3432
-3366
-3100
-2624
-2118
-1610
-1081
-370
165
643
1102
1528
1894
1987
1787
1064
354
-158
-158
-530
-1055
-1421
-1262
-826
-440
-138
260
693
1241
1836
2170
2207
2364
2955
3260
3154
2879
3121
3629
4105
4093
3903
3863
4189
4382
4286
3856
3500
3263
2730
1845
948
236
-426
-1151
-1827
-2328
-2814
-2923
-2812
-2581
-2788
-2847
-2714
-2336
-2220
-2489
-2388
-2376
-2215
-2274
-2155
-1753
-1235
-637
-228
-17
398
814
1479
1558
1626
1635
1483
986
325
33
-242
-654
-1187
-1626
-1861
-1949
-2025
-1941
-2033
-1861
-1744
-1639
-1567
-1395
-1110
-1053
-1251
-1297
-1101
-794
-609
-320
78
654
950
1101
1182
1277
1510
1652
1283
153
-1016
-1894
-1899
-2440
-2994
-3460
-3097
-2445
-2066
-1771
-1327
-787
236
929
1199
847
1078
1961
2449
2364
1928
2451
3258
3969
4104
3988
4092
4685
5055
4833
4012
3638
3664
3264
2171
1008
330
-98
-635
-1228
-1719
-2124
-1955
-1650
-1619
-1899
-1828
-1380
-1414
-1736
-1920
-1666
-1765
-1882
-1777
-1531
-1366
-890
-23
399
351
1057
1967
2166
1813
1958
2164
1492
632
258
167
-417
-984
-1190
-1482
-1778
-1591
-1323
-1343
-1480
-1148
-1069
-1606
-2000
-1922
-2057
-2577
-2837
-2678
-2677
-2772
-2436
-1871
-1509
-1120
-388
239
507
779
1187
1259
978
1052
1215
220
-1184
-2295
-2230
-2509
-3125
-3546
-3430
-2685
-2087
-1617
-1370
-1027
49
967
1095
812
1102
2110
2552
2613
2473
2850
3535
4097
4473
4696
4906
5524
5940
5854
5259
4829
4493
3775
2866
1879
980
121
-467
-779
-1139
-1617
-1571
-1214
-933
-1359
-1495
-1663
-1546
-1955
-2540
-2801
-2952
-2788
-2774
-2761
-2521
-1914
-983
-406
-121
649
1421
2048
1649
1420
1382
1285
721
162
-175
-320
-760
-1069
-1365
-1400
-1189
-1189
-1456
-1942
-2010
-2156
-2497
-3115
-3518
-3771
-4017
-4124
-3779
-3281
-2691
-2066
-1227
-475
258
851
1410
2047
2151
2044
1532
1158
1023
1001
494
-852
-2120
-2562
-2015
-2032
-2138
-2072
-1278
-521
-97
37
168
476
1158
1410
1177
574
843
1860
2599
2706
2767
3531
4666
5553
5729
5648
5662
5957
5742
5014
3869
3127
2627
1793
589
-385
-848
-1059
-1108
-954
-1083
-1294
-1194
-748
-592
-1075
-1645
-2084
-2119
-2990
-3344
-3871
-3365
-3019
-3025
-2877
-2373
-1307
-443
-82
491
741
1179
1281
1081
852
536
513
-211
-751
-1004
-619
-582
-617
-541
-82
31
73
-111
-99
-275
-738
-1243
-1956
-2337
-2345
-2360
-2423
-2330
-1877
-1171
-772
-180
476
1014
960
949
892
808
396
-41
-411
-619
-929
-1009
-1863
-2566
-3098
-2561
-1970
-2410
-2542
-2208
-1233
-830
-941
-965
-1034
-814
-182
170
267
228
1291
2119
2457
2352
2871
3973
4792
5086
4811
4325
4354
4689
4520
3598
2575
2317
2170
1812
1272
1120
1138
1173
1021
778
333
213
414
297
-427
-1245
-1555
-1953
-2243
-3001
-2975
-3026
-3027
-2766
-2585
-2097
-1567
-828
-342
-479
-181
253
620
499
355
607
451
226
255
823
1104
1055
1184
1291
1204
1057
695
419
-248
-745
-1478
-2380
-3009
-3317
-3435
-3835
-3976
-3472
-2868
-2495
-2170
-1607
-969
-585
-342
-197
-231
-410
-628
-808
-1233
-1227
-858
-399
-817
-1277
-1370
-777
143
89
-249
-410
297
946
945
488
185
297
758
581
309
21
670
1336
1723
1616
1848
2896
4163
4643
4490
4294
4533
5043
4921
4405
3614
3443
3438
3046
2320
1782
1607
1554
1193
710
125
-83
-20
20
-482
-1222
-1795
-1949
-2529
-3351
-4018
-4114
-4107
-4535
-4625
-4331
-3462
-2836
-2246
-1895
-1654
-1090
-190
207
162
271
1003
888
381
499
1299
1619
1235
1032
1141
1042
818
825
579
38
-596
-1126
-1966
-2639
-2904
-3118
-3581
-3688
-3114
-2579
-2581
-2154
-1250
-576
-548
-476
-189
70
-45
-74
12
-70
120
615
676
-290
-704
-474
478
158
-303
-424
236
805
716
157
-382
-615
-42
101
-250
-603
-41
997
1464
1695
2047
3140
4122
4860
5054
4900
4766
5201
5443
5036
4022
3595
3415
3037
2332
1496
996
792
649
410
-43
-466
-291
-126
-629
-1726
-2229
-2469
-2970
-3814
-4571
-4528
-4549
-4394
-4330
-4078
-3504
-2770
-1992
-1729
-1495
-532
343
613
430
932
1605
1544
1290
1440
2024
2043
1834
1748
1704
1636
1507
1064
388
-331
-807
-1532
-2479
-3212
-3456
-3610
-3827
-3595
-3009
-2644
-2494
-1963
-1205
-775
-674
-430
-247
-295
-645
-771
-716
-882
-873
-693
-401
-670
-717
-662
-224
136
125
-155
-333
-36
270
47
-470
-824
-657
-311
-68
249
584
1343
2125
2898
3255
3710
4458
5423
5877
5727
5324
5222
5195
4975
4340
3427
2812
2456
2182
1600
885
500
323
17
-502
-1100
-1457
-1785
-2109
-2756
-3528
-4052
-4104
-4456
-4776
-5171
-4858
-4459
-4192
-3752
-3208
-2157
-1408
-697
-84
504
1182
1654
1956
2071
2216
2618
2447
2166
1876
2036
1962
1540
1282
1058
855
476
156
-327
-891
-1496
-2063
-2739
-3342
-3659
-3671
-3523
-3319
-2911
-2352
-1891
-1352
-816
-341
-75
71
26
-25
-176
-66
-53
33
136
554
405
-315
-875
-750
110
-353
-1135
-1664
-1053
-499
-634
-1106
-1265
-1051
-299
-46
2
-61
829
1896
2294
2368
2815
4063
5065
5513
5475
5527
5691
6037
6076
5581
4685
4165
3806
3104
2121
1259
606
148
-329
-934
-1567
-2049
-1957
-1885
-2340
-3200
-3742
-3767
-3796
-4354
-4732
-4603
-4297
-4098
-4071
-3787
-3077
-2324
-1644
-1302
-825
90
789
1212
1283
1653
2054
2069
1808
1663
1732
1627
1206
795
373
136
-96
-438
-897
-1278
-1458
-1694
-1945
-2252
-2396
-2397
-2234
-2064
-1850
-1792
-1643
-1240
-752
-442
-289
-138
-115
-86
-24
83
239
280
352
569
733
433
-215
-560
-396
-221
-771
-1387
-1426
-843
-602
-911
-1175
-1081
-698
-277
94
432
766
1424
2282
2939
3207
3636
4517
5508
5995
5959
5750
5753
6061
6085
5478
4446
3822
3504
2780
1463
331
-199
-610
-1297
-2202
-2815
-2931
-2938
-3148
-3571
-4244
-4284
-4332
-4483
-5127
-5488
-5357
-5205
-4949
-4848
-4276
-3369
-2396
-1660
-971
-141
810
1412
2086
2510
3152
3406
3502
3280
3101
3065
2900
2382
1792
1358
1116
754
332
-75
-358
-616
-1199
-1839
-2527
-2693
-2656
-2722
-2980
-3251
-3102
-2645
-2344
-2104
-1713
-1164
-805
-645
-388
53
629
920
889
797
808
998
605
-48
-400
-86
50
-737
-1224
-912
-110
8
-370
-588
-545
-292
72
328
590
685
1406
2152
2620
3001
3625
4711
5516
5724
5508
5304
5526
5713
5280
4231
3013
2504
2075
1123
-94
-923
-1076
-1501
-2170
-2773
-3013
-2879
-2754
-2987
-3595
-4015
-4118
-3941
-4277
-4716
-4885
-4645
-4409
-4329
-4019
-3360
-2371
-1351
-589
-14
905
1854
2671
3023
3363
3667
3724
3362
2987
2741
2548
2033
1449
1035
704
502
194
-4
-420
-777
-1250
-1771
-2238
-2575
-2736
-2819
-2987
-3031
-2976
-2729
-2400
-2041
-1534
-971
-432
-110
134
405
772
1001
1081
993
1004
1027
1087
1220
1007
819
398
367
322
52
-165
-464
-410
-450
-637
-936
-1179
-959
-310
188
333
401
1194
2203
2871
3177
3580
4426
5099
5072
4670
4361
4404
4203
3548
2565
1751
1324
835
185
-448
-800
-1087
-1529
-1912
-2118
-2348
-2670
-3011
-3374
-3850
-4313
-4729
-4661
-4806
-4840
-5237
-4872
-4582
-3887
-3100
-2186
-1012
-260
597
1175
1897
2544
3150
3700
3903
3694
3805
3624
3665
3269
3147
2709
2278
1821
1634
1529
1149
595
-13
-583
-1191
-1684
-2154
-2239
-2460
-2553
-2861
-2824
-2445
-1764
-1352
-1174
-847
-365
-93
-50
136
418
554
508
439
243
472
742
1280
1015
328
-373
-725
-582
-1083
-1711
-2281
-2208
-2120
-2310
-2634
-2598
-2157
-1280
-775
-409
-234
666
1876
2648
2901
3218
3895
4642
4870
4779
4484
4316
4335
4017
3508
2568
1973
1507
1010
166
-743
-1186
-1420
-1708
-2207
-2850
-3183
-3126
-3000
-3216
-3882
-4119
-3925
-3628
-3670
-3737
-3336
-2774
-2376
-2038
-1483
-558
311
963
1413
2030
2959
3755
4268
4324
4457
4515
4269
3863
3532
3342
2780
2053
1441
1105
901
448
-85
-588
-1003
-1416
-1870
-2056
-2155
-2376
-2736
-3107
-3168
-2977
-2786
-2759
-2642
-2390
-2051
-1692
-1453
-1048
-721
-589
-538
-481
-420
-261
-136
27
48
225
346
-39
-414
-868
-621
-840
-1347
-1981
-2173
-1913
-1685
-1634
-1538
-1440
-715
178
795
1014
1488
2544
3309
3552
3303
3774
4392
4518
3927
3369
3088
3137
2832
2099
1283
832
723
476
177
-95
-147
-398
-786
-1006
-1071
-1213
-1435
-1642
-1862
-2207
-2696
-2695
-2511
-2413
-2517
-2339
-1606
-670
-43
575
1217
1984
2473
2845
3183
3513
3860
3803
3438
3001
2838
2635
2148
1522
1160
1001
634
167
-78
-260
-635
-1228
-1844
-2370
-2667
-2967
-3304
-3548
-3853
-3969
-3992
-3818
-3399
-3007
-2825
-2771
-2583
-2081
-1608
-1479
-1457
-1392
-1159
-1237
-1224
-973
-457
-159
-92
-301
-664
-737
-917
-718
-763
-997
-1301
-1295
-1005
-611
-559
-402
-359
265
1090
1685
2067
2615
3645
4419
4518
4616
5114
5725
5743
5136
4495
4053
3813
3207
2484
1727
1154
723
312
-5
-87
-72
-303
-681
-928
-992
-1137
-1337
-1544
-1685
-1943
-2311
-2404
-2209
-2306
-2439
-2709
-2315
-1875
-1410
-1018
-669
105
521
915
1108
1673
2240
2301
2074
1899
1713
1626
1307
1045
481
57
-120
-103
-205
-440
-480
-840
-1296
-1608
-1723
-1885
-2119
-2540
-2775
-3153
-3302
-3245
-3059
-2911
-3048
-3104
-3032
-2786
-2336
-1743
-1398
-1358
-1282
-951
-638
-186
134
506
519
554
799
1387
1520
1179
940
681
899
420
270
139
507
697
565
289
434
776
1455
1847
1998
1982
2367
2957
3285
3225
3063
3292
3385
3176
2652
2309
2233
2303
1857
1317
924
968
1116
920
728
597
499
304
-59
-355
-651
-1010
-1369
-1691
-2203
-2727
-2903
-2728
-2518
-2552
-2312
-1873
-1222
-744
-373
122
748
1252
1425
1321
1204
1368
1392
1068
774
729
621
214
-18
199
428
309
-47
-164
-157
-266
-764
-1298
-1684
-1986
-2374
-3068
-3570
-3645
-3384
-3400
-3578
-3507
-3154
-2887
-2638
-2255
-1804
-1400
-1243
-1160
-947
-689
-339
-134
-67
41
300
735
1139
1519
1462
1285
950
1121
1338
1201
908
728
804
915
738
559
580
947
1517
1880
1999
2206
2920
3597
3833
3576
3698
4002
4121
3554
2794
2318
2133
1895
1407
897
418
297
157
-182
-460
-541
-552
-691
-943
-1059
-1184
-1207
-1344
-1532
-1780
-2168
-2335
-2316
-2392
-2579
-2583
-2390
-1930
-1750
-1320
-998
-454
-98
83
193
359
748
899
776
675
715
765
682
482
556
495
467
561
671
625
510
402
331
77
-331
-822
-1342
-1902
-2399
-2830
-3211
-3432
-3447
-3265
-3109
-2845
-2448
-1970
-1482
-1036
-711
-410
-91
470
840
891
801
1035
1430
1673
1882
2251
2593
2289
1948
1586
2042
2043
1607
1093
848
943
838
419
217
-17
103
70
-46
88
290
816
942
977
889
1254
1695
1850
1505
1266
1015
901
611
219
25
-48
12
-120
-294
-264
-78
167
200
206
142
-183
-376
-741
-1059
-1628
-2091
-2294
-2309
-2265
-2276
-2056
-1404
-824
-414
-66
440
1064
1353
1443
1452
1526
1473
1196
831
695
592
559
461
514
648
669
583
467
549
490
149
-419
-754
-1083
-1585
-2237
-2662
-2915
-3199
-3413
-3344
-2963
-2545
-2257
-1956
-1540
-1009
-510
-217
-76
146
330
170
23
14
276
532
669
879
1365
1810
2023
2065
2044
2263
2242
1869
1304
802
489
177
-293
-728
-927
-768
-572
-180
206
637
1166
1703
2248
2444
2476
2622
2692
2481
1972
1415
1056
814
549
133
-203
-275
-5
177
239
263
514
680
396
12
-350
-784
-1247
-1783
-2304
-2881
-3282
-3349
-3212
-3136
-2956
-2479
-1860
-1340
-1046
-459
9
379
529
568
493
450
349
360
265
327
557
875
965
1042
1382
1740
1924
1772
1531
1178
723
181
-300
-854
-1467
-2118
-2692
-3060
-3099
-2999
-2862
-2751
-2465
-2004
-1687
-1364
-711
119
552
458
353
674
1156
1444
1415
1537
1873
2208
2299
2484
2851
3456
3437
2860
2276
1953
1927
1258
418
-442
-854
-1258
-1579
-1849
-1914
-1964
-1693
-1409
-1168
-1056
-669
-12
420
360
49
283
624
725
373
30
-34
202
291
345
498
937
1213
1213
1214
1375
1633
1557
1188
686
224
-301
-861
-1332
-1742
-2191
-2433
-2500
-2223
-1979
-1583
-1045
-548
-154
161
638
1001
1086
1135
1180
1118
962
784
701
591
476
513
743
845
973
1182
1406
1412
1291
1041
667
145
-437
-1037
-1716
-2059
-2337
-2640
-3018
-3235
-3014
-2631
-2329
-1892
-1349
-802
-415
-66
226
506
551
407
224
32
-69
-11
119
347
523
821
1306
1820
2356
2351
2150
1786
1670
1419
779
-196
-816
-1080
-1507
-2105
-2605
-2588
-2206
-1734
-1335
-1012
-662
-27
497
801
862
927
1076
1145
929
664
529
682
992
1311
1467
1633
2090
2662
2962
2810
2614
2463
2159
1555
906
324
-266
-900
-1410
-1835
-2152
-2248
-1978
-1668
-1545
-1405
-1003
-528
-287
-350
-392
-336
-298
-315
-560
-783
-779
-552
-374
-287
-33
508
1126
1426
1687
2026
2287
2221
1753
1265
765
189
-383
-1069
-1760
-2366
-2804
-2974
-2929
-2750
-2402
-2022
-1647
-1300
-858
-541
-333
-235
-159
-219
-443
-571
-471
-155
160
304
521
964
1659
2326
2709
2935
3137
3317
3243
2747
2040
1237
353
-463
-1344
-2090
-2752
-3095
-3216
-3261
-3220
-3040
-2808
-2208
-1513
-1062
-1119
-1117
-688
-167
43
-66
20
503
1064
1336
1644
2208
3008
3557
3762
3831
3957
4145
3948
3409
2734
2096
1438
710
36
-505
-985
-1343
-1584
-1602
-1568
-1518
-1523
-1494
-1344
-1302
-1314
-1453
-1591
-1538
-1456
-1480
-1598
-1345
-829
-424
-94
299
930
1636
2089
2317
2479
2590
2570
2219
1700
1050
483
-141
-917
-1693
-2247
-2488
-2643
-2720
-2668
-2469
-2294
-2151
-1915
-1693
-1505
-1342
-1253
-1307
-1438
-1534
-1463
-1209
-916
-627
-225
289
999
1596
2197
2791
3204
3480
3451
3303
3163
2974
2317
1297
328
-370
-1138
-1836
-2570
-2901
-2935
-2811
-2711
-2655
-2328
-1802
-1223
-964
-928
-789
-542
-250
-70
14
302
737
1219
1678
2056
2590
3122
3589
3814
3900
3924
3930
3662
3224
2676
2069
1369
787
328
-160
-699
-1133
-1380
-1504
-1737
-1938
-1867
-1657
-1589
-1842
-2047
-2062
-1848
-1852
-1860
-1711
-1358
-997
-744
-354
294
1036
1539
1825
2082
2516
2812
2742
2456
2122
1704
1149
522
-111
-614
-945
-1269
-1658
-1902
-1909
-1771
-1767
-1949
-2045
-1989
-1860
-1759
-1788
-1801
-1775
-1657
-1494
-1251
-827
-589
-338
30
577
1119
1506
1833
2136
2301
2332
2129
1881
1755
1528
1107
369
-197
-695
-1071
-1527
-1975
-2169
-2336
-2592
-2654
-2582
-2490
-2583
-2638
-2479
-2296
-2004
-1796
-1433
-1018
-581
-142
372
1073
1852
2466
2897
3245
3585
3979
4157
4250
4174
4010
3735
3369
3162
2915
2614
2183
1648
1207
734
270
-185
-763
-1241
-1711
-2123
-2418
-2685
-2709
-2711
-2741
-2675
-2467
-2008
-1435
-880
-369
36
487
937
1520
1968
2206
2300
2167
2102
2158
2063
1868
1667
1367
1081
678
304
75
-99
-418
-925
-1430
-1925
-2294
-2682
-3041
-3298
-3533
-3680
-3815
-3702
-3328
-2911
-2571
-2198
-1586
-851
-178
349
968
1467
1816
1936
2038
2223
2367
2249
1911
1608
1453
1276
1097
912
710
305
-67
-500
-798
-1042
-1522
-2027
-2506
-2854
-3230
-3450
-3436
-3365
-3315
-3078
-2750
-2196
-1526
-796
-130
481
1085
1714
2332
2943
3565
4000
4259
4369
4561
4667
4693
4523
4285
3990
3581
3132
2677
2134
1476
805
69
-591
-1178
-1593
-1968
-2235
-2675
-2874
-2885
-2766
-2654
-2542
-2365
-2113
-1705
-1433
-1117
-781
-329
-23
264
593
961
1332
1730
1957
2093
2171
2243
2314
2317
2180
1850
1373
799
225
-378
-946
-1529
-2083
-2598
-3022
-3336
-3444
-3376
-3232
-3044
-2797
-2441
-2011
-1494
-1020
-499
-19
327
569
801
1048
1235
1299
1231
1022
819
716
577
497
411
325
250
98
-11
-61
-85
-140
-493
-956
-1472
-1913
-2139
-2611
-2980
-3418
-3514
-3421
-3227
-2961
-2653
-2108
-1475
-835
-127
608
1323
2062
2693
3178
3576
4023
4507
4902
5118
5149
5011
4878
4684
4341
3799
3299
2825
2331
1778
1216
785
415
27
-365
-681
-930
-1041
-1233
-1463
-1762
-2004
-2176
-2349
-2513
-2539
-2543
-2428
-2338
-2133
-1709
-1156
-644
-213
223
675
1175
1582
1860
1950
2023
1887
1645
1356
1011
556
0
-601
-1162
-1751
-2209
-2528
-2718
-2901
-3136
-3184
-3030
-2654
-2360
-2132
-1902
-1661
-1391
-1205
-990
-778
-558
-365
-280
-197
-48
194
521
777
944
1067
1178
1448
1724
1915
1864
1804
1826
1762
1505
1113
772
565
234
-413
-1029
-1578
-1766
-2066
-2400
-2712
-2825
-2642
-2456
-2213
-1830
-1365
-836
-325
201
750
1334
2044
2601
2888
3058
3308
3526
3548
3407
3312
3197
3057
2826
2539
2396
2285
2140
1940
1649
1378
1097
732
241
-292
-752
-1271
-1822
-2359
-2791
-3158
-3431
-3508
-3336
-3186
-2952
-2522
-1905
-1243
-669
-42
565
1035
1434
1739
2006
2283
2443
2354
2054
1818
1644
1543
1274
1000
831
670
472
261
77
-120
-445
-864
-1285
-1683
-2036
-2464
-2797
-3102
-3286
-3356
-3386
-3268
-2909
-2418
-2001
-1712
-1336
-911
-495
-126
125
427
731
1039
1211
1306
1422
1483
1527
1491
1408
1368
1233
984
599
238
-53
-318
-743
-1212
-1609
-1874
-2068
-2308
-2347
-2278
-2090
-1831
-1463
-1037
-510
-20
430
803
1173
1384
1642
1934
2217
2426
2637
2946
3247
3450
3543
3604
3670
3685
3545
3228
2817
2431
1920
1326
665
-4
-681
-1355
-1920
-2380
-2656
-2884
-3009
-2952
-2843
-2694
-2468
-2171
-1733
-1402
-1083
-693
-306
30
200
400
632
859
970
1069
1203
1381
1546
1658
1849
1919
1903
1799
1670
1497
1062
559
24
-485
-1004
-1569
-2076
-2474
-2781
-3044
-3248
-3316
-3116
-2843
-2548
-2217
-1795
-1302
-871
-386
96
553
864
1130
1433
1596
1671
1720
1793
1857
1816
1627
1350
1161
982
741
454
101
-109
-372
-587
-819
-952
-1182
-1512
-1838
-2059
-2131
-2308
-2383
-2456
-2296
-2123
-1901
-1641
-1273
-821
-301
142
608
1083
1653
2175
2478
2747
3003
3347
3492
3481
3386
3254
3057
2791
2444
2066
1636
1161
703
292
-107
-424
-791
-1203
-1510
-1732
-1869
-2017
-2043
-1966
-1886
-1877
-1782
-1622
-1421
-1272
-1114
-840
-525
-230
68
406
837
1196
1434
1742
1984
2206
2309
2354
2382
2382
2259
1967
1488
1085
656
221
-283
-841
-1297
-1705
-2002
-2217
-2306
-2388
-2382
-2252
-2071
-1806
-1586
-1364
-1049
-795
-604
-457
-245
56
337
581
768
934
1071
1224
1357
1458
1464
1380
1150
946
768
483
141
-189
-518
-848
-1217
-1480
-1636
-1755
-2068
-2388
-2552
-2523
-2419
-2391
-2304
-2197
-2011
-1816
-1553
-1277
-924
-500
-83
293
672
1028
1455
1803
2096
2289
2431
2547
2613
2669
2607
2501
2268
2000
1689
1417
1114
828
567
271
61
-154
-417
-599
-784
-938
-1076
-1215
-1236
-1304
-1252
-1114
-895
-642
-340
94
527
899
1289
1692
2068
2478
2740
2869
2926
2855
2686
2391
2013
1638
1199
698
217
-179
-498
-777
-1145
-1480
-1724
-1881
-1995
-2175
-2243
-2160
-2166
-2226
-2280
-2169
-1934
-1746
-1549
-1362
-1135
-840
-472
-102
367
753
1088
1371
1567
1680
1654
1571
1342
1035
650
242
-160
-523
-916
-1306
-1730
-2019
-2176
-2427
-2685
-2956
-3037
-3102
-3187
-3225
-3049
-2695
-2322
-1971
-1580
-1115
-549
115
690
1243
1754
2310
2737
3165
3468
3668
3759
3683
3502
3241
3012
2827
2582
2236
1862
1467
1127
766
445
70
-318
-701
-1026
-1246
-1365
-1451
-1468
-1431
-1424
-1339
-1183
-882
-552
-211
125
463
891
1281
1609
1871
2070
2219
2306
2266
2177
1971
1744
1466
1082
690
309
-97
-431
-751
-1055
-1364
-1580
-1658
-1815
-1953
-2095
-2163
-2268
-2369
-2337
-2288
-2288
-2207
-2010
-1759
-1431
-1070
-565
-121
296
747
1162
1509
1745
1957
2039
1957
1857
1777
1607
1256
865
510
169
-221
-618
-886
-1117
-1388
-1573
-1715
-1815
-1845
-1845
-1819
-1802
-1736
-1529
-1334
-1245
-1074
-859
-683
-571
-423
-199
-13
188
348
493
668
887
1097
1215
1249
1366
1477
1415
1232
1055
928
835
684
533
453
427
491
485
475
492
542
566
602
610
615
639
648
726
841
936
1091
1266
1483
1655
1673
1734
1792
1907
1895
1778
1569
1356
1125
783
422
23
-333
-683
-1026
-1299
-1541
-1740
-1857
-2057
-2213
-2340
-2399
-2478
-2565
-2600
-2631
-2620
-2494
-2347
-2160
-1833
-1474
-1072
-695
-341
28
372
657
885
1096
1286
1373
1437
1404
1269
1091
918
749
595
448
224
-31
-252
-403
-478
-608
-840
-1082
-1335
-1502
-1609
-1674
-1671
-1637
-1536
-1414
-1220
-921
-542
-183
187
490
805
1198
1573
1950
2169
2288
2392
2433
2457
2427
2383
2278
2141
1965
1787
1608
1442
1248
978
699
360
65
-117
-370
-618
-814
-1021
-1134
-1206
-1209
-1178
-1135
-1063
-932
-786
-621
-423
-294
-209
-169
-100
-19
63
100
175
157
106
57
83
116
55
-31
-121
-272
-464
-598
-748
-914
-1086
-1245
-1362
-1493
-1554
-1501
-1426
-1332
-1210
-1010
-796
-570
-363
-127
4
121
252
401
528
675
840
960
1065
1192
1405
1538
1582
1604
1595
1523
1443
1330
1176
993
755
502
324
118
-75
-222
-382
-589
-716
-820
-893
-879
-842
-827
-842
-819
-783
-797
-875
-874
-845
-851
-797
-644
-422
-179
41
232
409
569
719
782
801
804
753
723
586
466
385
229
41
-158
-272
-378
-405
-444
-429
-344
-277
-246
-269
-279
-243
-228
-255
-226
-133
66
188
274
375
455
470
544
643
774
913
1016
1027
1043
1041
1005
879
676
488
249
10
-171
-277
-411
-493
-590
-690
-728
-769
-833
-859
-835
-808
-763
-753
-699
-650
-590
-524
-380
-289
-259
-211
-192
-101
84
289
469
643
803
935
1011
1058
1080
1089
1078
1047
948
819
664
504
283
148
18
-161
-281
-415
-510
-564
-611
-655
-661
-723
-733
-730
-714
-644
-577
-513
-436
-324
-226
-85
47
154
252
328
381
399
436
410
372
301
243
163
70
-47
-189
-269
-343
-418
-495
-592
-655
-697
-708
-700
-742
-795
-855
-920
-925
-882
-831
-743
-706
-656
-547
-451
-256
-104
69
238
399
530
633
756
841
862
854
853
855
813
670
558
495
431
334
273
236
206
155
106
54
-24
-80
-78
-104
-104
-106
-88
-83
-88
-74
7
124
190
298
384
521
670
848
982
1045
1038
1036
996
942
951
938
877
806
699
621
491
349
189
26
-122
-273
-379
-451
-439
-444
-432
-496
-563
-613
-662
-687
-756
-797
-798
-749
-685
-620
-572
-565
-510
-518
-542
-538
-514
-488
-475
-461
-375
-236
-188
-195
-226
-302
-308
-261
-187
-209
-282
-348
-367
-431
-446
-461
-517
-492
-534
-561
-530
-446
-335
-200
-57
86
213
360
450
472
524
512
484
411
373
334
281
297
259
237
247
265
318
337
381
387
392
383
370
330
278
164
36
-85
-218
-346
-388
-396
-345
-297
-213
-64
83
222
347
496
697
842
928
974
997
1037
1040
1001
910
863
786
664
583
550
537
540
486
427
341
214
87
-47
-221
-408
-552
-682
-785
-890
-948
-957
-914
-884
-857
-841
-800
-757
-748
-725
-669
-601
-545
-494
-477
-457
-412
-402
-389
-373
-355
-286
-171
-15
53
168
257
266
247
205
185
134
38
-51
-151
-280
-376
-436
-483
-525
-553
-550
-514
-453
-333
-267
-172
-70
-2
10
24
57
53
61
72
104
152
274
395
519
672
827
977
1106
1246
1373
1443
1500
1483
1420
1365
1320
1251
1166
1123
1026
919
805
650
568
486
378
284
137
4
-119
-262
-412
-538
-629
-750
-825
-865
-885
-896
-846
-808
-724
-632
-565
-493
-441
-357
-278
-152
-56
8
33
31
-63
-123
-209
-340
-449
-581
-667
-748
-799
-845
-904
-888
-910
-940
-940
-944
-945
-996
-1021
-1048
-1022
-935
-847
-725
-561
-384
-271
-176
-45
114
307
449
558
638
681
700
711
679
655
598
504
414
356
274
221
151
51
17
-5
-48
-89
-79
-120
-151
-165
-93
26
77
166
243
388
546
724
857
1017
1181
1320
1444
1483
1495
1493
1420
1331
1196
1063
1008
939
849
704
534
352
207
56
-84
-212
-370
-524
-659
-821
-953
-1006
-1045
-1080
-1077
-1055
-1046
-982
-852
-718
-551
-332
-135
85
266
405
463
509
489
380
343
254
182
84
-32
-63
-137
-279
-391
-489
-555
-597
-631
-619
-596
-627
-658
-683
-704
-752
-805
-874
-892
-849
-820
-737
-645
-551
-466
-324
-197
-53
98
228
354
495
579
665
734
738
677
577
495
402
321
247
173
141
106
55
67
19
33
34
-14
-42
-76
-58
-14
37
117
190
275
372
475
561
667
791
901
980
1041
1097
1083
1055
992
853
732
618
484
363
196
22
-65
-152
-252
-384
-560
-726
-909
-1078
-1267
-1415
-1567
-1690
-1740
-1787
-1739
-1658
-1501
-1289
-1086
-846
-620
-370
-106
109
301
421
469
575
667
748
775
784
785
786
748
722
763
790
764
724
654
651
611
503
375
258
165
37
-64
-177
-271
-316
-380
-409
-402
-382
-309
-174
-32
99
253
403
525
627
736
841
902
902
890
853
797
758
697
628
522
465
417
292
197
110
36
-85
-191
-281
-430
-527
-572
-578
-643
-686
-722
-727
-671
-683
-640
-571
-484
-432
-348
-224
-125
-52
-48
-93
-125
-115
-139
-152
-168
-146
-147
-174
-183
-206
-254
-306
-383
-464
-534
-650
-747
-873
-917
-982
-972
-909
-851
-780
-652
-499
-351
-178
-17
159
310
446
538
607
641
658
695
664
626
601
575
540
535
551
582
631
672
692
651
589
513
407
269
136
4
-66
-156
-265
-336
-375
-361
-304
-269
-160
-63
29
100
183
242
303
412
429
438
431
452
466
464
477
434
448
472
483
497
447
405
334
241
124
6
-73
-169
-234
-341
-434
-453
-467
-448
-452
-425
-356
-295
-238
-176
-126
-113
-134
-135
-133
-139
-148
-131
-112
-124
-92
-92
-128
-151
-193
-231
-318
-382
-465
-594
-704
-831
-950
-1070
-1127
-1139
-1137
-1110
-1078
-974
-809
-651
-480
-308
-113
150
387
531
664
753
824
909
924
968
997
988
1002
997
985
919
903
927
858
787
726
632
504
377
241
110
4
-122
-212
-285
-382
-449
-441
-413
-409
-398
-351
-294
-220
-145
-40
69
158
273
364
468
545
633
704
742
736
737
725
681
613
539
446
283
135
-14
-170
-293
-396
-495
-598
-665
-730
-769
-773
-769
-725
-690
-638
-587
-542
-513
-553
-557
-524
-509
-469
-436
-414
-394
-414
-418
-419
-386
-340
-303
-279
-221
-210
-224
-221
-250
-285
-364
-447
-487
-437
-377
-369
-341
-324
-261
-159
-47
77
190
331
430
556
682
784
868
904
941
911
872
816
770
706
630
656
644
579
568
575
612
604
586
576
560
548
528
458
410
399
329
297
251
195
115
52
16
6
60
135
217
319
339
310
296
251
206
110
15
-76
-184
-270
-336
-361
-407
-503
-618
-723
-813
-863
-890
-924
-897
-890
-860
-809
-745
-677
-592
-511
-376
-232
-119
9
90
164
200
200
200
165
103
56
45
-27
-108
-143
-163
-151
-156
-189
-202
-216
-269
-346
-394
-446
-501
-563
-636
-697
-738
-746
-721
-657
-561
-434
-279
-83
107
273
446
608
758
896
954
995
1002
935
879
866
789
757
722
713
712
700
707
672
611
542
467
309
213
98
13
-100
-204
-274
-344
-397
-436
-436
-413
-354
-247
-186
-172
-175
-211
-205
-181
-154
-148
-166
-181
-185
-163
-81
-5
50
116
177
198
199
183
154
68
30
-7
-18
-59
-91
-88
-156
-188
-184
-167
-108
-85
-75
0
85
144
179
201
169
135
83
58
50
9
-29
-83
-112
-165
-189
-191
-203
-220
-278
-348
-395
-458
-475
-490
-533
-568
-555
-513
-462
-361
-266
-189
-107
-23
44
133
205
247
281
308
337
365
396
404
404
412
432
471
490
524
560
550
531
467
397
332
267
188
106
17
-85
-182
-317
-413
-464
-461
-448
-448
-416
-336
-264
-205
-184
-180
-178
-175
-112
-66
-9
69
110
180
257
317
384
461
501
515
471
407
308
223
99
-25
-78
-156
-240
-300
-314
-340
-338
-300
-286
-282
-270
-248
-226
-222
-239
-192
-167
-161
-141
-170
-161
-170
-129
-82
-12
70
133
200
268
355
416
432
472
440
366
306
253
204
117
26
-24
-28
-11
-6
21
72
98
116
135
148
165
165
151
175
118
109
75
26
15
0
17
19
7
-18
-64
-98
-126
-139
-149
-205
-178
-187
-194
-145
-128
-118
-150
-170
-195
-193
-142
-105
-108
-82
-46
-46
-24
-7
-9
-41
-25
-35
-44
-53
-41
-36
-59
-30
-10
9
29
21
-21
-34
-33
-14
-26
-9
-2
38
56
63
80
63
36
-1
18
42
106
143
141
131
114
101
106
76
67
44
34
-11
-18
-3
-7
37
44
49
12
-4
-17
-22
-33
-76
-84
-69
-46
-21
6
47
81
109
95
73
34
52
89
121
154
197
244
247
298
294
212
154
121
57
-66
-157
-265
-343
-418
-486
-536
-542
-537
-545
-508
-470
-407
-381
-371
-312
-266
-229
-201
-161
-140
-153
-150
-133
-90
-78
-69
-46
-45
-9
-26
-9
-32
-52
-46
-60
-52
-41
-49
-77
-81
-78
-48
2
23
21
67
114
190
251
299
355
372
385
382
378
385
369
391
383
377
369
402
423
393
357
299
283
242
263
220
170
155
122
103
72
60
10
-90
-153
-202
-238
-207
-137
-53
-3
29
80
131
178
277
354
456
533
576
591
602
620
611
551
486
436
394
320
230
169
82
-26
-140
-228
-322
-410
-506
-603
-668
-762
-842
-885
-928
-942
-952
-983
-982
-976
-963
-941
-891
-846
-785
-690
-594
-487
-387
-298
-202
-119
-66
-27
10
64
133
222
292
345
398
404
370
345
312
269
229
232
176
113
92
64
49
58
72
79
106
115
149
186
197
221
275
295
318
353
337
318
299
303
321
300
295
292
285
261
251
249
268
300
351
378
387
362
315
302
273
232
161
87
26
2
-11
-15
-23
-9
-24
7
58
27
18
30
22
37
26
12
19
22
66
66
51
27
-11
-77
-169
-175
-208
-263
-280
-330
-386
-427
-445
-434
-455
-482
-493
-487
-463
-469
-451
-411
-352
-290
-240
-210
-135
-80
-24
26
38
90
141
191
244
306
333
337
344
292
292
280
248
193
113
73
9
-70
-113
-180
-243
-296
-362
-422
-472
-466
-446
-417
-402
-371
-314
-268
-189
-139
-54
14
64
113
144
208
198
252
321
344
352
344
371
371
394
409
382
356
348
315
244
189
122
73
30
7
1
4
6
3
26
4
-3
15
31
72
135
154
145
148
149
172
192
179
156
140
134
113
136
159
180
182
169
146
90
41
-63
-160
-244
-305
-371
-437
-494
-542
-584
-628
-628
-585
-558
-522
-459
-419
-369
-316
-272
-229
-171
-131
-93
-62
-4
25
91
172
242
283
267
288
268
238
223
250
262
231
216
178
141
99
64
5
-66
-136
-244
-319
-344
-337
-357
-389
-354
-319
-270
-237
-189
-164
-134
-123
-135
-74
-8
61
113
135
146
169
198
226
260
263
244
205
194
169
172
203
244
247
258
227
226
250
247
277
298
330
402
481
533
570
604
629
645
672
665
647
600
578
516
473
506
477
420
365
301
190
114
30
-62
-147
-276
-398
-495
-575
-666
-756
-833
-889
-893
-919
-909
-899
-878
-812
-765
-697
-639
-582
-525
-418
-372
-265
-137
-26
101
180
258
328
395
459
465
467
477
424
369
301
215
99
2
-72
-112
-190
-268
-316
-380
-459
-478
-438
-436
-440
-440
-429
-451
-474
-434
-408
-406
-367
-312
-235
-131
-32
50
127
227
301
342
408
447
439
437
427
412
381
347
327
311
284
245
243
218
204
240
244
270
285
241
172
141
141
159
190
187
214
274
307
335
391
409
392
398
372
368
338
286
236
190
174
103
65
24
-16
-83
-130
-165
-184
-184
-249
-267
-252
-281
-300
-303
-290
-326
-348
-318
-318
-304
-284
-247
-261
-226
-147
-88
-41
13
89
105
117
139
117
80
70
45
-2
-63
-113
-161
-261
-335
-369
-394
-426
-429
-431
-485
-481
-448
-456
-465
-415
-355
-315
-261
-186
-135
-82
-32
-8
40
111
172
205
218
241
246
274
260
286
309
284
264
212
217
190
143
122
104
93
96
69
45
40
54
51
48
54
53
60
64
68
88
105
131
160
189
233
285
309
331
346
360
381
426
442
428
392
352
287
272
244
216
199
134
87
-7
-75
-92
-140
-179
-196
-173
-150
-136
-142
-151
-164
-150
-144
-155
-154
-123
-133
-160
-173
-169
-178
-141
-99
-104
-92
-111
-92
-137
-168
-194
-237
-281
-342
-367
-403
-423
-419
-419
-440
-450
-430
-426
-424
-396
-337
-322
-330
-282
-253
-245
-241
-224
-192
-167
-132
-108
-64
-11
-1
16
11
40
81
118
159
165
193
196
192
212
236
241
254
280
306
319
324
340
374
423
436
472
496
505
516
479
495
502
515
497
498
464
460
464
437
443
413
428
406
398
383
356
348
332
291
227
188
128
85
26
-26
-69
-144
-154
-186
-201
-216
-227
-259
-279
-280
-293
-284
-276
-264
-284
-284
-290
-253
-241
-240
-234
-249
-273
-298
-304
-295
-285
-295
-312
-339
-351
-394
-392
-389
-390
-387
-380
-345
-341
-311
-283
-256
-250
-260
-256
-224
-173
-149
-120
-94
-136
-163
-172
-172
-153
-139
-109
-77
-37
-43
-48
-27
-15
23
34
50
68
66
57
6
-16
-31
-20
-11
-35
-14
13
56
78
96
153
203
243
280
356
388
408
469
498
513
523
515
525
517
541
548
538
590
630
630
630
629
658
598
535
481
406
356
293
253
179
123
65
2
-22
-64
-74
-116
-149
-161
-171
-191
-219
-244
-300
-369
-438
-522
-576
-608
-646
-683
-721
-744
-740
-747
-737
-725
-718
-695
-699
-668
-654
-628
-570
-524
-461
-392
-342
-285
-239
-172
-90
-24
42
91
133
133
161
177
213
207
233
266
253
283
296
300
281
270
269
288
278
289
271
275
304
317
349
354
338
333
312
303
334
323
344
362
370
381
430
475
495
535
553
561
546
520
485
457
421
391
336
290
236
139
110
54
-20
-72
-107
-192
-224
-232
-264
-286
-336
-366
-377
-412
-465
-505
-525
-535
-536
-518
-522
-506
-475
-459
-468
-480
-427
-411
-423
-436
-449
-454
-452
-405
-364
-295
-220
-181
-162
-132
-123
-122
-94
-68
-16
16
12
39
47
66
87
94
105
122
124
69
90
66
66
63
89
124
124
166
187
179
172
191
206
185
164
163
132
101
132
153
176
194
213
225
252
299
314
311
286
263
227
176
181
156
146
134
118
79
49
67
74
98
125
140
147
151
140
153
155
147
180
198
216
237
212
166
139
135
94
87
63
27
3
-33
-73
-66
-50
-89
-111
-130
-160
-188
-169
-162
-177
-191
-202
-188
-221
-233
-238
-251
-263
-279
-253
-268
-280
-272
-269
-245
-245
-243
-271
-287
-283
-258
-236
-222
-193
-156
-120
-138
-140
-134
-127
-97
-86
-51
-27
-1
33
49
121
168
210
209
219
204
186
221
245
266
277
304
297
284
254
198
138
134
125
135
116
85
56
6
-30
-60
-42
-71
-41
-41
-48
-50
-49
-41
-28
2
34
64
122
180
185
182
176
152
126
94
33
17
-15
-33
-8
-36
-33
-29
-36
-75
-95
-90
-105
-136
-159
-188
-234
-289
-324
-328
-350
-363
-362
-393
-370
-342
-322
-316
-308
-285
-259
-221
-179
-126
-62
-35
10
48
82
86
103
114
90
86
67
93
93
162
214
293
347
336
338
324
338
330
343
351
356
343
342
323
336
301
287
303
281
283
308
321
340
373
369
321
291
278
229
200
166
135
96
24
-33
-66
-145
-178
-207
-233
-281
-314
-364
-386
-403
-423
-435
-466
-460
-475
-464
-457
-440
-423
-409
-359
-323
-300
-268
-230
-198
-179
-136
-116
-114
-122
-134
-150
-156
-146
-129
-97
-79
-57
-43
-55
-57
-71
-65
-68
-71
-54
-71
-77
-78
-87
-91
-67
-55
11
54
101
164
221
286
341
408
438
459
450
420
388
356
322
286
242
257
253
239
252
266
273
257
225
192
183
163
156
170
158
153
136
127
89
71
51
55
77
75
72
86
92
75
85
85
75
87
77
32
-18
-69
-120
-158
-201
-196
-177
-190
-181
-170
-156
-160
-162
-142
-129
-131
-151
-200
-238
-281
-297
-311
-303
-300
-275
-283
-255
-204
-196
-171
-155
-147
-145
-136
-119
-119
-98
-71
-78
-82
-71
-69
-68
-43
-46
-45
-79
-105
-109
-99
-97
-85
-56
-43
-53
-63
-72
-56
-5
28
63
120
150
181
202
192
210
204
194
173
167
156
158
140
151
144
142
121
118
140
112
121
96
120
130
157
178
195
204
214
235
249
285
253
261
263
269
287
319
307
253
269
259
221
203
231
229
202
189
153
128
111
60
14
-14
-37
-65
-75
-94
-137
-167
-230
-282
-340
-381
-378
-390
-382
-412
-443
-465
-476
-457
-445
-427
-449
-475
-456
-442
-420
-410
-391
-388
-388
-398
-365
-329
-302
-264
-240
-203
-181
-129
-78
-27
50
122
173
197
229
236
237
249
275
311
347
402
435
481
487
483
449
428
421
429
413
358
281
193
120
51
6
-53
-60
-61
-42
-41
-15
12
33
47
20
-1
-31
-41
-40
-45
-45
-4
23
3
0
4
-4
-23
-21
-6
-2
-15
-19
-52
-107
-111
-114
-89
-79
-71
-99
-172
-180
-202
-193
-183
-163
-162
-147
-112
-78
-58
-59
-58
-56
-44
-43
-51
-73
-97
-100
-84
-63
-48
-58
-49
-40
-31
-37
-29
-11
-24
-7
-15
-36
-32
-41
-28
8
40
53
67
53
53
67
66
57
89
111
145
204
240
253
288
304
308
320
333
300
269
248
210
200
206
192
204
183
138
133
110
95
98
98
83
71
39
25
8
-42
-58
-56
-78
-111
-135
-131
-163
-159
-168
-185
-172
-171
-175
-161
-138
-125
-98
-71
-69
-80
-72
-84
-95
-92
-122
-138
-154
-152
-158
-179
-158
-145
-108
-73
-77
-60
-49
-47
-60
-55
-49
-58
-57
-76
-67
-68
-75
-72
-61
-13
13
30
40
58
82
100
126
126
142
111
77
103
92
90
91
75
103
86
91
75
19
-10
-24
-22
-36
-4
-7
-34
-23
-49
-35
11
2
-7
19
43
82
143
185
206
201
199
209
231
227
251
222
189
177
132
97
70
61
22
-42
-89
-143
-178
-202
-214
-234
-228
-254
-281
-270
-297
-315
-334
-338
-333
-320
-301
-274
-270
-266
-257
-250
-202
-168
-113
-58
-23
3
35
45
79
107
125
164
180
178
170
185
186
183
193
191
202
187
173
196
184
208
242
251
251
232
212
190
183
208
198
190
206
187
128
55
25
-24
-36
-21
-34
-60
-85
-91
-105
-93
-90
-96
-119
-173
-224
-268
-269
-263
-241
-229
-188
-145
-115
-81
-71
-57
2
59
77
86
102
123
139
161
159
160
148
151
148
134
126
131
138
135
132
147
129
114
79
7
-51
-96
-154
-193
-196
-235
-268
-273
-278
-253
-224
-192
-177
-186
-193
-196
-188
-183
-195
-182
-170
-154
-98
-87
-57
-35
-37
-14
-5
-5
-30
-16
-30
-11
-2
22
55
76
94
106
159
191
205
191
181
154
162
154
161
182
183
201
222
216
215
186
115
60
-19
-71
-92
-113
-116
-117
-120
-113
-108
-151
-173
-201
-241
-239
-239
-216
-204
-189
-175
-142
-123
-84
-23
13
60
88
137
172
217
222
234
249
256
261
267
299
290
267
263
261
237
246
243
249
235
179
133
101
87
39
2
-42
-80
-88
-130
-146
-165
-176
-174
-191
-189
-170
-145
-135
-108
-87
-90
-94
-99
-91
-72
-45
-32
-27
0
4
25
27
46
41
23
29
6
16
16
17
1
-24
-36
-58
-57
-27
-14
2
12
-2
-1
15
16
6
4
6
-16
-13
-13
-30
-50
-31
-32
-35
-34
-42
-40
-35
-6
-5
-24
-65
-91
-115
-152
-167
-165
-164
-160
-110
-59
-18
52
83
126
137
178
222
234
227
172
132
106
108
103
110
101
123
118
103
102
67
49
41
19
-6
-11
-19
-27
-39
-35
-55
-84
-123
-169
-223
-255
-255
-257
-244
-231
-223
-232
-229
-243
-216
-187
-183
-136
-93
-54
-24
-10
24
50
53
68
78
99
104
96
79
80
64
75
89
98
108
76
61
41
37
37
40
34
34
33
5
41
43
53
70
74
82
69
76
69
97
78
49
31
16
27
11
12
33
-3
-10
-46
-78
-49
-12
22
57
107
106
127
121
124
136
122
140
183
188
167
153
123
99
78
91
70
51
39
22
24
26
44
60
55
70
53
57
70
51
49
30
16
-15
-54
-75
-94
-125
-139
-146
-140
-118
-128
-147
-162
-216
-264
-305
-286
-311
-346
-360
-404
-405
-388
-356
-351
-344
-323
-338
-313
-284
-255
-216
-179
-171
-172
-131
-108
-61
-30
-14
32
67
74
82
121
157
178
221
254
276
316
295
302
294
299
298
293
284
277
299
296
277
247
231
209
185
193
184
181
149
144
158
154
168
155
147
116
100
67
60
53
36
37
31
21
19
31
33
10
-17
-37
-80
-89
-120
-147
-160
-170
-164
-178
-150
-132
-143
-135
-125
-107
-86
-75
-62
-41
-23
-15
-8
13
24
40
63
41
40
18
6
29
33
37
35
27
1
-28
-38
-33
-31
-33
-16
-8
-14
-23
-30
-47
-66
-78
-112
-128
-155
-159
-175
-171
-166
-151
-140
-123
-85
-39
18
59
112
142
196
247
301
308
323
335
295
286
281
258
257
248
190
132
93
78
77
54
54
42
-13
-77
-120
-155
-204
-224
-235
-256
-255
-256
-281
-297
-326
-352
-366
-362
-334
-308
-256
-226
-211
-192
-168
-141
-109
-86
-45
-33
-48
-16
9
23
32
48
57
28
33
36
29
40
50
29
24
36
21
15
18
43
52
36
35
35
62
91
101
142
165
196
208
194
182
189
186
161
130
99
84
88
87
72
82
52
45
4
-22
-8
-11
-14
-12
25
-13
-23
-40
-68
-65
-78
-58
-58
-40
-43
-58
-38
-12
2
7
25
32
66
79
104
137
130
157
148
173
181
181
169
146
116
87
86
86
62
4
-19
-49
-68
-80
-72
-85
-95
-112
-126
-110
-121
-110
-121
-114
-94
-73
-53
-67
-52
-23
0
8
2
11
3
-8
-30
-44
-67
-81
-104
-143
-134
-138
-139
-120
-141
-144
-146
-148
-152
-138
-132
-138
-144
-139
-154
-154
-129
-107
-82
-62
-52
-25
-11
-16
-20
-24
1
38
68
85
115
104
98
96
115
124
125
151
175
178
193
231
236
227
210
177
155
157
138
118
86
76
45
17
38
46
33
36
36
24
32
33
24
17
8
-9
2
25
25
45
84
99
90
80
58
34
17
-31
-76
-108
-157
-170
-153
-169
-153
-131
-95
-70
-48
-25
-11
-8
-36
-55
-51
-30
-45
-14
-5
-19
-26
-15
25
24
21
29
36
45
39
14
18
-6
0
-6
-19
-17
-1
-8
-12
1
20
20
15
26
-1
-30
-64
-73
-81
-64
-37
7
9
8
42
58
75
75
92
93
109
124
109
121
127
146
177
178
179
169
159
123
121
86
67
36
-12
-38
-66
-90
-135
-136
-128
-147
-155
-160
-179
-175
-174
-162
-156
-145
-145
-149
-155
-137
-135
-130
-123
-121
-86
-88
-87
-119
-116
-125
-109
-79
-67
-34
-43
-31
11
42
60
64
66
45
18
8
-6
0
-9
-11
-29
-52
-30
-27
2
48
45
65
83
90
113
127
118
96
115
107
115
115
100
100
81
84
105
101
83
70
51
42
29
56
54
56
50
58
76
83
113
117
112
94
92
76
68
46
40
8
7
-7
-22
-32
-80
-110
-119
-137
-175
-150
-152
-186
-202
-190
-188
-186
-183
-169
-158
-126
-118
-127
-157
-178
-145
-110
-95
-73
-65
-69
-65
-54
-43
-48
-52
-49
-39
-48
9
37
66
94
124
161
157
165
170
185
194
183
164
159
168
179
167
183
183
207
220
225
231
186
163
123
92
70
72
51
49
53
20
-1
-15
-27
-36
-67
-98
-117
-135
-142
-154
-154
-159
-146
-142
-141
-131
-106
-94
-100
-80
-91
-111
-141
-160
-197
-181
-149
-131
-120
-121
-115
-92
-53
-9
34
58
90
75
109
123
106
115
107
89
63
29
7
16
6
2
8
-11
-53
-48
-54
-49
-31
-48
-37
-43
-27
-5
7
28
50
56
85
123
117
122
110
99
85
99
131
174
193
213
204
192
168
130
106
62
36
-6
-8
3
-15
4
31
36
52
35
5
-7
1
31
23
22
8
-46
-81
-74
-84
-56
-27
-32
-15
-31
-21
2
8
21
16
25
20
25
35
14
-6
-24
-37
-37
-27
-33
-30
-71
-93
-103
-101
-94
-106
-99
-105
-128
-151
-149
-139
-130
-132
-140
-132
-120
-86
-60
-19
6
10
40
15
21
9
2
9
9
19
52
69
76
76
42
-4
-31
-55
-62
-72
-83
-57
-78
-111
-130
-155
-157
-161
-122
-108
-91
-79
-66
-19
8
-1
-7
-10
-36
-55
-46
-11
30
58
107
145
162
159
139
129
99
100
106
104
126
160
177
176
160
148
127
121
121
126
127
139
137
146
176
207
228
199
185
142
114
89
89
84
91
94
86
75
56
56
34
-9
-45
-66
-103
-133
-154
-154
-164
-189
-211
-248
-297
-314
-324
-310
-307
-316
-310
-295
-290
-290
-260
-256
-230
-218
-188
-149
-124
-52
-36
-18
-2
-4
-8
-28
-1
6
19
48
63
92
96
100
104
113
112
104
105
132
134
131
136
137
134
140
153
152
160
153
151
157
161
161
160
145
137
141
128
113
118
145
159
168
171
151
129
92
54
22
9
14
2
0
-20
-60
-88
-113
-109
-129
-145
-143
-155
-151
-173
-177
-168
-198
-205
-200
-202
-198
-177
-158
-129
-136
-145
-122
-125
-143
-119
-84
-120
-89
-35
-9
-2
9
34
41
25
-1
1
-18
-24
-23
-28
-19
-7
8
41
54
69
77
65
88
135
154
196
246
268
263
270
254
246
258
253
253
222
220
193
188
178
185
196
185
170
147
101
83
57
10
-1
-42
-71
-96
-129
-145
-179
-192
-210
-221
-213
-220
-191
-199
-204
-186
-186
-179
-164
-158
-141
-117
-123
-85
-58
-61
-60
-75
-64
-48
-43
-31
4
12
6
16
32
67
55
46
30
13
-6
-35
-35
-33
-22
-20
-10
-5
-5
-5
3
49
76
106
138
141
158
178
183
189
192
202
199
164
147
126
94
72
56
24
0
-33
-88
-103
-97
-107
-107
-117
-137
-169
-186
-197
-208
-189
-176
-167
-153
-129
-117
-84
-52
-38
-7
-3
23
46
36
71
70
73
57
39
40
26
26
2
-10
-16
-40
-36
-68
-93
-87
-99
-105
-91
-87
-92
-116
-116
-112
-106
-115
-98
-75
-68
-58
-51
-25
-10
12
34
54
46
58
56
46
82
83
93
110
105
105
131
143
152
160
126
110
105
100
99
92
116
121
121
114
114
116
112
90
69
61
56
53
46
52
36
50
41
20
12
1
-27
-30
-85
-103
-91
-100
-105
-120
-143
-153
-152
-156
-160
-166
-162
-144
-149
-134
-104
-83
-49
-41
-34
1
27
49
98
112
133
156
171
200
212
224
218
179
162
140
161
164
174
183
154
128
72
43
24
33
26
-8
-15
-29
-57
-78
-100
-102
-122
-161
-189
-210
-222
-268
-294
-292
-272
-258
-233
-215
-218
-202
-175
-152
-153
-133
-115
-100
-99
-108
-93
-116
-125
-131
-127
-113
-103
-99
-81
-90
-95
-68
-45
-21
14
56
100
156
235
287
336
368
365
376
355
369
380
368
353
346
342
314
288
236
223
191
157
154
150
149
131
120
89
39
18
11
-51
-91
-115
-152
-166
-188
-231
-235
-252
-275
-268
-282
-261
-259
-242
-220
-214
-182
-150
-133
-143
-112
-79
-66
-38
-42
-7
3
-3
15
2
0
0
4
14
8
40
51
80
73
81
77
79
108
106
116
108
107
93
107
95
113
149
170
185
191
204
196
203
216
225
209
194
182
136
111
89
78
48
25
-6
-29
-44
-76
-69
-93
-86
-102
-101
-119
-165
-155
-174
-177
-184
-197
-228
-251
-256
-261
-255
-224
-233
-217
-209
-192
-163
-138
-118
-134
-85
-63
-50
-21
-13
-10
-34
-41
-66
-106
-131
-147
-134
-123
-108
-77
-63
-49
-9
29
67
98
111
108
101
107
108
132
127
131
124
84
82
72
68
94
121
136
121
123
97
86
87
87
112
94
83
88
68
79
92
87
92
95
77
61
54
54
28
21
32
23
33
20
26
38
50
39
13
-12
-42
-76
-99
-131
-128
-141
-161
-157
-184
-196
-188
-182
-160
-131
-123
-117
-102
-97
-96
-85
-70
-32
-8
21
36
24
35
48
66
103
124
123
120
135
131
147
176
195
203
216
201
173
160
151
122
78
54
38
3
-5
-27
-23
-32
-70
-57
-74
-85
-99
-123
-127
-132
-119
-107
-117
-107
-94
-96
-83
-51
-12
11
39
30
18
17
2
5
-2
-12
-9
-6
-21
-9
-3
11
26
22
34
27
9
9
7
-4
9
14
4
6
-20
-39
-40
-67
-76
-94
-103
-131
-137
-128
-126
-109
-84
-61
-37
-30
-19
7
29
50
64
92
98
99
117
125
119
115
110
103
101
123
155
163
178
212
212
218
217
202
183
164
173
158
131
121
71
52
35
8
-2
-30
-47
-93
-115
-137
-162
-172
-210
-236
-258
-277
-285
-278
-261
-260
-230
-210
-180
-144
-159
-150
-150
-151
-149
-143
-121
-93
-50
-36
-34
-23
-14
0
1
3
41
68
77
102
131
139
150
145
151
159
165
155
150
165
170
177
188
196
173
166
161
154
136
131
139
147
142
128
122
110
87
51
25
-19
-27
-34
-52
-53
-58
-61
-53
-55
-39
-49
-53
-76
-77
-80
-95
-78
-85
-92
-108
-118
-135
-140
-119
-103
-83
-56
-38
0
-1
-11
-20
-27
-27
-37
-27
-15
-11
-2
-8
-24
-24
-31
-45
-66
-89
-137
-149
-141
-132
-132
-129
-127
-113
-77
-48
-13
37
71
71
82
102
102
109
108
104
109
106
105
90
87
73
68
69
45
40
24
1
-1
-12
-34
-35
-27
-29
-28
-30
-39
-59
-56
-65
-70
-57
-44
-21
-26
-6
20
31
18
15
-5
-19
-18
-13
-2
3
30
23
45
38
24
12
-15
-54
-51
-53
-60
-74
-82
-75
-60
-44
-43
-33
-32
-24
-16
14
8
3
-7
-20
-27
-26
-15
-15
9
12
27
46
39
49
35
31
41
38
41
32
33
41
41
53
73
66
68
69
71
70
57
66
77
94
92
104
106
96
89
75
82
80
80
70
73
52
68
63
41
39
33
30
1
-11
-31
-38
-54
-59
-48
-50
-47
-55
-80
-94
-82
-50
-35
-21
0
3
9
8
20
18
0
10
36
32
26
27
23
15
14
12
11
20
31
42
33
33
40
30
28
18
11
16
0
-11
-18
-11
-39
-42
-55
-57
-49
-46
-41
-63
-86
-101
-114
-116
-123
-120
-102
-110
-96
-86
-88
-93
-90
-99
-89
-76
-58
-44
-48
-52
-67
-77
-93
-93
-68
-75
-69
-48
-49
-48
-38
-40
-36
-23
-42
-41
-27
-11
12
32
44
53
46
39
36
15
7
-2
-19
2
8
11
15
16
35
28
27
34
53
53
51
63
68
94
102
111
114
112
118
95
113
126
135
153
163
156
162
152
123
129
139
141
144
152
146
147
133
133
161
169
194
178
151
127
82
56
32
39
37
28
11
-16
-35
-65
-68
-85
-99
-93
-104
-102
-124
-140
-148
-152
-168
-154
-130
-136
-148
-165
-184
-194
-209
-215
-207
-202
-193
-181
-164
-144
-115
-94
-69
-78
-89
-97
-125
-134
-124
-136
-119
-120
-109
-88
-87
-70
-57
-51
-50
-43
-36
-2
27
47
72
64
56
43
25
25
22
16
37
51
51
65
50
60
75
95
112
128
142
151
149
151
159
155
147
153
142
130
114
94
83
67
64
57
54
35
6
-14
-15
-13
5
23
18
11
3
-4
3
-10
-25
-34
-40
-61
-84
-84
-91
-99
-116
-120
-124
-136
-150
-164
-165
-151
-124
-85
-53
-29
-19
-7
8
5
14
20
7
24
28
31
34
26
36
24
19
15
23
26
20
39
42
39
43
48
70
87
102
106
107
102
106
89
83
88
87
95
100
119
114
130
124
118
114
106
125
129
144
145
143
126
115
99
93
110
119
112
97
71
43
34
12
-1
-31
-58
-76
-86
-63
-54
-43
-56
-54
-61
-71
-74
-74
-74
-88
-73
-66
-54
-36
-42
-85
-113
-136
-159
-161
-141
-110
-105
-99
-96
-92
-80
-99
-109
-124
-161
-190
-223
-233
-242
-246
-246
-245
-238
-241
-241
-250
-239
-224
-201
-174
-147
-130
-131
-113
-104
-100
-78
-75
-72
-42
9
56
90
128
154
162
160
193
205
233
272
304
324
333
341
342
338
317
317
303
298
297
280
272
250
226
203
167
134
99
79
65
59
44
49
43
34
44
19
-4
-27
-43
-65
-62
-57
-60
-66
-83
-103
-139
-165
-163
-172
-181
-176
-174
-164
-150
-124
-106
-88
-70
-64
-59
-48
-45
-43
-34
-29
-14
-13
-21
-13
-14
-12
-21
-29
-32
-9
3
24
43
40
40
16
11
-5
-12
-21
-33
-35
-51
-48
-33
-29
-24
-29
-35
-44
-55
-43
-29
-23
-6
-12
-17
-11
-21
-34
-44
-38
-35
-32
-23
-4
11
21
41
40
50
36
44
50
55
69
70
64
40
36
46
50
58
54
35
29
26
22
25
29
27
23
11
6
5
2
17
32
34
39
34
40
52
52
51
57
56
40
35
17
16
10
-4
-31
-47
-62
-78
-86
-92
-65
-55
-50
-39
-32
-32
-36
-31
-38
-54
-74
-81
-86
-96
-103
-103
-89
-78
-76
-59
-60
-50
-42
-39
-36
-18
12
27
46
47
37
34
22
23
31
37
54
69
89
104
103
111
106
85
75
67
57
61
71
70
74
79
78
76
75
86
86
99
99
96
88
70
53
60
61
34
16
4
-2
-10
-12
-32
-40
-56
-48
-44
-57
-51
-59
-58
-48
-40
-31
-47
-60
-78
-92
-101
-109
-107
-107
-105
-78
-54
-24
7
10
11
8
13
26
29
29
19
0
-18
-26
-22
-24
-20
-18
-7
-6
8
17
13
11
-11
-16
-26
-31
-16
-20
-16
-2
4
0
2
-18
-13
-11
-19
-13
-35
-41
-51
-51
-51
-40
-43
-35
-18
-25
-2
18
28
39
37
30
14
1
-18
-19
-42
-70
-75
-92
-89
-82
-83
-68
-52
-33
-5
16
53
79
93
111
124
126
135
134
113
94
84
87
75
63
58
39
51
57
61
55
47
51
30
10
-12
-41
-37
-42
-44
-39
-64
-72
-82
-101
-112
-107
-117
-105
-99
-86
-74
-70
-58
-58
-52
-46
-33
-7
10
21
34
56
68
74
78
72
66
49
41
39
37
29
