-62
-84
-105
-116
-125
-143
-141
-116
-84
-60
-41
-10
12
-4
-31
-23
-42
-42
-52
-86
-92
-85
-90
-104
-111
-99
-105
-96
-57
-47
-40
-32
-20
12
38
56
78
83
74
51
30
10
-35
-45
-31
-32
2
34
53
61
43
16
-5
-3
-4
-13
-17
-14
24
62
101
122
125
132
98
78
65
49
62
76
68
70
83
99
122
118
93
52
9
-23
-51
-77
-78
-86
-83
-90
-105
-125
-140
-163
-187
-185
-204
-185
-141
-123
-124
-112
-89
-86
-76
-72
-104
-103
-59
-36
-5
41
52
83
79
84
64
50
72
83
104
119
149
146
143
123
112
86
73
40
7
-9
-28
-40
-54
-34
2
8
-16
-20
-33
-71
-71
-63
-54
-33
-35
-2
37
84
103
141
139
78
55
31
36
73
103
108
115
84
83
79
31
9
-22
-19
8
56
126
162
174
171
164
127
108
93
75
51
18
3
20
18
0
1
20
42
45
10
-12
-2
-53
-104
-158
-193
-215
-250
-259
-245
-235
-258
-264
-250
-241
-225
-218
-179
-145
-136
-136
-154
-149
-130
-99
-63
-48
-36
-14
5
36
54
65
73
94
76
64
93
89
96
104
119
150
142
105
94
97
80
73
80
84
86
96
88
91
94
90
51
23
2
-7
-13
14
42
51
62
56
43
18
-9
1
-17
-53
-72
-93
-73
-52
-11
3
-1
0
-35
-48
-54
-61
-58
-75
-51
-48
-42
-4
2
13
-5
-11
-23
-40
-61
-89
-89
-86
-88
-103
-102
-105
-113
-120
-110
-84
-37
-22
-17
15
33
49
85
93
105
117
106
115
114
115
119
103
105
93
87
69
44
28
2
26
18
12
17
30
68
74
91
105
107
112
114
88
63
34
1
-19
-13
-29
-40
-65
-93
-98
-93
-73
-89
-99
-78
-68
-81
-100
-112
-111
-80
-37
-15
17
20
-22
-40
-25
-25
-2
4
12
16
28
51
65
74
79
66
80
99
117
182
184
193
186
166
186
129
109
78
37
38
22
-12
-17
-30
-52
-58
-76
-54
-44
-42
-39
-70
-88
-93
-92
-93
-87
-68
-61
-70
-63
-76
-83
-75
-89
-86
-79
-68
-56
-47
-57
-38
-20
-17
9
22
32
29
11
-19
-31
-52
-45
-14
-3
-10
-24
-27
-46
-83
-80
-50
-46
-66
-90
-113
-149
-112
-105
-96
-56
-40
-13
12
23
22
28
30
11
5
37
48
64
46
10
-27
-40
-47
-44
-17
47
82
134
152
137
170
173
178
178
154
138
102
99
88
62
34
-7
-42
-40
-23
-14
3
27
40
43
46
31
35
21
0
2
-4
-16
-37
-69
-84
-88
-81
-71
-73
-57
-58
-73
-53
-16
6
-2
-9
-31
-37
-25
-37
-31
-30
-40
-19
-9
-2
4
-4
4
-1
35
58
78
120
134
126
99
68
55
39
39
48
45
14
2
15
6
5
6
2
-34
-66
-71
-71
-62
-41
-32
-16
9
27
35
56
91
90
104
108
86
75
60
44
34
21
-15
-24
-44
-3
12
30
51
7
-7
-14
-36
-33
-25
-26
-45
-74
-94
-85
-60
-56
-42
-61
-96
-99
-129
-126
-107
-113
-132
-134
-136
-167
-149
-123
-114
-136
-110
-140
-164
-160
-131
-150
-220
-203
-171
-114
-68
-70
-8
49
74
143
162
221
297
366
378
346
357
351
365
333
313
311
299
249
177
117
73
64
8
-25
-59
-89
-134
-208
-262
-300
-320
-330
-332
-351
-338
-346
-350
-369
-356
-320
-322
-297
-252
-194
-159
-134
-123
-95
-70
-9
62
144
206
250
313
351
384
412
440
490
525
548
573
584
576
576
563
544
515
485
468
446
427
414
370
309
278
255
208
104
-12
-101
-177
-182
-231
-255
-262
-285
-314
-339
-370
-344
-364
-389
-417
-472
-536
-554
-598
-600
-591
-622
-656
-682
-709
-734
-762
-748
-753
-752
-711
-661
-609
-529
-445
-345
-258
-218
-140
-52
55
142
220
322
334
353
401
488
610
683
796
825
863
889
870
875
880
867
864
880
865
827
767
696
614
525
486
462
432
428
392
409
377
342
327
357
402
374
353
338
302
233
157
57
-38
-152
-252
-375
-486
-555
-679
-762
-858
-988
-1131
-1215
-1285
-1356
-1405
-1511
-1592
-1705
-1815
-1891
-1913
-1882
-1846
-1801
-1797
-1705
-1615
-1451
-1308
-1169
-930
-675
-431
-186
80
387
743
1088
1377
1565
1733
1866
2007
2109
2190
2380
2452
2451
2499
2484
2432
2333
2188
2030
1860
1679
1535
1370
1226
1083
940
781
581
422
284
156
42
-30
-76
-154
-243
-336
-466
-536
-702
-846
-994
-1056
-1059
-1097
-1182
-1269
-1305
-1316
-1335
-1328
-1335
-1334
-1353
-1493
-1498
-1591
-1621
-1662
-1784
-1911
-1961
-1970
-1975
-1864
-1773
-1648
-1448
-1323
-1128
-896
-673
-444
-155
97
319
544
724
951
1242
1530
1707
1893
2101
2261
2421
2480
2487
2500
2418
2305
2251
2195
2186
2146
2094
2055
1924
1765
1566
1360
1190
1024
846
670
501
388
258
75
-62
-254
-418
-604
-797
-914
-1074
-1228
-1317
-1382
-1456
-1465
-1442
-1462
-1540
-1533
-1508
-1504
-1521
-1539
-1548
-1499
-1441
-1445
-1459
-1551
-1556
-1635
-1817
-1808
-1945
-1967
-2061
-2128
-2118
-2029
-1967
-1875
-1716
-1511
-1265
-976
-617
-285
5
369
698
975
1244
1596
1858
2061
2239
2413
2572
2769
2877
2961
3045
3124
3175
3094
3000
2980
2907
2787
2603
2422
2200
2017
1782
1538
1330
1103
862
580
301
65
-127
-354
-575
-826
-1011
-1190
-1332
-1470
-1570
-1647
-1765
-1912
-1948
-1940
-1921
-1869
-1847
-1836
-1814
-1780
-1799
-1793
-1741
-1686
-1663
-1600
-1650
-1649
-1553
-1500
-1472
-1430
-1389
-1402
-1342
-1399
-1296
-1360
-1385
-1434
-1415
-1353
-1311
-1292
-1083
-921
-657
-470
-182
187
509
790
1064
1376
1692
1960
2227
2409
2622
2798
3005
3132
3274
3387
3455
3462
3381
3265
3159
3005
2801
2540
2318
2145
1998
1819
1741
1543
1345
1103
799
522
230
-18
-275
-547
-770
-1021
-1275
-1473
-1728
-1904
-2061
-2233
-2317
-2439
-2472
-2448
-2482
-2461
-2407
-2277
-2171
-2053
-2015
-1987
-1938
-1894
-1751
-1719
-1670
-1521
-1455
-1408
-1294
-1199
-1153
-1209
-1309
-1376
-1323
-1408
-1460
-1471
-1436
-1379
-1361
-1389
-1269
-1044
-747
-508
-330
15
453
838
1115
1365
1691
2025
2330
2578
2836
3117
3386
3544
3513
3443
3321
3295
3142
2872
2688
2599
2561
2386
2128
1967
1916
1778
1616
1445
1295
1145
1008
792
515
237
78
-161
-514
-783
-1026
-1202
-1440
-1689
-1876
-2014
-2120
-2216
-2239
-2205
-2149
-2095
-2089
-2117
-2062
-2026
-2040
-1986
-1885
-1774
-1709
-1713
-1713
-1558
-1434
-1314
-1152
-988
-832
-685
-558
-536
-579
-621
-732
-790
-960
-1113
-1254
-1283
-1271
-1283
-1395
-1351
-1200
-993
-847
-732
-437
-98
326
712
1099
1469
1910
2255
2510
2716
2956
3244
3347
3359
3373
3313
3240
3260
3063
2831
2651
2513
2340
2067
1882
1719
1522
1363
1177
971
749
605
369
113
-96
-265
-439
-626
-844
-1029
-1183
-1339
-1449
-1539
-1576
-1608
-1572
-1550
-1437
-1277
-1166
-1061
-951
-869
-802
-792
-813
-941
-966
-1031
-1062
-1085
-1027
-1008
-1021
-987
-941
-905
-813
-839
-920
-941
-891
-861
-974
-1092
-1245
-1362
-1561
-1888
-2163
-2382
-2552
-2632
-2744
-2743
-2615
-2346
-2025
-1716
-1356
-900
-349
54
376
781
1255
1805
2194
2483
2699
2917
3098
3211
3220
3241
3274
3284
3281
3220
3133
2965
2852
2643
2460
2219
2062
1950
1759
1549
1351
1089
960
713
450
169
-135
-296
-459
-698
-784
-845
-760
-741
-702
-658
-522
-379
-335
-220
-183
-51
65
76
66
-55
-109
-225
-396
-590
-786
-935
-1072
-1153
-1123
-1122
-1092
-1076
-1068
-1145
-1143
-1162
-1216
-1378
-1596
-1880
-2302
-2640
-2906
-3109
-3346
-3586
-3740
-3819
-3805
-3756
-3739
-3484
-3192
-2790
-2376
-1990
-1524
-978
-445
9
470
967
1459
1940
2350
2721
3066
3422
3644
3802
3931
4140
4281
4393
4373
4291
4210
4115
4068
3806
3616
3372
3137
2824
2499
2166
1861
1536
1271
953
602
438
249
-9
-263
-434
-510
-612
-625
-602
-608
-584
-609
-621
-560
-514
-456
-522
-646
-768
-822
-926
-1085
-1202
-1273
-1367
-1518
-1653
-1684
-1749
-1771
-1749
-1822
-1862
-2015
-2132
-2292
-2408
-2390
-2498
-2651
-2812
-3007
-3222
-3421
-3572
-3681
-3783
-3903
-4001
-4008
-3920
-3803
-3643
-3415
-3086
-2625
-2147
-1696
-1221
-703
-170
439
1012
1579
2199
2749
3277
3765
4182
4530
4853
5094
5232
5392
5476
5516
5451
5354
5224
5009
4812
4615
4265
3965
3702
3446
3126
2751
2515
2230
1784
1395
936
512
154
-120
-349
-674
-870
-911
-990
-1041
-1112
-1040
-981
-1054
-1083
-1141
-1223
-1314
-1497
-1656
-1800
-1916
-2039
-2273
-2489
-2718
-2778
-2939
-3069
-3144
-3176
-3289
-3399
-3414
-3331
-3274
-3218
-3138
-3068
-2997
-2771
-2706
-2679
-2679
-2716
-2836
-2994
-3154
-3195
-3235
-3264
-3271
-3150
-2908
-2695
-2553
-2253
-1771
-1275
-807
-395
165
808
1436
2078
2643
3130
3661
4080
4320
4525
4731
4962
5180
5260
5376
5472
5579
5602
5610
5547
5539
5421
5328
5040
4736
4526
4118
3706
3037
2557
2100
1498
929
511
-3
-318
-615
-852
-1165
-1357
-1268
-1391
-1469
-1471
-1480
-1544
-1697
-1873
-2061
-2230
-2411
-2639
-2996
-3283
-3519
-3709
-3934
-4031
-4056
-3966
-3903
-3894
-3743
-3538
-3454
-3367
-3146
-2895
-2821
-2765
-2624
-2587
-2545
-2484
-2462
-2521
-2553
-2437
-2401
-2366
-2312
-2255
-2189
-2100
-2120
-1972
-1780
-1514
-1215
-948
-595
-179
243
607
831
1169
1548
1972
2424
2813
3207
3620
4015
4426
4744
5081
5366
5659
5912
6054
6131
6166
6090
6018
5881
5575
5278
4947
4554
4180
3642
3057
2588
2008
1472
806
304
-81
-530
-874
-1165
-1484
-1626
-1880
-2063
-2351
-2549
-2575
-2727
-2931
-3023
-3121
-3256
-3447
-3664
-3822
-3972
-4055
-4132
-4251
-4281
-4154
-4012
-3885
-3742
-3565
-3258
-3056
-2805
-2524
-2236
-2115
-1968
-1823
-1671
-1592
-1503
-1352
-1266
-1159
-962
-841
-632
-518
-298
-310
-430
-525
-540
-572
-694
-801
-815
-860
-759
-724
-683
-408
-140
199
463
671
1104
1552
2015
2438
2811
3370
3904
4287
4610
4932
5285
5573
5704
5713
5696
5617
5602
5541
5307
5057
4700
4348
3858
3356
2848
2321
1803
1203
697
305
-100
-487
-870
-1171
-1513
-1873
-2083
-2356
-2657
-2956
-3187
-3402
-3681
-3924
-4095
-4212
-4312
-4317
-4319
-4291
-4188
-4016
-3849
-3686
-3408
-3092
-2762
-2378
-2055
-1740
-1491
-1211
-956
-656
-446
-247
-144
-27
-17
-26
-25
-104
-208
-272
-293
-394
-444
-570
-500
-547
-596
-770
-887
-958
-1149
-1269
-1557
-1628
-1748
-1795
-1886
-1895
-1766
-1463
-1167
-809
-530
-57
617
1258
1830
2358
2904
3496
3958
4392
4748
5104
5387
5557
5609
5622
5583
5590
5480
5266
4919
4618
4327
4090
3595
3240
2849
2494
1956
1283
759
192
-369
-938
-1553
-2057
-2492
-2791
-3054
-3423
-3593
-3624
-3689
-3744
-3718
-3615
-3525
-3382
-3174
-3000
-2830
-2596
-2267
-2048
-1895
-1627
-1486
-1502
-1493
-1343
-1108
-1094
-1062
-1005
-896
-875
-899
-900
-937
-1028
-1121
-1166
-1364
-1527
-1575
-1657
-1728
-1809
-1742
-1666
-1541
-1618
-1624
-1806
-1790
-1993
-2055
-2145
-2264
-2229
-2138
-2031
-1833
-1684
-1311
-871
-511
-75
421
998
1557
2065
2484
2923
3366
3852
4281
4633
4920
5229
5494
5607
5683
5792
5796
5754
5619
5466
5155
4926
4580
4181
3687
3203
2753
2232
1710
1107
619
151
-219
-631
-1029
-1347
-1612
-1889
-2123
-2319
-2556
-2680
-2769
-2850
-2933
-3000
-2980
-3029
-3118
-3075
-3075
-3015
-2966
-2875
-2710
-2665
-2641
-2613
-2470
-2280
-2182
-2160
-2094
-1999
-1929
-1949
-1975
-2021
-2121
-2230
-2322
-2421
-2424
-2361
-2334
-2324
-2306
-2147
-1959
-1741
-1550
-1396
-1337
-1262
-1140
-1035
-951
-1007
-905
-783
-698
-625
-615
-585
-401
-168
91
283
675
1107
1556
1947
2388
2906
3478
3963
4375
4759
5084
5483
5783
5917
5976
5959
6001
5893
5701
5460
5160
4887
4512
4122
3628
3133
2686
2263
1594
1041
521
0
-584
-1231
-1569
-2076
-2507
-2758
-3125
-3379
-3467
-3460
-3447
-3674
-3650
-3537
-3617
-3607
-3456
-3418
-3400
-3263
-3044
-3047
-2991
-2760
-2623
-2696
-2603
-2445
-2385
-2344
-2266
-2087
-1860
-1716
-1714
-1602
-1545
-1568
-1584
-1543
-1579
-1560
-1466
-1326
-1233
-1035
-745
-401
-217
-50
86
133
222
104
57
-204
-279
-464
-553
-687
-743
-771
-663
-577
-353
-185
159
585
1002
1454
1945
2422
2961
3526
4162
4572
4981
5410
5826
5962
6012
6133
6119
5952
5695
5321
4968
4613
4152
3636
3060
2486
1996
1435
729
165
-437
-878
-1440
-2000
-2320
-2804
-3133
-3421
-3751
-3947
-4099
-4113
-4173
-4354
-4206
-4142
-4147
-4000
-3784
-3591
-3435
-3115
-2715
-2327
-1971
-1519
-1194
-937
-647
-371
-300
-368
-376
-277
-257
-388
-506
-599
-767
-1009
-1141
-1245
-1236
-1254
-1256
-1190
-1167
-967
-760
-598
-496
-447
-282
-418
-388
-542
-710
-1079
-1410
-1649
-1821
-1926
-1924
-1933
-1761
-1451
-1114
-694
-275
340
973
1576
2186
2756
3317
3980
4478
4848
5165
5428
5645
5683
5618
5451
5339
5165
4941
4629
4278
3918
3555
3166
2623
2050
1593
1149
617
-26
-752
-1092
-1620
-1970
-2428
-2511
-2547
-2851
-2980
-2982
-3153
-3072
-2928
-2752
-2623
-2506
-2027
-1811
-1781
-1438
-1208
-1047
-800
-631
-410
-396
-248
-38
-117
-237
-326
-476
-814
-1070
-1225
-1323
-1537
-1812
-1993
-2132
-2295
-2409
-2381
-2379
-2429
-2367
-2174
-2016
-1899
-1641
-1449
-1315
-1268
-1130
-1155
-1261
-1491
-1437
-1594
-1826
-1847
-1870
-1887
-1916
-1879
-1678
-1408
-1094
-697
-399
115
671
1218
1820
2391
3052
3691
4230
4673
5054
5420
5677
5833
5820
5791
5692
5525
5288
4904
4473
4071
3626
3286
2765
2397
2087
1758
1360
879
634
238
19
-430
-688
-836
-1037
-1206
-1378
-1648
-1841
-2054
-2154
-2356
-2658
-2570
-2551
-2691
-2610
-2480
-2308
-2214
-2107
-1915
-1907
-1814
-1561
-1613
-1694
-1652
-1635
-1912
-2250
-2445
-2567
-2749
-2887
-2907
-2915
-2876
-2833
-2748
-2600
-2486
-2278
-1971
-1699
-1433
-1095
-735
-598
-488
-416
-302
-535
-609
-792
-844
-1115
-1429
-1500
-1541
-1578
-1501
-1340
-987
-615
-226
213
545
1115
1700
2214
2735
3267
3825
4331
4628
4970
5220
5374
5533
5519
5554
5519
5485
5437
5276
4926
4592
4278
3998
3681
3256
2863
2481
2162
1768
1039
613
106
-381
-895
-1489
-1629
-2023
-2337
-2452
-2774
-3050
-3185
-3303
-3407
-3658
-3685
-3548
-3752
-3719
-3568
-3563
-3485
-3385
-3162
-3075
-3009
-2717
-2552
-2567
-2345
-1966
-1819
-1790
-1665
-1426
-1343
-1365
-1212
-1139
-1176
-1159
-1105
-1013
-995
-992
-831
-734
-608
-565
-399
-213
-29
89
278
235
62
-18
-274
-467
-931
-1116
-1378
-1537
-1655
-1667
-1617
-1385
-1110
-730
-442
46
727
1274
1816
2458
2956
3524
4060
4522
4905
5159
5436
5663
5727
5670
5523
5396
5185
4893
4486
4147
3835
3446
3088
2739
2453
2077
1766
1421
1041
663
321
-73
-523
-813
-1086
-1327
-1686
-1974
-2271
-2671
-2939
-3217
-3546
-3791
-4017
-4130
-4227
-4220
-4084
-3885
-3718
-3470
-3139
-2803
-2485
-2237
-1980
-1860
-1771
-1733
-1698
-1654
-1631
-1602
-1535
-1507
-1448
-1348
-1267
-1218
-1143
-963
-723
-630
-510
-348
-293
-241
-210
-93
-104
-154
-245
-456
-670
-927
-1123
-1521
-1760
-1987
-2046
-2017
-1919
-1689
-1327
-956
-449
-23
486
1183
1830
2388
2913
3345
3853
4313
4664
4970
5136
5321
5459
5526
5445
5336
5352
5213
5000
4737
4466
4180
3861
3486
3142
2738
2277
1797
1413
903
332
146
-392
-815
-1390
-1767
-2083
-2599
-2904
-3178
-3680
-3915
-4085
-4265
-4361
-4486
-4248
-4136
-4120
-3669
-3295
-3065
-2700
-2300
-1893
-1759
-1493
-1077
-1019
-1015
-899
-817
-922
-1094
-1196
-1163
-1317
-1364
-1372
-1383
-1355
-1305
-1183
-1069
-1010
-872
-656
-498
-453
-269
-106
-120
-154
-276
-343
-683
-877
-1134
-1322
-1635
-1710
-1715
-1619
-1456
-1306
-1064
-626
-165
328
831
1255
1759
2309
2818
3369
3781
4260
4656
4890
5043
5098
5227
5348
5255
5115
4963
4791
4605
4363
4016
3683
3283
2901
2418
1927
1508
1138
669
219
-92
-336
-579
-837
-1174
-1492
-1694
-1967
-2311
-2632
-2843
-3101
-3325
-3400
-3498
-3631
-3733
-3698
-3645
-3728
-3604
-3407
-3233
-3039
-2754
-2412
-2107
-1844
-1675
-1515
-1443
-1324
-1196
-1129
-1127
-982
-1018
-1037
-998
-917
-906
-1056
-1087
-1067
-1007
-921
-837
-782
-654
-546
-384
-316
-146
38
105
226
190
133
83
71
-76
-185
-213
-167
-89
-56
43
280
592
923
1239
1532
1882
2336
2823
3258
3582
3937
4303
4443
4514
4534
4532
4448
4241
3958
3579
3242
2855
2434
2022
1656
1340
1027
744
529
309
144
4
-93
-316
-493
-573
-762
-902
-1138
-1238
-1488
-1858
-2120
-2460
-2898
-3101
-3252
-3441
-3601
-3615
-3407
-3251
-2973
-2471
-2112
-1856
-1425
-968
-777
-639
-341
-115
-272
-418
-351
-503
-789
-1005
-1042
-1102
-1353
-1320
-1247
-1312
-1356
-1209
-921
-735
-437
-101
165
431
658
939
1068
1028
919
917
866
639
363
163
-146
-303
-489
-560
-544
-542
-390
-365
-354
-79
323
584
777
912
1187
1386
1511
1640
1736
1693
1658
1729
1738
1722
1747
1872
1898
1815
1698
1618
1574
1476
1295
1193
1185
1214
1158
1107
954
907
903
759
560
403
326
257
110
-81
-124
-260
-531
-754
-953
-1174
-1362
-1519
-1684
-1846
-1876
-1818
-1860
-1824
-1765
-1669
-1507
-1349
-1107
-892
-662
-432
-301
-259
-209
-235
-300
-448
-505
-540
-547
-532
-490
-518
-443
-252
-215
-86
124
201
294
462
561
702
706
746
740
612
568
540
290
16
-282
-493
-729
-1089
-1363
-1593
-1859
-1990
-2095
-2174
-2127
-1948
-1713
-1560
-1484
-1143
-817
-590
-230
-54
71
237
476
683
821
990
1206
1356
1462
1624
1824
2102
2327
2539
2668
2768
2870
2973
3079
3057
3022
2916
2862
2705
2560
2060
1866
1525
967
571
-30
-235
-688
-1008
-1207
-1472
-1572
-1594
-1690
-1677
-1646
-1366
-966
-879
-549
-120
-45
183
295
526
524
512
560
408
138
-73
-245
-548
-733
-865
-770
-729
-750
-583
-506
-385
-253
-224
-187
-351
-489
-606
-704
-796
-991
-1198
-1407
-1724
-1955
-2005
-2111
-2349
-2555
-2633
-2758
-2851
-2852
-2655
-2605
-2491
-2330
-2139
-2119
-1891
-1650
-1533
-1502
-1447
-1240
-1104
-896
-595
-314
19
504
1004
1449
1853
2323
2822
3165
3546
3854
4106
4354
4445
4488
4516
4419
4244
4045
3760
3441
3197
2888
2581
2287
1945
1721
1485
1249
996
743
556
460
289
168
34
-88
-244
-442
-515
-588
-766
-835
-895
-1036
-1102
-1151
-1084
-1086
-1127
-1044
-1054
-1054
-1011
-961
-979
-996
-969
-891
-938
-991
-981
-1046
-1133
-1320
-1467
-1576
-1731
-1919
-2086
-2168
-2176
-2177
-2104
-2022
-1945
-1926
-1811
-1657
-1610
-1565
-1482
-1441
-1480
-1569
-1622
-1660
-1853
-1976
-2099
-2110
-2196
-2340
-2264
-2138
-2055
-1879
-1635
-1263
-858
-402
122
639
1128
1606
2050
2508
2917
3300
3676
4002
4198
4323
4328
4303
4318
4274
4145
4011
3844
3749
3490
3218
3031
2844
2652
2419
2179
1933
1769
1614
1408
1159
960
825
612
393
201
23
-136
-137
-170
-285
-318
-271
-221
-299
-320
-393
-524
-686
-773
-796
-952
-1048
-1143
-1219
-1398
-1551
-1609
-1826
-1913
-2013
-2065
-2149
-2187
-2191
-2172
-2249
-2373
-2417
-2494
-2576
-2648
-2735
-2838
-2875
-2889
-2891
-2889
-2853
-2793
-2695
-2656
-2618
-2602
-2524
-2480
-2560
-2624
-2725
-2857
-2862
-2832
-2810
-2781
-2563
-2222
-1978
-1725
-1361
-939
-428
141
827
1497
2182
2887
3526
3983
4400
4910
5243
5394
5564
5686
5766
5833
5866
5817
5611
5333
5184
4925
4692
4487
4235
3945
3639
3391
3171
2913
2698
2449
2199
1976
1741
1460
1320
1102
792
501
204
12
-374
-694
-850
-1156
-1428
-1680
-1913
-2098
-2279
-2388
-2485
-2621
-2781
-2928
-3075
-3202
-3401
-3608
-3754
-3928
-3993
-4193
-4283
-4314
-4389
-4420
-4426
-4442
-4495
-4499
-4433
-4334
-4247
-4029
-3819
-3556
-3368
-3053
-2765
-2524
-2235
-2014
-1857
-1776
-1734
-1664
-1650
-1602
-1622
-1611
-1503
-1357
-1160
-977
-710
-268
172
696
1211
1655
2191
2738
3296
3808
4213
4657
5040
5347
5625
5860
6082
6209
6263
6246
6115
6018
5980
5791
5559
5383
5173
5036
4811
4563
4273
3908
3586
3224
2845
2490
2199
1881
1516
1147
821
464
98
-325
-752
-1164
-1483
-1731
-2013
-2361
-2707
-3015
-3239
-3423
-3580
-3784
-4028
-4141
-4265
-4436
-4509
-4510
-4617
-4787
-4893
-4927
-5021
-5132
-5079
-5048
-4979
-4828
-4587
-4344
-4119
-3896
-3633
-3361
-3089
-2781
-2507
-2283
-2041
-1738
-1493
-1298
-1142
-1027
-829
-661
-490
-307
-171
-99
-73
-18
63
172
301
459
599
798
1003
1175
1395
1660
1903
2205
2423
2806
3159
3418
3687
4019
4358
4545
4827
5168
5437
5552
5713
5897
5941
5935
5897
5848
5785
5633
5364
5065
4770
4433
3919
3392
2898
2459
2030
1651
1245
921
606
305
65
-247
-542
-763
-934
-1197
-1554
-1920
-2242
-2642
-3077
-3501
-3861
-4209
-4523
-4789
-5069
-5229
-5319
-5352
-5371
-5401
-5334
-5176
-5019
-4924
-4707
-4572
-4422
-4311
-4167
-3945
-3776
-3604
-3337
-3080
-2958
-2718
-2400
-2044
-1747
-1456
-1117
-880
-624
-363
-160
-3
71
141
223
308
344
501
683
747
789
917
970
985
1105
1164
1279
1488
1697
1833
2006
2124
2230
2385
2544
2759
2948
3159
3414
3757
4044
4177
4378
4606
4767
4890
4968
5077
5193
5199
5197
5104
4982
4815
4543
4202
3811
3493
3077
2728
2397
2035
1676
1393
1103
767
444
215
-81
-514
-859
-1202
-1594
-2048
-2458
-2792
-3190
-3550
-3854
-4154
-4444
-4691
-4912
-5134
-5314
-5391
-5484
-5546
-5558
-5526
-5393
-5315
-5135
-4857
-4675
-4475
-4192
-3889
-3699
-3481
-3158
-2892
-2625
-2291
-1929
-1574
-1252
-988
-697
-504
-323
-161
-27
111
267
567
786
880
1043
1217
1326
1425
1571
1762
1938
2078
2216
2296
2388
2504
2613
2655
2677
2662
2695
2741
2722
2737
2864
3073
3168
3304
3477
3629
3820
4026
4191
4316
4453
4455
4555
4618
4583
4481
4306
4144
3902
3617
3249
2938
2617
2278
1956
1632
1302
938
577
186
-170
-544
-943
-1292
-1589
-1845
-2100
-2354
-2676
-2999
-3305
-3598
-3922
-4151
-4408
-4624
-4851
-5062
-5212
-5349
-5413
-5460
-5522
-5586
-5556
-5411
-5175
-4987
-4741
-4382
-4012
-3625
-3208
-2775
-2383
-2061
-1682
-1344
-1070
-757
-544
-293
-63
98
373
529
744
896
1051
1289
1486
1690
1981
2242
2463
2658
2841
3042
3187
3258
3419
3417
3419
3447
3422
3321
3214
3093
2891
2705
2585
2548
2402
2303
2180
2106
2127
2108
2114
2029
1943
1930
1850
1845
1848
1846
1803
1801
1753
1710
1660
1685
1707
1657
1561
1535
1407
1271
1078
902
617
370
195
-112
-428
-760
-969
-1270
-1487
-1698
-1920
-2208
-2458
-2624
-2798
-2943
-3147
-3302
-3461
-3649
-3783
-3945
-4097
-4245
-4347
-4418
-4482
-4419
-4277
-4169
-4007
-3704
-3392
-3184
-2881
-2554
-2183
-1898
-1586
-1244
-845
-511
-239
21
279
512
626
784
954
1113
1232
1378
1533
1645
1790
1975
2148
2241
2353
2569
2770
2845
2934
3057
3090
3182
3193
3138
3054
2962
2893
2603
2370
2127
1929
1587
1255
1019
821
621
483
338
204
141
140
142
145
173
212
353
438
525
601
622
695
851
905
990
1115
1203
1233
1203
1113
1046
899
766
658
460
326
151
-9
-184
-362
-577
-816
-999
-1208
-1396
-1626
-1859
-2057
-2237
-2482
-2664
-2823
-3036
-3260
-3438
-3535
-3656
-3738
-3823
-3816
-3663
-3475
-3276
-3002
-2737
-2439
-2206
-1917
-1603
-1388
-1221
-1045
-799
-557
-300
-55
155
394
557
675
874
1074
1285
1471
1657
1869
2061
2222
2407
2506
2603
2718
2759
2810
2816
2798
2703
2583
2447
2346
2128
1988
1861
1718
1591
1462
1331
1224
1056
868
733
584
477
276
166
49
-127
-317
-406
-525
-646
-774
-840
-844
-926
-939
-858
-791
-686
-653
-439
-223
-23
208
385
597
800
992
1053
1079
1069
1056
920
778
728
593
333
80
-115
-322
-558
-721
-841
-1017
-1158
-1288
-1406
-1536
-1725
-1851
-1993
-2124
-2212
-2297
-2431
-2572
-2565
-2583
-2642
-2636
-2568
-2338
-2150
-1971
-1683
-1422
-1151
-851
-575
-280
-7
221
405
677
881
1038
1280
1434
1649
1775
1913
2015
2066
2151
2226
2214
2205
2213
2052
1930
1904
1848
1846
1811
1794
1645
1527
1404
1245
1032
808
680
490
354
221
143
-46
-187
-337
-531
-736
-931
-1112
-1377
-1604
-1758
-1859
-1955
-2014
-1993
-1982
-1998
-1883
-1732
-1575
-1359
-1082
-815
-576
-200
235
583
923
1218
1498
1788
1992
2053
2077
2049
1941
1827
1658
1492
1300
1006
791
570
302
114
-64
-293
-449
-651
-789
-955
-1158
-1224
-1372
-1562
-1654
-1760
-1815
-1919
-1974
-2013
-2094
-2074
-2042
-1979
-1809
-1571
-1345
-994
-649
-342
-101
174
451
685
881
1094
1311
1416
1557
1753
1915
1963
2048
2096
2155
2129
2164
2186
2062
2024
1985
1820
1625
1417
1233
1039
758
537
347
71
-228
-489
-706
-917
-1091
-1203
-1276
-1392
-1514
-1578
-1616
-1689
-1742
-1758
-1741
-1776
-1872
-1855
-1776
-1793
-1779
-1792
-1804
-1715
-1571
-1357
-1147
-912
-610
-334
-24
299
639
971
1253
1555
1832
2007
2165
2323
2344
2349
2332
2318
2270
2103
1953
1706
1424
1167
853
530
244
-109
-396
-640
-794
-913
-1032
-1032
-1106
-1241
-1321
-1406
-1437
-1443
-1463
-1392
-1381
-1336
-1241
-1179
-1072
-889
-685
-429
-165
185
506
763
1087
1461
1616
1720
1887
2027
2164
2189
2185
2159
2058
1945
1815
1577
1355
1124
820
586
326
150
-47
-303
-565
-830
-1049
-1239
-1383
-1539
-1688
-1814
-1920
-2024
-2077
-2124
-2156
-2097
-2062
-2004
-1989
-1911
-1738
-1625
-1501
-1367
-1269
-1192
-1009
-920
-851
-803
-629
-470
-342
-175
-43
122
313
487
627
778
982
1194
1267
1372
1485
1559
1591
1621
1686
1684
1691
1654
1609
1518
1366
1179
1072
963
819
664
446
322
152
6
-125
-233
-428
-494
-465
-455
-381
-255
-141
-41
-20
100
229
288
388
470
598
707
866
1035
1146
1284
1393
1450
1517
1564
1523
1428
1340
1200
1094
946
766
570
449
287
129
-16
-189
-401
-641
-893
-1175
-1418
-1623
-1881
-2122
-2335
-2534
-2616
-2695
-2781
-2790
-2751
-2730
-2660
-2609
-2538
-2477
-2353
-2182
-2061
-1889
-1709
-1494
-1346
-1217
-1069
-863
-695
-479
-204
27
263
537
721
907
1045
1142
1230
1266
1272
1316
1371
1352
1351
1330
1291
1246
1134
1071
974
859
853
888
946
970
1085
1199
1248
1355
1453
1486
1481
1521
1475
1427
1409
1314
1268
1244
1204
1190
1166
1100
1091
1073
1090
1108
1205
1284
1309
1307
1300
1275
1223
1146
964
766
557
345
81
-130
-363
-593
-795
-946
-1043
-1120
-1196
-1213
-1215
-1235
-1302
-1403
-1453
-1512
-1554
-1653
-1688
-1770
-1862
-1944
-2073
-2197
-2342
-2455
-2505
-2639
-2717
-2738
-2703
-2697
-2636
-2466
-2348
-2158
-1929
-1704
-1521
-1308
-1111
-918
-746
-574
-379
-162
81
384
585
768
950
1112
1297
1409
1496
1580
1661
1686
1735
1778
1748
1646
1553
1414
1225
1055
928
865
821
801
805
837
835
878
929
968
1067
1204
1438
1603
1723
1872
2007
2090
2152
2170
2221
2250
2216
2134
1999
1845
1664
1559
1388
1168
1041
944
811
709
570
413
308
175
0
-113
-230
-395
-650
-865
-1023
-1246
-1395
-1598
-1788
-1897
-2049
-2098
-2085
-2100
-2128
-2039
-2060
-2060
-2011
-1966
-1921
-1945
-1960
-2044
-2125
-2176
-2222
-2310
-2370
-2365
-2339
-2253
-2183
-2112
-1982
-1792
-1604
-1402
-1109
-811
-560
-369
-196
20
264
494
726
906
1051
1194
1323
1382
1425
1493
1509
1575
1667
1713
1776
1765
1774
1777
1775
1718
1667
1641
1510
1388
1246
1123
958
775
675
538
416
356
348
349
411
467
538
695
803
844
922
1020
1052
1093
1141
1114
1071
1034
1000
982
923
895
840
696
538
467
398
299
246
217
238
133
99
53
-71
-224
-366
-547
-719
-899
-1089
-1233
-1395
-1524
-1689
-1811
-1890
-2019
-2107
-2128
-2172
-2190
-2139
-2120
-2108
-2103
-2066
-2014
-2019
-1965
-1874
-1793
-1694
-1563
-1402
-1263
-1174
-1054
-867
-739
-574
-361
-159
-21
67
232
362
482
655
856
1023
1190
1371
1525
1642
1692
1757
1822
1807
1848
1831
1908
1969
1905
1948
1943
1863
1765
1670
1579
1485
1357
1173
965
751
500
325
122
-72
-251
-443
-540
-627
-634
-669
-642
-621
-643
-610
-587
-494
-402
-280
-119
-38
151
341
536
749
899
1017
1055
1117
1146
1118
1036
1010
966
902
801
693
575
424
200
-20
-242
-470
-635
-823
-987
-1176
-1369
-1600
-1840
-2009
-2173
-2311
-2420
-2441
-2431
-2404
-2373
-2329
-2201
-2070
-1937
-1822
-1632
-1411
-1287
-1056
-870
-745
-591
-466
-315
-232
-88
90
224
349
469
598
740
872
988
1125
1228
1382
1494
1559
1715
1807
1893
1952
1995
2009
1959
1895
1824
1771
1627
1484
1365
1206
1053
941
862
741
596
431
282
131
-79
-232
-369
-495
-619
-762
-839
-914
-962
-1006
-1039
-1080
-1133
-1076
-1005
-958
-806
-633
-467
-322
-170
23
201
403
593
739
873
1046
1162
1221
1216
1176
1070
985
858
698
521
409
333
222
123
-48
-146
-277
-378
-529
-722
-845
-1043
-1167
-1299
-1417
-1519
-1618
-1758
-1871
-1930
-1988
-1948
-1869
-1794
-1687
-1564
-1433
-1255
-1065
-848
-650
-464
-280
-75
146
337
550
715
862
1028
1096
1188
1267
1251
1268
1251
1269
1350
1378
1411
1434
1446
1454
1446
1419
1368
1336
1195
1047
902
775
650
490
386
284
175
59
-73
-208
-307
-428
-489
-570
-537
-468
-430
-358
-255
-262
-269
-312
-390
-426
-525
-562
-611
-672
-717
-726
-763
-796
-790
-762
-670
-636
-623
-541
-511
-478
-436
-382
-253
-152
-88
-14
11
31
21
18
23
-26
-6
31
-33
-93
-102
-166
-242
-243
-267
-294
-338
-339
-337
-338
-346
-350
-382
-471
-498
-481
-466
-422
-384
-337
-238
-130
-6
130
285
457
647
812
973
1083
1207
1307
1379
1439
1488
1558
1566
1599
1591
1572
1569
1473
1405
1318
1230
1134
1053
985
911
807
695
599
446
295
165
55
-53
-168
-242
-289
-372
-477
-530
-628
-728
-766
-824
-797
-822
-803
-787
-802
-821
-886
-981
-1078
-1184
-1324
-1464
-1637
-1757
-1879
-1911
-1985
-2000
-1973
-1957
-1889
-1826
-1708
-1576
-1455
-1287
-1127
-983
-793
-683
-533
-377
-251
-166
-58
29
138
234
365
536
660
767
831
910
1028
1141
1227
1345
1448
1547
1629
1727
1726
1643
1570
1476
1376
1284
1185
1122
1055
1103
1140
1162
1238
1264
1319
1396
1415
1521
1552
1479
1432
1385
1293
1184
1120
1062
947
832
745
650
537
422
286
153
104
-22
-171
-285
-371
-519
-654
-762
-914
-1046
-1162
-1256
-1374
-1434
-1499
-1618
-1732
-1857
-1911
-1959
-1964
-1975
-1963
-1966
-1906
-1852
-1780
-1694
-1725
-1708
-1713
-1685
-1675
-1650
-1638
-1610
-1606
-1592
-1545
-1513
-1533
-1479
-1354
-1298
-1191
-1028
-853
-609
-378
-165
62
217
406
560
713
829
927
1045
1158
1248
1291
1370
1491
1586
1718
1856
1916
1978
2032
2142
2215
2289
2383
2423
2492
2527
2539
2527
2526
2522
2449
2379
2309
2197
2067
1968
1833
1651
1485
1384
1229
1051
924
757
579
343
157
33
-151
-262
-384
-462
-534
-658
-730
-810
-853
-866
-961
-1068
-1140
-1242
-1317
-1422
-1498
-1607
-1692
-1796
-1885
-2017
-2134
-2180
-2209
-2204
-2206
-2235
-2251
-2271
-2308
-2316
-2307
-2260
-2214
-2089
-2029
-1957
-1877
-1812
-1756
-1684
-1650
-1599
-1469
-1370
-1266
-1112
-988
-843
-699
-618
-421
-205
-23
163
324
483
689
856
1031
1180
1327
1463
1520
1592
1708
1800
1835
1875
1888
1922
2020
2114
2212
2313
2470
2547
2587
2629
2661
2684
2621
2550
2502
2424
2356
2330
2283
2171
2011
1894
1823
1675
1488
1348
1192
1039
863
745
609
465
326
159
22
-92
-246
-435
-589
-749
-961
-1110
-1235
-1378
-1476
-1560
-1592
-1667
-1712
-1768
-1807
-1912
-2022
-2077
-2200
-2325
-2448
-2563
-2661
-2726
-2785
-2835
-2828
-2809
-2819
-2810
-2723
-2659
-2566
-2361
-2155
-1977
-1741
-1419
-1141
-937
-714
-479
-300
-122
63
213
321
446
587
722
857
952
1098
1216
1256
1338
1382
1378
1392
1429
1477
1525
1585
1618
1639
1667
1742
1796
1768
1756
1739
1721
1674
1734
1792
1802
1867
1844
1823
1757
1723
1673
1579
1538
1462
1370
1281
1219
1114
1045
978
894
821
693
563
427
267
99
-83
-226
-317
-461
-651
-799
-920
-1034
-1150
-1215
-1240
-1283
-1260
-1312
-1345
-1455
-1573
-1667
-1789
-1804
-1847
-1909
-1942
-1958
-1964
-1981
-2046
-2043
-2043
-1998
-1943
-1870
-1800
-1706
-1639
-1559
-1479
-1346
-1248
-1148
-1018
-901
-752
-590
-428
-254
-37
77
260
432
632
799
972
1197
1352
1465
1580
1682
1758
1809
1849
1843
1859
1893
1882
1880
1838
1779
1710
1639
1623
1615
1589
1527
1483
1486
1451
1367
1281
1186
1073
1015
944
873
846
775
669
579
515
447
346
242
124
12
-140
-223
-272
-360
-424
-499
-562
-677
-763
-880
-998
-1057
-1162
-1218
-1271
-1333
-1443
-1450
-1491
-1522
-1500
-1549
-1565
-1596
-1577
-1599
-1614
-1558
-1562
-1553
-1517
-1560
-1574
-1547
-1514
-1491
-1441
-1368
-1272
-1206
-1128
-1002
-896
-800
-671
-507
-336
-150
48
255
433
630
772
911
1029
1111
1202
1250
1365
1446
1512
1572
1621
1646
1653
1688
1694
1690
1755
1772
1699
1669
1697
1665
1608
1623
1564
1507
1482
1450
1370
1290
1207
1036
898
829
746
672
593
485
343
249
146
40
-20
-122
-219
-306
-368
-429
-469
-564
-653
-766
-884
-981
-1113
-1193
-1268
-1300
-1331
-1357
-1350
-1316
-1322
-1313
-1277
-1215
-1148
-1165
-1154
-1172
-1220
-1222
-1281
-1293
-1286
-1304
-1321
-1345
-1356
-1370
-1420
-1440
-1418
-1362
-1279
-1193
-1076
-948
-765
-637
-483
-298
-160
1
171
354
505
653
831
917
973
1064
1163
1219
1262
1333
1434
1492
1576
1643
1732
1812
1791
1806
1811
1780
1760
1737
1721
1745
1700
1654
1560
1445
1311
1179
1026
880
853
742
685
698
658
573
480
407
323
213
62
-31
-131
-260
-385
-479
-536
-680
-800
-961
-1073
-1145
-1216
-1261
-1277
-1267
-1306
-1299
-1294
-1257
-1246
-1255
-1194
-1135
-1091
-1031
-976
-932
-898
-858
-820
-761
-755
-752
-697
-681
-668
-626
-554
-531
-487
-495
-523
-531
-518
-553
-592
-594
-648
-672
-712
-684
-596
-542
-473
-420
-360
-276
-210
-125
-19
110
241
352
403
485
560
651
764
856
914
939
982
1005
983
1061
1135
1194
1268
1292
1346
1398
1409
1423
1472
1465
1442
1396
1369
1340
1310
1341
1318
1282
1267
1220
1186
1164
1091
1074
1019
958
889
793
712
565
437
313
147
-40
-198
-366
-538
-688
-846
-914
-1074
-1213
-1342
-1436
-1462
-1463
-1487
-1507
-1469
-1481
-1503
-1532
-1517
-1512
-1522
-1469
-1476
-1481
-1437
-1440
-1449
-1408
-1330
-1264
-1196
-1101
-1003
-936
-885
-834
-772
-756
-722
-642
-562
-453
-317
-189
-95
14
78
149
182
218
274
312
414
514
642
761
870
952
1046
1104
1168
1179
1218
1235
1175
1126
1083
1085
1044
1020
989
959
901
877
851
840
738
653
596
539
532
566
564
569
627
610
578
582
565
523
480
422
405
365
327
251
203
147
130
129
103
102
83
81
45
-27
-121
-200
-286
-425
-499
-536
-622
-700
-689
-737
-812
-827
-908
-1002
-1051
-1059
-1097
-1137
-1147
-1117
-1071
-1001
-920
-908
-895
-843
-869
-903
-851
-817
-815
-776
-759
-638
-575
-467
-387
-392
-353
-294
-235
-169
-46
100
250
352
469
612
680
764
799
809
882
916
890
906
858
841
820
744
701
655
662
646
650
700
693
614
518
484
441
391
409
413
407
391
444
479
504
493
451
382
324
308
267
156
62
16
-37
-51
-72
-56
-44
-3
15
30
20
-30
-84
-193
-307
-334
-359
-364
-390
-433
-439
-457
-411
-310
-229
-167
-96
-33
-42
-84
-87
-73
-68
-98
-87
-80
-110
-176
-223
-230
-237
-322
-390
-398
-437
-435
-468
-484
-556
-612
-623
-666
-679
-698
-693
-656
-627
-559
-492
-472
-432
-407
-415
-390
-323
-182
-85
15
110
183
242
255
232
256
302
311
339
361
397
405
343
290
232
174
199
225
255
329
375
402
413
459
530
545
555
580
665
728
768
825
824
835
829
740
628
569
522
444
394
326
287
239
202
153
80
17
-32
-45
-143
-179
-225
-245
-252
-299
-273
-273
-219
-238
-241
-271
-319
-338
-382
-415
-390
-323
-266
-238
-263
-321
-408
-463
-490
-504
-509
-513
-480
-494
-537
-541
-551
-545
-596
-597
-593
-611
-609
-622
-651
-602
-591
-615
-585
-550
-495
-398
-265
-162
-110
-83
-21
35
45
71
98
163
202
215
259
325
397
484
607
693
793
863
925
960
927
926
948
951
943
980
1030
1084
1127
1163
1225
1178
1128
1104
1062
993
947
899
827
733
626
476
350
198
60
-102
-230
-317
-389
-483
-652
-713
-771
-864
-906
-940
-984
-1045
-1100
-1089
-1119
-1175
-1126
-1148
-1246
-1220
-1134
-1129
-1134
-1070
-1032
-965
-923
-841
-795
-722
-646
-636
-588
-519
-457
-428
-349
-261
-202
-114
-56
23
118
188
273
324
385
359
313
319
291
336
375
431
492
554
603
573
578
584
555
530
534
550
618
663
662
604
650
738
738
755
787
798
793
827
828
857
911
911
878
890
901
817
777
755
704
662
607
513
408
360
335
255
175
71
19
-61
-127
-192
-274
-342
-380
-441
-515
-605
-735
-845
-911
-985
-1062
-1077
-1053
-1065
-1097
-1110
-1059
-1064
-1115
-1156
-1171
-1129
-1148
-1127
-1068
-1032
-989
-923
-842
-789
-709
-642
-581
-482
-380
-362
-315
-228
-146
-76
-19
97
197
203
268
337
439
516
562
672
747
816
862
907
952
966
898
889
910
918
926
825
777
755
701
622
602
560
471
456
400
372
362
326
270
253
203
179
157
168
255
283
269
250
261
281
314
312
312
251
194
132
45
12
-43
-115
-188
-232
-236
-204
-225
-235
-236
-268
-248
-222
-191
-185
-200
-232
-267
-308
-298
-274
-318
-336
-424
-471
-475
-511
-558
-591
-549
-536
-537
-525
-519
-546
-557
-548
-533
-515
-519
-520
-523
-516
-508
-520
-526
-559
-560
-582
-609
-598
-591
-545
-524
-493
-412
-388
-292
-201
-61
111
266
377
397
451
523
546
550
605
664
731
754
773
812
796
763
709
676
680
677
595
554
564
543
524
568
577
593
572
485
422
368
316
291
314
347
386
385
421
445
474
459
485
478
388
338
283
282
290
245
232
248
289
306
248
205
167
84
-18
-117
-169
-262
-336
-391
-486
-516
-558
-601
-673
-738
-790
-834
-891
-919
-899
-912
-905
-904
-886
-869
-849
-753
-682
-645
-621
-603
-607
-585
-552
-516
-471
-502
-503
-500
-507
-458
-415
-371
-296
-280
-223
-115
-67
2
99
166
179
192
303
396
449
537
617
699
723
719
780
745
720
737
745
765
764
716
635
554
521
498
414
392
425
418
345
253
196
111
79
60
13
39
54
50
93
83
123
143
163
192
189
180
187
199
167
152
170
176
145
83
11
-4
-60
-122
-148
-177
-162
-193
-221
-231
-276
-275
-292
-381
-489
-533
-479
-398
-360
-310
-271
-331
-446
-518
-533
-518
-486
-452
-393
-302
-262
-221
-174
-234
-205
-173
-147
-79
14
44
44
50
25
15
-34
-60
-61
-21
4
12
52
85
79
43
73
118
141
189
214
269
286
320
360
354
331
322
368
414
444
453
406
323
273
235
289
292
289
297
267
193
102
33
-17
-27
29
120
191
217
218
235
242
187
134
112
44
10
17
51
39
19
1
-13
-42
-32
-62
-132
-178
-264
-290
-303
-361
-426
-450
-461
-467
-483
-462
-502
-558
-564
-587
-596
-621
-622
-602
-599
-560
-516
-463
-422
-378
-304
-284
-252
-217
-146
-70
-12
0
16
90
171
244
321
362
320
262
223
213
167
196
265
283
239
250
274
304
303
277
266
245
262
333
340
358
389
379
426
475
478
533
595
629
654
679
682
666
612
539
527
523
525
466
424
348
307
250
130
77
10
-11
-32
-68
-60
-33
-97
-209
-247
-331
-445
-600
-696
-769
-848
-859
-845
-841
-829
-865
-917
-967
-965
-924
-902
-890
-843
-845
-842
-810
-823
-777
-736
-676
-610
-601
-550
-514
-418
-324
-188
-42
51
178
271
309
397
502
525
534
595
656
713
768
793
804
771
738
724
729
779
786
783
807
849
923
909
930
955
974
899
826
818
804
777
716
656
573
528
440
373
240
181
152
36
-21
-41
-22
-44
2
-6
-4
58
27
-55
-141
-232
-293
-316
-391
-441
-485
-500
-518
-545
-595
-568
-537
-560
-547
-639
-654
-685
-808
-856
-874
-847
-849
-852
-823
-844
-861
-894
-946
-993
-1048
-1100
-1128
-1120
-1036
-950
-870
-762
-679
-620
-534
-468
-391
-315
-250
-171
-13
138
212
284
339
378
400
477
589
641
647
677
702
712
769
793
860
909
947
1010
1068
1133
1141
1162
1071
990
991
961
950
970
957
968
973
894
914
972
984
998
986
1010
944
848
757
672
585
446
383
315
201
96
-24
-190
-349
-504
-538
-506
-539
-583
-628
-702
-762
-809
-914
-1035
-1111
-1197
-1255
-1264
-1262
-1270
-1187
-1124
-1116
-1050
-1021
-1019
-982
-938
-972
-1005
-924
-844
-818
-744
-653
-595
-577
-525
-525
-536
-509
-484
-418
-372
-256
-203
-177
-136
-94
-85
-35
35
98
244
378
516
621
694
755
759
756
780
833
850
867
891
927
967
964
973
965
970
988
950
956
987
1020
1088
1115
1113
1071
968
933
902
869
792
748
661
547
498
429
410
368
323
281
222
192
103
-5
-67
-143
-206
-275
-374
-403
-517
-639
-758
-870
-956
-1072
-1154
-1209
-1242
-1268
-1227
-1202
-1196
-1133
-1116
-1102
-1108
-1115
-1094
-1050
-996
-955
-916
-849
-803
-799
-819
-881
-819
-775
-723
-654
-543
-453
-430
-370
-288
-180
-132
-43
69
174
260
330
405
504
586
647
695
726
786
814
870
904
950
997
1033
1046
1123
1153
1169
1186
1200
1230
1231
1233
1255
1251
1216
1168
1105
1007
927
872
754
688
585
497
404
353
295
232
199
188
162
92
64
27
-18
-131
-257
-338
-418
-474
-543
-568
-597
-649
-734
-783
-778
-759
-767
-862
-913
-968
-1007
-1009
-1042
-1029
-958
-919
-941
-930
-940
-917
-948
-948
-910
-901
-879
-859
-884
-831
-751
-713
-594
-563
-521
-474
-446
-342
-242
-149
-61
26
64
119
139
192
252
295
381
415
480
563
645
718
825
868
882
947
1000
1034
1026
1072
1108
1122
1148
1158
1161
1171
1107
1089
1014
951
862
745
658
556
499
417
362
357
333
248
204
145
63
-37
-116
-156
-216
-265
-277
-405
-519
-577
-654
-673
-708
-743
-757
-761
-795
-770
-700
-626
-580
-521
-483
-475
-478
-483
-489
-445
-416
-424
-445
-398
-396
-418
-353
-313
-318
-319
-215
-198
-234
-233
-203
-192
-161
-146
-157
-184
-204
-198
-276
-339
-337
-327
-329
-280
-215
-170
-96
-9
-4
28
113
188
164
187
275
333
383
415
472
504
479
434
444
452
487
495
568
695
769
803
840
856
851
917
913
881
910
907
860
778
753
699
615
581
528
459
382
280
155
69
28
-58
-144
-172
-251
-297
-304
-322
-336
-357
-403
-476
-543
-591
-587
-590
-611
-628
-690
-734
-827
-947
-969
-997
-948
-886
-831
-789
-762
-712
-670
-642
-619
-632
-626
-617
-649
-601
-580
-522
-469
-385
-306
-243
-162
-93
-42
-19
55
120
212
243
224
303
335
393
412
404
428
452
481
494
498
506
518
522
544
534
536
505
508
505
574
659
679
721
724
708
688
685
638
560
467
420
459
515
595
640
682
687
708
731
754
739
658
629
548
473
440
355
268
133
11
-96
-228
-315
-397
-493
-616
-648
-679
-731
-754
-836
-905
-995
-1053
-1088
-1080
-1095
-1099
-1076
-1050
-1057
-1029
-1061
-1128
-1139
-1172
-1145
-1060
-935
-823
-736
-678
-533
-434
-348
-238
-181
-139
-93
-37
-9
-6
33
101
129
161
193
276
330
378
480
510
520
522
501
494
509
531
569
637
699
723
730
755
761
715
749
791
787
763
823
833
851
839
782
723
663
628
578
548
512
498
476
493
493
434
422
416
354
323
290
265
181
87
56
45
-19
-88
-140
-205
-295
-421
-529
-580
-649
-697
-696
-712
-682
-665
-673
-696
-722
-793
-860
-844
-900
-846
-770
-739
-680
-673
-639
-620
-600
-630
-610
-576
-486
-434
-345
-284
-245
-220
-256
-211
-186
-187
-126
-93
-36
58
135
181
202
242
263
288
256
247
254
250
280
290
349
396
407
434
438
416
403
403
406
426
440
438
429
370
304
236
160
163
151
120
130
150
228
255
283
331
335
281
235
223
215
192
180
179
147
204
206
202
187
189
165
123
68
6
-45
-104
-138
-142
-143
-105
-77
-111
-133
-153
-179
-178
-176
-123
-143
-147
-118
-140
-137
-137
-119
-161
-211
-249
-287
-288
-276
-282
-328
-335
-328
-346
-346
-337
-338
-371
-407
-382
-347
-267
-186
-149
-51
-19
-2
22
30
26
42
94
78
86
103
143
179
182
150
107
56
4
-24
-42
-25
-19
3
73
93
170
224
186
174
169
172
138
113
78
70
34
59
80
51
27
35
50
57
69
90
155
169
183
194
182
238
271
243
249
278
237
209
246
236
232
230
200
88
63
34
-4
-29
-33
-23
-30
1
-29
-47
-79
-128
-185
-252
-215
-198
-175
-136
-96
-63
-100
-135
-193
-232
-239
-259
-288
-270
-242
-221
-216
-190
-176
-157
-155
-144
-120
-134
-151
-151
-128
-141
-152
-75
-13
58
84
140
129
42
-7
-27
-21
-69
-35
16
4
-3
10
-41
-69
-92
-115
-107
-86
-66
-45
-5
59
78
60
61
66
103
169
220
305
363
424
430
430
440
404
364
317
280
219
194
170
146
87
76
54
35
28
0
-36
-7
33
25
32
4
-24
-55
-102
-143
-191
-239
-230
-246
-202
-170
-143
-76
-92
-72
-94
-72
31
66
157
162
178
219
257
275
278
282
213
208
191
175
152
81
24
-5
-50
-104
-174
-204
-231
-221
-211
-200
-191
-166
-195
-234
-247
-291
-363
-429
-456
-544
-586
-564
-460
-404
-399
-369
-346
-321
-312
-286
-279
-241
-248
-204
-148
-68
40
56
143
168
194
191
145
141
153
186
145
178
188
213
205
179
160
166
219
208
170
161
205
240
228
200
169
163
142
113
144
123
84
52
50
119
191
221
256
240
280
312
346
364
400
378
361
318
289
317
283
233
199
194
187
224
229
218
201
168
149
142
92
67
20
-13
-85
-150
-102
-116
-122
-191
-282
-284
-308
-356
-392
-465
-492
-452
-475
-542
-564
-569
-605
-596
-582
-580
-573
-556
-544
-564
-480
-422
-370
-322
-320
-266
-230
-197
-109
-7
58
145
173
180
211
237
259
299
334
369
381
449
463
453
504
509
507
524
514
433
370
363
384
354
306
254
243
199
115
38
-32
-98
-172
-176
-129
-96
-26
50
74
72
103
80
-3
-67
-113
-103
-106
-59
-114
-117
-2
-5
2
4
-25
25
-18
-67
-87
-160
-220
-247
-299
-290
-248
-221
-173
-155
-99
-81
-95
-64
-42
-86
-130
-174
-252
-265
-304
-345
-337
-354
-352
-309
-287
-269
-295
-224
-208
-424
-323
-107
-86
-106
-76
119
134
20
115
223
202
272
464
352
158
415
600
542
375
497
805
700
534
630
850
835
727
700
726
691
588
571
557
498
401
366
285
219
170
231
237
147
120
194
137
-75
-158
-177
-172
-306
-368
-316
-268
-331
-456
-523
-464
-459
-553
-601
-585
-577
-606
-625
-548
-484
-558
-617
-596
-556
-596
-591
-534
-479
-521
-609
-625
-615
-597
-546
-493
-494
-422
-339
-247
-229
-256
-178
-74
-73
-34
43
113
145
85
89
125
121
122
143
157
220
260
304
387
461
508
487
498
533
546
527
541
564
618
561
544
539
513
498
458
453
415
476
562
560
518
534
490
450
447
387
340
305
251
205
198
219
214
163
96
-4
-86
-115
-123
-211
-272
-291
-373
-433
-452
-455
-527
-590
-599
-558
-627
-685
-653
-677
-692
-691
-728
-758
-741
-723
-698
-579
-484
-442
-338
-269
-298
-318
-315
-336
-336
-302
-271
-180
-117
-130
-58
49
81
93
141
183
265
291
348
448
499
457
479
505
476
477
465
463
464
515
491
437
482
450
434
433
450
420
413
411
389
390
334
322
337
331
281
263
239
173
134
139
132
90
84
128
132
141
132
142
167
158
171
158
115
58
4
-2
-6
-78
-71
-91
-189
-239
-293
-341
-368
-418
-451
-459
-404
-406
-474
-440
-476
-539
-590
-585
-574
-563
-518
-469
-467
-451
-435
-439
-460
-447
-445
-448
-397
-376
-329
-309
-247
-185
-145
-147
-139
-114
-133
-100
-51
-9
46
96
134
135
201
197
228
261
261
217
219
228
184
223
228
281
347
375
383
454
469
498
484
421
424
387
394
398
397
358
322
349
343
325
333
306
277
299
284
284
236
201
166
188
224
229
264
272
273
245
228
152
126
53
-2
-44
-36
4
21
2
-13
-50
-101
-88
-124
-184
-201
-254
-296
-345
-346
-343
-360
-418
-481
-483
-569
-584
-569
-564
-567
-616
-674
-663
-604
-573
-519
-475
-419
-400
-384
-368
-346
-280
-266
-260
-232
-151
-81
-45
-57
26
125
132
189
232
264
253
257
245
266
269
299
330
347
413
402
361
291
302
350
329
347
379
381
337
289
273
276
203
146
123
113
111
161
235
283
322
342
363
382
426
461
467
441
417
370
373
369
334
277
196
117
7
-90
-89
-70
-121
-133
-171
-166
-158
-181
-211
-249
-263
-306
-344
-337
-340
-376
-454
-507
-585
-629
-657
-739
-804
-830
-836
-810
-793
-726
-652
-629
-620
-560
-474
-398
-332
-262
-170
-61
-18
-3
71
53
54
59
48
31
16
39
37
35
91
174
207
270
352
417
467
505
517
541
551
527
465
389
362
324
284
265
322
381
370
329
332
331
312
258
249
266
236
219
201
245
237
261
206
191
216
187
168
134
163
174
138
95
52
18
-3
10
60
72
76
71
64
22
-42
-20
-22
26
0
-16
2
-26
-43
-97
-131
-165
-230
-263
-284
-307
-322
-412
-411
-432
-477
-480
-493
-517
-555
-547
-485
-432
-434
-448
-451
-441
-422
-371
-348
-305
-261
-229
-178
-82
-17
26
55
21
66
123
131
114
97
140
170
229
305
383
395
325
262
240
291
350
366
363
329
352
322
298
337
364
406
423
405
398
404
336
278
281
312
273
283
301
302
293
256
247
234
235
161
121
64
68
50
-46
-115
-124
-141
-183
-205
-205
-253
-283
-313
-327
-346
-390
-384
-379
-411
-426
-437
-438
-475
-474
-424
-434
-454
-498
-473
-439
-441
-434
-437
-408
-403
-425
-417
-376
-311
-256
-228
-233
-235
-193
-187
-185
-140
-94
-91
-25
45
122
197
209
223
211
197
236
273
331
379
390
344
312
358
338
365
418
410
386
383
421
418
345
353
421
380
367
407
472
479
423
429
406
389
391
393
347
294
285
240
173
132
146
129
98
86
12
23
9
-16
-21
-36
-77
-116
-91
-125
-120
-121
-169
-230
-240
-274
-277
-270
-294
-285
-317
-343
-378
-427
-419
-445
-448
-506
-546
-585
-575
-553
-567
-518
-496
-522
-471
-434
-377
-305
-249
-172
-132
-64
-35
-30
-34
-18
26
67
67
123
150
115
94
165
201
206
237
255
249
277
342
353
347
352
326
318
323
319
302
348
348
310
311
266
226
245
279
275
245
266
270
248
233
189
167
132
108
93
116
104
73
74
-2
-40
-110
-166
-199
-232
-210
-226
-192
-158
-172
-140
-132
-130
-110
-110
-109
-110
-87
-124
-144
-113
-111
-139
-145
-183
-215
-235
-267
-308
-309
-313
-297
-291
-270
-242
-230
-203
-166
-141
-131
-184
-215
-249
-315
-290
-290
-275
-262
-291
-285
-293
-272
-238
-175
-84
-20
15
42
21
78
117
154
212
218
281
328
396
450
446
470
452
439
467
460
494
553
581
552
559
581
635
640
618
636
561
531
482
485
442
394
359
303
284
251
222
160
78
19
4
1
-12
-64
-75
-90
-86
-89
-109
-139
-149
-217
-270
-267
-246
-204
-209
-241
-286
-354
-427
-461
-476
-470
-461
-442
-425
-408
-444
-456
-442
-452
-470
-465
-443
-453
-479
-430
-388
-376
-368
-411
-393
-367
-387
-366
-348
-323
-274
-228
-208
-185
-140
-121
-101
-66
-48
-40
-7
35
104
120
134
170
138
146
207
263
312
336
378
411
450
475
532
571
613
654
672
686
629
580
498
421
369
357
332
285
254
255
255
240
232
222
200
183
156
121
134
126
125
78
46
6
-90
-156
-194
-257
-274
-326
-390
-410
-458
-460
-480
-492
-468
-488
-448
-427
-428
-451
-388
-386
-389
-363
-353
-326
-336
-311
-307
-293
-271
-236
-195
-190
-144
-92
-40
-28
-1
79
110
125
105
125
184
188
251
296
291
317
310
269
218
219
242
258
290
248
205
191
178
164
160
180
180
154
186
196
190
230
242
249
261
245
223
221
201
223
263
292
283
282
275
237
213
190
142
96
83
87
72
134
160
138
80
101
24
-82
-85
-102
-78
-79
-91
-96
-101
-166
-203
-236
-273
-370
-424
-472
-483
-438
-449
-436
-406
-370
-351
-358
-324
-286
-260
-272
-267
-261
-244
-215
-174
-126
-117
-90
-41
-57
-49
-44
-23
20
-24
-32
5
28
108
182
170
155
129
105
105
108
101
122
124
117
85
81
84
55
-8
-81
-93
-110
-87
-51
-24
24
30
8
-30
-23
-1
-20
-35
-54
-69
-63
-60
-82
-103
-169
-166
-135
-75
-31
8
12
5
5
41
112
174
220
236
247
280
310
309
316
310
315
315
341
296
253
235
237
216
207
238
257
233
186
128
92
92
81
87
44
6
-34
-80
-104
-87
-46
-27
-43
-21
-9
-28
-100
-199
-233
-275
-320
-314
-238
-189
-147
-154
-142
-125
-134
-154
-150
-145
-133
-111
-108
-87
-131
-135
-121
-139
-121
-91
-71
-73
-51
-21
-26
-16
17
52
64
116
155
166
97
44
32
26
50
72
111
56
34
29
-9
-23
-19
6
8
46
58
90
127
144
134
122
120
122
150
142
136
118
122
94
36
5
30
57
82
84
51
18
-6
-6
-19
-78
-105
-117
-182
-200
-182
-173
-143
-129
-157
-178
-217
-193
-197
-170
-130
-181
-159
-135
-139
-155
-122
-112
-117
-128
-152
-142
-171
-173
-132
-117
-81
-105
-103
-92
-67
-35
-33
-3
-5
12
29
58
90
133
148
163
144
167
143
102
116
137
207
245
305
337
304
291
250
247
236
219
201
169
148
115
104
76
33
29
20
13
-4
-36
-4
-7
-3
-16
-6
-20
-4
21
-31
-50
-37
-53
-48
-19
3
38
37
39
-5
-18
-21
-23
2
19
-1
2
28
55
66
53
111
152
127
123
72
8
-41
-112
-188
-226
-251
-258
-248
-270
-222
-154
-137
-107
-69
-71
-72
-85
-99
-89
-39
-18
2
37
36
32
69
99
94
79
46
62
116
156
150
137
141
112
69
58
24
5
15
-19
-25
-1
-8
-12
15
46
65
66
71
73
26
-43
-114
-162
-174
-206
-172
-162
-183
-142
-133
-145
-168
-215
-249
-219
-211
-204
-171
-154
-172
-177
-224
-218
-215
-191
-100
-56
2
-9
-4
9
-2
-17
-53
-54
-68
-35
18
60
104
112
186
206
223
292
293
323
337
344
338
346
336
314
323
316
330
322
318
299
251
178
132
134
132
114
108
109
96
92
103
56
37
49
38
-10
-46
-88
-129
-181
-273
-311
-346
-384
-406
-397
-341
-275
-280
-286
-294
-297
-301
-286
-271
-281
-240
-230
-184
-132
-103
-103
-54
-15
-10
13
4
1
-1
-11
31
83
113
175
180
205
239
276
293
216
146
102
96
75
108
142
164
185
193
177
130
135
188
219
215
203
201
186
144
155
119
70
58
18
30
20
19
23
26
56
59
66
102
134
179
201
178
130
93
28
-61
-78
-107
-159
-212
-198
-213
-265
-266
-268
-284
-295
-294
-303
-298
-301
-312
-329
-344
-361
-397
-406
-419
-397
-357
-290
-228
-237
-201
-163
-130
-77
-80
-72
-64
-43
16
-20
-25
11
23
35
76
127
176
171
155
155
145
213
260
272
330
351
413
445
435
416
363
336
339
306
290
251
190
137
86
49
15
-3
-2
-2
8
20
6
-26
-65
-95
-110
-84
-44
-20
-22
-62
-49
-27
-15
33
52
50
43
37
26
47
81
72
85
159
153
122
128
115
64
-26
-51
-47
-58
-59
-50
-49
-86
-140
-180
-199
-208
-203
-174
-120
-123
-151
-163
-177
-246
-247
-229
-210
-173
-161
-129
-150
-146
-163
-167
-162
-135
-121
-154
-134
-119
-129
-96
-44
-20
-3
28
53
90
112
133
154
160
177
171
166
175
191
189
206
193
183
173
171
164
139
143
160
160
181
220
260
254
234
177
123
59
52
43
1
0
-56
-43
-53
-68
-72
-97
-112
-113
-81
-92
-118
-103
-79
-12
48
26
12
-25
-61
-97
-119
-159
-209
-197
-211
-187
-149
-91
-39
-16
-33
-44
-19
-7
-40
-40
-84
-144
-157
-187
-166
-178
-162
-192
-206
-209
-196
-209
-197
-153
-136
-110
-112
-81
-48
-33
-34
0
60
52
84
102
72
39
45
93
135
200
228
255
287
344
410
416
420
408
375
340
283
263
262
249
250
235
244
233
229
181
169
120
80
51
39
28
11
16
-2
34
56
18
-25
-58
-128
-169
-207
-199
-197
-210
-199
-156
-132
-106
-64
-78
-85
-66
-42
-31
-8
13
22
-11
-3
-21
-31
-63
-54
-54
-69
-47
-79
-117
-169
-183
-192
-245
-287
-268
-289
-294
-289
-248
-258
-271
-297
-281
-309
-302
-292
-314
-248
-242
-246
-242
-184
-132
-92
-67
-63
-4
61
76
104
138
181
230
233
260
246
192
145
133
165
185
203
213
198
252
270
262
271
276
282
293
349
372
357
309
234
178
186
164
165
152
104
90
44
19
11
5
-3
12
-2
-35
6
17
-4
-10
9
12
21
7
7
-3
-53
-82
-147
-211
-228
-245
-229
-214
-208
-181
-193
-230
-273
-298
-289
-257
-213
-163
-137
-100
-80
-51
-37
-36
-21
4
18
-23
-11
77
125
148
154
150
142
149
147
145
181
199
167
146
91
84
73
73
82
57
83
66
51
39
22
11
1
36
64
52
50
6
-37
-70
-91
-118
-174
-204
-178
-163
-183
-132
-47
30
113
114
93
78
50
65
55
28
47
56
59
68
72
41
21
-4
1
14
34
72
94
103
103
109
87
73
27
4
16
49
50
7
-16
-67
-87
-94
-118
-137
-126
-171
-237
-235
-252
-257
-269
-295
-254
-208
-217
-202
-202
-187
-180
-234
-235
-230
-208
-224
-255
-241
-211
-190
-135
-65
-77
-63
1
26
62
117
121
126
134
134
153
221
231
244
266
276
291
293
297
291
315
296
285
314
307
319
354
369
362
342
276
255
202
153
116
57
29
40
61
60
71
34
-5
-22
-79
-167
-146
-118
-134
-92
-71
-35
-7
12
22
-13
-34
-79
-96
-72
-92
-127
-173
-213
-225
-230
-261
-265
-225
-199
-184
-180
-184
-184
-192
-199
-145
-101
-61
-44
-27
-13
-51
-80
-108
-123
-102
-105
-111
-79
-68
-85
-96
-92
-102
-73
-41
-26
24
78
175
220
206
236
278
287
342
382
337
286
285
246
205
175
162
164
156
151
117
104
101
65
3
33
50
44
90
96
62
67
94
85
38
2
-3
-25
-64
-119
-162
-209
-224
-241
-327
-368
-363
-359
-349
-353
-311
-278
-251
-222
-199
-157
-126
-81
-88
-72
-51
-20
12
84
100
79
81
55
12
-66
-103
-159
-169
-129
-112
-77
-44
-5
14
-19
-52
-92
-120
-77
-35
34
68
115
113
94
63
35
19
-7
-13
20
29
31
101
161
252
280
257
232
231
192
166
165
200
233
217
238
249
254
259
273
228
203
197
216
203
148
126
140
119
108
140
195
228
188
150
118
52
32
13
-36
-49
-91
-97
-106
-123
-108
-116
-132
-135
-145
-154
-164
-198
-248
-293
-334
-331
-344
-324
-256
-217
-178
-134
-114
-85
-70
-62
-56
-56
-74
-71
-43
-11
29
47
80
75
44
25
16
-27
-76
-98
-139
-135
-87
-66
-75
-65
-65
-89
-110
-142
-178
-203
-214
-180
-161
-106
-49
-27
-22
-51
-73
-42
-17
-50
-23
13
46
26
57
78
51
24
-47
-82
-24
52
89
150
204
207
197
198
192
200
235
217
196
179
142
114
117
126
128
147
172
179
184
161
111
50
1
-21
-63
-75
-78
-54
-56
-5
32
24
-6
-32
-21
-21
-6
39
87
137
166
131
100
102
86
63
66
33
18
-10
-66
-126
-182
-213
-245
-274
-253
-254
-226
-232
-212
-211
-237
-219
-183
-160
-168
-176
-154
-151
-124
-52
-14
12
54
136
166
200
252
272
275
320
356
316
284
286
218
146
84
76
46
34
60
88
144
145
165
157
121
94
60
75
86
83
100
128
133
133
151
118
84
28
-35
-66
-52
-53
-80
-80
-145
-190
-176
-138
-180
-208
-200
-203
-248
-284
-280
-321
-363
-375
-348
-285
-253
-247
-205
-148
-122
-109
-104
-90
-50
-34
-23
7
20
37
56
24
31
10
-49
-87
-48
-66
-108
-120
-194
-205
-144
-131
-153
-96
-21
-19
-72
-60
-55
-20
42
70
106
151
154
133
145
108
91
139
177
206
234
278
347
378
387
395
367
348
317
256
229
221
170
128
109
88
89
96
102
134
146
112
87
68
31
-28
-44
-26
-50
-76
-114
-152
-170
-159
-154
-148
-114
-93
-105
-122
-115
-166
-194
-190
-186
-176
-152
-138
-89
-84
-92
-55
-77
-117
-164
-213
-243
-226
-211
-167
-107
-52
-30
-37
-34
2
46
69
67
77
105
138
178
146
192
179
133
128
113
90
63
94
111
104
126
195
206
190
208
212
155
120
114
104
87
87
96
95
71
37
0
-43
-77
-71
-78
-74
-36
-68
-32
-23
-36
-37
-13
8
16
-9
-46
-65
-103
-97
-85
-64
-54
-72
-121
-149
-114
-69
-74
-43
-58
-39
-17
-57
-52
-58
-83
-161
-214
-219
-245
-262
-256
-205
-149
-90
-25
19
7
-51
-96
-124
-98
-81
-73
-51
-65
-46
-15
-26
-6
50
64
67
85
129
169
174
241
251
209
153
149
124
130
122
46
49
19
12
-8
-17
-19
-20
20
44
43
57
93
52
-59
-66
-66
-81
-43
-15
47
94
126
163
159
150
130
125
104
106
110
94
136
130
151
150
112
39
-51
-61
-46
-65
-74
-32
-46
-67
-54
-44
-42
-22
11
67
102
111
104
82
10
-33
-41
-96
-120
-105
-104
-82
-71
-84
-91
-101
-142
-162
-166
-96
-92
-132
-148
-159
-154
-158
-161
-168
-199
-177
-157
-153
-102
-69
-69
-56
-11
37
-18
-28
-42
-88
-38
-15
-18
-18
13
9
-28
14
77
129
172
118
80
100
60
47
23
27
30
65
112
118
147
143
121
114
152
179
169
140
142
147
144
109
65
49
74
99
109
127
119
107
108
98
76
77
34
3
10
-10
-33
-38
-30
-57
-111
-157
-196
-215
-206
-177
-134
-82
-83
-69
-42
-66
-42
-33
-43
-20
-11
0
-7
-62
-100
-147
-154
-116
-63
-2
-37
-67
-52
-57
-9
26
95
131
172
132
103
89
29
42
32
8
19
33
3
-28
-60
-87
-106
-91
-55
-22
14
-13
-33
10
75
85
119
150
139
163
114
92
99
74
51
55
82
77
121
122
128
98
112
121
96
96
111
116
112
134
116
54
-37
-112
-188
-238
-309
-336
-277
-234
-253
-219
-168
-151
-112
-80
-78
-81
-89
-80
-107
-146
-123
-149
-159
-187
-185
-176
-137
-125
-165
-138
-135
-135
-94
-57
-33
-26
-39
-34
-33
22
78
76
90
50
36
71
104
122
143
122
113
142
170
231
233
202
185
158
127
133
170
256
296
318
290
237
197
114
97
86
67
31
16
31
47
43
52
37
0
22
91
134
180
247
267
225
186
159
140
86
43
-18
-58
-79
-137
-132
-162
-180
-226
-228
-218
-245
-266
-276
-271
-246
-235
-218
-185
-184
-198
-215
-240
-267
-313
-350
-357
-332
-280
-217
-140
-98
-50
-7
28
46
35
38
6
5
13
26
40
31
28
-6
-38
-78
-146
-154
-139
-134
-118
-94
-76
-38
58
145
206
249
257
248
248
267
273
296
280
270
235
212
188
160
181
187
212
211
176
164
173
172
179
185
213
205
194
159
156
156
108
78
38
10
-12
-35
-45
-20
-2
-24
-53
-53
-128
-170
-169
-171
-181
-221
-234
-270
-300
-316
-323
-271
-277
-278
-290
-289
-295
-280
-247
-280
-238
-204
-180
-139
-105
-27
22
56
88
82
77
85
85
109
125
131
137
138
134
138
124
135
180
188
191
152
145
158
128
92
109
67
56
47
38
78
60
50
46
82
121
152
138
167
170
147
127
116
138
113
68
-15
-4
-3
-43
-91
-91
-99
-71
-32
10
11
6
31
-17
-24
-27
-58
-81
-92
-97
-68
-70
-81
-93
-117
-119
-147
-177
-192
-201
-193
-197
-191
-204
-236
-198
-188
-146
-120
-41
7
-14
-3
-23
-40
-28
-16
-13
-27
-14
13
35
70
92
137
156
174
153
147
174
180
217
244
264
289
271
232
161
80
41
-4
-59
-52
-34
-54
-66
-67
-61
-86
-105
-171
-177
-166
-182
-120
-91
-64
-20
-3
1
7
-22
-54
-80
-99
-87
-65
-39
-1
5
5
-3
-15
-15
-46
-83
-87
-55
-24
-8
15
45
83
93
76
60
83
101
105
126
108
84
54
13
23
4
8
36
66
95
81
35
26
12
22
-10
-36
-54
-51
-13
-39
-15
-2
-34
-44
-20
3
34
23
23
5
-58
-104
-76
-55
-45
1
5
42
102
167
157
133
92
89
102
85
92
65
54
34
5
-8
-23
-45
-73
-63
-52
-50
-51
-73
-109
-146
-152
-144
-104
-44
0
55
125
123
103
107
89
109
147
157
185
221
202
142
119
121
114
83
91
48
-13
-61
-133
-153
-173
-180
-199
-202
-216
-185
-182
-198
-161
-156
-191
-210
-211
-217
-201
-181
-184
-193
-195
-186
-209
-184
-122
-82
-65
-71
-97
-100
-104
-91
-70
-31
1
32
64
112
151
197
172
146
104
116
105
92
94
61
75
76
82
66
99
169
177
190
249
239
213
237
201
184
139
59
1
-31
-36
-35
-53
-51
-39
-20
68
110
118
151
150
139
98
83
73
40
49
33
18
9
35
58
31
5
7
22
-8
-30
-65
-58
-81
-132
-144
-138
-132
-172
-170
-137
-135
-126
-106
-119
-97
-91
-100
-62
2
58
72
34
5
-20
-80
-121
-120
-75
-55
-55
-42
-48
-53
-44
-20
-29
-51
-40
-56
-72
-67
-71
-51
-42
-27
-16
-1
29
55
79
68
85
84
92
100
136
186
205
199
224
225
193
184
180
199
237
248
251
244
227
199
162
169
173
160
132
107
89
51
24
35
10
-22
-56
-79
-121
-150
-171
-209
-246
-272
-304
-344
-340
-333
-332
-343
-354
-326
-290
-277
-273
-265
-211
-191
-148
-105
-60
-35
-50
-56
-69
-50
-41
-43
-33
-35
-28
-31
-21
-39
-68
-64
-67
-3
12
24
22
32
54
39
47
66
74
72
98
114
120
131
149
150
152
146
153
146
145
139
113
117
106
144
131
111
133
154
159
138
130
142
167
152
121
118
133
155
154
135
109
92
57
15
-1
9
-36
-86
-78
-113
-126
-148
-130
-101
-79
-34
-19
-29
-46
-73
-99
-128
-139
-132
-167
-182
-161
-144
-130
-108
-125
-158
-180
-195
-175
-117
-38
-7
13
51
46
8
-16
-8
-14
-11
13
31
45
57
106
124
114
152
165
145
154
156
165
169
157
154
170
178
211
228
220
193
163
120
86
95
123
139
96
62
70
44
39
9
-47
-101
-129
-103
-128
-151
-144
-156
-212
-251
-269
-269
-252
-224
-211
-202
-167
-138
-142
-125
-124
-139
-141
-135
-127
-133
-149
-142
-169
-178
-187
-187
-174
-178
-167
-141
-104
-94
-83
-86
-86
-81
-51
-48
-46
-51
-45
-64
-89
-77
-89
-75
-73
-84
-77
-37
-10
15
58
104
143
188
218
262
263
316
348
369
367
336
364
357
369
379
373
384
396
383
390
382
402
378
321
280
218
181
126
50
20
10
-12
-33
-47
-54
-55
-41
-28
-21
-44
-60
-74
-78
-73
-99
-84
-85
-78
-66
-48
-60
-95
-111
-134
-141
-153
-152
-147
-121
-104
-126
-126
-155
-184
-215
-237
-239
-239
-214
-201
-189
-178
-149
-119
-68
-41
-24
-28
-37
-33
-60
-65
-58
-43
-24
-26
-37
-49
-71
-56
-48
-13
8
31
54
101
151
180
183
185
178
136
92
67
22
-32
-46
-63
-76
-85
-112
-127
-148
-167
-116
-109
-106
-105
-92
-65
-42
-15
0
-22
-44
-78
-61
-78
-80
-51
-67
-43
-36
-15
24
28
43
64
58
66
92
160
200
255
289
344
361
379
382
360
329
289
265
240
249
229
216
198
216
202
158
105
32
-27
-104
-152
-191
-219
-220
-245
-298
-317
-347
-359
-358
-387
-365
-349
-376
-399
-404
-367
-345
-332
-288
-255
-198
-139
-118
-96
-85
-69
-64
-65
-73
-70
-69
-82
-67
-37
-23
17
25
-3
-4
-19
4
34
70
115
148
192
204
224
232
226
224
219
225
242
253
272
278
281
276
253
243
247
256
298
304
329
371
405
453
416
382
331
273
233
212
201
179
143
141
117
92
111
123
134
110
97
61
37
-2
0
-14
-23
-39
-82
-100
-157
-190
-227
-261
-312
-373
-432
-477
-539
-567
-576
-564
-542
-529
-530
-536
-550
-557
-544
-517
-498
-457
-404
-392
-358
-337
-303
-294
-247
-200
-180
-134
-78
-48
-36
7
15
41
125
208
252
280
304
322
329
339
371
379
415
440
462
496
485
451
472
485
483
508
514
487
459
464
435
394
360
365
353
298
273
240
203
177
114
82
56
17
-40
-97
-106
-128
-131
-143
-206
-215
-240
-295
-342
-381
-404
-440
-457
-442
-413
-422
-426
-416
-383
-375
-379
-345
-303
-286
-260
-272
-274
-263
-250
-229
-232
-236
-241
-241
-235
-202
-143
-72
-27
29
86
149
195
176
185
172
141
125
125
183
245
287
302
354
362
345
315
277
298
287
290
299
311
326
321
294
269
262
244
228
237
217
217
188
149
104
92
77
50
37
-6
-56
-100
-128
-142
-156
-142
-95
-117
-139
-169
-200
-256
-301
-284
-271
-268
-226
-200
-190
-180
-192
-239
-225
-208
-221
-206
-191
-189
-181
-150
-140
-117
-106
-35
0
3
33
59
84
105
147
179
200
212
212
186
190
161
127
86
72
81
92
97
89
100
97
113
130
123
122
127
138
129
141
127
144
153
137
93
32
11
-13
-9
-19
-2
-13
-43
-64
-121
-167
-181
-193
-189
-193
-202
-211
-228
-222
-223
-229
-240
-254
-255
-240
-229
-220
-236
-183
-131
-105
-106
-120
-89
-82
-55
-36
2
21
47
44
9
-21
-31
-29
-10
26
80
123
141
179
170
154
146
152
148
150
148
119
106
90
89
82
100
105
116
141
179
220
216
238
210
182
145
89
52
58
36
12
50
52
62
68
74
95
71
74
91
66
39
20
2
11
-11
-51
-52
-60
-79
-99
-110
-137
-162
-161
-151
-156
-141
-78
-43
-20
6
8
-20
-29
-8
1
24
18
40
54
73
70
75
101
83
47
25
0
4
41
37
30
25
-23
-39
-73
-107
-97
-108
-113
-99
-71
-75
-71
-52
-38
-58
-71
-58
-56
-37
-33
-45
-70
-82
-77
-98
-86
-49
-30
-12
33
25
14
-5
8
18
36
44
56
94
87
90
105
107
83
46
44
29
-8
-29
-48
-77
-101
-112
-107
-114
-120
-116
-115
-97
-77
-64
-49
-84
-84
-57
-74
-50
-23
-22
-3
30
78
117
136
120
70
59
39
18
-9
2
16
-5
-13
-21
-27
-43
-54
-62
-62
-40
-5
6
-1
9
5
-5
43
52
60
92
103
104
111
102
84
75
87
93
57
61
61
60
53
21
-9
-42
-46
-10
3
12
0
-15
-39
-49
-29
-12
4
9
28
45
85
114
126
113
75
82
94
100
95
124
144
146
108
79
21
-18
-40
-36
-20
-17
-10
-40
-85
-110
-118
-122
-116
-107
-113
-150
-155
-180
-179
-173
-180
-195
-203
-216
-214
-167
-168
-118
-65
-48
-10
25
57
105
135
134
119
67
42
39
26
25
20
30
45
42
72
63
65
73
86
121
133
133
107
114
124
152
165
178
189
177
147
134
133
87
43
-19
-67
-94
-74
-52
-18
-15
-18
-45
-74
-85
-82
-81
-100
-96
-76
-88
-134
-129
-115
-118
-124
-128
-123
-84
-52
-19
-21
-23
-6
-25
-17
-8
2
18
10
19
8
-21
-42
-52
-23
-32
-37
-23
-35
-64
-96
-131
-156
-164
-135
-93
-98
-85
-70
-40
-4
10
37
37
28
-2
22
31
42
67
76
63
39
38
34
57
64
89
133
157
168
155
127
111
111
140
174
187
202
207
192
183
157
135
119
104
95
100
95
83
50
47
44
11
-3
-37
-37
-41
-48
-34
-3
0
-9
-31
-65
-88
-133
-131
-131
-123
-116
-98
-102
-112
-103
-133
-141
-165
-152
-124
-98
-62
-20
21
50
16
-12
-20
-64
-104
-114
-118
-111
-85
-83
-78
-75
-78
-105
-136
-140
-149
-172
-165
-127
-77
-28
13
28
30
24
18
30
49
79
103
107
137
156
173
194
198
178
166
184
208
202
198
185
153
129
97
73
45
40
30
12
11
24
23
17
21
0
-31
-39
-37
-47
-30
-4
32
53
54
71
63
32
-19
-52
-66
-68
-85
-101
-95
-98
-112
-110
-134
-140
-159
-148
-139
-139
-95
-68
-51
-66
-56
-73
-99
-117
-134
-106
-79
-16
5
14
21
18
31
19
32
26
21
20
36
32
-1
-21
-58
-79
-95
-78
-53
9
44
54
75
87
105
75
63
75
67
70
60
41
49
70
72
89
101
111
114
129
150
135
116
69
36
29
44
83
121
143
124
72
48
-6
-40
-25
-24
-31
-16
-34
-42
-44
-47
-45
-53
-20
-24
-19
2
19
20
29
8
-20
-21
-18
-6
0
-2
-11
0
-16
-52
-63
-74
-106
-120
-134
-131
-125
-150
-164
-179
-163
-166
-153
-134
-117
-89
-64
-54
-40
-38
-14
-16
-51
-54
-67
-49
-38
-14
0
2
11
44
75
91
100
111
118
104
90
82
74
81
97
84
101
116
147
173
191
202
216
221
198
186
167
158
145
135
128
121
