6
4
6
9
10
4
0
-1
-1
0
1
1
-2
-1
1
4
2
5
0
-2
-1
1
5
4
7
4
-3
-8
-10
-8
-7
-7
-8
-6
-6
-3
0
3
4
2
4
3
-1
2
2
2
3
5
3
4
5
8
10
11
13
9
8
8
7
6
6
3
0
-2
-7
-6
-5
-3
2
-3
-5
-2
-4
-2
-2
-2
-3
-6
-6
-9
-10
-12
-11
-8
-9
-6
-8
-7
-4
-3
-2
-5
-6
-10
-6
-8
-10
-9
-12
-13
-14
-15
-12
-8
-10
-9
-8
-9
-4
-1
2
3
0
1
0
3
5
5
9
11
15
15
11
9
7
12
16
20
21
23
23
21
21
19
22
18
18
16
10
12
8
9
10
6
5
7
8
8
8
6
3
-1
-6
-9
-10
-10
-9
-10
-12
-10
-8
-7
-6
-5
-9
-12
-16
-18
-19
-17
-16
-16
-14
-12
-16
-15
-7
-5
-3
-2
-4
-7
-10
-11
-14
-15
-12
-10
-7
-3
0
4
5
4
3
2
-1
2
1
2
4
4
7
7
7
5
7
8
8
10
5
6
10
11
14
11
10
12
10
11
11
10
10
7
7
6
4
0
1
3
5
5
6
9
8
10
8
5
5
6
6
-1
-3
0
-1
-1
4
9
11
9
7
5
1
-1
-2
-3
-8
-14
-12
-13
-12
-11
-11
-13
-12
-13
-16
-13
-15
-17
-22
-23
-24
-23
-19
-20
-16
-12
-11
-9
-9
-8
-8
-9
-5
-3
-1
3
4
3
6
7
8
8
6
5
6
7
5
6
7
10
9
8
8
4
7
9
9
9
8
11
16
16
16
16
10
11
10
7
6
5
4
6
8
4
5
7
7
8
9
4
-1
-5
-8
-7
-6
-6
-2
-1
-6
-2
-20
-54
-76
-52
-35
-20
-9
19
42
71
82
61
46
41
31
-6
-25
-33
-29
-26
-19
-15
5
22
23
6
4
10
11
-3
-15
-14
-11
-4
-1
-2
10
17
9
10
16
17
-3
-16
-18
-13
-8
-17
-15
-9
1
-5
-12
-34
-61
-87
-93
-104
-98
-79
-55
-36
-4
36
55
63
67
59
38
25
11
-17
-30
-30
-30
-26
-6
10
17
25
33
34
34
35
27
20
16
14
11
18
28
29
29
30
19
7
-3
-8
-16
-17
-13
-7
-2
10
19
18
17
25
19
3
-2
-4
-18
-25
-19
-22
-26
-11
-4
-6
0
11
6
-3
-4
-15
-29
-34
-29
-28
-21
-5
-5
-10
-6
-4
-5
-2
8
8
15
25
39
51
63
65
58
58
47
35
25
23
12
3
3
1
-1
1
12
15
27
36
40
35
38
33
27
27
35
36
33
31
28
26
31
27
22
12
10
6
-7
-14
-23
-29
-40
-36
-38
-34
-36
-49
-57
-60
-67
-75
-75
-78
-72
-68
-64
-64
-50
-48
-51
-49
-46
-47
-54
-54
-54
-52
-47
-54
-67
-63
-59
-60
-62
-63
-71
-74
-77
-82
-79
-68
-61
-68
-62
-48
-32
-27
-12
11
24
46
77
94
105
119
120
120
116
116
106
100
99
100
98
106
106
111
113
111
109
111
112
110
109
110
113
108
111
106
100
99
91
88
82
77
69
61
61
59
54
42
40
29
16
2
-18
-38
-50
-65
-85
-93
-95
-104
-110
-108
-101
-104
-93
-82
-64
-55
-38
-47
-60
-77
-103
-132
-167
-190
-221
-254
-311
-376
-436
-488
-546
-592
-605
-612
-577
-499
-349
-168
17
192
357
492
584
624
600
542
467
375
283
189
133
98
68
70
104
147
173
187
196
215
240
270
288
307
322
334
336
336
323
285
252
181
124
86
68
49
53
82
134
168
177
185
171
120
34
-62
-168
-284
-400
-483
-533
-520
-461
-365
-270
-170
-54
18
64
86
90
52
-11
-73
-156
-242
-317
-367
-400
-415
-430
-471
-491
-454
-383
-307
-262
-239
-207
-211
-221
-250
-322
-354
-371
-388
-469
-515
-570
-576
-507
-389
-202
31
328
631
880
1083
1228
1284
1245
1146
950
741
503
280
106
-19
-59
-70
-62
-38
35
118
214
325
409
498
583
666
729
799
819
797
699
563
431
305
179
34
-48
-96
-129
-126
-104
-92
-123
-159
-166
-174
-250
-339
-448
-535
-626
-691
-710
-687
-628
-547
-485
-436
-343
-239
-140
-110
-145
-179
-280
-419
-553
-676
-715
-687
-608
-506
-329
-150
-12
84
109
93
103
140
112
72
77
57
-24
-110
-291
-528
-746
-902
-1028
-1130
-1139
-1073
-914
-666
-392
-131
50
152
185
316
505
638
803
904
1053
1257
1384
1393
1329
1191
1114
1013
841
710
587
500
383
342
350
293
208
100
38
50
173
195
160
201
247
312
356
490
613
780
944
1040
1094
1225
1193
946
704
505
214
-152
-461
-743
-958
-1023
-1136
-1237
-1157
-1063
-1052
-981
-765
-555
-378
-247
-155
-37
133
294
378
367
289
168
-162
-451
-691
-945
-1271
-1490
-1496
-1428
-1280
-1051
-895
-687
-334
-77
1
58
110
3
-16
18
3
-367
-699
-695
-325
-196
-171
-254
-307
-285
-343
-1274
-3017
-4422
-4596
-4258
-3792
-3145
-2091
-423
1733
3244
4099
4761
5214
5207
4450
3524
2671
2029
1633
1302
927
823
1173
1413
1389
1137
815
468
188
-141
-803
-1300
-1265
-680
18
707
1376
1997
2757
3118
2813
1933
1234
582
-185
-675
-1039
-998
-816
-334
-110
211
447
523
-84
-916
-1547
-2084
-2365
-2562
-2648
-2532
-2079
-1402
-875
-287
110
335
209
129
151
43
-62
-306
-486
-454
-206
-217
-326
-521
-922
-1374
-1842
-2064
-2253
-2214
-2123
-1844
-1249
-384
506
1117
1487
1647
1745
1697
1533
1185
599
-27
-519
-729
-661
-596
-633
-710
-292
77
-158
-2026
-4641
-6183
-5750
-4836
-4097
-3069
-1012
1908
4624
6173
6816
7101
6926
5706
3665
2013
898
-14
-708
-901
-262
1081
2071
2276
1916
1494
954
-164
-1504
-2600
-3407
-3679
-3204
-2088
-479
1381
2987
4056
4870
5228
4611
3296
1830
630
-315
-1149
-1808
-1840
-1375
-830
-596
-305
-1
-133
-1060
-2260
-3151
-3589
-3687
-3742
-3447
-2513
-1022
462
1479
2176
2567
2384
1779
1145
655
224
-410
-1127
-1260
-717
-115
-67
-467
-1018
-1532
-2173
-2836
-3256
-3370
-3203
-2809
-1864
-378
1317
2609
3269
3732
3978
3854
3132
2261
1322
220
-784
-1555
-1736
-1556
-1355
-1352
-1217
-746
-178
-21
-862
-3056
-6482
-8828
-8615
-6143
-4094
-2915
-1627
1560
5826
8737
8875
7468
6517
5972
4396
1619
-781
-1501
-926
-319
-253
246
1609
2982
3075
1713
208
-710
-1002
-1749
-3111
-4320
-3926
-1843
422
2023
2999
4294
5721
6381
5210
3093
1725
1205
457
-1308
-2620
-2593
-1539
-854
-727
-958
-939
-961
-1882
-3483
-4564
-4186
-3587
-3324
-2736
-1202
779
2495
3693
4037
3858
3173
2082
859
81
-397
-1248
-1954
-1833
-1074
-426
-166
-350
-1042
-1839
-2667
-3363
-3492
-3235
-3183
-3046
-1998
113
2311
3539
4135
4309
4448
4329
3600
2363
1091
-294
-2123
-3629
-3944
-3481
-3408
-3717
-3568
-2523
-1088
99
762
1336
1957
2515
1785
-54
-2030
-3031
-3778
-4909
-5689
-5404
-3853
-1853
-23
1131
2301
3699
4870
5187
4827
4406
4118
3964
3739
3174
2702
2632
2708
2202
1360
423
-180
-656
-1192
-2056
-2994
-3155
-2690
-1855
-939
158
1373
2553
3655
4025
3833
3351
2680
1415
83
-972
-1645
-2046
-2249
-2184
-2057
-1714
-1307
-989
-962
-956
-837
-768
-530
-269
-95
176
481
695
756
889
942
700
263
-48
-454
-978
-1354
-1479
-1289
-905
-590
-489
-342
5
221
114
-206
-467
-756
-978
-1218
-1165
-788
-265
119
384
929
1505
1773
1496
919
277
-417
-1133
-1748
-1865
-1859
-1857
-1840
-1429
-650
95
581
853
1227
2003
2521
2509
1557
-515
-4398
-8592
-10545
-9257
-6860
-5435
-4603
-2401
2134
6840
9191
8834
8152
8055
7481
5333
2669
1048
728
801
391
-37
359
1188
1323
144
-1426
-2689
-3168
-3414
-3914
-4778
-4942
-3277
-439
2201
3686
4671
5715
6500
6086
4060
2132
1130
718
-622
-2385
-3279
-2735
-1605
-1100
-1104
-1271
-778
-941
-1972
-3323
-3589
-3119
-2482
-2063
-1207
183
1704
2848
3270
3153
2638
1887
1218
755
260
-397
-933
-799
-137
632
1019
997
426
-689
-2036
-2982
-3160
-2956
-2904
-3116
-2590
-1113
1100
2809
3548
3654
3604
3433
3025
2472
1419
31
-1711
-3151
-3574
-3241
-2953
-3329
-3667
-3276
-2217
-1299
-693
-218
472
1121
1925
2762
3596
4078
4036
2703
-830
-6373
-10482
-10855
-9014
-7893
-8113
-7248
-3131
3218
7771
8878
8428
9137
9894
8671
5335
2081
392
-199
-1097
-2157
-1956
-261
1256
1353
374
-76
229
512
-473
-2657
-4189
-3632
-1504
670
2219
3340
4735
6327
6627
5151
2751
1084
-46
-1222
-2845
-4002
-4082
-2835
-1087
238
1250
2302
3033
2248
364
-1458
-2301
-2667
-3140
-3761
-3451
-1590
839
2471
2907
2839
2331
1369
125
-1084
-2083
-2998
-3645
-3468
-1965
272
1853
2237
1802
1346
904
172
-771
-2009
-3346
-4151
-3769
-2080
204
1583
1720
1618
2136
2658
2407
1298
-35
-1490
-3001
-3935
-3631
-2500
-1858
-2173
-2425
-1377
356
1509
1716
1669
2095
2790
3507
4017
3517
673
-4653
-9595
-11116
-9421
-7773
-7605
-7160
-3907
1445
6062
8016
8377
8940
9352
8358
5839
3416
1951
968
-215
-1184
-1086
-284
411
323
-237
-712
-882
-960
-1425
-2266
-3123
-2977
-1572
472
2091
3324
4764
6108
6478
5041
3027
1747
1141
0
-1900
-3451
-3686
-2902
-2385
-2013
-1273
-27
553
-137
-1230
-1607
-1481
-1422
-1619
-1658
-1184
-11
1416
2523
3150
2945
1914
979
501
-94
-1183
-2359
-2931
-2699
-1784
-569
748
1713
1815
1025
280
329
669
265
-871
-1616
-1430
-528
424
1154
1571
1624
1313
717
327
-18
-852
-2218
-3547
-4109
-3964
-3602
-3226
-2806
-2260
-1612
-893
-97
796
1700
2218
2478
2749
3049
3214
2732
883
-2922
-7817
-11271
-11814
-10010
-8315
-7109
-5043
-589
4828
8809
10216
10439
10672
10431
8565
5403
2682
1138
-17
-1352
-2424
-2469
-1801
-1238
-1391
-1821
-1880
-1474
-923
-590
-490
-358
353
1597
3165
4471
5279
5632
5309
4252
2437
589
-929
-2106
-3210
-4226
-4580
-3995
-2476
-1355
-370
728
1722
1936
1689
1321
760
552
382
-80
-535
-445
64
679
1151
826
-221
-1325
-1885
-2353
-2701
-2857
-2679
-2194
-1156
522
2260
3600
4074
3618
2668
1999
1520
496
-903
-2348
-3509
-3986
-3434
-2506
-1900
-1676
-1872
-1914
-1337
-463
-215
-502
-1151
-1654
-1688
-1380
-854
-734
-871
-1150
-1177
-794
-22
575
781
638
411
528
1001
1357
1112
43
-2644
-5954
-7919
-7591
-6413
-5127
-3687
-1461
1738
5268
7901
8942
9004
8458
7011
4836
2962
1302
-315
-1516
-2096
-1975
-1378
-780
-530
-523
-135
34
56
281
742
904
888
1200
1902
2699
3345
3724
3180
2182
761
-660
-1639
-2333
-3032
-3552
-3229
-2127
-669
886
2370
3577
4186
4440
4037
3259
2117
773
-458
-1308
-1862
-2544
-2750
-2043
-834
-143
-131
-254
-180
-81
-332
-776
-787
-375
-203
-244
321
1252
1955
1739
957
86
-576
-1289
-2157
-2881
-3628
-4381
-4852
-4243
-2804
-1663
-1274
-1275
-821
-26
450
239
-349
-841
-1326
-1551
-1382
-972
-694
-801
-879
-190
1103
1914
1909
1269
-63
-2287
-5442
-8374
-9639
-8385
-6588
-5131
-3329
-12
4359
8116
10012
10010
9591
8935
7685
5341
3057
1303
224
-363
-615
-342
200
577
306
-477
-1285
-1842
-2105
-2772
-3413
-3706
-2706
-404
2340
4511
6018
7288
7818
7348
5653
3414
1478
-295
-1958
-3524
-3868
-3539
-2923
-2724
-1783
-460
493
386
-572
-1757
-2473
-2549
-2462
-2140
-1425
-314
658
1877
3019
3389
2593
1717
1188
778
-132
-1362
-2333
-2314
-1471
-738
-321
8
-29
-867
-1964
-2523
-2647
-2806
-3378
-3794
-3413
-1944
-158
974
1515
1740
1666
1481
1480
1455
822
-310
-1673
-2446
-2492
-2168
-2387
-2913
-3049
-2540
-1734
-720
287
887
1285
1937
3236
4720
5700
5377
3850
1310
-1466
-5010
-8271
-10365
-10383
-9366
-7772
-5347
-1808
2547
6135
8157
8853
9308
9134
8002
5544
2965
1177
196
-237
-502
-594
-436
-227
-60
-328
-867
-1756
-2561
-3320
-3650
-3647
-2785
-921
1259
3355
4996
6491
7266
7026
5760
3836
2033
-14
-1789
-3172
-3750
-4185
-4190
-3586
-2102
-177
618
419
56
408
641
654
681
597
619
603
1011
1456
1719
1111
-138
-864
-1040
-1241
-2069
-2597
-2630
-2165
-1494
-518
713
1491
1580
921
400
158
-118
-895
-1936
-2528
-2702
-2250
-1485
-491
-37
-164
-582
-723
-475
-289
-569
-1305
-1798
-1752
-1578
-1151
-664
-283
-269
-171
55
366
672
762
829
904
1375
1856
2321
2446
2337
1653
-217
-3248
-6820
-9393
-10322
-9354
-7920
-5975
-3118
793
4882
8109
9878
10170
9606
8035
5754
2859
487
-1139
-2278
-2851
-2830
-2016
-723
584
1282
1375
1511
1432
1032
51
-753
-1130
-869
-101
812
1828
2799
3578
3433
2746
1689
374
-861
-1643
-1806
-2109
-2324
-2090
-765
1017
2430
3200
3336
3284
2691
1983
1145
574
-148
-1069
-1976
-2291
-1833
-1526
-1604
-2033
-2061
-1897
-1631
-1219
-492
573
1153
1518
2187
3406
4441
4290
3232
1749
530
-581
-1534
-2640
-3908
-5038
-5542
-5039
-3871
-2806
-2600
-2632
-2074
-847
305
1091
1420
1238
1007
814
889
957
613
-425
-1742
-2516
-2449
-2091
-1863
-1708
-1236
-504
646
1782
2736
2679
1689
-571
-3108
-5681
-7848
-9214
-9040
-7150
-4707
-1668
1174
4365
6798
8584
8623
7888
6632
5111
3053
1004
-205
-696
-941
-1132
-1094
-369
343
702
437
587
947
1190
737
292
329
635
1004
1318
2088
2977
3401
3231
2647
2372
1601
938
154
68
-150
-404
-782
-598
270
1050
1308
1326
1936
2122
1995
1664
1249
615
-163
-916
-1337
-1433
-1447
-2015
-2438
-2368
-1915
-1750
-1521
-1159
-712
-564
-531
-289
261
998
1174
683
104
-271
-514
-931
-1614
-2808
-3794
-4204
-3992
-3656
-3360
-3191
-2926
-2280
-1282
-189
689
1201
1193
777
531
502
332
-86
-683
-1323
-1526
-1053
-280
78
275
493
735
1189
1772
2268
2362
1859
188
-2544
-5066
-6989
-8081
-8429
-7367
-5631
-2910
210
3498
6028
7916
8727
8530
7732
6550
4996
2958
1328
147
-644
-848
-754
-426
-182
151
211
453
937
1292
1047
537
474
544
921
1473
2062
2472
2714
2576
1790
971
196
-528
-1224
-1945
-2285
-2234
-1294
-435
838
1871
2957
3312
3374
2992
2168
1159
-63
-1242
-2438
-2929
-3163
-3269
-3105
-2801
-2329
-2172
-1786
-1543
-1281
-1006
-652
-448
-344
176
722
1450
1935
1887
1320
773
572
56
-796
-2160
-3484
-4286
-4347
-3931
-3408
-2709
-2067
-1219
-381
689
1418
1866
1934
1528
1060
683
502
246
-208
-809
-1163
-1055
-786
-423
-525
-531
-670
-483
-393
167
468
683
703
-348
-2311
-4579
-5430
-5680
-4675
-3999
-2529
-724
2220
4256
5417
5739
6112
5972
5203
3944
2385
1157
417
-157
-417
-362
286
492
493
349
574
894
1321
1505
1156
992
1172
1426
1538
1785
1898
1847
2003
1663
1045
-37
-800
-1283
-1427
-1279
-1521
-1226
-603
452
1159
2097
2466
2368
1874
1133
400
-554
-1206
-1941
-2370
-2317
-1746
-1025
-482
87
175
94
-150
-432
-885
-1386
-1896
-2513
-2389
-1584
-280
547
820
760
660
826
576
-141
-1373
-2522
-3482
-3760
-3253
-2227
-1168
-548
54
690
1393
1704
1604
1047
289
-449
-1136
-1298
-1190
-841
-725
-398
246
980
1624
1880
1786
1171
343
-601
-1754
-3614
-5634
-7417
-8545
-8724
-7313
-5036
-2570
-117
2413
4907
6739
7634
7123
5982
4892
4064
2856
1746
1001
701
677
847
963
941
766
335
-375
-768
-891
-1007
-1147
-637
419
1767
3095
4110
4734
5009
4922
4188
3116
1746
65
-1470
-2309
-2288
-1969
-1392
-742
-135
512
1305
1826
1640
1387
542
-573
-1254
-1350
-1453
-1671
-1655
-1425
-691
197
757
596
484
438
207
-209
-629
-935
-1184
-1349
-1519
-1506
-1237
-885
-760
-1078
-1289
-1481
-1509
-1348
-1093
-936
-806
-738
-685
-432
42
227
-17
-193
-116
-138
-302
-615
-745
-908
-1009
-1302
-1493
-1505
-1409
-1204
-1007
-460
97
645
1035
1490
1863
1923
1586
786
-193
-1517
-3482
-6217
-8996
-10015
-8382
-5376
-3076
-1214
1281
4440
7024
8051
7529
6375
5422
4137
2314
612
77
63
-72
-73
304
1119
1674
1504
738
457
612
540
273
210
739
1578
2666
3554
4207
4442
4207
3338
2069
607
-1171
-2710
-3189
-3029
-2511
-2064
-1076
144
1637
2820
3712
3980
3902
3435
2279
1146
149
-733
-1952
-2811
-3242
-2968
-2138
-1190
-825
-747
-495
-334
-393
-498
-527
-544
-581
-428
-266
205
600
503
-100
-797
-1305
-1755
-2196
-2604
-3102
-3489
-3423
-2993
-2328
-1586
-1198
-920
-450
459
1076
1114
852
621
287
-186
-655
-1073
-1414
-1760
-2026
-2012
-1492
-798
-269
13
428
809
977
962
883
664
-117
-1240
-2702
-4057
-5680
-7106
-7696
-6520
-4189
-1877
277
2584
5253
7169
7836
7240
6256
4994
3579
1982
747
272
55
62
434
1318
2321
2911
3071
2967
3089
3131
2961
2482
1940
1446
865
562
336
219
-232
-704
-1195
-1450
-1523
-1884
-2027
-1640
-543
605
1784
2789
3892
4668
4736
4265
3154
1765
-85
-1939
-3515
-4460
-4804
-4863
-4433
-3579
-2137
-915
-118
191
246
149
-55
-22
66
434
728
1091
1531
2000
2348
1957
841
-721
-2075
-3341
-4458
-5339
-5839
-5667
-4897
-3650
-2242
-822
379
1106
1574
1836
1979
1858
1556
984
384
-85
-457
-865
-1374
-1757
-2153
-2279
-2144
-1636
-1186
-989
-807
-564
-84
40
206
348
898
1184
1539
807
-868
-3358
-5031
-5725
-5349
-4581
-3610
-1871
552
3465
5400
6586
6816
6683
5759
4507
2836
1228
-168
-1129
-1568
-1054
218
1663
2738
3665
4313
5003
5121
4758
3517
1840
200
-1068
-1845
-2197
-2224
-2140
-1797
-1227
-842
-225
246
430
375
649
777
918
1426
2091
2638
3129
3565
3332
2831
1972
641
-995
-2193
-2870
-3635
-4093
-4280
-3964
-3173
-2191
-1453
-936
-307
120
341
556
1114
1396
1562
1731
1854
1755
1274
531
-520
-1568
-2630
-3718
-4494
-4795
-4742
-4610
-4012
-2843
-1557
-517
221
848
1398
1923
2073
1843
1525
1174
552
-264
-758
-1140
-1438
-1766
-2050
-2360
-2321
-2093
-1702
-1178
-504
56
287
411
387
-280
-1709
-3500
-5430
-6567
-6237
-4653
-2958
-1075
915
3440
5693
7432
7834
7397
6302
5115
3577
2084
982
136
-535
-884
-575
351
1481
2472
2885
3120
3344
3512
3078
2241
1060
67
-593
-1070
-1336
-1302
-1035
-1005
-1119
-841
-296
357
713
1149
1507
1740
1884
2108
2434
2261
1912
938
107
-697
-1360
-2505
-3350
-3619
-3215
-2713
-2267
-1628
-878
-118
342
551
836
1159
1295
979
777
849
1102
1245
1260
992
492
-155
-939
-1683
-2366
-3117
-3893
-4194
-3680
-2899
-2011
-1146
50
1141
1902
2159
2134
2009
1524
744
-320
-1026
-1550
-2061
-2602
-3004
-3081
-3063
-2908
-2684
-2389
-2142
-1671
-1090
-325
498
1078
1481
1874
2425
2522
2337
1517
292
-1802
-4134
-6624
-8315
-8849
-7867
-5963
-3719
-916
2094
5025
6996
8058
7955
7359
6054
4479
2658
1282
548
328
648
1351
2190
2935
3385
3468
3083
2454
1500
365
-898
-1976
-2683
-2763
-2093
-1401
-521
558
1818
2830
3266
3418
3106
3001
2696
2168
1481
1406
1314
1046
1004
1325
1364
673
17
-799
-1444
-1823
-2166
-2374
-2107
-1493
-1297
-1255
-1000
-549
-658
-1001
-1114
-1136
-984
-935
-795
-438
7
304
164
13
-260
-997
-2077
-2999
-3484
-3840
-3952
-3731
-3119
-2142
-1117
-443
108
545
640
317
-11
-29
-288
-595
-917
-926
-857
-846
-1206
-1680
-1852
-2005
-2059
-1923
-1406
-954
-334
282
1184
2021
2653
2817
2523
2160
1618
694
-173
-881
-2145
-3951
-5617
-5945
-5416
-3987
-2570
-727
1292
3678
5322
6179
6335
6054
5155
4063
3346
2555
1878
1276
1191
1588
2212
2712
2709
2495
2000
1253
431
-106
-750
-1754
-2491
-2486
-1755
-816
88
850
1422
2179
2713
2912
2655
2215
1188
309
-162
-291
-659
-623
-237
47
811
1565
1954
2001
1969
1337
456
-202
-895
-1951
-2750
-2995
-3086
-2920
-2460
-2092
-1765
-1265
-608
-203
238
593
397
17
-59
-101
-327
-804
-1275
-1614
-1844
-1780
-1755
-1717
-1525
-1430
-1452
-1349
-1040
-923
-967
-984
-1016
-1023
-749
-621
-745
-893
-1013
-1307
-1339
-1258
-1376
-1565
-1427
-1083
-696
-364
-115
-30
296
637
763
823
986
722
-35
-801
-1865
-3240
-5094
-6375
-6766
-5362
-3250
-1112
830
3079
5283
6768
7409
7183
6447
5282
4134
2777
1848
1537
1570
1752
2067
2507
2760
2698
2224
1444
625
-19
-574
-1208
-1486
-1216
-358
605
1543
2537
3379
4087
4102
3542
2650
1519
440
-343
-570
-780
-725
-841
-578
-209
352
341
363
354
19
-444
-702
-907
-1135
-1351
-1765
-1982
-1885
-1491
-1405
-1621
-1701
-1730
-1821
-1925
-1999
-1888
-1720
-1575
-1339
-952
-428
-288
-652
-1012
-1068
-1051
-1170
-1363
-1518
-1531
-1397
-1186
-965
-656
-562
-777
-992
-1002
-982
-966
-1001
-963
-906
-762
-591
-468
-338
-330
-540
-607
-489
-351
-423
-434
-436
-402
-216
107
334
643
962
1301
1628
1688
1402
1017
68
-1537
-3739
-5182
-5572
-4808
-3566
-2038
-24
2243
4604
6010
6806
6846
6385
5045
3692
2426
1499
956
763
974
1570
2379
2926
2954
2629
2033
1355
509
-196
-975
-1496
-1685
-1479
-742
461
1587
2281
2544
2461
1852
1186
448
-59
-638
-1041
-981
-265
1048
2166
3037
3263
3285
2821
2159
919
-454
-1800
-2944
-3733
-4108
-3859
-3492
-3194
-3109
-3128
-3053
-3015
-3071
-3272
-3143
-2693
-1717
-614
440
1306
1906
2229
2201
1762
923
-190
-1213
-1925
-2357
-2769
-2955
-2938
-2652
-2319
-2112
-1894
-1592
-1263
-1198
-1051
-794
-291
183
401
391
228
109
-85
-363
-604
-848
-1240
-1506
-1242
-528
92
604
1077
1666
2057
2397
2268
2177
1791
1065
-464
-2334
-3872
-5431
-6406
-6480
-4910
-3090
-728
1490
3861
5885
7382
7759
7295
6419
5260
3926
2605
1791
1557
1711
2174
2438
2693
2845
2711
2072
1295
483
-448
-1236
-1789
-1786
-1416
-663
272
897
1683
2409
2674
2135
1194
269
-525
-889
-1046
-872
-599
-167
285
707
1062
1407
1449
824
116
-483
-1184
-1893
-2276
-2480
-2912
-3160
-3237
-3105
-3088
-3094
-3253
-3160
-2659
-2006
-1350
-530
357
1106
1563
1891
2140
2134
1654
968
179
-513
-1222
-2037
-2761
-3241
-3438
-3570
-3484
-3007
-2548
-2157
-1706
-928
-53
762
1176
1407
1413
1368
959
190
-808
-2038
-3136
-3827
-3952
-3727
-3148
-2245
-1156
235
1757
3049
3811
4160
4040
3560
2930
2232
1285
417
-240
-631
-931
-1613
-2534
-3674
-3994
-3913
-3127
-2228
-879
608
2343
3991
5339
6196
6509
6429
5831
5225
4537
3931
3239
2470
1876
1544
1443
1286
1030
673
341
130
-188
-413
-508
-658
-1111
-1490
-1459
-1178
-865
-707
-311
146
720
1055
1286
1631
2086
2376
2302
2098
1902
1763
1228
535
-412
-1342
-2341
-3250
-3981
-4371
-4627
-4663
-4388
-3799
-3079
-2424
-1721
-868
-139
477
1027
1393
1668
1729
1564
1334
1271
1083
563
-172
-1085
-2176
-3108
-3822
-4206
-4406
-4480
-4215
-3542
-2388
-1209
-178
700
1239
1359
1273
1006
439
-354
-1188
-1810
-2218
-2444
-2500
-2302
-1836
-1319
-869
-442
15
254
473
712
1253
1772
2234
2392
2520
2611
2551
2119
1563
860
-440
-2524
-4727
-5440
-4947
-3700
-2572
-828
1402
4000
5872
6837
7098
6923
6219
4994
3794
2834
2219
1767
1489
1664
2227
2680
2554
2019
1505
1135
694
49
-649
-1245
-1536
-1504
-1238
-925
-737
-463
-226
73
216
216
186
432
867
1341
1735
2057
2289
2266
2082
1525
780
-189
-1283
-2492
-3590
-4328
-4639
-4550
-4265
-3683
-2886
-1962
-1095
-540
-176
-4
130
104
82
132
171
-19
-194
-284
-433
-824
-1338
-2066
-2711
-3018
-3293
-3457
-3368
-2967
-2370
-1770
-1068
-382
108
173
-127
-545
-950
-1208
-1548
-1971
-2142
-2051
-1681
-1011
-293
109
296
468
675
925
1095
1106
989
1154
1581
2027
2350
2541
2420
2164
1736
1420
850
227
-728
-1998
-3474
-4298
-3939
-2780
-1088
286
1947
3716
5561
6391
6486
5932
5263
4290
3335
2534
1981
1697
1569
1621
1957
2423
2646
2369
1864
1354
947
536
-62
-754
-1349
-1558
-1619
-1514
-1272
-1072
-1052
-916
-713
-725
-496
68
816
1535
2504
2991
3046
2911
2469
1549
560
-604
-1937
-3242
-4208
-4777
-4954
-4706
-4078
-3495
-2770
-1758
-886
-326
-36
-19
-196
-425
-711
-1047
-1257
-1389
-1585
-1811
-1807
-1714
-1819
-2039
-2237
-2287
-2227
-1915
-1603
-1337
-987
-702
-501
-265
-140
-289
-653
-1010
-1311
-1504
-1560
-1517
-1417
-1247
-979
-581
-61
430
656
688
950
1423
1749
1917
2028
2060
2041
2089
2022
1836
1702
1434
1070
949
981
1013
876
931
522
-324
-1605
-2090
-1860
-1110
-222
616
1833
3445
4825
5294
5333
4940
4325
3289
2284
1562
1043
842
840
1016
1568
2046
2180
1826
1580
1274
848
137
-667
-1537
-2248
-2586
-2758
-2635
-2274
-1807
-1278
-816
-513
-393
-68
283
469
844
1370
1662
1716
1834
1650
1111
564
-167
-1243
-2195
-2841
-3405
-3719
-3603
-3281
-2979
-2469
-1906
-1533
-1351
-1196
-1180
-1264
-1184
-959
-639
-187
191
324
275
273
129
-229
-601
-984
-1382
-1773
-1856
-1853
-1766
-1603
-1422
-1139
-913
-652
-664
-724
-705
-696
-741
-576
-280
13
402
705
1041
1231
1265
1082
876
811
573
298
61
16
-34
-37
74
278
551
914
1250
1488
1890
1932
1863
1623
1543
1227
358
-776
-2027
-2650
-2811
-2198
-1512
-278
1108
2447
3456
3994
4256
4089
3730
3085
2422
1919
1697
1798
1768
2007
2318
2537
2487
2162
1710
993
223
-684
-1546
-2208
-2397
-2363
-2248
-1824
-1066
-375
266
798
1167
1119
1043
953
1084
1195
1279
1175
995
1086
1011
912
346
-225
-1100
-2034
-2958
-3606
-4118
-4419
-4508
-4397
-3849
-3107
-2372
-1770
-1290
-799
-446
-199
-92
-189
-357
-498
-519
-617
-559
-703
-849
-1047
-1321
-1531
-1853
-2110
-2397
-2401
-2293
-1961
-1566
-1092
-552
-71
348
668
999
1216
1331
1203
1012
826
631
427
145
47
35
95
135
233
314
405
495
853
1418
1926
2249
2471
2661
2675
2640
2500
2202
1757
1230
733
354
79
-733
-1849
-2768
-2818
-2479
-1665
-762
207
1105
2058
2846
3333
3656
3518
3136
2731
2682
2661
2549
2385
2130
1850
1551
1094
621
25
-720
-1423
-1825
-1835
-1620
-1477
-1259
-949
-617
-194
60
333
446
491
333
320
470
315
299
247
439
307
419
254
178
-139
-462
-1168
-1766
-2273
-2813
-3207
-3326
-3174
-3035
-2840
-2447
-2079
-1759
-1454
-1276
-1114
-972
-672
-381
-28
416
762
782
674
527
245
-71
-647
-1243
-1857
-2267
-2452
-2463
-2253
-1886
-1456
-994
-444
-25
333
540
666
727
724
770
828
813
686
510
250
-44
-287
-448
-568
-626
-628
-451
-11
524
956
1348
1705
2172
2495
2683
2569
2359
2033
1700
1647
1686
1675
1537
1305
1031
354
-693
-1880
-2544
-3077
-3048
-2616
-1793
-464
1139
2822
4098
5087
5647
5852
5303
4485
3413
2273
1259
381
-260
-542
-622
-728
-774
-678
-654
-682
-943
-1325
-1636
-1690
-1515
-1338
-838
-85
654
1240
1811
2181
2100
1782
1231
503
-344
-1218
-2182
-2983
-3315
-3260
-3245
-2999
-2714
-2439
-2253
-1940
-1934
-1933
-2010
-2073
-2058
-1714
-1120
-607
-200
200
385
363
352
148
-212
-547
-781
-920
-920
-753
-561
-551
-479
-377
-385
-399
-467
-536
-630
-601
-581
-506
-309
-97
-50
64
311
502
672
776
775
709
581
473
352
226
120
-42
-57
39
225
448
729
964
1258
1704
2103
2380
2617
2800
2767
2665
2419
2032
1439
808
230
-333
-837
-1322
-2131
-2965
-3602
-3677
-3444
-2754
-1576
-97
1325
2745
3867
4522
4918
4802
4198
3269
2439
1627
759
19
-474
-808
-850
-882
-920
-883
-652
-538
-392
-183
33
218
367
706
1069
1376
1535
1519
1289
1069
638
22
-661
-1228
-1750
-2080
-2103
-2037
-1814
-1570
-1302
-1139
-956
-807
-805
-901
-987
-1186
-1369
-1462
-1499
-1627
-1646
-1687
-1679
-1617
-1562
-1560
-1594
-1437
-1249
-1117
-1023
-855
-668
-434
-140
128
199
198
158
25
-158
-356
-584
-800
-887
-805
-750
-648
-428
-119
253
511
770
896
943
924
889
846
855
816
806
871
929
1027
1220
1401
1575
1546
1642
1785
1918
1946
1896
1826
1762
1683
1503
1310
1041
716
226
-109
-401
-581
-936
-1197
-1542
-1779
-1821
-1441
-947
-320
278
929
1552
2101
2387
2357
2118
1741
1420
1019
728
361
5
-338
-507
-570
-562
-501
-558
-593
-438
-55
344
652
926
1174
1310
1240
1009
628
-3
-802
-1659
-2451
-2868
-3067
-2997
-2746
-2207
-1465
-676
-51
477
918
1066
911
558
145
-335
-866
-1351
-1697
-1894
-1951
-1995
-1986
-1890
-1780
-1644
-1487
-1154
-716
-246
182
588
941
1266
1426
1356
1137
839
355
-241
-762
-1146
-1370
-1413
-1360
-1231
-933
-559
-172
251
681
980
1101
1218
1255
1197
1033
788
575
393
310
311
309
248
235
251
281
468
730
870
949
1057
1165
1216
1123
864
630
477
288
126
33
80
52
-103
-271
-403
-438
-607
-746
-713
-388
-25
496
1090
1652
2103
2319
2321
2257
2008
1511
851
306
-77
-318
-444
-465
-375
-75
275
556
860
1037
1025
909
790
673
448
73
-331
-714
-1018
-1262
-1462
-1561
-1594
-1678
-1721
-1725
-1523
-1285
-1183
-1124
-1120
-1094
-1012
-856
-768
-821
-891
-943
-1070
-1252
-1366
-1535
-1568
-1469
-1299
-1144
-921
-727
-549
-317
-130
107
307
459
418
317
296
259
177
92
35
53
79
202
372
499
614
654
643
668
670
636
513
385
348
339
427
523
658
709
664
705
782
882
778
701
584
522
341
223
72
-83
-184
-242
-194
-153
-56
58
106
145
231
319
335
226
110
-136
-251
-341
-278
-172
-38
126
291
589
1003
1284
1514
1647
1687
1569
1314
1004
603
297
120
-4
28
157
329
460
555
650
627
519
270
37
-179
-283
-253
-250
-208
-224
-246
-336
-361
-417
-468
-522
-744
-858
-904
-918
-920
-918
-946
-926
-908
-878
-825
-859
-882
-993
-1063
-1088
-1095
-1149
-1129
-1045
-1005
-901
-803
-699
-658
-732
-836
-875
-772
-673
-527
-387
-170
22
148
213
233
234
317
302
220
199
109
27
-14
-13
33
56
48
44
84
214
338
510
712
896
1059
1074
1051
1123
1070
895
730
587
402
301
72
-112
-134
-76
11
163
368
586
762
903
1015
1107
993
739
389
124
0
-94
-61
62
319
507
654
791
966
941
850
757
725
699
698
622
574
510
414
292
149
75
-26
-221
-362
-404
-366
-256
-149
-26
77
109
73
-37
-197
-413
-652
-897
-1022
-1095
-1089
-1074
-988
-827
-731
-706
-676
-651
-662
-719
-804
-875
-952
-957
-941
-854
-785
-735
-790
-775
-722
-668
-730
-841
-934
-904
-826
-755
-564
-359
-134
65
281
503
737
846
806
683
611
527
439
385
337
333
268
213
208
257
156
49
-78
-81
43
154
216
343
467
535
642
780
838
734
573
356
139
-20
-76
-156
-237
-254
-85
107
249
417
549
500
479
499
549
525
440
272
125
67
73
50
6
-64
-42
25
136
306
381
485
595
713
804
844
818
712
572
465
351
237
139
32
-75
-126
-186
-139
-59
37
186
294
361
378
322
256
157
10
-145
-309
-483
-651
-754
-865
-977
-1023
-1097
-1145
-1157
-1131
-1039
-931
-781
-624
-449
-310
-201
-135
-123
-154
-233
-349
-485
-659
-775
-808
-857
-911
-924
-843
-763
-570
-383
-190
38
227
356
472
649
729
763
760
692
558
379
195
54
-47
-124
-156
-213
-108
-7
52
140
152
189
134
107
135
153
174
131
108
151
223
342
423
428
463
419
410
403
448
489
443
390
356
454
520
523
469
483
476
478
499
414
344
263
173
28
-47
-109
-214
-260
-294
-241
-216
-176
-124
-42
66
118
171
219
225
197
154
120
133
146
201
321
386
495
610
575
518
465
315
122
-65
-233
-391
-471
-468
-462
-395
-383
-427
-565
-663
-718
-799
-803
-726
-712
-627
-424
-190
42
170
191
140
41
-47
-261
-550
-710
-932
-1064
-1056
-890
-697
-564
-501
-339
-204
-101
-11
-53
-73
-65
-41
-51
-6
106
115
104
151
195
227
193
138
70
43
11
-9
60
122
128
127
136
83
-28
-173
-314
-331
-285
-178
-48
58
277
400
482
517
558
558
511
487
518
606
658
698
711
676
668
669
683
613
494
326
219
126
44
-20
-109
-149
-113
-38
97
265
314
353
378
395
408
375
285
169
65
29
3
63
79
98
175
201
275
318
440
480
437
451
434
375
243
59
-182
-405
-611
-779
-975
-1089
-1146
-1169
-1104
-976
-862
-719
-646
-563
-451
-356
-296
-296
-290
-356
-398
-421
-439
-454
-532
-616
-712
-778
-782
-744
-699
-645
-512
-368
-256
-57
160
273
386
431
455
425
349
289
176
52
-56
-102
-29
37
177
313
446
581
661
681
632
543
373
178
96
20
-33
22
24
99
204
240
272
277
272
202
130
95
131
232
422
574
731
883
967
981
912
811
608
323
39
-172
-385
-585
-732
-800
-767
-660
-517
-344
-221
-80
-51
37
167
251
312
297
285
250
223
174
88
44
48
8
16
46
93
167
218
317
367
407
418
406
371
289
152
6
-180
-330
-500
-650
-747
-789
-748
-699
-578
-466
-272
-136
73
225
332
365
246
182
67
-55
-230
-388
-558
-696
-709
-749
-750
-681
-596
-515
-365
-248
-81
23
79
131
105
199
233
226
189
120
44
-30
-75
-96
-159
-193
-243
-239
-238
-234
-145
-95
-58
-17
0
14
15
-4
-87
-205
-273
-282
-288
-325
-324
-283
-178
-23
130
267
436
610
723
875
954
1012
982
895
827
665
531
338
191
43
-98
-131
-73
23
103
147
204
316
382
395
420
435
415
365
289
256
245
158
45
-41
-130
-149
-193
-184
-175
-132
-51
7
69
160
238
271
310
324
259
189
58
-148
-427
-694
-913
-1079
-1152
-1239
-1249
-1080
-829
-511
-188
89
280
386
468
528
551
488
336
142
-76
-289
-503
-619
-661
-650
-599
-525
-366
-181
-35
57
118
179
210
219
205
179
144
99
66
37
9
-81
-137
-133
-146
-185
-162
-67
5
92
163
195
232
225
182
93
10
-86
-164
-271
-349
-409
-420
-440
-414
-286
-139
-11
102
274
467
630
755
811
841
863
820
710
566
397
218
53
-133
-235
-320
-395
-355
-267
-146
-1
122
166
169
187
161
75
-29
-128
-188
-179
-227
-212
-169
-161
-148
-108
-63
6
63
147
247
309
401
435
460
476
455
375
271
175
3
-196
-343
-431
-423
-405
-354
-275
-150
14
179
310
476
624
652
623
600
533
387
168
-100
-363
-561
-752
-883
-842
-758
-641
-502
-361
-178
-61
-41
-97
-118
-124
-169
-182
-216
-210
-226
-273
-283
-297
-296
-364
-383
-437
-523
-538
-543
-508
-408
-240
-44
168
399
604
658
657
635
510
343
179
29
-109
-168
-160
-92
10
110
214
325
474
524
550
553
454
412
342
308
259
251
275
293
379
413
367
277
202
48
-88
-161
-180
-193
-195
-167
-122
-115
-117
-167
-199
-243
-296
-325
-347
-298
-320
-303
-222
-147
-39
32
95
91
130
145
102
73
19
-71
-125
-161
-208
-265
-285
-272
-251
-185
-146
-48
81
187
260
303
308
344
354
341
316
287
226
128
-1
-144
-284
-341
-332
-349
-316
-292
-257
-183
-104
-20
14
101
107
61
46
5
-6
9
12
-3
3
-12
-41
-103
-88
-103
-128
-185
-164
-191
-159
-135
-105
-35
9
90
125
154
132
153
150
115
110
114
14
10
62
113
155
149
148
146
155
133
128
136
132
117
185
265
301
365
384
386
334
269
165
48
-73
-171
-261
-314
-300
-268
-228
-214
-170
-108
-60
-80
-75
-91
-101
-99
-116
-83
-23
4
-7
-4
-46
-93
-136
-192
-220
-195
-198
-137
-69
30
141
229
324
280
221
155
83
22
-15
-85
-126
-102
-141
-158
-134
-123
-124
-114
-41
13
46
91
142
196
171
119
24
-69
-138
-240
-366
-421
-488
-540
-558
-501
-417
-305
-213
-98
59
192
312
346
375
350
296
235
217
213
197
201
208
209
221
250
204
172
140
75
16
39
77
136
215
311
378
391
353
273
168
4
-94
-212
-239
-195
-159
-106
-53
30
111
192
242
229
177
147
85
7
-53
-72
-158
-267
-246
-244
-234
-204
-193
-178
-144
-144
-155
-158
-205
-235
-229
-241
-266
-255
-257
-261
-311
-301
-343
-362
-366
-365
-324
-291
-170
-13
134
265
361
458
543
546
560
489
422
358
253
159
45
-19
-95
-170
-208
-201
-150
-94
1
85
207
312
400
479
527
547
525
441
397
305
152
22
-142
-266
-361
-460
-546
-563
-525
-499
-441
-361
-295
-202
-119
-14
79
109
142
117
70
61
38
-29
-72
-97
-138
-168
-184
-168
-149
-157
-149
-89
-14
45
136
258
341
416
438
375
342
269
175
62
-92
-216
-337
-410
-455
-437
-399
-294
-149
26
132
186
271
303
307
280
251
250
207
144
116
76
91
85
44
19
-13
-56
-91
-134
-132
-147
-132
-147
-151
-110
-79
-75
-65
3
41
67
124
174
164
210
241
234
279
287
258
209
112
52
-25
-143
-231
-314
-391
-453
-480
-458
-422
-313
-237
-149
-52
63
149
178
195
172
124
70
22
-19
-56
-99
-130
-185
-201
-198
-194
-199
-184
-180
-147
-110
-66
28
106
193
244
313
362
392
360
296
200
105
60
-5
-53
-48
-79
-59
-22
57
141
191
257
312
343
376
395
420
403
394
399
360
303
182
28
-84
-165
-231
-328
-407
-445
-410
-399
-332
-254
-207
-117
-49
30
85
62
10
-24
-96
-158
-196
-202
-206
-205
-225
-269
-279
-251
-281
-301
-315
-310
-265
-224
-131
-91
-12
46
98
133
149
137
155
140
122
131
100
66
32
32
9
14
52
83
92
127
129
116
79
31
-4
-62
-122
-135
-147
-146
-80
-47
43
149
253
310
339
319
264
218
143
103
48
49
50
6
45
80
58
49
6
-14
-16
-48
-44
-35
-32
8
11
17
-19
-57
-86
-131
-144
-164
-194
-195
-146
-72
26
92
158
238
322
366
323
333
293
218
162
75
-20
-46
-86
-122
-157
-213
-236
-241
-217
-173
-192
-180
-142
-137
-69
-24
7
49
74
64
17
-45
-117
-155
-157
-164
-152
-139
-88
-56
-52
-5
-17
-36
-46
-46
-13
3
64
127
183
219
291
325
264
199
56
-87
-218
-332
-405
-432
-385
-293
-153
-24
107
178
201
188
158
122
70
17
-92
-137
-186
-204
-173
-145
-84
-71
1
62
103
142
129
111
96
106
148
191
180
172
176
185
161
164
142
120
120
97
63
25
32
-8
-57
-71
-109
-152
-187
-246
-302
-345
-328
-295
-221
-109
-17
102
226
324
390
420
426
404
377
365
335
309
277
197
157
130
108
91
75
8
-48
-107
-134
-134
-144
-137
-110
-65
-19
12
16
-9
-78
-117
-144
-172
-206
-245
-258
-259
-265
-281
-293
-329
-329
-320
-354
-344
-285
-260
-247
-212
-144
-20
22
30
30
13
-48
-109
-187
-266
-311
-315
-211
-139
-37
101
245
355
418
455
475
428
339
257
192
180
171
193
211
210
194
186
168
134
97
61
24
-9
-20
-21
-23
-24
-50
-62
-53
-46
24
46
52
88
134
122
161
176
138
141
119
114
106
66
-8
-57
-105
-142
-165
-186
-177
-164
-137
-100
-23
22
41
72
93
92
87
91
62
57
7
-40
-61
-67
-42
-5
6
40
95
88
64
32
34
-40
-82
-107
-165
-187
-199
-196
-162
-133
-109
-93
-82
-62
-36
-62
-64
-62
-117
-165
-202
-219
-234
-209
-195
-164
-119
-66
-26
2
50
84
80
89
85
67
35
-28
-103
-105
-84
-135
-152
-138
-114
-92
-42
24
72
112
191
226
252
270
234
240
199
197
157
90
67
-5
-14
-62
-38
-15
13
65
68
83
60
11
-35
-18
-31
-36
-21
28
80
147
199
225
235
202
197
168
84
41
-3
-47
-41
-23
0
39
67
57
85
74
56
54
46
46
39
40
52
76
70
94
106
102
102
95
41
3
-25
-48
-79
-92
-66
-90
-114
-100
-109
-167
-221
-265
-303
-323
-327
-269
-243
-178
-105
-86
-50
-51
-25
-37
-59
-80
-157
-190
-176
-172
-187
-167
-168
-165
-152
-173
-192
-172
-139
-79
-29
51
103
142
195
224
239
191
120
47
18
-26
-33
-13
31
90
130
148
169
210
230
267
274
276
280
338
336
310
284
265
230
165
111
51
-9
-40
-52
-63
-53
-92
-120
-89
-44
-56
-27
-1
-25
-40
-39
-16
-15
8
-13
-18
-4
-26
-35
-4
28
11
4
2
-22
-73
-99
-133
-144
-171
-196
-186
-171
-172
-180
-129
-116
-98
-90
-89
-81
-78
-38
4
52
102
133
147
147
114
67
-7
-77
-157
-238
-275
-306
-266
-224
-175
-93
2
70
126
162
186
183
191
183
174
200
166
172
133
98
88
38
35
4
-57
-84
-99
-140
-126
-87
-29
38
122
156
181
190
135
65
38
-30
-104
-148
-164
-137
-138
-152
-156
-127
-111
-92
-79
-60
-18
18
19
-13
-20
-20
-19
-21
-4
21
-6
1
-19
-48
-29
-11
33
46
46
35
52
82
101
107
92
95
114
106
124
146
171
191
221
241
252
213
168
163
132
113
81
52
35
51
34
24
37
25
28
-14
-46
-74
-130
-180
-162
-128
-133
-92
-31
-2
19
49
28
-44
-116
-135
-195
-215
-224
-251
-304
-327
-322
-319
-280
-211
-121
-49
4
36
63
71
102
86
62
25
11
37
11
47
73
45
48
34
15
-33
-48
-85
-83
-72
-45
-35
-2
46
73
91
93
106
99
79
71
47
17
18
-4
7
39
31
39
79
85
99
117
131
113
83
77
58
8
4
42
69
63
28
32
23
7
5
-22
-36
-33
-62
-100
-117
-113
-92
-76
-40
-9
-18
-38
-38
-36
-41
-60
-44
-67
-77
-76
-54
-55
10
116
142
163
151
167
93
69
28
19
15
-9
30
49
73
78
100
124
113
102
87
77
120
153
193
206
189
150
140
87
53
-2
-49
-109
-175
-177
-184
-158
-132
-98
-72
-69
-50
-46
-61
-72
-79
-128
-158
-151
-163
-169
-156
-124
-103
-100
-81
-87
-136
-183
-196
-199
-237
-244
-217
-203
-203
-196
-134
-86
-31
9
4
0
-5
-6
-2
11
49
81
88
134
149
153
177
177
170
153
119
91
83
94
128
157
231
268
300
310
274
274
245
195
165
156
142
105
85
60
28
-6
0
-13
-16
-25
-29
-7
1
-7
19
18
-20
25
31
21
-3
-70
-109
-144
-171
-196
-204
-222
-233
-203
-204
-215
-182
-178
-191
-201
-257
-256
-242
-239
-178
-120
-94
-104
-78
-53
-67
-71
-72
-85
-63
-6
15
20
43
81
112
106
127
138
98
49
17
42
71
74
102
142
197
228
260
321
345
339
307
279
206
132
52
4
-8
-5
0
13
66
72
71
91
103
100
89
93
83
51
41
23
-10
-24
-35
-56
-84
-94
-112
-110
-130
-139
-161
-150
-117
-117
-76
-25
-2
-7
13
10
0
10
4
-35
-64
-37
-47
-56
-78
-54
-65
-107
-122
-135
-140
-141
-134
-106
-103
-87
-51
-35
-17
10
-12
-21
-20
-28
9
20
16
16
39
90
118
138
122
87
55
17
-12
-44
-68
-75
-70
-45
-18
12
39
63
74
88
101
52
19
3
-21
-37
-16
15
58
95
100
99
86
81
73
44
24
1
-36
-92
-138
-155
-173
-152
-163
-126
-95
-105
-95
-79
-69
-71
-63
-80
-68
-39
-14
-3
24
39
31
27
13
-15
-11
14
13
-3
2
27
34
55
102
132
161
173
201
228
214
212
183
135
84
80
51
50
65
84
85
89
143
144
155
193
181
179
152
121
104
99
104
90
65
25
41
22
15
-9
-60
-66
-89
-110
-158
-206
-244
-229
-250
-248
-257
-257
-287
-263
-246
-234
-210
-182
-149
-150
-128
-117
-83
-65
-65
-101
-89
-95
-79
-59
-85
-83
-113
-174
-219
-231
-210
-158
-104
-25
1
45
100
150
206
234
252
216
223
219
166
136
97
78
58
27
28
38
53
84
116
120
113
136
94
54
43
33
40
16
16
32
28
19
20
-3
17
-12
-55
-64
-112
-111
-117
-124
-145
-133
-139
-122
-92
-64
-17
-9
47
59
86
103
77
68
67
64
55
73
69
42
46
54
53
48
54
54
51
73
64
113
142
193
232
224
223
226
210
217
239
222
191
151
124
68
39
25
18
-3
-46
-42
-81
-93
-115
-104
-96
-93
-65
-61
-48
-61
-68
-84
-81
-117
-143
-146
-171
-203
-226
-237
-261
-270
-259
-257
-233
-203
-177
-141
-107
-66
-23
17
38
34
43
52
31
10
9
-22
-16
-32
-59
-48
-64
-69
-66
-74
-63
-44
-19
-7
-9
25
39
51
56
81
83
81
85
63
64
45
51
60
73
68
89
105
110
64
36
34
7
0
-10
-5
0
12
67
134
153
148
172
169
137
128
101
70
42
10
-12
-29
-25
-22
-38
-7
-24
-52
-72
-91
-84
-105
-89
-65
-45
-17
3
19
33
42
5
-11
-1
-57
-71
-114
-141
-152
-181
-171
-191
-167
-143
-164
-132
-102
-38
-7
33
52
55
89
117
131
156
149
124
103
77
21
-50
-76
-105
-122
-132
-133
-125
-87
-45
7
58
107
156
186
221
224
229
227
235
243
207
176
150
111
77
69
18
-27
-60
-58
-51
-16
42
88
134
135
121
115
70
44
15
-20
-48
-80
-116
-158
-166
-183
-162
-147
-151
-144
-139
-162
-172
-157
-110
-56
-67
-68
-43
-20
9
2
-1
-6
-27
-53
-40
-4
0
17
43
45
57
79
56
92
89
72
57
52
62
54
74
80
92
107
94
86
90
84
80
79
91
72
68
73
44
28
6
-32
-63
-104
-137
-183
-243
-286
-317
-350
-365
-328
-309
-259
-213
-179
-133
-92
-86
-44
-52
-107
-117
-116
-136
-128
-131
-126
-112
-121
-106
-110
-70
-14
41
89
131
160
206
196
213
246
258
268
244
243
236
226
201
184
164
167
148
145
165
165
180
233
276
277
296
286
259
253
227
196
152
84
41
6
-62
-102
-125
-126
-108
-101
-95
-85
-66
-84
-66
-56
-57
-35
-4
3
4
-42
-88
-92
-121
-136
-132
-132
-162
-163
-185
-198
-166
-155
-130
-116
-71
-17
-4
43
58
62
55
-19
-31
-41
-85
-86
-59
-61
-67
-29
-4
11
23
46
40
29
-1
-8
-17
-26
-40
-26
-31
-47
-67
-86
-65
-77
-52
-37
-66
-77
-71
-34
-27
-24
16
13
30
13
0
-28
-34
-47
-49
-23
-50
-21
-22
-6
6
14
41
66
98
107
94
93
78
47
27
6
-3
-25
-52
-51
-45
-40
-9
12
22
35
51
60
57
52
60
35
13
2
-61
-69
-84
-85
-51
-52
-26
-8
-15
4
15
31
63
78
104
124
124
130
119
136
106
91
87
94
99
92
71
50
23
19
35
12
24
13
-8
-2
5
23
27
49
79
71
92
106
94
93
69
69
80
78
83
68
62
53
31
24
10
-7
4
-5
-52
-71
-119
-169
-192
-199
-191
-182
-181
-168
-171
-171
-156
-168
-172
-146
-141
-150
-142
-165
-162
-144
-132
-115
-122
-95
-103
-117
-103
-93
-66
-20
-3
23
50
72
86
92
111
98
46
52
53
67
90
94
91
85
102
85
131
144
159
141
134
160
147
155
158
172
175
153
146
142
156
129
123
118
89
67
22
-2
-17
-34
-50
-25
-13
-9
-15
-2
5
-3
-1
-3
-18
-27
-55
-74
-87
-131
-167
-172
-146
-140
-121
-102
-104
-100
-94
-90
-100
-104
-113
-97
-76
-55
-41
-39
-45
-29
-22
-11
-1
-41
-33
-30
-45
-39
-37
-11
9
12
19
10
15
-4
-19
-35
-39
-26
-29
-18
-14
-34
-19
-5
-6
-25
-54
-64
-75
-78
-86
-69
-60
-32
-24
-26
-13
-4
28
32
45
71
69
53
67
79
67
50
44
87
70
73
73
68
60
44
40
52
45
49
56
72
63
61
88
95
107
104
104
126
142
161
172
149
141
110
103
77
64
26
23
5
-14
-14
-33
-31
-2
1
52
53
51
71
89
93
52
47
13
0
-3
-13
-24
-12
-34
-41
-37
-31
-35
-50
-59
-73
-93
-111
-112
-108
-105
-129
-133
-124
-101
-90
-116
-118
-144
-180
-172
-145
-131
-121
-83
-58
-60
-81
-48
-29
-28
10
3
-4
-3
-21
-12
-27
-51
-54
-86
-84
-102
-87
-60
-58
-56
-71
-60
-55
-50
-17
-4
-11
17
44
48
71
78
61
62
70
76
49
59
72
73
68
51
76
77
91
83
84
105
114
120
122
138
121
102
86
81
85
69
63
102
131
115
115
92
72
69
75
61
49
52
22
10
3
-48
-32
-38
-58
-32
-25
-23
-42
-39
-40
-36
-36
-38
-52
-54
-60
-99
-118
-118
-163
-181
-170
-148
-118
-82
-44
-38
1
43
24
15
33
14
-4
1
-3
-16
-27
-43
-47
-44
-44
-46
-45
-31
-18
-1
43
57
31
27
-23
-12
-15
4
42
53
67
67
70
62
25
11
-14
-12
-6
-39
-22
-25
-8
-16
0
16
1
37
42
44
13
8
-10
-28
-13
-25
-28
-45
-40
-24
-4
5
5
26
39
65
71
66
82
64
81
127
114
110
114
82
55
8
3
-18
-41
-42
-47
-44
-52
-20
7
20
6
25
36
26
18
-26
-38
-72
-48
-35
-50
-38
-49
-42
-29
-6
6
35
38
53
29
1
-14
-33
-45
-41
-49
-68
-46
-48
-47
-58
-82
-108
-97
-88
-72
-58
-34
-37
-27
-47
-72
-68
-53
-54
-67
-68
-67
-68
-75
-52
-44
-40
-47
-42
-9
-10
6
4
28
63
73
90
82
80
73
56
33
47
31
50
41
32
43
38
62
48
62
98
129
131
175
189
175
157
136
166
148
144
137
135
135
107
80
57
37
27
4
-21
-23
-33
-60
-66
-73
-75
-72
-51
-53
-65
-53
-65
-52
-83
-87
-95
-94
-98
-102
-77
-52
-26
-22
-8
-8
-35
-53
-42
-76
-75
-60
-53
-38
-47
-26
-32
-37
-53
-65
-81
-74
-62
-79
-65
-22
-5
19
22
19
27
3
-13
-8
6
29
39
32
28
12
-1
-19
-4
6
30
50
72
70
92
100
85
58
45
30
20
28
-2
-15
-37
-66
-84
-75
-74
-63
-64
-32
-28
-29
-50
-38
-18
-23
-35
-32
-56
-48
-25
-24
-30
-46
-49
-52
-65
-41
-53
-62
-40
-50
-29
-17
0
20
36
10
46
67
85
96
99
108
88
95
88
105
114
146
134
138
144
132
140
136
149
135
116
108
83
76
70
54
73
60
21
23
18
17
22
14
0
1
2
-1
0
7
20
-5
-30
-80
-125
-132
-155
-139
-152
-127
-94
-90
-82
-64
-51
-55
-70
-95
-100
-113
-140
-124
-109
-98
-99
-112
-102
-82
-82
-60
-19
7
36
53
65
63
50
55
60
47
5
14
9
-27
-8
-30
-31
-20
-24
-39
-24
-42
-48
-29
-3
14
9
28
19
3
-4
9
16
39
72
79
46
28
-7
-12
-24
-37
-19
-30
-11
7
34
51
60
81
59
54
62
65
60
52
39
30
31
16
-4
-24
-39
-33
-35
-21
-8
-6
3
-3
-15
-30
-22
3
36
49
57
56
30
21
54
55
32
32
24
4
7
24
42
35
24
8
-28
-32
-36
-23
-29
-28
-30
-27
13
31
26
27
38
51
61
47
61
79
92
83
45
17
12
28
-1
-1
-16
-26
-28
-26
-24
-11
-7
-14
-23
-12
8
1
-11
-34
-40
-61
-43
-79
-70
-61
-86
-106
-113
-90
-70
-79
-75
-52
-45
-35
-66
-59
-69
-78
-68
-59
-50
-47
-31
-18
-22
0
2
-24
-24
-15
-26
-37
-32
-35
-29
-9
1
13
78
88
109
123
133
137
132
129
103
89
66
46
44
33
40
52
46
45
42
45
33
60
60
45
43
30
35
-1
-7
-5
20
27
37
41
28
35
15
10
17
-5
-14
-12
-21
2
-11
-28
-37
-57
-77
-90
-93
-102
-88
-77
-90
-72
-78
-95
-117
-137
-121
-119
-115
-80
-82
-78
-63
-47
-54
-49
-42
-40
-4
-9
19
26
46
35
30
10
-1
23
2
11
40
42
50
55
50
59
65
68
67
97
104
93
92
93
107
110
151
160
155
139
117
100
72
85
78
63
39
-7
-9
-8
-20
3
2
2
-18
-31
-37
-57
-58
-41
-30
-8
-1
-10
5
15
13
-20
-53
-56
-64
-73
-98
-103
-119
-113
-99
-84
-49
-38
-11
-3
2
-5
17
10
-20
-39
-38
-33
-31
-39
-55
-40
-36
-39
-35
-33
-21
-17
-11
5
13
13
16
45
52
54
36
38
28
16
33
29
7
10
11
2
11
4
9
-8
-20
-24
-62
-71
-84
-84
-76
-68
-56
-65
-43
-24
-14
-12
-15
-34
-24
-32
-18
9
-14
1
38
51
42
51
71
71
64
82
86
80
65
25
-5
-29
-53
-58
-55
-50
-19
4
38
45
60
62
45
59
45
35
21
21
48
61
57
44
57
49
38
53
42
45
54
54
63
29
31
26
20
5
14
31
46
34
27
16
8
17
-24
-12
-6
-12
-11
-27
-36
-34
-43
-45
-48
-54
-55
-23
-30
-40
-42
-30
-29
-27
-16
-10
-3
0
-9
-9
-15
-45
-46
-39
-51
-81
-90
-99
-102
-96
-99
-92
-85
-63
-35
-15
10
2
3
0
-8
10
3
21
27
20
30
22
33
36
44
42
27
55
35
17
21
21
29
17
46
68
88
92
96
98
89
65
50
35
20
-7
-43
-24
-31
-33
-44
-49
-59
-75
-107
-109
-89
-93
-75
-70
-74
-82
-77
-62
-61
-68
-45
-40
-24
-13
-13
-9
-15
-13
5
13
25
41
44
46
43
43
31
43
60
47
59
52
50
53
66
70
62
91
88
82
78
60
34
8
14
9
5
-2
26
36
44
52
49
53
44
50
27
27
38
45
61
56
48
31
1
-6
-23
-28
-33
-45
-49
-51
-48
-51
-53
-30
-13
-7
16
23
20
15
3
7
17
13
5
1
-12
-15
-29
-40
-44
-60
-82
-79
-83
-85
-86
-72
-85
-85
-75
-68
-24
-20
-8
4
-9
-32
-40
-43
-32
-23
-27
-12
-15
-6
13
25
35
29
19
-4
-19
-37
-32
-12
-16
-7
10
28
34
21
16
-2
1
-4
-5
10
-21
-34
-24
-15
-6
20
33
34
30
46
63
47
64
67
77
82
67
90
87
93
92
57
47
45
39
26
9
-8
-20
-33
-35
-37
-23
-22
-42
-32
-29
-26
-55
-50
-70
-108
-99
-81
-67
-72
-78
-74
-78
-58
-45
-26
3
8
13
6
7
4
7
18
24
19
24
28
34
45
53
50
40
61
62
67
75
80
73
52
52
27
20
19
5
-6
-21
9
26
41
62
63
40
50
41
34
34
36
50
33
27
20
34
25
25
-1
-21
-27
-61
-60
-71
-83
-82
-84
-103
-95
-81
-76
-79
-85
-55
-56
-66
-63
-72
-75
-70
-59
-46
-35
-26
-15
-30
-25
-23
-29
-23
-14
6
-5
11
21
19
23
30
37
40
52
41
42
42
41
43
39
33
28
47
47
32
48
37
31
39
51
53
35
44
44
41
50
41
47
34
21
13
-2
1
-6
-17
-13
-15
-23
-30
-21
-18
-2
-13
-26
-24
-46
-46
-54
-39
-36
-50
-31
-25
-28
-12
-14
-19
-29
-44
-43
-51
-48
-46
-48
-34
-25
-19
-12
-23
-25
-18
-10
-6
17
17
32
59
57
51
45
72
56
60
53
29
31
33
21
25
45
60
74
85
84
42
34
23
20
22
19
28
33
25
13
19
19
17
15
9
1
-8
-18
-11
-26
-35
-24
-36
-51
-56
-65
-56
-42
-42
-29
-24
-33
-37
-35
-30
-31
-22
-26
-38
-19
-9
-7
0
-10
-17
-26
-33
-34
-49
-47
-60
-57
-46
-43
-36
-22
-9
-2
-3
-12
5
3
8
12
19
37
39
42
43
33
23
10
-3
-9
-7
3
7
12
9
11
5
3
9
24
35
34
33
34
40
24
27
42
43
27
22
25
24
38
46
53
52
58
52
50
40
26
31
14
0
-6
-15
-24
-29
-29
-15
-15
-22
-26
-35
-33
-39
-46
-48
-59
-65
-68
-74
-72
-68
-58
-57
-64
-69
-68
-57
-36
-31
-38
-38
-36
-41
-52
-52
-27
-28
-13
26
26
53
46
54
52
46
62
67
76
84
90
88
96
88
91
79
82
88
68
66
58
45
29
27
33
35
42
32
26
25
10
7
-12
-32
-45
-50
-59
-64
-62
-47
-47
-57
-47
-53
-55
-56
-54
-53
-53
-55
-41
-47
-60
-62
-66
-57
-46
-39
-37
-33
-32
-31
-49
-34
-32
-20
-23
-20
-11
-17
-5
3
12
17
26
23
26
26
26
25
33
29
38
39
42
55
42
39
36
41
51
49
57
68
62
55
45
36
33
34
39
36
27
14
16
22
25
32
32
25
17
13
6
13
11
17
16
22
27
3
-3
-9
-5
-13
-19
-15
-24
-19
-20
-21
-23
-29
-28
-34
-31
-28
-39
-36
-39
-43
-38
-47
-44
-50
-37
-42
-34
-32
-35
-24
-26
-18
-11
2
5
-11
-11
0
-6
9
9
2
-3
-5
-5
-16
-6
-13
-28
-30
-27
-11
8
24
30
38
50
51
53
54
51
48
40
34
19
8
4
10
9
9
7
-9
-13
-23
-25
-32
-29
-29
-18
-28
-39
-29
-29
-26
-25
-20
-9
-12
-11
-22
-16
-7
-11
-12
-20
-13
-2
-4
-3
-11
-8
-8
-14
8
4
18
36
37
42
35
28
13
-4
-6
0
-4
0
1
9
30
29
20
16
11
-3
-1
11
18
19
6
-1
1
-4
-15
-7
-4
-12
-21
-28
-17
-12
1
9
4
7
9
18
20
37
53
37
26
24
21
26
25
14
9
16
14
11
7
-4
-4
-16
-12
0
1
-10
-4
-13
-9
-4
-9
-4
-6
-4
-4
-7
-6
-2
-4
-5
1
4
4
4
6
5
11
17
15
16
15
9
1
-2
-6
-1
11
19
22
26
19
12
10
4
-2
-8
-11
-10
-11
-17
-16
-21
-23
-26
-29
-20
-34
-42
-43
-49
-49
-58
-58
-62
-62
-49
-46
-43
-31
-24
-26
-17
-17
-13
-10
-12
-7
-14
-18
-10
-19
-11
13
13
15
17
29
25
24
27
26
28
26
26
30
33
31
29
29
23
20
23
3
18
31
37
36
34
51
57
57
59
63
54
54
42
30
29
13
7
0
-13
-12
-10
-14
-18
-21
-28
-28
-33
-36
-38
-35
-34
-31
-19
-13
-3
-8
-1
-2
-12
-18
-24
-26
-21
-14
-12
-16
-20
-23
-18
-10
-9
0
3
-9
-13
-8
-22
-16
-9
-7
-1
-2
8
6
3
1
9
14
27
16
10
13
8
16
17
12
10
7
-4
0
14
11
19
22
18
11
3
7
10
7
10
7
12
14
11
14
13
8
3
3
5
12
15
18
11
4
0
8
5
6
1
-6
-2
6
3
-8
-9
-18
-18
-21
-29
-37
-39
-37
-41
-46
-52
-52
-53
-57
-50
-43
-40
-32
-35
-31
-27
-26
-21
-23
-17
-12
-18
-10
-1
-6
4
5
10
11
18
19
30
41
44
35
39
41
33
40
41
34
29
37
37
32
26
35
35
41
53
49
52
44
49
53
46
45
44
39
34
18
12
8
-4
6
5
-2
-12
-18
-23
-23
-26
-36
-49
-54
-51
-58
-55
-51
-45
-43
-36
-26
-21
-16
-15
-20
-22
-20
-24
-22
-11
-15
-18
-26
-20
-18
-27
-23
-22
-23
-31
-28
-31
-42
-32
-16
-12
-14
-13
-7
-4
2
4
8
10
22
22
21
26
28
26
24
39
46
41
44
48
49
56
67
66
70
73
75
70
69
66
51
53
50
47
37
34
26
21
17
6
-10
-6
-2
-14
-16
-26
-34
-36
-44
-48
-57
-60
-62
-56
-57
-55
-50
-49
-58
-64
-63
-68
-63
-59
-59
-65
-59
-51
-54
-50
-38
-31
-23
-14
-13
-15
-14
-14
0
4
6
5
7
11
11
23
21
19
23
30
30
29
43
50
47
44
58
56
48
48
37
45
39
47
50
37
32
21
15
12
14
13
9
1
-4
2
-9
-10
-10
-6
-10
-12
-8
-16
-12
-15
-18
-20
-17
-18
-23
-17
-3
-1
10
9
5
-6
-12
-10
-15
-11
-6
-6
-12
-16
-14
-12
-15
-8
-6
-13
-11
-7
-10
-16
-11
-8
-4
0
10
17
11
10
12
9
17
21
18
17
18
14
8
11
15
8
11
14
14
11
11
16
20
24
21
14
19
16
13
12
5
2
5
8
-2
-10
-10
-18
-30
-22
-20
-17
-18
-26
-20
-17
-17
-11
-7
-5
-7
-9
-13
-14
-12
-14
-11
-6
-13
-17
-15
-20
-24
-28
-31
-30
-28
-13
-9
-9
-2
-12
-18
-21
-12
-8
5
6
4
0
2
0
-6
5
10
7
4
7
15
23
39
36
37
28
11
18
8
3
2
-4
-7
-1
4
7
12
20
22
16
9
8
1
8
9
4
8
4
10
13
16
16
19
20
11
7
0
0
-1
6
19
21
24
26
19
16
15
19
21
16
8
-5
-6
-18
-18
-14
-19
-21
-21
-20
-21
-16
-19
-17
-17
-17
-20
-20
-21
-20
-22
-22
-18
-14
-7
-14
-17
-7
-1
2
2
-8
-11
-13
-15
-5
0
0
-5
-2
1
3
1
2
5
11
17
14
16
11
10
10
4
6
6
-2
-3
1
-3
-4
-1
-1
-3
-2
-4
-11
-8
-9
-9
-11
-13
-12
-14
-14
-13
-13
-14
-20
-9
-8
-2
3
6
12
11
14
11
20
16
19
19
17
14
12
14
17
16
11
11
14
10
10
10
11
7
4
6
5
4
10
17
18
27
25
23
17
15
20
14
7
5
6
2
-2
-6
-3
3
4
0
1
-8
-6
-11
-15
-12
-16
-17
-26
-33
-36
-35
-32
-25
-27
-25
-22
-23
-23
-22
-27
-30
-20
-13
-14
-10
1
1
-4
2
3
5
8
5
3
1
-7
-6
-8
-8
-6
3
16
19
25
31
35
38
46
40
36
34
36
39
35
38
29
26
18
22
19
12
11
7
-4
-5
-13
-18
-21
-26
-25
-26
-31
-34
-26
-18
-21
-29
-27
-21
-27
-27
-19
-14
-14
-11
-8
-14
-12
-13
-16
-16
-18
-15
-11
-6
-4
-16
-13
-16
-20
-13
-5
-5
-9
-5
-6
-4
-2
1
3
12
16
23
33
29
29
26
14
13
16
17
19
18
22
18
18
17
11
11
12
7
6
3
-1
4
6
5
6
3
2
1
-3
-2
-9
-12
-12
-11
-5
-5
0
4
3
-2
2
4
-5
-2
-7
-4
-2
-4
1
-4
-7
-8
-10
-8
-9
-11
-9
-11
-12
-2
3
7
7
11
11
4
8
12
10
12
8
3
4
2
6
7
14
22
23
20
20
22
19
13
2
9
5
-1
5
0
2
5
4
2
0
0
-6
-9
-6
-2
-3
-1
5
6
0
5
5
10
12
11
3
-7
-9
-15
-20
-18
-19
-11
-10
-12
-10
-15
-15
-21
-24
-22
-19
-18
-15
-17
-12
-4
-1
-6
-5
-7
-12
-17
-18
-14
-15
-19
-16
-13
-18
-23
-28
-23
-22
-16
-13
-6
-1
2
6
5
1
-2
4
5
4
-3
-4
-4
-6
2
5
10
10
10
13
12
6
10
14
15
22
21
18
12
12
13
11
13
14
20
21
19
13
14
13
12
13
19
26
32
30
27
22
17
22
14
9
13
10
9
3
2
-1
-2
-5
-9
-7
-10
-18
-24
-20
-23
-34
-32
-25
-22
-14
-12
-13
-6
-7
-2
2
6
6
7
5
2
5
3
8
13
24
29
25
25
14
8
9
8
5
8
9
11
13
11
7
6
0
-8
-6
-12
-18
-23
-24
-22
-19
-15
-17
-18
-22
-25
-23
-24
-20
-11
-10
-6
-9
-11
-5
3
-3
-1
8
0
-5
-5
-9
-11
-6
-7
-12
-20
-18
-18
-8
-5
-3
-5
-5
-8
-7
-4
-5
-7
1
4
5
9
5
10
5
6
14
12
15
10
7
10
6
9
9
11
14
19
20
12
8
2
3
2
0
-5
-9
-9
-9
0
-1
-4
-6
2
3
9
13
13
13
12
11
10
19
17
22
21
17
17
19
16
19
18
15
8
13
10
5
6
-2
-2
-3
4
-1
-7
2
-2
-9
-14
-22
-23
-25
-20
-18
-21
-14
-17
-27
-26
-23
-18
-17
-8
-6
-6
-7
-2
-3
-4
3
-9
-8
1
-1
2
-1
1
0
-7
-11
-9
-9
-9
-5
-7
-4
-1
4
6
3
11
16
19
26
25
22
20
14
14
12
10
9
13
13
9
4
3
0
-3
0
-3
-1
2
2
3
1
2
6
2
7
1
0
8
6
7
