14
11
9
6
1
0
-1
-2
-5
-8
-12
-13
-13
-12
-13
-12
-13
-13
-16
-17
-16
-16
-13
-12
-12
-15
-10
-14
-13
-9
-10
-6
-5
-5
-3
2
7
8
12
15
19
20
22
21
23
18
17
16
13
13
17
20
24
30
29
37
37
39
39
39
40
43
50
55
57
56
60
56
52
50
43
36
31
22
10
3
-5
-9
-13
-12
-13
-15
-16
-22
-28
-32
-33
-40
-43
-51
-65
-72
-80
-88
-91
-93
-96
-95
-93
-97
-95
-100
-102
-101
-108
-106
-105
-101
-97
-91
-82
-76
-63
-58
-48
-40
-33
-28
-20
-18
-9
-4
2
10
16
23
21
25
27
31
36
43
54
58
66
70
79
87
92
101
114
122
128
132
132
135
138
143
147
151
152
154
150
148
146
143
140
128
120
113
104
93
83
68
56
40
25
11
-2
-7
-18
-25
-37
-50
-62
-73
-83
-88
-97
-108
-114
-123
-134
-143
-152
-158
-156
-157
-159
-153
-155
-152
-147
-148
-146
-148
-149
-157
-160
-163
-165
-167
-163
-162
-158
-152
-150
-141
-134
-119
-106
-87
-65
-51
-36
-19
3
22
45
68
92
113
136
160
179
196
210
227
246
264
282
297
309
327
334
341
342
343
334
320
312
296
285
271
258
245
226
208
187
167
143
117
93
61
26
-4
-31
-63
-91
-121
-150
-175
-204
-225
-247
-266
-289
-313
-339
-361
-380
-394
-410
-432
-441
-451
-451
-450
-449
-437
-426
-421
-409
-399
-389
-369
-347
-326
-309
-289
-266
-246
-227
-206
-192
-176
-157
-143
-122
-108
-85
-67
-43
-7
25
57
99
138
180
223
265
324
373
425
478
525
575
622
664
712
759
807
840
858
874
880
872
866
851
834
808
781
766
733
713
678
630
586
537
485
425
362
297
227
155
80
-3
-84
-161
-239
-313
-388
-466
-532
-609
-672
-747
-823
-891
-957
-1005
-1045
-1070
-1098
-1115
-1125
-1140
-1147
-1139
-1114
-1080
-1044
-1005
-955
-908
-854
-798
-759
-730
-702
-698
-694
-691
-661
-602
-527
-450
-407
-380
-366
-342
-294
-253
-188
-109
-37
56
174
308
432
556
664
769
871
969
1080
1194
1296
1377
1441
1482
1522
1542
1552
1555
1541
1530
1508
1479
1444
1404
1351
1298
1246
1180
1122
1046
972
889
790
679
579
471
356
248
144
40
-72
-171
-272
-377
-482
-577
-660
-719
-799
-872
-941
-1010
-1090
-1142
-1170
-1171
-1155
-1128
-1107
-1063
-1017
-997
-951
-910
-870
-816
-773
-735
-669
-603
-538
-475
-432
-400
-393
-403
-435
-478
-566
-690
-839
-969
-1039
-1082
-1097
-1104
-1122
-1101
-1101
-1101
-1115
-1142
-1129
-1080
-1036
-976
-887
-764
-590
-455
-288
-148
15
200
378
556
719
912
1086
1221
1319
1404
1473
1547
1557
1546
1564
1589
1637
1680
1709
1721
1744
1738
1730
1710
1691
1695
1689
1690
1697
1691
1683
1632
1575
1521
1462
1390
1279
1155
1022
902
784
659
530
388
235
70
-88
-196
-300
-381
-449
-494
-522
-532
-552
-575
-590
-616
-654
-696
-735
-785
-822
-845
-861
-921
-991
-1076
-1164
-1240
-1320
-1398
-1483
-1566
-1632
-1686
-1750
-1821
-1911
-2002
-2103
-2192
-2277
-2339
-2357
-2366
-2374
-2406
-2415
-2368
-2304
-2243
-2178
-2130
-2048
-1927
-1771
-1593
-1418
-1219
-1014
-803
-573
-301
-38
232
492
745
1023
1294
1579
1841
2088
2288
2468
2608
2759
2893
2999
3095
3189
3277
3320
3345
3339
3315
3276
3226
3184
3135
3092
3044
2993
2922
2800
2649
2482
2276
2081
1884
1664
1410
1194
984
775
554
314
73
-200
-437
-651
-838
-1018
-1197
-1404
-1591
-1739
-1914
-2074
-2211
-2356
-2480
-2576
-2666
-2745
-2802
-2833
-2851
-2875
-2886
-2870
-2819
-2778
-2708
-2638
-2582
-2543
-2553
-2635
-2741
-2796
-2794
-2720
-2625
-2485
-2314
-2122
-1992
-1918
-1806
-1657
-1461
-1280
-1109
-914
-654
-341
-9
256
524
820
1193
1548
1850
2156
2472
2796
3024
3171
3296
3478
3593
3632
3594
3525
3486
3414
3330
3229
3142
3109
3025
2926
2801
2651
2536
2437
2354
2237
2128
1999
1906
1776
1620
1458
1259
1064
834
595
370
161
-44
-249
-444
-619
-815
-1026
-1251
-1443
-1605
-1743
-1897
-2033
-2135
-2240
-2344
-2424
-2453
-2489
-2520
-2562
-2575
-2571
-2577
-2565
-2557
-2523
-2473
-2407
-2340
-2264
-2219
-2177
-2113
-2081
-2044
-2001
-1916
-1794
-1687
-1562
-1500
-1467
-1410
-1345
-1296
-1270
-1310
-1349
-1318
-1153
-846
-560
-436
-425
-419
-326
-107
81
168
242
345
522
752
996
1248
1445
1617
1752
1930
2160
2459
2707
2856
2893
2955
3102
3228
3306
3276
3202
3212
3250
3193
3110
3039
2975
2931
2832
2723
2614
2529
2433
2316
2225
2122
1960
1769
1615
1441
1241
1042
842
677
474
305
200
0
-230
-463
-666
-841
-1011
-1229
-1444
-1640
-1824
-1969
-2102
-2248
-2411
-2565
-2662
-2745
-2794
-2897
-3018
-3082
-3127
-3161
-3142
-3109
-3069
-3031
-3003
-2939
-2867
-2804
-2724
-2636
-2549
-2398
-2269
-2147
-2140
-2218
-2363
-2569
-2633
-2464
-2098
-1635
-1385
-1362
-1472
-1502
-1248
-906
-639
-524
-422
-203
161
591
1033
1405
1644
1776
1969
2265
2740
3227
3528
3655
3684
3845
4131
4394
4437
4280
4154
4075
3993
3860
3727
3609
3512
3367
3150
2989
2872
2778
2674
2526
2386
2219
2020
1794
1599
1405
1180
923
629
388
161
-70
-294
-616
-950
-1208
-1408
-1548
-1742
-1993
-2251
-2431
-2534
-2625
-2705
-2790
-2894
-3023
-3105
-3100
-3044
-3084
-3143
-3157
-3157
-3120
-3080
-3090
-3075
-3046
-2986
-2876
-2738
-2631
-2527
-2435
-2299
-2142
-1985
-1769
-1576
-1404
-1207
-1000
-830
-663
-515
-381
-167
51
201
302
315
275
202
175
299
501
665
763
767
784
785
841
837
831
887
968
1109
1295
1476
1691
1889
2033
2201
2318
2455
2646
2832
2973
3126
3281
3464
3580
3599
3548
3426
3272
3086
2886
2695
2591
2501
2496
2430
2216
2020
1779
1578
1413
1255
1074
879
678
534
399
314
180
-62
-254
-451
-608
-759
-978
-1222
-1459
-1618
-1711
-1834
-2028
-2244
-2538
-2836
-3035
-3210
-3339
-3449
-3506
-3536
-3565
-3590
-3619
-3632
-3628
-3564
-3454
-3266
-3118
-2986
-2772
-2561
-2303
-2036
-1835
-1668
-1552
-1416
-1279
-1143
-957
-785
-620
-403
-158
0
141
113
-37
-297
-473
-277
329
963
1176
969
686
693
1024
1358
1456
1375
1269
1318
1504
1802
2179
2487
2603
2543
2414
2608
3113
3593
3720
3530
3345
3525
3858
3956
3774
3423
3208
3141
3030
2798
2435
2176
1993
1814
1660
1436
1245
1119
1002
813
613
364
81
-178
-400
-540
-688
-869
-1130
-1370
-1504
-1644
-1857
-2203
-2535
-2695
-2779
-2830
-2918
-3027
-3200
-3316
-3333
-3284
-3217
-3212
-3307
-3385
-3307
-3149
-2935
-2822
-2831
-2823
-2670
-2424
-2197
-2024
-1909
-1791
-1610
-1346
-1031
-735
-519
-339
-103
175
430
594
726
881
1051
1251
1445
1605
1733
1789
1808
1731
1561
1248
900
677
847
1274
1553
1481
1093
704
594
747
867
801
555
533
703
980
1294
1397
1405
1389
1337
1466
1719
2071
2325
2303
2065
1973
2136
2439
2557
2290
1961
1816
1808
1738
1492
1222
1110
1070
1065
936
735
538
440
397
329
214
24
-146
-261
-319
-342
-481
-637
-793
-881
-919
-987
-1174
-1436
-1639
-1770
-1768
-1813
-1951
-2192
-2360
-2460
-2558
-2601
-2671
-2711
-2752
-2795
-2708
-2575
-2476
-2470
-2409
-2258
-2034
-1782
-1596
-1442
-1358
-1235
-1081
-886
-663
-450
-279
-167
-50
116
289
445
621
757
927
1006
998
975
876
805
698
371
12
-199
47
559
831
681
176
-226
-150
141
343
391
202
94
171
448
948
1265
1370
1299
1057
1169
1613
2254
2666
2626
2402
2426
2715
3022
3081
2828
2573
2434
2392
2253
2045
1850
1753
1631
1426
1233
1067
948
865
782
733
530
319
85
-83
-96
-113
-174
-374
-596
-716
-732
-854
-1122
-1476
-1802
-1994
-1927
-1910
-2047
-2269
-2519
-2683
-2763
-2765
-2776
-2866
-2977
-2948
-2733
-2459
-2352
-2443
-2498
-2357
-2067
-1787
-1612
-1553
-1464
-1300
-1025
-746
-501
-330
-246
-108
49
200
333
439
539
685
884
1064
1157
1131
1032
996
927
842
512
92
-181
-74
452
963
1029
607
144
90
439
658
582
297
139
271
510
834
1133
1185
1155
966
937
1171
1626
2004
2056
1753
1540
1727
2078
2311
2071
1760
1662
1739
1773
1599
1334
1144
1019
879
770
776
707
684
664
689
629
461
323
215
233
160
33
-134
-302
-389
-429
-385
-513
-855
-1205
-1414
-1363
-1277
-1311
-1498
-1690
-1870
-1996
-2004
-1980
-2033
-2262
-2472
-2450
-2302
-2194
-2214
-2292
-2336
-2222
-2002
-1758
-1534
-1472
-1430
-1289
-1050
-816
-615
-443
-310
-128
38
205
310
336
437
596
781
930
929
833
799
734
666
366
-134
-511
-476
46
531
599
150
-400
-562
-260
57
113
-55
-251
-214
6
332
738
959
1015
863
785
1048
1642
2323
2591
2383
2101
2194
2568
2958
2881
2511
2302
2202
2193
2106
1996
1907
1721
1432
1210
1101
1098
1141
1151
1142
1052
821
619
506
392
277
47
-149
-354
-564
-610
-644
-763
-1104
-1589
-1878
-1920
-1944
-2059
-2168
-2294
-2347
-2486
-2619
-2628
-2726
-2858
-2939
-2861
-2696
-2596
-2558
-2532
-2479
-2396
-2232
-2039
-1781
-1559
-1446
-1313
-1110
-860
-545
-320
-78
230
498
746
852
940
1045
1146
1298
1451
1517
1540
1597
1631
1596
1487
1258
917
505
235
323
743
1054
863
323
-144
-148
153
305
229
-15
-86
-35
26
216
401
601
704
601
464
606
1161
1703
1800
1516
1323
1491
1982
2251
2018
1663
1459
1533
1564
1433
1252
1055
818
596
438
436
487
479
318
154
87
118
164
124
-64
-306
-419
-510
-549
-571
-557
-592
-739
-1002
-1251
-1378
-1425
-1542
-1726
-1805
-1878
-1975
-2121
-2305
-2443
-2502
-2574
-2661
-2606
-2411
-2187
-2018
-1936
-1895
-1834
-1641
-1314
-937
-670
-518
-343
-82
254
561
824
1020
1146
1274
1391
1530
1681
1717
1669
1646
1703
1776
1901
1912
1727
1427
1073
665
223
-94
74
606
971
807
102
-442
-425
-90
79
-71
-433
-671
-651
-497
-185
117
301
279
85
72
397
965
1392
1242
747
460
820
1492
1775
1434
962
776
814
932
872
761
653
380
140
162
405
612
522
293
163
62
43
70
128
118
5
-151
-278
-381
-446
-462
-425
-515
-814
-1152
-1316
-1366
-1451
-1559
-1646
-1595
-1627
-1816
-2004
-2022
-1987
-2098
-2235
-2208
-1934
-1638
-1459
-1356
-1268
-1175
-1123
-960
-597
-291
-96
93
347
598
798
933
1075
1219
1311
1388
1453
1606
1723
1691
1661
1706
1715
1720
1621
1498
1305
1013
602
144
-227
-261
103
590
681
129
-588
-923
-731
-479
-491
-858
-1247
-1316
-1212
-1019
-745
-561
-382
-409
-495
-374
-7
458
668
523
222
398
931
1469
1472
1074
736
687
876
946
920
919
905
780
721
759
921
1047
1041
1001
993
898
743
599
544
604
517
369
210
53
29
63
49
-186
-616
-950
-1060
-1140
-1225
-1332
-1442
-1544
-1694
-1840
-1852
-1864
-1946
-2084
-2102
-1903
-1608
-1380
-1264
-1164
-1011
-854
-709
-539
-407
-247
-84
236
604
829
865
804
795
899
1039
1167
1257
1309
1273
1224
1252
1234
1224
1239
1197
1146
919
641
322
-129
-582
-764
-417
98
238
-285
-1021
-1375
-1200
-949
-961
-1179
-1339
-1328
-1274
-1151
-915
-604
-345
-376
-503
-444
-59
565
911
766
460
545
1039
1510
1536
1224
990
983
1032
999
969
971
940
697
527
612
861
1100
1082
951
879
873
890
880
839
730
546
338
283
291
304
248
11
-302
-678
-893
-932
-920
-1098
-1388
-1607
-1664
-1709
-1871
-1903
-1904
-1975
-2100
-2112
-1905
-1516
-1295
-1217
-1192
-1119
-931
-740
-536
-368
-249
-154
73
432
811
959
953
943
1012
1109
1256
1410
1522
1566
1525
1479
1445
1384
1402
1371
1363
1216
902
431
-115
-454
-377
130
599
607
-44
-780
-1071
-865
-694
-800
-1204
-1501
-1542
-1444
-1197
-882
-650
-640
-951
-1232
-1050
-457
209
426
151
-119
75
607
1082
996
582
284
331
614
806
839
818
662
349
253
508
1019
1250
1132
862
824
1003
1232
1230
1107
880
633
565
624
751
689
382
46
-258
-424
-425
-467
-563
-799
-1023
-1188
-1207
-1270
-1371
-1382
-1357
-1369
-1522
-1592
-1425
-1165
-966
-965
-993
-947
-770
-638
-406
-104
88
178
180
391
794
1031
955
706
660
751
949
1196
1351
1451
1328
1216
1149
1275
1367
1194
921
645
444
158
-237
-635
-725
-400
37
204
-151
-784
-1272
-1319
-1208
-1195
-1485
-1682
-1770
-1769
-1669
-1425
-1107
-956
-1259
-1660
-1696
-1186
-428
-137
-247
-478
-301
135
579
617
396
221
301
617
839
938
941
814
673
706
955
1298
1396
1245
1091
1208
1606
1815
1652
1353
1107
1089
1159
1147
1060
901
666
571
479
368
198
-70
-313
-458
-492
-432
-486
-650
-796
-869
-830
-784
-869
-1054
-1034
-850
-517
-359
-352
-369
-425
-383
-221
-42
57
114
106
292
626
880
877
581
406
495
721
923
1068
1103
1032
914
788
766
709
529
259
80
-28
-117
-545
-1089
-1556
-1531
-1055
-645
-752
-1437
-2079
-2259
-2019
-1842
-1973
-2359
-2641
-2734
-2641
-2251
-1620
-1177
-1200
-1633
-1809
-1489
-719
-118
70
-59
-41
438
1076
1502
1358
1058
916
1033
1290
1471
1667
1713
1661
1493
1430
1598
1688
1702
1601
1673
1874
1959
1806
1713
1683
1653
1508
1215
988
888
815
885
931
869
623
65
-309
-474
-435
-368
-461
-740
-868
-877
-689
-437
-534
-930
-1338
-1422
-1188
-878
-686
-592
-560
-508
-406
-211
-34
29
-118
-161
203
667
897
874
745
761
862
872
903
949
969
945
943
999
1049
881
486
128
-94
-206
-576
-1230
-1782
-1889
-1413
-829
-798
-1477
-2382
-2899
-2717
-2320
-2225
-2578
-3046
-3204
-3061
-2667
-2171
-1740
-1641
-2009
-2348
-2178
-1465
-649
-250
-240
-234
210
918
1391
1418
1070
855
955
1288
1649
1927
2157
2229
2158
2031
2046
2204
2329
2459
2505
2602
2679
2618
2427
2433
2471
2434
2044
1588
1476
1503
1701
1774
1579
1169
707
435
431
531
490
244
-147
-439
-445
-318
-107
-196
-651
-1189
-1491
-1354
-1077
-891
-901
-911
-881
-762
-531
-478
-562
-681
-743
-515
-85
71
-4
-135
-55
73
-27
-151
-149
-32
-9
-166
-365
-431
-507
-623
-921
-1205
-1552
-2177
-3254
-4530
-5029
-4303
-2545
-1307
-1295
-2207
-2961
-2846
-2572
-2723
-2884
-2644
-1688
-720
-346
-112
177
558
469
-179
-524
-19
1178
1903
1714
1230
1450
2490
3117
2781
1753
1253
1505
1707
1546
1476
1960
2838
3079
2467
1878
1846
2283
2436
2247
2029
2131
2333
2516
2434
2131
1793
1497
1322
1130
930
910
852
769
501
241
221
254
246
187
72
-146
-319
-445
-271
-21
-44
-310
-620
-696
-663
-692
-800
-968
-1077
-1080
-972
-699
-475
-423
-591
-762
-771
-619
-273
-112
-142
-223
-228
-176
-37
106
55
-83
-451
-826
-985
-870
-823
-879
-1178
-1445
-1807
-2167
-2576
-3318
-4443
-5578
-5697
-4768
-3339
-2599
-2626
-2809
-2668
-2560
-2617
-2709
-2048
-1003
-301
-206
-232
564
1834
2520
2119
1345
1311
1660
1792
1389
1452
2490
3499
3653
2785
2303
2531
2967
2883
2221
1956
2418
3121
3377
3193
3128
3558
3701
3269
2540
2419
2884
3191
2810
2257
2084
2183
1986
1270
781
708
774
407
-233
-431
-145
145
-190
-738
-1058
-976
-904
-1232
-1446
-1331
-1196
-1357
-1738
-1761
-1456
-1230
-1521
-2076
-2296
-1966
-1502
-1436
-1701
-1909
-1811
-1534
-1347
-1203
-1023
-871
-975
-1148
-1203
-858
-467
-378
-738
-1021
-954
-780
-724
-831
-886
-862
-877
-1059
-1348
-1673
-1866
-2198
-2885
-3958
-5121
-5272
-4420
-3064
-2183
-2110
-2034
-2051
-1984
-1876
-1480
-454
317
386
116
422
1841
3304
3838
3444
2827
2760
2977
2927
2750
2850
3340
3609
3530
3253
3430
3894
3919
3451
2925
2810
3156
3182
2894
2611
2772
3318
3378
3227
3054
3166
3106
2567
1798
1284
1135
849
224
-230
-272
-121
-250
-839
-1283
-1307
-1396
-1752
-2482
-2675
-2316
-1946
-2054
-2363
-2256
-1816
-1506
-1665
-1936
-1994
-1872
-1922
-2087
-2034
-1615
-1168
-1136
-1365
-1453
-1197
-934
-871
-839
-714
-552
-564
-676
-668
-576
-474
-471
-504
-431
-351
-355
-483
-582
-588
-613
-735
-910
-982
-1050
-1134
-1497
-1884
-2562
-3503
-4610
-5035
-4505
-3409
-2490
-2160
-2023
-1737
-1467
-1196
-761
9
727
880
693
802
1664
2939
3649
3800
3705
3767
3816
3562
3344
3290
3524
3495
3321
3206
3444
3882
4003
3780
3424
3226
3158
2973
2691
2321
2113
2065
2113
2051
2095
2247
2401
2234
1501
825
332
-81
-665
-1310
-1581
-1498
-1493
-1675
-1899
-1953
-1969
-2293
-2798
-3105
-3020
-2912
-2950
-3014
-2796
-2290
-1918
-1879
-1972
-1949
-1783
-1719
-1743
-1756
-1675
-1555
-1497
-1386
-1121
-791
-600
-597
-561
-441
-220
-126
-15
-54
-109
-180
-93
161
439
518
323
235
270
441
427
332
128
-137
-337
-427
-549
-901
-1283
-2010
-2772
-3699
-3973
-3544
-2695
-2014
-1711
-1409
-1194
-949
-528
132
1138
1839
1685
1243
1305
2217
3307
3757
3685
3420
3410
3416
3361
3469
3749
3850
3435
2818
2597
2919
3328
3266
2742
2229
2056
2101
2083
1899
1486
1220
898
682
515
654
775
603
215
-267
-576
-883
-1432
-2030
-2392
-2425
-2348
-2455
-2708
-2841
-2856
-2935
-3053
-3110
-3051
-2963
-2882
-2690
-2277
-1866
-1612
-1548
-1467
-1263
-1018
-851
-781
-758
-694
-483
-191
1
19
-70
-61
36
202
303
305
352
398
665
936
1076
1087
1009
1063
1030
893
784
747
749
638
557
551
732
877
705
214
-325
-713
-969
-1613
-2507
-3536
-4043
-3845
-3097
-2273
-1748
-1533
-1567
-1603
-1226
-562
274
770
691
584
803
1620
2570
3008
2979
2717
2589
2659
2610
2686
2809
2939
2691
2353
2332
2615
2797
2565
2065
1718
1645
1812
1817
1701
1408
1019
748
546
408
193
40
-276
-569
-879
-1021
-1213
-1409
-1761
-2098
-2209
-2341
-2345
-2548
-2575
-2562
-2552
-2531
-2581
-2409
-2166
-1843
-1564
-1269
-965
-629
-449
-374
-316
-173
20
128
238
380
514
597
625
803
1022
1149
1100
845
677
699
902
1139
1336
1362
1319
1363
1472
1632
1740
1562
1239
842
586
569
791
963
872
544
165
-47
-170
-555
-1113
-1952
-2903
-3987
-4754
-4877
-4369
-3465
-2931
-2688
-2606
-2381
-1884
-1255
-657
-227
-123
-186
-97
301
976
1450
1714
1763
1627
1619
1603
1901
2273
2585
2489
2210
2094
2102
2116
1837
1477
1209
1121
1189
1278
1349
1369
1245
1025
834
657
529
347
31
-164
-303
-448
-550
-736
-845
-1018
-1127
-1182
-1195
-1256
-1462
-1669
-1874
-1900
-1801
-1579
-1225
-951
-713
-539
-239
174
462
534
518
478
507
614
652
753
827
933
1037
1127
1245
1262
1109
879
702
686
822
931
938
853
908
1146
1351
1405
1273
1106
908
728
536
290
188
104
-41
-146
-269
-465
-804
-1252
-1711
-1994
-2300
-2954
-3915
-4919
-5294
-4954
-4224
-3729
-3578
-3575
-3336
-2688
-1769
-807
-34
235
104
60
405
1108
1652
1582
1204
980
1268
1768
2346
2842
3104
3199
3070
2986
2964
2819
2442
1885
1553
1373
1328
1209
1160
1331
1621
1804
1761
1599
1436
1174
853
552
271
-71
-425
-647
-721
-667
-669
-688
-778
-884
-901
-926
-952
-1093
-1308
-1449
-1340
-1043
-727
-513
-303
46
440
771
905
922
855
804
707
588
508
579
604
529
442
416
545
662
648
575
571
484
378
259
224
304
431
409
167
-196
-422
-459
-290
-123
-82
-316
-700
-955
-1127
-1245
-1483
-1845
-2192
-2621
-2932
-3292
-3668
-4227
-4804
-5126
-4818
-4181
-3668
-3444
-3307
-2933
-2226
-1357
-616
-87
164
400
802
1295
1807
1771
1492
1380
1607
2147
2581
2903
3094
3356
3463
3473
3500
3495
3296
2686
2010
1698
1811
2004
2074
1937
1727
1673
1781
2030
2004
1906
1778
1666
1511
1319
1234
1189
1002
683
197
-5
42
65
131
-99
-162
-296
-574
-710
-724
-405
-299
-335
-507
-619
-352
-38
276
314
206
9
-92
-1
271
415
182
-299
-762
-921
-779
-574
-604
-916
-1244
-1357
-1118
-688
-466
-561
-995
-1497
-1757
-1670
-1347
-1110
-1181
-1465
-1661
-1663
-1524
-1379
-1452
-1571
-1774
-1954
-1982
-1987
-1978
-2045
-2242
-2730
-3442
-4317
-4725
-4510
-3770
-3142
-2876
-2740
-2464
-1845
-876
179
1112
1460
1402
1300
1518
2071
2634
2937
2904
2752
2797
3170
3764
4247
4416
4263
3989
3963
4132
4270
4046
3498
2899
2446
2196
2129
2054
1953
1720
1556
1515
1623
1770
1735
1590
1300
1125
915
687
390
75
-236
-535
-857
-1052
-1176
-1262
-1143
-1221
-1296
-1469
-1535
-1424
-1392
-1468
-1652
-1693
-1606
-1421
-1144
-904
-692
-639
-624
-635
-616
-521
-435
-492
-802
-1057
-1217
-1196
-1026
-916
-878
-823
-679
-628
-690
-812
-890
-922
-908
-870
-862
-911
-979
-1070
-1083
-1064
-1040
-1077
-1027
-921
-876
-864
-781
-647
-627
-840
-1199
-1587
-2107
-2659
-3353
-3803
-3818
-3364
-2808
-2422
-2147
-1889
-1347
-444
548
1223
1417
1375
1575
2105
2801
3432
3596
3454
3277
3217
3485
3862
4105
4090
3907
3802
3874
4131
4233
3944
3272
2571
2158
1982
1892
1586
1151
743
498
443
495
648
827
992
1010
928
712
379
84
-254
-652
-1146
-1539
-1793
-1974
-2119
-2155
-2084
-2070
-2132
-2262
-2228
-2060
-1885
-1920
-2028
-2037
-1969
-1793
-1566
-1337
-1193
-1124
-1103
-1017
-830
-602
-591
-732
-771
-607
-375
-156
-42
-54
-168
-305
-422
-391
-187
2
81
75
71
73
162
276
455
542
523
425
372
401
556
651
688
534
243
8
-184
-390
-752
-1113
-1552
-2130
-2908
-3533
-3703
-3341
-2808
-2471
-2335
-2246
-1932
-1270
-398
485
1158
1544
1796
2203
2717
3098
3108
2847
2512
2326
2258
2335
2499
2563
2586
2407
2370
2470
2679
2661
2242
1621
1130
929
837
662
295
-63
-185
-161
8
254
469
658
595
449
252
158
61
-128
-418
-767
-1139
-1544
-1795
-1804
-1622
-1563
-1698
-1868
-1933
-1740
-1419
-1124
-946
-862
-783
-683
-486
-243
-99
-192
-344
-377
-255
36
324
493
535
566
570
632
685
634
558
482
353
271
237
331
401
491
473
406
495
503
518
534
549
562
519
430
282
149
-20
-255
-493
-759
-1040
-1371
-1697
-1876
-2030
-2191
-2614
-3053
-3503
-3887
-3967
-3731
-3264
-2916
-2691
-2419
-1846
-965
-7
683
1133
1475
1818
2150
2390
2535
2510
2405
2222
2091
2012
2015
2135
2111
1984
1761
1734
1918
2101
2153
1940
1741
1585
1464
1314
1123
966
849
632
343
149
253
511
650
575
399
283
221
89
-14
-94
-246
-483
-902
-1168
-1197
-1111
-1088
-1346
-1589
-1614
-1411
-1156
-1037
-854
-693
-440
-252
-32
190
326
443
491
506
494
446
331
308
293
344
318
253
205
212
332
501
651
645
471
260
173
239
297
263
207
114
35
-30
-103
-120
-304
-577
-749
-860
-836
-853
-1033
-1294
-1543
-1754
-1846
-1901
-2103
-2512
-2999
-3383
-3599
-3788
-4039
-4087
-3753
-3039
-2231
-1679
-1366
-1080
-586
69
750
1321
1659
1895
2069
2456
2917
3214
3315
3050
2660
2353
2305
2497
2590
2509
2182
1887
1890
2139
2343
2342
2124
1827
1649
1599
1557
1371
1015
690
439
318
197
104
59
104
156
158
195
248
266
241
52
-110
-248
-433
-649
-791
-923
-1032
-1154
-1271
-1254
-1048
-777
-491
-281
-68
171
312
408
502
641
676
686
583
487
405
278
213
110
-1
-148
-263
-302
-276
-344
-423
-439
-315
-160
-133
-355
-621
-767
-856
-816
-931
-1099
-1236
-1312
-1291
-1247
-1181
-1113
-1116
-1181
-1306
-1418
-1612
-1752
-1922
-2088
-2316
-2630
-2878
-2961
-2928
-2854
-2839
-2993
-3004
-2798
-2255
-1654
-1151
-727
-429
35
693
1401
2063
2469
2630
2625
2654
2791
2872
2868
2709
2385
2114
1894
1890
1914
1838
1743
1669
1637
1671
1728
1773
1727
1612
1437
1153
870
661
559
470
393
357
382
449
518
626
851
1049
1127
1041
877
741
612
430
249
63
-31
-67
-240
-317
-271
-140
-41
45
130
327
450
528
625
768
877
954
948
926
943
842
636
354
91
-178
-445
-624
-711
-750
-774
-808
-771
-703
-638
-654
-839
-1068
-1298
-1505
-1679
-1907
-2031
-2028
-1983
-1929
-1975
-2037
-2031
-2034
-2072
-2200
-2233
-2241
-2192
-2149
-2121
-2130
-2115
-2086
-2149
-2169
-2218
-2228
-2304
-2343
-2423
-2365
-2074
-1510
-949
-534
-176
240
902
1601
2138
2529
2612
2700
2820
2867
2935
2817
2537
2240
1944
1861
1866
1861
1744
1527
1413
1419
1541
1674
1724
1695
1614
1596
1680
1613
1505
1329
1166
1041
984
1030
1004
995
957
939
937
903
802
673
585
570
506
407
349
360
382
239
8
-334
-529
-509
-436
-387
-383
-285
-52
209
458
733
878
826
663
447
259
148
20
-185
-410
-640
-767
-819
-867
-953
-1146
-1320
-1410
-1519
-1569
-1685
-1710
-1695
-1675
-1680
-1757
-1747
-1704
-1745
-1844
-1896
-1990
-2036
-2066
-2000
-1901
-1785
-1698
-1652
-1572
-1342
-1101
-930
-823
-860
-910
-928
-881
-780
-781
-880
-1059
-1145
-1099
-896
-677
-410
-174
9
187
427
769
1013
1142
1166
1140
1204
1253
1262
1302
1208
1115
1065
950
922
931
991
1143
1243
1426
1540
1727
1946
2172
2425
2449
2480
2497
2465
2405
2340
2211
2023
1879
1777
1748
1759
1754
1668
1551
1476
1440
1400
1376
1267
1183
990
804
678
516
315
101
-102
-290
-415
-531
-621
-637
-571
-443
-322
-344
-309
-280
-284
-337
-551
-749
-958
-1113
-1270
-1536
-1815
-2092
-2276
-2460
-2567
-2636
-2693
-2780
-2806
-2823
-2718
-2534
-2360
-2273
-2267
-2201
-2066
-1909
-1659
-1492
-1443
-1370
-1286
-1137
-950
-818
-731
-670
-611
-521
-390
-292
-147
-18
156
302
281
172
119
85
63
50
-79
-312
-517
-511
-407
-222
-87
-24
31
123
223
422
654
834
891
889
966
1162
1389
1457
1380
1360
1369
1505
1616
1703
1792
1903
2080
2268
2542
2815
2978
2970
2836
2683
2580
2506
2421
2309
2135
1976
1826
1752
1707
1634
1533
1432
1345
1227
1170
1130
1046
912
674
419
220
104
2
-184
-446
-678
-771
-733
-719
-718
-715
-771
-813
-959
-1087
-1196
-1354
-1520
-1726
-1998
-2204
-2351
-2443
-2565
-2758
-3013
-3228
-3279
-3248
-3203
-3091
-2926
-2745
-2558
-2427
-2220
-1815
-1358
-1028
-933
-926
-878
-765
-610
-499
-507
-578
-645
-644
-498
-323
-168
-86
-113
-132
-73
59
294
527
658
609
453
456
493
540
410
119
-189
-447
-592
-625
-514
-335
-197
-136
-119
55
389
701
956
1097
1156
1331
1489
1666
1866
1960
1984
1917
1894
1954
2104
2287
2527
2645
2669
2633
2696
2817
2866
2821
2532
2292
2024
1862
1779
1795
1800
1633
1360
1024
838
790
819
745
555
372
250
246
284
258
116
-114
-331
-529
-676
-839
-971
-1147
-1438
-1807
-2068
-2178
-2197
-2189
-2319
-2462
-2625
-2639
-2565
-2432
-2325
-2296
-2260
-2250
-2198
-2110
-2045
-1942
-1885
-1868
-1858
-1732
-1548
-1375
-1276
-1206
-1105
-919
-706
-619
-451
-349
-240
-175
-162
-93
-32
-13
-25
35
251
463
525
550
572
671
817
847
849
863
922
961
908
840
671
527
312
45
-241
-505
-685
-752
-603
-425
-238
-147
-91
-16
149
472
687
800
865
926
1100
1328
1541
1681
1715
1702
1688
1669
1700
1731
1785
1807
1807
1831
1930
2066
2080
2034
1922
1838
1808
1799
1805
1742
1735
1667
1528
1332
1079
828
580
390
241
157
73
-11
-110
-218
-396
-614
-812
-988
-1226
-1462
-1770
-1988
-2129
-2314
-2438
-2576
-2620
-2628
-2657
-2643
-2564
-2370
-2110
-1912
-1719
-1589
-1541
-1423
-1310
-1253
-1229
-1327
-1404
-1505
-1500
-1450
-1362
-1236
-1151
-1088
-1007
-869
-688
-530
-359
-215
-87
44
107
195
334
444
554
643
748
867
985
1049
984
960
915
913
850
741
682
636
638
588
466
310
162
103
20
-122
-245
-360
-387
-370
-310
-227
-136
-129
-115
-50
163
427
644
831
1002
1150
1332
1517
1601
1654
1643
1686
1684
1685
1712
1776
1807
1804
1862
1934
2024
2073
2114
2058
1982
1850
1731
1634
1501
1365
1152
846
596
409
267
146
-29
-176
-339
-462
-569
-657
-760
-908
-1071
-1265
-1466
-1606
-1760
-1822
-1868
-1961
-2102
-2269
-2389
-2375
-2289
-2221
-2142
-2040
-1932
-1820
-1685
-1550
-1444
-1302
-1233
-1198
-1167
-1140
-1067
-972
-897
-890
-931
-903
-881
-861
-789
-781
-775
-716
-543
-267
22
256
410
536
669
824
927
947
941
857
725
600
504
513
555
552
462
347
317
389
474
454
347
232
144
89
67
56
34
-77
-238
-302
-241
-96
50
196
357
501
692
965
1227
1458
1640
1701
1726
1759
1812
1901
1913
1888
1772
1683
1632
1601
1576
1523
1515
1474
1468
1434
1436
1418
1361
1220
1042
853
644
435
297
177
-20
-286
-463
-601
-745
-826
-875
-938
-1045
-1163
-1265
-1281
-1351
-1430
-1586
-1702
-1793
-1831
-1852
-1870
-1909
-2002
-2075
-2094
-1986
-1816
-1709
-1617
-1529
-1388
-1186
-1010
-840
-717
-697
-708
-646
-570
-520
-585
-600
-673
-751
-762
-722
-663
-556
-474
-362
-223
-30
182
364
567
738
854
860
863
850
781
647
566
443
332
258
205
190
198
238
263
306
335
348
351
370
404
351
227
117
79
171
302
390
498
566
621
687
805
965
1049
1121
1178
1219
1291
1460
1606
1653
1648
1582
1579
1618
1681
1710
1627
1521
1387
1311
1224
1163
1076
951
853
731
647
603
511
363
155
-72
-183
-251
-283
-410
-632
-793
-930
-1041
-1157
-1298
-1404
-1515
-1568
-1614
-1645
-1699
-1719
-1758
-1764
-1756
-1736
-1687
-1672
-1701
-1727
-1702
-1594
-1472
-1394
-1289
-1190
-1070
-985
-894
-774
-678
-593
-534
-480
-427
-375
-388
-473
-524
-529
-520
-504
-481
-474
-367
-185
-82
41
128
234
328
458
572
638
648
604
606
677
771
866
899
904
940
1002
1058
1114
1109
1027
997
977
953
887
852
788
733
704
664
651
672
676
608
578
557
541
515
476
449
468
577
647
641
634
670
755
864
965
1041
1003
957
927
875
834
755
659
534
396
323
260
232
189
15
-159
-281
-342
-352
-378
-440
-458
-527
-642
-746
-800
-820
-884
-1009
-1152
-1193
-1185
-1133
-1126
-1122
-1102
-1059
-1039
-1050
-1009
-952
-856
-807
-829
-839
-831
-790
-735
-714
-675
-657
-645
-626
-564
-461
-410
-397
-428
-408
-388
-298
-242
-284
-302
-315
-297
-203
-143
-75
-46
2
39
71
141
245
396
520
539
539
616
712
819
896
940
1024
1064
1100
1093
1046
1014
899
758
533
384
317
286
272
243
139
26
9
24
21
62
49
2
-34
-51
-23
12
13
19
-8
21
90
168
197
249
258
304
383
381
431
449
412
339
260
148
24
-68
-115
-152
-182
-177
-115
-42
43
59
83
122
181
226
203
213
166
128
64
-16
-92
-120
-158
-197
-229
-282
-332
-369
-343
-283
-273
-279
-317
-368
-360
-325
-299
-302
-294
-295
-300
-295
-267
-241
-295
-363
-417
-481
-507
-503
-544
-557
-531
-486
-432
-442
-450
-431
-368
-261
-135
-49
3
42
70
124
187
247
345
371
400
479
587
689
776
787
768
745
712
608
472
310
156
79
-26
-77
-139
-185
-265
-368
-372
-376
-348
-296
-301
-276
-252
-228
-181
-155
-162
-182
-191
-145
-160
-201
-230
-257
-223
-187
-159
-95
-26
-4
-4
-15
1
25
65
65
92
93
117
162
196
294
338
335
336
362
382
465
464
438
422
395
425
462
493
503
502
453
492
500
484
475
487
434
371
313
264
291
299
279
233
165
93
18
-20
-93
-134
-162
-207
-266
-329
-359
-411
-457
-467
-477
-497
-491
-424
-348
-311
-280
-280
-250
-192
-127
-104
-95
-102
-110
-134
-148
-140
-175
-216
-218
-213
-190
-184
-229
-285
-309
-302
-298
-288
-352
-415
-560
-684
-696
-719
-753
-809
-855
-854
-790
-727
-662
-617
-561
-504
-434
-367
-286
-190
-125
-53
7
68
80
124
124
119
139
148
202
286
408
504
650
757
840
900
931
970
976
968
950
939
946
968
979
980
941
955
923
901
897
894
903
900
899
853
834
798
751
694
648
565
459
412
339
249
190
162
86
2
-127
-233
-301
-362
-412
-493
-549
-635
-659
-688
-702
-664
-679
-705
-723
-735
-684
-623
-550
-540
-552
-564
-601
-605
-505
-454
-417
-397
-404
-403
-399
-375
-417
-469
-560
-633
-700
-696
-677
-673
-673
-662
-641
-646
-617
-574
-543
-507
-440
-421
-392
-376
-376
-382
-398
-358
-370
-399
-429
-430
-392
-319
-252
-172
-84
-38
-47
-35
18
105
203
298
378
482
585
647
712
784
860
871
869
869
883
887
863
848
843
829
795
803
784
806
808
819
868
858
833
799
707
634
595
491
421
330
307
313
326
372
404
432
447
510
509
496
476
409
364
289
236
161
54
-21
-85
-130
-180
-188
-210
-250
-262
-311
-338
-364
-377
-386
-411
-411
-415
-382
-348
-347
-352
-326
-336
-426
-525
-623
-665
-693
-753
-800
-880
-936
-942
-957
-918
-884
-903
-889
-907
-919
-884
-845
-798
-771
-743
-698
-620
-518
-407
-307
-248
-196
-129
-113
-66
-16
26
30
-2
-29
-63
-83
-93
-66
-39
34
78
165
257
370
511
606
693
766
866
990
1034
1045
1017
967
879
810
708
635
608
550
521
485
420
423
446
461
466
438
413
352
276
176
142
126
51
-35
-97
-140
-148
-117
-103
-85
-23
31
79
164
224
261
303
314
330
326
338
350
342
312
231
139
96
58
-1
-83
-139
-169
-198
-180
-109
-62
-30
-12
-42
-53
-75
-91
-118
-202
-336
-430
-481
-490
-508
-582
-604
-651
-685
-682
-691
-703
-735
-757
-743
-638
-562
-484
-444
-419
-426
-415
-362
-347
-322
-338
-357
-363
-342
-317
-228
-202
-159
-168
-148
-146
-126
-144
-219
-265
-298
-258
-210
-134
-40
42
164
320
443
549
666
759
843
900
934
946
886
860
799
719
636
568
500
381
319
237
135
85
43
23
-9
-34
-27
-59
-53
-46
-45
-39
-19
-28
-3
-30
-79
-141
-163
-171
-137
-138
-127
-88
-66
-13
64
148
272
362
408
426
454
491
499
513
491
458
445
478
447
441
381
389
339
278
263
225
162
142
154
132
132
123
153
167
124
64
-8
-45
-77
-117
-151
-167
-205
-187
-199
-220
-230
-275
-303
-365
-412
-465
-532
-626
-668
-718
-751
-775
-828
-892
-992
-1076
-1130
-1135
-1162
-1200
-1176
-1115
-1035
-939
-906
-862
-801
-769
-704
-631
-578
-479
-372
-256
-157
-34
138
259
366
449
528
583
605
600
566
540
516
489
458
440
445
451
483
504
476
434
383
396
467
549
604
664
706
713
685
659
670
656
640
586
539
483
474
475
418
397
338
303
316
313
308
325
331
345
366
440
473
534
561
591
605
560
507
395
331
237
155
115
105
70
40
-11
-53
-26
-5
19
8
-8
-11
-20
-66
-146
-196
-257
-304
-361
-431
-482
-532
-529
-570
-617
-668
-721
-734
-766
-784
-823
-904
-988
-1041
-1094
-1135
-1161
-1206
-1244
-1223
-1162
-1056
-907
-804
-715
-629
-561
-454
-343
-244
-194
-155
-108
-57
42
135
194
244
251
265
284
337
372
388
403
421
442
526
622
685
690
652
632
665
665
632
626
666
654
640
616
554
523
485
454
437
419
403
381
340
312
288
310
320
308
270
221
185
191
177
167
142
115
67
56
93
126
156
134
130
99
84
99
106
85
54
15
-16
-55
-40
3
45
82
104
102
135
162
170
142
120
81
39
-14
-70
-114
-202
-309
-436
-510
-571
-651
-712
-760
-830
-829
-822
-796
-806
-798
-817
-883
-895
-905
-901
-860
-858
-813
-781
-759
-716
-662
-568
-471
-397
-328
-220
-101
34
152
282
368
433
461
476
522
534
567
584
568
542
544
549
590
555
535
541
535
572
571
577
575
572
562
571
586
560
515
468
423
368
332
290
291
288
225
149
82
63
49
82
96
84
83
67
-17
-44
-74
-95
-108
-138
-176
-188
-199
-190
-168
-161
-144
-151
-132
-116
-65
-25
38
59
56
65
83
136
182
219
238
234
255
303
338
361
355
347
322
289
226
136
72
-10
-120
-203
-290
-350
-441
-536
-585
-684
-731
-789
-797
-828
-850
-845
-824
-753
-700
-638
-627
-594
-557
-496
-419
-419
-417
-410
-382
-343
-271
-260
-259
-248
-247
-236
-143
-51
-9
34
64
120
151
206
266
279
280
295
340
438
478
516
513
505
498
478
464
462
452
428
373
336
299
278
291
345
360
366
379
340
331
338
312
282
259
235
264
298
296
323
318
243
181
156
137
128
89
69
49
-7
-47
-71
-82
-108
-141
-180
-175
-169
-147
-141
-142
-112
-61
-4
35
62
86
84
122
145
161
153
150
132
110
107
95
42
-51
-104
-174
-238
-284
-318
-350
-358
-371
-349
-305
-320
-347
-352
-347
-314
-325
-302
-278
-264
-260
-226
-198
-172
-156
-163
-171
-176
-164
-188
-144
-130
-127
-128
-122
-125
-134
-151
-148
-160
-145
-110
-145
-151
-128
-81
-69
-36
-6
13
29
52
93
128
149
150
121
82
41
42
38
25
56
77
100
103
92
99
117
142
185
212
262
280
319
334
388
404
414
359
295
297
282
281
253
230
174
171
135
120
82
69
65
73
83
75
38
-9
-26
-45
-57
-64
-28
11
69
111
130
152
204
236
206
202
188
137
111
109
86
81
56
13
4
-24
-60
-62
-79
-96
-107
-136
-178
-213
-243
-252
-267
-292
-289
-287
-266
-289
-290
-291
-326
-330
-371
-403
-412
-399
-355
-325
-337
-336
-327
-313
-307
-278
-263
-257
-262
-243
-199
-181
-177
-143
-143
-90
-58
-33
22
56
79
79
127
153
159
208
231
259
247
242
258
228
175
119
86
58
90
109
157
242
306
360
379
393
406
406
416
405
420
462
464
464
436
399
358
360
395
412
425
389
360
326
270
227
216
178
118
82
61
39
0
-52
-110
-155
-192
-232
-251
-291
-341
-353
-382
-381
-366
-343
-297
-230
-190
-176
-132
-134
-96
-82
-99
-89
-118
-141
-178
-178
-202
-232
-250
-323
-364
-399
-424
-445
-494
-503
-508
-539
-549
-573
-570
-561
-535
-486
-453
-445
-419
-404
-371
-335
-289
-248
-210
-202
-189
-142
-147
-117
-120
-129
-87
-65
-17
39
87
90
117
137
155
229
323
403
472
517
532
540
573
589
607
641
650
654
626
648
649
647
657
658
675
703
747
802
840
848
861
841
835
858
845
815
773
730
664
591
507
435
368
261
199
130
48
-14
-63
-111
-175
-248
-298
-318
-352
-420
-426
-468
-510
-580
-615
-618
-648
-672
-677
-639
-630
-637
-645
-651
-629
-610
-604
-592
-540
-505
-501
-489
-452
-443
-480
-487
-488
-530
-549
-563
-586
-580
-593
-603
-590
-579
-569
-583
-577
-547
-531
-515
-467
-412
-404
-348
-309
-265
-202
-151
-80
-52
-42
-46
-32
-25
9
19
47
59
59
45
68
108
133
199
229
264
344
422
490
549
582
610
663
688
698
699
726
764
779
837
882
924
922
960
1002
1018
1011
1037
1019
983
990
961
966
957
940
910
836
771
697
642
579
542
481
423
370
269
202
130
38
-25
-114
-199
-268
-372
-462
-520
-601
-682
-724
-747
-738
-720
-709
-672
-667
-670
-673
-643
-593
-581
-571
-586
-598
-598
-584
-605
-650
-657
-684
-697
-690
-680
-640
-637
-652
-673
-714
-711
-725
-689
-673
-684
-677
-715
-735
-748
-703
-609
-555
-471
-423
-364
-349
-322
-282
-251
-198
-175
-145
-127
-102
-96
-63
-22
-15
-22
-24
27
78
125
179
253
287
318
385
449
528
594
649
635
640
663
732
806
902
985
1084
1169
1229
1283
1293
1244
1218
1189
1139
1116
1068
1026
969
940
869
844
810
777
743
709
692
664
621
574
559
558
531
491
439
368
284
197
137
11
-88
-229
-335
-446
-566
-630
-674
-746
-806
-817
-849
-811
-778
-782
-781
-758
-788
-767
-777
-780
-783
-801
-811
-831
-833
-845
-845
-848
-864
-830
-767
-749
-714
-703
-692
-707
-701
-689
-662
-607
-548
-551
-554
-556
-558
-537
-522
-487
-441
-361
-297
-235
-176
-107
-82
-96
-77
-87
-92
-121
-154
-187
-198
-179
-127
-95
-31
77
134
213
279
367
437
479
556
610
645
670
696
723
731
752
768
801
801
795
780
790
787
783
826
868
908
909
901
907
912
907
893
883
857
833
789
763
717
654
638
597
569
540
512
475
445
407
379
342
283
192
137
59
-31
-118
-179
-255
-335
-369
-430
-485
-535
-578
-594
-618
-626
-629
-608
-630
-624
-614
-629
-624
-632
-659
-695
-714
-753
-774
-772
-803
-842
-831
-833
-804
-761
-731
-692
-647
-606
-591
-600
-554
-541
-524
-501
-498
-500
-497
-471
-444
-383
-317
-281
-271
-216
-200
-164
-123
-113
-111
-125
-108
-86
-72
-66
-55
-16
-13
33
78
128
191
276
345
407
494
581
643
673
721
764
800
810
823
859
850
855
849
820
801
790
793
798
809
821
815
806
817
843
839
830
836
812
801
786
779
748
703
638
551
481
423
346
267
208
132
57
-7
-72
-119
-179
-239
-313
-378
-442
-510
-581
-640
-694
-733
-776
-824
-861
-883
-898
-900
-891
-897
-886
-841
-807
-804
-795
-781
-799
-848
-856
-841
-840
-817
-773
-733
-710
-648
-619
-570
-553
-561
-542
-524
-487
-443
-409
-391
-391
-380
-355
-286
-231
-169
-132
-119
-77
-53
-34
10
32
69
115
180
258
308
372
470
558
611
614
624
639
616
603
585
575
586
628
670
713
757
804
833
861
882
900
879
817
835
842
850
873
894
861
835
835
826
808
789
765
746
712
657
611
556
507
463
382
326
246
147
58
-51
-127
-221
-323
-401
-472
-503
-529
-546
-597
-622
-623
-633
-659
-681
-687
-718
-748
-748
-718
-741
-749
-765
-794
-818
-815
-769
-717
-691
-674
-635
-588
-542
-476
-430
-411
-378
-324
-284
-269
-240
-231
-222
-211
-209
-181
-187
-173
-147
-137
-120
-144
-171
-173
-179
-193
-189
-202
-195
-179
-153
-143
-120
-111
-103
-64
-71
-32
6
30
28
33
45
56
76
87
112
146
167
206
254
289
314
337
346
367
365
424
478
489
527
515
538
545
550
581
610
619
663
703
752
766
766
794
774
756
738
675
670
653
633
630
630
633
588
556
505
450
407
337
269
199
143
57
-10
-52
-63
-98
-112
-134
-179
-217
-250
-293
-318
-345
-366
-381
-410
-434
-494
-540
-561
-580
-580
-566
-552
-539
-559
-561
-547
-556
-564
-569
-550
-558
-570
-572
-564
-570
-607
-619
-652
-650
-629
-600
-550
-509
-448
-431
-412
-389
-392
-429
-462
-458
-451
-443
-391
-340
-314
-287
-229
-186
-161
-122
-103
-77
-50
-13
21
49
107
146
179
242
266
327
378
436
457
463
502
513
525
555
585
606
653
692
704
717
734
752
753
743
730
727
721
723
705
704
701
668
633
601
579
546
502
459
376
295
254
203
172
132
99
45
-12
-77
-119
-164
-213
-259
-311
-354
-408
-432
-458
-482
-492
-508
-515
-503
-482
-442
-414
-378
-370
-372
-374
-355
-350
-339
-332
-299
-272
-232
-181
-158
-144
-137
-115
-117
-102
-82
-56
-27
-17
18
32
42
50
36
21
-2
-24
-68
-122
-162
-185
-210
-247
-265
-291
-313
-320
-321
-298
-296
-276
-290
-283
-274
-270
-262
-224
-193
-162
-127
-121
-91
-76
-27
-11
27
48
77
99
124
168
178
221
247
287
348
395
417
430
443
445
435
433
456
461
473
485
476
463
475
500
488
458
430
435
421
393
358
339
298
287
260
230
196
165
167
138
92
68
68
59
60
78
85
93
92
66
27
-27
-67
-123
-166
-205
-253
-291
-318
-348
-344
-343
-355
-324
-325
-327
-320
-295
-288
-287
-271
-262
-277
-260
-282
-307
-302
-303
-313
-333
-326
-340
-350
-361
-367
-351
-354
-345
-354
-375
-370
-383
-378
-379
-351
-323
-324
-315
-292
-291
-255
-222
-186
-151
-130
-75
-43
2
42
89
121
147
178
199
239
274
304
316
345
353
360
374
388
414
435
418
416
414
434
429
430
457
439
427
395
365
323
308
294
290
267
272
275
257
248
247
248
235
230
242
259
238
246
203
154
146
143
134
124
101
48
1
-18
-37
-76
-85
-126
-119
-119
-145
-146
-159
-159
-167
-184
-173
-204
-202
-206
-219
-228
-248
-247
-275
-277
-283
-286
-287
-276
-266
-264
-259
-247
-241
-248
-286
-292
-305
-333
-338
-325
-310
-316
-321
-295
-278
-278
-264
-256
-260
-239
-199
-196
-201
-213
-221
-235
-213
-202
-200
-183
-145
-133
-99
-68
-22
54
93
154
204
228
275
295
304
299
333
372
377
390
411
431
428
439
437
434
423
426
415
375
335
320
289
269
252
242
221
200
188
155
133
98
102
97
71
82
78
110
149
195
238
279
316
312
306
283
228
176
138
72
42
2
-35
-70
-105
-154
-195
-218
-277
-322
-311
-293
-294
-300
-288
-266
-288
-282
-278
-301
-290
-286
-301
-305
-311
-313
-341
-336
-336
-340
-313
-308
-258
-216
-168
-135
-140
-130
-130
-142
-181
-209
-209
-196
-194
-186
-164
-150
-145
-132
-131
-115
-104
-83
-68
-48
-16
-1
6
20
18
18
55
68
94
145
173
196
280
324
359
393
421
436
438
418
395
371
339
359
378
373
362
350
318
306
287
263
250
247
210
163
124
76
37
11
-5
-24
-27
-21
-53
-52
-30
-21
-9
-10
-11
-22
0
-5
-7
-12
-31
-41
-48
-63
-53
-36
-11
-25
-36
-33
-31
-22
-43
-48
-57
-52
-68
-63
-62
-64
-83
-103
-80
-89
-86
-101
-96
-87
-82
-71
-104
-106
-122
-127
-135
-171
-181
-183
-189
-206
-204
-190
-217
-226
-236
-245
-240
-238
-221
-200
-214
-227
-223
-251
-260
-260
-237
-257
-230
-202
-205
-181
-162
-140
-120
-83
-46
0
12
44
58
85
91
98
113
110
110
81
56
49
61
52
49
79
95
92
128
132
139
169
196
200
226
252
268
258
249
225
191
182
152
173
166
190
213
217
231
251
282
321
352
355
389
425
422
405
393
366
343
316
301
278
247
210
186
179
152
143
127
107
99
90
89
76
73
56
48
43
30
9
-17
-46
-66
-114
-148
-188
-224
-268
-326
-375
-431
-450
-501
-517
-519
-528
-524
-519
-510
-455
-411
-363
-340
-331
-316
-321
-335
-317
-322
-318
-310
-307
-287
-285
-294
-323
-317
-313
-290
-227
-217
-210
-176
-164
-137
-98
-49
14
57
100
129
134
159
164
149
155
186
184
202
213
224
191
165
161
138
138
155
180
182
214
239
242
236
224
206
178
143
125
124
119
134
147
160
170
163
156
162
194
213
262
289
294
306
312
290
268
279
269
234
222
230
238
233
216
207
167
161
151
149
165
146
147
147
171
173
164
152
127
107
56
47
6
-35
-66
-112
-134
-184
-212
-236
-267
-268
-274
-285
-272
-303
-317
-315
-342
-341
-347
-356
-357
-368
-359
-367
-395
-382
-357
-356
-356
-351
-330
-331
-325
-315
-312
-312
-288
-286
-287
-284
-272
-264
-240
-224
-189
-180
-152
-131
-93
-65
-32
22
64
128
162
186
213
240
230
254
272
265
277
299
313
347
365
362
351
345
350
352
380
377
394
409
409
401
397
395
386
381
354
323
283
262
229
194
180
144
123
87
48
25
-4
-11
-35
-41
-59
-58
-56
-59
-60
-63
-43
-33
-27
-24
-19
-5
-16
-6
-17
-30
-38
-64
-74
-82
-112
-129
-134
-152
-144
-141
-167
-170
-183
-180
-211
-232
-228
-263
-277
-303
-326
-321
-328
-334
-345
-377
-390
-403
-396
-389
-397
-386
-396
-394
-378
-369
-341
-314
-279
-289
-270
-250
-236
-209
-179
-174
-153
-109
-48
6
51
99
121
135
141
156
172
209
232
264
286
301
327
345
352
361
377
386
400
408
408
413
400
392
394
398
385
379
377
366
339
353
333
313
325
295
289
292
261
240
218
200
194
180
164
173
152
129
120
94
71
49
22
-34
-63
-78
-109
-131
-181
-196
-193
-176
-156
-155
-180
-178
-180
-177
-136
-128
-110
-96
-75
-97
-84
-57
-52
-52
-59
-69
-85
-102
-112
-129
-129
-148
-163
-180
-206
-197
-225
-243
-245
-248
-244
-241
-207
-206
-214
-238
-261
-259
-253
-244
-200
-174
-160
-132
-121
-94
-76
-86
-89
-98
-95
-104
-94
-77
-57
-50
-30
-4
18
43
18
16
23
5
1
13
16
24
33
31
29
48
81
115
144
178
195
219
237
251
244
240
228
238
204
166
147
129
112
79
73
77
58
45
15
-8
0
-11
11
43
78
115
137
154
155
155
169
150
135
148
146
132
137
139
123
152
146
150
152
152
126
111
101
91
91
54
68
51
48
37
12
-21
-62
-90
-92
-119
-146
-172
-210
-232
-242
-262
-271
-260
-248
-248
-249
-257
-241
-232
-248
-259
-270
-276
-266
-264
-261
-256
-258
-251
-250
-243
-237
-215
-185
-169
-158
-131
-94
-62
-19
20
68
113
147
167
184
202
215
208
215
224
222
265
288
300
341
334
335
371
366
371
385
368
369
359
323
302
306
291
257
206
158
110
43
15
-40
-84
-111
-153
-151
-161
-167
-204
-216
-237
-241
-252
-246
-236
-248
-249
-261
-234
-211
-186
-163
-158
-161
-189
-196
-218
-206
-186
-174
-148
-122
-94
-43
-28
0
53
57
84
126
154
186
198
198
232
238
253
246
237
208
200
180
144
136
122
92
56
45
12
-31
-52
-86
-101
-119
-151
-169
-190
-199
-194
-193
-179
-181
-173
-163
-166
-184
-190
-203
-213
-201
-199
-198
-210
-195
-190
-193
-199
-201
-187
-180
-150
-103
-74
-53
-27
-30
-32
-28
-9
24
51
80
111
131
155
159
193
222
241
263
252
271
273
266
260
272
262
274
278
259
251
247
244
228
231
206
187
173
157
140
147
159
159
148
153
129
104
83
70
61
51
42
47
54
57
70
69
70
73
72
74
73
102
95
84
81
66
69
57
34
9
-30
-44
-80
-84
-107
-128
-105
-120
-141
-161
-172
-182
-194
-208
-198
-183
-185
-168
-154
-169
-170
-186
-206
-221
-242
-263
-282
-273
-280
-278
-283
-272
-273
-254
-254
-238
-242
-245
-239
-244
-244
-256
-242
-252
-239
-227
-233
-228
-210
-174
-147
-113
-71
-24
18
48
99
142
173
200
203
212
212
232
235
246
244
239
241
236
222
234
244
220
220
188
180
163
158
139
135
120
106
103
91
76
46
58
33
13
6
6
4
-4
10
21
9
31
38
32
16
13
-3
-1
5
-21
-21
-1
6
-1
12
40
28
31
49
65
95
137
146
147
142
132
108
82
89
43
32
16
