-9
-6
-6
-6
-8
-5
0
0
-2
-1
2
3
3
8
11
12
9
7
4
0
-4
-3
1
4
4
5
5
4
2
-4
-5
-5
-2
0
4
1
-1
-5
-4
-3
-3
-2
0
6
5
8
7
3
-2
-4
-6
-3
1
2
-1
0
0
-1
-1
-4
-4
-9
-11
-16
-17
-19
-26
-24
-21
-20
-16
-8
0
5
6
11
13
14
13
16
17
19
18
16
12
8
5
-1
-2
-2
1
6
6
10
8
14
18
18
16
16
13
5
3
0
-3
-7
-2
-5
-9
-13
-14
-16
-17
-16
-17
-17
-23
-26
-26
-27
-22
-23
-20
-15
-7
-5
3
7
11
16
18
19
17
15
15
13
10
7
6
6
1
2
-2
-3
-5
-7
-6
-7
-6
-7
-9
-8
-4
0
7
11
5
7
8
3
5
4
3
6
6
7
4
-1
-2
-1
3
4
8
11
15
16
13
8
3
3
-1
3
5
5
7
8
8
9
5
8
8
5
9
12
15
18
19
19
16
18
13
8
7
-1
-3
-6
-8
-10
-12
-9
-7
-2
4
7
12
12
14
12
10
13
10
10
9
7
2
-2
-2
-8
-14
-15
-15
-14
-14
-10
-11
-13
-8
-11
-13
-15
-14
-12
-13
-11
-12
-11
-15
-15
-19
-22
-26
-27
-33
-36
-37
-39
-39
-38
-38
-37
-32
-33
-29
-22
-19
-16
-19
-16
-12
-13
-8
-5
-2
1
10
17
13
18
19
22
27
32
37
38
41
39
39
33
33
34
34
38
35
35
27
24
21
15
10
10
14
17
21
26
28
28
29
30
27
27
23
15
11
4
-1
-2
-4
-8
-9
-9
-10
-16
-24
-28
-26
-28
-27
-20
-15
-14
-13
-14
-17
-17
-15
-18
-15
-18
-24
-31
-29
-35
-32
-25
-18
-15
-19
-17
-18
-19
-14
-16
-14
-12
-16
-15
-15
-12
-14
-14
-14
-17
-13
-7
-1
1
3
6
6
10
7
8
13
16
18
15
18
16
14
10
10
15
14
16
22
24
23
19
15
14
14
9
14
13
11
13
10
8
10
12
15
17
20
22
22
19
16
11
11
10
8
5
4
6
6
7
7
7
4
1
2
-2
1
3
-1
2
4
5
1
0
-4
-9
-6
-13
-17
-17
-16
-17
-20
-20
-24
-27
-30
-27
-21
-18
-12
-7
-2
0
1
5
6
11
5
3
-1
-8
-10
-12
-8
-2
6
12
16
17
22
21
19
17
14
11
9
9
6
3
-2
-4
-8
-13
-14
-14
-10
-11
-13
-14
-13
-14
-12
-10
-13
-11
-12
-11
-13
-16
-17
-21
-24
-24
-24
-21
-16
-12
-11
-7
-5
-8
-7
-8
-5
-8
-3
-1
4
6
8
9
12
15
18
30
32
29
33
29
24
21
15
16
15
14
14
14
18
20
19
20
17
13
11
11
12
11
11
8
3
2
-2
-6
-10
-11
-11
-16
-18
-15
-13
-7
-7
-5
-4
1
0
0
2
0
7
12
13
11
15
20
15
9
9
10
9
5
3
-3
-10
-8
-12
-15
-17
-20
-23
-27
-33
-34
-38
-43
-42
-45
-41
-39
-33
-24
-23
-18
-17
-9
-4
1
7
12
13
17
16
17
21
17
23
20
17
13
9
8
11
11
14
15
19
23
26
26
23
22
18
13
11
9
6
6
6
10
10
10
10
11
12
9
9
4
-3
-6
-10
-11
-16
-15
-14
-16
-12
-15
-17
-19
-26
-29
-34
-30
-32
-33
-34
-33
-30
-34
-32
-35
-33
-30
-29
-27
-21
-17
-16
-10
-3
1
6
9
15
19
18
21
24
26
27
27
23
18
21
20
17
20
21
22
26
31
32
34
33
32
29
26
27
23
24
27
28
31
25
26
24
19
20
21
17
17
12
10
10
8
6
1
-5
-3
-8
-14
-14
-13
-16
-17
-21
-24
-27
-30
-32
-32
-31
-33
-35
-38
-36
-32
-27
-23
-22
-22
-24
-31
-34
-31
-30
-26
-23
-20
-17
-11
-5
2
8
12
13
15
15
15
16
18
19
18
16
14
18
19
22
24
24
27
25
25
22
18
18
17
15
17
19
19
16
12
9
4
3
1
-1
-8
-10
-8
-10
-9
-3
-1
2
0
3
2
-6
-8
-8
-15
-17
-16
-12
-9
-5
-5
-9
-11
-21
-19
-20
-24
-22
-20
-17
-15
-21
-18
-21
-25
-25
-28
-25
-19
-18
-21
-23
-21
-17
-14
-13
-11
-12
-12
-11
-8
-7
-2
-5
0
5
5
10
16
22
27
32
34
36
36
35
34
36
33
33
33
36
38
37
41
40
39
42
41
43
43
40
42
41
45
46
45
38
30
21
12
8
5
-1
-4
-7
-11
-8
-10
-13
-14
-16
-16
-19
-18
-16
-21
-23
-24
-25
-26
-23
-22
-28
-32
-41
-44
-47
-51
-55
-54
-56
-59
-69
-74
-75
-76
-69
-63
-50
-45
-41
-41
-36
-35
-37
-36
-32
-27
-26
-17
-10
1
6
8
9
9
15
19
27
31
40
41
44
49
49
56
63
69
74
83
82
82
80
77
76
70
64
57
50
43
39
35
31
29
18
17
9
9
0
-6
-7
-14
-15
-16
-13
-15
-20
-22
-24
-30
-36
-42
-52
-53
-52
-54
-50
-46
-47
-50
-51
-52
-52
-53
-53
-47
-39
-34
-28
-21
-15
-7
1
5
12
21
26
35
40
42
46
47
42
44
38
36
37
34
34
31
31
26
20
17
10
4
0
-3
-4
-4
0
4
13
17
17
19
19
17
14
12
6
8
7
10
11
10
8
3
5
6
2
-5
-14
-20
-33
-44
-48
-53
-53
-50
-44
-39
-31
-21
-13
-15
-17
-14
-10
-9
-13
-14
-20
-21
-25
-28
-29
-25
-21
-14
-3
-1
0
-4
-6
-13
-21
-19
-12
-6
1
9
14
14
14
10
15
20
17
18
23
24
21
22
19
15
17
22
27
31
34
31
28
28
19
12
12
12
16
18
24
32
34
33
30
25
17
14
4
-7
-13
-18
-22
-17
-23
-26
-24
-20
-18
-10
1
10
24
28
39
41
41
44
38
36
32
24
25
17
8
1
-12
-19
-30
-41
-51
-61
-68
-70
-69
-99
-82
-87
-80
-90
-101
-77
-81
-67
-71
-55
-30
-7
14
28
53
72
95
104
118
144
157
187
183
175
175
181
171
144
145
133
122
84
46
15
-12
-47
-89
-117
-141
-175
-210
-239
-258
-291
-307
-332
-355
-370
-378
-383
-392
-387
-382
-355
-336
-293
-250
-208
-164
-106
-40
8
82
149
211
268
309
370
412
448
482
521
560
579
589
601
608
589
575
556
527
488
428
392
327
272
224
181
118
68
25
-23
-55
-110
-139
-171
-202
-222
-256
-254
-267
-272
-284
-289
-273
-274
-264
-267
-279
-289
-293
-280
-308
-321
-358
-382
-418
-469
-509
-550
-593
-664
-705
-725
-728
-720
-721
-661
-589
-518
-443
-366
-286
-204
-101
-28
72
181
298
378
448
548
650
776
858
924
994
1060
1117
1152
1147
1147
1159
1128
1088
1025
976
936
853
784
692
642
579
521
471
433
365
294
227
157
109
50
-11
-88
-148
-190
-265
-331
-382
-424
-458
-514
-552
-600
-632
-655
-699
-736
-740
-768
-816
-854
-884
-909
-924
-954
-1031
-1089
-1165
-1270
-1434
-1489
-1629
-1660
-1761
-1864
-1913
-1968
-1949
-2000
-1933
-1789
-1624
-1426
-1272
-1059
-797
-467
-184
90
410
753
1122
1429
1774
2084
2445
2741
2960
3129
3349
3584
3630
3686
3680
3751
3706
3587
3445
3266
3107
2926
2646
2384
2111
1917
1610
1344
1042
833
597
316
26
-259
-495
-761
-994
-1228
-1393
-1568
-1710
-1775
-1904
-1929
-1917
-1930
-1938
-1954
-1874
-1862
-1787
-1774
-1735
-1671
-1673
-1649
-1661
-1564
-1582
-1576
-1610
-1610
-1613
-1766
-1775
-1929
-1848
-1941
-2113
-2159
-2268
-2114
-2234
-2206
-2115
-1874
-1560
-1429
-1232
-1027
-590
-227
118
402
742
1227
1544
1814
2066
2425
2763
3020
3129
3275
3560
3665
3762
3644
3598
3634
3468
3327
3119
2959
2787
2546
2282
1985
1812
1607
1355
1089
924
692
488
242
-68
-319
-615
-804
-1072
-1260
-1397
-1568
-1702
-1849
-1906
-1914
-1893
-1966
-1962
-1847
-1803
-1783
-1782
-1743
-1677
-1678
-1689
-1768
-1763
-1706
-1658
-1575
-1541
-1402
-1286
-1220
-1189
-1085
-1242
-1332
-1448
-1656
-1554
-1888
-1988
-2170
-2236
-2159
-2348
-2362
-2274
-1861
-1533
-1353
-1090
-758
-159
185
483
783
1215
1725
2028
2314
2530
2990
3299
3525
3599
3658
3927
4039
4054
3893
3948
3928
3842
3600
3389
3189
2992
2817
2456
2057
1506
1217
833
408
-83
-604
-708
-1175
-1488
-1808
-2083
-2189
-2213
-2165
-2380
-2340
-2100
-1866
-1817
-1761
-1434
-1195
-1104
-1079
-931
-762
-665
-665
-676
-644
-670
-618
-653
-809
-831
-706
-686
-846
-871
-776
-713
-856
-963
-885
-941
-1172
-1538
-1709
-1927
-2052
-2354
-2672
-2851
-2989
-2854
-2960
-3030
-2847
-2518
-2078
-1817
-1576
-1025
-350
137
518
927
1470
2082
2453
2685
2978
3347
3700
3968
4077
4105
4330
4433
4471
4388
4352
4314
4194
4011
3740
3536
3234
2942
2594
2217
1543
979
738
102
-409
-1243
-1496
-1835
-2325
-2555
-2901
-2950
-3004
-2837
-2833
-2819
-2532
-2194
-1903
-1909
-1572
-1132
-765
-629
-630
-410
-153
64
27
82
133
215
297
149
193
170
358
305
59
101
105
24
-261
-414
-557
-873
-1095
-1486
-1882
-2310
-2621
-3026
-3329
-3730
-3875
-4025
-4098
-4036
-4078
-3809
-3460
-3108
-2757
-2419
-1933
-1479
-999
-506
-74
340
904
1425
1799
2226
2687
3234
3653
3935
4282
4562
4917
5059
5133
5133
5222
5149
4989
4753
4421
4136
3861
3552
3129
2565
1912
1605
1164
633
54
-380
-493
-1053
-1309
-1533
-1730
-1837
-1892
-1774
-1923
-1853
-1550
-1244
-1246
-1169
-851
-653
-606
-586
-388
-319
-227
-226
-223
-226
-373
-335
-437
-587
-701
-816
-856
-1182
-1389
-1414
-1438
-1703
-1926
-1958
-2129
-2343
-2601
-2754
-3170
-3423
-3748
-3953
-4273
-4575
-4465
-4556
-4461
-4487
-4277
-3880
-3466
-3006
-2618
-1996
-1447
-812
-234
347
849
1308
1976
2430
2841
3204
3680
4150
4380
4605
4803
5173
5342
5497
5579
5603
5711
5709
5686
5469
5169
4928
4659
4284
3769
3070
2695
2204
1535
861
281
-59
-548
-999
-1311
-1640
-1818
-1904
-1923
-2044
-2180
-2007
-1724
-1625
-1700
-1472
-1292
-1308
-1426
-1426
-1431
-1621
-1749
-1916
-2092
-2312
-2306
-2240
-2330
-2398
-2263
-2046
-1990
-2045
-1851
-1751
-1884
-2018
-2020
-2008
-2287
-2528
-2712
-2880
-3321
-3476
-3708
-3831
-4126
-4314
-4159
-4127
-3878
-3718
-3342
-2950
-2523
-1952
-1364
-850
-388
235
894
1372
1755
2145
2650
2997
3241
3566
3954
4338
4643
4915
5187
5568
5896
6292
6400
6479
6591
6684
6617
6294
5995
5538
5092
4427
3701
3082
2383
1716
903
300
-229
-693
-1097
-1405
-1643
-1955
-1996
-2077
-2122
-2279
-2331
-2325
-2475
-2589
-2686
-2729
-2900
-3100
-3269
-3365
-3389
-3445
-3425
-3442
-3371
-3273
-3151
-2833
-2736
-2531
-2345
-2023
-1851
-1712
-1560
-1551
-1558
-1677
-1687
-1845
-2033
-2171
-2314
-2414
-2799
-2840
-3040
-3118
-3257
-3453
-3211
-3246
-2983
-2888
-2640
-2329
-1958
-1445
-1104
-759
-463
98
629
982
1410
1785
2370
2790
3209
3684
4176
4778
5223
5598
5803
6190
6463
6741
6751
6565
6624
6465
6299
5841
5473
5034
4548
3952
3312
2751
2165
1642
1021
384
-144
-556
-881
-1401
-1907
-2302
-2495
-2756
-3010
-3255
-3475
-3654
-3818
-3858
-3899
-3951
-3958
-3989
-3911
-3919
-3870
-3728
-3566
-3420
-3274
-3017
-2831
-2589
-2313
-2025
-1771
-1531
-1293
-1062
-818
-692
-679
-662
-504
-494
-535
-667
-800
-968
-1462
-1636
-1890
-2137
-2341
-2749
-2756
-2908
-2931
-2917
-2913
-2733
-2445
-1965
-1623
-1294
-874
-289
268
664
1158
1655
2269
2777
3214
3567
4030
4518
4897
5227
5466
5852
6150
6375
6423
6372
6446
6384
6208
5857
5486
5165
4765
4292
3650
3069
2291
1702
1213
300
-321
-1117
-1429
-2064
-2704
-3066
-3479
-3802
-4139
-4236
-4454
-4618
-4603
-4423
-4399
-4557
-4314
-4132
-4085
-4018
-3828
-3577
-3394
-3192
-2974
-2614
-2425
-1936
-1524
-1260
-908
-619
-40
134
317
470
718
783
667
663
578
403
158
44
-231
-709
-964
-1461
-1648
-2260
-2449
-2596
-2829
-2830
-3061
-2832
-2701
-2385
-2118
-1878
-1494
-1168
-581
-76
455
786
1331
1927
2342
2798
3241
3812
4184
4511
4790
5096
5502
5692
5991
5970
6043
6003
5985
5802
5362
5029
4625
4259
3524
2882
2297
1736
1111
353
-54
-617
-1066
-1522
-1952
-2313
-2730
-2812
-3035
-3271
-3516
-3565
-3462
-3554
-3532
-3546
-3513
-3491
-3421
-3248
-3178
-3023
-2862
-2635
-2467
-2244
-1915
-1498
-1213
-1098
-802
-515
-305
-254
-160
-90
-123
-163
-159
-217
-385
-502
-795
-1043
-1477
-1867
-2052
-2558
-2830
-3350
-3508
-3621
-3750
-3700
-3734
-3482
-3255
-2803
-2412
-2099
-1706
-1248
-658
-219
315
811
1412
2096
2625
3181
3671
4206
4650
5067
5359
5660
5904
6097
6233
6064
6072
6006
5974
5712
5304
5024
4628
4279
3726
3213
2707
2149
1620
1046
439
-150
-551
-1006
-1537
-2070
-2387
-2478
-2744
-2943
-3090
-3110
-3140
-3158
-3166
-3176
-3222
-3175
-3051
-3019
-2957
-2937
-2826
-2710
-2738
-2573
-2319
-2052
-1884
-1727
-1493
-1318
-1110
-1075
-903
-802
-720
-729
-754
-794
-912
-1086
-1244
-1479
-1682
-2066
-2286
-2662
-3023
-3235
-3622
-3590
-3796
-3774
-3652
-3561
-3278
-2825
-2286
-1887
-1484
-1020
-449
120
639
1138
1593
2160
2652
3144
3556
3976
4552
4957
5224
5411
5679
6039
6240
6182
6076
6113
6153
6070
5759
5510
5172
4867
4432
3881
3360
2828
2358
1720
1032
467
-9
-380
-917
-1393
-1796
-2050
-2336
-2643
-2904
-3143
-3225
-3319
-3316
-3398
-3467
-3485
-3538
-3554
-3657
-3605
-3594
-3508
-3477
-3413
-3190
-2998
-2759
-2580
-2428
-2202
-1994
-1793
-1596
-1433
-1326
-1191
-1106
-1060
-1002
-1123
-1117
-1278
-1442
-1850
-1986
-2308
-2554
-2790
-3143
-3096
-3251
-3185
-3204
-3105
-2753
-2372
-1925
-1526
-1167
-680
-17
574
1017
1496
1954
2477
2878
3294
3739
4080
4539
4846
5065
5197
5472
5771
5975
6027
6025
6103
6203
6197
5984
5806
5600
5277
4788
4229
3699
3233
2623
1979
1255
598
55
-446
-1084
-1695
-2195
-2583
-2859
-3237
-3563
-3728
-3823
-3884
-3966
-4117
-4110
-4124
-4163
-4225
-4233
-4192
-4137
-4072
-4046
-3890
-3682
-3420
-3098
-2834
-2492
-2051
-1698
-1388
-1037
-697
-382
-155
1
164
207
188
126
-1
-124
-380
-771
-984
-1484
-1699
-2147
-2467
-2596
-2880
-2881
-3061
-2970
-2776
-2421
-2061
-1771
-1433
-929
-340
128
659
1107
1614
2153
2534
3000
3361
3784
4178
4433
4654
4925
5320
5591
5828
5885
6102
6252
6396
6292
6144
5975
5580
5284
4744
4193
3540
2907
2273
1410
644
-80
-662
-1302
-1982
-2528
-2973
-3248
-3565
-3781
-4083
-4274
-4349
-4443
-4471
-4547
-4534
-4445
-4348
-4307
-4229
-4066
-3939
-3731
-3534
-3220
-2812
-2401
-1949
-1615
-1145
-743
-370
-12
266
593
794
975
1031
1072
954
783
523
291
-183
-575
-985
-1561
-1938
-2576
-2855
-3186
-3421
-3506
-3617
-3515
-3320
-3040
-2757
-2466
-2124
-1624
-1107
-612
-81
351
1001
1581
2104
2628
3086
3591
4036
4396
4647
4958
5287
5607
5774
5778
5918
5990
6104
5946
5785
5582
5299
4963
4466
3956
3356
2771
2162
1426
720
105
-436
-1010
-1599
-2167
-2620
-2986
-3325
-3597
-3886
-3953
-4014
-4013
-4015
-4027
-3915
-3743
-3601
-3421
-3214
-3019
-2782
-2599
-2354
-2154
-1931
-1624
-1393
-1168
-959
-609
-352
-151
56
176
378
428
507
495
329
197
-44
-223
-589
-1006
-1337
-1919
-2277
-2839
-3140
-3398
-3727
-3855
-4025
-4018
-3865
-3530
-3199
-2817
-2427
-1843
-1167
-573
103
621
1262
1928
2450
2945
3329
3754
4132
4496
4725
4879
5151
5337
5536
5505
5577
5663
5800
5793
5594
5440
5158
4899
4515
4043
3486
2812
2362
1713
967
206
-420
-823
-1578
-2216
-2615
-2868
-3262
-3444
-3537
-3585
-3593
-3527
-3305
-3344
-3296
-2971
-2656
-2592
-2555
-2354
-2167
-2064
-1965
-1780
-1667
-1648
-1393
-1148
-925
-816
-543
-179
-73
-12
35
185
88
-80
-232
-401
-667
-1053
-1300
-1749
-2272
-2729
-3145
-3444
-4118
-4370
-4533
-4615
-4655
-4691
-4344
-3903
-3409
-2899
-2312
-1732
-1066
-398
209
828
1319
1980
2558
3014
3419
3833
4321
4636
4848
5038
5349
5714
5919
6141
6249
6402
6430
6439
6286
5998
5654
5284
4877
4344
3674
3167
2656
1980
1274
620
56
-478
-1074
-1551
-1962
-2367
-2613
-2771
-3075
-3405
-3556
-3534
-3522
-3629
-3611
-3467
-3405
-3370
-3284
-3170
-3043
-2909
-2740
-2588
-2484
-2280
-2046
-1793
-1667
-1536
-1286
-1111
-1046
-1004
-879
-794
-840
-862
-932
-1038
-1240
-1340
-1533
-1805
-2266
-2520
-2928
-3278
-3558
-3885
-3827
-4028
-3918
-3774
-3446
-3027
-2619
-2061
-1606
-1126
-641
-2
606
1167
1725
2138
2725
3136
3569
4065
4445
4848
5122
5440
5635
5927
6087
6236
6268
6148
6152
6096
5995
5630
5315
4975
4564
4132
3604
3036
2458
1921
1313
700
104
-425
-817
-1359
-1847
-2276
-2519
-2758
-3028
-3274
-3526
-3592
-3682
-3668
-3661
-3587
-3454
-3325
-3161
-3026
-2873
-2746
-2608
-2488
-2334
-2137
-1914
-1601
-1439
-1268
-1096
-959
-868
-872
-752
-765
-847
-888
-1026
-1146
-1432
-1642
-1879
-2167
-2565
-2847
-3173
-3489
-3777
-4114
-4051
-4175
-4099
-3999
-3872
-3447
-2969
-2401
-1898
-1387
-799
-148
535
1073
1607
2060
2565
2963
3366
3784
4116
4511
4761
5040
5229
5485
5726
5884
5950
5912
5993
5956
5897
5680
5494
5155
4765
4330
3860
3350
2763
2233
1631
959
412
-92
-510
-965
-1436
-1722
-1853
-1999
-2183
-2309
-2380
-2422
-2450
-2424
-2445
-2497
-2501
-2482
-2457
-2483
-2427
-2372
-2321
-2333
-2264
-2145
-2068
-1938
-1793
-1624
-1465
-1298
-1173
-1060
-992
-975
-915
-1040
-1259
-1500
-1821
-2057
-2409
-2716
-3105
-3504
-3724
-4084
-4198
-4446
-4403
-4320
-4243
-3990
-3837
-3417
-2983
-2378
-1821
-1310
-791
-242
372
774
1293
1747
2181
2627
3012
3488
3894
4330
4729
5082
5339
5580
5914
6060
6163
6145
6202
6137
6031
5791
5473
5096
4620
4145
3640
3091
2478
2021
1554
1012
521
103
-207
-595
-945
-1212
-1439
-1533
-1725
-1914
-2153
-2291
-2328
-2372
-2485
-2599
-2580
-2559
-2546
-2579
-2443
-2313
-2185
-2095
-1999
-1841
-1702
-1536
-1405
-1354
-1382
-1339
-1283
-1308
-1462
-1599
-1750
-1971
-2143
-2360
-2474
-2724
-2888
-3045
-3144
-3420
-3667
-3732
-3976
-3966
-4226
-4164
-4147
-4154
-3968
-3779
-3401
-3026
-2584
-2153
-1665
-1158
-490
263
814
1467
1973
2643
3195
3636
4141
4451
4835
5046
5303
5498
5651
5866
5963
6069
5945
5980
5894
5880
5673
5490
5224
4901
4641
4158
3815
3289
2836
2296
1695
1203
696
327
-108
-480
-878
-1113
-1291
-1543
-1708
-1923
-1983
-2098
-2088
-2068
-2085
-2014
-2014
-1953
-2053
-2120
-2240
-2311
-2421
-2546
-2539
-2592
-2572
-2686
-2659
-2620
-2629
-2563
-2572
-2458
-2501
-2494
-2435
-2483
-2575
-2758
-2880
-3097
-3230
-3485
-3763
-4023
-4221
-4402
-4449
-4586
-4514
-4439
-4275
-3871
-3558
-3114
-2463
-1854
-1241
-693
-157
516
1088
1583
2064
2412
2790
3217
3590
3948
4233
4504
4838
5133
5378
5634
5928
6101
6273
6342
6396
6419
6388
6164
5968
5627
5304
4969
4467
4019
3394
2889
2400
1910
1466
1065
713
343
29
-244
-477
-701
-926
-1161
-1446
-1636
-1825
-1951
-2172
-2434
-2691
-2901
-3028
-3221
-3312
-3470
-3501
-3575
-3619
-3587
-3578
-3490
-3491
-3385
-3285
-3198
-3115
-3105
-3093
-3212
-3320
-3395
-3556
-3671
-3772
-3826
-3933
-3946
-3996
-4038
-4124
-4106
-4066
-3883
-3787
-3700
-3362
-3138
-2757
-2491
-2091
-1629
-1195
-692
-219
226
707
1251
1700
2123
2460
2860
3354
3784
4246
4564
4943
5409
5777
6068
6273
6468
6630
6777
6752
6680
6561
6434
6189
5863
5489
5139
4821
4429
4029
3543
3130
2769
2470
2056
1643
1218
881
414
-26
-462
-793
-1103
-1463
-1864
-2273
-2550
-2817
-3033
-3312
-3545
-3703
-3746
-3850
-3949
-4007
-4070
-4018
-4031
-4016
-3971
-3924
-3865
-3789
-3758
-3653
-3627
-3563
-3547
-3536
-3510
-3470
-3468
-3442
-3426
-3424
-3392
-3401
-3320
-3272
-3369
-3339
-3342
-3282
-3158
-3218
-3001
-2845
-2612
-2327
-2076
-1678
-1198
-676
-197
216
613
1131
1631
2042
2441
2799
3247
3667
3998
4384
4655
5017
5386
5684
5883
6063
6329
6518
6627
6608
6659
6616
6518
6312
6022
5683
5318
4936
4437
3789
3229
2778
2327
1748
1174
698
306
-94
-555
-889
-1168
-1442
-1694
-1984
-2316
-2549
-2711
-2843
-3098
-3347
-3527
-3642
-3712
-3891
-4039
-4138
-4150
-4191
-4183
-4152
-4120
-4042
-3876
-3781
-3676
-3576
-3467
-3360
-3413
-3386
-3377
-3325
-3284
-3303
-3313
-3279
-3291
-3217
-3163
-3022
-3103
-3069
-2922
-2871
-2680
-2747
-2464
-2260
-2003
-1691
-1443
-1046
-673
-214
152
534
842
1355
1781
2111
2531
2854
3284
3709
4021
4360
4746
5163
5540
5815
6011
6201
6448
6696
6823
6775
6750
6586
6441
6128
5821
5419
4959
4482
3910
3372
2857
2482
2136
1658
1181
777
528
143
-236
-654
-971
-1225
-1593
-1889
-2273
-2489
-2768
-3006
-3268
-3545
-3683
-3787
-3883
-4056
-4189
-4300
-4265
-4308
-4341
-4313
-4264
-4106
-4040
-3975
-3948
-3892
-3839
-3857
-3924
-4044
-3973
-3956
-3987
-4010
-4020
-3899
-3835
-3733
-3635
-3456
-3333
-3308
-3023
-2899
-2580
-2528
-2411
-2112
-1964
-1583
-1333
-976
-625
-193
222
624
985
1396
1969
2343
2820
3185
3633
4064
4351
4723
5055
5440
5771
6098
6342
6505
6756
6946
7083
7028
6933
6870
6682
6533
6236
5985
5554
5124
4678
4177
3708
3207
2773
2274
1719
1230
844
429
-66
-540
-1003
-1313
-1692
-2049
-2326
-2677
-2960
-3268
-3572
-3804
-4076
-4328
-4544
-4799
-4969
-5138
-5240
-5314
-5449
-5524
-5548
-5435
-5262
-5105
-4895
-4744
-4537
-4443
-4348
-4323
-4280
-4188
-4097
-3943
-3895
-3794
-3662
-3453
-3263
-3081
-2775
-2633
-2394
-2089
-1787
-1442
-1350
-965
-620
-341
23
211
556
884
1291
1595
1883
2090
2435
2819
3084
3475
3742
4135
4457
4747
5051
5380
5731
6066
6376
6601
6818
7072
7241
7292
7149
7057
6954
6715
6349
5916
5467
4951
4413
3860
3261
2684
2152
1611
1073
532
35
-364
-847
-1361
-1852
-2255
-2557
-2944
-3330
-3763
-4095
-4379
-4675
-5004
-5314
-5593
-5838
-6015
-6180
-6244
-6214
-6132
-6076
-5950
-5798
-5508
-5219
-4963
-4672
-4419
-4123
-3825
-3632
-3468
-3353
-3182
-2995
-2808
-2627
-2446
-2188
-1896
-1594
-1291
-898
-543
-197
-83
216
484
736
1011
1094
1393
1479
1653
1765
1815
1845
1919
2037
2094
2174
2282
2527
2748
2965
3242
3510
3910
4228
4546
4901
5194
5527
5805
6058
6188
6306
6409
6475
6384
6166
6037
5722
5421
4992
4640
4176
3775
3292
2738
2133
1581
1105
562
31
-561
-963
-1421
-1905
-2349
-2809
-3155
-3581
-3926
-4301
-4640
-4963
-5252
-5432
-5706
-5875
-6053
-6100
-6102
-6140
-6048
-5922
-5713
-5511
-5194
-4892
-4536
-4210
-3867
-3499
-3223
-2944
-2681
-2481
-2294
-2111
-1929
-1717
-1560
-1345
-1158
-872
-615
-327
-50
263
575
709
884
1144
1213
1415
1333
1267
1259
1092
1089
905
773
735
799
879
980
1089
1299
1630
1897
2268
2605
2980
3443
3838
4281
4654
5086
5505
5838
6081
6203
6345
6407
6435
6269
6076
5868
5617
5378
4954
4532
4039
3547
3023
2474
1911
1390
850
318
-156
-654
-1084
-1502
-1968
-2408
-2866
-3234
-3628
-4023
-4462
-4842
-5126
-5395
-5593
-5820
-5931
-6022
-6025
-5995
-5904
-5694
-5459
-5192
-4945
-4566
-4215
-3865
-3525
-3295
-3021
-2801
-2516
-2296
-2131
-1930
-1763
-1529
-1359
-1090
-910
-656
-425
-190
143
393
725
941
1152
1158
1239
1224
1087
1014
678
657
446
354
198
13
83
123
329
504
762
1035
1434
1884
2249
2716
3093
3611
4008
4460
4896
5307
5713
5982
6209
6349
6505
6593
6589
6521
6278
6153
5836
5565
5029
4517
3969
3357
2820
2073
1477
797
247
-324
-900
-1406
-1874
-2254
-2742
-3174
-3749
-4152
-4622
-5037
-5408
-5825
-6096
-6358
-6467
-6584
-6674
-6698
-6593
-6443
-6275
-5942
-5629
-5262
-4884
-4486
-4074
-3685
-3227
-2951
-2572
-2288
-1944
-1570
-1348
-1002
-782
-436
-173
118
418
608
917
1129
1438
1639
1887
2050
2165
2164
2022
2066
1869
1834
1488
1283
1194
1007
1045
906
889
910
1078
1217
1420
1662
1929
2362
2614
3037
3395
3779
4272
4588
4928
5241
5580
5905
6122
6189
6186
6153
6012
5924
5597
5263
4854
4370
3878
3283
2760
2111
1514
778
74
-531
-1198
-1751
-2318
-2843
-3336
-3775
-4184
-4609
-5027
-5415
-5713
-6024
-6247
-6491
-6596
-6662
-6693
-6715
-6686
-6525
-6336
-6056
-5787
-5432
-5044
-4564
-4026
-3549
-2990
-2560
-2064
-1588
-1195
-765
-402
-30
263
539
793
1044
1324
1510
1729
1830
2025
2150
2281
2361
2373
2475
2518
2570
2477
2294
2195
1923
1757
1521
1288
1196
1047
998
893
828
917
1061
1222
1413
1576
1881
2273
2517
2870
3129
3409
3735
4029
4370
4592
4810
5016
5156
5188
5159
5074
4899
4657
4280
3826
3329
2836
2279
1682
1087
419
-173
-746
-1306
-1878
-2436
-2878
-3272
-3718
-4087
-4409
-4657
-4924
-5186
-5404
-5595
-5706
-5786
-5869
-5938
-5903
-5830
-5730
-5567
-5380
-5082
-4675
-4283
-3895
-3400
-2896
-2389
-1916
-1432
-927
-495
-126
229
543
823
1061
1312
1510
1689
1854
2004
2172
2222
2279
2245
2238
2296
2329
2351
2336
2341
2329
2294
2109
1990
1834
1557
1406
1067
961
806
654
586
414
415
469
577
686
811
978
1253
1629
1953
2317
2576
2910
3191
3447
3734
3938
4074
4166
4191
4103
3988
3815
3617
3233
2739
2326
1822
1367
769
168
-426
-971
-1469
-1966
-2358
-2800
-3140
-3413
-3665
-3926
-4170
-4235
-4366
-4517
-4719
-4807
-4870
-4996
-5072
-5183
-5177
-5123
-4990
-4789
-4571
-4243
-3821
-3333
-2830
-2354
-1882
-1318
-795
-405
17
337
719
1036
1316
1544
1662
1824
1909
1956
1969
1985
1971
1995
1985
1924
1979
2010
2087
2138
2185
2208
2199
2162
2097
1960
1769
1718
1487
1257
980
682
595
406
320
161
70
113
284
448
606
821
997
1319
1574
1848
2125
2313
2517
2662
2779
2814
2832
2776
2649
2424
2142
1910
1584
1319
917
504
134
-164
-493
-905
-1264
-1707
-1979
-2291
-2531
-2724
-2916
-3057
-3233
-3387
-3450
-3507
-3592
-3689
-3836
-3896
-3896
-3889
-3893
-3930
-3864
-3738
-3475
-3156
-2858
-2464
-2075
-1557
-1099
-703
-280
65
419
741
1026
1221
1498
1675
1780
1824
1836
1946
1999
2046
2067
2070
2147
2235
2306
2303
2338
2297
2321
2361
2311
2280
2200
2093
1934
1838
1624
1357
1173
839
673
388
265
189
35
-21
-137
-148
-110
-4
49
76
49
124
302
366
517
518
551
622
618
695
733
778
759
697
536
366
230
65
-92
-421
-721
-948
-1147
-1323
-1539
-1695
-1889
-1974
-2035
-2189
-2223
-2256
-2278
-2265
-2292
-2261
-2236
-2207
-2237
-2289
-2272
-2142
-2047
-1974
-1935
-1841
-1614
-1327
-1096
-870
-601
-287
122
444
786
1015
1248
1525
1686
1883
2001
2064
2087
2047
2020
1953
1994
2065
2070
2100
2123
2145
2172
2131
2051
1972
1868
1827
1750
1712
1625
1456
1282
1123
999
821
483
239
-31
-251
-494
-774
-930
-1147
-1317
-1453
-1505
-1496
-1476
-1433
-1477
-1542
-1545
-1458
-1339
-1266
-1172
-1125
-972
-834
-691
-558
-450
-352
-246
-220
-178
-165
-138
-138
-249
-291
-312
-345
-360
-422
-490
-502
-522
-446
-398
-443
-400
-329
-257
-238
-183
-143
-127
-123
-195
-216
-251
-223
-297
-336
-349
-320
-180
-119
-31
56
226
457
638
796
953
1104
1247
1400
1529
1624
1678
1692
1677
1628
1595
1560
1540
1513
1409
1376
1411
1376
1357
1268
1163
1086
992
930
871
717
610
474
385
257
111
-20
-284
-593
-926
-1187
-1486
-1856
-2116
-2423
-2638
-2784
-2992
-3099
-3105
-3083
-3062
-2966
-2849
-2621
-2320
-2022
-1735
-1481
-1222
-984
-719
-564
-436
-270
-121
9
32
127
234
347
468
559
694
845
1035
1170
1330
1507
1680
1908
2030
2033
2073
2052
1971
1884
1662
1474
1303
1096
905
685
542
379
254
152
75
143
234
374
431
527
663
813
946
982
1036
1033
1053
1055
1054
965
878
840
725
617
507
459
401
355
318
221
228
245
204
172
117
70
-2
-118
-254
-435
-604
-838
-1040
-1239
-1430
-1603
-1819
-2099
-2274
-2508
-2705
-2885
-3106
-3200
-3299
-3334
-3340
-3371
-3336
-3198
-3011
-2822
-2657
-2449
-2184
-1964
-1717
-1460
-1207
-926
-644
-408
-148
149
437
767
1078
1359
1693
2068
2427
2766
2988
3228
3437
3607
3729
3721
3696
3603
3473
3292
3035
2827
2590
2308
2047
1801
1613
1430
1237
1048
857
713
605
558
511
468
505
493
478
492
473
409
364
267
150
6
-74
-147
-243
-307
-364
-383
-433
-448
-476
-475
-438
-441
-428
-420
-421
-382
-423
-509
-611
-715
-839
-1028
-1291
-1471
-1653
-1840
-2011
-2184
-2309
-2443
-2521
-2559
-2671
-2752
-2777
-2800
-2779
-2824
-2852
-2792
-2804
-2791
-2827
-2831
-2753
-2669
-2584
-2437
-2322
-2122
-1804
-1483
-1087
-684
-264
184
661
1094
1537
1979
2489
2930
3305
3656
3963
4219
4385
4440
4386
4293
4207
4084
3899
3674
3448
3235
2999
2762
2526
2335
2162
2021
1859
1772
1707
1641
1558
1460
1380
1258
1117
949
748
541
382
162
-67
-313
-579
-753
-918
-1013
-1084
-1198
-1221
-1224
-1213
-1205
-1243
-1235
-1263
-1292
-1378
-1454
-1497
-1556
-1692
-1806
-1981
-2085
-2116
-2197
-2258
-2389
-2389
-2426
-2402
-2361
-2338
-2270
-2232
-2152
-2117
-1980
-1963
-1930
-1910
-1999
-1977
-2079
-2127
-2263
-2388
-2436
-2526
-2463
-2434
-2331
-2172
-1930
-1673
-1375
-1049
-673
-210
171
669
1164
1626
2127
2548
2966
3281
3578
3848
4069
4226
4339
4413
4434
4458
4388
4306
4218
4073
3929
3761
3612
3503
3442
3289
3187
3062
2970
2913
2801
2693
2527
2363
2109
1839
1483
1133
821
439
95
-260
-577
-845
-1089
-1316
-1519
-1707
-1896
-2035
-2148
-2246
-2308
-2358
-2394
-2488
-2563
-2680
-2776
-2869
-2975
-3044
-3145
-3176
-3179
-3183
-3171
-3120
-3079
-3025
-2936
-2829
-2658
-2531
-2411
-2281
-2180
-2087
-2006
-1965
-1929
-1840
-1827
-1821
-1807
-1772
-1747
-1738
-1695
-1674
-1652
-1530
-1390
-1221
-1013
-760
-499
-197
142
462
806
1094
1403
1721
2071
2384
2655
2944
3208
3491
3711
3967
4176
4370
4548
4693
4773
4804
4840
4881
4877
4810
4712
4579
4432
4272
4078
3871
3633
3359
3136
2875
2623
2334
2004
1686
1299
902
504
113
-224
-577
-974
-1334
-1652
-1937
-2214
-2509
-2720
-2955
-3155
-3317
-3506
-3675
-3821
-3940
-4006
-4062
-4151
-4170
-4160
-4155
-4113
-4025
-3894
-3746
-3615
-3464
-3304
-3112
-2928
-2726
-2498
-2259
-2057
-1851
-1655
-1504
-1376
-1271
-1173
-1076
-981
-889
-775
-679
-569
-462
-358
-224
-66
113
263
399
518
643
727
835
948
1045
1185
1303
1449
1603
1729
1903
2059
2233
2400
2569
2774
3008
3201
3396
3601
3782
3994
4162
4281
4404
4483
4570
4594
4540
4423
4334
4177
4002
3806
3581
3344
3072
2785
2488
2163
1799
1445
1065
703
328
-31
-382
-768
-1173
-1536
-1895
-2243
-2580
-2935
-3252
-3555
-3810
-4047
-4246
-4414
-4553
-4682
-4776
-4844
-4897
-4902
-4859
-4804
-4698
-4556
-4351
-4088
-3840
-3602
-3354
-3068
-2792
-2523
-2250
-1978
-1700
-1449
-1234
-999
-821
-664
-522
-352
-236
-70
65
209
387
515
706
859
1045
1229
1395
1552
1688
1813
1914
2018
2117
2209
2252
2271
2270
2263
2257
2241
2231
2181
2204
2198
2222
2295
2377
2475
2532
2624
2711
2817
2906
2955
2991
3046
3097
3092
3122
3100
3058
3006
2865
2751
2559
2337
2166
1946
1773
1535
1286
1002
720
409
99
-203
-490
-771
-1097
-1400
-1714
-1969
-2232
-2469
-2703
-2955
-3238
-3467
-3691
-3910
-4102
-4284
-4466
-4559
-4692
-4738
-4751
-4761
-4654
-4546
-4352
-4137
-3891
-3612
-3279
-2961
-2651
-2348
-2041
-1750
-1497
-1216
-968
-766
-582
-416
-238
-55
104
291
477
683
899
1126
1350
1634
1873
2104
2320
2463
2597
2702
2814
2852
2896
2883
2876
2883
2779
2688
2589
2467
2356
2233
2147
2091
2025
1962
1927
1900
1899
1896
1890
1926
1894
1889
1870
1851
1843
1809
1761
1720
1699
1650
1622
1546
1499
1437
1320
1210
1073
917
741
527
334
135
-57
-256
-477
-749
-972
-1171
-1385
-1560
-1805
-2064
-2374
-2696
-2976
-3208
-3404
-3677
-3875
-4064
-4221
-4362
-4477
-4577
-4626
-4618
-4518
-4413
-4244
-3977
-3736
-3462
-3179
-2864
-2534
-2190
-1906
-1595
-1288
-984
-678
-407
-160
112
401
735
1071
1401
1759
2050
2327
2578
2844
3082
3296
3478
3652
3809
3887
3939
3916
3856
3767
3624
3456
3275
3088
2868
2661
2478
2300
2106
1888
1662
1444
1235
1067
856
641
477
287
114
-52
-182
-273
-372
-450
-515
-517
-537
-511
-463
-411
-360
-294
-202
-112
-62
-20
21
23
0
-67
-76
-126
-181
-261
-393
-530
-662
-794
-962
-1108
-1280
-1447
-1621
-1816
-1994
-2164
-2318
-2518
-2679
-2833
-2977
-3083
-3163
-3185
-3211
-3236
-3225
-3166
-3066
-2921
-2758
-2541
-2287
-2000
-1697
-1381
-1036
-683
-353
-10
327
662
977
1273
1536
1791
2065
2319
2519
2688
2872
2996
3084
3174
3278
3335
3362
3360
3391
3378
3330
3255
3151
3029
2827
2600
2369
2120
1824
1517
1190
859
528
203
-70
-337
-565
-725
-895
-1025
-1127
-1234
-1268
-1265
-1253
-1184
-1125
-1053
-970
-882
-810
-794
-735
-667
-618
-540
-484
-438
-384
-310
-268
-207
-172
-142
-137
-128
-114
-143
-145
-194
-286
-370
-491
-634
-765
-932
-1072
-1206
-1355
-1460
-1572
-1674
-1773
-1926
-2022
-2112
-2176
-2182
-2169
-2119
-2043
-1919
-1780
-1647
-1478
-1291
-1098
-904
-670
-421
-173
73
343
590
813
1033
1236
1465
1658
1831
1967
2095
2248
2362
2500
2603
2692
2725
2753
2792
2778
2779
2706
2627
2470
2328
2187
1988
1787
1525
1277
972
674
363
68
-185
-471
-703
-870
-995
-1098
-1208
-1272
-1333
-1329
-1335
-1337
-1316
-1333
-1302
-1270
-1225
-1185
-1137
-1079
-1004
-936
-848
-727
-675
-572
-455
-339
-216
-90
32
107
201
249
313
382
368
352
317
286
263
214
155
77
14
-83
-191
-303
-398
-484
-549
-641
-722
-795
-886
-973
-1042
-1096
-1140
-1160
-1176
-1156
-1086
-1071
-994
-907
-832
-691
-555
-368
-201
-13
155
295
441
554
665
756
864
1002
1147
1280
1444
1553
1636
1705
1755
1770
1766
1735
1692
1597
1544
1464
1354
1258
1130
997
806
689
510
339
169
-33
-215
-384
-544
-732
-901
-1040
-1152
-1240
-1337
-1414
-1499
-1565
-1605
-1635
-1630
-1646
-1593
-1525
-1419
-1300
-1153
-933
-772
-622
-453
-275
-99
98
263
448
592
744
889
989
1127
1229
1349
1408
1474
1533
1556
1556
1499
1443
1364
1265
1146
1004
843
643
448
223
22
-162
-325
-487
-638
-753
-886
-1004
-1132
-1179
-1222
-1255
-1257
-1258
-1222
-1203
-1167
-1091
-1030
-950
-856
-744
-638
-535
-404
-287
-134
12
159
281
409
544
633
711
749
784
838
847
839
867
860
828
809
745
684
600
469
371
205
79
-42
-175
-278
-396
-503
-624
-747
-883
-1012
-1128
-1224
-1317
-1344
-1394
-1388
-1330
-1238
-1094
-966
-809
-665
-516
-338
-143
33
228
378
570
699
805
991
1142
1277
1409
1528
1650
1793
1913
2005
2075
2117
2141
2133
2071
1997
1879
1749
1572
1389
1198
951
667
405
139
-143
-400
-668
-886
-1113
-1304
-1474
-1619
-1771
-1926
-2025
-2123
-2157
-2174
-2194
-2176
-2117
-2041
-1939
-1797
-1673
-1497
-1350
-1214
-1039
-877
-683
-491
-308
-100
100
293
488
656
823
954
1033
1094
1121
1154
1148
1116
1091
1048
1027
987
933
848
738
646
532
390
251
105
-48
-179
-336
-450
-542
-639
-723
-772
-815
-807
-764
-741
-710
-653
-538
-464
-334
-179
-3
159
331
507
694
877
1052
1229
1395
1539
1637
1726
1794
1866
1938
2014
2084
2096
2087
2028
1924
1803
1665
1493
1283
1059
810
557
274
6
-239
-501
-767
-1037
-1307
-1574
-1804
-2025
-2229
-2402
-2568
-2709
-2839
-2888
-2931
-2946
-2908
-2896
-2820
-2707
-2573
-2371
-2175
-1998
-1748
-1494
-1224
-949
-679
-389
-123
128
350
548
764
976
1134
1272
1380
1431
1473
1531
1565
1630
1662
1644
1606
1504
1389
1299
1201
1067
943
803
637
480
321
174
22
-110
-160
-236
-275
-313
-353
-313
-263
-209
-111
-3
131
253
359
483
576
673
782
859
929
1022
1123
1212
1290
1379
1457
1515
1555
1611
1646
1673
1625
1549
1486
1354
1186
1014
820
592
365
139
-84
-337
-623
-908
-1216
-1492
-1721
-1935
-2091
-2244
-2393
-2525
-2643
-2743
-2825
-2878
-2925
-2951
-2930
-2874
-2756
-2614
-2464
-2260
-2061
-1848
-1623
-1374
-1135
-883
-647
-364
-85
159
430
635
832
1015
1197
1386
1548
1726
1856
1953
2010
2061
2110
2113
2097
2077
2034
1952
1870
1719
1579
1411
1233
1082
929
772
638
526
405
323
254
179
95
14
-46
-99
-159
-219
-243
-239
-265
-276
-283
-259
-227
-151
-58
1
105
213
294
386
456
526
562
602
610
602
574
510
458
377
291
197
109
-24
-163
-280
-397
-537
-664
-788
-939
-1090
-1224
-1379
-1516
-1630
-1722
-1806
-1866
-1921
-1984
-2010
-2025
-2008
-1985
-1940
-1846
-1742
-1637
-1475
-1300
-1148
-972
-773
-553
-365
-173
65
258
442
630
776
907
1025
1142
1256
1379
1472
1540
1646
1699
1780
1850
1868
1883
1875
1870
1840
1768
1725
1669
1557
1446
1323
1182
1026
857
744
630
523
445
368
273
184
85
-11
-88
-188
-289
-374
-446
-468
-499
-539
-523
-529
-538
-511
-509
-494
-475
-444
-398
-367
-342
-306
-250
-210
-156
-121
-118
-104
-120
-125
-147
-163
-144
-156
-184
-218
-239
-304
-395
-488
-608
-693
-773
-858
-938
-983
-1035
-1108
-1184
-1245
-1244
-1254
-1278
-1246
-1214
-1136
-1061
-1019
-943
-877
-797
-722
-604
-483
-357
-226
-104
28
149
278
379
498
644
765
902
1024
1157
1258
1379
1530
1636
1749
1819
1866
1841
1822
1792
1765
1740
1680
1593
1483
1364
1261
1131
994
845
691
540
355
197
45
-113
-268
-404
-531
-640
-744
-821
-913
-994
-1038
-1103
-1144
-1181
-1226
-1268
-1269
-1241
-1219
-1169
-1104
-1047
-1006
-934
-865
-833
-728
-631
-534
-418
-316
-208
-126
-31
22
93
116
163
196
197
242
276
309
340
350
339
310
255
224
172
125
45
-10
-82
-147
-165
-168
-185
-213
-238
-233
-218
-212
-188
-162
-135
-82
-23
40
122
195
281
371
452
538
624
681
779
836
920
965
1030
1109
1136
1170
1209
1257
1278
1261
1250
1221
1146
1028
891
733
581
446
311
167
23
-119
-252
-382
-526
-670
-837
-972
-1085
-1197
-1315
-1361
-1439
-1514
-1572
-1642
-1719
-1756
-1792
-1813
-1816
-1797
-1718
-1651
-1579
-1484
-1340
-1210
-1092
-937
-772
-587
-411
-254
-83
60
211
369
554
745
890
1036
1154
1260
1344
1446
1538
1584
1631
1662
1649
1630
1603
1531
1446
1353
1247
1121
974
846
697
543
418
285
168
69
-10
-90
-118
-171
-235
-277
-305
-307
-295
-276
-245
-222
-177
-113
-73
-35
18
63
112
160
188
249
304
308
300
287
263
203
145
65
-8
-89
-150
-225
-332
-423
-552
-671
-768
-845
-916
-990
-1064
-1139
-1201
-1266
-1341
-1380
-1415
-1468
-1487
-1493
-1509
-1510
-1490
-1471
-1428
-1358
-1287
-1183
-1064
-915
-747
-557
-373
-178
26
240
452
656
841
1055
1244
1425
1612
1759
1886
2005
2102
2169
2247
2259
2251
2233
2182
2068
1960
1858
1740
1658
1506
1381
1241
1087
918
706
546
351
169
25
-130
-258
-390
-501
-616
-723
-781
-845
-874
-914
-957
-971
-1005
-1025
-1020
-988
-947
-903
-826
-779
-726
-665
-607
-541
-459
-389
-311
-239
-223
-205
-209
-209
-241
-271
-313
-339
-376
-408
-465
-522
-589
-653
-707
-774
-816
-846
-851
-892
-900
-922
-952
-974
-978
-983
-973
-981
-986
-948
-918
-875
-815
-721
-633
-506
-386
-256
-104
34
181
305
513
700
873
1042
1172
1335
1480
1645
1793
1896
2029
2130
2196
2270
2316
2309
2288
2238
2191
2106
1994
1876
1739
1612
1474
1326
1180
1051
890
742
577
413
228
36
-135
-332
-492
-675
-829
-951
-1067
-1163
-1222
-1257
-1286
-1316
-1356
-1348
-1326
-1331
-1324
-1308
-1304
-1282
-1255
-1250
-1228
-1162
-1143
-1120
-1080
-1040
-983
-931
-905
-885
-887
-876
-838
-791
-748
-732
-681
-658
-651
-651
-636
-627
-660
-656
-646
-620
-593
-587
-554
-518
-446
-398
-354
-292
-211
-141
-61
50
133
244
305
374
497
580
696
793
909
1036
1149
1282
1380
1527
1660
1758
1878
1968
2030
2071
2129
2172
2166
2168
2141
2109
2034
1971
1892
1772
1666
1527
1406
1279
1135
971
800
628
437
249
70
-122
-291
-478
-679
-862
-998
-1128
-1273
-1368
-1488
-1591
-1696
-1798
-1882
-1938
-1970
-1992
-1978
-1972
-1967
-1956
-1922
-1868
-1809
-1734
-1652
-1560
-1499
-1415
-1270
-1164
-1066
-943
-852
-719
-597
-500
-408
-330
-247
-188
-109
-22
46
91
134
165
185
218
258
309
342
375
420
456
505
551
607
674
722
768
820
849
847
866
886
909
951
995
1034
1077
1142
1197
1231
1274
1316
1386
1405
1434
1469
1498
1490
1471
1449
1404
1341
1278
1245
1179
1120
1051
955
822
707
571
420
283
133
-11
-151
-289
-424
-575
-702
-822
-955
-1066
-1155
-1254
-1336
-1427
-1496
-1518
-1542
-1582
-1623
-1647
-1706
-1733
-1761
-1782
-1760
-1715
-1651
-1602
-1522
-1457
-1392
-1325
-1262
-1205
-1125
-1022
-926
-800
-691
-576
-453
-326
-223
-130
-11
84
186
251
319
416
466
518
558
601
628
649
702
746
786
813
851
898
925
937
988
1020
1029
1043
1044
1034
1058
1060
1066
1103
1095
1087
1093
1070
1052
1008
995
987
983
1013
1012
990
976
968
916
879
821
796
773
721
669
572
461
331
223
133
73
0
-96
-204
-303
-364
-445
-505
-603
-708
-758
-838
-905
-974
-1037
-1100
-1191
-1276
-1367
-1458
-1542
-1613
-1677
-1761
-1789
-1788
-1802
-1767
-1696
-1624
-1533
-1462
-1399
-1319
-1243
-1152
-1042
-929
-818
-717
-626
-507
-397
-276
-141
-31
69
203
310
385
496
606
730
826
917
993
1068
1116
1138
1174
1166
1175
1185
1175
1186
1159
1141
1157
1183
1232
1255
1291
1322
1302
1274
1221
1193
1182
1162
1146
1102
1024
950
903
837
776
728
687
628
558
492
417
350
262
178
98
26
-58
-115
-159
-243
-309
-390
-499
-578
-644
-758
-834
-918
-1019
-1047
-1108
-1188
-1244
-1285
-1328
-1379
-1413
-1459
-1507
-1548
-1592
-1620
-1648
-1657
-1648
-1596
-1571
-1530
-1495
-1462
-1401
-1344
-1268
-1190
-1092
-1000
-894
-789
-658
-530
-396
-265
-132
34
180
339
487
622
761
932
1061
1159
1256
1333
1433
1541
1599
1672
1707
1728
1758
1754
1769
1783
1792
1808
1805
1770
1737
1711
1678
1608
1553
1505
1416
1339
1245
1142
1027
903
792
665
543
413
297
185
60
-44
-162
-266
-375
-492
-569
-643
-699
-729
-777
-835
-892
-956
-1014
-1070
-1129
-1140
-1153
-1179
-1180
-1173
-1165
-1207
-1222
-1225
-1232
-1234
-1227
-1235
-1237
-1240
-1237
-1221
-1233
-1218
-1196
-1193
-1179
-1151
-1113
-1108
-1081
-1027
-992
-953
-901
-821
-726
-634
-524
-432
-358
-268
-205
-118
-12
99
264
404
549
688
821
958
1073
1183
1308
1395
1484
1579
1626
1721
1774
1799
1811
1849
1844
1843
1843
1828
1821
1781
1733
1663
1580
1447
1350
1221
1107
977
836
702
567
456
305
183
55
-42
-139
-264
-351
-415
-504
-583
-644
-707
-761
-835
-905
-976
-1055
-1099
-1138
-1184
-1200
-1216
-1236
-1249
-1250
-1203
-1158
-1108
-1034
-963
-896
-868
-822
-794
-756
-707
-656
-634
-631
-652
-650
-668
-705
-739
-746
-764
-747
-687
-657
-583
-508
-488
-445
-420
-387
-340
-331
-296
-224
-132
-49
24
95
202
320
417
522
622
715
813
886
972
1043
1131
1206
1276
1340
1410
1466
1520
1557
1572
1608
1629
1616
1555
1516
1443
1362
1279
1213
1147
1031
960
863
745
608
472
347
216
80
-31
-153
-262
-376
-490
-572
-652
-719
-799
-857
-929
-997
-1038
-1078
-1107
-1155
-1198
-1197
-1202
-1195
-1163
-1140
-1134
-1093
-1071
-1024
-955
-906
-833
-739
-626
-508
-423
-386
-340
-300
-252
-198
-175
-178
-164
-158
-145
-123
-106
-97
-79
-114
-166
-176
-223
-239
-257
-249
-217
-217
-180
-130
-76
-29
43
116
200
247
269
356
407
455
490
527
572
592
634
667
672
718
771
805
865
891
928
979
1033
1044
1067
1086
1076
1057
1022
953
875
844
795
736
678
600
526
461
372
284
200
112
47
-25
-103
-185
-296
-399
-471
-553
-631
-693
-763
-853
-920
-968
-1034
-1070
-1095
-1093
-1076
-1045
-1009
-965
-923
-865
-798
-735
-665
-613
-566
-526
-477
-433
-366
-316
-270
-218
-177
-121
-82
-37
39
75
119
170
215
247
263
260
264
242
228
237
204
205
209
245
273
305
361
396
431
437
445
468
485
499
500
509
502
543
570
571
565
545
532
518
501
466
418
365
331
278
232
214
192
144
110
65
10
-38
-95
-153
-198
-221
-241
-282
-297
-332
-346
-365
-413
-430
-460
-473
-489
-498
-501
-514
-528
-511
-504
-527
-512
-520
-516
-504
-510
-515
-482
-460
-426
-396
-379
-350
-321
-294
-272
-228
-161
-106
-90
-52
-2
54
108
135
187
216
244
276
300
343
392
433
455
475
491
511
553
583
599
619
601
611
630
638
616
598
560
536
516
484
451
450
450
421
404
376
357
307
240
195
133
68
3
-54
-104
-153
-195
-249
-314
-372
-419
-447
-455
-495
-520
-533
-574
-574
-584
-576
-565
-568
-558
-551
-521
-498
-450
-422
-380
-350
-326
-288
-280
-270
-244
-218
-180
-140
-109
-94
-93
-97
-80
-68
-66
-76
-71
-84
-52
-27
-30
-25
-39
-45
-54
-19
-3
27
48
63
69
106
119
178
214
273
316
339
390
405
431
460
502
559
606
644
700
733
746
754
746
718
705
669
639
593
531
470
393
329
260
200
149
80
16
-29
-78
-128
-168
-226
-271
-322
-394
-430
-479
-529
-580
-606
-650
-692
-702
-749
-763
-780
-805
-795
-760
-717
-694
-651
-605
-561
-477
-399
-352
-289
-216
-152
-93
-51
-26
36
73
127
177
201
218
232
258
274
260
278
277
262
294
317
339
374
408
401
412
391
362
362
331
321
299
281
264
266
257
229
211
196
194
192
167
177
196
186
174
212
239
242
251
287
299
308
292
236
200
171
137
103
84
50
8
-25
-84
-106
-127
-169
-173
-208
-231
-261
-288
-322
-368
-372
-422
-456
-518
-548
-577
-611
-641
-676
-663
-668
-673
-649
-610
-581
-563
-580
-576
-582
-570
-547
-490
-447
-398
-329
-283
-218
-154
-91
-15
55
145
207
267
325
338
376
393
433
457
507
536
568
611
634
671
692
725
740
764
763
745
741
725
713
669
611
556
517
462
409
399
376
345
328
313
291
276
265
248
226
210
214
201
164
144
136
88
20
-26
-42
-54
-115
-160
-235
-288
-334
-436
-456
-454
-491
-518
-560
-611
-635
-678
-708
-743
-764
-754
-759
-740
-735
-757
-745
-740
-725
-696
-689
-669
-652
-622
-575
-556
-516
-464
-420
-363
-281
-235
-187
-122
-87
-32
12
70
131
195
282
356
420
487
541
583
621
668
701
715
755
775
777
780
792
769
741
744
695
661
634
601
591
575
556
544
513
481
454
423
391
333
305
237
182
121
74
63
42
15
-14
-12
-7
-41
-82
-124
-168
-196
-225
-234
-243
-257
-278
-303
-354
-369
-412
-430
-456
-498
-513
-535
-575
-622
-643
-691
-722
-738
-742
-765
-761
-741
-742
-742
-726
-690
-670
-640
-631
-624
-583
-537
-477
-412
-368
-329
-280
-235
-215
-156
-97
-44
4
38
106
144
188
244
265
297
351
397
468
527
583
617
666
671
702
762
787
837
866
893
906
932
939
956
961
935
934
930
942
947
954
967
930
894
867
836
802
742
702
642
579
492
401
348
278
218
138
60
-29
-133
-223
-327
-441
-523
-617
-712
-797
-874
-959
-1003
-1052
-1109
-1142
-1189
-1207
-1226
-1242
-1243
-1259
-1262
-1239
-1233
-1216
-1184
-1159
-1094
-1046
-984
-914
-851
-772
-692
-621
-563
-473
-381
-296
-228
-156
-92
-22
46
109
164
216
269
350
397
432
484
494
528
562
575
593
592
585
631
674
704
752
792
815
840
857
879
914
949
979
994
1019
1035
1036
1039
1024
1009
973
925
908
853
799
765
711
640
573
530
485
430
390
330
285
228
167
102
-14
-113
-207
-326
-440
-544
-626
-729
-814
-868
-959
-1018
-1049
-1093
-1124
-1157
-1169
-1161
-1169
-1184
-1187
-1173
-1164
-1139
-1119
-1106
-1072
-1040
-994
-961
-927
-889
-827
-748
-679
-605
-544
-481
-431
-364
-319
-267
-190
-134
-69
1
49
104
194
265
299
348
395
462
533
570
645
706
740
798
852
909
931
951
975
1009
1017
1043
1064
1089
1087
1065
1053
1039
1028
998
947
920
877
848
835
838
800
769
737
676
633
576
510
455
388
336
295
247
191
124
46
-41
-118
-204
-290
-370
-424
-494
-579
-637
-704
-787
-861
-928
-1016
-1098
-1142
-1186
-1237
-1274
-1286
-1310
-1334
-1352
-1375
-1375
-1345
-1321
-1269
-1216
-1147
-1079
-997
-907
-823
-735
-650
-564
-500
-437
-346
-238
-134
-37
59
137
212
272
343
410
490
575
635
699
757
794
804
826
840
890
897
914
967
977
1006
1027
1033
1048
1044
1023
992
947
914
878
845
807
785
753
708
662
620
564
503
459
407
376
331
277
247
181
116
63
17
-17
-64
-135
-187
-240
-293
-339
-371
-416
-470
-520
-571
-616
-659
-690
-722
-738
-748
-763
-764
-773
-776
-794
-802
-818
-832
-856
-877
-864
-861
-827
-823
-801
-779
-764
-734
-697
-647
-589
-524
-477
-417
-350
-256
-186
-110
-12
72
159
211
263
308
343
378
423
493
537
560
584
625
665
717
750
778
823
827
843
853
879
883
868
861
862
846
845
840
796
777
718
672
645
585
557
510
470
432
377
324
265
192
116
44
-20
-73
-119
-191
-250
-318
-361
-419
-470
-487
-523
-537
-575
-594
-619
-629
-639
-666
-643
-654
-678
-693
-730
-733
-729
-751
-755
-769
-777
-771
-773
-748
-703
-678
-647
-594
-559
-526
-515
-496
-482
-448
-410
-356
-288
-234
-172
-117
-51
-2
64
126
179
244
323
367
416
452
496
556
612
680
724
771
804
822
835
860
877
898
902
903
882
858
856
833
796
763
722
680
637
595
548
513
464
394
356
319
267
225
167
109
43
-3
-68
-137
-193
-248
-296
-348
-377
-419
-458
-489
-514
-548
-566
-590
-612
-626
-623
-607
-603
-598
-599
-603
-628
-624
-607
-601
-602
-607
-593
-601
-576
-547
-539
-518
-510
-503
-484
-466
-448
-446
-429
-407
-406
-387
-355
-326
-292
-247
-190
-122
-54
26
98
172
228
270
310
364
410
474
519
575
644
698
745
769
793
805
824
846
852
865
878
870
847
828
828
825
817
800
774
734
685
649
604
575
527
475
440
380
334
274
219
183
139
91
44
-4
-53
-95
-133
-185
-219
-272
-335
-389
-476
-539
-601
-665
-718
-769
-767
-793
-804
-805
-815
-832
-840
-821
-867
-874
-865
-872
-867
-854
-843
-818
-780
-757
-732
-696
-655
-640
-598
-575
-531
-483
-443
-372
-322
-295
-262
-210
-142
-79
-33
18
109
185
268
331
381
428
470
510
521
557
596
632
682
754
830
888
946
1009
1044
1089
1118
1125
1105
1108
1085
1031
1008
983
950
914
880
816
773
729
677
597
514
446
366
273
176
107
15
-75
-143
-203
-273
-359
-421
-491
-562
-622
-685
-734
-774
-794
-824
-859
-885
-886
-896
-919
-900
-897
-892
-881
-890
-887
-860
-821
-791
-749
-711
-670
-622
-596
-553
-531
-497
-473
-454
-418
-393
-360
-336
-289
-243
-202
-158
-114
-70
-30
-3
50
105
156
224
288
365
456
536
605
678
714
747
758
774
795
831
876
908
957
995
990
973
953
920
920
902
873
861
843
814
794
766
725
689
647
594
538
470
389
322
245
176
104
37
-74
-124
-195
-283
-373
-444
-485
-561
-596
-645
-664
-696
-702
-713
-731
-735
-751
-766
-784
-818
-838
-851
-869
-881
-891
-880
-863
-835
-827
-815
-813
-806
-778
-764
-726
-672
-645
-573
-522
-467
-397
-333
-261
-236
-170
-94
-28
3
59
119
150
168
202
245
302
337
359
391
433
461
468
511
524
560
592
618
635
633
647
653
649
663
659
681
691
673
699
709
701
708
719
722
733
725
712
688
663
643
611
566
517
477
417
358
284
235
161
105
39
6
-35
-67
-86
-145
-168
-181
-214
-241
-275
-334
-382
-451
-503
-547
-560
-568
-579
-592
-588
-581
-585
-601
-609
-603
-602
-606
-615
-598
-595
-596
-577
-578
-577
-585
-564
-534
-528
-508
-489
-467
-411
-375
-318
-275
-228
-157
-118
-68
-27
12
38
66
87
124
109
113
135
143
178
183
220
266
298
320
343
362
412
438
480
533
577
596
603
607
604
610
600
609
598
591
575
543
532
533
511
496
464
437
395
360
322
288
263
207
161
121
97
49
17
-24
-55
-100
-117
-130
-193
-238
-308
-375
-427
-464
-478
-508
-541
-565
-591
-633
-658
-680
-710
-734
-771
-765
-753
-763
-748
-738
-710
-690
-658
-634
-596
-540
-506
-474
-422
-372
-336
-308
-250
-190
-150
-76
-32
36
106
135
173
223
278
347
410
480
556
610
644
693
745
773
794
818
824
833
831
819
832
850
840
809
772
746
715
703
697
664
627
564
518
469
426
397
352
300
254
202
131
82
31
-23
-109
-168
-203
-285
-333
-383
-439
-483
-509
-534
-568
-585
-595
-613
-627
-634
-627
-656
-675
-681
-687
-673
-665
-652
-654
-645
-645
-631
-612
-577
-523
-502
-474
-435
-430
-431
-393
-346
-304
-242
-196
-164
-111
-69
-25
33
69
95
139
180
195
219
247
268
309
362
399
421
456
458
472
484
484
499
481
470
467
469
487
463
485
506
481
459
406
368
310
266
237
235
223
199
220
208
209
191
156
135
126
136
121
125
127
111
96
69
26
-9
-44
-81
-110
-143
-170
-200
-241
-281
-301
-318
-320
-334
-344
-354
-378
-414
-460
-475
-493
-504
-513
-502
-486
-477
-460
-453
-412
-393
-355
-322
-317
-291
-259
-209
-166
-115
-82
-49
-15
13
28
67
89
93
102
120
164
219
266
303
350
382
405
436
457
487
518
551
587
593
605
577
573
579
568
545
526
504
457
403
366
336
306
266
197
151
74
16
-43
-106
-137
-184
-218
-240
-273
-276
-289
-308
-313
-325
-327
-329
-321
-307
-294
-277
-275
-289
-286
-284
-276
-242
-214
-173
-146
-113
-87
-101
-98
-104
-107
-118
-137
-181
-202
-217
-241
-251
-250
-234
-221
-230
-223
-210
-209
-206
-201
-201
-227
-228
-216
-220
-213
-203
-206
-195
-173
-166
-155
-146
-122
-88
-64
-35
8
36
109
164
215
280
323
351
384
440
465
482
514
537
574
570
582
603
604
592
579
564
528
482
447
402
363
345
303
275
225
180
144
115
89
59
28
-20
-79
-119
-146
-172
-228
-281
-336
-387
-400
-399
-393
-396
-409
-410
-401
-395
-396
-400
-407
-407
-403
-372
-374
-367
-357
-354
-343
-351
-332
-341
-329
-322
-322
-309
-274
-265
-233
-210
-193
-162
-127
-79
-71
-35
5
49
85
121
163
197
228
234
247
236
263
275
289
316
346
379
406
428
445
473
493
501
484
466
472
471
474
477
477
452
424
408
375
342
325
316
308
282
260
209
170
145
95
60
4
-49
-90
-109
-156
-202
-217
-240
-259
-249
-262
-281
-320
-344
-348
-363
-365
-369
-374
-372
-365
-376
-369
-372
-359
-355
-357
-374
-364
-360
-362
-381
-377
-346
-351
-332
-355
-353
-334
-324
-313
-278
-225
-193
-152
-90
-40
-11
10
36
65
100
149
192
213
234
243
239
271
270
278
294
278
290
308
310
332
354
374
391
394
380
366
370
360
356
349
333
327
322
301
306
291
261
253
227
200
166
160
148
150
152
124
122
73
40
2
-27
-62
-92
-128
-150
-164
-191
-223
-248
-281
-297
-302
-307
-315
-350
-373
-395
-385
-395
-393
-376
-367
-374
-368
-348
-341
-310
-280
-257
-235
-203
-179
-143
-115
-78
-44
-25
0
29
56
83
91
92
87
66
40
14
-12
-35
-45
-28
-22
-3
32
40
43
82
114
125
153
155
174
209
226
234
254
284
315
315
336
347
375
379
361
353
339
317
311
306
278
275
250
211
178
154
122
95
61
55
38
-20
-65
-86
-120
-142
-155
-188
-210
-249
-280
-304
-326
-340
-365
-384
-408
-425
-412
-405
-398
-382
-371
-340
-303
-271
-255
-235
-208
-190
-179
-167
-153
-137
-139
-131
-139
-132
-117
-101
-89
-69
-35
-29
19
45
54
90
106
117
128
148
178
200
206
204
190
201
203
209
221
218
204
188
195
191
193
214
225
236
226
215
217
213
252
256
247
240
256
257
260
277
298
320
304
303
292
291
284
270
261
221
205
199
171
158
132
103
71
49
22
-13
-34
-60
-80
-106
-157
-198
-243
-255
-283
-324
-353
-374
-395
-426
-445
-490
-501
-511
-513
-519
-521
-528
-525
-523
-510
-492
-493
-481
-480
-478
-470
-445
-433
-388
-360
-318
-264
-217
-155
-113
-70
-66
-34
-5
19
67
97
146
186
232
273
293
319
349
377
401
422
434
460
480
484
497
516
517
559
555
552
549
518
540
522
521
521
501
496
467
458
443
430
419
406
380
348
316
288
266
235
202
152
102
69
41
-7
-79
-117
-158
-236
-293
-350
-376
-400
-421
-436
-473
-496
-517
-522
-542
-565
-582
-614
-641
-664
-675
-678
-660
-635
-604
-579
-554
-536
-535
-521
-507
-484
-436
-409
-369
-333
-309
-293
-287
-250
-209
-168
-93
-21
55
130
189
244
252
272
296
318
342
366
408
438
455
467
481
511
512
524
536
553
563
570
575
575
564
552
527
506
484
484
487
470
468
457
457
406
376
350
287
246
178
127
70
23
1
-24
-43
-71
-76
-107
-137
-171
-210
-250
-279
-282
-304
-316
-339
-376
-384
-403
-416
-418
-407
-400
-412
-415
-422
-446
-481
-514
-526
-543
-563
-575
-564
-559
-537
-512
-485
-455
-431
-405
-364
-318
-267
-218
-163
-119
-87
-38
-38
-15
2
37
90
119
157
198
218
267
312
329
389
400
412
432
476
492
508
533
549
546
526
479
462
481
462
466
458
449
426
418
415
407
377
372
365
350
327
334
313
292
275
235
201
147
121
68
22
7
-6
-30
-53
-98
-121
-175
-203
-240
-267
-273
-286
-285
-313
-329
-362
-393
-427
-447
-480
-475
-461
-471
-469
-477
-477
-478
-472
-460
-454
-417
-379
-362
-305
-282
-278
-268
-270
-263
-248
-248
-246
-226
-228
-199
-166
-140
-111
-102
-82
-52
-32
-8
19
69
90
101
133
148
191
223
236
263
294
340
354
357
362
369
373
383
376
374
407
420
434
453
477
460
449
432
413
394
375
340
319
296
256
226
215
195
159
131
117
105
99
71
43
17
-2
-12
-44
-68
-105
-131
-189
-212
-226
-236
-236
-233
-226
-244
-259
-258
-269
-276
-261
-259
-238
-246
-221
-208
-230
-230
-241
-281
-322
-338
-345
-325
-290
-253
-234
-195
-198
-164
-125
-124
-84
-69
-50
-45
-44
-59
-48
-69
-60
-52
-69
-48
-38
-32
-1
4
14
35
53
83
94
123
142
174
195
217
225
215
207
218
236
252
268
282
292
277
283
273
266
289
299
316
346
379
390
417
398
357
323
280
257
240
191
157
126
81
33
-24
-54
-74
-117
-165
-191
-221
-251
-300
-328
-337
-342
-365
-348
-324
-325
-320
-333
-343
-358
-372
-386
-414
-430
-424
-418
-408
-407
-372
-357
-354
-335
-324
-305
-260
-224
-185
-149
-125
-92
-83
-64
-41
-24
-2
4
36
66
83
132
159
175
189
220
246
290
330
373
394
395
419
439
443
451
477
479
491
488
472
455
436
405
368
355
315
306
281
266
271
241
215
189
160
126
89
70
67
74
62
41
21
-2
-29
-43
-56
-98
-123
-132
-158
-170
-194
-226
-267
-303
-332
-383
-398
-431
-449
-476
-532
-567
-568
-582
-579
-545
-517
-482
-446
-408
-384
-369
-357
-338
-316
-287
-249
-218
-178
-130
-80
-25
7
67
120
145
171
203
228
243
266
289
329
340
373
377
399
400
385
405
400
391
383
386
382
376
348
332
333
306
285
269
237
209
197
190
171
149
125
82
58
47
16
4
-13
-20
-21
-29
-36
-43
-59
-86
-126
-156
-170
-159
-179
-170
-179
-187
-181
-178
-152
-154
-128
-125
-128
-132
-143
-153
-177
-188
-184
-203
-204
-214
-213
-214
-228
-208
-212
-215
-224
-241
-213
-204
-189
-174
-179
-172
-169
-151
-146
-132
-112
-84
-75
-43
-34
-36
12
31
47
65
76
88
87
84
112
131
175
214
249
273
312
322
309
318
332
344
354
357
361
375
370
362
357
348
342
348
328
312
275
264
252
234
236
198
176
170
138
105
74
59
48
15
2
-26
-48
-86
-101
-128
-167
-222
-256
-289
-341
-336
-346
-360
-360
-376
-393
-387
-385
-404
-403
-384
-370
-360
-354
-339
-325
-304
-302
-305
-292
-288
-274
-246
-242
-247
-224
-211
-212
-188
-166
-145
-108
-94
-68
-48
-9
24
26
48
82
108
109
103
99
107
131
175
186
219
230
258
290
318
330
322
321
302
303
291
282
288
284
276
259
251
253
268
270
287
278
263
266
254
274
291
297
286
261
250
231
210
209
201
165
118
91
58
34
18
-20
-39
-73
-124
-163
-192
-233
-262
-290
-303
-311
-313
-332
-350
-353
-373
-375
-381
-392
-409
-414
-398
-404
-395
-380
-363
-332
-330
-313
-279
-252
-216
-194
-196
-166
-147
-142
-109
-76
-66
-48
-37
-32
-35
-5
35
60
96
107
157
166
178
202
214
243
264
281
306
326
340
340
339
347
347
341
348
370
366
363
370
373
381
358
351
352
341
336
346
341
325
301
270
259
238
200
179
130
84
58
30
12
-8
-25
-56
-71
-98
-145
-185
-239
-292
-341
-364
-398
-447
-468
-493
-504
-498
-494
-494
-488
-491
-506
-510
-491
-472
-456
-450
-444
-433
-433
-421
-412
-403
-369
-338
-279
-253
-223
-217
-207
-193
-188
-155
-125
-69
-29
20
73
125
181
220
265
324
358
403
444
451
460
480
485
505
516
521
546
535
555
565
559
543
520
520
507
484
457
441
413
394
365
331
314
294
277
251
213
170
164
145
116
83
45
11
-22
-52
-87
-96
-119
-143
-180
-217
-277
-309
-311
-335
-346
-362
-384
-404
-408
-431
-446
-451
-449
-435
-446
-449
-434
-443
-445
-442
-453
-453
-426
-408
-385
-375
-383
-389
-383
-365
-356
-306
-273
-242
-203
-155
-119
-96
-86
-66
-34
-26
-3
28
59
84
122
163
211
257
300
329
342
351
375
405
415
431
434
434
453
479
479
485
518
539
533
515
511
493
441
409
359
300
256
191
136
68
28
18
-8
-22
-32
-61
-94
-120
-131
-155
-173
-181
-175
-176
-159
-153
-167
-160
-162
-170
-186
-193
-190
-195
-201
-208
-204
-189
-176
-184
-184
-167
-165
-147
-126
-108
-93
-77
-79
-78
-72
-84
-80
-46
-12
-1
4
14
21
5
-6
-23
-33
-32
-37
-34
-45
-28
-16
5
31
47
59
63
84
95
93
71
48
36
26
12
-3
-13
-18
-5
13
31
46
65
81
77
98
121
125
122
125
128
139
154
149
172
168
163
158
154
159
150
144
116
85
79
43
11
-20
-32
-47
-73
-99
-120
-154
-163
-154
-172
-186
-192
-190
-211
-226
-201
-212
-227
-225
-224
-216
-208
-210
-216
-204
-202
-190
-185
-179
-180
-176
-151
-127
-93
-53
-20
0
35
76
92
120
122
116
109
85
83
82
93
110
112
124
133
142
159
159
151
148
137
137
138
156
182
192
205
216
233
240
259
260
278
307
298
314
320
322
329
329
319
293
269
231
192
155
108
65
29
-8
-46
-75
-118
-169
-183
-216
-243
-252
-269
-285
-307
-305
-326
-354
-367
-380
-379
-390
-390
-394
-403
-391
-375
-342
-321
-293
-259
-229
-212
-207
-188
-166
-152
-163
-147
-121
-101
-78
-41
-30
1
19
32
55
72
84
98
131
144
160
188
197
199
224
230
238
244
246
260
252
258
250
206
182
153
133
127
138
139
135
126
120
91
84
89
88
81
72
73
66
63
57
28
22
21
26
25
32
38
34
28
11
6
7
5
-11
-27
-51
-69
-85
-96
-105
-111
-119
-114
-110
-108
-119
-126
-116
-101
-97
-88
-100
-97
-106
-119
-111
-97
-80
-86
-65
-64
-82
-70
-106
-102
-105
-101
-94
-122
-116
-110
-120
-129
-121
-136
-136
-130
-128
-110
-83
-84
-60
-37
-19
6
21
40
64
88
107
115
114
111
112
122
114
140
147
165
189
200
208
201
193
210
210
222
244
251
264
272
274
272
259
245
213
187
174
170
169
161
149
122
81
63
36
23
31
17
24
22
18
20
22
5
-19
-25
-20
-19
-36
-57
-75
-90
-93
-99
-102
-117
-132
-151
-168
-186
-205
-208
-231
-219
-247
-258
-274
-290
-288
-304
-298
-276
-242
-212
-202
-167
-150
-162
-166
-183
-163
-162
-153
-126
-103
-106
-116
-130
-140
-150
-147
-118
-91
-45
-17
8
41
52
66
100
127
159
188
193
192
206
220
237
245
245
239
218
179
155
145
135
132
114
105
113
123
113
111
109
103
109
113
105
82
72
85
94
94
79
79
80
57
41
33
48
55
51
46
36
26
9
-21
-55
-73
-81
-94
-74
-78
-78
-70
-75
-68
-73
-70
-71
-82
-77
-98
-103
-97
-108
-112
-98
-97
-88
-81
-65
-66
-79
-97
-95
-80
-99
-86
-70
-67
-42
-12
-11
-13
-14
-19
-17
-8
-13
-21
-37
-28
-17
-5
15
37
67
68
97
122
139
160
153
135
137
136
131
129
152
161
158
133
120
122
105
97
90
105
94
83
78
56
52
55
44
48
48
32
26
0
-24
-37
-48
-60
-48
-71
-89
-111
-119
-122
-128
-121
-127
-143
-162
-183
-202
-208
-230
-230
-247
-252
-254
-236
-223
-220
-194
-186
-171
-155
-157
-134
-100
-95
-83
-88
-116
-113
-92
-81
-68
-53
-35
4
38
71
109
143
170
208
212
206
205
204
175
173
174
162
169
180
192
196
196
207
206
204
202
200
205
182
178
173
148
137
140
142
141
133
122
103
79
60
60
47
18
3
1
-43
-53
-61
-57
-53
-66
-83
-116
-134
-161
-177
-173
-164
-154
-142
-148
-166
-161
-191
-181
-191
-185
-163
-148
-123
-127
-125
-127
-115
-89
-62
-34
-11
-5
5
6
11
23
37
46
65
61
73
54
54
65
72
78
56
41
27
4
-17
-27
-38
-23
-33
-27
-15
-1
14
16
46
56
72
85
74
87
118
138
157
156
146
158
163
140
137
140
157
155
157
154
124
115
98
68
56
39
22
24
4
-15
-47
-66
-64
-61
-62
-46
-53
-50
-57
-74
-64
-67
-81
-74
-80
-86
-102
-120
-128
-153
-168
-190
-213
-218
-218
-221
-223
-218
-245
-258
-262
-243
-218
-208
-194
-204
-187
-175
-161
-128
-103
-103
-79
-39
-19
11
57
84
118
134
140
148
167
197
201
217
225
232
231
232
240
245
258
279
283
305
305
288
289
269
235
222
221
200
172
155
125
79
66
73
78
73
46
42
35
18
11
12
11
3
-18
-18
-26
-30
-33
-49
-64
-84
-61
-58
-107
-126
-148
-167
-192
-202
-228
-233
-243
-255
-283
-300
-304
-315
-321
-338
-364
-377
-377
-372
-371
-346
-306
-285
-255
-251
-212
-161
-130
-104
-73
-57
-33
-25
-2
35
76
111
128
158
170
189
208
223
236
236
224
205
198
214
190
181
158
155
162
162
176
191
224
247
267
280
290
269
266
267
264
263
286
318
336
347
368
372
346
325
309
299
278
260
240
200
168
137
103
67
44
17
-21
-64
-101
-138
-164
-195
-253
-284
-324
-361
-371
-392
-414
-430
-438
-454
-472
-480
-501
-516
-522
-519
-513
-505
-488
-468
-440
-419
-397
-355
-339
-282
-245
-194
-162
-144
-114
-120
-96
-87
-52
-7
12
27
64
79
96
92
109
147
172
192
212
245
264
282
306
333
345
356
364
381
394
409
419
420
430
426
427
409
393
381
370
333
295
275
249
219
180
175
151
125
94
76
68
46
23
5
-7
-9
-19
-22
-48
-67
-68
-75
-92
-107
-138
-156
-180
-196
-204
-227
-227
-243
-263
-241
-241
-238
-216
-186
-170
-182
-194
-211
-215
-218
-216
-241
-238
-224
-218
-195
-174
-158
-151
-139
-143
-133
-150
-132
-116
-111
-85
-47
-20
2
19
37
71
99
133
156
187
194
201
188
192
186
187
192
191
194
197
203
195
198
195
192
169
170
167
156
155
176
182
186
182
172
165
140
106
111
118
92
83
61
51
23
-26
-69
-99
-104
-128
-139
-150
-148
-138
-133
-140
-142
-159
-171
-160
-159
-163
-168
-171
-170
-153
-139
-139
-140
-147
-133
-134
-145
-147
-156
-159
-177
-164
-153
-134
-115
-114
-113
-95
-92
-115
-114
-130
-119
-125
-116
-108
-92
-88
-73
-57
-73
-60
-58
-68
-64
-57
-28
-8
4
30
45
88
95
99
98
126
167
200
219
238
260
281
280
284
297
295
294
275
265
265
260
272
277
295
286
265
270
242
236
237
225
212
198
179
174
156
141
128
115
88
49
27
-11
-44
-54
-110
-144
-147
-183
-212
-247
-256
-270
-257
-251
-276
-281
-277
-276
-275
-268
-240
-239
-217
-220
-229
-213
-227
-230
-228
-231
-227
-229
-227
-211
-194
-185
-186
-166
-128
-92
-84
-67
-48
-22
-28
-17
-2
1
14
14
32
48
65
82
107
115
140
160
167
173
179
198
202
214
209
209
195
193
188
210
237
256
252
237
234
231
228
213
203
189
197
211
204
196
188
175
162
139
112
97
90
57
42
12
-24
-28
-40
-54
-54
-60
-73
-82
-94
-116
-151
-182
-191
-218
-245
-265
-317
-339
-351
-370
-362
-355
-336
-294
-267
-244
-220
-212
-217
-221
-232
-203
-186
-175
-149
-114
-82
-67
-62
-64
-55
-47
-19
13
34
61
65
77
95
111
128
129
133
130
151
164
164
175
168
153
157
166
184
203
212
208
212
219
213
236
242
262
276
267
252
244
235
223
208
201
207
210
217
214
213
209
207
203
179
145
119
81
44
0
-39
-58
-75
-108
-171
-203
-201
-216
-228
-236
-251
-265
-300
-300
-304
-308
-312
-313
-326
-332
-321
-303
-289
-268
-254
-248
-243
-251
-234
-241
-239
-243
-218
-200
-176
-137
-114
-81
-65
-47
-20
-1
1
9
16
24
50
61
45
46
62
75
78
77
106
125
139
152
142
136
126
120
122
119
127
139
129
136
155
177
233
247
246
257
266
275
271
260
253
240
217
194
164
155
137
114
108
101
107
104
108
92
82
60
34
23
-18
-51
-50
-58
-92
-128
-149
-173
-190
-192
-210
-204
-215
-202
-203
-181
-154
-141
-133
-139
-127
-129
-126
-128
-137
-133
-119
-104
-84
-64
-50
-29
-19
-17
-11
-1
-24
-45
-56
-69
-85
-99
-91
-74
-49
-47
-25
-35
-40
-35
-47
-36
-47
-56
-54
-38
-9
29
47
61
44
33
32
32
51
67
95
105
106
134
145
163
174
176
186
180
177
155
156
162
164
161
167
158
123
113
87
68
56
27
5
-18
-26
-47
-59
-56
-76
-82
-69
-60
-49
-20
-13
6
22
30
53
67
91
87
74
74
59
31
4
-3
-3
-18
-37
-50
-76
-101
-124
-128
-138
-154
-168
-199
-225
-246
-235
-220
-216
-202
-181
-163
-175
-177
-163
-150
-129
-122
-114
-117
-106
-91
-79
-62
-60
-50
-33
-24
-17
6
12
8
13
35
44
49
60
60
68
84
117
147
167
184
191
211
224
240
258
263
253
261
258
244
265
263
272
272
254
235
231
236
231
226
218
200
184
163
161
152
127
114
84
62
30
10
-14
-36
-57
-91
-133
-160
-189
-212
-237
-271
-289
-299
-301
-282
-282
-291
-300
-312
-321
-323
-305
-297
-292
-289
-292
-294
-286
-270
-246
-203
-183
-171
-150
-126
-73
-29
34
54
72
97
100
115
117
99
60
52
55
64
65
75
85
115
159
159
156
157
146
145
147
150
165
152
154
149
135
147
119
115
109
100
120
119
136
118
106
87
73
73
69
86
69
78
107
108
110
113
91
65
31
-3
-34
-70
-75
-93
-92
-100
-111
-122
-144
-158
-189
-195
-202
-220
-222
-214
-214
-215
-205
-210
-189
-185
-184
-169
-154
-162
-155
-150
-164
-170
-151
-134
-101
-75
-62
-33
-18
11
26
59
98
101
100
113
113
103
99
100
120
152
170
188
212
220
211
216
224
213
200
215
216
206
177
166
153
150
149
148
136
124
99
101
108
93
91
80
85
94
98
64
55
39
24
11
-17
-16
-20
-30
-45
-44
-60
-63
-87
-125
-136
-128
-151
-177
-193
-219
-228
-245
-242
-257
-252
-264
-293
-286
-268
-248
-191
-148
-111
-77
-37
-9
7
24
22
17
13
26
27
17
13
17
19
34
50
41
57
58
59
72
80
77
71
71
75
66
84
87
62
56
47
39
48
27
12
30
41
55
94
130
149
159
148
120
109
95
75
58
36
27
15
1
1
-7
-21
-34
-71
-74
-92
-95
-128
-157
-189
-199
-175
-145
-101
-70
-34
-18
6
38
50
42
52
48
49
51
47
50
45
53
61
60
61
63
77
58
65
87
79
92
80
51
37
2
0
7
3
2
10
6
-6
-9
-16
-26
-35
-53
-73
-68
-67
-54
-52
-56
-90
-114
-125
-127
-105
-81
-43
-20
-10
-16
-37
-28
-30
-35
-18
-27
-28
-16
-3
10
42
73
70
65
60
50
51
64
92
90
90
101
88
88
85
82
77
78
87
74
86
99
94
102
99
90
62
46
18
-23
-51
-68
-80
-104
-111
-113
-128
-127
-123
-118
-113
-109
-84
-70
-47
-25
-6
-12
-19
-12
-26
-21
-33
-40
-22
-21
-50
-56
-64
-78
-83
-89
-71
-87
-87
-89
-89
-56
-64
-56
-57
-78
-80
-96
-93
-78
-66
-50
-26
-16
11
32
19
35
37
35
39
56
60
63
67
51
70
89
110
95
82
83
89
104
98
123
135
135
115
111
138
152
146
131
121
122
108
80
70
37
6
-18
-43
-51
-54
-43
-33
-36
-40
-41
-37
-44
-60
-55
-44
-61
-58
-74
-87
-81
-79
-57
-53
-34
-37
-53
-56
-43
-59
-61
-66
-76
-71
-55
-57
-57
-27
-26
-11
-13
-19
-35
-28
-22
-14
5
25
51
53
54
36
47
45
39
49
44
26
27
34
53
88
102
125
142
165
156
142
122
88
67
40
34
24
6
-7
-20
-40
-35
-30
-26
-18
-16
-2
1
6
6
2
25
33
33
50
56
38
53
70
64
60
41
24
9
11
-14
-45
-73
-96
-130
-166
-173
-203
-201
-218
-226
-224
-240
-225
-211
-191
-195
-206
-197
-200
-197
-191
-180
-152
-134
-117
-90
-73
-52
-44
-30
-18
10
40
62
69
62
68
74
100
125
130
140
147
157
163
147
143
145
150
175
186
201
195
201
194
201
217
227
234
232
231
220
244
250
248
246
238
225
217
215
197
190
152
122
95
80
56
21
24
34
16
-17
-33
-61
-86
-121
-143
-147
-166
-176
-174
-184
-193
-194
-202
-201
-191
-205
-206
-187
-190
-183
-164
-168
-143
-131
-125
-112
-131
-149
-142
-130
-133
-150
-168
-168
-166
-165
-142
-117
-105
-84
-62
-40
-14
-21
-52
-68
-65
-47
-48
-9
10
41
60
59
92
87
95
98
79
76
58
62
59
41
26
14
21
25
24
18
-5
-20
-23
-1
11
43
60
69
74
47
39
14
-8
-18
-7
-7
1
14
17
41
41
30
35
11
5
-10
-8
0
12
35
56
62
60
75
73
66
58
44
22
3
-10
-3
-37
-53
-52
-49
-17
-16
-5
-16
-18
-25
-25
-25
-20
-34
-45
-34
-14
7
47
70
80
78
61
65
63
77
74
75
79
98
105
114
101
98
77
75
54
31
31
24
20
11
33
43
46
29
16
9
7
10
-11
-40
-62
-59
-62
-56
-51
-51
-50
-42
-19
-5
8
18
25
-1
-8
-6
-15
-17
-29
-19
-4
19
25
38
32
31
47
44
39
22
23
1
-3
0
-10
-14
-13
-6
-25
-28
-18
-26
-22
-37
-29
-29
-43
-37
-44
-41
-42
-42
-31
-31
-24
-6
-12
-36
-52
-70
-76
-99
-117
-111
-125
-115
-104
-100
-110
-138
-139
-124
-130
-109
-84
-81
-58
-54
-57
-42
-44
-30
-26
-6
13
20
57
71
59
59
42
29
13
4
17
35
56
71
70
86
112
106
105
110
120
130
125
110
91
83
80
82
91
97
117
124
127
121
134
146
141
135
132
124
116
109
114
100
92
68
54
47
44
41
25
8
-5
-22
-51
-52
-72
-85
-103
-134
-142
-143
-153
-169
-182
-187
-187
-185
-151
-124
-114
-97
-97
-90
-90
-97
-110
-108
-94
-88
-61
-53
-45
-38
-30
-24
-19
-27
-22
-30
-38
-39
-41
-49
-52
-50
-61
-49
-34
-20
-15
-4
14
17
41
63
71
60
43
57
69
110
121
145
162
162
170
160
162
161
152
146
144
116
105
111
105
88
76
75
75
61
52
44
60
60
54
44
21
25
5
-36
-55
-67
-76
-97
-113
-135
-141
-150
-153
-166
-161
-138
-126
-102
-74
-78
-94
-92
-98
-118
-132
-138
-122
-120
-123
-120
-110
-100
-105
-96
-92
-85
-74
-61
-50
-41
-32
-14
-3
-10
-23
-34
-37
-28
-24
-26
-13
8
20
30
52
70
90
100
102
104
87
81
79
84
103
111
135
150
156
172
165
157
152
159
172
169
178
189
181
160
144
154
141
132
125
102
106
120
111
99
78
64
52
41
43
42
46
27
32
17
12
-2
-20
-36
-57
-52
-67
-75
-90
-118
-139
-157
-159
-184
-187
-177
-182
-160
-154
-144
-128
-134
-146
-147
-149
-160
-167
-164
-157
-150
-124
-112
-103
-88
-77
-68
-70
-64
-61
-43
-42
-35
-16
-12
-9
5
17
16
19
8
-4
8
4
13
32
39
49
58
54
41
41
29
40
42
50
65
66
81
97
108
119
131
132
125
111
89
81
88
95
101
109
108
101
97
101
97
101
96
90
