41
43
34
28
23
19
11
1
-3
-2
-4
-6
-16
-16
-14
-16
-13
-10
-2
-1
-7
-13
-12
-10
-7
-11
-22
-26
-29
-28
-27
-29
-26
-27
-29
-34
-35
-40
-38
-29
-29
-29
-39
-59
-70
-53
-42
-26
-7
16
26
23
25
28
30
41
61
52
40
53
61
47
40
56
67
48
25
20
14
-9
-14
-18
-28
-25
-18
0
4
11
31
35
18
11
17
14
-2
-4
-7
-22
-35
-35
-32
-44
-44
-36
-43
-65
-73
-68
-73
-83
-67
-45
-36
-34
-25
-8
-2
12
21
19
11
12
3
-17
-19
-11
-8
-17
-19
-3
10
6
10
3
1
-7
-4
-8
-4
9
14
21
23
32
43
46
41
35
32
18
19
16
13
11
12
19
14
17
20
28
22
20
24
25
18
14
22
24
25
30
36
34
30
30
22
12
3
3
4
-7
-13
-18
-15
-10
-10
-4
-4
-12
-20
-26
-29
-28
-16
-5
-11
-9
0
8
-4
-11
3
2
1
-2
5
2
2
4
-4
-5
-13
-13
-11
-13
-13
-3
-5
-11
-11
-10
-13
-18
-21
-16
-23
-21
-23
-13
-12
-5
4
4
-5
-13
-6
-10
-7
-9
-6
-2
-3
7
12
13
17
23
29
20
17
21
23
20
23
26
25
23
24
26
18
13
3
2
-3
-1
6
2
1
5
7
7
10
10
9
3
0
-10
-21
-27
-38
-38
-42
-48
-48
-46
-48
-55
-58
-59
-60
-62
-62
-61
-62
-58
-56
-63
-56
-44
-30
-26
-20
-9
-4
9
17
16
17
28
33
35
41
45
42
45
42
46
49
49
53
53
53
59
57
55
46
42
40
42
41
42
47
40
40
29
23
15
16
28
31
35
34
36
39
40
39
40
33
26
27
21
24
35
32
28
27
14
5
-3
-2
6
4
0
-2
-4
-3
8
11
8
15
11
4
-6
-15
-30
-41
-56
-69
-81
-87
-98
-101
-94
-90
-90
-94
-99
-111
-118
-113
-101
-93
-80
-63
-58
-56
-55
-40
-23
-16
-16
-21
-34
-48
-57
-60
-51
-43
-35
-25
-32
-26
-11
-4
-4
-6
8
10
8
25
47
65
76
90
103
110
124
136
142
140
138
136
129
117
114
103
104
105
112
119
118
119
121
117
100
100
98
79
67
61
62
52
49
48
46
32
27
26
13
9
4
-10
-29
-44
-56
-66
-69
-82
-90
-99
-119
-131
-140
-155
-175
-194
-210
-223
-231
-239
-244
-229
-221
-194
-182
-178
-168
-170
-166
-182
-197
-197
-176
-162
-139
-117
-116
-116
-114
-102
-101
-98
-107
-112
-110
-91
-77
-64
-29
1
45
90
145
193
232
278
314
347
376
406
435
467
485
492
505
518
515
501
473
446
382
304
248
195
170
134
105
96
104
121
131
125
122
125
107
92
80
55
48
39
21
1
-36
-74
-107
-136
-180
-220
-256
-305
-367
-410
-435
-449
-454
-453
-443
-454
-444
-427
-420
-408
-373
-360
-363
-361
-332
-331
-339
-339
-348
-331
-322
-304
-258
-217
-178
-141
-152
-143
-148
-178
-174
-151
-156
-180
-196
-207
-204
-177
-107
-17
68
168
266
369
465
556
665
744
813
875
901
900
869
840
797
747
702
634
546
437
351
307
243
175
151
155
177
226
264
307
337
365
376
354
323
266
230
174
93
27
-27
-92
-186
-283
-386
-457
-529
-605
-649
-692
-724
-716
-672
-640
-642
-656
-623
-589
-535
-466
-420
-347
-321
-302
-325
-358
-350
-327
-330
-378
-357
-332
-351
-332
-275
-242
-214
-212
-197
-170
-181
-155
-102
-43
60
107
138
158
141
135
96
3
-80
-189
-276
-355
-391
-339
-312
-244
-118
74
275
474
685
877
1000
1056
1157
1232
1284
1295
1290
1258
1192
1116
1009
866
657
476
305
98
-56
-194
-278
-244
-176
-63
37
164
319
431
515
583
598
545
438
342
248
140
-16
-148
-326
-473
-605
-743
-849
-937
-998
-1074
-1085
-1053
-964
-920
-870
-789
-687
-580
-475
-354
-286
-265
-297
-346
-399
-464
-505
-532
-537
-557
-568
-544
-536
-553
-524
-444
-462
-398
-369
-378
-405
-337
-199
-79
58
229
340
329
57
-640
-1531
-2290
-2465
-2158
-1628
-1052
-195
751
1373
1573
1662
1987
2522
2890
2871
2603
2499
2697
2982
3075
3274
3589
3642
3031
1906
931
157
-647
-1576
-2375
-2650
-2431
-1942
-1274
-418
612
1500
1948
1921
1847
1785
1616
1149
507
46
-179
-300
-347
-254
-104
-70
-415
-1078
-1728
-2258
-2613
-2889
-3002
-2904
-2585
-2013
-1366
-698
4
560
779
677
349
-93
-511
-881
-1167
-1392
-1493
-1487
-1454
-1318
-1083
-806
-657
-702
-882
-1126
-1220
-1224
-1163
-958
-627
-268
41
451
837
1203
1518
1661
1669
1523
1244
893
598
256
-360
-1453
-2601
-3066
-2822
-2069
-1225
-419
421
1217
1553
1330
1214
1711
2662
3273
3115
2887
3259
3977
4475
4660
4882
5117
4696
3200
1251
-339
-1337
-2206
-3127
-3828
-3973
-3575
-3124
-2600
-1629
-334
572
848
797
901
1110
1139
1010
919
1061
1296
1403
1272
1202
1166
820
12
-1065
-2001
-2824
-3416
-3766
-3833
-3534
-2952
-2247
-1548
-770
163
813
1016
734
335
75
-209
-377
-413
-391
-432
-541
-593
-632
-675
-701
-909
-1281
-1846
-2259
-2355
-2239
-1888
-1342
-722
-196
383
991
1539
1959
2245
2302
1960
1382
841
564
585
772
919
909
786
630
530
108
-1017
-2672
-4020
-4313
-3972
-3379
-2551
-1212
445
1721
2120
2067
2443
3490
4454
4198
3289
3043
3370
3464
3013
3000
3725
4126
3294
1530
1
-936
-1761
-2882
-4197
-4905
-4838
-4445
-4027
-3034
-1386
178
932
1162
1514
1874
1942
1755
1574
1508
1443
1354
1254
1420
1846
2011
1644
858
-51
-932
-1932
-2768
-3159
-3348
-3414
-3338
-3067
-2375
-1222
18
1051
1587
1696
1583
1225
848
647
528
427
144
-206
-452
-561
-504
-293
-236
-638
-1249
-1801
-2146
-2201
-1986
-1702
-1418
-1176
-804
-392
-69
312
897
1263
1332
1132
1002
1008
1057
1171
1219
1189
1068
904
648
495
324
69
-426
-1400
-2904
-4536
-5424
-5332
-4493
-3290
-1864
-275
1081
1802
2116
2402
2917
3529
3789
3531
3181
3233
3568
3685
3726
4014
4221
3734
2496
975
-475
-1838
-3103
-4111
-4681
-4745
-4310
-3475
-2319
-772
844
1917
2272
2363
2472
2377
1942
1421
1038
790
548
448
609
1013
1232
1040
470
-480
-1359
-2052
-2718
-3237
-3504
-3321
-2812
-2088
-1013
277
1495
2372
2692
2534
1977
1222
531
-61
-596
-1089
-1608
-1879
-1833
-1627
-1287
-1070
-981
-1083
-1485
-2100
-2557
-2455
-1940
-1371
-977
-519
51
799
1603
2311
2755
2769
2342
1565
652
-19
-379
-467
-525
-592
-503
-461
-307
-36
185
280
154
-536
-1899
-3659
-4839
-4833
-3940
-2846
-1715
-360
1140
2273
2665
2697
3076
3821
4067
3335
2373
2191
2836
3434
3638
4084
4817
5063
4201
2707
1377
270
-842
-2346
-3915
-4737
-4714
-4405
-3909
-2908
-1308
127
804
908
993
1213
1295
1021
628
430
499
770
1068
1444
1988
2302
2068
1302
373
-655
-1698
-2760
-3608
-4096
-4146
-3575
-2676
-1548
-365
739
1563
1943
1888
1545
989
309
-354
-1028
-1612
-1886
-1891
-1813
-1776
-1675
-1598
-1665
-1907
-2103
-2113
-2032
-1831
-1548
-1120
-435
456
1481
2406
3138
3640
3809
3575
2987
2212
1385
660
91
-309
-614
-789
-723
-586
-474
-386
-296
-319
-410
-662
-1169
-2204
-3275
-3712
-3298
-2483
-1510
-332
981
2092
2560
2399
2024
1956
2166
2163
1616
1137
1399
2004
2427
2924
3754
4625
4738
3778
2224
662
-650
-1928
-3248
-4301
-4778
-4618
-4163
-3450
-2201
-659
473
895
899
788
681
500
207
45
41
222
642
1309
2187
2880
3222
2970
2104
905
-536
-1858
-2864
-3391
-3516
-3408
-2969
-2256
-1243
-16
1131
1843
1917
1431
706
-11
-658
-1219
-1496
-1476
-1388
-1429
-1377
-1006
-323
258
361
15
-490
-832
-1150
-1337
-1212
-698
26
744
1273
1779
2206
2471
2430
1965
1187
206
-678
-1191
-1199
-939
-475
53
505
818
998
1065
1068
887
452
-359
-1618
-3276
-4647
-4987
-4468
-3565
-2530
-1385
-162
814
1365
1392
1303
1481
1783
1703
1359
1376
2111
3160
3910
4479
5121
5547
5244
3942
2084
296
-1138
-2414
-3685
-4661
-4874
-4346
-3597
-2669
-1523
-255
633
894
880
725
457
156
-69
-190
42
607
1431
2336
3154
3649
3527
2897
1881
617
-839
-2073
-2773
-3135
-3221
-2977
-2217
-1218
-180
791
1418
1545
1112
508
-137
-800
-1298
-1626
-1814
-1835
-1705
-1430
-975
-500
-59
92
-195
-694
-1136
-1339
-1439
-1345
-1061
-562
5
727
1560
2234
2750
2952
2805
2078
1149
458
126
6
-40
-45
-71
-8
108
226
262
215
50
-337
-973
-1628
-2012
-2422
-3233
-4145
-4515
-4119
-3294
-2288
-1083
291
1499
2061
1786
1235
1232
1811
2205
2047
2013
2731
3688
3993
3980
4248
4569
4017
2388
435
-1042
-1898
-2702
-3714
-4275
-3990
-3286
-2618
-2063
-1173
-9
818
944
808
682
625
576
595
753
1195
1921
2745
3288
3421
3355
3007
2295
1312
158
-954
-1836
-2348
-2580
-2635
-2317
-1583
-791
-188
275
551
396
-197
-811
-1343
-1800
-2072
-2028
-1753
-1443
-1016
-431
168
731
1221
1403
1103
518
-23
-440
-747
-856
-697
-382
-130
118
440
888
1237
1323
1064
524
8
-295
-433
-690
-663
-337
-98
-183
-375
-517
-529
-522
-579
-712
-979
-1356
-1992
-2921
-3982
-4747
-4721
-4043
-3185
-2159
-952
387
1409
1999
2245
2366
2726
3129
3215
3085
3210
3717
3983
3991
3911
4092
4027
3232
1908
424
-718
-1673
-2591
-3401
-3722
-3423
-2914
-2416
-1791
-786
255
946
1149
1130
1115
1054
914
768
971
1389
1875
2226
2404
2393
2296
2129
1755
1109
237
-792
-1707
-2342
-2547
-2321
-1918
-1315
-707
-256
93
271
188
29
-226
-641
-1133
-1595
-1857
-1820
-1509
-1033
-563
2
667
1165
1232
984
707
453
203
-155
-539
-846
-902
-777
-565
-154
281
604
594
302
1
-291
-559
-718
-704
-524
-356
-359
-299
-187
-139
-170
-229
-332
-624
-994
-1277
-1375
-1596
-2161
-3099
-3810
-3907
-3417
-2709
-1839
-628
647
1583
1794
1520
1416
1775
2350
2617
2478
2402
2768
3098
3004
2883
3159
3488
3078
1948
805
150
-285
-966
-1792
-2232
-2051
-1742
-1598
-1307
-636
144
455
222
67
321
573
639
729
1027
1504
1932
2362
2844
3301
3575
3365
2561
1432
254
-768
-1568
-2175
-2498
-2601
-2523
-2259
-1761
-1100
-442
79
296
149
-192
-525
-783
-890
-873
-749
-666
-577
-227
311
779
926
804
549
53
-588
-1206
-1513
-1552
-1451
-1127
-773
-379
20
438
719
675
472
131
-371
-987
-1470
-1717
-1811
-1792
-1717
-1609
-1366
-1156
-1001
-866
-788
-753
-791
-877
-789
-697
-717
-1227
-1976
-2334
-2073
-1445
-799
3
749
1355
1361
833
351
536
1372
1953
2030
2004
2313
2856
3298
3818
4512
5195
5305
4540
3205
1976
1080
299
-614
-1623
-2331
-2819
-3172
-3237
-2849
-2119
-1443
-1109
-959
-603
-83
480
1024
1655
2351
2795
3130
3330
3549
3743
3501
2716
1506
347
-571
-1340
-1965
-2411
-2665
-2941
-3256
-3332
-3039
-2407
-1804
-1369
-1199
-1271
-1329
-1354
-1307
-1111
-763
-322
79
246
323
448
599
618
409
-6
-452
-911
-1374
-1758
-1931
-1697
-1292
-995
-847
-624
-259
153
436
445
281
5
-305
-571
-680
-660
-478
-329
-209
39
496
1040
1468
1653
1638
1488
1122
673
354
-2
-718
-1957
-3033
-3312
-2688
-1814
-884
112
1091
1632
1479
1075
991
1456
1852
1758
1356
1485
2330
3260
3869
4337
4905
5010
4227
2846
1446
350
-769
-2062
-3315
-4127
-4365
-4191
-3746
-2820
-1482
-157
607
885
1181
1682
1894
1718
1538
1694
1909
1849
1738
1685
1707
1514
1084
134
-953
-1853
-2636
-3421
-4071
-4234
-3994
-3553
-2957
-2066
-989
-65
608
897
803
422
106
-95
-247
-348
-290
-101
147
422
716
919
952
863
507
-110
-816
-1277
-1430
-1403
-1253
-1098
-905
-507
73
673
994
1072
992
713
151
-498
-858
-1030
-1003
-834
-479
60
713
1297
1779
1929
1728
1343
720
20
-562
-1151
-1791
-2601
-3202
-3386
-2946
-2151
-1307
-500
107
584
676
460
173
321
884
1459
1843
2266
3008
3810
4446
4846
5177
5228
4548
3316
1746
328
-895
-2116
-3182
-3822
-3910
-3632
-3229
-2649
-1674
-509
296
595
622
710
948
1132
1177
1287
1624
1879
1806
1511
1345
1308
1133
394
-744
-1916
-2788
-3331
-3626
-3524
-2937
-2258
-1711
-1186
-550
213
855
1313
1391
1279
975
472
133
107
340
493
473
313
177
46
-57
-123
-284
-549
-944
-1342
-1596
-1615
-1247
-604
-1
341
489
678
922
1113
1117
998
773
484
53
-327
-623
-561
-229
126
265
231
154
67
-42
-192
-306
-484
-661
-821
-820
-884
-1176
-1831
-2673
-3278
-3481
-3319
-3029
-2404
-1593
-888
-486
-230
178
1019
2060
2827
3189
3474
3787
4087
4039
3983
4080
4091
3513
2216
827
-229
-929
-1586
-2225
-2709
-2904
-2797
-2553
-2088
-1190
-107
621
783
774
845
1123
1507
1780
1871
1861
1768
1582
1345
1108
918
527
-226
-1116
-1784
-2059
-1867
-1471
-1139
-686
-192
278
651
1153
1624
1871
1737
1239
649
186
-59
-241
-432
-551
-574
-574
-634
-683
-694
-735
-919
-1202
-1502
-1670
-1600
-1262
-770
-338
128
456
626
698
691
579
354
-32
-445
-960
-1481
-1794
-1883
-1774
-1573
-1370
-1255
-1075
-889
-734
-590
-581
-778
-956
-1080
-967
-802
-461
-324
-500
-1303
-2181
-2868
-2985
-2674
-2157
-1418
-719
-47
423
919
1555
2385
3177
3583
3804
3899
4088
4316
4458
4496
4322
3979
3324
2551
1755
1006
269
-594
-1466
-2132
-2385
-2292
-1905
-1347
-809
-208
251
674
977
1299
1606
1691
1618
1311
1083
871
751
737
834
808
587
300
-5
-319
-678
-934
-998
-1130
-1267
-1331
-1239
-952
-644
-391
-137
16
-28
-223
-500
-727
-819
-876
-1163
-1500
-1767
-1846
-1807
-1702
-1521
-1304
-1190
-1134
-1039
-830
-469
-211
-147
-225
-457
-683
-732
-652
-557
-522
-531
-538
-611
-808
-873
-706
-420
-273
-190
-86
71
236
307
331
258
198
93
35
44
221
322
389
189
-193
-959
-1677
-1994
-1731
-1204
-678
-58
543
1028
1317
1544
1923
2498
3033
3224
3150
3044
3307
3640
3864
4007
3946
3695
3022
2208
1347
500
-463
-1367
-2097
-2592
-2666
-2390
-1841
-1172
-682
-365
-282
-238
-72
48
51
-330
-736
-1040
-1035
-905
-505
112
641
860
579
147
-286
-546
-635
-766
-1054
-1298
-1297
-1259
-875
-228
510
929
889
517
-178
-867
-1358
-1677
-2005
-2221
-2270
-2151
-1910
-1527
-720
247
982
1324
1405
1279
995
710
449
225
-68
-335
-465
-442
-286
61
464
655
576
318
-138
-682
-966
-1058
-1008
-921
-707
-374
-39
240
529
825
838
606
367
232
330
361
434
219
-261
-1100
-1931
-2494
-2656
-2248
-1687
-1012
-479
80
408
578
913
1409
2027
2288
2442
2586
2815
3042
3178
3280
3227
3048
2485
1789
957
173
-504
-1210
-1912
-2376
-2502
-2385
-2083
-1596
-1062
-502
-270
-281
-330
-357
-209
-162
-146
-156
-49
167
340
582
895
1123
971
573
200
-2
15
54
94
17
69
238
436
797
1236
1511
1434
937
208
-495
-1014
-1392
-1654
-1867
-2014
-2078
-1976
-1582
-843
15
747
1185
1232
1019
713
495
487
416
272
57
-127
-133
40
247
271
69
-384
-1004
-1709
-2216
-2433
-2444
-2314
-2075
-1604
-960
-110
760
1398
1827
1913
1687
1292
962
636
392
35
-345
-869
-1480
-2293
-3076
-3481
-3511
-3164
-2734
-2100
-1461
-728
-202
219
780
1578
2485
3106
3455
3746
4004
4240
4111
3887
3564
3218
2629
1701
821
68
-528
-1101
-1618
-1889
-1834
-1654
-1393
-1226
-1038
-717
-480
-374
-316
-292
-282
-328
-287
-262
20
408
791
1117
1143
1032
917
809
874
1008
1078
1033
766
517
426
644
1124
1450
1358
996
360
-457
-1189
-1680
-2051
-2300
-2558
-2741
-2706
-2164
-1254
-263
557
1040
1290
1107
753
428
294
244
55
-331
-798
-1187
-1439
-1508
-1451
-1444
-1503
-1763
-2134
-2379
-2312
-2035
-1670
-1137
-575
-3
548
1070
1600
2045
2096
1807
1260
580
-23
-536
-1012
-1281
-1475
-1652
-2015
-2535
-3057
-3168
-3082
-2714
-2040
-1066
-70
733
1503
2129
2738
3312
3745
3874
3824
3808
3671
3448
3295
3233
3199
2991
2698
2313
1792
1179
542
-129
-791
-1321
-1628
-1805
-1955
-1971
-1818
-1552
-1280
-976
-639
-437
-277
-72
24
-29
47
323
709
1025
1268
1461
1511
1464
1445
1454
1377
1217
952
623
209
-8
-114
-299
-467
-697
-1054
-1649
-2249
-2650
-2879
-2903
-2803
-2549
-2117
-1536
-877
-176
483
1002
1319
1212
766
231
-157
-534
-958
-1301
-1572
-1663
-1667
-1618
-1459
-1244
-1013
-863
-893
-987
-978
-861
-739
-567
-134
444
991
1467
1877
2086
2037
1620
1003
359
-357
-987
-1426
-1748
-1689
-1495
-1109
-841
-873
-1182
-1592
-1889
-1934
-1469
-891
-28
694
1376
1998
2494
3135
3697
4173
4312
4106
3665
3151
2762
2481
2346
2160
2014
1670
1186
728
325
-28
-501
-1080
-1676
-2259
-2683
-2862
-2741
-2359
-1868
-1311
-841
-375
89
551
767
782
591
465
395
238
291
389
618
880
1172
1373
1429
1477
1397
1088
595
230
-88
-507
-889
-1230
-1445
-1688
-1810
-1867
-1985
-1954
-1860
-1648
-1480
-1227
-889
-514
-213
52
310
414
316
241
202
160
8
-156
-323
-559
-767
-859
-850
-884
-926
-996
-1076
-1121
-1019
-868
-650
-338
17
244
394
509
674
797
705
493
102
-339
-841
-1183
-1324
-1290
-1102
-873
-576
-444
-449
-663
-906
-1128
-1105
-993
-549
77
882
1696
2298
2822
3088
3221
3086
2823
2448
2065
1835
1616
1468
1444
1659
1992
2294
2429
2377
2092
1482
686
-204
-1181
-2010
-2501
-2807
-2927
-2782
-2395
-1778
-1124
-604
-284
-134
-1
9
-44
-33
130
383
701
1016
1414
1872
2388
2710
2757
2428
1836
1081
206
-565
-1061
-1261
-1489
-1664
-1747
-1784
-1874
-1943
-1903
-1848
-1788
-1736
-1623
-1395
-1118
-574
-40
386
772
1098
1342
1326
1264
1102
853
394
-219
-705
-1168
-1521
-1667
-1720
-1746
-1690
-1492
-1280
-1065
-913
-789
-671
-664
-532
-388
-113
168
399
463
353
201
41
-28
-134
-301
-486
-615
-697
-710
-629
-469
-153
-12
-132
-294
-482
-407
-213
160
626
1080
1418
1507
1503
1391
1443
1532
1668
1728
1718
1844
1859
1985
2218
2547
2741
2725
2576
2191
1625
912
171
-623
-1351
-1902
-2349
-2486
-2374
-2104
-1829
-1597
-1428
-1220
-1054
-821
-469
-143
150
297
619
1189
1875
2358
2823
3123
3140
2715
2163
1588
876
384
-128
-691
-1258
-1652
-1821
-2170
-2525
-2703
-2763
-2989
-2953
-2601
-2020
-1357
-739
-17
595
1113
1586
1965
2094
2035
1933
1434
694
-107
-681
-1137
-1509
-1767
-1931
-2020
-2122
-2047
-1807
-1606
-1363
-1201
-1170
-1204
-1025
-640
-114
390
845
1182
1169
1025
803
616
273
-170
-658
-1099
-1393
-1400
-1205
-829
-486
-18
372
581
686
773
733
587
343
8
-143
-50
231
477
681
935
1118
1190
1160
1082
1194
1306
1404
1415
1477
1816
2190
2513
2598
2643
2572
2183
1431
559
-188
-878
-1467
-2071
-2436
-2622
-2595
-2326
-1969
-1496
-908
-314
188
550
792
1046
1264
1559
1744
1960
2143
2344
2393
2219
2022
1630
1232
734
38
-787
-1564
-2122
-2598
-3045
-3275
-3270
-3075
-2715
-2064
-1329
-607
41
653
1051
1249
1392
1470
1441
1266
972
604
176
-203
-435
-686
-992
-1323
-1531
-1760
-1965
-2074
-2131
-2149
-2108
-1952
-1647
-1174
-541
70
513
733
728
686
555
376
138
-195
-529
-851
-1114
-1299
-1238
-1038
-848
-704
-688
-537
-260
248
763
1197
1516
1528
1315
1045
911
732
535
406
440
384
260
169
271
504
830
1043
1213
1339
1547
1822
1992
2185
2421
2491
2248
1905
1586
1301
870
348
-194
-858
-1505
-2061
-2331
-2365
-2070
-1610
-1207
-800
-288
343
796
1223
1517
1678
1743
1790
1785
1797
1933
1994
1935
1696
1489
1143
801
353
-326
-1171
-1979
-2551
-2976
-3185
-3097
-2579
-2041
-1606
-1037
-449
98
416
521
582
558
446
376
318
146
120
16
-253
-619
-874
-1021
-1200
-1486
-1770
-1950
-2151
-2247
-2169
-2011
-1657
-1196
-746
-481
-303
-1
166
144
-23
-220
-529
-828
-968
-1028
-1076
-1077
-993
-961
-867
-712
-425
-39
307
694
1058
1447
1856
2254
2515
2604
2395
1958
1337
709
16
-479
-772
-834
-715
-551
-346
-8
414
730
950
1036
1157
1439
1720
1894
2070
2379
2708
2834
2833
2793
2629
2278
1602
721
-106
-827
-1398
-1698
-1749
-1539
-1169
-846
-557
-287
129
471
624
626
570
566
478
500
552
795
988
1090
1052
858
623
289
-167
-880
-1529
-2041
-2507
-2779
-2715
-2354
-1850
-1336
-813
-344
67
304
475
482
338
160
-50
-261
-356
-378
-491
-634
-854
-1000
-1164
-1316
-1425
-1542
-1612
-1681
-1680
-1632
-1526
-1362
-1213
-1097
-1054
-1013
-979
-998
-956
-917
-901
-950
-1025
-991
-853
-618
-360
-54
182
466
728
999
1373
1681
2030
2346
2596
2775
2868
2950
2866
2580
2071
1321
487
-271
-719
-993
-1220
-1371
-1272
-961
-727
-395
3
512
942
1229
1421
1527
1881
2232
2455
2611
2633
2645
2542
2315
1949
1587
1217
642
18
-606
-1064
-1379
-1636
-1805
-1866
-1848
-1723
-1477
-1088
-625
-167
164
303
325
336
336
326
312
219
240
94
-75
-298
-340
-335
-362
-331
-403
-435
-474
-391
-218
-163
-14
110
129
-54
-160
-265
-284
-387
-612
-873
-1307
-1626
-1771
-1755
-1697
-1570
-1318
-1319
-1301
-1126
-874
-607
-478
-415
-542
-801
-1106
-1199
-1191
-1172
-1089
-1021
-961
-892
-728
-566
-447
-350
-288
-262
-265
-157
97
508
935
1317
1694
1989
2334
2525
2645
2557
2377
2063
1601
1168
802
616
380
89
-316
-729
-1076
-1250
-1272
-1218
-1126
-1023
-838
-577
-266
202
754
1258
1727
2062
2268
2541
2839
3010
2959
2802
2664
2372
1920
1407
919
413
-131
-781
-1408
-1847
-2129
-2297
-2309
-2171
-1841
-1486
-1143
-747
-249
296
619
835
901
1020
1006
912
926
917
906
819
756
659
640
655
620
451
265
117
-230
-642
-988
-1193
-1386
-1677
-1794
-1882
-1896
-1821
-1729
-1624
-1497
-1302
-1209
-1107
-1115
-1034
-980
-1031
-1073
-1028
-977
-1029
-1054
-1044
-1046
-1098
-1173
-1278
-1371
-1451
-1501
-1375
-1201
-978
-730
-520
-326
-95
272
619
975
1302
1621
1833
1974
2145
2187
2233
2151
1983
1711
1427
1250
1131
1024
937
874
753
591
381
201
1
-305
-701
-980
-1059
-1028
-838
-608
-241
65
347
557
670
846
1036
1191
1254
1344
1487
1700
1928
2154
2373
2490
2323
1894
1291
621
-64
-656
-1166
-1567
-1792
-1833
-1688
-1372
-1008
-476
-35
224
398
442
481
399
343
305
323
399
596
864
1195
1486
1659
1709
1472
1082
507
-150
-890
-1530
-2202
-2693
-2933
-3022
-2816
-2523
-2117
-1717
-1483
-1290
-1223
-1191
-1238
-1284
-1262
-1229
-1105
-950
-746
-510
-210
-31
71
41
-143
-424
-741
-1036
-1318
-1459
-1538
-1511
-1316
-1070
-835
-521
-244
-14
166
334
489
650
843
986
1076
1134
1276
1465
1581
1607
1624
1581
1490
1370
1244
1128
997
879
785
690
525
400
217
53
-73
-149
-182
-233
-260
-204
-66
97
300
548
832
1077
1189
1277
1439
1643
1850
1962
2016
2070
1996
1656
1134
573
93
-376
-793
-1146
-1418
-1532
-1575
-1494
-1341
-1081
-741
-408
-191
-11
205
472
772
932
1117
1334
1476
1564
1622
1673
1689
1557
1198
699
131
-467
-1047
-1622
-2176
-2574
-2780
-2882
-2821
-2571
-2220
-1835
-1575
-1367
-1227
-1186
-1161
-1012
-907
-770
-565
-445
-345
-269
-280
-380
-463
-634
-848
-1101
-1283
-1467
-1613
-1717
-1795
-1779
-1790
-1669
-1427
-1067
-740
-441
-182
3
260
437
604
785
854
954
1026
1139
1241
1350
1433
1494
1493
1412
1417
1451
1582
1717
1730
1690
1653
1547
1379
1175
969
745
567
341
232
157
189
268
304
383
511
697
910
1256
1528
1817
2072
2242
2330
2309
2234
2107
1874
1440
949
493
57
-416
-824
-1173
-1427
-1603
-1682
-1571
-1411
-1149
-861
-532
-305
-108
103
241
346
326
268
194
193
169
80
-7
-179
-392
-629
-993
-1344
-1651
-1834
-2065
-2291
-2311
-2276
-2247
-2082
-1878
-1656
-1394
-1207
-1005
-853
-798
-770
-802
-887
-901
-900
-919
-815
-706
-646
-617
-553
-456
-447
-487
-588
-704
-849
-984
-1034
-1000
-866
-630
-344
2
377
706
1065
1312
1432
1463
1399
1396
1388
1419
1461
1493
1494
1509
1483
1503
1540
1521
1452
1298
1138
1010
927
848
841
868
862
798
716
661
654
671
683
665
577
440
289
229
250
370
584
777
856
885
883
879
884
894
788
611
429
133
-110
-383
-618
-804
-980
-1116
-1192
-1180
-1082
-857
-688
-534
-391
-245
-79
-2
35
34
-73
-153
-215
-294
-361
-348
-260
-264
-290
-351
-429
-516
-633
-767
-976
-1181
-1323
-1402
-1410
-1318
-1179
-1044
-935
-868
-780
-681
-576
-500
-507
-541
-636
-767
-887
-874
-744
-616
-548
-529
-469
-425
-378
-374
-306
-299
-395
-495
-511
-382
-172
104
341
560
694
796
865
934
1003
948
914
789
655
592
601
637
658
680
705
727
729
737
773
797
853
863
872
933
983
1053
1091
1079
1031
972
858
711
594
486
315
221
157
119
173
253
387
545
690
792
800
812
792
698
560
342
130
-83
-219
-399
-512
-584
-635
-652
-656
-642
-570
-483
-421
-427
-509
-612
-705
-727
-701
-592
-468
-357
-227
-153
-86
7
26
-30
-74
-193
-443
-709
-997
-1151
-1149
-1112
-1027
-912
-810
-758
-682
-647
-609
-593
-629
-724
-842
-872
-844
-769
-664
-593
-574
-550
-497
-472
-464
-455
-449
-400
-401
-378
-337
-260
-151
-31
105
219
410
528
616
727
777
775
729
692
572
519
460
424
400
365
371
325
280
247
272
306
373
437
540
717
913
1100
1311
1460
1550
1574
1529
1441
1354
1299
1226
1112
975
861
758
668
573
586
636
655
641
575
549
498
445
365
260
172
61
37
28
39
42
16
-37
-178
-227
-278
-355
-463
-609
-820
-983
-1117
-1188
-1120
-1060
-968
-920
-845
-760
-662
-513
-435
-365
-284
-333
-510
-680
-810
-911
-988
-1100
-1173
-1232
-1188
-1030
-878
-767
-660
-620
-674
-774
-911
-935
-941
-890
-885
-923
-884
-766
-637
-538
-438
-362
-327
-337
-357
-399
-409
-383
-314
-282
-246
-137
-18
132
264
302
327
357
391
408
390
394
424
479
582
680
832
1020
1174
1301
1379
1388
1366
1283
1209
1138
1112
1150
1218
1274
1395
1515
1616
1683
1674
1662
1577
1439
1264
1112
978
917
890
902
920
878
809
663
487
332
189
15
-184
-402
-565
-708
-813
-850
-782
-744
-709
-685
-670
-704
-808
-881
-997
-1109
-1248
-1285
-1220
-1089
-907
-767
-604
-447
-339
-264
-304
-290
-293
-341
-411
-486
-519
-508
-511
-542
-616
-691
-791
-870
-875
-887
-890
-862
-877
-886
-882
-820
-708
-605
-578
-574
-584
-608
-624
-571
-527
-456
-394
-326
-243
-182
-79
-15
2
9
47
55
100
173
240
297
343
415
476
504
572
645
680
703
683
705
710
722
756
792
875
955
978
966
948
918
889
860
807
762
731
672
659
678
733
832
881
900
916
917
924
898
894
878
800
719
706
618
536
477
368
245
53
-120
-325
-463
-583
-716
-748
-746
-722
-673
-553
-448
-408
-469
-465
-499
-577
-602
-597
-593
-586
-560
-521
-408
-344
-211
-100
-36
-3
22
13
-22
-85
-268
-416
-569
-694
-849
-951
-1032
-1075
-1096
-1104
-1076
-1054
-1011
-949
-849
-696
-569
-465
-357
-212
-109
-105
-90
-67
-35
-65
-76
-142
-197
-214
-181
-138
-76
-20
-20
22
62
88
134
213
287
311
277
265
281
326
358
361
361
361
368
365
378
422
488
577
630
687
763
793
807
871
898
864
820
762
717
644
592
543
523
520
490
546
592
668
763
832
883
944
976
989
987
933
876
779
672
534
441
344
210
97
-105
-344
-571
-773
-921
-1016
-1055
-1112
-1118
-1107
-1079
-971
-845
-747
-703
-652
-646
-624
-585
-516
-434
-364
-276
-210
-121
-89
-158
-262
-363
-503
-662
-808
-915
-975
-1063
-1134
-1124
-1052
-982
-841
-674
-521
-379
-284
-183
-129
-84
-57
-6
3
-3
-16
-12
-16
-79
-98
-160
-175
-170
-144
-67
-1
64
139
154
132
135
108
76
60
43
85
103
115
149
232
378
496
569
626
696
721
754
813
827
866
916
1008
1071
1111
1158
1179
1183
1134
1059
883
708
530
334
199
90
77
110
169
275
412
603
734
852
917
889
840
744
641
564
504
377
227
61
-98
-295
-445
-618
-801
-963
-1097
-1132
-1158
-1155
-1099
-1022
-940
-776
-653
-523
-426
-382
-314
-272
-283
-312
-275
-271
-238
-258
-320
-393
-495
-587
-671
-745
-801
-874
-938
-933
-967
-920
-849
-754
-634
-520
-419
-320
-205
-53
74
128
156
169
184
187
197
158
82
2
-82
-185
-232
-235
-182
-174
-155
-92
-68
-48
-28
-58
-90
-54
-31
33
75
130
260
356
471
552
609
672
660
612
629
670
709
797
830
946
1029
1086
1093
1095
1073
965
860
730
588
484
408
324
280
194
196
170
212
248
318
400
427
400
321
301
258
246
217
176
138
85
8
-59
-110
-216
-331
-412
-544
-650
-706
-746
-767
-786
-798
-779
-715
-622
-530
-465
-423
-351
-309
-336
-330
-345
-405
-378
-339
-293
-265
-235
-157
-118
-113
-146
-240
-296
-231
-209
-154
-115
-139
-135
-172
-196
-169
-137
-93
-86
-119
-126
-100
-135
-178
-174
-170
-175
-181
-187
-178
-122
-57
45
119
156
159
123
119
82
23
-44
-112
-170
-194
-175
-152
-124
-104
-55
-42
-44
29
60
76
119
135
144
177
175
216
288
361
429
492
538
570
545
514
428
333
240
157
69
6
-11
-13
6
52
122
190
289
395
494
561
622
694
757
791
757
718
677
599
529
438
366
349
270
211
147
81
67
29
-32
-137
-140
-150
-205
-257
-363
-424
-479
-556
-584
-589
-557
-543
-527
-478
-431
-310
-244
-248
-208
-196
-197
-172
-142
-95
-99
-116
-144
-235
-291
-321
-338
-362
-417
-505
-577
-689
-746
-746
-743
-701
-708
-666
-627
-549
-484
-446
-368
-289
-243
-196
-143
-108
-44
-13
-38
-100
-156
-215
-273
-264
-221
-176
-163
-114
-52
23
138
236
328
378
413
476
552
651
753
876
1050
1141
1194
1236
1188
1148
1075
1025
918
817
752
629
515
429
326
268
218
209
276
338
456
506
549
550
534
509
529
491
438
406
274
157
27
-31
-61
-114
-184
-229
-284
-324
-336
-369
-412
-515
-602
-722
-856
-936
-982
-1027
-1022
-991
-1012
-992
-962
-878
-800
-731
-677
-634
-573
-492
-428
-347
-230
-121
-12
65
133
162
171
91
12
-92
-171
-244
-298
-340
-354
-373
-402
-407
-339
-280
-275
-262
-251
-189
-130
-30
57
142
222
284
366
366
421
447
455
415
349
263
147
72
-14
-88
-132
-77
15
109
213
321
463
570
624
632
628
688
743
794
849
849
824
786
741
696
646
591
520
422
342
250
163
99
26
0
-9
27
42
57
96
106
135
151
113
99
92
44
-30
-51
-37
-70
-79
-84
-56
-11
-3
-35
-61
-69
-100
-221
-324
-423
-555
-613
-657
-687
-747
-743
-770
-789
-811
-837
-882
-913
-939
-912
-806
-720
-596
-472
-323
-148
34
141
258
320
312
269
232
238
197
143
75
27
-24
-96
-166
-191
-206
-229
-265
-308
-306
-258
-219
-130
8
87
202
310
381
419
430
444
422
349
250
187
103
12
-69
-152
-195
-240
-282
-279
-261
-183
-101
-69
8
114
208
334
476
576
693
784
878
985
1011
1009
944
868
744
650
538
408
305
170
62
-11
-35
-13
59
111
158
173
166
112
63
23
-47
-98
-157
-208
-239
-230
-176
-137
-97
-93
-52
-50
-52
-18
-43
-64
-91
-156
-227
-256
-279
-305
-354
-387
-401
-464
-494
-566
-632
-644
-679
-647
-609
-579
-497
-440
-330
-219
-131
-31
35
99
113
159
223
244
243
244
228
185
130
44
-22
-74
-174
-266
-352
-363
-359
-358
-330
-342
-314
-296
-232
-164
-115
-47
-9
36
43
31
38
63
94
121
95
49
29
12
-23
-62
-101
-143
-164
-175
-127
-54
53
176
308
424
506
566
623
671
697
691
659
627
602
560
504
415
309
231
178
103
57
23
14
37
38
67
68
110
146
183
184
183
174
154
156
133
137
145
167
189
194
238
258
258
292
285
291
298
253
207
131
37
-49
-106
-182
-238
-338
-430
-479
-597
-649
-707
-774
-793
-793
-784
-794
-757
-689
-631
-561
-500
-440
-395
-360
-284
-216
-111
3
111
197
228
301
359
379
372
371
311
226
119
-11
-109
-169
-226
-280
-278
-254
-221
-168
-107
-50
7
19
-12
-53
-87
-96
-93
-120
-117
-121
-116
-86
-97
-117
-120
-131
-162
-159
-145
-133
-82
-58
-10
111
176
284
376
448
515
549
566
535
531
512
471
416
378
350
333
283
255
261
250
256
241
221
244
252
247
251
218
185
146
112
107
111
141
204
228
252
261
270
291
317
332
301
262
197
133
87
69
54
-7
-86
-218
-355
-476
-605
-687
-727
-719
-737
-775
-768
-734
-672
-608
-522
-453
-420
-420
-370
-316
-282
-220
-156
-81
-23
44
123
190
214
227
214
196
148
96
11
-41
-73
-120
-167
-202
-204
-209
-198
-238
-273
-304
-321
-358
-392
-388
-395
-368
-324
-244
-150
-86
0
90
177
216
256
269
260
250
239
274
292
301
312
344
349
348
356
358
367
359
365
335
282
268
253
222
202
196
201
235
243
266
280
293
302
305
291
276
264
259
257
259
264
245
238
244
226
248
251
259
266
257
254
202
187
164
152
134
92
35
-23
-68
-108
-181
-267
-356
-447
-519
-570
-621
-699
-738
-765
-796
-851
-825
-791
-773
-733
-723
-706
-697
-683
-627
-543
-482
-378
-300
-193
-63
80
201
279
345
347
342
278
256
228
192
133
84
54
-8
-37
-22
15
37
32
22
47
41
64
77
106
168
209
269
361
427
449
486
489
487
457
414
351
303
264
238
192
153
141
92
86
100
97
87
77
55
14
-6
-38
-67
-64
-57
-72
-38
-22
-11
-2
13
71
76
114
154
182
182
183
189
184
204
202
219
229
239
219
186
149
130
141
127
120
97
108
77
27
8
-16
-53
-95
-111
-163
-223
-288
-349
-422
-485
-533
-590
-650
-647
-663
-693
-691
-687
-664
-660
-619
-563
-555
-492
-407
-356
-298
-230
-163
-106
-12
74
175
259
346
413
462
465
449
421
358
305
254
193
148
154
146
170
183
155
101
50
18
10
10
18
7
-7
50
86
96
115
180
211
247
258
255
222
145
111
50
23
-5
-28
-25
-21
-31
-24
-39
-72
-66
-72
-69
-79
-95
-96
-92
-59
5
67
107
153
206
229
251
268
276
241
212
200
159
146
115
139
153
138
135
107
124
122
110
108
138
166
173
149
140
100
95
135
117
97
70
57
-17
-48
-110
-165
-231
-285
-342
-418
-471
-520
-522
-506
-502
-497
-484
-471
-445
-393
-345
-269
-203
-177
-147
-137
-93
-44
-6
25
51
48
88
89
57
72
60
80
59
29
-3
-10
-23
-52
-59
-55
-97
-144
-170
-192
-189
-227
-217
-219
-208
-205
-200
-173
-145
-106
-64
-9
43
85
121
133
130
145
167
201
218
199
207
191
180
187
192
241
263
273
290
249
205
205
220
246
234
264
308
341
374
402
399
414
388
341
297
272
231
205
213
212
198
159
186
154
142
145
141
156
136
109
83
88
69
53
49
39
18
-29
-78
-79
-105
-128
-135
-183
-208
-263
-273
-331
-374
-413
-438
-464
-481
-463
-484
-463
-467
-412
-371
-348
-332
-349
-375
-353
-327
-310
-253
-246
-221
-168
-120
-94
-73
-49
-37
-29
-54
-49
-100
-112
-93
-80
-62
-46
-1
34
64
69
83
96
103
87
103
98
117
123
105
115
159
183
210
236
217
211
157
152
156
115
71
48
41
80
115
132
133
146
125
121
117
125
158
184
207
219
231
236
261
286
333
347
348
357
298
241
168
130
69
31
-33
-87
-80
-92
-89
-94
-76
-59
-68
-32
7
21
14
18
-3
1
18
31
69
79
75
40
30
-11
-44
-127
-214
-252
-320
-401
-439
-424
-442
-452
-458
-443
-426
-404
-333
-278
-223
-176
-124
-40
2
46
76
112
108
100
93
99
96
45
16
5
-23
-78
-104
-155
-166
-124
-70
-38
-13
9
42
72
88
96
86
111
136
146
130
123
112
108
100
86
60
56
56
13
18
28
-2
-24
-15
-3
43
73
65
68
68
67
70
50
79
88
83
104
105
124
146
157
148
130
78
43
27
40
49
30
38
35
53
69
78
68
74
62
45
50
51
57
93
151
187
212
204
185
133
79
50
13
3
-17
-53
-78
-65
-68
-83
-92
-103
-120
-155
-215
-244
-236
-231
-243
-230
-240
-232
-207
-184
-122
-98
-58
-67
-72
-92
-76
-95
-111
-124
-162
-163
-130
-125
-128
-150
-192
-237
-266
-270
-260
-209
-187
-117
-70
-4
49
71
91
66
46
27
-4
9
6
-2
19
22
54
58
76
63
83
66
50
63
45
70
82
76
105
122
160
234
242
247
250
265
288
313
301
274
270
275
295
295
259
233
181
190
190
165
143
135
111
74
73
69
68
71
80
50
26
23
27
17
-21
-20
-57
-87
-75
-77
-55
-40
-45
-60
-68
-65
-73
-93
-132
-134
-141
-164
-154
-118
-99
-97
-95
-124
-118
-87
-114
-91
-92
-110
-113
-163
-178
-217
-238
-261
-257
-268
-247
-238
-222
-207
-238
-232
-219
-189
-150
-143
-151
-115
-97
-85
-94
-31
3
14
37
25
34
19
23
55
74
82
87
100
137
156
159
205
233
259
262
221
239
230
191
182
207
159
129
93
80
90
118
136
115
140
154
151
143
127
118
97
74
57
66
73
62
35
28
29
3
-57
-98
-119
-166
-154
-139
-152
-176
-180
-141
-135
-122
-120
-104
-94
-108
-120
-123
-124
-107
-88
-72
-30
-2
9
52
44
54
15
-17
-39
-67
-72
-78
-38
-50
-18
38
110
138
146
148
143
140
150
172
177
208
235
201
205
220
214
158
105
50
-27
-60
-116
-138
-184
-178
-185
-219
-213
-228
-209
-220
-220
-215
-186
-163
-138
-135
-150
-167
-158
-129
-94
-86
-90
-57
-78
-87
-81
-75
-77
-64
-74
-60
-25
-8
19
42
45
59
65
85
109
116
133
141
155
169
167
182
197
231
276
309
325
322
322
318
304
281
245
202
153
131
124
87
56
8
-22
-50
-72
-96
-101
-77
-90
-106
-133
-147
-156
-159
-141
-143
-143
-134
-108
-122
-124
-130
-152
-172
-182
-168
-138
-80
-61
-89
-99
-101
-88
-61
-17
1
56
93
97
112
98
83
73
78
45
41
46
28
12
-41
-55
-78
-108
-102
-140
-166
-165
-188
-189
-165
-140
-101
-61
-23
37
52
23
-28
-41
-69
-95
-116
-131
-106
-64
-23
18
40
52
69
82
96
101
110
98
119
102
79
81
107
114
79
56
84
101
80
44
26
9
-5
-13
-8
30
80
107
132
171
199
203
198
202
168
139
126
74
50
4
-69
-83
-67
-89
-99
-75
-65
-42
-52
-61
-51
-67
-65
-60
-48
12
48
74
112
128
116
101
68
64
63
69
73
54
40
41
44
51
71
64
84
101
97
92
88
103
99
66
47
41
22
34
34
48
44
2
-54
-142
-179
-227
-253
-293
-311
-315
-337
-310
-272
-263
-234
-206
-150
-97
-81
-39
-35
-7
5
-33
-45
-47
-64
-75
-43
-13
-8
-3
22
38
37
43
9
-12
-21
-48
-97
-134
-129
-96
-67
-41
-15
2
-16
-36
-51
-77
-124
-152
-155
-172
-167
-160
-110
-58
-10
18
88
145
206
224
242
246
253
260
205
200
201
202
225
205
166
134
100
101
70
73
83
84
102
117
142
172
199
252
249
239
221
210
209
196
183
153
110
36
-25
-60
-95
-92
-96
-81
-76
-87
-69
-71
-49
1
-1
-35
-62
-63
-86
-115
-138
-127
-135
-156
-179
-189
-212
-207
-193
-176
-171
-166
-158
-139
-149
-162
-162
-166
-167
-186
-174
-149
-140
-108
-113
-109
-121
-151
-148
-136
-104
-109
-86
-66
-59
-48
-16
7
50
70
80
82
60
54
69
42
48
46
52
30
19
24
31
34
34
51
46
65
85
129
171
208
252
309
325
342
326
298
278
282
304
291
291
272
244
212
200
136
125
108
84
83
60
56
55
56
43
4
9
36
9
29
16
-21
4
-36
-57
-74
-103
-100
-99
-117
-141
-179
-230
-240
-253
-265
-292
-302
-301
-315
-325
-308
-276
-268
-274
-275
-277
-270
-283
-258
-224
-229
-203
-190
-182
-146
-112
-92
-69
-50
-63
-82
-108
-109
-80
-45
-20
12
4
19
39
78
118
147
194
228
237
251
253
258
271
275
258
264
270
269
263
247
261
219
195
156
136
106
63
59
77
80
63
88
95
105
127
108
128
127
111
118
69
56
53
68
91
116
103
78
69
60
58
43
21
-17
-34
-74
-107
-135
-152
-179
-199
-198
-209
-207
-217
-219
-215
-260
-249
-227
-194
-166
-172
-174
-158
-122
-141
-100
-87
-88
-77
-66
-50
-34
-36
-27
4
41
56
78
122
133
157
165
166
170
180
199
201
223
213
208
203
195
207
192
187
136
115
82
21
16
-3
1
18
21
34
22
15
9
-19
-43
-44
-80
-94
-106
-133
-112
-124
-106
-120
-150
-159
-194
-198
-219
-235
-252
-267
-266
-282
-256
-223
-212
-239
-233
-232
-255
-244
-255
-234
-240
-242
-216
-182
-110
-66
-45
-18
10
32
55
111
126
125
182
200
236
243
251
312
295
300
287
283
280
255
240
217
232
222
234
235
227
225
207
224
215
205
204
176
157
154
138
131
119
128
134
119
104
92
68
50
15
-9
-40
-65
-102
-130
-138
-154
-173
-190
-178
-186
-165
-190
-193
-207
-215
-222
-226
-232
-260
-275
-281
-236
-206
-188
-171
-152
-154
-128
-109
-106
-107
-89
-75
-77
-63
-71
-26
-8
-10
4
-6
6
34
52
87
101
97
96
90
69
44
18
-2
-30
-38
-32
-6
8
37
68
115
136
145
170
140
134
121
134
153
182
189
201
223
228
211
192
173
142
120
83
59
32
19
12
0
-2
-27
-33
-62
-73
-94
-83
-78
-63
-71
-61
-58
-58
-65
-73
-47
-74
-72
-93
-95
-84
-85
-77
-75
-71
-73
-99
-91
-97
-86
-61
-33
-18
-14
8
30
24
43
52
41
41
20
-2
-9
-20
-26
-9
-7
-6
5
22
23
27
41
56
56
42
49
56
65
58
33
31
36
45
60
47
22
37
22
7
3
8
25
40
46
45
58
54
34
13
-25
-65
-107
-127
-100
-130
-143
-141
-144
-147
-135
-109
-68
-29
-12
0
-9
1
-4
22
29
25
9
-7
11
14
0
-33
-32
-81
-118
-146
-167
-162
-141
-111
-77
-59
-23
16
53
77
96
127
145
163
180
168
172
200
213
229
220
217
217
217
199
147
104
103
74
72
74
74
78
85
101
117
118
109
108
87
84
69
54
40
-29
-70
-113
-156
-172
-218
-214
-204
-228
-236
-279
-305
-290
-303
-268
-222
-178
-181
-165
-132
-137
-134
-146
-144
-137
-137
-128
-116
-119
-101
-85
-77
-34
-20
8
18
32
25
34
82
104
118
117
117
107
105
102
98
68
41
33
19
9
21
20
42
67
75
67
95
104
85
97
102
117
123
131
126
96
78
64
58
47
58
62
44
78
46
49
53
44
25
11
31
26
22
14
26
17
-1
2
26
19
-1
-4
-27
-46
-72
-91
-108
-130
-137
-136
-146
-133
-100
-83
-51
-7
26
70
104
97
139
136
117
111
80
64
43
34
26
29
27
-21
-38
-41
-60
-51
-51
2
22
31
33
39
48
50
59
49
26
-1
-24
-37
-46
-59
-68
-83
-94
-131
-182
-191
-197
-191
-161
-172
-145
-105
-100
-83
-75
-57
-21
-36
-20
-24
-34
-14
-24
-9
38
48
50
68
68
86
81
70
78
69
66
56
68
84
79
81
115
124
129
116
109
80
66
34
41
33
13
9
-9
30
35
40
44
66
75
68
73
36
39
26
3
-9
-37
-55
-66
-84
-90
-109
-122
-102
-113
-95
-82
-78
-70
-41
-38
-33
-24
-8
33
47
77
112
156
183
187
194
198
192
176
174
160
124
79
50
11
-23
-41
-51
-45
-60
-87
-78
-87
-103
-130
-153
-124
-145
-164
-171
-165
-153
-139
-127
-118
-101
-101
-75
-62
-56
-35
-35
-48
-52
-55
-43
-53
-59
-56
-90
-71
-58
-33
-31
-25
-28
-44
-25
-31
-15
8
13
12
4
38
59
65
90
104
135
149
157
159
171
167
167
149
135
133
110
93
58
52
45
3
-19
-14
-27
-20
-12
-23
-10
-4
23
44
59
52
35
23
13
-15
-51
-55
-69
-62
-79
-76
-72
-73
-82
-72
-60
-70
-66
-96
-86
-58
-66
-54
-51
-34
-26
-11
22
29
27
24
19
19
3
-3
-15
-17
-9
-17
-20
-26
-13
-8
-17
-22
-42
-67
-77
-85
-81
-80
-89
-44
-13
8
34
49
63
35
32
46
78
104
110
111
118
156
129
130
118
91
68
60
49
29
24
2
-10
7
14
14
44
39
50
45
41
45
50
40
17
4
-12
-4
11
3
-29
-30
-46
-78
-100
-99
-88
-85
-69
-83
-69
-55
-42
-40
-46
-55
-57
-31
-1
12
12
13
-16
-9
-25
-47
-42
-53
-41
-24
-18
-23
-13
4
4
3
-10
10
18
31
39
55
45
26
35
20
21
8
-9
-34
-21
-39
-29
-26
-43
-19
-32
-5
22
37
68
80
81
98
123
109
110
106
100
99
119
135
127
118
119
93
52
23
4
23
27
34
23
24
57
53
35
42
25
36
27
12
7
-2
-30
-46
-52
-88
-115
-100
-77
-57
-52
-57
-62
-56
-13
-2
-8
-5
-17
-40
-52
-47
-61
-115
-143
-142
-157
-152
-146
-149
-132
-137
-146
-150
-141
-149
-194
-203
-194
-147
-135
-135
-145
-165
-171
-199
-175
-144
-165
-123
-86
-61
-35
-12
31
68
91
113
161
201
229
259
266
260
250
261
266
270
245
263
272
256
248
243
203
178
143
118
96
88
104
86
105
84
78
81
66
44
37
25
-1
-31
-52
-68
-93
-110
-141
-132
-121
-95
-86
-102
-90
-106
-118
-124
-131
-117
-129
-122
-106
-83
-55
-46
-69
-73
-88
-104
-78
-59
-32
-27
-44
-72
-86
-85
-103
-101
-127
-122
-88
-99
-96
-50
-55
-74
-55
-38
-18
-4
16
29
23
29
47
68
67
75
93
82
88
114
116
106
112
129
112
124
125
140
126
139
151
159
188
180
168
163
157
135
112
104
98
94
82
80
89
82
82
77
60
26
24
9
17
28
20
6
-32
-59
-77
-113
-114
-116
-124
-148
-156
-174
-190
-209
-248
-243
-249
-224
-198
-174
-172
-168
-190
-199
-178
-157
-107
-101
-79
-90
-80
-73
-61
-52
-68
-55
-24
-5
15
51
88
102
123
127
144
173
172
135
129
141
150
171
187
196
176
147
138
127
134
129
110
100
122
146
147
184
188
172
144
108
79
30
15
-14
-45
-69
-117
-132
-157
-168
-181
-202
-205
-226
-238
-226
-234
-212
-185
-166
-149
-116
-113
-113
-100
-80
-58
-41
-7
4
7
10
-7
-17
-18
-33
-21
-5
16
44
41
56
68
80
100
109
144
149
169
186
186
173
184
192
177
192
164
149
110
68
27
13
-2
-5
9
-22
-30
-17
-40
-64
-79
-86
-81
-79
-84
-84
-65
-64
-73
-86
-80
-78
-67
-59
-35
2
12
-3
-2
-14
-19
-41
-32
-16
-2
-8
5
30
26
37
26
19
22
-5
-30
-50
-67
-82
-95
-66
-50
-56
-72
-66
-54
-63
-61
-53
-61
-47
-49
-36
-30
-25
-17
-54
-41
-68
-93
-95
-98
-110
-98
-81
-73
-67
-63
-73
-37
15
40
71
76
80
94
100
106
123
142
160
150
163
187
197
197
181
157
126
105
83
102
121
82
73
74
83
67
42
32
-2
-35
-59
-49
-52
-59
-82
-88
-72
-81
-73
-44
-58
-39
-27
-26
7
36
42
46
43
36
39
40
53
46
35
34
21
-2
-26
-49
-58
-42
-36
-41
-35
-11
-12
-16
-18
-28
-16
-6
5
34
76
99
83
62
53
26
0
-9
-26
-44
-65
-69
-78
-73
-75
-80
-80
-102
-102
-108
-105
-88
-72
-77
-80
-51
-33
-39
-6
18
6
-21
-46
-49
-71
-57
-63
-88
-100
-101
-87
-78
-71
-61
-73
-52
1
28
37
55
91
115
128
102
105
128
106
80
72
65
81
92
98
90
71
59
56
52
41
46
38
28
48
50
44
70
60
67
81
85
84
67
39
7
-21
-29
-36
-41
-33
-37
-38
-20
-3
8
14
11
23
25
31
39
42
37
20
29
32
48
52
45
21
10
-7
-17
-20
-17
-32
-60
-56
-26
-17
-42
-53
-72
-86
-94
-111
-127
-100
-102
-100
-124
-137
-134
-106
-104
-85
-76
-80
-68
-74
-45
-67
-68
-60
-46
-32
-20
6
21
38
19
0
-9
-8
-22
-33
-43
-78
-82
-76
-73
-54
-50
-38
-28
5
30
44
60
83
84
100
115
120
105
101
88
82
82
87
96
85
99
69
44
49
42
30
19
26
31
47
53
57
70
64
67
80
82
78
107
107
121
119
101
113
107
121
115
84
72
46
54
47
35
32
17
-5
-18
-7
-14
-26
-59
-70
-72
-82
-82
-87
-100
-120
-135
-153
-157
-124
-99
-89
-80
-85
-64
-79
-70
-55
-75
-86
-93
-90
-100
-103
-113
-118
-130
-144
-153
-159
-135
-116
-106
-96
-97
-87
-79
-44
-26
-14
4
28
42
63
72
71
75
75
90
107
102
101
99
95
88
92
80
76
96
84
85
103
113
111
124
126
124
149
167
150
144
165
141
115
97
76
63
55
40
43
46
24
24
21
11
-10
-25
-24
-32
-35
-66
-94
-92
-93
-105
-119
-126
-144
-153
-156
-134
-112
-127
-143
-145
-129
-142
-131
-117
-111
-88
-72
-63
-40
-30
-35
-25
-29
-22
-13
2
25
37
17
28
55
72
90
93
89
88
92
77
67
83
109
101
89
70
90
90
81
103
75
77
65
67
100
110
90
88
92
69
56
30
28
31
7
-15
-32
-41
-62
-76
-95
-114
-122
-133
-127
-121
-133
-156
-166
-157
-141
-145
-144
-139
-137
-129
-115
-103
-88
-68
-64
-60
-55
-48
-21
2
15
9
9
20
28
46
45
36
39
36
19
-1
25
34
31
51
72
108
122
138
130
132
134
121
120
120
124
112
94
90
81
88
101
95
94
86
67
74
67
43
32
8
7
-11
-19
-14
3
12
5
-21
-25
-13
-17
-23
-41
-54
-65
-84
-70
-70
-66
-78
-91
-100
-114
-118
-121
-112
-106
-102
-108
-71
-49
-58
-55
-66
-58
-64
-67
-52
-41
-28
-38
-27
-17
-14
-12
-7
13
27
47
51
57
70
83
93
79
62
49
38
23
25
16
22
25
23
28
10
-9
7
9
6
-4
-10
-4
1
-24
-27
-11
7
28
43
61
57
56
51
49
44
38
33
40
48
46
53
55
39
24
14
11
32
32
45
57
47
48
49
35
30
23
3
-2
-31
-40
-59
-67
-83
-67
-51
-41
-31
-34
-34
-44
-49
-52
-29
-21
1
2
11
0
9
29
35
28
14
11
7
0
-23
-15
-10
-15
-12
-14
-8
-11
-23
-38
-41
-46
-46
-53
-51
-68
-88
-78
-80
-65
-47
-47
-54
-52
-57
-58
-66
-57
-59
-52
-47
-44
-28
-19
-13
-11
2
-18
-14
12
27
25
11
27
38
50
55
45
35
36
30
42
64
71
72
72
77
83
88
96
97
98
82
74
62
40
34
22
5
12
19
-2
-12
-13
-10
-14
-18
-9
-4
8
9
2
10
3
11
15
13
15
0
8
15
22
17
20
3
-10
-4
-20
-12
-17
-15
-29
-31
-2
13
17
24
29
26
13
9
1
-2
-15
-37
-51
-66
-52
-68
-73
-78
-82
-83
-69
-61
-56
-50
-37
-20
-22
-16
-9
3
5
10
20
31
59
59
72
68
58
52
47
42
14
3
-18
-15
-25
-15
-19
-18
-15
-19
-32
-29
-17
-20
-3
-4
7
-2
2
-15
-19
-24
-31
-35
-38
-27
-23
-29
-31
-29
-21
-23
-26
-10
10
23
16
30
31
52
51
50
54
56
61
67
68
53
57
47
55
21
8
-2
-3
8
-3
-11
-20
6
-7
-14
-26
-29
-32
-32
-29
-25
-11
-13
-5
-2
-12
0
3
-20
-30
-43
-43
-45
-46
-37
-37
-15
-11
0
-12
-16
0
4
7
10
32
35
47
55
53
48
53
56
38
44
40
25
35
50
56
43
42
39
34
38
36
36
35
25
16
5
-3
-13
-24
-38
-38
-42
-36
-24
-29
-27
-50
-70
-66
-75
-84
-90
-84
-69
-49
-34
-36
-39
-41
-36
-32
-14
-7
-20
-18
-20
-12
-12
6
29
43
46
33
45
55
40
29
25
26
23
33
37
32
30
14
9
19
4
-12
-21
-29
-30
-49
-47
-40
-40
-32
-29
-20
-10
-15
-8
-9
-16
-23
-24
-26
-36
-35
-27
-20
-13
-11
-16
-9
0
22
25
33
49
47
50
57
59
64
59
66
59
54
62
47
42
24
25
9
19
26
30
32
24
44
36
26
18
25
15
3
3
-8
-4
4
8
-5
-13
-21
-25
-31
-24
-19
-21
-39
-50
-59
-65
-61
-65
-52
-50
-45
-31
-17
-4
1
-1
5
9
2
1
5
10
8
-4
-7
-4
-10
-19
-32
-37
-35
-37
-22
-23
-37
-35
-37
-30
-13
-9
3
8
4
12
19
28
29
29
23
27
29
32
48
40
32
27
18
17
21
20
6
7
-9
-2
9
12
11
3
15
15
24
37
41
34
20
0
-10
-13
-14
-5
-1
-15
-30
-39
-46
-51
-49
-54
-51
-37
-18
-4
5
20
35
41
43
61
56
57
48
33
29
31
31
32
27
27
22
19
25
29
23
19
24
19
14
-7
-11
-31
-33
-35
-32
-39
-45
-36
-38
-58
-57
-64
-67
-56
-61
-61
-53
-30
-12
-13
-19
-26
-37
-34
-25
-15
-11
-8
-6
-10
-17
-3
7
15
19
3
12
21
25
29
32
43
42
39
51
47
31
35
32
28
29
21
21
32
28
13
8
4
8
13
14
4
-1
-2
-14
6
3
3
-2
-6
-3
-1
-5
-7
0
-9
-9
-26
-16
-13
-20
-16
-25
-39
-32
-36
-40
-37
-32
-25
-11
-2
4
2
4
7
-1
-3
-6
-2
1
5
6
6
12
21
30
26
38
35
29
23
24
22
25
29
24
19
5
-10
-20
-27
-34
-49
-46
-46
-44
-42
-31
-22
-21
-15
-22
-11
3
6
3
11
5
0
7
-6
7
3
4
8
5
0
-4
-8
-23
-30
-30
-22
-39
-42
-40
-31
-33
-23
-17
-12
-10
5
17
25
36
44
65
70
77
74
71
64
68
63
63
69
65
61
58
74
64
49
38
31
32
25
34
26
28
25
13
3
-4
-7
-11
-14
-14
-22
-28
-37
-34
-27
-31
-30
-35
-37
-42
-41
-44
-33
-26
-31
-23
-16
-18
-19
-27
-30
-26
-27
-29
-31
-34
-43
-45
-45
-45
-39
-30
-21
-21
-15
-21
-22
-17
-11
-13
-18
-13
-7
-8
4
13
11
11
13
6
1
-7
-3
1
-10
-4
-14
-21
-12
-13
-14
-6
-12
-10
-11
-18
-21
-23
-25
-24
-22
-8
-3
-2
1
-6
-5
-10
5
7
10
16
19
32
36
44
52
49
45
53
53
59
67
65
63
57
50
42
34
39
40
39
46
35
23
16
14
13
15
1
-15
-28
-32
-36
-44
-42
-34
-23
-17
-8
2
11
18
18
12
9
15
14
17
13
18
16
10
13
-7
-21
-27
-21
-25
-27
-29
-30
-27
-29
-28
-43
-48
-57
-63
-58
-42
-38
-27
-12
-8
-5
-3
3
10
4
-3
0
1
7
10
11
5
-1
9
14
8
11
6
2
5
6
6
5
2
8
6
6
6
3
-4
-13
-19
-25
-30
-31
-34
-33
-20
-18
-18
-19
-15
-10
-5
1
20
25
27
32
41
55
49
59
68
67
77
76
75
72
59
44
32
30
19
3
1
-9
-10
-11
-12
-11
-23
-23
-17
-9
-8
-4
-4
-7
-10
-20
-31
-33
-28
-27
-21
-27
-37
-35
-35
-42
-53
-66
-70
-71
-72
-62
-59
-47
-40
-33
-27
-18
-18
-14
-7
-4
-4
9
18
22
33
35
40
42
45
54
57
59
65
76
83
79
79
78
81
77
65
59
60
67
61
44
35
13
11
1
-15
-15
-20
-26
-33
-43
-42
-47
-50
-51
-56
-57
-56
-57
-63
-63
-60
-45
-49
-48
-49
-42
-26
-20
-12
-5
2
5
10
1
4
2
7
16
23
17
10
2
-10
-8
-12
-15
-18
-19
-37
-31
-28
-23
-17
-15
-11
-9
-6
-7
-1
6
1
-6
-8
-3
-1
3
5
14
24
24
33
27
22
28
38
41
41
43
37
41
38
24
13
-1
-3
-5
-13
-7
-3
-1
-2
-3
-8
-11
-8
-11
-14
-11
-13
-4
-4
-5
-2
-1
-2
-12
-10
-12
-11
-5
3
10
16
17
18
18
18
23
16
14
11
17
18
14
10
10
8
11
3
-7
-5
-11
-11
-17
-15
-14
-20
-21
-24
-24
-21
-18
-21
-29
-31
-40
-35
-27
-24
-10
1
8
15
19
4
6
6
11
20
17
25
27
34
34
24
20
12
17
24
36
37
31
36
40
43
52
53
44
45
38
49
44
48
40
32
24
21
14
2
-6
-23
-32
-31
-32
-26
-36
-43
-32
-42
-39
-46
-54
-56
-56
-53
-54
-54
-50
-52
-51
-42
-51
-63
-60
-58
-57
-51
-41
-40
-44
-40
-40
-35
-24
-27
-26
-32
-29
-19
-13
-2
0
5
7
12
26
20
22
30
38
50
52
50
44
43
38
28
36
35
47
55
67
68
64
57
51
44
38
26
16
12
11
6
3
8
9
9
-8
-9
-18
-19
-19
-17
-7
-5
10
2
-2
6
0
-5
0
7
-4
8
12
19
24
19
20
34
37
40
39
38
34
20
10
7
0
-12
-15
-25
-21
-29
-33
-20
-19
-23
-21
-19
-18
-18
-16
-22
-18
-13
-18
-18
-20
-16
-13
-9
-5
-8
-16
-17
-14
-9
-2
-7
-9
-5
-4
-3
-5
-9
-12
-19
-16
-18
-20
-17
-15
-9
-1
7
11
9
-3
-7
-10
-2
-4
7
3
2
17
22
23
13
13
7
1
0
7
1
8
15
13
11
2
-5
-13
-16
-27
-45
-50
-53
-47
-38
-34
-25
-25
-24
-23
-17
-19
-24
-31
-41
-31
-27
-22
-21
-12
-8
2
5
9
11
10
21
30
36
30
30
22
28
34
31
30
32
31
41
46
49
44
44
49
54
48
30
22
8
14
13
10
11
17
20
20
23
24
21
13
12
14
15
12
15
20
23
23
27
29
28
17
13
12
6
4
5
6
6
-1
-6
-10
-20
-24
-34
-37
-37
-37
-38
-40
-41
-44
-48
-49
-46
-42
-38
-44
-53
-60
-59
-56
-57
-51
-52
-49
-40
-25
-23
-22
-10
-4
0
4
5
13
21
24
33
35
