-5
-9
-17
-20
-25
-26
-29
-29
-33
-32
-33
-36
-36
-35
-31
-31
-26
-22
-25
-30
-35
-37
-41
-37
-36
-35
-30
-27
-17
-14
-16
-19
-20
-21
-20
-16
-18
-16
-6
2
5
4
1
0
-2
-6
-5
-3
-2
1
0
0
3
5
13
21
28
37
44
49
52
55
58
65
61
60
52
40
31
17
7
-8
-17
-18
-25
-19
-11
-9
0
2
2
5
7
6
13
20
26
31
31
32
22
21
22
16
13
8
5
-1
-6
-17
-24
-20
-19
-11
-9
-4
0
-1
5
7
15
25
27
31
28
32
34
34
32
29
24
20
21
17
10
3
-2
-9
-15
-17
-19
-15
-13
-4
4
4
11
13
16
15
15
17
22
18
13
5
-3
-16
-28
-36
-45
-46
-50
-51
-47
-42
-34
-29
-20
-10
-5
0
7
12
14
11
11
18
19
15
17
13
11
7
4
4
3
2
-3
-7
-10
-8
-5
3
10
6
2
0
5
2
1
6
3
8
2
2
-1
-4
-6
-13
-18
-29
-38
-48
-57
-55
-57
-53
-47
-39
-33
-27
-23
-15
-12
-5
4
4
6
4
7
12
12
12
12
11
6
-2
-6
-19
-24
-17
-19
-17
-11
-4
-2
4
12
18
19
19
13
4
1
-6
-5
-2
-2
-7
-8
-9
-9
-12
-16
-16
-7
0
10
18
31
42
45
51
50
56
56
57
61
58
59
59
56
55
54
51
46
49
48
43
31
25
17
9
-4
-11
-13
-16
-14
-23
-12
-13
-20
-15
-13
-11
-14
-16
-17
-20
-18
-21
-20
-21
-22
-25
-34
-37
-42
-44
-43
-31
-29
-23
-19
-12
-10
-12
-11
-11
-7
-6
-9
-13
-18
-25
-29
-36
-36
-32
-32
-30
-26
-25
-25
-22
-20
-22
-23
-27
-25
-19
-9
-7
0
0
-4
-3
-4
-7
-9
-9
-8
-5
-5
-2
10
13
13
12
5
7
10
15
7
5
7
4
4
6
9
10
11
13
14
14
19
18
19
20
19
21
19
24
26
29
33
31
36
39
34
37
36
37
39
35
38
32
23
19
19
17
14
17
11
6
5
6
3
1
3
0
2
3
2
2
3
5
6
3
-3
-6
-9
-12
-11
-15
-16
-20
-25
-29
-29
-27
-23
-21
-17
-19
-19
-19
-21
-22
-22
-26
-31
-31
-33
-31
-35
-34
-33
-31
-34
-33
-27
-25
-18
-11
-7
-4
2
6
10
19
21
24
29
36
42
47
44
45
41
36
41
39
38
29
22
18
18
16
18
22
23
19
19
18
21
20
21
24
23
19
17
16
12
11
10
4
5
1
-1
0
-3
-8
-4
-1
-2
-5
-6
-9
-12
-10
-10
-11
-15
-18
-17
-18
-21
-23
-23
-19
-23
-23
-27
-30
-33
-36
-34
-37
-43
-51
-58
-62
-64
-58
-53
-44
-42
-40
-33
-31
-26
-19
-15
-13
-7
-4
2
0
-6
-4
-1
1
2
-5
-10
-13
-18
-10
-2
-3
2
6
11
21
22
28
28
34
38
39
41
39
39
41
37
38
37
36
29
28
23
15
18
15
18
21
24
28
34
37
36
35
38
33
35
30
29
32
28
27
22
28
19
14
7
-1
-2
-3
-6
-13
-7
2
-2
-9
-8
-15
-20
-23
-28
-30
-38
-45
-46
-46
-42
-42
-39
-39
-35
-35
-39
-37
-41
-40
-40
-37
-32
-28
-25
-27
-27
-31
-31
-25
-21
-20
-12
-5
-7
-7
-2
10
19
23
31
30
27
28
33
40
42
49
51
51
47
40
35
30
28
29
31
27
25
18
10
9
5
4
5
6
2
-4
-11
-18
-15
-23
-20
-24
-25
-24
-29
-25
-30
-31
-29
-28
-25
-25
-24
-20
-19
-23
-24
-19
-22
-21
-18
-12
-6
2
9
15
16
12
11
6
14
13
11
3
-7
-16
-22
-26
-23
-18
-19
-14
-15
-10
-4
3
9
19
27
29
31
30
31
30
29
28
29
22
17
17
8
10
12
9
17
21
27
31
27
33
37
37
46
48
48
46
35
34
32
29
31
22
22
14
6
1
-9
-15
-17
-17
-20
-20
-19
-19
-18
-23
-18
-22
-24
-18
-20
-15
-8
-10
-7
-3
-7
-9
-11
-14
-17
-10
-4
4
2
-2
-6
-14
-17
-26
-27
-25
-29
-26
-28
-25
-27
-20
-7
2
13
17
20
27
26
29
32
26
24
22
18
13
11
9
13
12
15
15
12
10
5
9
7
6
4
3
4
2
0
-8
-14
-20
-31
-37
-35
-41
-43
-46
-39
-30
-32
-35
-37
-41
-38
-38
-38
-30
-28
-20
-17
-16
-13
-10
-9
-10
-9
-9
-4
-2
4
1
3
4
3
2
0
2
7
9
12
13
9
10
8
2
0
-5
-13
-18
-17
-11
-11
-16
-18
-24
-23
-16
-16
-10
-7
2
7
9
13
17
21
22
22
24
25
27
30
37
39
39
41
31
28
22
12
5
2
2
-1
-3
-7
-11
-8
-4
-2
0
3
3
3
1
3
5
9
15
15
12
7
7
6
11
11
11
9
3
-1
1
5
8
17
19
21
24
24
28
27
23
24
20
17
16
22
19
16
15
8
4
-3
-3
-7
-7
-8
-9
-12
-15
-19
-16
-17
-21
-18
-15
-12
-9
-3
1
11
14
10
5
4
-1
-8
-16
-24
-29
-36
-36
-38
-36
-37
-33
-30
-28
-20
-18
-19
-21
-21
-17
-14
-12
-3
4
4
8
16
18
19
18
16
18
17
19
21
20
18
11
12
11
7
6
2
1
0
1
1
6
7
5
7
-7
-6
-10
-14
-17
-28
-28
-34
-37
-35
-39
-31
-20
-20
-16
-10
-1
6
9
12
21
33
37
42
47
47
48
42
46
51
53
48
40
30
28
28
28
27
22
21
14
7
5
2
0
-2
-2
1
2
2
4
1
-3
-4
-11
-16
-17
-16
-14
-20
-26
-34
-31
-32
-37
-32
-24
-16
-20
-15
-3
4
6
16
24
29
32
36
40
35
35
41
46
33
21
23
20
4
-19
-24
-39
-60
-71
-75
-82
-93
-95
-101
-110
-112
-110
-108
-116
-114
-101
-93
-91
-81
-58
-47
-39
-34
-23
-15
-13
-7
-3
2
9
14
26
24
31
46
58
63
62
73
74
78
74
67
63
60
62
63
62
62
60
58
51
48
44
44
43
43
52
60
58
64
73
77
84
87
95
90
83
76
67
58
48
41
29
18
6
-5
-10
-21
-14
-20
-27
-32
-38
-50
-59
-62
-65
-63
-63
-64
-65
-66
-72
-72
-76
-72
-78
-81
-78
-73
-76
-78
-74
-75
-83
-83
-79
-88
-86
-89
-89
-94
-93
-81
-74
-68
-54
-43
-39
-32
-20
-12
-6
-6
0
10
26
44
64
82
90
99
101
107
107
110
116
123
125
142
152
159
165
166
168
160
153
143
128
111
94
84
71
59
48
35
24
11
1
-7
-20
-21
-32
-39
-45
-54
-57
-53
-54
-59
-53
-55
-62
-60
-61
-62
-62
-61
-61
-58
-60
-57
-45
-31
-25
-14
1
0
-2
2
6
-2
-17
-28
-45
-68
-90
-113
-133
-145
-152
-150
-156
-160
-160
-147
-142
-130
-106
-89
-75
-59
-49
-36
-29
-22
-10
0
12
21
29
41
46
59
75
87
96
106
114
122
125
129
146
158
173
187
188
189
181
170
159
145
135
126
116
111
96
79
64
50
38
25
12
-5
0
-5
-10
-13
-16
-17
-19
-19
-14
-1
12
24
33
29
25
19
7
-13
-44
-65
-88
-115
-134
-164
-195
-218
-244
-256
-264
-269
-253
-240
-218
-198
-183
-165
-156
-140
-119
-113
-115
-113
-116
-118
-134
-134
-144
-153
-154
-167
-170
-172
-159
-137
-116
-78
-30
27
95
155
209
275
348
413
478
539
579
592
608
618
608
607
600
583
561
521
476
433
382
329
285
226
181
138
91
58
12
-23
-51
-81
-104
-130
-152
-162
-197
-216
-233
-263
-284
-298
-313
-320
-333
-344
-364
-381
-386
-408
-410
-427
-435
-434
-441
-451
-423
-410
-433
-440
-460
-449
-465
-468
-432
-426
-423
-392
-348
-335
-316
-287
-272
-293
-320
-340
-361
-382
-403
-424
-424
-394
-350
-277
-209
-112
22
159
290
440
613
758
933
1082
1234
1373
1500
1599
1645
1689
1683
1688
1662
1588
1525
1430
1311
1190
1054
900
751
591
447
306
164
48
-50
-146
-254
-344
-426
-478
-548
-573
-568
-584
-557
-560
-579
-610
-616
-638
-656
-644
-689
-700
-731
-772
-825
-857
-905
-921
-943
-958
-963
-1016
-1024
-1038
-1032
-1023
-986
-927
-882
-819
-780
-733
-663
-646
-637
-564
-509
-498
-520
-622
-725
-794
-849
-939
-979
-1007
-1009
-942
-905
-731
-552
-288
48
343
681
1065
1466
1883
2239
2588
2946
3240
3458
3469
3455
3397
3285
3083
2834
2635
2368
2154
1903
1621
1303
1061
733
437
207
-15
-199
-403
-527
-651
-761
-884
-1015
-1086
-1114
-1143
-1128
-1092
-1016
-968
-877
-708
-647
-599
-613
-664
-677
-732
-734
-788
-815
-899
-1031
-1144
-1240
-1269
-1327
-1389
-1439
-1546
-1576
-1573
-1529
-1435
-1364
-1279
-1127
-1051
-951
-804
-663
-478
-315
-134
50
202
344
458
590
614
591
635
661
598
535
325
-19
-385
-738
-1007
-1330
-1572
-1741
-1703
-1643
-1569
-1460
-1169
-778
-347
174
652
1072
1473
1949
2369
2728
3019
3271
3466
3542
3563
3501
3456
3397
3260
3053
2782
2524
2285
1962
1533
1090
696
263
-187
-544
-908
-1265
-1551
-1698
-1700
-1769
-1758
-1593
-1393
-1230
-1099
-801
-519
-375
-237
-42
153
240
346
446
409
348
273
236
157
32
-18
-161
-387
-584
-786
-960
-1212
-1446
-1656
-1893
-2123
-2273
-2384
-2500
-2575
-2599
-2573
-2535
-2399
-2231
-1908
-1675
-1494
-1266
-1089
-918
-754
-545
-339
-94
103
297
408
496
599
630
790
912
939
653
148
-262
-351
-446
-821
-1170
-1190
-991
-895
-911
-866
-506
-30
543
998
1240
1622
2225
2877
3330
3585
3852
4236
4542
4610
4461
4314
4235
4091
3849
3367
2859
2466
2141
1731
1111
551
23
-400
-813
-1277
-1761
-2216
-2374
-2509
-2765
-3144
-3178
-2955
-2863
-2996
-2914
-2532
-2045
-1741
-1339
-836
-353
126
425
736
942
1246
1544
1555
1363
1232
1260
939
439
104
-113
-540
-1055
-1512
-1848
-2135
-2498
-2787
-3075
-3193
-3211
-3123
-3127
-3022
-2700
-2307
-2049
-1862
-1502
-967
-556
-335
-27
434
894
1147
1348
1548
1657
1692
1691
1569
1477
1420
1166
740
256
-8
-113
-411
-745
-874
-738
-644
-697
-635
-401
-144
89
400
734
1022
1404
1783
2037
2354
2696
3025
3331
3490
3527
3556
3547
3493
3384
3171
2836
2420
1955
1447
890
294
-169
-651
-1079
-1405
-1586
-1743
-1864
-1873
-1906
-1921
-1933
-1839
-1782
-1717
-1553
-1301
-1219
-1178
-1005
-672
-401
-295
-61
136
278
336
383
459
502
476
393
263
10
-215
-402
-529
-736
-959
-1172
-1416
-1651
-1855
-1951
-2013
-2074
-2021
-1924
-1867
-1748
-1503
-1252
-1022
-873
-707
-526
-343
-186
20
234
393
520
594
683
786
830
896
922
883
767
396
-151
-575
-556
-752
-1159
-1537
-1728
-1609
-1632
-1747
-1737
-1567
-1186
-757
-313
-23
297
1014
1747
2222
2495
2865
3481
3908
4108
4152
4160
4160
4084
3916
3523
3113
2742
2481
2059
1483
968
527
192
-125
-392
-837
-1256
-1487
-1589
-1809
-2225
-2401
-2349
-2328
-2558
-2734
-2608
-2349
-2341
-2250
-1899
-1368
-851
-412
28
395
799
1244
1616
1789
1849
1976
1964
1735
1449
1302
1154
726
136
-269
-706
-1140
-1569
-1949
-2194
-2491
-2729
-2910
-3019
-2902
-2642
-2521
-2530
-2441
-2007
-1607
-1389
-1147
-774
-375
-285
-237
-3
334
594
769
862
935
1068
1172
1298
1392
1542
1608
1305
805
345
238
1
-504
-988
-1287
-1467
-1774
-1958
-1960
-1812
-1565
-1227
-742
-366
159
922
1567
2066
2489
2954
3392
3573
3665
3780
3790
3667
3404
3217
2931
2632
2481
2256
1957
1659
1433
1211
870
543
298
70
-281
-668
-940
-1223
-1595
-1927
-2159
-2423
-2597
-2515
-2180
-1897
-1709
-1357
-934
-613
-317
38
368
562
654
690
671
617
492
407
225
-106
-354
-501
-641
-809
-1005
-1285
-1568
-1806
-1916
-2018
-2133
-2145
-2151
-2170
-2318
-2391
-2269
-2086
-1917
-1785
-1591
-1440
-1281
-986
-611
-267
74
382
625
764
1008
1363
1621
1758
1613
1274
794
548
485
196
-283
-770
-1008
-1075
-1223
-1326
-1263
-970
-587
-205
197
565
1009
1731
2484
2982
3241
3544
3975
4254
4271
4151
4045
3859
3660
3274
2811
2390
2098
1812
1304
726
276
-12
-319
-649
-1134
-1511
-1809
-2034
-2353
-2884
-3347
-3561
-3620
-3799
-4012
-3963
-3589
-3323
-3064
-2680
-2072
-1428
-844
-235
375
952
1484
1843
2056
2224
2440
2586
2325
1955
1726
1454
1149
776
500
209
-214
-650
-990
-1308
-1491
-1570
-1685
-1939
-2154
-2143
-2066
-2054
-2019
-1830
-1638
-1511
-1357
-1019
-538
-133
174
470
892
1219
1512
1790
1979
2200
2208
2097
1972
1797
1618
1097
418
-355
-913
-1444
-2001
-2358
-2507
-2512
-2568
-2578
-2339
-1929
-1401
-756
-165
358
853
1500
2022
2414
2776
3084
3373
3416
3410
3436
3413
3236
2993
2739
2472
2236
2027
1888
1589
1278
1013
712
329
-51
-433
-811
-1221
-1637
-2109
-2520
-2751
-2924
-2922
-2910
-2768
-2441
-2070
-1698
-1206
-548
-47
369
776
1106
1342
1475
1527
1578
1459
1187
812
505
236
-23
-230
-530
-813
-1012
-1176
-1348
-1580
-1774
-1898
-2114
-2277
-2413
-2491
-2474
-2461
-2341
-2201
-2079
-1895
-1680
-1387
-1048
-746
-479
-270
-27
260
462
629
858
1045
1143
1160
1031
872
467
-52
-496
-564
-797
-1172
-1342
-1307
-1107
-1012
-1005
-859
-531
-81
471
967
1394
1857
2490
3129
3611
3933
4222
4643
4812
4733
4523
4357
4194
3836
3356
2749
2171
1677
1349
885
398
-117
-456
-700
-979
-1158
-1449
-1791
-2070
-2335
-2630
-3096
-3346
-3352
-3387
-3555
-3643
-3407
-2977
-2748
-2421
-1880
-1224
-714
-226
471
954
1335
1697
1911
1911
1660
1570
1450
1007
546
285
73
-196
-550
-689
-886
-1218
-1384
-1523
-1610
-1735
-1819
-1844
-1883
-1923
-1889
-1869
-1839
-1734
-1437
-1259
-1202
-987
-473
111
418
581
886
1243
1543
1758
1983
2057
2049
1951
1822
1660
1529
1335
988
465
50
-90
-332
-627
-732
-625
-597
-730
-751
-472
-152
169
443
788
1039
1287
1584
1781
1871
1924
2025
1959
1784
1696
1714
1727
1539
1330
1158
1044
910
864
765
612
353
99
-103
-356
-582
-804
-1039
-1483
-1969
-2254
-2412
-2482
-2453
-2335
-2247
-2046
-1689
-1149
-646
-153
290
606
814
987
1317
1537
1625
1493
1370
1207
867
529
388
276
70
-241
-633
-850
-995
-1170
-1308
-1525
-1801
-1997
-2127
-2255
-2370
-2325
-2201
-2229
-2209
-2194
-2095
-2032
-1862
-1549
-1270
-999
-771
-494
-141
191
430
626
763
935
1171
1413
1518
1329
1020
670
440
370
211
15
-105
-97
-95
-214
-250
-43
321
774
1073
1336
1583
2073
2715
3228
3573
3747
4022
4236
4255
4101
3856
3625
3314
2844
2251
1708
1342
1124
756
307
-159
-511
-761
-1017
-1238
-1486
-1795
-2156
-2390
-2797
-3011
-3293
-3349
-3307
-3507
-3601
-3530
-3018
-2616
-2379
-1960
-1472
-1005
-670
-266
312
606
864
1086
1064
1039
1033
1155
1091
824
620
497
360
217
120
-29
-287
-764
-1003
-1259
-1344
-1436
-1480
-1599
-1837
-1888
-1941
-1920
-1886
-1674
-1369
-1207
-1098
-703
-137
323
632
857
1166
1361
1526
1633
1759
1797
1744
1719
1617
1568
1401
1168
782
429
257
3
-360
-511
-476
-506
-660
-784
-672
-373
-122
93
301
444
683
937
1211
1382
1563
1836
1927
1875
1851
1886
1950
1741
1467
1223
1091
1001
851
737
594
391
179
44
-210
-427
-637
-803
-1013
-1309
-1634
-1856
-1934
-1929
-1971
-1992
-1934
-1754
-1366
-1013
-539
-72
377
665
902
1185
1433
1575
1593
1506
1322
1009
633
336
120
-28
-242
-462
-707
-878
-1011
-1042
-1106
-1214
-1291
-1458
-1634
-1749
-1855
-1914
-1960
-1984
-1983
-1995
-1819
-1588
-1267
-955
-757
-580
-324
-15
354
643
858
1037
1149
1334
1471
1370
1055
656
341
221
54
-202
-372
-342
-264
-280
-372
-300
-70
261
551
794
962
1142
1534
1931
2323
2552
2785
3063
3187
3145
2982
2823
2734
2569
2235
1699
1096
663
363
43
-445
-977
-1273
-1378
-1507
-1607
-1754
-1681
-1739
-1844
-1955
-2113
-2058
-2139
-2099
-2254
-2422
-2396
-2089
-1782
-1583
-1342
-929
-605
-312
115
770
1384
1605
1846
2114
2194
2111
2005
1979
1789
1435
1035
705
356
114
-205
-564
-1004
-1419
-1627
-1856
-2011
-2086
-2128
-2254
-2324
-2275
-2080
-1856
-1550
-1242
-949
-807
-616
-182
305
643
758
928
1063
1228
1457
1761
1989
1963
1916
1979
2015
1966
1681
1255
740
312
-145
-656
-1044
-1282
-1515
-1898
-2337
-2586
-2493
-2332
-2194
-1984
-1677
-1419
-984
-520
-24
324
647
1167
1511
1707
1858
2020
2230
2320
2264
2170
2156
2212
2295
2238
2170
1955
1759
1551
1221
947
518
132
-337
-856
-1311
-1716
-1899
-1990
-2051
-2066
-1909
-1611
-1236
-772
-238
215
523
834
1075
1368
1600
1734
1802
1783
1637
1430
1243
1274
1307
1186
947
736
566
392
246
34
-193
-510
-904
-1248
-1545
-1863
-2155
-2455
-2763
-2936
-3117
-3199
-3070
-2868
-2642
-2471
-2358
-2077
-1641
-1212
-754
-398
-168
13
295
516
811
984
944
745
391
208
211
55
-185
-417
-457
-595
-897
-985
-889
-676
-516
-346
-158
-21
400
1014
1639
2086
2389
2780
3233
3476
3569
3611
3563
3479
3173
2762
2332
2008
1823
1480
1024
583
332
302
176
-10
-229
-405
-631
-841
-1095
-1492
-1704
-1828
-1838
-2088
-2373
-2308
-2133
-2075
-2079
-1941
-1480
-1191
-817
-269
299
782
1144
1594
1815
1978
2273
2417
2297
2006
1863
1593
1186
809
538
138
-397
-970
-1441
-1798
-2235
-2535
-2844
-3129
-3352
-3490
-3482
-3527
-3445
-3180
-2908
-2657
-2407
-1839
-1188
-740
-403
8
342
680
924
1245
1525
1712
1904
2049
2118
2225
2407
2433
2034
1537
1106
829
428
-138
-517
-860
-1250
-1708
-1940
-2052
-2047
-2008
-1836
-1611
-1369
-1055
-504
105
629
1085
1491
1928
2297
2588
2794
3037
3198
3274
3244
3163
3206
3118
3028
2764
2616
2523
2312
1959
1580
1341
947
423
-237
-757
-1064
-1439
-1728
-2068
-2288
-2298
-2185
-1924
-1675
-1352
-926
-489
-148
183
524
768
880
913
889
857
742
662
539
417
254
103
-113
-365
-544
-765
-1084
-1436
-1783
-2082
-2441
-2845
-3098
-3303
-3469
-3632
-3668
-3579
-3433
-3240
-2970
-2624
-2218
-1834
-1382
-858
-377
64
409
680
953
1292
1556
1720
1858
2051
1991
1716
1421
1246
1298
1074
575
144
-95
-203
-428
-725
-923
-954
-845
-635
-370
-111
354
956
1518
1902
2234
2683
3199
3517
3637
3617
3626
3556
3425
3179
2841
2527
2205
1847
1467
1241
1057
857
559
242
-97
-384
-691
-932
-1286
-1749
-2220
-2637
-2829
-3281
-3465
-3541
-3356
-3240
-3141
-2733
-2254
-1728
-1208
-759
-260
188
699
1160
1416
1756
1973
2086
2057
1849
1781
1633
1397
1002
621
214
-208
-678
-1126
-1526
-1982
-2340
-2856
-3116
-3233
-3223
-3138
-3067
-2830
-2555
-2206
-1841
-1417
-770
-233
97
426
762
1205
1502
1731
2032
2227
2503
2568
2635
2709
2865
2962
2891
2555
2186
1929
1604
1286
724
147
-428
-884
-1301
-1708
-2049
-2345
-2518
-2581
-2561
-2322
-2016
-1595
-993
-542
-60
388
974
1687
2095
2370
2544
2685
2823
2838
2755
2801
2716
2501
2228
1974
1804
1510
1146
704
296
-81
-594
-1021
-1326
-1644
-1924
-2236
-2452
-2572
-2711
-2658
-2566
-2414
-2205
-1957
-1593
-1189
-772
-353
57
377
583
785
1027
1194
1289
1327
1279
1180
967
783
641
440
210
-179
-651
-1031
-1375
-1679
-1936
-2181
-2337
-2543
-2703
-2719
-2577
-2267
-2063
-1833
-1624
-1409
-1102
-706
-320
69
433
665
938
1143
1468
1776
2135
2510
2809
3037
3001
2844
2606
2436
2122
1601
910
439
141
-332
-1036
-1747
-2197
-2338
-2289
-2164
-1937
-1606
-1064
-478
62
528
1134
1898
2503
2700
2712
2700
2753
2712
2445
2178
1878
1594
1426
1237
1013
805
623
504
300
122
-142
-253
-424
-667
-979
-1560
-2040
-2386
-2613
-2900
-3115
-3245
-3236
-3216
-3044
-2673
-2169
-1683
-1172
-616
-5
594
1171
1757
2284
2550
2682
2705
2687
2649
2492
2241
1916
1452
993
513
33
-408
-858
-1204
-1589
-1959
-2263
-2385
-2475
-2464
-2349
-2295
-2229
-2023
-1733
-1529
-1320
-1027
-658
-358
-135
201
564
938
1293
1619
1974
2201
2388
2675
2888
2971
2960
2808
2465
1844
1228
564
-85
-884
-1648
-2277
-2832
-3236
-3648
-3909
-4105
-4154
-3976
-3566
-3085
-2567
-1986
-1297
-703
-176
357
993
1594
1965
2289
2598
2876
3149
3407
3606
3720
3748
3784
3728
3586
3504
3320
2984
2463
1947
1447
891
248
-427
-1006
-1607
-2147
-2559
-2794
-2892
-2879
-2838
-2638
-2353
-1862
-1320
-779
-329
-2
430
809
1093
1331
1589
1778
1808
1716
1616
1550
1424
1307
1171
1048
768
449
77
-396
-799
-1215
-1657
-2050
-2320
-2565
-2781
-2997
-3036
-3061
-3082
-3070
-2967
-2720
-2411
-2108
-1777
-1341
-870
-447
-123
260
713
1201
1659
2027
2437
2778
3033
2938
2670
2231
1799
1368
760
-10
-758
-1272
-1757
-2241
-2595
-2807
-2842
-2583
-2219
-1803
-1427
-862
-101
560
987
1333
1807
2221
2460
2524
2535
2576
2629
2560
2401
2260
2218
2328
2314
2225
2100
2003
1924
1812
1626
1317
946
501
33
-545
-1224
-1901
-2453
-2688
-3110
-3349
-3397
-3205
-3009
-2918
-2520
-1915
-1429
-863
-412
157
760
1250
1726
2013
2200
2319
2354
2373
2240
2171
2036
1757
1416
1012
677
305
-128
-508
-876
-1306
-1625
-1973
-2147
-2338
-2476
-2493
-2576
-2634
-2582
-2502
-2329
-2179
-1840
-1452
-1103
-728
-258
310
775
1121
1499
1801
2023
2145
2217
2269
2109
1823
1513
1164
835
338
-303
-936
-1495
-1912
-2425
-2867
-3180
-3244
-3215
-3214
-3248
-3140
-2934
-2592
-2213
-1826
-1322
-698
0
575
1098
1618
2236
2825
3225
3629
4102
4489
4703
4825
4839
4857
4763
4532
4218
3792
3293
2658
1975
1262
531
-113
-734
-1323
-1906
-2315
-2632
-2857
-2969
-2911
-2688
-2374
-2036
-1618
-1152
-707
-170
160
452
662
884
1051
1113
1162
1238
1336
1303
1170
1043
900
746
518
252
15
-336
-751
-1140
-1513
-1893
-2277
-2652
-3023
-3403
-3626
-3715
-3809
-3803
-3744
-3529
-3260
-2978
-2542
-2078
-1557
-1062
-555
26
537
1058
1602
2101
2483
2733
2882
2996
2969
2829
2646
2200
1593
849
236
-366
-920
-1455
-1826
-2054
-2245
-2441
-2518
-2356
-2047
-1656
-1322
-1064
-802
-288
293
782
1211
1634
2180
2624
2974
3274
3513
3760
3912
4029
3988
3986
3971
3865
3649
3264
2802
2364
1865
1333
729
79
-596
-1234
-1790
-2325
-2705
-3129
-3320
-3528
-3651
-3734
-3589
-3273
-3029
-2730
-2375
-1907
-1545
-1157
-714
-189
216
574
999
1381
1670
1865
2169
2438
2439
2362
2289
2147
1956
1706
1345
965
436
-62
-650
-1175
-1720
-2116
-2440
-2844
-3085
-3087
-3036
-2967
-2705
-2352
-1908
-1475
-905
-267
327
729
1070
1425
1641
1751
1759
1750
1552
1338
1092
868
663
399
272
145
5
-109
-287
-470
-763
-1023
-1278
-1719
-2097
-2378
-2604
-2853
-3075
-3146
-3130
-2975
-2710
-2281
-1732
-1152
-476
294
1024
1715
2498
3279
3859
4214
4536
4793
4917
4867
4595
4272
3944
3456
2947
2406
1832
1347
819
378
-85
-446
-739
-1062
-1301
-1492
-1593
-1758
-1861
-1925
-1932
-2019
-2036
-1986
-1849
-1678
-1413
-1136
-846
-440
-3
451
828
1201
1487
1808
2046
2125
2113
2004
1767
1244
709
215
-236
-718
-1297
-1917
-2499
-2985
-3361
-3640
-3765
-3764
-3834
-3772
-3556
-3167
-2681
-2261
-1792
-1368
-912
-516
-76
422
849
1190
1391
1521
1727
1902
1975
1972
1970
1950
1955
1973
1943
1965
1764
1301
734
231
-135
-584
-1164
-1657
-2011
-2416
-2836
-3157
-3225
-3066
-2754
-2422
-2006
-1509
-826
97
971
1769
2449
3234
3963
4461
4816
5117
5290
5374
5286
5055
4765
4314
3850
3256
2613
1996
1407
903
382
-165
-694
-1129
-1523
-1866
-2271
-2582
-2910
-3248
-3529
-3897
-4097
-4222
-4129
-4037
-3919
-3598
-3119
-2628
-2212
-1590
-873
-150
440
1136
1834
2314
2533
2712
2829
2729
2615
2378
2039
1521
936
339
-296
-945
-1481
-1976
-2472
-2862
-3072
-3053
-3057
-2913
-2664
-2315
-2015
-1694
-1179
-663
-292
45
379
633
854
959
1125
1153
1076
925
848
844
833
933
1074
1254
1292
1306
1385
1452
1458
1199
654
47
-518
-924
-1454
-2117
-2658
-3016
-3273
-3554
-3641
-3393
-2985
-2461
-1789
-1007
-180
674
1593
2435
3108
3685
4170
4607
4822
4789
4749
4549
4216
3829
3340
2965
2554
2157
1803
1428
1095
696
319
-85
-497
-826
-1171
-1575
-2080
-2545
-2850
-3155
-3319
-3353
-3343
-3137
-2811
-2461
-2072
-1574
-871
-162
467
1035
1609
2100
2422
2654
2766
2820
2684
2436
2126
1757
1261
775
312
-207
-732
-1304
-1821
-2193
-2530
-2783
-2985
-3208
-3334
-3340
-3321
-3310
-3179
-2972
-2741
-2579
-2420
-2112
-1745
-1370
-976
-572
-138
303
722
1181
1593
1915
2218
2488
2737
2918
2906
2829
2728
2489
2160
1429
581
-82
-636
-1254
-2112
-2789
-3180
-3403
-3647
-3765
-3616
-3226
-2702
-2068
-1360
-639
171
972
1743
2339
2861
3482
4112
4531
4737
4824
4845
4823
4671
4443
4114
3815
3402
2994
2489
2024
1587
1151
680
99
-469
-1058
-1628
-2207
-2756
-3314
-3926
-4344
-4590
-4734
-4741
-4588
-4248
-3871
-3428
-2755
-1934
-1119
-369
409
1206
1889
2447
2958
3426
3611
3593
3471
3185
2755
2243
1737
1195
598
15
-487
-990
-1449
-1816
-2120
-2411
-2589
-2767
-2913
-2986
-3015
-2890
-2775
-2670
-2465
-2113
-1714
-1382
-978
-482
-45
343
711
1149
1604
1951
2269
2473
2556
2589
2545
2519
2401
2257
2052
1686
1278
838
267
-460
-1293
-1851
-2388
-2993
-3676
-4002
-4080
-4125
-4126
-4012
-3636
-3136
-2512
-1752
-1000
-192
736
1642
2481
3197
3847
4477
4908
5074
5123
5138
5090
4878
4579
4196
3717
3165
2659
2149
1579
975
439
-119
-697
-1270
-1768
-2241
-2712
-3132
-3513
-3854
-4099
-4038
-3970
-3663
-3352
-2937
-2301
-1670
-999
-300
496
1247
1882
2504
3142
3491
3658
3869
4015
3938
3673
3355
2899
2387
1832
1285
697
-36
-776
-1497
-2146
-2767
-3314
-3858
-4327
-4749
-4941
-5080
-5029
-4786
-4466
-4049
-3685
-3152
-2458
-1636
-895
-154
604
1280
1786
2266
2700
2972
3128
3141
3189
3095
2947
2764
2523
2121
1653
1184
696
268
-115
-453
-961
-1713
-2458
-3081
-3379
-3729
-4102
-4255
-4240
-4021
-3752
-3380
-2864
-2289
-1560
-696
134
832
1647
2676
3571
4156
4650
5168
5602
5738
5665
5543
5328
5003
4519
3972
3377
2870
2283
1705
1009
340
-262
-869
-1475
-2110
-2623
-3071
-3533
-3854
-3983
-3996
-3902
-3715
-3297
-2886
-2366
-1752
-1035
-279
397
1154
1852
2410
2848
3205
3509
3613
3494
3285
3095
2791
2336
1760
1170
577
-45
-708
-1387
-2039
-2575
-3073
-3494
-3820
-4064
-4217
-4347
-4377
-4297
-4065
-3673
-3248
-2718
-2160
-1568
-985
-403
280
956
1557
2121
2562
2902
3161
3319
3372
3337
3323
3207
2964
2540
2068
1576
1086
532
-81
-677
-1228
-1717
-2118
-2576
-3107
-3636
-3964
-4107
-4211
-4258
-4208
-3846
-3393
-2834
-2215
-1536
-760
46
855
1543
2089
2683
3333
3838
4103
4186
4295
4385
4301
4025
3691
3380
3090
2762
2300
1896
1517
1259
868
319
-163
-624
-979
-1388
-1789
-2055
-2290
-2444
-2458
-2451
-2356
-2123
-1813
-1328
-902
-381
180
848
1409
1903
2369
2816
3186
3352
3384
3241
3035
2767
2432
2030
1600
1122
475
-310
-1025
-1596
-2114
-2624
-3156
-3479
-3764
-4009
-4100
-4048
-3863
-3727
-3511
-3231
-2853
-2432
-1906
-1455
-1028
-633
-203
307
772
1173
1569
1897
2067
2208
2331
2389
2308
2151
1900
1522
1153
745
296
-188
-644
-1077
-1512
-1910
-2216
-2460
-2697
-2840
-2900
-2771
-2626
-2540
-2386
-2094
-1571
-1213
-938
-575
-80
432
795
1074
1293
1638
2027
2281
2428
2489
2630
2856
2984
2867
2713
2726
2694
2503
2312
2153
2081
1853
1544
1228
874
647
382
119
-168
-423
-626
-733
-809
-826
-798
-723
-607
-524
-406
-222
-14
384
761
964
1149
1342
1478
1491
1490
1495
1417
1237
970
746
555
318
33
-224
-452
-727
-1038
-1352
-1622
-1906
-2158
-2410
-2690
-2852
-2951
-3028
-3057
-3022
-2857
-2629
-2290
-1836
-1349
-859
-464
-104
202
564
891
1090
1244
1376
1408
1303
1158
1001
834
617
302
-37
-309
-497
-705
-934
-1105
-1189
-1231
-1269
-1248
-1146
-1117
-1101
-1114
-1108
-1111
-1182
-1261
-1383
-1422
-1479
-1501
-1515
-1407
-1199
-899
-593
-248
168
723
1309
1854
2287
2703
3141
3446
3678
3737
3744
3738
3600
3364
3041
2745
2498
2201
1915
1645
1415
1295
1150
999
911
793
718
652
565
445
279
134
-11
-187
-317
-573
-676
-740
-865
-1020
-1161
-1225
-1292
-1314
-1365
-1360
-1296
-1220
-1158
-1122
-1031
-936
-875
-810
-697
-606
-505
-433
-418
-414
-450
-486
-610
-722
-835
-967
-1078
-1138
-1149
-1090
-1059
-966
-843
-676
-390
-155
70
212
402
586
652
677
629
437
101
-257
-585
-853
-1142
-1307
-1463
-1553
-1570
-1512
-1314
-1134
-902
-676
-433
-229
-100
45
160
238
236
281
284
227
100
-79
-120
-108
-175
-285
-336
-169
62
145
217
339
552
817
1042
1189
1298
1468
1644
1704
1713
1773
1921
2108
2158
2133
2172
2216
2208
2198
2108
2071
2047
2003
1903
1760
1552
1347
1041
710
489
291
83
-246
-516
-768
-949
-1133
-1273
-1423
-1520
-1657
-1808
-1787
-1736
-1624
-1535
-1366
-1242
-1120
-948
-833
-674
-504
-341
-175
-104
-122
-72
-32
-47
-147
-323
-509
-639
-747
-868
-958
-1021
-1008
-1010
-945
-801
-602
-420
-365
-295
-208
-163
-205
-278
-294
-362
-487
-590
-662
-706
-748
-842
-904
-850
-710
-532
-337
-137
40
193
298
339
389
423
389
270
120
49
34
-1
-142
-293
-484
-609
-676
-716
-764
-809
-676
-567
-415
-265
-61
226
489
767
1030
1303
1581
1845
2087
2272
2407
2587
2732
2839
2868
2858
2841
2813
2772
2677
2559
2403
2193
1866
1479
1036
620
213
-254
-711
-1141
-1553
-1963
-2292
-2645
-2873
-3080
-3194
-3215
-3167
-2904
-2625
-2277
-1946
-1561
-1097
-557
-46
427
916
1369
1654
1908
2142
2294
2402
2384
2266
2085
1867
1680
1403
1112
776
401
50
-314
-669
-915
-1116
-1303
-1552
-1791
-1928
-2078
-2184
-2273
-2307
-2354
-2360
-2295
-2224
-2073
-1908
-1745
-1611
-1459
-1210
-923
-611
-321
-38
250
497
733
952
1033
1040
960
808
623
393
169
-44
-246
-536
-750
-918
-1149
-1321
-1486
-1548
-1634
-1654
-1632
-1496
-1280
-1062
-802
-530
-180
261
671
1053
1387
1762
2191
2586
2972
3312
3667
3959
4115
4173
4232
4298
4230
4046
3803
3517
3180
2846
2467
1926
1371
802
239
-292
-774
-1148
-1457
-1818
-2249
-2559
-2791
-2883
-2844
-2727
-2602
-2483
-2238
-1932
-1484
-1026
-535
-91
215
443
698
937
1086
1113
1047
931
776
641
516
421
283
17
-318
-626
-887
-1164
-1414
-1683
-1928
-2137
-2273
-2407
-2490
-2568
-2614
-2577
-2551
-2449
-2257
-1959
-1679
-1390
-1078
-788
-463
-169
67
289
449
575
672
741
821
838
799
764
734
710
671
666
625
555
446
301
214
52
-118
-241
-387
-541
-650
-704
-712
-684
-599
-537
-377
-104
173
507
859
1160
1402
1696
2013
2252
2488
2690
2811
2860
2871
2817
2764
2665
2511
2310
2086
1877
1683
1563
1363
1212
970
746
514
206
-72
-371
-667
-989
-1289
-1564
-1794
-1970
-2056
-2146
-2232
-2227
-2218
-2081
-1993
-1882
-1653
-1383
-1108
-794
-543
-211
89
366
660
923
1162
1319
1480
1518
1466
1366
1251
1078
744
409
99
-203
-532
-899
-1192
-1378
-1462
-1565
-1583
-1544
-1444
-1283
-1143
-1005
-838
-681
-537
-564
-579
-603
-695
-778
-964
-1014
-1023
-1087
-1161
-1155
-1029
-926
-760
-549
-384
-146
19
166
209
201
184
95
-83
-280
-404
-534
-632
-740
-782
-742
-708
-659
-549
-369
-153
48
257
460
663
879
1033
1153
1239
1314
1390
1448
1509
1618
1742
1810
1874
1967
2098
2244
2422
2560
2678
2811
2859
2879
2804
2702
2561
2313
2016
1716
1374
982
628
205
-184
-564
-979
-1325
-1618
-1836
-2018
-2186
-2252
-2283
-2297
-2263
-2170
-2012
-1849
-1657
-1427
-1136
-841
-524
-203
61
310
455
568
700
805
865
891
857
792
687
545
425
303
112
-59
-294
-555
-747
-912
-1079
-1255
-1412
-1525
-1648
-1742
-1827
-1889
-1961
-1997
-2000
-1970
-1873
-1756
-1580
-1370
-1147
-940
-636
-333
-28
226
475
710
895
1068
1187
1267
1252
1159
1010
837
683
488
269
23
-224
-372
-494
-560
-519
-461
-375
-338
-260
-198
-125
-70
-78
-119
-194
-274
-374
-394
-341
-193
28
287
566
865
1274
1744
2217
2666
3040
3330
3541
3674
3711
3679
3496
3132
2632
2065
1465
899
313
-215
-741
-1243
-1661
-2039
-2270
-2426
-2516
-2488
-2367
-2218
-2035
-1795
-1584
-1329
-1036
-746
-436
-111
225
542
848
1153
1458
1718
1946
2117
2183
2206
2148
2027
1805
1485
1136
755
343
-104
-551
-1007
-1471
-1931
-2279
-2573
-2786
-2899
-2939
-2965
-3010
-2983
-2890
-2770
-2585
-2422
-2198
-1946
-1693
-1385
-1098
-739
-375
-8
292
616
949
1324
1611
1759
1827
1794
1681
1438
1096
732
274
-242
-691
-1077
-1380
-1674
-1918
-2059
-2115
-2054
-1923
-1705
-1349
-897
-436
-38
431
932
1379
1812
2209
2546
2851
3104
3308
3459
3572
3642
3671
3748
3802
3790
3723
3540
3302
2943
2445
1868
1294
667
33
-639
-1264
-1887
-2496
-2986
-3447
-3768
-3942
-4033
-4025
-3947
-3720
-3341
-2870
-2333
-1749
-1152
-549
86
715
1302
1817
2259
2613
2841
2966
3012
3009
2929
2721
2444
2124
1797
1387
973
550
132
-318
-773
-1201
-1670
-2079
-2413
-2689
-2980
-3184
-3274
-3298
-3293
-3227
-3062
-2821
-2549
-2177
-1758
-1320
-860
-403
56
465
846
1144
1409
1583
1671
1681
1696
1664
1571
1424
1165
864
527
163
-188
-521
-859
-1190
-1567
-1836
-2077
-2231
-2286
-2274
-2154
-2041
-1834
-1550
-1122
-680
-263
231
728
1262
1703
2127
2487
2783
2994
3085
3147
3146
3122
3062
2966
2861
2715
2535
2332
2090
1870
1655
1343
1055
730
399
78
-292
-677
-1050
-1323
-1586
-1764
-1853
-1864
-1854
-1749
-1565
-1334
-1060
-727
-328
81
472
816
1157
1453
1661
1796
1884
1907
1913
1847
1714
1531
1307
1037
734
369
22
-332
-728
-1131
-1527
-1891
-2185
-2474
-2741
-2941
-3097
-3200
-3221
-3155
-3047
-2849
-2616
-2325
-2004
-1628
-1189
-781
-396
-114
204
462
646
793
879
900
812
708
559
423
288
119
-38
-208
-352
-504
-622
-730
-860
-974
-1089
-1191
-1244
-1316
-1366
-1437
-1536
-1580
-1571
-1477
-1264
-983
-621
-196
242
674
1144
1701
2238
2747
3182
3575
3900
4177
4360
4428
4425
4263
3998
3675
3310
2882
2445
1938
1408
917
453
29
-339
-685
-1002
-1300
-1518
-1650
-1800
-1855
-1882
-1877
-1861
-1825
-1679
-1503
-1312
-1152
-959
-714
-409
-88
184
450
684
853
994
1065
1144
1202
1144
988
772
523
257
-17
-313
-583
-847
-1072
-1300
-1477
-1635
-1767
-1888
-1975
-1972
-1975
-1946
-1840
-1684
-1515
-1306
-1080
-856
-550
-268
-10
232
447
608
729
755
780
786
715
632
476
278
63
-104
-272
-451
-657
-764
-769
-793
-844
-867
-835
-788
-802
-857
-920
-951
-923
-906
-868
-801
-747
-630
-512
-362
-148
119
457
825
1185
1543
1882
2236
2526
2701
2839
2904
2831
2672
2438
2095
1742
1464
1192
943
695
435
295
220
240
217
167
160
165
151
121
89
-13
-109
-244
-373
-518
-691
-799
-801
-810
-830
-820
-773
-650
-446
-211
-34
154
287
401
469
442
359
207
79
-91
-312
-597
-884
-1086
-1191
-1298
-1358
-1376
-1352
-1212
-1117
-1011
-873
-757
-628
-481
-396
-294
-235
-189
-114
-59
-11
23
89
133
168
165
250
369
505
607
663
708
725
691
618
525
373
219
69
-97
-272
-466
-697
-909
-1082
-1215
-1318
-1368
-1416
-1404
-1318
-1222
-1074
-928
-788
-584
-324
-76
106
240
392
571
783
977
1108
1197
1305
1424
1554
1659
1711
1767
1825
1874
1902
1900
1845
1764
1615
1495
1378
1220
1083
896
685
458
309
184
63
-33
-149
-298
-392
-443
-520
-551
-612
-665
-717
-765
-822
-872
-898
-935
-908
-885
-843
-766
-711
-710
-690
-623
-571
-497
-427
-396
-380
-394
-388
-424
-489
-551
-628
-661
-684
-680
-706
-676
-585
-536
-550
-451
-356
-307
-270
-203
-73
-21
7
64
101
78
107
209
241
239
272
289
279
274
268
296
282
291
333
283
237
206
157
103
68
10
-61
-160
-173
-262
-362
-376
-423
-444
-504
-514
-449
-380
-237
-94
-23
71
182
298
340
418
524
607
685
747
765
779
788
775
794
790
783
824
862
882
895
853
803
752
717
653
568
525
485
455
399
330
214
132
54
-49
-107
-193
-255
-384
-533
-653
-801
-955
-1044
-1110
-1174
-1217
-1214
-1166
-1112
-1041
-969
-870
-792
-687
-566
-461
-352
-245
-102
6
87
159
209
290
308
281
289
338
390
428
493
552
540
539
620
662
675
612
582
562
510
470
395
396
390
357
317
283
248
182
112
93
71
-16
-117
-231
-271
-282
-403
-508
-590
-677
-709
-731
-693
-668
-727
-784
-826
-827
-823
-826
-825
-816
-817
-861
-835
-825
-831
-800
-736
-664
-605
-515
-380
-195
14
262
463
708
914
1063
1211
1321
1382
1399
1393
1325
1270
1236
1175
1098
996
842
761
723
654
574
554
532
504
432
389
364
222
70
-107
-304
-444
-596
-727
-802
-872
-867
-813
-810
-763
-653
-528
-395
-246
-88
63
255
364
377
370
295
246
205
146
44
-41
-115
-239
-318
-382
-422
-405
-349
-309
-292
-263
-229
-202
-140
-48
10
65
165
245
312
358
417
448
469
478
476
473
481
423
358
301
250
235
183
98
60
15
-17
-65
-199
-343
-450
-517
-627
-727
-837
-949
-1046
-1158
-1222
-1268
-1261
-1223
-1181
-1142
-1033
-915
-811
-604
-415
-248
-98
96
286
462
592
686
767
807
855
901
928
892
874
877
844
746
685
691
705
688
646
566
478
409
329
289
224
137
15
-68
-116
-185
-254
-308
-276
-260
-260
-238
-211
-176
-89
14
72
152
265
297
345
363
395
453
505
536
491
451
416
336
260
177
104
59
-35
-136
-210
-272
-307
-341
-389
-390
-394
-430
-434
-439
-396
-325
-233
-127
-48
47
145
276
392
510
540
546
542
488
363
218
127
-44
-235
-402
-541
-667
-862
-1063
-1227
-1394
-1505
-1623
-1753
-1833
-1867
-1849
-1862
-1830
-1739
-1628
-1434
-1207
-1018
-837
-625
-374
-116
104
350
639
912
1105
1279
1457
1608
1728
1877
1930
1938
1918
1838
1755
1706
1629
1533
1435
1340
1288
1160
1026
860
676
505
331
178
43
-58
-107
-146
-220
-267
-247
-227
-217
-215
-140
-27
69
210
278
294
293
293
316
338
322
268
194
127
22
-97
-204
-326
-434
-541
-609
-736
-824
-881
-948
-982
-1021
-1014
-1010
-1063
-1060
-1008
-955
-898
-838
-724
-598
-484
-326
-149
8
169
332
461
582
703
821
881
893
825
734
609
451
304
60
-154
-342
-532
-711
-866
-990
-1063
-1106
-1075
-1061
-1011
-980
-930
-893
-847
-747
-659
-555
-466
-327
-228
-145
35
252
416
554
701
842
970
1069
1152
1162
1169
1184
1167
1098
994
883
781
643
492
359
215
99
-8
-70
-134
-154
-174
-190
-171
-118
-58
-30
24
84
173
256
328
427
537
633
702
728
705
681
711
727
716
680
647
654
632
578
474
348
253
175
40
-146
-291
-407
-525
-673
-808
-920
-976
-1003
-988
-983
-1033
-1068
-1056
-1018
-929
-820
-737
-628
-504
-395
-303
-213
-87
26
104
142
195
180
190
188
114
55
-27
-84
-167
-232
-298
-395
-513
-636
-712
-765
-807
-816
-795
-752
-692
-633
-564
-500
-448
-382
-285
-173
-36
114
264
361
483
603
764
920
1051
1196
1298
1419
1481
1526
1528
1469
1354
1198
1010
799
642
469
256
18
-191
-357
-505
-618
-670
-677
-647
-606
-558
-424
-293
-192
-87
9
35
6
-1
-13
-101
-170
-242
-348
-399
-454
-473
-421
-363
-278
-180
-94
-18
38
86
131
157
181
144
111
134
135
94
44
-27
-113
-176
-232
-243
-185
-142
-84
0
71
176
266
361
399
440
506
550
570
609
624
619
582
555
483
392
311
228
166
91
7
-66
-121
-153
-166
-149
-147
-183
-238
-319
-337
-379
-397
-409
-445
-480
-452
-438
-447
-412
-402
-439
-478
-464
-435
-363
-367
-379
-356
-383
-378
-372
-364
-349
-336
-342
-363
-362
-337
-316
-279
-205
-161
-157
-116
-1
68
96
148
170
132
148
163
172
195
247
317
336
368
407
451
480
480
439
428
412
383
380
318
274
257
303
329
289
276
279
279
360
419
449
520
549
578
591
581
613
635
667
665
621
591
534
486
413
333
254
246
208
171
127
50
-7
-95
-123
-207
-290
-392
-480
-534
-582
-643
-737
-815
-918
-980
-990
-986
-984
-971
-949
-957
-943
-897
-860
-768
-676
-612
-557
-501
-412
-356
-324
-273
-204
-140
-52
27
94
174
210
239
260
289
289
260
252
245
210
209
200
205
194
160
179
163
126
115
88
61
70
78
110
138
163
146
128
157
159
149
99
40
8
19
50
95
93
81
88
87
93
17
-30
-5
19
63
82
129
207
281
347
416
515
594
675
785
831
837
884
908
932
929
883
789
710
591
472
337
215
113
37
-6
-78
-129
-223
-269
-290
-291
-352
-417
-465
-514
-516
-567
-610
-642
-656
-648
-648
-652
-655
-579
-470
-429
-402
-355
-265
-190
-128
-96
-83
-89
-70
-67
-121
-176
-223
-248
-265
-297
-331
-384
-446
-489
-503
-502
-544
-536
-540
-577
-624
-632
-609
-571
-522
-461
-389
-281
-206
-172
-124
-95
-15
112
211
243
247
288
325
341
380
415
393
335
316
297
264
240
229
213
204
185
169
151
142
161
196
241
259
276
309
345
396
410
448
488
569
623
656
740
781
841
888
898
935
973
959
929
878
855
811
764
677
610
546
451
398
313
238
158
70
-35
-154
-248
-339
-412
-474
-561
-642
-706
-727
-772
-802
-808
-764
-704
-619
-569
-543
-475
-401
-355
-316
-283
-229
-207
-226
-250
-289
-301
-308
-339
-367
-392
-441
-471
-492
-522
-535
-561
-590
-598
-625
-621
-548
-491
-458
-416
-344
-298
-262
-227
-191
-136
-89
-70
-54
-42
0
72
131
155
183
250
308
354
335
357
345
316
306
246
239
216
153
120
68
17
-29
-68
-63
-28
-13
0
61
159
254
362
467
557
636
698
759
795
776
797
860
870
872
866
880
878
789
735
688
617
550
489
375
262
204
129
63
-31
-142
-246
-345
-443
-542
-611
-626
-566
-532
-513
-440
-391
-367
-281
-204
-151
-53
6
73
106
124
114
56
15
-38
-79
-151
-187
-221
-248
-298
-355
-367
-396
-432
-515
-586
-649
-670
-669
-707
-745
-802
-811
-796
-800
-807
-826
-822
-765
-700
-618
-525
-459
-351
-210
-117
0
70
106
215
280
347
393
407
379
385
324
281
271
262
262
208
173
177
194
174
203
248
294
331
396
448
519
576
590
622
648
666
646
638
651
620
582
566
549
551
544
515
471
446
457
467
485
479
451
422
364
299
246
204
119
67
62
-11
-63
-90
-142
-183
-229
-271
-282
-266
-260
-257
-287
-266
-292
-313
-341
-373
-356
-359
-377
-381
-385
-396
-360
-356
-367
-384
-372
-370
-402
-424
-472
-483
-466
-458
-438
-442
-444
-481
-521
-567
-579
-581
-603
-623
-579
-543
-558
-503
-456
-399
-315
-237
-166
-56
29
90
143
186
216
194
213
205
187
188
188
204
200
175
197
220
229
233
233
274
319
364
378
395
418
448
454
443
444
425
441
459
460
424
392
427
405
399
397
374
381
376
395
388
369
403
393
407
425
402
385
365
358
337
327
289
249
219
177
154
144
120
62
28
-33
-62
-89
-111
-103
-112
-119
-108
-99
-73
-95
-131
-155
-167
-224
-273
-328
-363
-366
-398
-364
-360
-365
-339
-317
-306
-296
-311
-283
-270
-229
-200
-199
-206
-213
-171
-160
-127
-145
-161
-225
-312
-348
-407
-482
-525
-549
-601
-653
-651
-593
-585
-568
-545
-516
-424
-362
-286
-211
-159
-110
-73
-5
34
50
83
90
91
93
94
131
150
167
220
252
341
408
479
539
577
679
705
708
699
645
590
532
469
369
300
224
169
102
63
27
-49
-66
-84
-110
-96
-72
-25
20
56
81
81
80
102
113
128
150
165
208
225
265
296
302
283
256
226
177
172
129
108
83
64
63
71
77
66
38
6
-33
-59
-38
-31
-42
-41
-34
-23
-16
-46
-60
-87
-102
-115
-108
-78
-45
-35
-46
-15
-37
-59
-63
-106
-134
-151
-210
-272
-333
-387
-447
-508
-594
-669
-699
-739
-778
-778
-790
-787
-718
-662
-621
-553
-487
-427
-369
-344
-251
-157
-68
-33
2
24
20
77
143
224
290
363
414
458
489
507
505
509
509
493
461
425
372
330
294
233
231
233
230
260
284
294
305
308
326
307
259
250
243
258
248
228
227
252
267
267
269
263
289
258
257
279
275
275
288
266
220
190
154
129
79
41
4
-40
-74
-116
-167
-196
-201
-233
-255
-240
-235
-232
-170
-137
-70
-22
19
48
69
81
107
119
106
103
67
31
-23
-77
-133
-223
-260
-297
-365
-445
-503
-545
-637
-727
-775
-826
-845
-849
-894
-913
-919
-931
-902
-908
-883
-816
-774
-687
-592
-519
-400
-273
-143
-37
46
173
250
312
352
376
439
503
570
587
583
620
645
645
639
606
565
542
532
518
509
529
530
513
500
487
454
467
431
361
322
280
289
291
280
253
272
312
353
430
441
469
502
503
519
498
489
485
478
432
359
328
309
282
252
198
154
97
90
90
67
13
-98
-138
-178
-219
-254
-318
-347
-367
-400
-455
-503
-556
-572
-542
-555
-559
-542
-545
-518
-498
-474
-455
-462
-427
-385
-363
-329
-260
-233
-186
-183
-214
-221
-301
-323
-358
-425
-459
-476
-490
-531
-553
-588
-583
-626
-643
-620
-610
-546
-500
-431
-354
-267
-230
-184
-115
-45
23
99
172
255
309
339
389
409
452
462
514
577
605
648
711
730
715
730
700
637
590
515
413
336
258
193
134
94
71
36
-25
-39
-33
-4
27
-7
49
120
135
158
159
156
208
260
320
345
353
361
356
374
362
344
313
269
266
263
254
229
179
157
108
84
66
-25
-95
-122
-122
-100
-93
-109
-132
-130
-137
-140
-155
-163
-154
-108
-83
-81
-68
-79
-68
-36
-53
-81
-139
-174
-216
-251
-332
-376
-429
-526
-543
-607
-655
-690
-740
-772
-817
-803
-787
-766
-727
-661
-592
-584
-519
-471
-427
-374
-355
-325
-279
-219
-141
-59
-7
50
78
125
216
296
327
371
464
521
546
620
659
618
649
670
654
596
531
492
417
344
302
265
207
186
215
209
178
211
286
316
331
362
421
468
509
591
553
505
522
488
456
460
480
443
385
312
284
217
166
152
72
1
-53
-73
-122
-165
-149
-166
-270
-308
-306
-313
-306
-297
-306
-359
-370
-348
-382
-407
-441
-493
-540
-574
-556
-526
-531
-530
-527
-532
-516
-486
-441
-432
-423
-366
-318
-298
-280
-233
-205
-225
-200
-174
-170
-168
-151
-125
-115
-90
-103
-88
-66
-58
-13
36
30
21
79
121
138
210
283
320
313
338
389
413
409
433
416
366
342
349
371
345
298
300
271
227
251
261
246
217
229
244
234
146
143
178
146
133
138
162
142
92
35
61
61
-28
-37
-41
-20
1
18
65
107
70
32
76
92
123
108
135
198
221
237
238
184
171
151
97
71
52
14
-37
-65
-102
-106
-189
-209
-205
-271
-327
-325
-278
-294
-337
-351
-307
-338
-351
-359
-384
-403
-412
-426
-411
-367
-388
-329
-331
-349
-282
-321
-339
-303
-288
-300
-289
-261
-251
-210
-142
-108
-70
-65
-14
41
73
85
98
151
133
86
80
94
92
99
66
15
18
-15
-32
5
-6
-50
-28
2
-24
-47
-57
-38
18
74
101
127
193
242
268
322
334
379
462
496
520
543
570
580
585
634
662
649
675
640
566
522
465
399
349
277
218
158
103
32
-22
-67
-85
-96
-95
-99
-116
-99
-97
-104
-120
-104
-97
-92
-68
-95
-104
-74
-84
-167
-246
-256
-301
-344
-388
-424
-422
-442
-497
-488
-509
-550
-548
-561
-610
-619
-568
-546
-483
-447
-460
-439
-400
-327
-315
-235
-144
-68
6
74
184
262
300
343
389
406
364
332
318
304
325
332
336
325
261
222
206
161
120
76
26
-30
-41
-40
-87
-121
-130
-88
-45
-51
-57
-14
19
50
59
87
154
157
181
217
209
254
287
296
319
293
280
282
280
258
267
212
131
103
43
1
-53
-132
-186
-209
-232
-276
-284
-317
-295
-263
-194
-184
-196
-150
-90
-40
10
65
73
162
189
159
195
240
259
276
273
282
311
314
298
309
252
193
142
68
17
-50
-148
-192
-234
-280
-315
-371
-428
-454
-479
-489
-470
-466
-452
-426
-395
-366
-357
-317
-257
-203
-169
-122
-81
-70
-37
19
17
60
137
163
150
74
81
65
44
40
71
97
95
122
163
183
174
186
150
137
115
88
102
87
101
135
140
179
230
234
211
163
157
198
172
228
268
235
278
308
359
365
373
364
308
260
219
169
103
10
-40
-57
-87
-170
-251
-281
-339
-429
-454
-398
-361
-351
-325
-299
-265
-227
-215
-133
-112
-105
-109
-142
-110
-90
-116
-145
-130
-63
-86
-136
-119
-76
-84
-99
-85
-88
-105
-69
-39
-63
-33
-39
-64
-78
-111
-109
-125
-156
-110
-74
-83
-67
-12
28
22
45
137
158
189
267
290
283
258
286
300
289
313
350
327
289
318
340
300
251
243
204
137
70
-6
-29
-67
-125
-141
-162
-158
-195
-259
-268
-254
-279
-346
-322
-272
-259
-243
-208
-163
-149
-150
-108
-79
-46
-12
25
48
78
113
124
110
95
85
91
70
48
72
34
8
19
22
10
26
40
30
49
85
86
95
85
101
109
82
97
127
149
156
171
169
194
220
241
226
194
193
185
124
46
-10
-39
-90
-120
-117
-129
-128
-70
-68
-107
-93
-72
-105
-123
-113
-114
-116
-106
-113
-130
-135
-153
-138
-117
-103
-108
-76
-39
-33
31
55
64
80
88
68
41
3
-16
-22
-36
-70
-103
-105
-111
-137
-187
-208
-236
-246
-272
-285
-280
-298
-284
-218
-207
-184
-123
-97
-84
-57
5
14
9
45
119
149
201
215
224
259
276
310
325
327
324
330
325
307
281
288
272
230
215
233
204
181
194
178
179
203
205
211
196
214
214
158
148
145
72
31
-28
-34
-48
-91
-123
-153
-161
-187
-177
-167
-125
-140
-96
-53
-66
-60
-51
-74
-97
-139
-145
-123
-160
-234
-262
-239
-247
-234
-236
-252
-243
-223
-236
-245
-231
-194
-160
-144
-112
-67
-79
-106
-97
-122
-146
-155
-164
-124
-88
-73
-26
-7
4
22
-1
1
-11
-14
-3
32
82
68
85
132
161
144
144
145
119
129
116
67
25
-9
-33
-47
-37
21
37
62
87
111
149
186
198
202
204
212
223
229
222
192
216
240
255
240
221
193
207
181
107
99
113
118
77
52
17
-12
-32
-50
-59
-67
-75
-63
-53
-86
-86
-66
-72
-64
-56
-45
-49
-64
-74
-58
-30
-37
-30
-71
-123
-127
-144
-152
-132
-129
-141
-156
-184
-158
-173
-224
-272
-263
-249
-279
-284
-276
-260
-244
-243
-213
-214
-185
-155
-129
-107
-83
-38
-10
49
60
83
99
128
144
111
142
157
149
158
155
171
154
135
139
178
188
163
152
155
165
164
172
145
166
160
121
120
86
69
109
109
117
141
121
137
180
168
136
101
78
48
27
40
76
78
83
86
54
20
0
-31
-55
-71
-104
-147
-199
-227
-207
-219
-227
-197
-201
-202
-200
-209
-212
-235
-242
-230
-211
-178
-166
-164
-181
-200
-190
-191
-174
-192
-182
-145
-120
-66
-33
-10
-17
-14
10
16
17
28
19
15
32
23
-4
-1
20
70
108
117
136
124
145
148
171
188
216
215
223
254
245
246
246
260
241
240
282
283
275
258
289
307
288
290
271
226
199
177
167
128
77
94
52
-11
-25
0
-5
-26
-35
-13
-28
-49
-36
-16
1
0
-8
10
-8
-4
-6
-43
-75
-78
-80
-100
-105
-124
-134
-160
-147
-132
-124
-130
-108
-116
-120
-125
-112
-98
-124
-135
-152
-181
-185
-159
-143
-145
-159
-164
-205
-205
-219
-228
-195
-164
-121
-109
-98
-66
-64
-76
-72
-62
-78
-75
-36
-25
-13
-23
-36
-28
-39
-77
-100
-109
-98
-54
-15
43
44
25
45
46
55
83
105
101
125
96
73
79
80
84
19
33
38
46
66
81
88
103
120
123
116
85
85
96
82
70
27
-42
-82
-104
-90
-140
-154
-151
-137
-181
-209
-192
-172
-155
-174
-176
-172
-157
-163
-116
-87
-109
-109
-98
-91
-53
-46
-39
-7
50
83
143
178
212
293
315
332
346
311
289
290
272
230
211
189
205
190
203
176
165
179
144
166
155
150
180
201
231
241
253
270
253
238
221
171
152
120
126
157
164
137
112
106
88
72
38
-1
-67
-81
-120
-173
-166
-179
-196
-186
-195
-218
-251
-257
-281
-319
-332
-324
-307
-297
-301
-292
-287
-269
-280
-246
-226
-180
-128
-118
-128
-173
-161
-149
-154
-179
-167
-187
-186
-171
-188
-150
-127
-140
-127
-124
-113
-110
-164
-176
-175
-183
-179
-131
-97
-113
-101
-111
-90
-78
-74
-81
-85
-32
-24
-12
0
18
59
125
167
199
231
259
295
313
326
345
346
348
366
384
373
363
336
348
382
373
377
393
436
380
330
312
313
310
285
263
241
243
191
139
100
75
46
28
-15
-50
-54
-87
-129
-184
-205
-236
-267
-268
-258
-251
-225
-229
-212
-224
-215
-200
-199
-182
-190
-170
-209
-231
-214
-186
-166
-160
-194
-201
-178
-152
-95
-52
-11
32
66
118
153
160
184
229
240
299
294
300
299
260
258
206
196
173
116
94
65
43
-14
-29
-24
-60
-57
-18
-40
-93
-60
-63
-69
-80
-54
-47
-74
-111
-140
-146
-153
-135
-121
-113
-135
-156
-157
-170
-185
-174
-173
-139
-166
-165
-145
-150
-121
-125
-106
-73
-16
0
-17
7
11
-22
-72
-82
-113
-170
-204
-212
-183
-153
-148
-165
-174
-123
-81
-61
-38
-19
9
28
33
-5
-19
-1
2
-8
12
36
46
63
75
78
85
145
150
158
170
158
167
201
197
163
158
156
154
152
173
170
166
151
152
130
140
114
112
140
148
145
119
80
40
8
-30
-47
-67
-97
-104
-75
-75
-63
-45
-20
-29
-38
-3
43
60
53
67
93
85
61
68
44
-4
-33
-29
-21
-64
-65
-29
-20
-6
-7
-22
-5
1
-22
-14
-10
30
59
36
45
71
80
86
103
97
66
54
70
60
68
67
53
80
65
54
36
32
-2
-33
-58
-95
-97
-121
-115
-133
-123
-87
-94
-115
-119
-120
-162
-161
-147
-106
-96
-94
-76
-86
-54
-29
-33
-35
-50
-25
-18
-31
-21
-13
6
7
9
18
37
36
55
15
-26
-46
-68
-97
-158
-180
-182
-177
-161
-152
-164
-168
-170
-160
-137
-116
-66
-26
-23
3
31
77
110
137
184
176
166
151
144
161
161
111
98
102
88
98
114
133
105
92
108
69
36
36
77
74
30
2
11
-6
-8
-1
-11
5
-16
-48
-22
-17
15
49
74
83
102
103
115
140
132
133
108
119
155
188
199
203
198
204
202
178
134
103
53
8
-5
-8
-30
-72
-62
-21
-33
-50
-19
-40
-68
-87
-61
-56
-56
-34
7
-1
-10
-21
-33
-12
-65
-48
-39
-72
-79
-65
-65
-90
-121
-82
-101
-184
-193
-172
-195
-246
-277
-265
-245
-286
-294
-259
-257
-282
-270
-211
-174
-178
-205
-180
-148
-147
-123
-58
-19
-11
-3
11
36
1
19
51
60
60
64
58
66
60
32
44
64
85
119
110
90
100
90
103
114
170
145
131
158
152
157
140
140
164
151
135
159
210
205
184
213
240
203
187
228
230
181
155
171
173
125
89
48
35
0
-86
-109
-106
-120
-154
-154
-130
-123
-192
-196
-170
-165
-147
-123
-111
-108
-113
-106
-84
-62
-62
-74
-77
-61
-29
-29
-17
-7
-7
-44
-72
-51
-39
-39
-47
1
30
-13
3
9
-22
-2
-24
-43
-81
-129
-137
-169
-153
-159
-206
-227
-201
-170
-151
-93
-59
-20
24
59
93
113
109
128
153
153
142
147
145
134
156
154
131
119
98
73
70
64
45
40
38
54
69
84
93
110
114
130
94
66
100
101
96
71
88
96
94
81
81
69
30
46
53
62
32
-11
-5
32
8
-27
-53
-97
-130
-169
-201
-201
-240
-270
-206
-195
-173
-123
-53
34
48
10
19
21
39
68
75
92
86
83
121
119
98
74
65
86
74
69
51
24
27
41
33
29
48
52
42
34
-5
-29
-31
-39
-51
-69
-95
-118
-125
-147
-163
-162
-174
-148
-130
-127
-144
-178
-167
-110
-115
-117
-120
-122
-94
-113
-101
-94
-113
-91
-62
-46
-49
-31
-14
18
59
104
130
130
140
122
115
151
175
154
134
110
115
119
117
100
53
44
56
37
41
38
11
8
45
66
75
87
67
38
40
73
39
46
53
6
10
41
51
75
46
54
75
65
92
130
123
79
57
50
54
77
88
75
42
23
14
-6
12
18
-42
-66
-31
-17
-37
-49
-19
-54
-104
-92
-114
-148
-190
-192
-160
-170
-177
-159
-125
-169
-185
-159
-153
-143
-142
-115
-86
-79
-94
-75
-39
-20
-38
-61
-54
-73
-106
-52
-8
-38
-33
-35
16
9
-24
88
119
79
92
118
107
79
73
118
135
134
161
169
141
138
143
151
143
118
93
71
76
54
65
59
-15
-41
-45
-86
-158
-136
-99
-144
-189
-171
-117
-127
-168
-120
-32
-55
-70
-35
17
-37
-76
-22
30
12
-27
-29
-17
-3
-16
19
53
79
19
16
11
3
-18
-25
-3
10
28
30
15
-20
-4
26
22
20
11
-5
-23
-12
-6
-17
-40
-40
-28
-12
-1
24
88
85
56
47
52
82
87
89
104
121
109
100
114
69
41
45
36
5
11
-16
-84
-68
-28
22
67
81
45
39
80
84
43
47
62
49
68
47
46
80
86
0
-12
9
-29
-36
-28
-61
-64
-81
-82
-83
-112
-109
-65
-61
-91
-75
-77
-96
-90
-39
-33
-40
-38
-20
-14
15
40
67
65
35
-7
11
68
43
47
111
133
156
173
179
151
165
136
105
110
107
89
99
129
69
92
136
66
32
53
36
17
41
43
-1
-20
-28
-76
-155
-207
-199
-178
-176
-179
-173
-211
-197
-190
-185
-193
-188
-151
-152
-171
-186
-153
-142
-122
-131
-147
-134
-64
-57
-72
-89
-98
-113
-118
-125
-142
-105
-88
-61
-64
-64
-37
12
11
10
49
60
33
47
54
30
38
90
119
93
116
167
153
120
125
139
110
128
153
156
143
107
84
86
107
94
62
82
106
108
96
82
89
109
98
97
129
106
97
115
160
121
112
112
87
74
74
62
31
37
58
53
15
-7
11
20
12
8
11
14
-18
-19
11
-8
-52
-89
-117
-178
-215
-253
-242
-216
-219
-209
-203
-132
-84
-53
-40
-33
-10
35
55
77
100
85
67
76
94
38
44
50
40
64
79
112
132
72
30
30
-3
-25
-55
-83
-91
-105
-128
-136
-150
-168
-151
-155
-173
-180
-213
-252
-276
-300
-283
-219
-220
-223
-188
-133
-103
-138
-145
-84
-57
-51
-15
12
57
63
71
98
106
92
109
114
110
131
100
76
60
81
63
15
43
67
48
47
57
48
22
68
111
87
108
137
170
161
155
159
155
118
114
128
127
112
117
114
100
42
22
52
83
62
30
10
-5
-2
19
33
64
118
94
44
40
41
27
-17
-22
-15
-24
-68
-99
-101
-98
-104
-93
-64
-62
-92
-102
-98
-78
-91
-101
-81
-112
-93
-67
-52
-53
-21
-21
-18
13
48
29
-17
25
48
14
18
26
44
66
71
91
125
146
125
140
157
159
173
157
126
135
137
129
120
117
109
103
64
39
43
77
45
35
49
57
58
4
-4
24
17
-11
-3
-1
-12
-54
-72
-74
-84
-101
-95
-111
-142
-156
-150
-167
-186
-186
-198
-238
-279
-279
-237
-226
-211
-176
-176
-170
-176
-162
-170
-175
-167
-151
-153
-136
-99
-68
-53
-29
1
7
-1
10
11
10
22
-20
-34
-12
-20
-38
-15
-3
-4
-4
21
57
91
147
148
171
170
184
225
211
160
157
193
199
131
119
173
186
175
175
187
191
176
154
136
89
96
77
64
39
32
43
13
31
50
17
-18
-18
-35
4
-26
-72
-56
-64
-94
-112
-143
-173
-158
-154
-122
-96
-94
-109
-88
-88
-124
-104
-24
-7
-9
12
21
47
49
41
80
72
52
53
74
95
68
71
71
49
14
-2
-10
-39
-55
-78
-91
-105
-95
-93
-83
-36
-37
-13
-22
-38
-28
-55
-59
-63
-45
-48
-29
6
-12
26
50
23
30
29
14
57
94
72
68
82
67
60
79
54
29
14
-12
-1
13
-20
-44
-39
-26
-40
-34
-4
5
3
-4
-23
-34
-6
-19
-91
-97
-57
-65
-89
-84
-36
-13
-12
-40
-44
-10
-41
-48
-26
-41
-61
-43
-35
-67
-102
-90
-66
-49
-69
-58
-21
-28
-25
-4
-20
1
17
37
80
97
93
60
63
52
30
-3
-32
-14
-44
-34
-43
-58
-40
-48
-11
-3
18
11
25
55
62
70
68
60
51
92
119
81
81
88
82
77
77
59
43
41
60
93
130
153
155
200
196
193
200
181
176
158
127
90
56
61
40
45
54
27
-11
-44
-72
-125
-158
-178
-157
-152
-158
-152
-135
-96
-43
-13
-20
10
13
-12
-14
0
7
-14
10
41
52
17
-25
-47
-82
-105
-109
-99
-103
-121
-135
-113
-99
-100
-61
-14
11
-19
-2
12
-8
22
48
72
102
102
86
75
68
46
15
13
-8
-31
-42
-7
-8
-41
-39
-30
-18
-37
-54
-56
-17
-11
-22
3
8
-5
-20
13
26
61
35
16
21
28
20
10
0
-5
-1
-16
-20
-21
-1
-7
5
40
63
83
70
98
82
46
12
-5
-21
-42
-47
-55
-88
-138
-156
-193
-220
-258
-292
-266
-257
-233
-230
-226
-186
-151
-144
-128
-137
-101
-56
-50
-2
48
76
83
88
106
90
98
107
136
136
134
144
153
177
172
194
209
177
189
214
242
219
206
212
181
169
140
141
134
126
114
129
109
78
56
53
47
8
24
-4
-35
-23
-21
-2
-36
-55
-16
-6
-23
-52
-41
-7
-37
-51
-12
10
-16
-16
-18
-19
0
-2
-9
-42
-59
-63
-55
-88
-103
-113
-119
-115
-118
-135
-196
-212
-201
-197
-183
-164
-162
-160
-128
-137
-137
-115
-111
-111
-105
-74
-54
-45
-40
-31
-5
16
30
66
97
87
83
92
75
41
24
49
30
4
19
38
38
14
5
-5
13
13
26
46
51
34
17
27
60
76
91
82
72
81
118
139
131
138
125
109
96
80
65
55
62
68
76
73
58
59
26
-3
-6
-7
-37
-40
-11
-7
-4
-21
-25
-40
-77
-86
-62
-47
-50
-68
-50
-25
-54
-82
-77
-63
-94
-98
-93
-74
-67
-76
-56
-37
-35
-26
-14
-12
-28
-5
14
-5
17
22
30
23
-7
-11
-2
26
47
44
53
72
79
75
95
93
69
38
50
79
62
57
74
69
55
50
54
70
39
8
18
-10
-48
-75
-78
-92
-117
-106
-82
-59
-43
-58
-40
-20
-11
-20
-25
-15
10
34
30
58
43
54
57
76
112
119
122
139
159
151
137
145
126
108
81
56
72
64
60
48
37
25
7
11
24
8
-7
15
14
-5
0
-18
-29
-30
-51
-64
-91
-93
-125
-134
-104
-118
-118
-132
-118
-106
-115
-121
-128
-123
-111
-113
-118
-118
-109
-87
-80
-96
-100
-124
-154
-157
-164
-169
-159
-148
-144
-132
-111
-102
-85
-45
-7
37
70
78
85
80
17
-13
-1
1
-10
-29
-3
12
21
16
9
-6
-7
1
-11
-5
9
43
33
26
51
73
99
119
113
134
161
156
144
140
153
156
155
155
146
162
172
151
143
156
163
137
92
55
49
64
42
40
30
32
31
0
-10
-23
-31
-37
-35
-10
10
43
55
28
17
2
0
0
-4
-2
-9
-45
-59
-56
-68
-103
-133
-132
-134
-147
-155
-137
-128
-125
-116
-96
-94
-82
-84
-79
-83
-88
-110
-112
-111
-118
-108
-94
-81
-71
-37
-37
-9
0
-8
4
-2
2
22
57
73
60
55
55
73
72
57
61
85
94
89
73
82
98
87
82
82
56
53
57
30
17
13
-2
4
35
42
48
79
77
60
43
29
16
-9
-4
-11
-24
-46
-67
-57
-46
-25
-18
-22
-28
-21
-32
-31
-34
-32
1
2
-12
-23
-8
21
25
39
46
45
52
62
78
63
77
77
75
93
79
69
57
41
28
21
7
6
-4
8
20
14
24
42
33
16
-2
-13
-1
-15
-50
-54
-85
-95
-97
-93
-91
-99
-99
-103
-85
-66
-72
-60
-39
-34
-56
-68
-59
-67
-58
-70
-50
-46
-52
-54
-60
-64
-88
-100
-99
-74
-44
-39
-28
-2
-1
9
4
-7
23
42
40
26
35
55
52
63
68
79
84
99
104
103
105
105
97
89
103
96
89
92
85
102
87
74
82
70
64
64
66
45
46
54
49
17
2
0
-1
-19
-59
-59
-48
-39
-48
-54
-44
-28
-15
-17
-5
12
23
19
0
-2
-13
-9
-10
-31
-32
-27
-38
-34
-30
-41
-55
-61
-58
-57
-43
-41
-37
-40
-61
-30
-1
-24
-49
-47
-28
-21
-31
-33
-31
-38
-46
-50
-39
-42
-35
-41
-49
-39
-36
-32
-20
-34
-51
-36
-46
-62
-44
-32
-33
-40
-25
-24
-29
-14
-5
-13
-12
13
12
8
-1
-6
1
18
19
13
12
8
16
23
31
18
18
10
-6
-20
-22
-20
-24
-13
-11
-14
-3
-5
2
20
15
14
14
7
7
9
19
28
7
8
27
42
35
18
19
35
46
50
54
52
50
45
65
64
60
60
57
46
41
39
34
28
29
36
37
45
33
27
34
22
25
13
0
11
3
-11
6
24
28
36
48
43
27
34
47
40
32
21
11
-3
-6
-7
-2
24
25
22
33
39
30
26
15
-10
-7
1
-3
-6
13
2
-4
6
19
20
-3
-24
-30
-31
-39
-47
-35
-9
-22
-23
-28
-15
-26
-39
-50
-79
-79
-71
-67
-68
-61
-43
-45
-30
-18
-14
-10
-19
-27
-23
-17
-16
-16
-15
-25
-20
-9
14
22
23
23
8
2
-6
-19
-12
-7
-8
-4
-1
8
-1
-5
3
4
-7
-28
-15
6
4
5
11
4
10
13
-4
-14
-18
-14
-18
-25
-33
-35
-30
2
1
11
35
28
23
49
71
54
54
52
45
37
42
40
30
36
36
17
15
12
3
8
5
-6
-20
-28
-43
-60
-75
-70
-71
-83
-86
-73
-72
-71
-63
-44
-27
-44
-61
-49
-36
-45
-31
-5
1
-12
-5
-1
1
0
0
0
-8
0
3
13
8
27
40
39
44
44
43
37
44
58
66
61
61
59
65
72
69
58
51
48
48
50
61
54
39
48
44
34
30
39
52
59
57
51
45
43
28
9
5
12
14
2
-6
-6
-6
-18
-28
-36
-47
-73
-87
-86
-98
-87
-78
-74
-70
-68
-57
-58
-70
-74
-79
-66
-53
-76
-81
-64
-65
-70
-65
-74
-79
-75
-63
-64
-51
-44
-44
-54
-47
-37
-33
-24
-17
-4
10
30
24
39
49
45
61
75
59
61
79
71
75
74
69
81
83
83
69
70
79
59
37
41
39
26
21
17
11
21
39
42
50
43
21
4
-3
-10
-10
-21
-24
-38
-36
-13
-21
-14
-7
-8
-4
2
-1
10
25
26
28
15
22
26
27
37
28
29
36
30
26
22
26
28
29
38
45
30
31
17
5
10
22
7
-25
-32
-41
-40
-47
-56
-65
-79
-82
-83
-77
-80
-74
-84
-78
-68
-61
-52
-51
-55
-50
-34
-22
-19
-1
-13
-25
9
22
24
36
33
34
33
20
23
30
25
33
42
40
35
35
35
15
22
6
3
41
45
35
41
50
35
41
52
46
32
33
43
34
21
24
21
11
11
19
10
-20
-19
0
9
-3
-5
-8
-26
-31
-29
-25
-29
-8
1
-9
-20
2
-6
-21
-13
-10
-36
-61
-51
-48
-55
-46
-14
-21
-37
-23
-14
-24
-14
-19
-15
-36
-29
-16
-23
-17
3
8
-27
-1
12
-10
3
28
10
15
29
29
21
19
37
34
21
11
24
25
11
9
22
25
1
11
13
5
-8
-29
-51
-52
-60
-56
-47
-47
-41
-36
-31
-52
-43
-20
-31
-46
-32
-22
-18
-25
-16
18
13
-10
14
40
28
16
35
46
31
9
17
36
33
18
12
38
39
32
30
31
35
8
5
11
-3
-17
-22
-17
-9
-3
1
9
22
26
27
27
35
29
26
28
10
7
-1
3
6
19
8
-4
8
39
41
26
25
47
40
20
34
47
44
17
18
18
14
-6
-11
-11
-29
-29
-40
-46
-39
-46
-42
-16
-23
-28
-13
-23
-27
-26
-27
-30
-22
-19
-44
-27
-12
-22
-36
-32
-12
-24
-26
-34
-23
1
-23
-25
-19
-32
-42
-34
-54
-42
-27
-25
-23
-24
-34
-35
-17
-34
-32
-3
9
-6
0
6
-20
-10
-13
-19
-15
-9
-12
5
30
21
20
15
5
-3
16
37
38
43
42
21
25
48
42
44
53
43
31
44
43
42
63
64
48
48
46
30
52
61
47
39
40
33
15
37
27
12
33
36
20
4
13
15
8
4
6
10
8
9
-4
16
11
-4
14
25
8
5
27
24
12
0
-15
-16
-23
-42
-59
-36
-25
-39
-21
-15
-10
-7
-21
-26
-9
-12
-19
-4
-18
-34
-20
1
-13
-25
0
9
-2
-6
-2
-11
-19
-15
-17
-29
-17
-21
-28
-11
-5
-19
-28
-24
-10
-12
-21
-19
-18
-11
-18
-28
-18
-13
-35
-42
-28
-18
-18
-23
-20
-21
-30
-35
-25
-19
-13
-14
-10
3
-10
-17
-9
-5
0
8
-4
-2
15
3
7
16
12
14
17
20
32
42
21
10
14
11
10
4
3
4
-3
15
22
24
23
25
36
31
26
22
30
26
12
14
16
-2
8
16
0
-4
-17
-15
-23
-15
-6
-2
11
29
35
25
34
41
39
43
36
26
12
12
28
21
23
9
0
0
1
1
-1
-10
-21
-35
-35
-46
-39
-32
-41
-37
-23
-19
-30
-26
-31
-27
-37
-36
-48
-44
-43
-57
-49
-43
-37
-43
-47
-58
-54
-56
-63
-52
-34
-45
-48
-35
-2
2
-5
13
24
14
12
33
44
46
39
33
39
45
57
68
66
76
80
74
64
53
49
42
53
52
62
67
59
57
64
52
40
52
46
35
39
49
41
29
29
31
25
14
5
-4
-13
-23
-31
-29
-30
-30
-31
-31
-53
-48
-40
-63
-67
-48
-58
-60
-53
-57
-68
-67
-58
-76
-91
-68
-55
-73
-91
-87
-69
-84
-100
-81
-70
-77
-67
-58
-47
-39
-38
-34
-31
-21
-11
-1
19
42
52
54
65
84
79
72
80
87
83
78
97
110
96
98
117
105
87
97
105
80
76
79
65
52
59
54
31
34
36
17
5
10
19
8
-7
-1
5
8
6
-4
-10
-4
-2
-7
-13
-7
-1
4
-13
-18
8
8
0
9
8
-11
-14
-10
-18
-44
-49
-45
-47
-42
-22
-29
-46
-31
-31
-36
-48
-50
-32
-24
-32
-32
-34
-41
-33
-31
-41
-46
-32
-23
-23
-22
-17
-18
-40
-39
-27
-36
-45
-57
-41
-34
-46
-38
-28
-20
-9
-13
-8
14
-2
-4
14
18
17
31
46
30
23
26
37
41
40
39
39
41
26
20
33
33
19
27
42
40
47
53
40
37
38
32
32
16
15
27
21
28
28
25
18
14
18
14
7
14
1
-14
-15
-13
-26
-25
-32
-42
-36
-35
-34
-27
-40
-50
-43
-69
-77
-69
-67
-73
-70
-66
-66
-57
-50
-49
-42
-38
-39
-25
-25
-23
-4
2
-16
-15
-1
-6
-3
-7
-4
2
9
8
16
29
38
34
32
47
42
45
50
63
53
56
59
52
36
30
34
39
39
26
35
28
6
7
15
8
4
3
-8
-2
-2
1
15
9
-2
-9
2
16
13
18
22
24
25
25
34
33
24
20
10
0
-13
-10
-1
-11
-8
-15
-9
-17
-26
-21
-21
-23
-23
-10
-7
-4
5
-3
2
7
-1
-5
-2
-11
-14
-9
-12
-19
-21
-16
-20
-32
-31
-21
-9
-14
-19
-22
-21
-15
-15
-10
-21
-12
-13
-24
-27
-18
-14
-12
-21
-26
-20
-30
-29
-28
-24
-14
-1
14
27
32
45
49
57
51
45
48
38
28
26
23
27
29
25
19
19
9
-1
2
1
11
12
