76
69
42
37
48
1
-25
-11
21
2
-19
-29
-22
29
43
53
91
133
137
95
107
132
94
66
63
40
72
105
88
22
17
28
5
-81
-69
-45
-61
-67
-14
25
45
61
33
70
83
95
100
81
20
-21
-19
-22
-71
-117
-53
-19
-71
-97
-27
-23
-75
-60
-73
-115
-75
-15
4
-61
18
62
3
-64
-34
3
-59
-99
-71
-78
-106
-79
-47
-78
-86
14
53
2
26
80
43
-23
22
51
27
19
56
16
-39
-16
-1
-47
-76
-48
-4
-28
-79
-26
-22
-49
-68
-13
-16
-66
-23
0
19
56
122
105
71
73
114
73
16
64
79
74
55
111
86
55
57
58
41
24
57
65
19
10
22
9
-41
2
63
66
91
133
86
35
36
52
22
-9
35
60
8
-50
-45
-96
-127
-128
-104
-113
-140
-124
-122
-104
-135
-63
-49
-87
-54
7
-27
-54
-62
-31
-29
-65
-38
-31
-8
-44
6
5
4
33
78
88
35
84
95
90
15
57
47
12
17
21
14
-34
-12
-40
-59
-56
-54
-7
6
-46
-26
-4
-16
-3
16
37
36
43
56
38
17
36
66
40
-3
10
23
-40
-71
-1
34
-7
-9
35
39
42
30
62
69
60
122
107
97
124
160
133
62
57
38
-4
-50
27
20
-7
-7
19
20
-25
-34
-33
-53
-101
-87
-62
-74
-94
-71
-93
-138
-149
-84
-87
-134
-100
-60
-91
-92
-37
-48
-119
-135
-91
-114
-147
-75
15
13
7
33
52
78
74
137
136
114
32
25
-12
-73
-53
-33
-46
-111
-11
57
66
52
104
100
69
94
105
108
94
132
100
83
108
128
125
34
24
34
-2
-69
-85
-70
-93
-123
-114
-88
-74
-77
11
59
47
76
79
17
15
51
15
-52
-70
-40
-54
-64
-2
44
-31
-10
28
23
-20
25
84
38
62
57
74
43
62
38
30
4
-27
15
-18
10
-3
47
27
39
49
56
42
14
50
15
19
-13
-4
-15
-62
-77
-42
-25
-80
-75
-84
-67
-63
-48
-57
-17
-11
-54
-46
-33
20
-21
-51
-5
14
-19
-57
-43
-27
-71
-107
-114
-101
-78
-57
-67
-37
22
24
6
-48
-41
-77
-104
-79
-49
33
14
22
-8
-29
-60
-56
-116
-132
-144
-140
-139
-155
-89
-46
19
-31
34
25
39
28
48
45
35
74
57
46
28
57
64
73
101
115
118
154
162
176
194
226
212
226
259
277
322
326
329
332
309
321
304
273
231
181
141
62
34
41
3
-14
-68
-81
-49
-71
-38
-9
-11
5
2
-13
-3
15
27
-23
-35
-67
-118
-176
-205
-221
-267
-311
-304
-331
-406
-408
-365
-347
-382
-319
-334
-356
-360
-315
-340
-343
-316
-354
-378
-391
-294
-297
-284
-247
-155
-120
-117
7
74
106
68
110
101
14
-134
-301
-573
-873
-1015
-1061
-1043
-1022
-762
-481
-226
-19
300
705
1088
1309
1521
1736
1934
2123
2166
2243
2254
2316
2174
1907
1621
1351
1044
576
177
-64
-222
-430
-623
-626
-520
-353
-193
64
382
724
851
843
836
794
676
420
137
-79
-216
-449
-757
-916
-952
-1183
-1364
-1559
-1689
-1746
-1825
-1937
-1962
-1839
-1790
-1700
-1532
-1263
-1084
-966
-871
-830
-790
-757
-738
-699
-688
-744
-832
-902
-946
-950
-870
-677
-429
-293
-182
-193
-390
-707
-1313
-2091
-2544
-2176
-1594
-1346
-1026
-241
709
1227
1603
2202
3171
3842
4019
3796
3561
3858
4176
4017
3677
3702
3897
3503
2635
2093
1774
1078
129
-879
-1950
-2654
-2768
-2472
-2546
-2031
-878
228
582
1135
2259
2891
2902
2762
2628
1968
1665
1534
792
-93
-106
180
-605
-1419
-1371
-1151
-2032
-3055
-3215
-3229
-3527
-3718
-3449
-3041
-2610
-1903
-1314
-1015
-352
412
496
-28
-64
202
-188
-1120
-1310
-973
-1117
-1530
-1321
-694
-486
-376
-60
118
3
88
50
-227
-474
-100
83
-50
90
542
666
403
187
164
-715
-2317
-3126
-2973
-2634
-2755
-2497
-1755
-713
-107
268
882
2077
3323
3807
3496
3352
3984
4496
4342
4010
4227
4391
3901
3213
2723
2286
1472
504
-406
-1337
-2103
-2428
-2367
-2244
-2202
-2137
-1899
-1569
-1116
-532
318
1138
1778
2087
2188
2316
2546
2625
2151
1579
1453
1423
686
-106
-151
-225
-962
-1916
-2242
-2228
-2386
-2630
-2780
-2707
-2515
-2198
-2012
-1743
-996
-295
-143
-138
341
802
565
42
-176
-151
-474
-1104
-1374
-1415
-1516
-1711
-1873
-1952
-1808
-1627
-1635
-1817
-1694
-1181
-938
-870
-543
89
404
459
744
1142
1224
938
928
941
744
-419
-1834
-2828
-2731
-2318
-2601
-2688
-2072
-1041
-675
-625
-124
1072
2213
2869
3009
3261
4125
5111
5445
5265
5489
5828
5642
4807
4049
3486
2543
1232
41
-955
-1974
-2715
-3032
-3086
-3342
-3251
-2973
-2794
-2537
-1795
-725
49
1043
1674
1857
2008
2697
2836
2178
1808
1984
1741
592
-3
21
-269
-1028
-1754
-2307
-2582
-2605
-2817
-3247
-3464
-3086
-2760
-2812
-2378
-1287
-537
-436
-270
312
664
364
-36
-121
-308
-822
-1390
-1631
-1595
-1350
-1204
-1126
-1003
-543
-227
-501
-589
-212
103
-92
-287
-40
209
236
445
777
940
1035
1191
1180
1030
155
-1267
-2546
-2692
-2124
-2206
-2396
-1799
-567
-42
33
610
1896
2952
3393
3280
3146
3584
4358
4741
4510
4465
4801
4776
4049
3435
3161
2396
1083
-176
-1085
-2051
-2879
-3156
-3300
-3669
-3845
-3362
-2614
-2096
-1776
-1100
-408
238
550
685
1242
2204
2712
2283
1996
2248
2377
1550
402
-6
-102
-732
-2022
-2920
-3104
-3121
-3685
-4351
-4175
-3486
-3268
-3318
-2784
-1500
-454
-189
77
914
1935
2010
1543
1503
1877
1813
946
229
153
145
-316
-1042
-1249
-966
-1002
-1539
-1875
-1649
-1352
-1262
-1107
-673
-148
131
510
1160
1787
2002
2177
2301
2547
2416
2156
901
-908
-2402
-2861
-2776
-3369
-3505
-3015
-2142
-1924
-1756
-1241
-92
1210
2039
2037
1812
2641
3960
4462
4186
4605
5381
5442
4692
4071
3794
2938
1700
394
-844
-2118
-2911
-3270
-3637
-3965
-3882
-3404
-3014
-2749
-2217
-1095
105
971
1220
1717
2504
3090
3166
2800
2725
2822
2568
1617
633
417
587
-252
-1900
-2507
-2118
-2501
-3742
-4055
-3272
-2779
-2949
-2736
-1604
-446
210
564
1121
1908
2241
1715
925
687
663
18
-1238
-1850
-1633
-1716
-2451
-2619
-1904
-1302
-1563
-1986
-1780
-1292
-987
-980
-798
-539
-156
200
319
787
1528
2004
1821
1576
1514
1236
592
-488
-1915
-3375
-4137
-3729
-3629
-3519
-2833
-1251
-264
-28
445
1534
2781
3414
3408
3051
3375
4245
4673
4253
4268
5152
5626
4980
4044
3652
3234
2068
607
-470
-1507
-2493
-3027
-3193
-3394
-3471
-3091
-2486
-2108
-1804
-1207
-293
299
360
279
916
1799
2267
2053
1848
2011
2291
2021
1261
1103
1521
1165
-659
-2026
-1921
-1930
-3174
-4501
-4274
-3710
-3938
-4186
-3505
-2196
-1182
-787
-368
534
1513
1834
1489
1455
1805
1489
311
-376
-148
-177
-1060
-1791
-1627
-1415
-1987
-2865
-2835
-2399
-2316
-2459
-2291
-1470
-543
166
678
1639
2662
3496
3537
3732
4030
3952
3016
2245
1189
-775
-3048
-3963
-3538
-3930
-4385
-3891
-2421
-1763
-1797
-1482
-151
1440
2323
2382
2345
3554
4975
5352
5135
5890
7027
6821
5304
4361
4175
3094
1162
-532
-1738
-3083
-4258
-4629
-4369
-4409
-4371
-3805
-2997
-2429
-1806
-1085
-359
49
-95
-238
265
1437
2102
1697
1352
2083
2672
2189
1456
1645
1811
479
-1339
-2179
-2046
-2449
-3574
-4251
-3814
-3013
-2773
-2526
-1689
-223
564
345
220
892
1617
1341
495
71
105
-99
-758
-1003
-637
-441
-779
-1235
-1125
-920
-969
-1462
-1668
-1593
-1541
-1629
-1415
-539
374
836
1055
1750
2591
3202
3143
2984
2681
2368
1631
992
147
-1584
-3363
-4561
-4185
-4112
-4018
-3421
-1997
-1194
-1320
-1205
-121
1553
2723
3002
2876
3595
4839
5502
5510
6084
7059
7002
5716
4656
4083
2980
1349
-270
-1757
-3513
-4909
-5412
-5339
-5455
-5383
-4922
-4130
-3513
-2742
-1834
-896
-100
135
305
858
2067
2945
2843
2704
3421
3936
3426
2675
2685
2644
1314
-572
-1832
-2092
-2690
-3809
-4511
-4177
-3418
-3303
-3160
-2450
-1170
-461
-245
5
723
1538
1603
1085
813
1015
905
355
42
179
40
-656
-1234
-1253
-1250
-1662
-2282
-2638
-2575
-2595
-2396
-1923
-1039
-213
370
885
1666
2576
2941
2957
2646
2553
2272
1669
1038
752
64
-1931
-3758
-4571
-3848
-3722
-3711
-3095
-1949
-1262
-1249
-925
77
1452
2653
3220
3266
3834
5046
5891
5820
5900
6471
6409
5429
4289
3616
2585
1015
-604
-2029
-3519
-4393
-4531
-4294
-4100
-3792
-3155
-2466
-1831
-1194
-735
-683
-472
-288
-296
-341
528
1611
1758
1542
2283
3363
3325
2488
2210
2026
695
-880
-1852
-2373
-2979
-3535
-4024
-4222
-3377
-2341
-1925
-1934
-970
210
238
-421
-56
839
705
-167
-416
5
233
23
41
116
169
103
-135
-532
-753
-901
-1516
-2355
-2534
-2044
-1833
-1725
-899
295
892
1098
1894
2897
3155
2745
2448
2359
2321
1877
1342
862
869
714
-1232
-3199
-3892
-2968
-3142
-4081
-3690
-2407
-1764
-2031
-1567
-185
1381
2553
3375
3613
3936
5013
5671
5270
5061
5600
5538
4237
2939
2526
1636
37
-1224
-2149
-3534
-4636
-4554
-3970
-4077
-4349
-3791
-3117
-2720
-2512
-1987
-1168
-295
242
56
336
1688
3201
3325
2889
3432
4019
3330
1934
1468
1472
668
-872
-2138
-2644
-2772
-2884
-2917
-2590
-1735
-1121
-1085
-863
129
1105
830
252
428
754
319
-279
-63
518
465
-149
-369
-226
-172
-471
-1133
-1621
-1910
-2195
-2638
-2728
-2171
-1505
-1278
-988
-64
1155
1850
2264
2754
2955
2667
2233
2032
2027
1707
1387
957
753
441
361
-156
-1708
-3078
-3953
-3654
-4028
-4286
-3959
-3073
-2385
-2141
-1698
-591
1039
2501
2856
2468
2777
3889
4466
4006
4038
4721
4833
3974
3332
3280
2756
1646
402
-679
-1680
-2339
-2592
-2811
-3268
-3513
-3364
-3120
-2633
-1900
-1025
-689
-307
58
303
840
1776
2822
2721
2276
2499
2935
2500
1595
1379
1361
480
-869
-1626
-1633
-1763
-2201
-2568
-2383
-1754
-1401
-1374
-1150
-391
-73
-325
-323
568
1125
656
-149
59
403
-38
-802
-921
-870
-1521
-2519
-3034
-2720
-2408
-2381
-2407
-2278
-1939
-1450
-821
-96
706
1092
1064
1205
1937
2644
2708
2534
2636
2604
2178
1825
1925
1901
1528
848
421
-1234
-3176
-4640
-4608
-4255
-4733
-4600
-3689
-2094
-1370
-1120
-403
1119
2558
3218
3000
3079
4058
4874
4600
4350
5090
5790
5261
3947
3449
3240
2322
765
-593
-1644
-2609
-3399
-3910
-4132
-4013
-3730
-3520
-3345
-2717
-1756
-912
-462
-100
-42
124
554
1381
1979
2106
2393
2745
2726
1982
1700
2125
2113
852
-813
-1354
-1214
-1598
-2052
-1715
-1067
-1124
-1657
-1470
-387
465
388
-121
-394
-434
-829
-1400
-1417
-942
-901
-1777
-2523
-2059
-1327
-1116
-1466
-1287
-836
-874
-1378
-1545
-938
-483
-442
-395
263
1524
2484
3100
3653
4209
4164
3504
2976
2880
2717
1813
603
-60
-548
-1031
-1505
-1311
-2270
-3967
-5612
-5404
-4689
-4902
-4812
-4176
-3040
-2766
-2805
-2088
-181
1806
2858
2570
2636
4167
5415
5040
4596
5464
6075
4873
3163
3171
3408
2287
563
-440
-1140
-2054
-2670
-2917
-3057
-3283
-3217
-3111
-2958
-2180
-1343
-739
-386
186
416
387
1213
2464
2780
1924
2031
2899
3050
2235
2095
2875
2620
1285
57
-71
198
12
-622
-1236
-1439
-1530
-1845
-2077
-1495
-793
-1057
-1804
-1820
-1339
-1203
-1469
-1351
-951
-1043
-1466
-1713
-1329
-966
-778
-712
-715
-475
-154
72
79
400
1061
1523
1699
1930
2228
2336
2217
2083
1724
971
291
-193
-390
-866
-1274
-1282
-1081
-958
-1124
-1254
-1372
-1334
-2596
-4221
-5528
-4990
-4677
-5022
-4833
-3504
-1914
-1464
-1269
-101
1839
3046
3414
3090
3311
4246
4667
4224
4184
5109
5804
5330
4478
4536
4501
3666
2156
940
-257
-1423
-2244
-2777
-3290
-3568
-3332
-3083
-2852
-2243
-1368
-522
-206
-53
-132
8
431
905
1215
1563
2242
2888
3081
3141
3831
4360
3646
2165
1032
622
-132
-1283
-2222
-2530
-2528
-2907
-3060
-2656
-1693
-1329
-1734
-2127
-1799
-1310
-1522
-1966
-1978
-1875
-2325
-2685
-2263
-1215
-549
-237
-72
326
750
1021
1242
1345
1408
957
480
389
776
1108
1012
788
560
243
-113
-168
0
-6
-469
-1070
-1329
-1442
-1181
-929
-652
-805
-910
-1825
-3306
-4405
-4330
-3590
-4029
-4145
-3374
-2014
-1510
-1039
115
1479
2374
2867
3193
3472
4137
5038
5105
4725
5258
6190
6315
5375
5048
4933
3886
2205
995
271
-752
-1819
-2581
-3116
-3468
-3331
-2946
-2811
-2620
-2018
-1348
-1298
-1046
-720
-287
97
969
2079
2625
3174
3946
4415
3935
3478
3238
2355
794
-511
-1249
-2126
-3087
-3450
-3452
-3589
-3383
-2922
-2563
-2382
-1901
-1476
-1684
-1869
-1718
-1706
-2192
-2451
-2029
-1460
-1162
-781
-156
234
435
749
937
884
791
550
-127
-800
-921
-793
-862
-799
-333
74
44
69
658
1016
1036
929
985
949
556
315
260
503
485
192
-410
-926
-1085
-2365
-3727
-4592
-4061
-4022
-4513
-3988
-2442
-1024
-591
-44
1088
2258
3167
3762
3891
4135
4903
5364
5031
5052
6215
7091
6531
5306
4812
4240
2830
1351
202
-979
-2372
-3466
-4189
-4595
-4416
-3708
-3516
-3618
-3349
-2316
-1458
-1059
-517
-415
-324
-132
641
1281
1851
2587
3105
2872
1952
1647
1725
1355
323
-704
-1407
-1986
-2338
-2341
-2065
-1680
-1327
-1481
-1862
-1687
-1221
-1099
-1425
-1633
-1664
-1965
-2176
-1524
-662
-232
-267
-117
341
701
914
945
890
393
-203
-887
-1123
-804
-223
30
-12
304
890
1252
1401
1713
1934
1601
1130
952
861
703
443
420
147
-267
-391
-267
-184
-392
-668
-2179
-3810
-5172
-4936
-4709
-4873
-4439
-3400
-2104
-1328
-299
956
2331
3432
4041
3928
4074
5138
6064
5894
5480
5756
5887
4978
3716
3161
2540
1244
-396
-1744
-2902
-3725
-4099
-4419
-4794
-4769
-4342
-4210
-4015
-3107
-1779
-1288
-1201
-658
-146
37
500
1830
2810
2985
3141
3344
3412
3295
3395
3339
2577
1819
1108
280
-512
-750
-857
-1394
-1706
-1588
-1743
-2064
-1814
-1022
-965
-1516
-1361
-692
-505
-1037
-1256
-837
-685
-861
-964
-682
-137
171
96
15
502
1149
1048
770
1030
1389
1090
568
714
1236
1082
468
301
625
607
480
436
479
366
-228
-762
-998
-1107
-1478
-2077
-2308
-2360
-2534
-3774
-4795
-5083
-4672
-4398
-4696
-3742
-2331
-1089
-466
264
1359
2380
3295
3984
4046
3956
4479
5054
4683
4197
4544
4880
4317
3214
2725
2372
1458
232
-746
-1795
-2636
-3015
-3248
-3622
-3757
-3245
-2872
-2777
-2102
-926
133
459
366
349
496
1124
1682
2251
2576
3057
3365
3306
3367
3805
4125
3399
2284
1305
833
179
-629
-1114
-1426
-1617
-1692
-1868
-1889
-1447
-922
-1048
-1747
-2060
-2002
-2302
-2947
-3204
-2911
-2671
-2421
-1817
-858
19
550
997
1162
1238
1220
950
602
79
-229
-409
-393
-5
362
563
560
758
949
776
447
255
-52
-936
-1782
-2120
-2137
-2206
-2342
-2118
-1835
-1654
-1751
-1522
-1721
-2563
-3723
-4220
-3597
-3192
-2703
-1830
-312
797
1327
1778
2714
3797
4422
4154
3529
3564
4033
3996
3481
3618
4356
4198
3040
2448
2602
2404
1251
83
-817
-1734
-2396
-2535
-2499
-2620
-2423
-1980
-1574
-1082
-221
836
1392
1679
1791
1823
2000
2461
2813
2648
2452
2765
3216
3271
3100
3106
2859
1982
979
280
-208
-952
-1728
-2424
-2763
-2998
-3276
-3423
-3166
-2910
-3050
-3471
-3620
-3169
-2769
-2785
-3020
-2901
-2528
-2043
-1550
-881
-315
102
585
752
897
1078
1429
1377
988
830
862
773
517
422
502
276
-239
-535
-593
-634
-999
-1372
-1747
-1838
-2039
-2030
-1924
-1581
-1479
-1542
-1540
-960
-225
226
24
-696
-1355
-1588
-1118
-1020
-592
-195
417
633
577
784
1358
2328
2851
2730
2446
2845
3488
3353
2869
3121
3974
3866
2911
2715
3431
3510
2468
1331
932
671
-61
-770
-1290
-1352
-1452
-1839
-2174
-1959
-1336
-855
-678
-223
521
918
1066
1590
2172
2264
2301
2768
3329
3124
2384
1869
1516
705
-244
-871
-1106
-1685
-2806
-3644
-3846
-3687
-3800
-4057
-3817
-3419
-3519
-3879
-3729
-2913
-2460
-2739
-2810
-1964
-861
-222
98
925
2065
2647
2515
2465
2708
2855
2258
1277
616
227
-219
-829
-1170
-1092
-1174
-1620
-1891
-1578
-1174
-1219
-1468
-1464
-1513
-1696
-1766
-1356
-732
-194
112
541
1326
1882
2243
2416
2681
1920
277
-1415
-1658
-1497
-2108
-2504
-2082
-954
-702
-897
-381
920
2004
2370
2060
2024
2463
2930
2736
2617
3462
4387
4443
3957
4047
4115
3548
2565
1811
1085
-170
-1277
-2108
-2670
-3053
-3264
-3103
-2808
-2283
-1656
-1072
-350
462
927
1067
1067
1423
1655
1575
1719
1875
1849
1277
862
754
652
274
-375
-1152
-2058
-2990
-3619
-3793
-3642
-3373
-3394
-3301
-2990
-2443
-1872
-1448
-935
-556
-356
-339
-51
553
970
1270
1394
1489
1749
1950
2013
1774
1603
1270
592
-182
-641
-819
-1166
-1536
-1903
-1867
-1781
-1661
-1309
-875
-594
-666
-681
-469
-199
57
410
727
955
1071
1249
1609
1929
1889
1467
999
638
-489
-2190
-3405
-3309
-3007
-3287
-3238
-2369
-1291
-862
-713
-136
740
1332
1519
1281
1165
1764
2587
2858
2986
3810
4716
4801
4561
4717
4984
4416
3085
1769
573
-584
-1613
-2378
-2862
-2949
-2778
-2531
-2302
-1595
-556
187
376
325
395
584
644
480
148
-128
-25
193
234
231
467
669
430
-171
-708
-873
-1029
-1485
-2016
-2323
-2178
-2002
-1764
-1462
-994
-674
-519
-288
-87
-15
-176
-301
-232
-284
-419
-309
114
648
930
1016
972
1069
1022
814
366
-275
-675
-1074
-1322
-1533
-1541
-1264
-905
-713
-407
54
499
532
365
286
368
303
42
105
136
177
-223
-317
9
310
317
242
308
307
-609
-1857
-2623
-2427
-2563
-3179
-3126
-2412
-1647
-1616
-1338
-533
411
1160
1653
2052
2642
3533
4023
3992
4293
5048
5317
4801
4283
4248
3822
2507
1183
309
-453
-1371
-2352
-2828
-2877
-2683
-2594
-2671
-2493
-1983
-1317
-793
-463
-233
-16
-5
71
170
364
906
1441
1487
1085
849
976
1161
1031
669
271
-12
-485
-981
-1112
-793
-452
-713
-1014
-1056
-811
-800
-878
-901
-891
-959
-1239
-1443
-1249
-649
-193
-17
-5
227
724
899
823
671
515
348
6
-560
-774
-680
-491
-624
-860
-871
-670
-571
-586
-611
-611
-618
-630
-397
-235
-226
-119
67
205
-2
-129
-30
188
228
64
-112
-196
-341
-1194
-2313
-3161
-3271
-3229
-3514
-3438
-2775
-1876
-1301
-797
134
1403
2400
3037
3506
3932
4627
5081
5050
4875
4869
4842
4223
3393
3070
2702
1767
465
-519
-1207
-1824
-2212
-2371
-2469
-2434
-2089
-1911
-1682
-1161
-445
35
235
394
593
753
887
826
564
434
470
423
207
376
815
1171
1090
714
597
666
647
401
0
-371
-576
-976
-1390
-1501
-1248
-1094
-1312
-1542
-1417
-1066
-759
-628
-558
-623
-660
-632
-648
-492
-224
59
61
-33
67
127
228
184
99
-145
-623
-880
-916
-900
-1017
-1131
-1189
-1196
-1120
-1007
-864
-660
-433
-244
-276
-225
-89
84
81
-207
-517
-798
-830
-516
-326
-515
-937
-1423
-2039
-2625
-2511
-1881
-1387
-1217
-753
-164
499
1011
1730
2613
3175
3327
3189
3207
3549
3775
3439
3143
3268
3467
3136
2771
2795
2741
1974
840
263
-22
-450
-777
-1065
-1281
-1450
-1423
-1464
-1536
-1322
-987
-804
-780
-887
-805
-681
-593
-463
-137
291
835
1270
1362
1520
1776
1981
1878
1439
926
531
171
-326
-773
-761
-534
-634
-957
-1010
-779
-679
-696
-862
-1120
-1446
-1692
-1814
-1857
-1765
-1460
-1153
-788
-371
116
620
997
1139
863
265
-352
-802
-1331
-1803
-1880
-1755
-1650
-1789
-1720
-1271
-779
-445
-428
-593
-637
-716
-870
-1066
-1093
-1028
-1102
-1328
-1255
-711
-253
-59
70
487
767
977
790
395
-506
-994
-1076
-1116
-1076
-786
49
667
1016
1207
1658
2257
2674
2841
2612
2477
2908
3213
2963
2842
3297
3948
3758
3231
3077
2994
2448
1410
604
79
-414
-1059
-1621
-1889
-1879
-1693
-1531
-1326
-871
-422
-245
-176
-348
-478
-682
-747
-795
-720
-473
-283
-143
-11
506
982
1378
1426
1242
1002
938
847
341
91
3
-248
-937
-1429
-1434
-1545
-1861
-2224
-2281
-2412
-2700
-2865
-2553
-2141
-1786
-1320
-751
-247
26
330
523
686
690
403
-10
-334
-676
-951
-960
-751
-669
-838
-884
-701
-588
-623
-692
-746
-884
-1084
-1342
-1302
-1022
-771
-627
-666
-447
78
665
1023
1393
1730
1886
1770
1621
1704
1402
665
-242
-660
-622
-642
-562
-274
236
471
423
487
926
1508
1871
1816
1597
1787
2221
2550
2553
2745
3155
3288
2953
2661
2784
2747
2440
1963
1434
914
439
35
-562
-1107
-1478
-1800
-2267
-2661
-2672
-2714
-2748
-3008
-2944
-2621
-2216
-1846
-1257
-644
-313
133
820
1686
2195
2651
2686
2525
2197
1999
1848
1523
1145
446
-314
-1079
-1677
-2189
-2704
-3133
-3480
-3743
-3934
-3654
-3075
-2416
-1812
-1169
-580
-204
264
754
1136
1249
1244
1190
1013
790
726
551
153
-244
-611
-1054
-1481
-1752
-1835
-2018
-2251
-2362
-2208
-1794
-1204
-486
5
495
1010
1580
1970
2224
2491
2384
2086
1677
1389
1328
1195
1083
747
339
-205
-850
-1636
-1960
-1815
-1736
-1915
-2002
-1451
-700
-173
263
928
1671
2112
2299
2519
3016
3535
3588
3209
3186
3567
3853
3732
3439
3337
2991
2271
1376
576
-130
-986
-2039
-2975
-3640
-3835
-3826
-3902
-3822
-3408
-2819
-2390
-2076
-1535
-923
-478
-301
-44
373
815
1249
1537
1751
1905
2229
2408
2422
2350
2221
1846
1036
253
-252
-794
-1448
-2034
-2633
-3169
-3451
-3311
-2835
-2181
-1587
-1160
-857
-513
-46
404
753
878
792
552
379
328
296
161
4
-160
-434
-772
-859
-785
-791
-950
-1106
-1015
-862
-650
-354
132
580
883
1154
1298
1418
1410
1140
698
199
-393
-968
-1389
-1542
-1517
-1524
-1318
-934
-636
-368
64
301
-50
-719
-957
-634
-652
-814
-665
-67
411
643
901
1411
2029
2539
2761
2656
2874
3207
3046
2537
2441
2933
3082
2616
2280
2286
1884
915
-28
-659
-1246
-2074
-2852
-3426
-3602
-3437
-3279
-3239
-2869
-2006
-1281
-1009
-610
150
605
566
681
1248
1738
1953
2234
2855
3374
3479
3508
3417
3354
2997
2222
1146
49
-841
-1786
-2788
-3499
-3836
-4030
-4091
-3732
-3027
-2402
-1847
-1269
-763
-413
-237
0
108
239
399
429
313
280
465
669
719
709
722
614
235
-245
-649
-927
-1065
-1217
-1409
-1516
-1328
-983
-819
-740
-549
-336
-352
-551
-819
-967
-1062
-1098
-1157
-1173
-918
-582
-269
-56
317
792
1024
1224
1453
1437
1042
313
9
158
263
176
308
781
1159
1383
1377
1596
1815
2011
1895
1501
1438
1571
1662
1435
1366
1669
1808
1520
1008
894
879
353
-414
-1072
-1561
-1806
-2071
-2161
-2049
-1741
-1496
-1314
-928
-241
484
677
728
863
1035
1193
1293
1696
1865
1931
1813
1655
1487
1462
1445
1139
776
462
135
-526
-941
-1224
-1616
-2124
-2392
-2289
-2243
-2134
-1942
-1747
-1641
-1423
-1030
-698
-459
-99
262
369
376
538
722
650
431
263
15
-320
-489
-599
-764
-985
-1171
-1295
-1406
-1496
-1490
-1445
-1452
-1421
-1456
-1479
-1395
-1263
-1185
-1182
-1168
-924
-757
-652
-498
-281
-53
210
590
801
1032
1395
1769
2042
2323
2630
2883
2654
2062
1192
544
63
-460
-901
-1157
-1298
-1384
-1331
-1298
-804
-116
471
824
1125
1650
2108
2462
2740
3061
3187
3058
2799
2735
2712
2565
2119
1494
841
240
-315
-760
-1076
-1318
-1693
-2078
-2309
-2139
-1772
-1420
-1026
-782
-441
-143
247
634
995
1333
1583
1656
1712
2056
2317
2259
1866
1517
997
248
-579
-1352
-1972
-2657
-3215
-3664
-3752
-3511
-3108
-2712
-2314
-1813
-1177
-666
-332
-59
77
-32
-180
-105
-113
-242
-358
-351
-249
-178
-229
-338
-511
-792
-1223
-1620
-1802
-1682
-1633
-1785
-1831
-1560
-1050
-683
-331
87
506
415
300
356
493
615
609
644
620
649
715
991
1369
1792
1988
1978
1902
1943
1898
1563
919
115
-745
-1360
-1532
-1323
-1015
-715
-176
284
598
879
1455
2043
2305
2248
2111
2211
2368
2450
2375
2455
2612
2501
2084
1679
1614
1400
619
-387
-1055
-1425
-1841
-2089
-2095
-1810
-1602
-1441
-1211
-792
-178
293
279
128
174
249
193
240
560
793
784
820
879
884
788
501
30
-470
-886
-1311
-1820
-2217
-2332
-2258
-2216
-2108
-1716
-1325
-1045
-863
-623
-354
-179
-326
-358
-473
-604
-722
-847
-735
-609
-518
-645
-697
-526
-371
-480
-612
-568
-589
-838
-1040
-962
-899
-921
-883
-726
-653
-674
-539
-377
-307
-343
-415
-448
-446
-376
-274
-137
201
632
928
1218
1654
2100
2381
2563
2804
2826
2789
2721
2685
2205
1458
689
94
-263
-648
-714
-757
-604
-606
-469
-369
-176
183
520
622
482
621
990
1357
1414
1542
1838
2055
2060
1853
1860
1728
1348
652
-26
-414
-683
-1028
-1545
-1878
-1937
-1757
-1671
-1482
-1053
-634
-477
-451
-284
-56
220
387
666
660
589
549
749
753
675
669
550
482
267
115
-195
-359
-539
-837
-1341
-1662
-1540
-1581
-1663
-1772
-1544
-1320
-1197
-1072
-887
-684
-667
-705
-797
-626
-564
-594
-563
-410
-147
-200
-378
-459
-406
-547
-844
-962
-1019
-1145
-1456
-1620
-1490
-1392
-1343
-1262
-1147
-960
-818
-557
-138
260
455
539
682
1027
1366
1667
1942
2293
2462
2428
2530
2696
2713
2449
2178
1920
1566
963
477
-84
-423
-783
-1046
-1173
-1149
-867
-751
-666
-659
-418
-184
78
365
658
925
1072
1440
1827
2205
2536
2863
2983
2838
2636
2298
1954
1239
505
-159
-805
-1342
-1839
-2087
-2186
-2076
-1948
-1763
-1367
-1036
-805
-673
-461
-201
-83
62
92
259
424
528
738
1022
1280
1246
1230
1151
1037
712
427
139
-294
-746
-1137
-1355
-1616
-1767
-1895
-1939
-1981
-1978
-1937
-1756
-1497
-1293
-1181
-1139
-1042
-879
-807
-667
-473
-367
-497
-657
-721
-744
-817
-953
-1175
-1558
-1817
-1920
-1948
-1908
-1662
-1390
-1240
-1139
-861
-337
79
491
837
1189
1418
1592
1872
2232
2458
2679
2741
2715
2706
2813
2969
2867
2681
2313
1900
1360
914
413
-172
-907
-1436
-1873
-2114
-2130
-1980
-1618
-1338
-1047
-760
-281
309
870
1226
1548
1904
2150
2376
2830
3391
3745
3694
3523
3249
2693
1884
1134
342
-615
-1531
-2185
-2659
-2999
-3046
-2983
-2659
-2320
-1822
-1288
-815
-448
-109
2
-9
101
319
504
555
894
1308
1756
2027
2400
2612
2422
2073
1609
939
88
-681
-1416
-2222
-2909
-3158
-3297
-3430
-3279
-3024
-2717
-2449
-2054
-1743
-1588
-1333
-1123
-988
-1075
-1080
-962
-857
-804
-633
-493
-433
-414
-467
-617
-909
-1089
-1323
-1528
-1637
-1514
-1262
-957
-553
-74
457
902
1330
1780
2054
2166
2174
2131
2020
1940
1880
1800
1797
1816
1795
1818
1844
1892
1908
1843
1604
1230
804
348
-60
-560
-1098
-1414
-1601
-1682
-1622
-1275
-776
-365
-83
415
1048
1437
1657
1851
2038
2125
2189
2393
2556
2730
2802
2496
1970
1391
939
384
-373
-1118
-1729
-2378
-2908
-3056
-2913
-2738
-2587
-2300
-1837
-1297
-813
-287
102
318
452
561
677
921
1376
1721
1878
2106
2402
2428
2250
2019
1662
890
16
-748
-1495
-2085
-2442
-2752
-3140
-3303
-3125
-2874
-2579
-2241
-1909
-1614
-1560
-1518
-1410
-1254
-1165
-1237
-1350
-1323
-1082
-736
-435
-178
-16
123
81
-100
-303
-426
-610
-901
-1058
-1106
-878
-608
-262
55
426
874
1077
1151
1162
1247
1112
909
645
676
802
909
966
1101
1334
1651
1919
2047
2218
2203
2023
1661
1303
1018
753
478
251
48
-79
-40
6
78
154
211
193
113
128
370
559
582
704
949
1223
1363
1551
1686
1723
1525
1253
937
521
176
-223
-701
-1057
-1358
-1557
-1600
-1461
-1157
-964
-714
-479
-242
-57
34
156
276
496
751
1003
1237
1428
1611
1723
1717
1617
1317
931
433
-212
-889
-1626
-2191
-2659
-3047
-3274
-3355
-3258
-3156
-2972
-2819
-2687
-2504
-2245
-2070
-1914
-1738
-1555
-1382
-1287
-1029
-669
-326
-38
165
265
312
351
336
204
7
-219
-528
-846
-1032
-1049
-877
-605
-395
-208
-61
208
550
771
845
830
907
1017
1011
1158
1469
1830
2028
2112
2296
2550
2858
3009
3125
3003
2817
2571
2328
1982
1660
1253
719
339
-43
-265
-443
-600
-731
-943
-1020
-940
-747
-522
-273
-86
103
294
495
795
1008
1141
1223
1207
1106
988
828
620
294
-67
-495
-911
-1110
-1210
-1260
-1149
-935
-711
-499
-245
-29
193
288
296
388
397
391
351
304
178
62
28
7
-6
-174
-356
-645
-1037
-1439
-1745
-1936
-2128
-2366
-2600
-2706
-2560
-2245
-2001
-1714
-1443
-1149
-920
-719
-555
-388
-282
-355
-434
-458
-410
-321
-192
-54
-16
-56
-109
-118
-243
-385
-568
-842
-1114
-1262
-1224
-1072
-830
-530
-265
100
456
844
1207
1487
1631
1629
1557
1598
1657
1660
1729
1715
1730
1762
1802
1873
1888
1846
1733
1626
1413
1157
912
652
354
96
-55
-108
-132
-200
-201
-139
-36
52
210
335
530
732
878
973
1078
1246
1358
1470
1483
1446
1296
1045
722
418
119
-161
-451
-664
-795
-909
-909
-849
-788
-732
-747
-759
-717
-796
-835
-913
-884
-861
-822
-770
-732
-632
-543
-407
-345
-256
-187
-253
-493
-646
-818
-981
-1037
-1089
-1151
-1242
-1242
-1076
-919
-798
-717
-709
-831
-934
-954
-897
-884
-864
-827
-874
-949
-957
-833
-696
-651
-617
-595
-646
-680
-702
-792
-808
-763
-666
-525
-248
51
380
654
819
995
1064
1183
1264
1386
1382
1301
1231
1143
1081
1050
1091
985
885
799
852
924
1018
1088
1077
1140
1217
1320
1406
1542
1645
1583
1395
1300
1286
1187
1083
1001
855
643
444
291
160
155
199
167
164
233
276
288
261
241
142
-30
-142
-208
-217
-248
-263
-251
-322
-393
-482
-497
-556
-701
-894
-1076
-1234
-1280
-1260
-1241
-1219
-1136
-1015
-875
-554
-235
11
122
143
141
112
32
-58
-195
-397
-575
-749
-780
-762
-697
-604
-618
-660
-638
-695
-724
-744
-886
-999
-1235
-1454
-1431
-1319
-1229
-1186
-1075
-942
-818
-682
-510
-402
-393
-452
-620
-717
-698
-614
-609
-594
-495
-415
-308
-148
95
300
450
599
680
632
684
874
999
982
973
997
1010
1012
1107
1231
1276
1344
1402
1516
1682
1816
1961
2126
2292
2408
2478
2494
2452
2297
2081
1897
1745
1573
1264
970
706
468
307
214
35
-118
-216
-340
-446
-577
-579
-518
-473
-490
-473
-415
-392
-413
-405
-463
-576
-696
-896
-1038
-1159
-1253
-1320
-1369
-1367
-1322
-1238
-1173
-1021
-901
-822
-773
-720
-609
-584
-631
-678
-694
-694
-698
-679
-635
-622
-647
-644
-544
-449
-391
-366
-431
-533
-641
-732
-818
-914
-945
-1039
-1102
-1086
-985
-868
-790
-713
-611
-545
-483
-361
-207
-126
-197
-228
-213
-55
56
207
284
262
302
420
532
616
696
727
736
691
681
713
917
1020
972
947
979
1084
1213
1343
1379
1424
1356
1273
1207
1241
1349
1385
1407
1418
1476
1628
1648
1702
1719
1594
1371
1137
990
834
720
599
417
162
-2
-149
-254
-352
-392
-523
-725
-831
-833
-777
-746
-741
-705
-687
-705
-665
-634
-609
-672
-821
-965
-1017
-1036
-1085
-1108
-1053
-932
-764
-592
-400
-179
-34
-13
13
39
-11
-131
-219
-366
-530
-587
-668
-687
-648
-629
-648
-704
-694
-619
-564
-512
-544
-619
-702
-762
-768
-772
-768
-798
-825
-795
-765
-714
-577
-554
-544
-466
-339
-211
-124
-17
92
134
74
34
48
67
94
156
126
188
252
366
445
584
793
966
1083
1179
1298
1370
1440
1474
1512
1442
1337
1215
1043
913
798
704
606
550
571
555
465
475
540
540
584
680
773
887
920
888
907
926
886
834
792
708
585
487
421
296
244
116
-59
-248
-436
-615
-814
-916
-1003
-1153
-1236
-1249
-1215
-1139
-1093
-972
-880
-798
-692
-591
-528
-473
-387
-272
-156
-59
55
84
106
89
-21
-173
-306
-414
-629
-843
-943
-1047
-1140
-1247
-1337
-1377
-1327
-1272
-1151
-982
-786
-630
-475
-368
-264
-164
-62
21
35
43
-59
-105
-112
-42
27
41
35
133
247
346
461
495
412
305
218
89
137
261
311
403
458
540
632
733
829
869
850
742
660
616
609
610
626
632
548
465
443
469
510
520
461
289
125
9
-130
-245
-247
-256
-182
-22
265
544
809
1006
1178
1290
1350
1379
1349
1276
1086
855
599
451
337
281
184
116
-28
-194
-361
-512
-639
-790
-907
-1025
-1069
-1118
-1064
-926
-780
-596
-458
-400
-330
-300
-214
-152
-143
-121
-114
-74
-40
5
99
73
-50
-210
-351
-512
-730
-921
-1174
-1371
-1521
-1602
-1519
-1466
-1373
-1155
-950
-706
-468
-276
-89
-6
-30
-69
-89
-66
-108
-155
-197
-157
-13
32
118
257
427
470
446
393
380
295
186
121
-31
-92
-136
-158
-97
-1
109
214
296
326
364
492
588
726
774
765
766
795
844
878
1067
1202
1208
1140
1041
938
823
702
526
366
255
133
25
77
143
249
392
430
578
728
834
958
956
966
941
862
752
634
557
525
401
316
169
48
-106
-342
-518
-707
-919
-1092
-1227
-1293
-1307
-1353
-1333
-1275
-1148
-1047
-870
-619
-490
-414
-404
-408
-430
-393
-370
-375
-333
-403
-455
-547
-644
-696
-762
-830
-946
-1014
-1138
-1235
-1217
-1148
-1079
-985
-867
-687
-447
-232
38
211
350
445
497
559
614
646
644
618
610
621
699
829
911
908
804
666
491
318
194
53
-104
-179
-265
-342
-314
-233
-94
49
156
206
344
465
532
624
663
688
654
710
781
893
936
944
932
840
718
526
385
195
-32
-214
-332
-435
-525
-587
-531
-333
-136
50
222
419
655
790
870
947
995
985
908
743
636
585
497
417
296
249
106
-42
-221
-418
-587
-797
-939
-1089
-1132
-1177
-1164
-1110
-1049
-976
-874
-709
-485
-358
-303
-252
-281
-292
-346
-345
-350
-343
-344
-362
-336
-354
-377
-442
-450
-421
-470
-544
-609
-613
-610
-652
-634
-576
-406
-274
-170
15
189
313
365
326
355
413
418
324
225
202
173
164
167
188
178
109
-15
-103
-121
-148
-172
-184
-238
-231
-178
-94
-7
61
161
267
333
395
417
488
491
549
596
587
662
702
757
811
874
920
892
804
793
758
723
657
557
455
362
332
275
282
299
313
323
331
403
475
445
378
360
286
265
203
181
272
327
304
246
163
89
-38
-168
-307
-498
-636
-811
-979
-1133
-1206
-1250
-1292
-1333
-1345
-1316
-1263
-1194
-1191
-1163
-1091
-1059
-1009
-965
-860
-688
-543
-405
-292
-109
39
164
267
362
405
454
437
368
341
289
211
108
49
23
-18
-57
-114
-166
-194
-185
-112
-48
23
75
161
269
318
398
507
570
629
613
592
571
459
343
240
102
57
-15
-109
-179
-217
-232
-195
-149
-34
150
173
237
327
422
524
593
676
748
792
796
862
834
817
783
692
579
435
264
168
115
7
-129
-294
-391
-455
-495
-453
-409
-381
-418
-379
-351
-280
-223
-174
-71
55
195
266
316
355
478
467
439
437
432
437
302
156
25
-138
-399
-628
-766
-833
-894
-954
-980
-977
-882
-785
-684
-589
-485
-389
-371
-297
-214
-101
3
76
179
287
394
518
628
659
664
579
500
390
246
104
-82
-283
-395
-512
-612
-626
-640
-668
-620
-565
-518
-464
-383
-306
-282
-267
-296
-304
-276
-231
-184
-158
-145
-98
-93
-62
-85
-112
-88
-48
-14
-45
0
38
67
56
77
143
223
322
391
479
591
640
641
663
678
692
697
697
710
674
596
545
502
468
406
370
259
181
165
68
-29
-42
-9
10
10
46
70
86
127
218
314
338
394
503
567
563
578
656
705
680
637
549
458
382
230
35
-174
-381
-580
-776
-878
-938
-991
-1083
-1153
-1205
-1212
-1170
-1152
-1113
-988
-863
-722
-593
-418
-209
-48
95
233
365
489
527
487
451
372
289
118
-19
-175
-346
-456
-578
-691
-803
-891
-887
-877
-889
-838
-755
-674
-586
-483
-355
-209
-69
77
249
435
588
605
616
624
614
533
445
371
291
231
160
155
154
251
302
352
431
524
581
631
767
884
924
920
954
1017
1005
883
790
711
627
583
577
582
514
424
312
210
160
76
-34
-87
-109
-180
-208
-242
-272
-326
-382
-368
-358
-353
-345
-303
-277
-240
-169
-128
-173
-161
-201
-252
-263
-323
-306
-404
-468
-530
-603
-632
-653
-694
-714
-719
-795
-765
-712
-682
-642
-581
-552
-553
-540
-483
-418
-335
-300
-201
-30
103
206
282
407
500
533
520
499
491
450
349
262
175
95
-8
-164
-284
-315
-367
-391
-324
-250
-129
-106
-16
89
121
182
307
387
425
496
525
574
620
672
685
667
654
586
479
435
432
375
361
319
248
211
136
100
168
219
260
302
385
504
529
540
479
403
336
234
120
-25
-80
-126
-147
-198
-216
-184
-187
-236
-318
-338
-414
-470
-556
-664
-739
-840
-823
-764
-666
-560
-486
-389
-281
-226
-156
-67
-108
-111
-145
-111
19
119
243
266
262
305
246
142
67
-24
-113
-196
-292
-352
-388
-425
-438
-464
-474
-419
-359
-288
-233
-166
-100
-40
-27
36
74
167
229
322
388
395
447
460
500
485
475
413
248
117
30
-31
-88
-99
-121
-160
-183
-173
-170
-142
-143
-185
-227
-254
-227
-219
-234
-248
-216
-140
-53
43
99
145
214
257
279
281
268
254
259
250
221
217
205
192
238
297
378
473
480
485
429
319
201
137
80
33
11
-27
-42
-21
-8
-17
-31
-57
-114
-148
-160
-248
-320
-309
-266
-239
-155
-113
-62
14
87
139
261
290
329
404
405
441
466
460
409
356
298
276
258
258
247
176
115
39
-85
-218
-384
-540
-616
-650
-676
-713
-724
-742
-715
-731
-683
-611
-545
-516
-457
-371
-289
-168
-57
32
160
274
352
453
505
512
443
334
208
134
15
-96
-233
-380
-517
-574
-619
-645
-575
-477
-448
-443
-411
-351
-303
-281
-271
-211
-158
-57
67
225
414
510
581
660
704
728
702
685
634
523
429
340
291
277
253
212
175
153
135
115
99
113
154
158
154
165
141
184
259
323
417
496
546
515
509
428
297
206
94
69
69
58
101
157
177
191
190
204
193
145
78
6
-25
-110
-126
-121
-117
-133
-198
-273
-304
-346
-398
-452
-563
-622
-709
-834
-938
-1044
-1095
-1130
-1177
-1140
-1083
-1003
-933
-824
-741
-673
-593
-504
-398
-254
-145
-22
179
333
450
525
600
684
705
729
737
676
598
562
527
523
488
451
404
361
345
263
196
99
50
17
3
-35
-29
-35
-8
-24
3
91
115
167
198
256
290
304
356
430
425
353
300
269
182
101
9
-68
-80
-171
-247
-301
-291
-286
-319
-326
-306
-254
-206
-132
-63
66
108
67
62
33
43
49
77
111
163
136
131
196
259
316
276
330
310
311
336
327
301
212
185
104
26
-37
-142
-168
-168
-189
-251
-258
-248
-237
-225
-260
-290
-279
-285
-316
-372
-459
-505
-557
-567
-569
-521
-459
-415
-374
-293
-258
-233
-216
-168
-131
-133
-83
31
167
320
397
469
542
590
597
553
525
488
378
274
206
131
52
-17
-76
-138
-254
-325
-377
-403
-438
-467
-491
-492
-450
-413
-333
-230
-133
-42
45
98
193
240
273
318
309
356
346
316
261
215
123
37
53
37
7
-5
7
1
-18
-10
21
-36
25
70
60
152
240
289
358
392
386
430
427
418
410
405
352
324
255
200
186
161
149
145
161
166
103
145
174
213
221
128
111
92
-39
-173
-162
-157
-200
-212
-210
-259
-304
-387
-471
-554
-556
-590
-643
-631
-563
-505
-520
-452
-444
-414
-355
-331
-299
-281
-234
-171
-55
-10
-11
30
23
71
112
153
202
218
198
194
189
183
193
197
183
198
190
202
217
161
163
99
49
18
-5
-22
-22
-43
-71
-112
-154
-112
-105
-81
-105
-99
-79
-58
43
66
103
137
97
94
38
41
47
-3
-22
-34
-34
-74
-78
-72
-12
5
-39
-16
-1
64
68
74
91
130
217
255
327
331
373
373
358
369
351
349
289
261
232
227
259
284
302
293
223
113
70
41
42
46
42
24
-16
-54
-65
-60
-95
-133
-192
-263
-344
-360
-340
-352
-360
-385
-403
-422
-459
-486
-482
-480
-427
-385
-343
-304
-236
-225
-249
-264
-283
-269
-251
-224
-196
-131
-187
-148
-50
-65
-36
-48
-37
-25
5
21
95
158
225
231
209
231
239
300
312
345
310
279
216
156
128
106
113
75
93
142
187
197
224
244
216
179
103
81
50
13
33
-19
-32
-41
-45
-7
12
69
109
142
126
134
137
99
121
156
128
133
108
119
113
91
87
55
15
-2
-12
-20
-28
-44
-49
-88
-74
-27
14
12
5
-36
-57
-84
-18
32
35
29
3
29
77
117
149
155
107
31
-66
-69
-141
-200
-218
-263
-257
-274
-309
-317
-293
-342
-384
-419
-363
-354
-330
-270
-279
-210
-220
-215
-129
-81
-42
-66
-56
-22
19
44
45
92
68
78
90
54
87
107
144
190
292
297
309
288
285
282
240
267
238
263
258
225
171
110
81
51
-18
-40
-85
-99
-99
-123
-142
-119
-96
-96
-47
-23
-26
-2
79
112
113
126
98
67
39
-9
-19
-17
-51
-50
-33
-20
-10
40
34
25
29
9
-38
-65
-59
-68
-70
-62
-63
-5
-20
-24
31
68
74
77
78
82
48
58
91
120
150
106
86
76
115
86
23
36
32
24
-32
-64
-46
-83
-132
-212
-209
-150
-130
-111
-73
-99
-131
-121
-142
-127
-97
-59
-87
-80
-70
-66
-39
41
99
122
175
119
117
102
62
83
104
85
99
73
49
55
37
14
-59
-84
-108
-83
-64
-58
5
-13
-46
-53
-49
-85
-135
-128
-136
-169
-148
-134
-137
-129
-167
-188
-150
-134
-149
-90
-40
-3
7
1
36
70
97
127
153
190
192
162
165
167
177
165
173
171
143
121
88
71
1
-46
-98
-141
-131
-162
-107
-76
-42
-26
-42
-27
2
-5
7
32
83
115
151
155
162
156
164
186
185
202
153
161
119
81
98
100
112
110
96
47
18
-15
19
17
33
-3
10
-1
-44
-73
-79
-59
-118
-147
-173
-186
-200
-187
-210
-227
-253
-259
-278
-273
-265
-282
-275
-251
-232
-251
-288
-265
-251
-261
-234
-215
-167
-126
-99
-51
-10
-17
10
42
95
131
167
224
204
211
200
158
106
68
57
100
148
205
226
218
215
199
229
246
321
376
377
364
382
379
412
366
275
241
128
35
7
12
-8
-5
-43
-86
-116
-169
-155
-131
-138
-133
-97
-99
-95
-88
-70
-76
-41
-38
12
50
97
140
133
155
94
42
2
-18
-39
-88
-91
-94
-115
-150
-183
-185
-171
-180
-139
-142
-183
-176
-142
-101
-88
-41
38
84
109
97
107
69
33
-17
-44
-113
-208
-289
-324
-360
-410
-415
-395
-388
-384
-363
-314
-260
-217
-178
-203
-173
-131
-142
-130
-114
-58
-12
4
52
84
127
118
143
203
194
253
298
288
275
272
256
231
246
272
338
380
348
358
346
299
306
298
310
366
406
409
437
455
449
389
285
266
228
150
122
74
12
-18
-62
-66
-51
-64
-61
-75
-118
-141
-143
-127
-188
-244
-271
-285
-280
-244
-228
-192
-147
-114
-106
-78
-77
-98
-82
-125
-151
-206
-218
-243
-292
-263
-182
-120
-85
-39
-54
-6
19
-16
-22
-55
-72
-96
-84
-85
-53
11
-28
6
62
75
57
26
-7
-26
-67
-149
-213
-314
-362
-386
-409
-355
-280
-265
-194
-166
-142
-97
-67
-54
-53
-54
-30
18
52
75
100
170
215
290
353
383
374
352
291
220
217
199
185
136
131
143
130
165
166
215
255
242
222
205
162
128
123
114
117
72
87
121
146
198
237
234
224
246
191
97
24
-51
-159
-191
-247
-282
-272
-326
-338
-369
-367
-417
-421
-393
-388
-382
-355
-330
-306
-268
-235
-134
-78
-21
22
91
121
148
131
91
142
154
123
179
235
252
268
221
171
190
187
205
248
264
264
237
193
167
135
84
45
-7
-23
-4
12
-33
-82
-185
-246
-279
-293
-302
-298
-297
-274
-225
-187
-158
-133
-82
-42
-31
-24
-8
53
49
-18
-25
-10
14
50
73
107
164
166
149
145
165
155
145
160
96
61
-6
-40
-64
-40
0
26
102
107
113
90
59
73
43
8
26
13
31
70
98
64
90
115
66
48
4
-77
-146
-237
-275
-279
-303
-317
-315
-337
-307
-288
-302
-259
-209
-125
-98
-71
-48
-63
-46
-71
-68
-53
-4
88
101
95
122
146
175
160
171
180
158
184
173
155
161
197
178
192
208
202
236
261
275
239
238
193
134
114
70
88
27
40
62
101
110
113
126
127
130
49
20
-43
-107
-138
-153
-141
-145
-144
-108
-79
-52
-39
-25
-4
-42
-58
-94
-132
-104
-123
-149
-133
-135
-96
-78
-86
-86
-134
-158
-196
-243
-283
-245
-262
-270
-218
-197
-168
-138
-101
-83
-70
-27
22
9
34
34
44
59
46
75
57
40
88
163
212
272
293
324
311
286
249
183
139
114
54
25
-6
-61
-59
-72
-76
-68
-36
-34
-4
48
79
65
45
77
59
54
56
62
50
13
14
38
28
47
22
-9
-28
-96
-98
-160
-269
-285
-281
-305
-277
-219
-197
-239
-246
-227
-198
-187
-183
-146
-147
-138
-117
-96
-81
-6
61
124
163
180
199
173
155
136
81
60
35
-31
-58
-16
23
1
46
29
43
61
104
155
184
142
178
172
119
186
166
164
129
126
109
109
93
35
-10
-77
-117
-150
-112
-102
-87
-77
-77
-79
-29
10
83
161
191
178
152
154
180
144
146
106
96
127
101
84
66
54
74
72
44
62
5
24
-11
-64
-59
-61
-36
-32
-23
-9
27
61
91
93
85
109
105
110
90
54
51
65
80
96
71
26
-16
-47
-110
-183
-275
-352
-379
-391
-403
-395
-410
-379
-352
-334
-292
-255
-227
-161
-145
-120
-83
-52
-28
-40
-19
17
32
64
45
38
63
104
122
95
89
62
47
37
23
17
53
119
105
118
137
103
116
121
98
90
65
41
10
-41
-87
-116
-154
-152
-146
-140
-139
-131
-121
-123
-99
-105
-79
-63
-56
-40
29
57
124
193
211
255
265
314
311
317
391
407
418
408
334
315
294
243
218
205
159
140
86
28
14
-69
-102
-152
-142
-139
-145
-99
-82
-109
-101
-100
-123
-115
-132
-128
-133
-131
-137
-143
-144
-141
-117
-136
-134
-124
-129
-112
-115
-146
-138
-145
-145
-166
-174
-169
-150
-87
-51
23
84
122
146
162
230
236
237
222
197
153
118
106
43
49
23
11
37
41
36
28
31
4
-20
-56
-23
-23
-60
-96
-75
-90
-135
-147
-148
-125
-154
-165
-156
-172
-178
-210
-228
-225
-229
-222
-220
-192
-154
-139
-75
-43
3
16
46
30
20
60
35
65
54
77
150
167
187
202
212
205
160
170
150
134
163
168
185
188
197
171
152
161
184
174
160
147
109
47
-2
-8
-15
-8
-43
-71
-106
-151
-125
-91
-94
-79
-71
-16
27
2
27
23
32
48
17
-1
12
-44
-49
-88
-125
-123
-130
-119
-160
-142
-165
-125
-111
-85
-95
-77
-43
-49
-43
-59
-68
-81
-68
-59
-71
-54
-38
-38
1
-8
15
44
47
95
94
46
42
30
-21
-36
-57
-52
-30
11
29
-8
-36
-58
-78
-97
-86
-51
-27
43
97
87
94
114
84
91
104
113
195
212
234
279
295
280
302
357
387
355
349
330
324
280
206
184
136
111
48
-4
-52
-104
-114
-181
-199
-189
-163
-174
-138
-117
-114
-91
-79
-76
-93
-70
-131
-124
-114
-167
-139
-190
-223
-174
-172
-173
-193
-205
-233
-216
-230
-271
-240
-258
-243
-222
-195
-151
-108
-59
-32
-43
-63
-51
-25
-68
-80
-100
-91
-41
-72
-13
4
23
67
123
151
136
123
163
217
192
171
194
211
201
221
209
215
218
181
136
80
63
69
62
75
114
130
145
121
137
146
118
58
-42
-75
-118
-143
-128
-159
-144
-145
-97
-72
-41
7
5
24
56
68
82
140
208
194
165
222
214
171
110
33
-33
-113
-164
-210
-195
-228
-229
-211
-225
-186
-211
-192
-155
-171
-172
-109
-49
4
32
55
66
88
140
166
139
146
141
95
36
-24
-43
-96
-94
-101
-113
-70
-36
-2
-13
12
0
0
24
54
87
110
155
168
164
115
80
80
68
30
12
2
-36
-37
-65
-97
-87
-104
-93
-66
-106
-87
-61
-118
-135
-128
-102
-70
-111
-107
-65
-22
-8
-13
-20
-32
-23
-40
-39
-37
-17
6
-2
-26
-38
-58
-64
-35
-68
-67
-93
-123
-121
-118
-129
-119
-55
-50
-38
-24
18
91
91
98
105
105
117
89
105
103
105
88
80
100
78
63
63
66
65
45
63
76
107
158
171
231
253
203
146
148
142
147
169
207
253
243
245
228
174
121
73
14
-2
-46
-97
-124
-206
-225
-261
-290
-262
-297
-283
-246
-203
-126
-126
-160
-129
-77
-6
10
57
143
110
105
121
136
147
166
202
153
132
125
107
71
58
36
9
-21
-24
-24
-31
-53
-139
-180
-218
-248
-244
-233
-231
-163
-124
-136
-108
-177
-160
-134
-141
-117
-111
-91
-85
-128
-133
-125
-102
-82
-19
9
30
19
7
-33
-54
-31
-50
-18
-24
18
59
60
90
100
157
197
183
227
256
251
201
192
145
109
92
76
80
128
194
215
208
200
183
128
78
46
21
9
-16
-24
4
0
28
11
5
31
-35
-36
-48
-52
-53
-36
-14
8
57
91
137
118
129
142
127
98
88
37
5
-20
-44
-43
-114
-118
-143
-164
-159
-156
-145
-145
-141
-133
-121
-149
-200
-203
-215
-240
-272
-282
-335
-366
-372
-332
-289
-251
-212
-165
-143
-118
-92
-81
-43
0
13
21
92
133
156
150
172
156
169
167
166
176
155
118
135
133
115
173
199
228
187
199
182
166
155
104
69
-3
-16
-4
-12
5
41
36
31
24
-4
8
41
7
34
46
20
15
57
91
40
2
30
-8
-48
-41
-27
-53
-90
-78
-94
-140
-125
-120
-154
-122
-79
-58
-16
10
13
85
115
190
204
208
227
198
197
177
142
138
106
63
36
1
-6
0
-62
-102
-123
-137
-168
-107
-117
-109
-85
-86
-57
-89
-54
-49
-35
-14
-4
26
68
60
57
53
19
44
34
33
10
-18
-25
-98
-103
-87
-78
-60
-48
-20
-7
-18
8
0
-35
-26
-1
5
-11
-27
-44
-21
-1
-11
-35
-65
-124
-133
-150
-171
-166
-189
-214
-210
-250
-232
-223
-172
-182
-191
-179
-167
-151
-108
-89
-55
2
-12
42
47
47
79
104
126
161
241
261
261
291
291
320
304
283
293
272
245
200
214
170
135
123
73
84
83
122
152
142
158
130
140
151
169
151
156
121
77
53
14
25
-41
-58
-52
-125
-128
-190
-222
-243
-268
-267
-291
-219
-227
-228
-198
-191
-118
-81
-30
7
46
42
43
54
75
72
84
76
47
48
52
85
76
89
77
55
47
77
71
21
2
-85
-110
-122
-146
-145
-140
-102
-126
-123
-122
-132
-116
-145
-143
-111
-149
-141
-99
-76
-50
-34
45
127
163
204
225
219
201
183
215
217
170
168
83
53
17
-6
-25
-50
6
-29
-56
-93
-152
-195
-182
-197
-223
-223
-252
-241
-249
-225
-166
-157
-110
-119
-100
-67
-26
-2
-2
6
9
11
47
68
100
125
75
71
70
97
166
181
217
236
172
165
122
111
148
112
94
104
93
135
143
154
168
138
120
141
142
125
95
79
45
-17
2
51
32
31
28
27
68
50
61
37
-1
-3
-9
-30
-42
-65
-96
-124
-135
-118
-137
-169
-130
-146
-174
-211
-209
-210
-251
-230
-297
-288
-291
-292
-267
-254
-214
-162
-129
-93
-84
-18
17
32
75
63
34
15
47
83
118
117
139
112
44
27
57
82
115
81
93
44
22
44
-1
6
17
54
43
71
74
87
111
118
152
160
206
223
226
239
209
176
128
67
30
-51
-59
-85
-87
-37
-28
2
21
50
43
41
65
83
78
47
32
27
40
20
28
31
-2
-39
-78
-108
-109
-130
-120
-109
-117
-80
-62
-44
-34
-35
-51
-38
-66
-107
-137
-130
-117
-118
-126
-51
-49
-30
25
5
70
37
40
72
30
82
71
16
21
11
26
19
37
63
79
67
61
48
18
11
-27
-28
-14
-3
1
-10
-12
-65
-117
-94
-70
-37
-4
-3
36
20
20
-19
-80
-91
-122
-133
-130
-82
-93
-103
-134
-137
-122
-81
-18
29
47
73
87
83
111
102
88
121
128
107
79
77
74
73
83
54
83
64
68
52
71
88
43
27
-14
-54
-59
-28
-24
-7
26
86
106
100
144
116
98
84
79
92
72
33
22
12
56
79
116
88
49
82
78
68
3
-15
-52
-98
-118
-109
-156
-149
-119
-113
-92
-105
-112
-146
-120
-122
-132
-110
-86
-45
-71
-83
-66
-95
-105
-115
-130
-120
-120
-116
-85
-53
-88
-69
-54
-64
6
45
0
9
-1
-10
40
57
79
99
109
120
144
163
193
149
147
127
85
90
65
-13
-47
-78
-84
-48
-113
-129
-144
-146
-93
-89
-57
-97
-123
-116
-90
-48
-22
-11
6
31
25
58
106
100
154
151
102
108
47
68
104
125
79
46
14
-16
4
-27
-13
-12
-75
-92
-78
-72
-48
-47
-37
-45
-74
-56
-8
4
15
14
7
46
45
88
115
115
142
172
238
239
242
246
242
206
138
90
67
31
6
18
8
41
76
34
39
30
19
-1
-37
-67
-126
-130
-120
-154
-131
-114
-103
-61
-69
-89
-95
-121
-99
-98
-105
-98
-120
-158
-170
-180
-184
-172
-164
-204
-178
-152
-130
-120
-122
-121
-120
-130
-100
-81
-78
-55
-84
-66
-65
-80
-71
-40
4
82
109
126
152
123
142
164
159
168
216
265
243
274
271
225
189
166
139
108
132
130
151
133
151
152
131
120
79
74
80
71
70
73
81
54
61
49
28
40
36
3
-11
3
-41
-19
-6
-7
6
-11
-46
-46
-46
-74
-126
-208
-216
-254
-228
-211
-192
-164
-167
-184
-121
-98
-94
-41
-43
-10
-28
-3
35
18
-26
-53
-95
-79
-93
-123
-93
-117
-96
-126
-159
-176
-176
-154
-155
-154
-166
-142
-106
-50
-8
2
11
31
58
89
155
215
237
251
235
191
206
182
146
80
68
38
35
91
135
140
137
104
102
85
51
49
24
-4
-18
52
70
97
110
116
146
141
186
151
120
115
43
13
-36
-55
-56
-118
-118
-119
-145
-116
-119
-95
-83
-74
-76
-109
-122
-121
-146
-154
-113
-108
-56
3
22
62
51
79
66
73
37
21
9
-19
-26
-33
-77
-46
-7
-32
16
8
30
34
58
77
48
70
83
70
62
5
17
6
-44
-64
-77
-58
-109
-153
-149
-129
-154
-126
-120
-89
-30
-27
-17
11
41
65
80
63
114
119
117
125
111
96
71
40
1
-26
-78
-96
-89
-57
-35
-47
-41
-47
-84
-131
-156
-201
-229
-217
-220
-221
-218
-211
-199
-201
-173
-144
-136
-150
-103
-42
5
28
57
149
139
155
172
186
205
237
218
184
208
167
162
151
137
138
169
203
236
237
244
242
251
273
273
276
299
267
275
271
274
269
256
214
154
105
95
104
84
33
-31
-50
-93
-78
-75
-67
-131
-189
-202
-248
-252
-265
-249
-200
-223
-220
-163
-168
-170
-186
-165
-169
-163
-141
-141
-128
-109
-114
-122
-130
-129
-140
-128
-168
-177
-205
-252
-245
-251
-218
-222
-206
-210
-200
-178
-143
-148
-134
-93
-64
-52
-16
33
70
97
100
127
126
144
148
138
165
136
128
132
139
133
123
121
107
104
104
104
114
137
93
105
73
59
95
88
167
172
187
163
155
198
211
161
141
154
118
143
146
126
146
130
128
101
72
75
64
58
23
38
59
77
69
84
66
60
46
31
11
-16
-19
-45
-45
-74
-95
-131
-123
-142
-126
-137
-123
-121
-149
-153
-164
-170
-124
-111
-108
-85
-112
-125
-138
-141
-134
-134
-170
-162
-143
-141
-98
-102
-123
-107
-161
-139
-129
-142
-148
-99
-73
-110
-99
-62
-41
-26
-36
-17
-10
0
-6
-35
-63
-33
-7
-15
14
17
36
63
72
107
132
161
155
166
171
122
101
102
91
99
169
189
229
239
235
158
92
22
-44
-56
-89
-85
-64
-28
-33
-21
-36
-39
-38
-53
-48
-46
-64
-33
-13
2
45
38
49
42
45
61
28
37
56
53
46
29
16
28
44
42
66
91
113
114
107
147
179
123
99
105
66
54
39
33
9
-6
0
-27
-26
-18
-28
13
8
1
-32
-48
-33
-60
-30
-2
-10
-4
-20
-56
-38
-24
-37
-49
-47
-66
-63
-62
-56
-37
-55
-75
-108
-110
-136
-190
-236
-255
-262
-277
-293
-258
-240
-248
-251
-234
-186
-143
-97
-92
-68
-78
-70
-65
-68
-87
-80
-56
11
56
36
72
103
91
104
101
120
143
111
137
153
159
176
181
138
168
181
165
195
212
244
229
223
209
177
157
138
120
95
103
115
109
109
107
151
167
156
133
132
119
79
80
26
29
38
10
24
22
-1
1
-9
-44
-93
-108
-132
-120
-110
-136
-130
-121
-138
-136
-126
-140
-152
-144
-152
-137
-127
-90
-70
-68
-6
-23
-7
-3
12
44
12
37
35
11
7
-9
-50
-36
-35
-34
-16
-47
-42
-21
-24
-22
-55
-75
-74
-75
-60
-43
-44
-22
-15
-33
-28
12
28
60
59
57
56
72
99
86
93
59
58
38
30
32
26
20
-4
3
-10
-19
-28
-66
-97
-111
-75
-82
-84
-57
-68
-65
-76
-86
-87
-99
-93
-80
-92
-64
-33
-24
-28
-3
9
-14
10
18
33
34
26
56
57
54
49
33
28
14
21
39
63
62
58
59
61
52
32
27
7
-4
35
38
93
127
160
189
174
166
171
189
168
167
137
127
67
65
39
20
25
-5
-36
-88
-92
-121
-133
-180
-173
-153
-153
-143
-117
-120
-121
-116
-124
