26
23
15
11
10
-2
-8
-7
-4
-6
-7
-6
-5
-14
-6
-4
-9
-15
-17
-22
-24
-18
-17
-14
-13
-5
-7
3
7
9
8
-1
4
-2
-5
-14
-16
-9
0
10
17
21
25
34
27
24
24
24
16
12
12
15
20
19
16
11
11
12
1
-8
-18
-24
-20
-28
-39
-45
-47
-50
-46
-48
-39
-37
-32
-38
-44
-47
-57
-65
-80
-80
-77
-59
-47
-41
-30
-15
-13
-16
-8
-5
-8
-11
7
17
26
41
56
70
73
87
97
102
100
107
107
103
98
104
108
103
108
103
91
80
70
62
56
50
48
46
42
42
38
24
17
18
10
-2
-9
-16
-25
-33
-45
-47
-52
-55
-63
-79
-96
-94
-98
-115
-120
-113
-103
-106
-89
-70
-63
-60
-47
-51
-57
-59
-61
-67
-72
-63
-67
-77
-79
-86
-104
-119
-124
-129
-138
-131
-123
-118
-117
-94
-74
-68
-48
-21
6
11
30
48
65
86
101
112
112
124
131
122
130
151
154
150
153
155
149
140
144
154
156
169
183
186
194
212
214
217
223
220
210
192
184
182
166
151
150
134
117
91
63
42
22
6
-15
-35
-67
-90
-108
-124
-136
-156
-161
-165
-186
-207
-222
-244
-272
-279
-273
-272
-283
-275
-264
-260
-244
-215
-215
-233
-257
-293
-373
-465
-555
-666
-765
-844
-862
-861
-791
-658
-487
-302
-98
110
301
471
586
658
687
712
732
721
721
732
728
693
694
699
673
632
583
520
448
424
434
432
448
494
570
641
692
773
819
826
822
762
701
660
605
521
454
380
302
230
114
4
-138
-303
-450
-625
-771
-936
-1088
-1179
-1221
-1195
-1143
-1057
-975
-823
-669
-552
-442
-382
-330
-327
-361
-383
-461
-484
-520
-567
-598
-623
-673
-756
-839
-1048
-1280
-1540
-1753
-1939
-2148
-2292
-2260
-2063
-1700
-1234
-646
-28
551
1028
1393
1621
1710
1674
1555
1489
1425
1409
1516
1665
1801
1905
1986
1938
1884
1733
1403
1071
758
518
271
99
102
308
648
902
1180
1607
2143
2429
2457
2500
2599
2609
2454
2301
2052
1672
1297
988
576
210
-132
-533
-1123
-1543
-1810
-2086
-2346
-2387
-2296
-2158
-1901
-1665
-1425
-1137
-836
-742
-765
-670
-564
-697
-947
-1062
-1101
-1220
-1275
-1294
-1317
-1366
-1443
-1590
-1690
-1643
-1654
-1703
-1734
-1493
-1165
-1052
-866
-555
-315
-133
-11
134
85
-141
-319
-707
-1103
-1448
-1788
-2351
-2771
-2691
-2258
-1730
-1077
-297
492
1310
2088
2644
3011
3254
3252
3032
2757
2626
2482
2313
2177
2095
1974
1658
1319
942
672
545
382
271
203
268
307
413
712
1090
1517
1793
1950
2021
2058
2067
2020
1879
1747
1490
1143
854
718
642
497
209
-118
-416
-772
-1161
-1682
-2107
-2437
-2650
-2795
-2877
-2717
-2406
-1978
-1604
-1176
-730
-430
-288
-201
-28
152
165
-21
-198
-333
-508
-853
-1030
-1229
-1523
-1883
-2120
-2200
-2159
-2115
-1991
-1871
-1566
-1169
-886
-576
14
541
-149
-1595
-2708
-2691
-2470
-2149
-1793
-1097
-31
1055
1925
2368
2800
3134
3046
2500
1918
1542
1371
1529
1905
2101
2270
2424
2741
2714
2257
1900
1425
1000
544
104
-587
-688
-68
622
1041
1380
1884
2008
1971
1904
1809
1565
1478
1368
954
874
1575
2029
1831
1387
1118
575
-123
-672
-1349
-2038
-2625
-3016
-3394
-3337
-2953
-2701
-2617
-2318
-1663
-1331
-1321
-1215
-1090
-1119
-1144
-837
-471
-151
160
297
249
356
448
73
-616
-1100
-1465
-1931
-2151
-1995
-1780
-1664
-1512
-1230
-847
-332
173
341
432
666
714
346
-310
-989
-2170
-4121
-5805
-5955
-4520
-2811
-1611
-825
506
2273
3684
3989
3534
3178
3001
2686
2087
1737
2211
3303
4317
4821
4703
4473
4394
4241
3357
1694
25
-1025
-1543
-2186
-3002
-3313
-2356
-556
923
1489
1641
2308
3230
3617
3190
2705
2456
2171
1604
1321
1852
2467
2503
1869
943
114
-518
-1362
-2931
-4548
-5499
-5983
-6276
-6033
-4974
-3663
-2664
-1645
-559
298
787
956
916
794
908
899
754
819
945
550
-140
-304
-223
-844
-2003
-2847
-3193
-3373
-3535
-3537
-3267
-2512
-1585
-901
-128
1116
2116
2064
1547
1624
1890
1583
975
366
143
138
134
161
393
769
768
-44
-1749
-4013
-6185
-6886
-5959
-4313
-3000
-1525
730
3403
5317
5972
5827
5642
5424
4459
2604
1046
807
1681
2638
2942
2984
3217
3700
3690
2981
1596
134
-958
-2069
-3189
-3813
-3423
-2115
-430
1005
2055
2879
3669
3957
3284
2083
1188
420
-552
-1151
-1112
-436
446
1178
870
2
-451
-739
-1689
-3112
-4129
-4755
-5186
-5012
-4145
-2905
-1473
-95
860
1428
2013
2154
1614
884
398
-148
-811
-952
-646
-513
-699
-670
-321
-313
-578
-1004
-1582
-1933
-2091
-2123
-2014
-1396
-560
-168
117
757
1575
1765
1489
1157
770
253
-301
-882
-1455
-1729
-1988
-2666
-3546
-4000
-3978
-3782
-3535
-2718
-1834
-1032
-99
969
2001
2651
3281
3673
3890
3832
3580
3192
3005
3315
3581
3416
3124
3020
2912
2676
2378
1767
962
265
-406
-1032
-1489
-1335
-876
-325
400
1308
2117
2629
2940
3055
2856
2457
1977
1189
108
-653
-668
-514
-418
-428
-311
-299
-604
-1004
-1644
-2514
-3458
-4166
-4535
-4494
-3859
-3011
-2208
-1308
-406
339
879
1357
1422
979
539
404
365
118
-121
-227
-265
-143
-40
-139
-489
-924
-1394
-2045
-2446
-2513
-2319
-2230
-1979
-1266
-500
320
1001
1607
1620
1323
1077
772
633
591
480
271
383
674
893
946
630
-480
-3012
-6177
-8088
-7706
-6323
-5276
-4427
-2653
213
2972
4720
5288
5581
5784
5288
3849
2218
1565
1913
2809
3685
4128
4383
4765
5264
5045
3674
1769
-44
-1495
-2976
-4596
-5681
-5409
-3469
-1219
285
1454
2982
4494
4863
4387
3454
2516
1556
493
-317
-509
275
1059
1081
506
301
348
-130
-1411
-3101
-4589
-5817
-6490
-6299
-5309
-3781
-2067
-471
999
2352
3323
3585
3236
2449
1351
223
-407
-453
-538
-839
-923
-442
124
246
-231
-1029
-1734
-2334
-2917
-3333
-3092
-2301
-1715
-1360
-462
890
2063
2456
2135
1642
1093
468
-199
-706
-924
-939
-1012
-993
-866
-835
-1490
-3300
-5815
-7668
-7708
-6253
-4635
-3391
-1822
562
3274
5324
6314
6451
6227
5653
4515
2967
1855
1769
2373
3114
3537
3921
4543
5159
5261
4252
2625
997
-459
-1910
-3579
-4810
-5136
-4150
-2322
-523
833
2054
3401
4328
4408
3947
3072
1975
1036
291
66
186
687
989
729
-12
-595
-1074
-2219
-3969
-5735
-6918
-7568
-7456
-6475
-4810
-2949
-969
963
2633
3876
4637
4533
3832
2971
2038
1195
673
653
523
252
137
400
286
-465
-1442
-2322
-3088
-3766
-4168
-4200
-3603
-2553
-1440
-361
1024
2373
2947
2644
2169
1940
1551
808
75
-220
-198
46
385
967
1511
1571
958
-202
-1568
-3827
-6809
-9246
-9331
-7576
-5645
-3916
-1780
1306
4186
5969
6356
6060
5662
4831
3272
1657
1080
1743
2764
3750
4618
5157
5374
5446
5083
3755
1633
-716
-2619
-4022
-4915
-5277
-4869
-3450
-1539
62
1138
2012
2886
2950
2282
1179
358
-94
-537
-736
-443
856
2153
2692
2173
1525
1217
553
-983
-3009
-4546
-5350
-5609
-5262
-4269
-2638
-879
536
1593
2415
3036
2822
1965
825
-57
-683
-1113
-1018
-585
-219
52
548
1022
1189
702
-213
-1301
-2235
-2969
-3436
-3318
-2671
-1925
-1367
-939
-122
726
1044
985
722
534
249
-105
-263
-172
138
372
492
432
121
-669
-1961
-3945
-6440
-8425
-8579
-6992
-5117
-3407
-1309
1629
4601
6673
7318
6964
6350
5588
4468
3054
2011
2090
2958
3856
4593
5260
5875
6085
5586
4135
2004
-279
-2455
-4355
-5651
-6076
-5597
-4303
-2389
-578
652
1467
2305
2771
2333
1326
102
-604
-656
-256
-130
710
2246
3157
2712
1820
1499
583
-1294
-3571
-5265
-6319
-6614
-6232
-5467
-4129
-2140
-284
858
1714
2628
2776
2130
1403
922
621
653
1310
1846
2057
2282
2461
2167
1510
653
-599
-2058
-2926
-3315
-3772
-3913
-3280
-2340
-1608
-876
-70
521
488
274
-132
-413
-289
-80
-23
47
785
1580
2088
2286
2384
2103
1330
208
-1195
-3016
-5373
-7641
-8832
-8009
-5967
-3963
-2293
-119
2462
4389
5113
5091
4960
4722
4168
3296
2575
2851
4059
5373
6096
6252
6237
5799
4785
3142
1145
-1033
-3107
-4660
-5752
-6294
-6055
-5217
-4059
-2750
-1596
-755
-180
280
612
754
770
590
532
916
1897
2925
3848
4479
4128
2888
1597
687
-634
-2336
-3912
-4913
-5498
-5437
-4579
-3249
-1820
-611
330
879
1585
2141
2024
1425
1075
1180
1351
1505
1620
1684
1673
1678
1598
1240
865
409
-349
-1469
-2054
-1983
-1837
-1622
-1605
-1739
-1935
-1609
-1240
-1209
-1264
-1136
-847
-651
-178
304
843
1284
1633
1678
1523
1335
774
-288
-1918
-3863
-6202
-8047
-8265
-6621
-4877
-3544
-1966
302
2866
4570
5096
4596
4142
3959
3604
2858
2456
3028
4246
5450
6344
6689
6497
5940
4927
3265
983
-1274
-3085
-4628
-5814
-6283
-5835
-4714
-3301
-2085
-1394
-738
130
735
672
540
871
1308
1588
2090
2888
3806
4668
5005
4218
2780
1754
810
-924
-3065
-4711
-5704
-6276
-6166
-5383
-4261
-2946
-1773
-829
26
1112
1788
1546
1043
996
1361
1555
1896
2413
2726
2473
1978
1419
728
-55
-1152
-2456
-3614
-4053
-3934
-3694
-3231
-2627
-2278
-2092
-1636
-987
-752
-804
-645
-137
460
1106
1817
2525
3128
3504
3542
3383
3274
2997
2086
566
-1008
-2627
-4388
-6602
-7943
-7759
-6145
-4478
-2932
-1029
1112
3029
4010
4291
4230
4335
4163
3619
3059
3094
3855
4840
5645
6143
5927
5201
4139
2969
1655
21
-1789
-3734
-5079
-5663
-5813
-5806
-5424
-4495
-3655
-3051
-2205
-1047
232
861
1045
1158
1818
2789
3313
3803
4327
4936
4678
3773
2629
1584
513
-1062
-2853
-4380
-5131
-5258
-5110
-4566
-3496
-2227
-1145
-150
866
1681
2062
2046
2048
2138
2065
1797
1576
1394
1065
539
177
323
501
108
-713
-1352
-1612
-1752
-2119
-2359
-2463
-2611
-2883
-3133
-2810
-1944
-1031
-628
-182
766
1735
2232
2435
2902
3155
2860
2333
2000
1883
1341
232
-1457
-2959
-4688
-6735
-8158
-7876
-6201
-4791
-3669
-2047
570
2758
3875
4153
4295
4610
4497
3730
2907
2960
3677
4238
4379
4683
4934
4557
3587
2504
1392
24
-1673
-3400
-4706
-5431
-5719
-5792
-5253
-4091
-2884
-2006
-1027
526
1800
2344
2473
2800
3224
3357
3315
3627
4429
4869
4336
3305
2524
2005
1011
-557
-2196
-3464
-4429
-5159
-5241
-4655
-3371
-2312
-1521
-658
291
1036
1409
1535
1440
1423
1367
1304
1244
1134
985
695
620
773
705
186
-567
-1077
-1549
-2004
-2443
-2653
-2694
-2882
-3002
-2872
-2143
-1156
-493
-107
433
1187
1732
1952
2110
2358
2422
2234
1916
1848
1796
1326
193
-1108
-2212
-3585
-5732
-7858
-8456
-7368
-6019
-4936
-3421
-1232
1251
2923
3845
4156
4504
4647
4341
3579
2965
3232
3951
4575
4751
4662
4556
4365
3975
3066
1514
-324
-2253
-3908
-5245
-6025
-6184
-5759
-4783
-3517
-2168
-834
594
1866
2591
2943
2908
3067
3162
3305
3372
3955
4915
5140
4624
3613
2922
1846
448
-1419
-3323
-4872
-5922
-6051
-5404
-4162
-2794
-1899
-1034
-82
968
1593
1535
1295
847
549
357
585
877
1109
1226
1337
1512
1454
1097
254
-811
-1686
-2408
-2855
-3141
-3371
-3546
-3628
-3256
-2714
-1884
-1063
-329
66
266
507
826
1357
1738
1938
1856
1813
1874
1954
1811
1036
-197
-1537
-2879
-4168
-5954
-7610
-8329
-7331
-5721
-4207
-2553
-671
1498
2919
3761
3881
4037
4151
3985
3453
3022
3343
4202
5014
5376
5335
5012
4773
4549
3904
2564
921
-681
-2044
-3208
-4113
-4563
-4412
-3647
-2790
-1952
-951
393
1803
2502
2802
3140
3416
3614
3873
4375
4498
5014
5172
4457
3082
2280
1696
130
-1792
-3680
-5140
-6293
-6479
-6175
-5722
-4959
-3686
-2517
-1521
-451
478
774
735
925
840
632
719
953
624
175
237
305
-41
-480
-843
-1408
-1992
-2157
-2386
-2775
-3027
-2921
-2793
-2425
-1541
-723
-151
131
574
682
771
1021
1252
1161
973
919
1032
1284
1534
1714
1281
733
52
-844
-2148
-3655
-5442
-7060
-7546
-6511
-4808
-3212
-1506
493
2622
4235
5073
5101
4957
4677
4258
3558
3078
3443
4316
4830
5067
5293
5647
5800
5332
4071
2202
355
-1506
-3307
-4935
-5819
-5983
-5690
-4861
-3555
-1974
-539
733
1661
2382
2917
3389
3331
2845
2521
2595
2615
2727
2910
2527
1734
868
39
-1550
-3126
-4355
-5397
-6398
-6786
-6292
-5352
-4203
-2822
-1374
-372
406
999
1169
952
813
506
105
170
624
903
923
1234
1605
1546
1417
1308
1005
226
-574
-1269
-1873
-2162
-2245
-2185
-1963
-1249
-608
-307
18
622
990
743
427
356
570
928
1454
1858
2277
2648
2922
2787
2245
1549
208
-1637
-3929
-5980
-7446
-7701
-6814
-5596
-4160
-2536
-281
1677
3091
3739
3790
3864
3694
3537
3254
3465
4267
5109
5669
5985
6290
6267
5668
4409
2618
589
-1457
-3507
-5334
-6726
-7355
-7253
-6458
-5152
-3706
-2284
-1043
326
1658
2603
3078
3128
2913
2681
2639
2768
2893
3258
2903
1961
830
164
-772
-2209
-3702
-5184
-6166
-6522
-5909
-4932
-3647
-2303
-1117
-350
607
1701
2292
2163
1722
1441
1142
1191
1425
1580
1534
1552
1727
1866
2238
2409
2073
1102
56
-591
-1165
-1556
-1826
-1975
-2085
-1911
-1461
-965
-317
65
94
-272
-290
35
472
974
1499
2111
2372
2708
2844
2811
2062
145
-2052
-3537
-3746
-4453
-5803
-7067
-7040
-6018
-4756
-3438
-2243
-899
315
1249
1748
2212
2942
3588
3962
4334
4698
5256
5884
6367
6300
5601
4641
3505
2117
280
-1507
-3091
-4350
-4953
-5354
-5466
-5170
-4181
-2922
-1869
-764
422
1701
2555
3085
3242
3403
3893
3831
3098
2283
2283
2414
1796
1116
452
-111
-864
-1541
-2542
-3466
-3757
-3814
-3942
-3835
-2897
-1844
-1289
-799
15
593
917
1136
1382
1472
1775
2195
2401
2577
2832
3026
2770
2787
2751
2161
1286
448
-440
-1593
-2379
-2783
-3133
-3541
-3825
-3668
-3313
-2579
-1766
-1230
-877
-255
641
1350
2043
2624
2833
2528
2124
1729
1283
634
-45
-968
-2026
-3013
-3819
-4800
-5998
-7189
-8257
-8594
-7767
-6042
-4580
-3109
-1201
1285
3378
4865
5656
5993
6028
5778
5240
4683
4431
4379
4203
3791
3605
3522
3189
2509
1495
295
-828
-1879
-2759
-3634
-4125
-4150
-3618
-2584
-1240
134
1264
2062
2593
2967
2997
3150
2816
2123
1539
1546
1791
1942
2581
2813
2667
2227
2207
1595
460
-799
-2104
-3403
-4326
-4432
-4200
-3781
-3044
-2076
-1578
-840
135
837
948
902
1102
1380
1928
2576
2900
2940
3091
3144
2622
1798
856
-355
-2076
-3565
-4557
-5324
-5787
-5962
-5589
-4972
-3863
-2636
-1474
-257
867
1571
1735
2018
2251
2159
1817
1547
1376
1132
924
645
282
-137
-941
-2081
-3290
-4284
-5350
-6845
-8252
-8462
-7370
-5489
-3545
-1526
607
2882
4599
5584
6131
6367
5957
5015
4255
3858
3876
3987
4055
4105
4147
4029
3635
2918
2033
814
-672
-2128
-2963
-3294
-3279
-2980
-2394
-1531
-645
304
1019
1598
1948
2073
1893
1724
1801
2152
2334
2198
2327
2881
3286
2829
2408
1636
618
-620
-1719
-2984
-4194
-4892
-5258
-5264
-4852
-3817
-2838
-2056
-1014
207
1052
1600
2068
2354
2262
2313
2410
2310
2139
1856
1262
309
-449
-1068
-2043
-3083
-3840
-4286
-4693
-4687
-4163
-3559
-2874
-2103
-1165
-379
545
1400
1691
1769
1805
1859
1802
1806
1726
1488
1126
963
712
213
-564
-1293
-1982
-2468
-2827
-3339
-4034
-4823
-5494
-6087
-6028
-5050
-3235
-1731
-257
1161
2944
4285
5241
5548
5557
5470
5132
4765
4300
4228
4271
4155
3819
3665
3489
3268
2839
2321
1454
497
-557
-1533
-2543
-3419
-3873
-3923
-3473
-2711
-1815
-1079
-145
907
1848
2282
2558
2756
2722
2537
2323
2448
2402
2184
1514
905
285
-150
-821
-1877
-3069
-4126
-4926
-5551
-5520
-5115
-4294
-3407
-2030
-455
1037
2312
3271
3696
3588
3345
3009
2540
1831
1122
210
-563
-885
-1167
-1564
-2021
-2421
-2835
-3268
-3325
-3094
-2818
-2588
-2173
-1631
-765
342
1315
1832
2015
2242
2240
2202
2030
1744
1168
475
-117
-505
-683
-916
-1306
-1799
-2134
-2554
-3079
-3733
-4238
-4984
-5811
-6438
-6252
-5051
-3223
-1508
98
1811
3738
5267
6036
6145
5857
5352
4690
4170
3581
3224
3181
3343
3574
3772
3915
3798
3105
2141
1065
105
-949
-2063
-3150
-3870
-4075
-3762
-2971
-2031
-947
-146
554
1284
2094
2561
2501
2237
2130
2023
1663
1550
1958
2193
1560
850
263
-195
-1035
-2103
-3488
-4538
-4955
-5036
-4863
-4119
-2623
-1195
-173
838
2151
2952
3047
2704
2141
1567
1243
863
358
133
131
-80
-517
-667
-686
-1128
-1873
-2272
-2393
-2365
-2146
-1730
-1317
-762
-26
608
1059
1498
1849
1708
1296
1053
941
540
156
-124
-305
-642
-912
-1182
-1494
-1948
-2391
-2718
-3059
-3273
-3521
-3983
-4642
-5038
-5292
-5200
-4379
-2659
-1112
281
1564
3149
4385
5021
5072
4770
4681
4514
4382
4053
4038
4324
4457
4250
4011
3716
3122
2258
1378
390
-477
-1323
-2254
-3150
-3682
-3642
-3445
-2941
-2119
-1077
-295
331
1104
1920
2478
2690
2827
2820
2679
2534
2349
2022
1614
956
-89
-1018
-1704
-2300
-3131
-3736
-4009
-3982
-3759
-3229
-2380
-1300
-208
590
1296
1942
2590
2881
2651
2223
1975
1512
798
159
-193
-503
-785
-916
-946
-913
-997
-1171
-1233
-1111
-940
-931
-1042
-981
-721
-340
-18
477
886
1060
1003
922
827
659
243
-473
-1277
-1845
-2035
-2151
-2205
-2303
-2419
-2559
-2501
-2265
-1964
-2022
-2196
-2477
-2844
-3176
-3629
-3807
-3589
-2547
-1371
-88
1231
2407
3508
4122
4663
4801
4870
4678
4340
3916
3465
3378
3318
3211
3181
3124
2856
2381
1862
1289
531
-349
-1377
-2304
-2861
-2904
-2714
-2369
-1640
-739
66
809
1534
2271
2721
2643
2151
1582
1181
747
431
-282
-591
-828
-687
-821
-948
-787
-1009
-1298
-1840
-1918
-2184
-2090
-1885
-1530
-1057
-421
381
1141
1635
1922
1782
1214
716
375
-32
-453
-399
-356
-280
-58
305
666
710
723
425
-206
-725
-1078
-1249
-1491
-1431
-1148
-824
-298
244
646
416
115
-373
-874
-1331
-1658
-2022
-2442
-2494
-2329
-1944
-1626
-1134
-1048
-1024
-889
-642
-662
-928
-1162
-1586
-2058
-2683
-3191
-3263
-2741
-1710
-861
-26
936
2235
3104
3533
3875
4015
4026
3697
3513
3317
3179
3157
3314
3283
3148
2862
2396
1868
1345
634
-264
-1034
-1702
-2230
-2763
-2796
-2518
-2117
-1536
-925
-285
132
657
1003
1325
1415
1330
1354
1344
1497
1361
1424
1504
1445
1078
686
572
270
-157
-831
-1292
-1683
-1856
-1806
-1666
-1185
-480
154
540
865
1260
1410
1157
756
491
218
-99
-258
-309
-171
141
238
101
63
166
71
-397
-764
-965
-1102
-1308
-1373
-1201
-947
-697
-724
-904
-1059
-1124
-1397
-1816
-2114
-2188
-2312
-2423
-2241
-1901
-1553
-1263
-963
-626
-341
-109
-69
-2
0
-227
-732
-1241
-1722
-2269
-2928
-3357
-3170
-2369
-1349
-497
372
1289
2353
3165
3583
3676
3686
3574
3404
3263
3231
3306
3335
3283
3187
3033
2849
2391
1674
861
115
-683
-1482
-2034
-2336
-2436
-2386
-2100
-1486
-689
68
695
1053
1430
1590
1732
1641
1515
1589
1667
1656
1645
2003
1985
1664
1147
794
160
-673
-1312
-1885
-2424
-2616
-2402
-1933
-1214
-304
393
752
1151
1541
1676
1386
974
373
-253
-580
-590
-618
-690
-435
-86
67
269
460
419
-142
-734
-1167
-1588
-1720
-1810
-1820
-1927
-1749
-1652
-1742
-1754
-1660
-1675
-1986
-2179
-2271
-2152
-2018
-1667
-1330
-997
-623
-255
31
67
110
130
-85
-147
-284
-643
-1183
-1581
-1805
-2144
-2486
-2563
-2222
-1440
-547
171
923
1737
2488
2770
2976
3205
3541
3585
3518
3347
3160
3048
2855
2661
2371
2169
1826
1371
818
499
290
-20
-376
-670
-875
-838
-737
-595
-349
-106
158
381
493
680
897
1156
1106
982
982
915
941
833
1041
1011
931
671
513
380
215
25
-379
-698
-793
-757
-630
-391
-37
163
29
-3
70
113
-28
-241
-494
-723
-678
-720
-820
-834
-699
-588
-738
-640
-537
-496
-713
-967
-1203
-1555
-1660
-1929
-2137
-2396
-2460
-2533
-2635
-2475
-2207
-1982
-1896
-1601
-1337
-1098
-929
-823
-734
-578
-330
-99
103
255
477
537
686
802
772
312
-468
-1174
-1876
-2438
-2835
-2693
-1907
-961
24
1043
2308
3602
4458
4821
4700
4540
4167
3684
3077
2623
2284
2023
1928
2017
2196
2329
2140
1876
1450
795
35
-839
-1449
-1930
-2230
-2260
-1961
-1403
-835
-314
67
488
979
1098
913
567
590
549
486
560
895
1414
1566
1643
1360
1224
775
149
-841
-1759
-2302
-2626
-2644
-2321
-1579
-821
-212
218
583
807
764
410
-108
-717
-1068
-1288
-1448
-1359
-888
-352
-54
218
535
708
558
19
-542
-1140
-1535
-1830
-2039
-1849
-1535
-1227
-1210
-1100
-859
-781
-902
-1114
-1281
-1369
-1358
-1247
-1054
-699
-239
170
418
703
1004
1153
999
767
591
375
46
-474
-1101
-1776
-2359
-2847
-2902
-2439
-1503
-774
-189
542
1480
2218
2622
2812
2774
2659
2461
2385
2321
2425
2636
2735
2753
2809
2898
2738
2294
1704
949
209
-563
-1230
-1833
-2287
-2415
-2381
-2129
-1600
-932
-324
260
959
1552
1958
2054
1741
1456
1109
1182
1057
1229
1527
1833
1654
1372
1369
861
236
-530
-1006
-1703
-1879
-1730
-1496
-1325
-911
-520
-327
-176
112
71
-332
-693
-1017
-1298
-1395
-970
-669
-313
155
540
507
348
208
-216
-874
-1341
-1584
-1879
-2250
-2279
-2313
-2349
-2162
-1962
-1857
-1866
-1534
-1498
-1590
-1582
-1327
-1042
-857
-356
187
686
1116
1559
1794
1734
1724
1532
1091
765
657
466
-147
-749
-1289
-1820
-2497
-2856
-2909
-2547
-1725
-863
-87
818
2085
2913
3305
3473
3709
3691
3487
3204
2905
2510
2223
1990
1665
1446
1305
924
278
-255
-648
-1119
-1637
-1978
-1952
-1783
-1472
-1037
-488
39
437
756
990
1285
1551
1401
929
525
396
239
142
562
1145
1567
1702
1841
1852
1707
1196
394
-506
-1110
-1374
-1602
-1724
-1505
-1105
-924
-712
-329
-53
-86
-201
-374
-605
-697
-558
-391
-356
-152
171
434
699
884
785
326
-123
-601
-1104
-1662
-2278
-2696
-3073
-3056
-2817
-2451
-2095
-1597
-1163
-925
-582
-311
-113
-109
-113
-95
16
245
487
733
956
1248
1438
1398
1186
993
592
32
-616
-1463
-2280
-2970
-3325
-3655
-3600
-3165
-2105
-848
293
1249
1938
2552
2847
2837
2480
2155
1875
1602
1280
1090
1198
1407
1558
1551
1525
1606
1683
1540
1281
1025
735
387
2
-148
-86
45
120
171
226
350
438
555
474
220
8
28
283
591
1128
1585
2148
2547
2835
2610
2169
1759
1152
347
-483
-993
-1274
-1482
-1604
-1507
-1379
-1096
-878
-762
-855
-847
-954
-1351
-1595
-1554
-1273
-1022
-580
-59
367
664
906
876
531
90
-383
-996
-1630
-2021
-2285
-2431
-2398
-2092
-1756
-1612
-1458
-1384
-1573
-1781
-1875
-1844
-1682
-1352
-849
-266
461
1123
1533
1825
1990
1958
1669
1167
695
366
-34
-390
-677
-940
-1362
-1738
-2067
-2446
-2722
-2916
-2800
-2240
-1454
-691
-88
639
1436
2053
2453
2694
2897
2884
2767
2534
2340
2316
2313
2195
2025
2015
2006
1944
1699
1322
948
378
-270
-815
-1220
-1488
-1658
-1711
-1415
-809
-76
477
1027
1447
1808
1962
1908
1723
1593
1802
1977
2155
2299
2542
2464
2186
1806
1275
528
-345
-1106
-1905
-2498
-2717
-2705
-2594
-2252
-1560
-1031
-737
-422
-167
-95
-180
-237
-338
-453
-430
-322
-377
-357
-178
-120
-347
-545
-673
-976
-1472
-2009
-2516
-2943
-3077
-3114
-2995
-2634
-1981
-1437
-1115
-699
-158
232
367
498
607
698
659
663
715
811
897
1020
1052
978
925
616
123
-273
-545
-1120
-1830
-2494
-3003
-3279
-3457
-3345
-3064
-2414
-1421
-431
443
1265
2112
2612
2870
3042
3125
3124
3148
3268
3162
2900
2805
2766
2548
2314
2009
1666
1221
824
501
147
-152
-349
-545
-768
-734
-613
-440
-131
362
796
1189
1757
2219
2296
2187
1987
1827
1650
1687
1621
1371
1342
1132
690
142
-237
-800
-1563
-2371
-2917
-3193
-3247
-3064
-2757
-2397
-1909
-1353
-939
-622
-381
-253
-431
-536
-622
-750
-926
-1013
-952
-950
-780
-587
-477
-574
-702
-807
-1129
-1427
-1635
-1839
-2007
-1966
-1664
-1261
-762
-321
202
592
933
1248
1327
1236
1107
955
728
660
788
988
1073
1162
1189
1033
756
445
-22
-644
-1201
-1709
-2267
-2697
-2973
-3052
-3001
-2797
-2367
-1725
-861
-23
705
1182
1669
2092
2360
2440
2478
2508
2474
2453
2408
2289
2144
2081
1881
1588
1299
1102
775
438
195
-4
-68
-129
-101
-33
81
310
518
754
889
1034
1034
897
989
1139
1156
894
914
1045
948
776
728
642
334
86
-184
-680
-1242
-1542
-1878
-2252
-2285
-1898
-1544
-1281
-758
-218
106
109
210
101
-145
-368
-675
-978
-1113
-889
-755
-624
-279
123
213
87
42
-131
-488
-876
-1041
-1187
-1219
-988
-763
-422
-39
317
377
324
391
360
66
-338
-554
-710
-845
-856
-704
-528
-342
-176
-77
-61
-104
-279
-781
-1219
-1410
-1493
-1587
-1592
-1542
-1764
-1984
-2171
-2098
-2023
-1950
-1654
-1233
-636
-138
405
871
1448
2029
2454
2737
2992
3128
2929
2596
2248
2006
1799
1740
1839
2034
2181
2241
2181
2024
1810
1538
1247
886
554
239
10
-207
-260
-128
57
284
464
650
582
577
416
157
9
-23
95
86
395
565
578
394
365
57
-385
-583
-741
-929
-1129
-1040
-978
-910
-800
-557
-466
-474
-438
-597
-968
-1079
-1032
-1039
-918
-509
-65
157
420
687
775
741
684
560
243
-85
-362
-627
-967
-1161
-1234
-1456
-1468
-1348
-1314
-1448
-1469
-1395
-1451
-1446
-1298
-1065
-986
-873
-661
-361
-110
29
105
-39
-184
-390
-711
-1035
-1208
-1410
-1782
-2243
-2554
-2632
-2684
-2572
-2342
-1915
-1340
-623
266
1113
1858
2497
3012
3373
3641
3745
3612
3393
3187
2936
2681
2576
2635
2718
2729
2706
2628
2434
2117
1707
1171
657
321
-49
-404
-776
-842
-745
-722
-642
-459
-196
-123
-193
-158
112
316
421
482
605
798
981
1010
915
714
477
26
-487
-861
-1121
-1401
-1609
-1621
-1504
-1276
-1116
-910
-786
-704
-655
-635
-655
-567
-484
-448
-350
-127
154
315
472
580
561
457
238
-107
-519
-1027
-1501
-1892
-2112
-2130
-2027
-1824
-1579
-1285
-1043
-812
-591
-469
-445
-448
-375
-286
-166
-42
63
134
169
226
183
29
-200
-549
-953
-1436
-1791
-2008
-2203
-2293
-2265
-2076
-1704
-1256
-793
-316
260
794
1314
1799
2207
2510
2601
2664
2716
2727
2721
2747
2721
2615
2468
2312
2145
1928
1711
1518
1399
1299
1279
1281
1129
896
702
490
223
70
-13
-105
-342
-524
-560
-441
-251
-98
36
238
513
643
652
562
473
284
-11
-272
-394
-481
-675
-792
-793
-790
-755
-670
-657
-605
-536
-484
-481
-578
-613
-652
-717
-728
-661
-554
-505
-423
-357
-332
-295
-368
-559
-730
-861
-970
-1102
-1226
-1212
-1242
-1241
-1178
-947
-775
-699
-591
-495
-389
-340
-243
-168
-154
-174
-241
-385
-532
-576
-585
-667
-667
-638
-707
-866
-1076
-1332
-1681
-2046
-2245
-2252
-2100
-1733
-1315
-749
-55
718
1365
1930
2333
2655
2805
2823
2741
2567
2406
2163
2053
1989
2035
2058
2030
1893
1676
1470
1191
887
585
335
201
166
289
447
514
560
627
620
584
537
483
408
365
322
257
237
330
559
589
591
607
520
317
-26
-333
-706
-1023
-1242
-1431
-1535
-1457
-1193
-977
-663
-215
266
547
620
608
479
245
-64
-268
-444
-577
-669
-742
-745
-637
-595
-674
-793
-847
-843
-971
-1056
-1090
-1131
-1092
-1016
-854
-756
-640
-573
-502
-506
-475
-431
-480
-534
-553
-557
-572
-421
-330
-261
-221
-130
-182
-346
-530
-769
-969
-1249
-1438
-1632
-1722
-1782
-1687
-1480
-1222
-768
-286
145
586
1052
1418
1684
1959
2111
2121
2086
2121
2103
2063
2091
2088
1972
1693
1431
1143
870
649
481
333
238
251
298
394
554
683
836
952
1006
1007
980
885
832
745
611
537
468
421
365
286
177
85
-10
-56
-144
-327
-495
-567
-619
-710
-646
-558
-501
-436
-395
-341
-289
-211
-105
-144
-177
-219
-309
-383
-486
-560
-602
-605
-614
-570
-557
-543
-545
-589
-624
-596
-594
-662
-733
-804
-871
-910
-959
-921
-896
-872
-804
-778
-726
-696
-590
-512
-409
-296
-113
14
-55
-146
-289
-402
-557
-814
-1028
-1190
-1239
-1351
-1454
-1496
-1477
-1380
-1263
-886
-408
66
542
997
1414
1772
2079
2235
2391
2477
2428
2310
2074
1928
1794
1610
1445
1254
1077
867
558
311
61
-113
-188
-165
-57
91
350
634
883
1021
1178
1213
1126
1036
843
633
388
186
-31
-213
-411
-499
-549
-589
-547
-604
-695
-810
-854
-922
-948
-911
-741
-505
-249
-11
113
189
191
143
92
101
80
35
-54
-130
-132
-112
31
144
274
355
375
386
269
51
-235
-438
-581
-671
-669
-607
-575
-612
-705
-779
-825
-893
-906
-949
-915
-845
-789
-709
-603
-514
-420
-382
-340
-258
-319
-456
-668
-894
-1112
-1234
-1256
-1254
-1167
-1057
-898
-818
-706
-515
-325
-54
291
607
900
1155
1365
1489
1604
1640
1645
1625
1542
1382
1127
920
751
576
411
299
223
205
208
245
297
349
357
380
396
516
625
731
943
1056
1153
1174
1110
1017
844
671
446
212
-13
-206
-411
-614
-760
-817
-760
-620
-433
-254
-27
107
232
277
323
390
442
509
532
548
494
401
231
109
10
-1
-31
-112
-110
-155
-189
-215
-340
-392
-432
-471
-505
-608
-731
-841
-857
-794
-709
-654
-625
-674
-760
-840
-935
-1004
-1131
-1205
-1253
-1261
-1265
-1207
-1125
-1005
-858
-739
-622
-508
-473
-535
-589
-590
-533
-493
-390
-324
-245
-213
-177
-65
153
442
684
928
1156
1346
1506
1610
1657
1658
1589
1458
1266
1016
754
519
262
75
-57
-44
63
176
346
481
524
524
473
458
374
264
204
181
207
238
296
372
521
663
718
654
516
308
108
-195
-399
-536
-568
-521
-487
-361
-259
-119
-37
11
90
134
197
259
378
522
579
674
728
753
756
692
581
392
138
-164
-490
-740
-891
-963
-958
-889
-773
-602
-482
-433
-434
-485
-454
-456
-432
-352
-275
-257
-295
-359
-440
-428
-506
-590
-764
-937
-1129
-1322
-1456
-1519
-1401
-1117
-775
-464
-189
-12
56
-13
-38
-53
-18
42
100
166
233
300
408
465
521
580
590
579
542
504
478
454
382
351
279
260
197
169
106
-20
-117
-154
-191
-137
4
171
331
422
600
723
788
790
788
755
729
672
550
429
297
245
258
310
409
508
600
644
659
564
481
407
309
294
328
419
493
575
621
750
786
762
714
606
543
490
399
297
203
100
-30
-174
-357
-474
-620
-811
-892
-971
-1059
-1102
-1067
-979
-910
-778
-670
-612
-553
-584
-668
-763
-796
-810
-833
-847
-812
-840
-966
-1086
-1221
-1385
-1490
-1524
-1495
-1399
-1214
-1055
-866
-631
-389
-153
52
244
347
389
400
395
403
459
507
535
563
615
609
546
450
434
375
305
250
283
336
317
375
415
448
487
537
501
441
334
259
173
143
201
244
345
445
559
647
802
972
1048
1067
1071
954
780
623
483
468
465
496
599
683
686
608
486
364
252
123
31
4
23
85
99
148
245
367
439
473
488
391
225
59
-121
-288
-394
-444
-490
-504
-464
-460
-547
-673
-710
-805
-863
-868
-882
-891
-887
-866
-804
-699
-611
-494
-440
-418
-459
-504
-617
-761
-819
-881
-881
-818
-752
-669
-615
-584
-543
-517
-454
-388
-285
-150
-19
144
304
448
572
671
717
749
755
741
684
624
544
474
434
358
319
298
241
139
46
-64
-179
-228
-230
-229
-238
-239
-171
-134
-128
-151
-89
-66
-82
-142
-216
-252
-283
-259
-213
-102
30
168
284
428
541
608
604
558
507
445
365
314
291
321
413
499
581
640
677
643
609
574
545
520
493
527
552
590
608
604
594
551
511
447
352
313
267
180
45
-49
-70
-59
-36
-14
-42
-67
-145
-317
-510
-666
-799
-903
-946
-966
-913
-906
-939
-923
-869
-828
-828
-776
-737
-762
-789
-796
-801
-755
-706
-619
-485
-377
-264
-227
-250
-227
-166
-118
-67
-16
101
146
207
270
322
400
485
563
591
598
544
440
268
87
-115
-249
-328
-356
-331
-359
-388
-406
-472
-450
-351
-246
-77
82
203
254
279
262
239
241
258
272
271
282
327
335
336
361
466
545
599
664
662
609
551
521
533
597
705
837
920
966
974
928
820
747
685
599
467
372
269
148
69
16
11
-16
6
22
49
94
89
53
34
30
2
15
-43
-96
-203
-284
-438
-622
-791
-986
-1163
-1342
-1472
-1514
-1500
-1496
-1388
-1253
-1096
-966
-828
-650
-479
-378
-302
-248
-229
-192
-181
-143
-72
36
129
174
222
245
222
186
181
181
235
309
362
389
418
449
367
281
233
185
120
-12
-108
-181
-286
-416
-563
-628
-635
-594
-559
-538
-496
-416
-366
-303
-135
32
131
235
327
373
384
394
371
364
429
491
547
593
626
626
607
615
647
704
731
700
687
651
635
667
731
778
796
855
867
844
810
705
624
511
399
305
219
187
161
163
192
250
346
358
368
370
322
277
239
199
145
83
49
-9
-81
-200
-346
-494
-671
-820
-957
-1092
-1202
-1257
-1319
-1331
-1236
-1120
-981
-850
-717
-675
-602
-556
-524
-482
-388
-296
-238
-187
-176
-209
-275
-307
-318
-345
-384
-414
-431
-483
-523
-462
-414
-316
-190
-110
-39
2
-4
-47
-118
-203
-299
-352
-405
-429
-404
-368
-302
-264
-186
-138
-156
-148
-178
-142
-73
-2
62
143
238
319
407
449
506
596
619
657
723
783
860
901
925
943
944
940
910
874
853
867
864
888
929
1007
1023
975
898
882
848
806
709
578
471
276
107
-53
-147
-170
-156
-67
18
52
68
69
67
26
-8
0
13
27
21
-47
-132
-243
-350
-460
-554
-620
-675
-776
-871
-984
-1059
-1043
-958
-795
-643
-472
-377
-250
-157
-71
-13
28
89
59
19
-13
-97
-226
-260
-314
-357
-348
-368
-405
-410
-403
-419
-436
-430
-426
-420
-443
-464
-501
-520
-552
-574
-581
-556
-502
-494
-516
-509
-479
-443
-392
-346
-309
-292
-295
-260
-209
-134
-28
84
211
305
387
475
533
582
633
669
701
736
770
778
798
809
809
847
899
912
926
964
1035
1067
1094
1068
1058
1010
946
829
707
598
484
368
260
217
131
54
-20
-51
-17
45
101
149
134
79
20
-54
-107
-100
-94
-92
-122
-178
-247
-361
-479
-579
-614
-626
-639
-692
-752
-796
-862
-871
-816
-718
-573
-448
-373
-325
-284
-261
-224
-170
-102
-32
-39
-46
-58
-120
-125
-140
-140
-143
-137
-183
-189
-212
-254
-238
-204
-181
-132
-49
-4
31
-22
-70
-154
-261
-318
-360
-398
-434
-430
-427
-421
-403
-397
-364
-276
-196
-164
-139
-116
-74
-10
67
134
266
362
374
391
369
401
406
412
417
468
514
522
569
567
570
513
512
514
493
496
469
404
365
294
280
244
212
208
188
202
215
262
249
239
245
242
220
212
221
203
188
192
218
231
252
267
237
200
177
123
22
-31
-22
1
6
-4
3
-27
-70
-114
-137
-96
-46
-3
20
22
-21
-93
-139
-199
-228
-189
-133
-104
-109
-162
-226
-292
-349
-370
-369
-352
-316
-311
-378
-434
-474
-481
-463
-454
-414
-362
-382
-433
-488
-568
-622
-629
-670
-663
-656
-662
-701
-749
-779
-761
-742
-665
-517
-425
-342
-310
-331
-336
-307
-273
-185
-104
-15
64
145
197
256
327
381
483
550
590
595
557
533
556
570
634
708
831
900
912
949
892
872
811
768
712
656
598
524
505
556
557
550
544
516
495
450
415
427
496
478
439
376
334
290
265
225
158
94
17
-76
-156
-212
-276
-276
-253
-177
-113
-55
-33
-52
-66
-66
-73
-91
-118
-191
-225
-275
-312
-361
-374
-362
-350
-368
-367
-374
-452
-524
-625
-687
-707
-678
-603
-525
-419
-364
-332
-270
-213
-217
-221
-245
-305
-350
-447
-525
-566
-579
-572
-588
-543
-493
-506
-527
-553
-548
-520
-453
-415
-399
-349
-277
-159
-43
56
137
145
113
51
30
39
82
117
193
285
362
443
476
515
547
575
546
548
537
529
506
512
524
555
569
587
605
612
617
590
565
534
557
579
580
580
633
652
640
634
639
664
643
615
563
430
280
121
-12
-89
-131
-152
-208
-220
-257
-253
-282
-264
-209
-192
-152
-147
-101
-59
-10
12
30
23
-17
-24
-111
-184
-223
-305
-420
-506
-569
-613
-651
-661
-634
-590
-497
-447
-392
-391
-417
-429
-446
-400
-362
-311
-272
-298
-368
-441
-579
-633
-631
-623
-580
-553
-545
-577
-597
-642
-589
-494
-293
-111
31
142
186
215
163
124
125
148
168
168
156
131
102
65
79
118
187
305
411
446
450
476
459
475
528
552
594
609
598
565
542
479
411
390
372
370
390
460
472
483
471
438
413
382
373
386
389
381
344
302
260
210
187
172
201
161
162
112
47
2
-22
3
28
91
154
183
151
103
70
61
55
67
61
81
79
15
-30
-97
-160
-209
-257
-295
-316
-324
-361
-397
-403
-428
-434
-483
-479
-475
-457
-491
-581
-632
-651
-664
-644
-562
-556
-559
-584
-618
-670
-665
-647
-602
-530
-482
-392
-368
-361
-359
-310
-242
-172
-83
-26
0
-10
-34
-61
-67
-53
-45
-32
-19
8
-15
-80
-81
-27
48
125
170
233
278
287
319
348
381
403
362
364
362
338
297
278
241
265
283
290
351
400
451
443
467
456
490
496
516
513
495
519
554
582
606
638
640
636
619
559
475
431
372
297
289
280
273
268
210
178
173
120
109
111
75
31
35
20
20
36
8
-9
-38
-83
-168
-256
-342
-411
-480
-532
-570
-598
-633
-670
-661
-665
-642
-581
-590
-592
-576
-595
-628
-648
-645
-615
-603
-567
-542
-516
-461
-383
-352
-297
-277
-258
-246
-244
-216
-174
-144
-95
-77
-72
-59
-49
-42
-76
-40
-31
-14
17
24
55
45
38
66
88
115
133
183
218
219
193
182
179
183
193
203
254
266
246
225
230
240
254
287
313
371
388
341
337
329
337
352
386
468
511
542
554
567
564
540
503
455
420
422
388
377
321
271
235
227
277
303
300
285
261
198
163
102
49
54
58
65
44
22
-16
-54
-66
-99
-113
-158
-255
-359
-440
-459
-468
-479
-477
-507
-561
-592
-651
-674
-718
-753
-746
-740
-720
-672
-628
-598
-553
-515
-478
-421
-373
-347
-341
-367
-396
-401
-371
-329
-242
-198
-165
-165
-164
-168
-175
-157
-163
-97
-35
39
71
113
170
221
280
318
358
391
419
415
393
378
369
372
382
413
477
469
456
400
366
316
282
274
244
248
222
209
211
224
240
217
218
203
215
233
266
324
347
363
368
381
341
348
355
350
342
322
264
212
174
118
48
27
29
47
68
112
130
141
138
99
63
23
-26
-54
-51
-46
-44
-65
-96
-128
-149
-182
-211
-247
-255
-339
-451
-480
-497
-488
-486
-433
-339
-305
-312
-318
-357
-362
-347
-354
-360
-333
-337
-337
-325
-304
-261
-208
-148
-111
-89
-86
-83
-136
-182
-201
-204
-250
-303
-315
-324
-302
-275
-238
-193
-138
-82
-69
-74
-54
-46
-51
-53
-37
-12
-25
-11
-4
24
11
8
18
3
7
10
19
46
71
78
133
212
271
301
335
385
419
428
414
414
434
364
349
352
350
344
339
331
295
287
258
256
243
277
287
296
277
248
263
289
335
409
487
504
482
473
417
339
308
272
260
189
124
88
57
2
-24
-68
-105
-99
-100
-86
-99
-95
-105
-158
-228
-275
-314
-330
-355
-346
-346
-354
-344
-338
-357
-366
-339
-315
-292
-307
-304
-300
-317
-279
-267
-251
-229
-288
-330
-342
-305
-280
-296
-304
-274
-284
-290
-273
-264
-232
-208
-177
-157
-109
-144
-135
-145
-130
-94
-70
-14
-12
-39
-105
-105
-107
-115
-71
-25
-7
14
45
102
147
209
238
248
271
286
288
290
288
256
257
234
210
217
239
288
324
357
342
340
331
316
298
260
260
262
273
288
353
373
374
369
331
300
278
267
256
270
248
231
192
146
99
78
66
59
99
85
51
7
-10
-13
-2
26
25
7
-90
-192
-312
-369
-421
-436
-411
-399
-357
-361
-390
-423
-428
-398
-369
-320
-273
-296
-291
-304
-320
-313
-290
-240
-205
-201
-211
-222
-252
-271
-283
-274
-241
-237
-235
-199
-165
-123
-116
-94
-74
-45
-56
-39
-26
-43
-58
-66
-84
-55
-27
-33
14
19
42
71
105
109
128
143
135
154
171
199
242
278
326
363
374
362
362
370
366
361
348
368
384
380
352
355
332
307
275
278
297
292
299
269
272
277
270
226
236
228
224
175
137
89
44
62
32
26
17
-10
-40
-35
-66
-47
-37
-44
-22
-89
-142
-171
-238
-282
-285
-304
-318
-333
-354
-386
-440
-459
-444
-452
-424
-393
-356
-298
-270
-249
-223
-205
-199
-153
-110
-85
-63
-59
-55
-72
-92
-76
-62
-90
-97
-98
-109
-130
-158
-192
-231
-235
-236
-213
-171
-113
-87
-81
-57
-51
-34
-33
-19
41
85
130
125
99
125
74
44
60
75
105
87
79
47
27
37
28
59
83
85
102
116
113
103
126
139
159
226
255
258
256
263
279
327
410
481
551
581
571
545
492
454
403
377
355
320
264
202
156
87
62
38
27
18
-8
-8
-33
-24
11
63
90
71
63
49
26
-21
-94
-146
-160
-173
-161
-166
-151
-182
-210
-213
-208
-212
-205
-181
-214
-246
-261
-280
-281
-271
-264
-228
-234
-244
-246
-299
-329
-312
-291
-265
-288
-306
-342
-393
-420
-447
-442
-429
-427
-416
-415
-406
-322
-294
-267
-195
-105
-83
-42
6
19
39
47
92
102
147
165
164
176
190
204
179
199
250
261
270
280
331
345
347
375
360
375
380
363
369
367
356
345
354
340
322
329
329
327
324
267
230
211
172
147
117
95
92
62
27
13
-8
-15
-18
-36
-63
-85
-110
-133
-149
-146
-143
-125
-103
-99
-106
-89
-80
-64
-54
-74
-78
-109
-147
-145
-118
-84
-44
-42
-41
-28
-67
-104
-123
-112
-76
-22
-9
11
-22
-46
-21
1
45
20
-5
-51
-97
-146
-205
-216
-223
-220
-238
-207
-167
-186
-156
-175
-194
-194
-136
-103
-107
-53
-39
-40
-11
-3
-34
-21
-33
-46
-27
-46
-29
-40
-60
-82
-63
-12
3
19
25
80
65
22
6
-3
-7
14
49
94
144
165
185
148
135
96
86
65
31
26
29
22
24
25
26
36
35
57
69
71
93
59
54
40
36
64
110
148
202
220
211
157
134
155
145
154
166
206
223
236
238
258
246
243
225
236
208
177
143
94
65
33
24
7
17
19
21
-33
-87
-122
-175
-160
-181
-186
-159
-170
-172
-202
-216
-240
-264
-265
-283
-307
-328
-349
-422
-443
-443
-423
-407
-395
-376
-379
-401
-425
-400
-364
-331
-301
-245
-187
-120
-61
-32
-44
-1
45
62
93
124
173
185
188
199
186
175
191
203
232
261
299
321
366
363
364
390
386
415
430
444
462
468
427
374
355
303
279
267
259
264
250
232
187
136
127
108
45
26
-1
-34
-56
-82
-105
-76
-51
-78
-123
-151
-193
-234
-258
-273
-268
-259
-232
-203
-157
-138
-114
-112
-96
-71
-70
-48
-64
-61
-69
-94
-92
-99
-126
-90
-73
-118
-87
-65
-93
-115
-115
-122
-130
-144
-165
-175
-169
-166
-147
-119
-89
-77
-80
-77
-114
-129
-152
-169
-149
-121
-115
-135
-165
-189
-148
-142
-126
-106
-88
-81
-58
-55
-81
-50
-18
6
72
119
172
232
221
220
187
166
188
183
174
218
224
225
190
155
150
136
144
177
201
222
225
203
161
139
134
128
149
143
122
115
71
24
22
-9
0
33
70
117
120
124
119
107
119
103
107
79
56
37
24
5
-28
-41
-64
-68
-99
-80
-43
12
38
62
78
69
59
60
79
71
113
159
175
174
157
114
103
75
44
19
-55
-98
-172
-180
-211
-227
-237
-260
-254
-292
-301
-356
-384
-391
-412
-397
-364
-372
-395
-393
-397
-413
-416
-390
-353
-344
-305
-295
-284
-263
-241
-198
-152
-123
-90
-62
-51
-36
5
58
106
155
185
194
226
221
204
205
220
247
264
292
298
339
347
348
344
333
338
316
316
308
324
290
249
239
195
156
146
142
125
111
99
56
32
23
28
25
-13
15
14
37
45
60
63
69
56
53
44
15
1
-26
-13
-16
-18
-35
-28
21
29
26
28
47
42
19
-1
11
37
24
21
10
19
-3
-55
-86
-129
-177
-218
-232
-216
-201
-222
-265
-276
-296
-340
-354
-349
-343
-338
-288
-256
-244
-200
-129
-98
-53
-17
-11
38
77
76
120
98
66
63
38
70
81
72
75
82
62
45
67
88
96
137
200
224
228
236
228
206
187
197
206
200
209
216
190
152
124
78
29
-3
-34
-29
-31
-22
-18
-10
-22
-18
-24
-29
15
3
-2
-9
-16
-48
-72
-72
-81
-43
-36
-18
-23
-51
-102
-163
-167
-137
-106
-71
-76
-74
-84
-97
-111
-75
-32
-24
-11
5
11
-5
4
-5
9
23
20
45
62
57
92
104
143
130
150
125
86
67
35
12
-22
-50
-58
-89
-119
-141
-167
-189
-223
-226
-213
-185
-151
-145
-143
-128
-131
-134
-137
-142
-135
-123
-110
-92
-75
-70
-44
-4
25
71
101
138
137
149
170
156
137
151
134
144
163
110
82
86
82
111
135
160
149
118
76
43
12
-14
5
19
15
7
12
-42
-81
-121
-117
-103
-73
-42
-14
29
38
29
-3
32
59
86
103
93
70
22
-14
-26
-4
30
71
88
93
78
72
44
83
112
146
163
153
163
149
144
121
100
92
56
51
58
57
48
34
22
9
8
14
1
-3
3
-34
-64
-94
-119
-133
-158
-179
-213
-230
-251
-261
-276
-297
-312
-327
-311
-315
-303
-295
-273
-263
-229
-205
-169
-77
-28
19
41
61
54
53
60
76
79
99
132
145
142
130
154
129
124
128
113
122
144
130
90
102
89
90
92
83
81
74
62
14
11
9
-26
-17
-37
-64
-91
-132
-182
-172
-147
-125
-100
-97
-76
-57
-40
-50
-42
-22
-14
-4
13
75
131
134
137
123
110
101
114
129
129
131
153
154
151
171
183
185
199
171
135
139
116
120
131
130
149
138
111
76
41
6
-16
-51
-45
-16
-1
12
0
-14
-17
-61
-84
-89
-113
-121
-110
-114
-107
-151
-195
-242
-284
-261
-239
-233
-204
-198
-181
-175
-170
-141
-119
-96
-56
-20
-3
2
-5
6
-13
-5
21
68
107
133
137
120
125
144
113
110
118
109
99
100
101
80
81
86
89
73
70
44
37
37
34
36
28
-16
-7
-17
-38
-38
-48
-39
-66
-74
-53
-44
-46
-61
-60
-47
-31
-23
-10
8
-2
-25
-58
-63
-80
-88
-95
-96
-74
-80
-76
-79
-43
-24
22
36
39
32
0
-19
-52
-54
-83
-76
-54
-71
-98
-138
-163
-143
-134
-106
-51
-28
-19
-7
-9
-36
-10
32
52
79
98
76
69
68
47
6
13
47
47
85
131
144
127
94
65
71
91
125
158
184
196
203
193
200
212
228
228
227
192
179
161
109
90
68
54
47
53
49
27
-4
-49
-77
-81
-103
-114
-132
-158
-205
-230
-235
-256
-266
-252
-241
-240
-231
-221
-214
-181
-182
-172
-147
-151
-140
-119
-94
-84
-85
-78
-38
6
34
66
70
81
93
94
129
169
187
205
222
223
212
189
159
139
129
134
123
137
147
149
151
135
155
134
111
117
99
93
89
65
38
-4
-35
-70
-86
-72
-70
-88
-73
-42
-54
-67
-73
-93
-64
-67
-78
-68
-46
-64
-81
-106
-143
-157
-200
-195
-194
-188
-190
-184
-184
-196
-201
-190
-188
-171
-138
-136
-105
-106
-128
-147
-150
-127
-105
-102
-71
-55
-48
-77
-79
-101
-78
-79
-86
-85
-41
-17
-14
29
45
99
130
153
201
233
253
255
215
218
206
213
230
251
279
274
282
294
266
241
231
223
232
252
242
245
233
192
198
195
201
223
198
190
176
161
134
87
66
34
19
10
4
23
38
36
-5
-31
-81
-109
-114
-174
-222
-240
-237
-234
-237
-258
-265
-273
-297
-304
-283
-251
-223
-231
-217
-211
-177
-156
-123
-88
-83
-54
-69
-72
-79
-94
-107
-116
-120
-113
-132
-103
-71
-94
-100
-92
-87
-96
-72
-60
-51
-35
-18
8
57
95
112
141
172
218
230
206
217
204
197
192
195
208
189
149
109
65
6
-20
-44
-32
-35
-46
-58
-66
-71
-85
-89
-72
-52
-25
-15
-20
-18
-36
-22
-11
-16
31
41
47
68
42
12
-15
-34
-54
-37
-4
47
64
88
96
98
91
61
47
42
48
45
35
32
51
36
-21
-32
-49
-61
-39
-18
13
-1
-7
-36
-63
-84
-85
-53
-47
-51
-75
-83
-113
-114
-106
-85
-68
-44
-33
-36
-27
-27
-14
9
30
44
79
84
69
68
74
50
72
79
92
122
109
137
140
149
165
162
151
144
136
93
106
116
85
67
30
24
-19
-51
-49
-48
-42
-25
-17
-19
-18
-49
-76
-93
-76
-74
-77
-87
-108
-142
-142
-151
-161
-146
-143
-121
-116
-101
-112
-112
-99
-119
-112
-78
-66
-39
-43
-21
-26
-9
12
30
48
67
97
107
113
113
133
138
129
141
128
148
156
147
155
117
70
35
26
32
6
-10
-36
-48
-51
-79
-80
-108
-110
-120
-98
-82
-104
-119
-136
-143
-149
-153
-160
-138
-146
-144
-153
-123
-102
-73
-47
-32
-16
11
28
46
71
74
77
74
55
25
16
24
47
77
69
71
70
42
24
28
39
65
100
83
66
57
33
0
-1
39
52
42
25
3
-17
-41
-17
-7
14
54
87
87
74
46
6
-2
27
51
66
75
96
113
117
139
171
225
241
245
270
247
233
227
205
182
184
182
160
127
104
51
12
-12
-58
-87
-119
-138
-157
-209
-219
-224
-234
-217
-219
-223
-186
-168
-156
-142
-141
-139
-176
-205
-215
-204
-224
-222
-206
-188
-180
-168
-150
-144
-127
-116
-109
-87
-81
-73
-59
-24
4
-5
8
47
56
65
71
74
73
72
56
50
71
77
76
72
99
106
101
91
82
87
71
58
46
59
54
74
70
76
106
101
107
103
124
96
73
64
38
46
55
56
56
58
35
37
19
-1
-6
-53
-53
-66
-81
-87
-106
-101
-101
-94
-110
-144
-161
-134
-131
-138
-110
-69
-44
-27
3
16
54
46
25
32
48
65
67
71
93
96
89
91
69
64
67
48
42
46
14
13
13
-4
-2
11
16
13
20
9
-5
-4
-10
-8
1
23
46
59
59
60
89
78
71
50
57
62
29
31
13
31
25
15
-9
-1
-11
-12
-19
-16
3
11
6
0
6
-18
-17
-38
-36
-45
-77
-78
-87
-90
-100
-108
-91
-83
-81
-90
-113
-102
-123
-137
-112
-97
-78
-76
-91
-76
-62
-45
-34
-40
-36
-14
4
18
47
65
104
119
113
105
89
84
61
47
47
60
66
77
87
105
120
128
122
117
102
112
128
124
122
123
101
91
60
47
52
52
31
2
-30
-49
-88
-125
-131
-164
-196
-187
-182
-183
-164
-160
-148
-141
-124
-103
-98
-79
-55
-41
-58
-91
-86
-89
-95
-88
-69
-50
-47
-62
-84
-92
-99
-91
-105
-96
-85
-41
-41
-16
37
50
68
68
88
105
113
102
110
108
123
133
148
169
178
192
197
167
150
116
83
64
56
73
59
60
54
51
40
27
51
53
54
55
43
25
21
31
30
45
31
7
20
15
23
23
21
42
35
14
8
-27
-41
-44
-33
-26
-47
-54
-47
-53
-64
-63
-58
-27
-16
-19
-27
-15
-8
7
11
10
45
9
-4
-34
-45
-40
-91
-103
-72
-53
-45
13
10
-11
-29
-77
-80
-50
-1
25
26
56
64
55
32
33
37
31
21
56
75
52
47
39
58
62
40
19
25
-15
-55
-92
-99
-120
-124
-146
-163
-151
-171
-156
-172
-172
-176
-149
-150
-160
-134
-154
-127
-102
-94
-74
-44
-44
-35
-31
-50
-20
-13
-6
21
49
78
83
88
76
78
86
104
112
119
129
128
131
96
99
79
71
86
85
99
117
106
93
90
98
100
109
130
132
126
138
136
131
126
107
107
99
110
98
83
76
69
44
33
13
7
13
-13
-34
-13
-27
-37
-64
-84
-92
-108
-102
-114
-107
-106
-102
-98
-130
-135
-134
-159
-170
-186
-168
-150
-133
-92
-90
-66
-59
-95
-93
-74
-51
-31
-14
-18
-33
-56
-77
-73
-92
-78
-72
-64
-21
-21
-8
-2
-26
-30
-33
-12
12
30
64
59
61
79
80
82
89
112
100
108
116
129
137
124
132
108
100
113
97
96
92
73
75
80
64
51
44
47
32
24
28
36
32
16
-23
-52
-80
-98
-100
-97
-71
-40
-31
-55
-56
-57
-33
-34
-22
-9
1
8
-10
-8
19
12
8
19
18
10
21
33
44
32
40
34
27
27
27
31
47
50
50
43
48
56
51
87
85
118
132
134
122
83
66
43
18
7
-5
-29
-38
-50
-84
-101
-129
-131
-131
-121
-102
-94
-80
-84
-73
-75
-84
-82
-81
-97
-87
-112
-135
-132
-142
-121
-84
-74
-84
-103
-104
-104
-110
-125
-109
-102
-97
-110
-124
-142
-135
-146
-152
-165
-123
-87
-84
-72
-40
-19
-10
23
26
66
85
81
79
118
120
139
159
161
164
203
222
223
239
238
234
231
258
234
251
278
291
305
296
288
254
226
179
152
158
145
119
59
9
-6
-22
-48
-43
-55
-50
-67
-101
-96
-107
-101
-105
-107
-130
-108
-114
-138
-146
-154
-168
-173
-178
-170
-163
-166
-159
-180
-165
-148
-128
-136
-120
-95
-73
-70
-66
-55
-39
-38
-69
-49
-40
-72
-70
-68
-59
-50
-61
-53
-34
-34
-36
-31
-23
-5
-10
11
39
51
66
44
57
50
56
86
101
128
145
145
133
120
98
90
103
130
114
119
135
148
140
119
113
106
122
116
116
99
108
103
101
78
78
69
65
49
26
14
-32
-59
-78
-82
-86
-87
-99
-112
-117
-121
-142
-158
-158
-122
-100
-93
-75
-77
-78
-72
-69
-61
-50
-53
-32
-15
4
-2
-11
-17
-40
-61
-74
-52
-49
-45
-39
-38
-16
-2
11
30
48
79
94
109
103
119
113
103
84
67
66
42
34
-3
-24
-38
-52
-47
-49
-46
-53
-56
-73
-97
-105
-120
-139
-123
-99
-105
-91
-95
-100
-76
-58
-42
-45
-38
-34
-25
-20
-29
-15
-14
-12
-5
-21
-20
-3
-16
-22
-29
-42
-47
-33
-12
28
50
58
75
68
58
85
97
97
106
113
136
125
134
137
137
147
139
136
147
151
147
138
133
142
143
138
141
150
159
152
115
96
82
68
31
37
23
-9
11
13
16
-1
-1
-16
-38
-68
-77
-83
-101
-117
-123
-116
-135
-147
-155
-167
-167
-158
-168
-131
-128
-128
-124
-147
-159
-162
-162
-149
-126
-96
-82
-72
-75
-58
-60
-44
-33
-15
-6
-1
3
5
11
-3
12
13
11
8
-2
0
-7
-9
14
44
69
97
111
96
93
84
78
109
127
152
158
158
162
153
144
119
95
91
66
25
16
5
12
5
13
17
28
32
22
26
2
-19
-34
-58
-69
-83
-88
-90
-102
-117
-121
-121
-102
-77
-73
-64
-79
-101
-113
-131
-136
-135
-116
-101
-84
-67
-51
-31
-4
-2
4
11
5
37
44
61
70
84
77
62
45
58
59
65
96
111
118
132
128
123
129
136
118
119
118
108
102
97
99
87
95
73
65
64
62
63
64
67
56
42
41
32
5
-22
-33
-59
-88
-119
-116
-108
-115
-130
-112
-126
-131
-145
-147
-150
-137
-131
-133
-109
-111
-126
-138
-141
-131
-118
-135
-121
-109
-102
-99
-97
-83
-41
-18
-5
16
13
-9
-3
4
13
33
27
29
32
35
54
53
69
73
73
81
87
95
100
123
125
128
157
152
171
156
151
158
142
132
131
126
110
95
83
65
50
32
25
25
19
23
23
30
13
19
6
-13
-18
-26
-41
-52
-57
-56
-88
-118
-146
-157
-152
-152
-156
-129
-123
-131
-141
-152
-139
-134
-125
-125
-96
-102
-111
-104
-93
-73
-58
-48
-34
-5
0
21
30
43
65
78
92
92
84
72
62
54
55
47
58
70
56
67
68
80
80
81
88
97
113
113
91
75
66
33
11
-3
-11
0
-6
-5
-3
-16
-21
-31
-45
-45
-63
-71
-75
-88
-72
-66
-76
-80
-54
-39
-36
-46
-42
-59
-64
-68
-60
-41
-31
1
7
25
48
60
70
71
68
77
71
94
114
122
108
82
68
79
84
70
84
63
57
52
41
45
53
69
69
49
50
47
34
25
22
36
43
47
39
47
54
63
60
55
51
51
31
13
21
-5
-31
-42
-67
-78
-101
-95
-90
-116
-119
-133
-145
-147
-161
-159
-145
-152
-151
-147
-141
-150
-155
-136
-122
-101
-89
-89
-90
-75
-80
-86
-75
-81
-97
-111
-117
-127
-119
-116
-90
-77
-83
-76
-70
-53
-39
-25
-14
-10
20
52
79
89
123
159
179
183
204
206
201
210
214
220
238
267
260
254
249
245
221
212
197
180
187
176
149
125
111
84
66
24
-6
-20
-39
-44
-57
-67
-66
-70
-74
-80
-61
-34
-29
-25
-23
-28
-18
-17
-11
-8
-20
-53
-69
-67
-97
-111
-112
-115
-117
-100
-105
-98
-97
-108
-96
-83
-70
-76
-82
-85
-87
-87
-94
-101
-90
-77
-89
-82
-47
-45
-45
-37
-19
-24
-9
-7
-4
13
15
36
43
42
29
40
33
38
26
33
57
57
76
55
52
49
32
27
12
-5
-15
-19
-21
-29
-28
-15
-8
4
-3
13
14
17
32
30
22
25
32
29
18
3
-1
-3
-15
-16
-19
-27
-27
-29
-16
7
9
18
10
5
4
3
12
6
14
13
12
6
25
36
45
58
38
37
36
46
63
64
66
59
58
51
51
50
55
69
75
72
71
61
40
24
25
3
-4
4
5
-1
-23
-27
-52
-44
-46
-40
-38
-47
-53
-71
-84
-101
-99
-119
-120
-98
-90
-96
-106
-111
-115
-141
-147
-148
-141
-115
-114
-81
-58
-53
-39
-35
-23
-36
-10
23
33
56
51
49
48
54
55
59
64
87
86
78
80
93
103
96
100
85
90
97
90
96
102
104
119
109
106
91
65
55
64
47
56
64
68
52
44
24
22
13
10
19
-4
6
-13
-20
-40
-45
-39
-36
-51
-56
-56
-62
-47
-57
-44
-49
-66
-57
-60
-57
-35
-8
5
4
-5
-1
-4
-8
-6
-2
-25
-46
-72
-85
-88
-95
-88
-93
-84
-76
-71
-76
-73
-45
-27
-13
-13
-1
10
15
22
32
46
60
60
44
29
24
32
29
23
25
28
26
29
37
35
46
39
32
21
15
19
23
23
29
35
28
27
18
28
29
30
10
4
-15
-37
-40
-33
-23
-10
2
-4
-12
-17
-29
-36
-29
-27
-12
-15
-14
5
9
-16
-27
-35
-28
-40
-39
-36
-41
-34
-33
-21
-16
-5
-1
0
2
12
23
22
24
32
34
31
42
38
25
33
33
