1
-1
-3
-4
-5
-1
-3
-3
-2
-4
-7
-9
-10
-13
-13
-14
-11
-12
-9
-3
-2
-3
-3
-2
-3
-1
1
0
-3
-7
-5
-6
-3
-1
2
2
1
3
-2
-2
-1
6
12
9
9
5
6
6
3
2
4
5
3
1
1
0
-1
-3
-2
-2
-5
-5
-4
0
2
-1
-1
-2
0
3
-3
-1
1
-2
-1
-4
-3
-6
-6
-10
-13
-12
-16
-10
-9
-7
-2
1
0
4
4
0
0
1
4
4
3
5
4
3
1
5
6
8
10
9
8
11
13
13
16
16
18
18
16
15
15
15
15
14
14
11
7
8
7
7
5
3
3
-1
0
1
-1
4
3
2
3
4
1
0
-4
-4
-2
-7
-5
-5
-8
-11
-13
-11
-11
-12
-13
-15
-13
-9
-11
-10
-11
-9
-11
-12
-15
-13
-16
-20
-18
-19
-13
-9
-8
-10
-7
-8
-7
-6
-3
-1
-1
1
2
0
-2
-1
-3
-6
-4
-4
-4
-1
-4
-2
2
4
6
8
8
7
6
3
1
1
-1
2
5
5
3
5
3
2
-1
-1
1
0
4
10
16
15
11
9
10
9
9
11
10
5
4
3
5
5
4
2
2
-5
0
0
0
0
-3
-3
-1
2
2
2
-2
-4
-4
-3
0
1
2
2
-3
-3
0
4
3
0
-3
-2
-2
-1
-4
-6
-3
-5
-2
-2
-1
-1
-1
2
-3
-2
-1
-1
-1
3
7
5
2
-1
2
1
0
3
4
5
6
6
5
4
0
-2
-3
1
-2
1
5
5
4
7
5
4
2
0
3
4
5
7
6
8
5
2
1
-1
-3
-4
-3
-3
-3
-3
-4
-5
-3
-2
-2
0
-1
-4
-10
-11
-8
-12
-12
-13
-14
-10
-9
-4
-6
-5
-10
-9
-9
-4
-2
-5
-2
-7
-6
-8
-7
0
-1
-1
3
4
5
9
9
10
8
10
13
14
19
16
12
15
13
11
4
3
6
8
9
10
8
9
9
5
2
1
4
-1
-2
-5
-11
-13
-15
-17
-16
-15
-15
-13
-14
-15
-15
-15
-15
-18
-16
-17
-14
-10
-10
-9
-7
-2
-1
-4
-1
0
0
1
1
2
1
4
9
10
11
7
11
10
5
4
8
12
16
15
17
17
11
11
9
10
12
9
10
11
6
6
7
2
1
3
3
3
2
0
-3
-5
-6
-6
-6
-7
-7
-5
-1
2
2
0
-3
-1
-4
-5
-4
-4
-4
-9
-8
-4
-2
-4
-4
-4
-5
-2
-3
4
5
5
8
5
9
10
10
11
12
10
11
7
3
0
3
6
6
7
4
6
7
5
3
0
-1
-1
-2
-4
0
0
0
0
-3
-5
-7
-9
-14
-12
-14
-13
-13
-11
-16
-17
-12
-15
-14
-12
-10
-8
-6
-8
-9
-12
-14
-15
-13
-7
-8
-5
1
2
6
3
0
3
0
-2
-6
-7
-4
-5
-1
-3
-7
-4
2
2
4
2
4
2
2
6
2
7
8
9
10
11
10
13
10
9
6
1
6
5
7
7
6
8
8
9
4
3
6
4
5
6
3
5
6
6
8
2
3
4
4
1
-4
-4
-4
-3
-3
1
2
3
0
0
-1
-6
-8
-6
-1
-1
4
10
8
8
10
4
4
2
-1
0
0
3
3
0
2
-5
-12
-9
-12
-12
-8
-6
-3
-1
0
-4
-8
-8
-11
-9
-4
-2
-5
-2
4
2
5
4
6
2
-1
-1
0
7
5
3
4
1
-1
-8
-6
-3
-2
1
5
12
13
14
17
17
15
16
16
13
10
8
3
-1
0
-3
-5
-6
-7
-8
-9
-6
-8
-12
-8
-5
-4
-2
3
-2
-4
-3
-4
-2
0
0
-5
-6
-6
-1
0
-3
-4
-4
-9
-12
-9
-14
-14
-13
-11
-10
-3
-1
-1
-3
-2
0
1
4
3
6
0
-2
-1
-4
0
1
0
9
8
7
7
2
8
8
8
10
8
5
2
5
2
-1
-2
-1
-4
-6
-6
-7
-10
-10
-13
-9
-6
-4
1
3
-3
-13
-14
-19
-6
-10
-16
-17
-9
2
1
3
8
10
12
7
10
12
15
29
32
29
32
42
45
33
20
22
13
-9
-15
-8
-4
-6
-10
-7
-8
-14
-22
-26
-36
-29
-20
-16
-10
1
16
16
9
16
28
38
41
42
42
34
16
2
-10
-14
-19
-32
-37
-46
-46
-34
-25
-21
-23
-10
-3
-2
7
18
31
29
21
21
21
18
23
16
16
19
17
12
-1
3
5
-7
-13
-21
-18
-21
-31
-40
-43
-37
-36
-51
-54
-46
-44
-33
-32
-30
-22
-19
-19
-13
-6
-2
7
-4
-7
-8
-6
-7
-14
-17
-12
1
-3
5
18
28
26
24
29
33
46
53
53
49
57
53
52
56
50
49
34
17
11
2
-11
-16
-25
-30
-27
-25
-29
-32
-23
-21
-21
-17
-12
-3
-13
-16
-3
-4
-11
-8
8
24
34
34
42
41
35
32
39
38
35
39
39
23
20
19
2
-3
-12
-20
-30
-39
-41
-33
-29
-26
-20
-15
-13
-15
-17
-17
-12
-16
-6
-4
7
6
13
37
31
47
49
52
60
55
46
28
18
14
17
9
9
13
7
8
6
0
4
-10
-24
-41
-43
-75
-122
-172
-229
-265
-307
-343
-370
-368
-335
-291
-254
-225
-164
-91
-33
0
22
92
155
237
281
307
353
401
444
457
467
472
466
454
408
368
337
310
254
175
104
41
-2
-60
-129
-178
-192
-182
-206
-223
-235
-224
-223
-225
-192
-159
-124
-118
-77
-52
-38
14
42
63
54
75
114
113
135
145
168
149
136
120
79
44
-16
-52
-117
-182
-231
-289
-321
-361
-368
-365
-373
-382
-349
-303
-283
-250
-204
-138
-67
-33
14
75
113
142
160
175
178
181
176
156
146
139
147
110
19
-79
-135
-181
-293
-403
-460
-457
-461
-470
-457
-410
-345
-251
-165
-101
-13
150
320
415
483
600
762
863
892
893
962
1009
1012
951
886
860
785
666
492
369
265
124
-94
-283
-358
-413
-517
-672
-691
-675
-701
-723
-732
-712
-691
-633
-563
-492
-421
-302
-148
-95
-59
86
240
309
352
460
557
581
551
528
544
526
428
344
269
188
109
22
-114
-233
-281
-343
-452
-558
-563
-555
-620
-678
-677
-590
-544
-548
-506
-366
-229
-135
-37
70
232
371
413
126
-245
-468
-397
-477
-882
-1182
-1139
-890
-867
-1011
-990
-773
-416
-82
48
60
295
828
1083
1015
861
1180
1733
1871
1598
1350
1558
1849
1898
1632
1348
1410
1498
1441
1053
716
688
690
404
-81
-365
-411
-512
-702
-973
-1166
-1280
-1197
-1030
-1041
-1226
-1169
-815
-548
-669
-773
-674
-524
-490
-613
-626
-538
-261
-8
4
15
274
694
861
640
574
691
693
404
134
100
61
-176
-448
-549
-535
-579
-631
-788
-816
-673
-503
-449
-564
-536
-372
-422
-459
-398
-160
-64
-255
-409
-300
-57
-22
9
83
256
418
491
524
569
889
970
538
56
-156
44
-171
-822
-1251
-1155
-948
-1070
-1233
-1113
-680
-324
-132
50
205
648
1122
1240
1105
1141
1622
1866
1651
1452
1576
1863
1834
1615
1524
1504
1482
1248
920
656
453
328
30
-394
-615
-798
-1042
-1335
-1546
-1616
-1659
-1720
-1671
-1514
-1323
-1207
-1069
-732
-376
-156
42
354
558
643
615
710
934
976
904
942
1070
1041
913
866
842
773
547
330
76
-60
-146
-522
-896
-1163
-1284
-1400
-1536
-1663
-1659
-1505
-1440
-1276
-944
-591
-312
-71
189
396
573
614
726
742
803
779
846
292
-626
-1280
-1372
-989
-1587
-2366
-2558
-1795
-1139
-1229
-1420
-1259
-656
123
355
201
31
624
1281
1253
666
536
1671
2535
2453
1876
1961
2851
3377
3241
2523
2187
2315
2338
1765
770
236
90
-223
-996
-1692
-1779
-1665
-1591
-1619
-1755
-1824
-1722
-1124
-795
-1053
-1397
-1110
-311
-296
-840
-1078
-794
-424
-599
-855
-812
-250
175
271
219
482
1137
1614
1397
1140
1287
1658
1506
920
562
536
410
5
-294
-204
-71
-225
-517
-628
-491
-268
-226
-408
-523
-327
-171
-364
-601
-531
-241
-449
-868
-859
-372
-56
-241
-451
-301
54
236
193
242
523
859
802
209
-303
-373
-190
-695
-1624
-1979
-1819
-1511
-1737
-1806
-1422
-990
-722
-429
-47
347
737
1062
1185
1317
1512
1782
1868
1705
1752
1811
1841
1715
1791
1985
1888
1666
1561
1676
1600
1240
861
605
358
-57
-368
-625
-967
-1211
-1620
-2075
-2291
-2305
-2189
-2247
-2231
-1979
-1736
-1360
-1079
-749
-331
-49
91
207
498
879
1059
976
1100
1458
1667
1731
1807
1955
1927
1648
1350
1162
1028
674
160
-283
-801
-1229
-1512
-1831
-1995
-2160
-2249
-2140
-1893
-1402
-964
-780
-700
-396
72
383
514
524
669
573
469
419
514
107
-828
-1656
-1710
-1167
-1488
-2223
-2430
-1651
-851
-837
-1095
-1011
-517
251
383
-49
-473
55
1046
1138
527
299
1569
2873
2878
2239
2272
3361
4140
3897
2902
2399
2646
2768
2044
815
221
316
152
-686
-1445
-1421
-1129
-1149
-1466
-1794
-1676
-1531
-1139
-1042
-1418
-1688
-1622
-1250
-1329
-1769
-1908
-1611
-1236
-1316
-1519
-1174
-433
252
511
788
1302
1811
2112
1947
1750
1826
1828
1431
868
544
470
182
-275
-550
-551
-418
-487
-659
-711
-559
-384
-468
-792
-1048
-940
-822
-1010
-1332
-1261
-1068
-1040
-1187
-1128
-677
-271
-186
-284
-1
633
870
837
813
967
1289
1331
1156
722
505
233
-213
-720
-1266
-1293
-1297
-1495
-1727
-1764
-1474
-1245
-1105
-747
-398
-136
95
561
1034
1321
1436
1646
2088
2319
2436
2390
2479
2566
2438
2281
2074
2051
2028
1918
1561
1103
945
794
511
-19
-535
-875
-1341
-1727
-2324
-2698
-2944
-3238
-3314
-3299
-3064
-2764
-2490
-1950
-1389
-947
-569
-79
394
692
1113
1456
1706
1835
2034
2327
2314
2210
2160
2258
2119
1718
1336
1001
727
218
-386
-974
-1356
-1587
-1941
-2290
-2599
-2586
-2253
-2066
-1927
-1607
-1135
-803
-619
-400
3
338
455
457
597
726
864
1016
1086
397
-465
-947
-730
-363
-1016
-1649
-1679
-886
-419
-629
-968
-867
-314
222
231
-258
-425
390
1015
832
297
830
2389
3151
2748
2196
2853
3984
4156
3527
2772
2749
2889
2447
1448
539
303
116
-623
-1642
-1946
-1760
-1708
-2001
-2299
-2306
-2096
-1977
-1629
-1631
-1846
-2049
-1898
-1543
-1696
-1880
-1983
-1589
-1483
-1544
-1409
-919
-179
361
555
754
1254
1842
2124
1932
1730
1745
1640
1137
756
655
595
181
-251
-404
-295
-209
-325
-403
-378
-221
-207
-303
-371
-394
-412
-639
-982
-1150
-937
-844
-1040
-1180
-918
-439
-158
-243
-97
286
780
946
756
772
1042
1355
1325
1011
618
563
339
-241
-770
-1148
-1007
-1123
-1359
-1329
-1067
-733
-716
-543
-81
451
706
649
936
1416
1558
1260
1107
1502
1889
1831
1427
1341
1628
1786
1554
973
935
1085
1040
530
62
51
-13
-422
-1129
-1440
-1409
-1577
-2035
-2526
-2744
-2683
-2723
-2760
-2745
-2422
-2062
-1730
-1328
-774
-47
278
543
951
1438
1747
1863
2044
2300
2540
2437
2231
2192
2315
2381
2092
1627
1277
1133
877
306
-181
-494
-633
-1008
-1473
-1640
-1648
-1560
-1670
-1588
-1391
-1257
-1159
-994
-707
-637
-596
-657
-560
-322
-307
-302
-358
-146
109
233
-194
-866
-1225
-1174
-855
-1361
-1870
-1863
-1453
-1078
-1206
-1382
-1290
-1003
-541
-332
-342
-398
262
1260
1656
1519
1649
2774
3802
3982
3473
3355
3968
4237
3809
2826
2220
2057
1863
1181
166
-425
-556
-741
-1443
-2062
-2086
-1913
-1859
-2106
-2341
-2107
-1758
-1277
-1269
-1662
-1961
-1755
-1239
-1072
-1378
-1317
-726
-319
-288
-206
287
865
1116
1064
1172
1514
1776
1706
1342
1101
1046
903
696
490
455
389
34
-297
-359
-237
-171
-323
-579
-676
-606
-747
-1014
-1169
-1215
-1316
-1573
-1764
-1682
-1332
-1175
-1308
-1395
-1009
-354
-127
-177
-14
450
800
723
568
767
1240
1453
1118
962
1118
1045
679
70
-95
-127
-359
-739
-1042
-772
-472
-432
-602
-565
-160
349
621
635
765
1161
1453
1334
1063
1330
1805
1883
1449
1152
1337
1570
1493
1123
768
633
661
656
547
309
119
-142
-451
-719
-1028
-1369
-1835
-2258
-2613
-2818
-2902
-2851
-2709
-2659
-2614
-2249
-1570
-760
-181
219
704
1230
1624
1750
1984
2350
2516
2218
1846
1812
1899
1908
1696
1285
1105
1024
947
769
455
188
-24
-339
-758
-1169
-1257
-1300
-1533
-1950
-2153
-2010
-1797
-1652
-1493
-1381
-1284
-1149
-976
-749
-467
-203
-79
-44
15
46
323
584
792
318
-348
-726
-526
-48
-519
-1305
-1468
-710
-164
-330
-730
-739
-286
179
223
4
-36
702
1437
1502
1156
1491
2780
3530
3254
2542
2585
3189
3243
2536
1554
1066
1024
772
-40
-874
-1189
-1184
-1364
-1971
-2380
-2115
-1601
-1277
-1363
-1477
-1311
-975
-528
-615
-1019
-1233
-792
-386
-532
-852
-891
-344
-166
-365
-244
396
1017
1086
914
1059
1415
1694
1717
1507
1311
1156
1070
807
552
333
93
-179
-470
-502
-457
-529
-862
-1099
-1126
-1151
-1390
-1443
-1325
-1383
-1632
-1921
-1786
-1403
-1112
-1118
-1170
-996
-473
99
283
280
550
959
1160
1089
1052
1280
1596
1632
1446
1542
1813
1760
1298
736
401
394
110
-261
-547
-632
-645
-855
-1053
-1106
-956
-839
-827
-974
-982
-719
-442
-333
-466
-390
71
448
507
425
561
945
1249
1322
1280
1431
1667
1663
1414
1118
1006
807
513
84
-399
-670
-1124
-1485
-1869
-2055
-2114
-2325
-2070
-1767
-1372
-1103
-692
-180
185
420
720
1067
1227
1220
1210
1124
1137
1173
1468
1565
1444
1555
1716
1917
1787
1588
1567
1453
1230
719
269
-176
-632
-1053
-1540
-2034
-2273
-2162
-2200
-2345
-2401
-2120
-1646
-1490
-1432
-1227
-923
-518
-446
-403
-290
-196
-45
-143
-189
-106
307
770
921
837
521
448
622
881
530
-154
-428
-9
156
-307
-955
-1320
-1060
-757
-773
-929
-854
-237
501
627
407
667
1710
2374
2004
1182
1208
1896
1943
1160
378
319
526
447
123
-13
248
503
493
241
181
404
602
380
-30
-211
-126
-169
-511
-715
-1081
-1341
-1506
-1351
-1146
-1203
-1230
-936
-585
-454
-380
-6
558
705
667
821
1291
1526
1343
1030
1085
1198
1067
812
657
666
607
391
-2
-202
-83
-192
-642
-1243
-1477
-1545
-1783
-2145
-2317
-2312
-2251
-2204
-1893
-1414
-1085
-857
-657
-425
-43
370
655
853
897
1073
1250
1447
1512
1556
1752
1766
1716
1649
1961
2191
1598
753
169
426
214
-594
-1441
-1683
-1439
-1590
-2323
-2735
-2649
-2281
-2115
-2327
-2390
-1769
-753
-424
-600
-590
498
1527
1747
1486
1702
2477
2796
2639
2406
2509
2736
2699
2315
1924
1737
1535
1045
312
-283
-593
-878
-1240
-1508
-1690
-1727
-1899
-1657
-1547
-1553
-1602
-1408
-740
-608
-608
-623
-160
178
255
184
254
844
1370
1515
1441
1717
2420
2630
2279
2060
2264
2318
1597
789
314
178
-442
-1351
-1949
-2269
-2408
-2912
-3282
-3242
-2840
-2582
-2556
-2417
-1983
-1225
-966
-1062
-855
-349
-111
-445
-725
-362
187
325
231
492
1216
1831
2082
2436
3019
3330
3163
2362
1665
1332
952
-57
-1426
-2133
-2292
-2365
-2945
-3303
-3015
-2500
-2032
-1722
-1262
-535
88
509
485
470
832
1369
1651
1374
1071
1337
1964
2294
2258
2306
2490
2668
2852
2890
2681
2415
2175
1809
1178
528
180
-120
-592
-1384
-2083
-2380
-2241
-2112
-2342
-2634
-2531
-2094
-1581
-1495
-1589
-1194
-794
-506
-647
-532
-71
364
394
244
380
934
1556
1755
1759
1818
2070
2157
1850
1472
1206
821
291
-401
-906
-1305
-1795
-2316
-2746
-2797
-2739
-2595
-2520
-2288
-1854
-1573
-1316
-1043
-366
211
413
425
745
1463
1875
1728
1555
1713
1951
1965
1851
1897
2034
2061
1987
1777
1622
1323
810
41
-524
-924
-1501
-2202
-2830
-3030
-3083
-3306
-3545
-3513
-3040
-2393
-2043
-1821
-1337
-453
344
789
865
1373
2246
2810
2792
2681
3039
3477
3529
3215
2917
2914
2830
2474
1901
1475
1268
972
374
-207
-539
-792
-1134
-1729
-2181
-2457
-2709
-2852
-2931
-2762
-2645
-2624
-2320
-1678
-1102
-887
-605
-190
178
461
800
1357
1609
1645
1855
2089
2133
2032
2250
2398
2092
1565
1128
928
574
75
-514
-980
-1487
-1866
-2108
-2383
-2540
-2510
-2364
-2432
-2414
-1983
-1492
-1237
-1388
-1268
-650
-290
-67
91
455
861
1181
1507
1794
2045
2317
2598
2746
2758
2589
2179
1550
788
383
-135
-906
-1725
-2071
-2007
-2319
-2778
-3063
-2865
-2477
-2251
-2088
-1934
-1501
-860
-443
-408
-266
494
1370
1591
1231
1217
1844
2436
2431
2311
2530
2961
3295
3230
2978
2878
2714
2328
1736
1064
638
270
-220
-769
-1323
-1782
-2132
-2190
-2194
-2332
-2601
-2622
-2286
-2067
-2255
-2398
-2024
-1464
-1220
-1247
-880
-231
213
412
590
963
1525
1982
1988
1862
1961
2107
2049
1626
1337
1324
1183
671
128
-168
-383
-792
-1311
-1625
-1819
-1948
-2142
-2332
-2167
-1907
-1638
-1518
-1261
-712
-195
177
324
681
1300
1663
1636
1659
2000
2312
2138
1802
1651
1724
1714
1445
1156
1206
1172
502
-440
-996
-807
-1009
-1875
-2861
-2933
-2467
-2472
-2932
-3276
-3062
-2574
-2377
-2232
-1875
-1204
-443
57
250
623
1508
2344
2653
2497
2442
2823
3234
3307
3098
2832
2639
2590
2426
2045
1534
983
582
-1
-717
-1334
-1623
-1722
-2068
-2654
-2958
-2821
-2225
-2222
-2483
-2434
-2030
-1264
-1218
-1188
-811
-239
250
197
353
801
1413
1826
1717
1677
2070
2633
2613
2304
2303
2522
2359
1662
1257
1114
784
9
-674
-938
-1192
-1573
-2050
-2177
-2236
-2332
-2379
-2396
-2189
-1887
-1619
-1524
-1385
-895
-405
-226
-84
256
976
1249
1166
1275
1558
1843
1817
1806
1851
1868
1784
1704
1491
902
203
-211
-513
-1107
-1884
-2459
-2633
-2758
-3038
-3223
-3245
-3018
-2624
-2257
-2006
-1894
-1527
-863
-384
-148
206
972
1807
2220
2378
2666
3271
3851
4029
3888
3767
3906
3979
3522
2819
2279
1958
1397
494
-210
-544
-876
-1519
-2102
-2334
-2395
-2457
-2542
-2490
-2374
-2415
-2301
-2130
-2030
-1845
-1854
-1555
-1208
-968
-663
-344
98
561
962
1232
1686
2281
2772
2844
2740
2942
3096
2807
2332
1822
1447
801
-193
-982
-1411
-1841
-2378
-2960
-3195
-3022
-2731
-2526
-2312
-1929
-1389
-999
-742
-430
136
544
378
173
382
888
1062
742
530
693
884
788
621
705
1077
1179
1133
1160
1552
1686
1030
-65
-761
-715
-1009
-1965
-2919
-3074
-2940
-3096
-3619
-3660
-3128
-2349
-1768
-1452
-1070
-214
816
1439
1542
1715
2562
3414
3581
3238
3148
3546
3698
3462
3064
2789
2612
2373
2053
1551
1069
780
506
60
-561
-940
-1140
-1388
-1879
-2302
-2563
-2663
-2486
-2474
-2638
-2783
-2330
-1724
-1243
-1309
-1198
-548
62
232
288
751
1434
1698
1652
1693
2167
2742
2769
2383
2098
2155
2116
1672
1021
472
217
-329
-1122
-1660
-1707
-1728
-2150
-2711
-2780
-2441
-2289
-2301
-2120
-1779
-1560
-1432
-1325
-931
-372
-17
-12
43
435
1007
1208
1114
1209
1509
1688
1576
1437
1705
1900
1842
1659
1677
1590
1171
202
-562
-891
-1403
-2288
-3304
-3610
-3430
-3338
-3573
-3769
-3481
-2639
-1834
-1440
-1212
-453
611
1448
1582
1768
2668
3654
3852
3381
3246
3683
4050
3687
3030
2689
2590
2502
2056
1585
1171
889
510
89
-299
-727
-1117
-1563
-1925
-2389
-2945
-3375
-3295
-3199
-3259
-3649
-3482
-2917
-2144
-1860
-1571
-904
-229
630
1148
1775
2174
2727
2890
2947
3035
3310
3281
2887
2547
2338
1810
1348
1011
741
242
-660
-1210
-1451
-1468
-1784
-2224
-2643
-2868
-2813
-2873
-2750
-2817
-2522
-2123
-2015
-1879
-1403
-564
-105
-14
163
685
1306
1656
1668
1824
2117
2227
2170
2011
2106
2226
2084
1843
1658
1580
1304
348
-771
-1289
-1652
-2331
-3500
-4046
-3953
-3753
-4092
-4241
-3882
-2957
-2095
-1667
-1303
-604
520
1404
1671
1799
2479
3353
3721
3457
3390
3657
3835
3645
3227
3149
3054
2864
2559
2181
1818
1369
874
360
-104
-670
-1332
-1979
-2332
-2611
-3017
-3510
-3550
-3282
-3172
-3111
-2878
-2047
-1175
-838
-621
-13
769
1243
1286
1484
1963
2207
2124
2065
2339
2646
2524
2050
1840
1974
1925
1477
933
599
384
-159
-984
-1617
-1835
-2114
-2872
-3618
-3792
-3566
-3476
-3566
-3472
-2891
-2157
-1731
-1335
-690
186
933
1171
1321
1747
2141
2284
2089
1966
1985
2047
1848
1620
1603
1713
1713
1491
1384
1408
1535
923
-31
-1014
-1432
-1893
-2763
-3707
-4215
-4068
-3940
-4004
-4019
-3555
-2813
-1987
-1231
-710
-53
943
1885
2473
2579
2841
3424
4043
4065
3643
3507
3649
3729
3504
3065
2736
2587
2399
1856
1216
651
309
-179
-942
-1807
-2328
-2604
-3012
-3507
-3898
-4034
-3895
-3548
-3262
-2879
-2343
-1626
-918
-437
-27
566
1275
1712
1868
1990
2262
2572
2685
2599
2627
2802
3006
2841
2439
2294
2139
1674
950
365
-93
-693
-1529
-2300
-2694
-2986
-3488
-4000
-4134
-3888
-3662
-3469
-3122
-2496
-1738
-1141
-566
27
722
1336
1636
1740
1899
2200
2360
2331
2121
2032
1959
1895
1803
1582
1384
1209
1064
922
651
403
162
-458
-1309
-2379
-2770
-3130
-3669
-4393
-4698
-4260
-3653
-3320
-3027
-2403
-1463
-481
302
842
1402
2358
3124
3286
3074
3370
3927
4171
3702
3124
3085
3288
3207
2779
2344
2088
1815
1464
1052
670
247
-174
-801
-1520
-2047
-2384
-2804
-3201
-3612
-3817
-3892
-3545
-2946
-2399
-2012
-1602
-903
31
680
959
1317
1866
2181
2182
2206
2599
2919
2867
2545
2301
2386
2544
2305
1699
1237
804
379
-324
-1030
-1591
-2074
-2769
-3454
-3828
-3930
-4029
-4106
-4026
-3638
-3103
-2454
-1736
-995
-321
183
632
1231
1900
2234
2225
2098
2039
2176
2225
2080
1927
1981
2013
1889
1644
1539
1574
1372
832
180
-204
-334
-569
-1505
-2458
-3416
-3537
-3742
-4175
-4545
-4429
-3669
-3088
-2552
-2098
-1152
-61
768
1299
1758
2416
3227
3613
3612
3464
3728
3951
3827
3386
3006
2964
2864
2527
2118
1845
1456
1002
697
324
-127
-733
-1297
-1870
-2362
-2828
-3182
-3368
-3434
-3533
-3441
-3196
-2782
-2000
-1519
-912
-539
126
1117
1670
1961
2017
2234
2199
2004
1849
1990
2144
1881
1441
1333
1321
1290
993
693
452
67
-266
-652
-1140
-1591
-1905
-2498
-3059
-3338
-3234
-3020
-3057
-2863
-2461
-1809
-1247
-626
166
805
1264
1614
2003
2370
2493
2351
2385
2324
2102
1874
1696
1468
1194
871
661
513
374
260
-30
-342
-473
-593
-823
-1202
-1488
-1875
-2346
-3180
-3415
-3286
-3312
-3456
-3574
-2852
-2104
-1506
-1065
-567
45
769
1375
1754
1988
2372
2748
2928
2495
2353
2594
2831
2688
2163
2028
2090
2090
1787
1268
870
654
498
105
-307
-685
-867
-1221
-1668
-1962
-1976
-1927
-1877
-1940
-1694
-1384
-1029
-532
-111
353
614
1230
1644
2097
2292
2341
2234
2072
1876
1551
1237
952
728
319
-124
-250
-233
-510
-974
-1285
-1392
-1570
-1944
-2174
-2280
-2417
-2673
-2787
-2737
-2459
-2077
-1847
-1639
-1227
-624
-102
403
907
1557
1968
1983
2004
2309
2643
2601
2282
2072
2076
1918
1465
946
477
289
-48
-546
-972
-1168
-1229
-1396
-1734
-1949
-1738
-1348
-1371
-1899
-2159
-2139
-1777
-1895
-2068
-2013
-1601
-1122
-951
-583
-174
321
695
960
1346
1667
1938
2159
2166
2201
2078
2076
2111
2121
2006
1624
1278
1019
1039
859
493
107
-137
-130
-331
-478
-756
-868
-1012
-1139
-1216
-1194
-1071
-989
-949
-827
-584
-205
21
299
584
1022
1242
1434
1600
1862
1875
1468
1292
1202
1195
740
287
-115
-328
-390
-540
-812
-1021
-1146
-1005
-1204
-1404
-1254
-1047
-1131
-1525
-1594
-1246
-936
-932
-918
-657
-429
-290
-269
74
502
747
848
907
1056
1374
1582
1409
1084
932
899
676
312
124
-64
-377
-798
-1116
-1148
-1215
-1332
-1417
-1457
-1329
-1287
-1067
-843
-767
-689
-875
-1032
-1234
-973
-1066
-1173
-1323
-1117
-684
-445
-234
13
307
609
963
1288
1407
1504
1706
1814
1742
1443
1511
1569
1530
1162
898
965
1127
1242
1148
1075
928
1024
1114
922
639
376
331
129
-243
-519
-581
-594
-690
-815
-750
-584
-261
-31
157
-59
47
297
574
577
23
73
-17
-147
-466
-731
-777
-846
-835
-632
-466
-339
-98
209
173
201
294
574
532
43
-84
-215
-480
-875
-1118
-1057
-1122
-1202
-1212
-873
-536
-114
163
383
669
869
1081
952
909
921
748
337
-112
-232
-163
-435
-760
-903
-802
-670
-703
-679
-466
-421
-401
-234
-195
-50
14
35
-275
-728
-1061
-1260
-1093
-1412
-1509
-1561
-1246
-833
-658
-411
-185
108
508
738
886
887
1000
1097
937
712
699
988
1027
1073
999
1164
1352
1481
1641
1548
1485
1289
1214
1115
770
594
374
169
-128
-406
-501
-539
-517
-549
-527
-368
-158
208
357
254
277
489
519
229
-81
-119
-118
-322
-730
-879
-817
-686
-625
-562
-275
28
259
418
502
648
784
785
619
317
78
-175
-549
-794
-1044
-1124
-1141
-1122
-906
-743
-452
-119
224
460
667
815
770
788
715
440
107
-242
-568
-840
-1119
-1315
-1390
-1353
-1192
-1005
-697
-393
-164
-9
159
342
359
239
9
-261
-382
-399
-411
-764
-981
-1109
-954
-1037
-1101
-1002
-798
-478
-329
-169
35
188
237
336
322
225
290
580
838
938
812
1069
1502
1718
1756
1811
2035
2158
2135
2015
1783
1685
1540
1290
931
654
498
376
56
-206
-281
-303
-409
-483
-517
-576
-719
-785
-768
-735
-870
-980
-1087
-1109
-958
-900
-712
-626
-571
-497
-317
44
419
606
564
583
700
685
556
331
284
-5
-279
-413
-467
-514
-723
-806
-786
-706
-528
-465
-314
-260
-160
-210
-192
-108
-3
53
-236
-486
-538
-460
-501
-648
-616
-455
-255
-52
172
423
653
786
868
914
935
951
842
553
282
-16
-157
-294
-551
-652
-581
-608
-765
-909
-852
-750
-976
-1177
-1206
-1071
-998
-972
-960
-896
-815
-538
-173
24
137
560
884
1169
1242
1441
1859
1964
1911
1742
1822
1956
1907
1713
1407
1189
1107
1070
817
596
527
479
353
90
-37
-167
-336
-601
-786
-865
-999
-1173
-1245
-1210
-1185
-1073
-1028
-788
-522
-305
-114
53
266
418
567
724
772
712
670
519
361
275
187
8
-151
-336
-388
-379
-419
-465
-583
-667
-712
-773
-807
-860
-864
-895
-931
-913
-816
-644
-552
-367
-125
38
194
291
403
505
581
635
719
761
761
738
617
456
320
133
-91
-247
-268
-321
-526
-645
-643
-661
-698
-776
-671
-530
-684
-860
-1070
-936
-923
-1055
-1071
-1010
-778
-534
-354
-191
-45
269
618
757
856
978
1323
1393
1311
1227
1328
1528
1470
1400
1382
1419
1445
1337
1177
1112
1056
953
851
638
526
355
216
0
-235
-313
-397
-441
-554
-675
-641
-725
-625
-573
-633
-582
-588
-437
-409
-333
-257
-203
-178
-311
-414
-401
-301
-230
-175
-181
-201
-140
8
187
168
85
55
143
250
147
-25
-88
-128
-169
-305
-312
-183
-38
-52
-139
-91
36
182
266
290
274
188
150
57
25
-88
-266
-415
-512
-547
-630
-690
-675
-637
-602
-619
-585
-377
-256
-246
-335
-405
-365
-285
-308
-284
-232
-238
-113
-244
-215
-231
-158
-158
-384
-461
-419
-248
-216
-282
-239
-206
-208
-86
79
134
180
243
409
667
824
1035
1203
1296
1330
1401
1575
1709
1727
1633
1558
1561
1626
1577
1351
1189
1059
990
777
614
428
216
12
-376
-672
-857
-960
-1116
-1251
-1344
-1517
-1479
-1506
-1460
-1439
-1479
-1491
-1397
-1266
-1170
-1074
-872
-528
-141
110
442
798
1164
1392
1333
1389
1420
1431
1246
976
718
542
405
248
106
-50
-167
-277
-419
-560
-663
-678
-744
-844
-880
-943
-1004
-1107
-1208
-1254
-1309
-1262
-1265
-1154
-998
-867
-685
-426
-118
247
528
719
958
1115
1296
1353
1315
1300
1163
1010
817
704
605
477
96
-172
-425
-594
-840
-1079
-1249
-1438
-1423
-1431
-1421
-1365
-1277
-1123
-898
-714
-524
-385
35
471
766
988
1281
1667
2006
2147
2186
2355
2493
2502
2372
2282
2208
2023
1716
1294
1055
743
415
-2
-427
-758
-1129
-1446
-1756
-2004
-2208
-2386
-2466
-2407
-2416
-2376
-2306
-1913
-1497
-1223
-975
-622
-211
159
636
1133
1589
1917
2233
2422
2617
2764
2769
2630
2201
1929
1653
1314
1033
567
258
-162
-601
-871
-1063
-1115
-1264
-1402
-1513
-1634
-1687
-1732
-1762
-1837
-1920
-1940
-1942
-1920
-1925
-1826
-1661
-1467
-1199
-838
-414
68
508
937
1237
1600
1913
1969
1893
1716
1494
1236
850
534
245
-128
-422
-851
-1060
-1156
-1173
-1264
-1410
-1494
-1348
-1222
-1260
-1277
-1228
-979
-843
-729
-593
-178
171
418
642
1004
1431
1827
2155
2331
2486
2670
2896
2960
2941
2731
2645
2503
2231
2051
1735
1402
983
595
94
-437
-861
-1221
-1559
-1966
-2285
-2487
-2562
-2677
-2728
-2662
-2430
-2121
-1855
-1553
-1189
-757
-321
51
350
740
1097
1513
1690
1819
1983
2134
2197
1975
1865
1812
1681
1380
954
547
208
-194
-545
-903
-1150
-1337
-1547
-1670
-1788
-1758
-1748
-1760
-1800
-1813
-1679
-1485
-1456
-1379
-1200
-1061
-933
-822
-494
-135
198
438
744
1133
1455
1752
1896
1916
1920
1902
1704
1311
947
554
88
-413
-889
-1193
-1366
-1569
-1754
-1806
-1795
-1624
-1442
-1290
-1069
-965
-777
-581
-505
-365
-269
-73
44
144
317
449
682
933
1232
1496
1675
1980
2223
2327
2292
2263
2226
2162
1910
1542
1329
1086
802
435
55
-160
-423
-709
-1051
-1311
-1409
-1519
-1593
-1634
-1628
-1482
-1372
-1354
-1259
-1018
-775
-662
-440
-145
244
471
741
999
1280
1494
1671
1901
1983
2098
2109
2092
1971
1758
1541
1204
742
225
-178
-547
-899
-1236
-1581
-1822
-1994
-2125
-2176
-2212
-2153
-2021
-1887
-1747
-1608
-1329
-1048
-914
-799
-555
-291
-81
64
271
396
561
705
743
794
855
847
850
802
687
670
536
336
121
-105
-265
-464
-593
-792
-1024
-1204
-1307
-1320
-1320
-1255
-1133
-955
-881
-722
-535
-231
-36
82
238
463
738
966
1080
1202
1306
1430
1584
1634
1632
1664
1684
1600
1435
1339
1360
1317
1089
772
650
558
361
142
-77
-201
-276
-407
-567
-673
-732
-788
-927
-1009
-1063
-1042
-967
-1006
-941
-711
-472
-317
-157
72
262
373
526
776
975
1085
1173
1169
1224
1159
1108
1018
835
637
348
119
-109
-377
-553
-739
-956
-1132
-1185
-1237
-1309
-1329
-1342
-1281
-1232
-1051
-818
-736
-632
-454
-310
-208
-198
-92
-11
40
83
55
106
156
118
32
-39
39
130
161
123
23
18
66
46
-1
-37
-108
-226
-396
-536
-704
-844
-984
-1134
-1219
-1201
-1120
-976
-763
-508
-242
41
394
758
1120
1389
1483
1584
1665
1763
1826
1752
1626
1531
1367
1219
1067
966
907
791
708
745
847
816
694
551
438
225
-95
-341
-517
-667
-870
-1141
-1286
-1325
-1332
-1349
-1472
-1361
-1119
-856
-642
-520
-280
-82
128
306
435
590
732
748
746
748
753
708
645
650
547
534
549
438
315
126
-29
-166
-323
-389
-485
-647
-828
-965
-1016
-1032
-1012
-956
-888
-783
-657
-482
-243
-92
24
112
151
195
235
245
204
111
-13
-95
-206
-193
-148
-105
-67
-125
-151
-107
-79
-145
-225
-313
-418
-565
-701
-880
-1037
-1186
-1288
-1280
-1160
-1037
-868
-656
-387
-32
306
743
1156
1472
1709
1928
2064
2209
2265
2154
2029
1902
1838
1729
1524
1329
1099
920
723
582
507
394
229
-29
-294
-552
-754
-934
-1128
-1251
-1407
-1481
-1478
-1535
-1527
-1568
-1448
-1316
-1117
-876
-661
-389
-244
-123
42
233
431
517
490
512
512
482
481
449
448
423
407
393
308
301
303
215
88
-62
-132
-173
-241
-287
-363
-404
-429
-424
-446
-441
-357
-256
-171
-63
107
236
317
347
321
337
312
306
240
157
64
-26
-22
-25
-67
-166
-252
-348
-386
-405
-442
-442
-434
-409
-387
-329
-281
-199
-202
-207
-174
-71
48
97
160
213
321
380
421
452
451
485
539
546
588
606
568
539
463
436
371
331
300
214
203
146
103
94
98
63
17
-14
-81
-125
-221
-217
-254
-298
-312
-359
-337
-314
-257
-232
-189
-167
-146
-147
-131
-125
-133
-163
-240
-257
-253
-245
-251
-261
-226
-244
-280
-262
-225
-209
-168
-131
-75
-32
-7
67
89
152
220
277
270
286
267
268
230
120
42
-39
-76
-138
-189
-185
-233
-266
-268
-252
-155
-68
28
107
152
131
174
269
324
387
392
415
379
433
531
546
502
490
508
528
595
603
630
629
563
519
474
410
291
89
-110
-361
-606
-781
-926
-1089
-1262
-1339
-1312
-1266
-1215
-1125
-1009
-863
-702
-515
-325
-143
21
238
356
424
469
493
537
532
570
565
565
532
536
554
498
381
312
274
205
108
-21
-73
-181
-290
-418
-510
-541
-619
-703
-807
-890
-852
-761
-662
-555
-384
-129
48
178
270
346
450
450
499
521
558
573
445
345
240
187
117
99
84
44
60
15
-26
-61
-93
-86
-125
-99
-51
34
115
157
241
229
330
474
588
810
998
1108
1217
1346
1390
1409
1390
1260
1127
994
821
655
536
363
136
-36
-155
-276
-425
-566
-704
-885
-1001
-1156
-1309
-1479
-1568
-1650
-1717
-1786
-1861
-1838
-1824
-1710
-1569
-1458
-1341
-1173
-949
-726
-513
-263
-75
159
365
533
727
834
900
873
835
797
786
770
740
645
582
511
449
415
356
228
99
54
-11
-28
-68
-135
-181
-255
-264
-200
-200
-167
-124
-90
-42
-18
69
129
236
350
452
532
644
715
746
714
702
664
623
557
455
405
313
208
132
67
15
34
1
29
-6
-69
-93
-110
-87
-110
-77
-18
23
186
306
415
570
678
744
847
883
913
892
803
736
653
531
357
165
-61
-267
-481
-653
-809
-933
-1000
-1121
-1160
-1224
-1346
-1437
-1521
-1574
-1553
-1500
-1453
-1456
-1466
-1446
-1373
-1225
-1077
-956
-735
-525
-353
-144
20
108
231
331
453
549
668
781
830
910
905
915
939
904
878
825
789
724
603
517
466
387
289
218
166
82
24
-62
-158
-196
-239
-251
-273
-254
-160
-119
-102
-99
-126
-94
-50
58
152
215
267
320
363
401
444
443
474
503
479
502
493
499
529
410
333
275
258
226
160
156
164
215
263
318
351
364
359
332
288
254
261
239
206
189
221
259
263
253
238
234
163
73
17
-26
-95
-242
-403
-547
-682
-842
-987
-1117
-1213
-1305
-1311
-1268
-1239
-1159
-1120
-1098
-1070
-998
-935
-858
-737
-663
-540
-428
-367
-300
-248
-210
-124
-24
47
116
143
199
257
352
442
545
592
663
742
737
719
633
577
505
368
227
125
73
-13
-64
-83
-75
-21
61
91
111
191
234
241
252
333
328
318
321
303
337
362
327
276
251
269
282
300
342
354
403
430
408
399
442
447
387
362
382
387
311
318
315
268
198
109
52
30
-20
-102
-137
-136
-154
-199
-257
-301
-266
-248
-269
-268
-240
-192
-145
-139
-120
-96
-69
-66
-111
-161
-196
-250
-342
-426
-498
-498
-547
-555
-544
-570
-549
-568
-522
-530
-494
-440
-413
-348
-329
-338
-349
-311
-317
-330
-352
-329
-235
-180
-69
27
98
197
271
309
358
411
411
409
332
235
192
86
26
-42
-61
-73
-85
-80
-84
-100
-95
-82
-56
26
94
184
230
244
228
255
275
238
228
268
273
341
422
461
515
538
550
535
544
564
568
529
485
465
378
283
197
146
58
-9
-26
-55
-60
-87
-117
-148
-148
-133
-125
-154
-184
-194
-249
-310
-317
-233
-158
-125
-126
-73
-24
5
77
157
193
227
260
304
332
323
265
193
158
52
-51
-145
-242
-322
-416
-495
-557
-572
-552
-542
-545
-554
-549
-522
-496
-517
-501
-458
-483
-488
-507
-482
-427
-417
-407
-411
-336
-269
-202
-118
-34
90
151
207
284
330
377
373
318
270
235
195
139
77
23
-13
-22
-38
2
66
126
185
280
353
380
441
489
527
576
602
545
503
434
369
375
359
313
247
219
124
97
59
22
29
34
46
7
26
22
22
72
94
89
57
41
23
53
30
-25
-59
-60
-70
-83
-73
-69
-61
-74
-99
-71
-7
38
43
43
67
41
4
37
26
11
-17
-78
-129
-211
-261
-295
-306
-313
-269
-197
-131
-45
-12
-3
-14
-26
15
70
59
48
17
-67
-124
-197
-241
-269
-297
-353
-444
-478
-529
-535
-523
-532
-540
-509
-435
-370
-295
-213
-94
-59
-30
-2
61
91
85
141
201
276
300
295
298
349
307
304
330
338
407
360
361
335
271
250
196
210
195
152
79
-1
-100
-213
-293
-353
-398
-437
-417
-403
-300
-214
-138
-33
46
168
240
340
381
399
437
436
440
412
444
453
486
490
512
504
446
441
389
347
315
262
210
182
137
96
45
-13
-89
-138
-152
-183
-181
-203
-196
-214
-210
-164
-146
-113
-116
-123
-105
-94
-91
-134
-197
-221
-238
-289
-282
-242
-238
-220
-201
-249
-260
-258
-311
-378
-383
-376
-401
-427
-452
-452
-482
-429
-410
-420
-349
-271
-161
-113
-67
-43
7
62
138
173
220
282
317
335
332
357
341
318
278
272
221
172
116
90
44
-14
-37
-95
-125
-154
-141
-148
-143
-125
-140
-124
-107
-79
-49
9
43
99
152
191
243
265
337
438
479
478
503
495
445
385
340
384
362
336
341
316
288
201
165
150
62
22
-12
-68
-97
-181
-266
-324
-347
-336
-328
-297
-264
-206
-155
-167
-114
-92
-26
0
22
51
65
61
64
35
35
-26
-56
-55
-110
-91
-71
-27
10
2
20
64
50
50
-13
-54
-94
-130
-149
-149
-149
-220
-241
-215
-206
-176
-155
-183
-142
-143
-104
-104
-153
-179
-206
-188
-244
-244
-235
-241
-223
-227
-224
-222
-229
-206
-206
-225
-209
-202
-172
-179
-157
-165
-148
-131
-134
-126
-97
-37
23
123
192
274
402
477
517
590
608
643
704
671
655
601
539
472
433
413
405
419
456
427
434
452
409
361
322
278
217
132
80
27
-10
-37
-108
-164
-214
-256
-280
-265
-267
-277
-316
-310
-303
-334
-352
-334
-364
-349
-330
-325
-310
-303
-248
-258
-239
-180
-163
-128
-92
-86
-78
-44
-5
37
17
35
83
112
155
160
172
126
85
20
-34
-53
-62
-69
-115
-131
-174
-198
-205
-231
-247
-287
-310
-313
-287
-246
-233
-263
-244
-213
-166
-96
-42
9
34
72
103
147
165
162
159
176
190
214
260
281
284
306
230
193
200
200
182
164
141
134
116
70
58
56
62
70
70
29
19
27
19
53
106
187
221
215
209
204
189
173
189
156
178
116
62
12
-42
-34
-97
-106
-125
-160
-179
-204
-193
-191
-171
-129
-155
-133
-77
-63
-41
-52
2
91
178
244
273
243
248
238
277
296
237
229
209
216
219
199
153
113
51
-32
-73
-90
-107
-131
-165
-220
-251
-296
-374
-453
-514
-574
-651
-651
-656
-679
-685
-671
-630
-559
-488
-385
-308
-240
-187
-203
-127
-103
-42
1
27
82
99
77
102
140
153
203
236
287
326
359
362
346
333
332
345
351
302
260
235
198
159
144
154
141
168
165
219
263
241
269
271
311
360
347
309
297
293
281
266
256
225
180
121
48
-41
-81
-129
-239
-254
-271
-298
-316
-344
-355
-338
-337
-306
-278
-244
-190
-146
-120
-62
-37
-63
-37
-14
-32
-38
-24
-21
17
60
70
86
115
141
118
109
120
127
121
99
79
36
21
-27
-53
-137
-201
-212
-250
-240
-255
-219
-181
-134
-110
-112
-76
-99
-89
-67
-55
-21
-1
-12
14
-7
-25
-16
-37
-26
-21
-17
-42
-28
-4
-8
-7
28
0
-10
-15
-38
-41
-30
-20
1
63
93
137
114
126
95
74
79
35
33
38
1
-10
-18
-29
20
54
50
43
47
41
50
37
35
68
85
109
122
119
142
144
153
177
184
174
181
205
209
204
197
219
226
190
180
159
157
138
119
112
58
45
47
35
47
44
35
45
-7
-42
-34
-60
-67
-92
-87
-72
-97
-123
-133
-122
-125
-131
-156
-174
-191
-231
-263
-302
-309
-330
-319
-330
-337
-310
-338
-333
-334
-320
-320
-301
-257
-238
-214
-202
-171
-102
-98
-60
-30
-43
-47
-37
-35
-17
-10
0
0
20
67
98
154
191
224
252
300
318
336
332
302
299
254
232
189
163
161
124
95
52
53
37
11
-8
2
1
2
43
26
34
58
67
93
109
141
126
125
117
118
121
104
73
74
58
34
22
-16
-6
43
61
87
59
33
25
1
9
12
25
52
68
70
68
83
60
32
30
-4
-28
-40
-10
16
41
2
31
44
38
50
53
68
108
124
103
89
51
35
-21
-53
-136
-192
-247
-308
-352
-389
-435
-493
-503
-511
-487
-471
-405
-390
-368
-327
-319
-296
-270
-250
-229
-201
-182
-133
-97
-60
-34
-49
-39
-5
43
91
106
138
141
145
162
163
167
115
120
109
115
137
107
106
101
100
78
93
95
110
134
171
161
151
176
180
191
223
255
270
288
272
303
326
361
390
391
437
446
426
409
417
409
336
303
284
240
175
110
71
28
-8
-73
-99
-143
-196
-238
-257
-229
-234
-204
-206
-199
-186
-167
-175
-183
-191
-225
-213
-236
-211
-187
-181
-165
-171
-114
-103
-80
-32
-5
9
3
-35
-109
-148
-205
-242
-282
-331
-403
-444
-494
-533
-534
-520
-506
-462
-433
-388
-343
-306
-217
-155
-91
-21
46
121
189
231
308
308
308
343
394
447
478
532
533
526
519
521
515
493
457
393
356
314
251
191
141
100
32
-50
-68
-93
-130
-137
-160
-153
-152
-183
-177
-169
-149
-137
-131
-120
-61
8
61
91
90
88
79
76
57
63
61
41
-17
-28
-50
-32
-34
-22
2
-26
-41
-82
-64
-72
-66
-69
-45
-5
-15
-14
-29
-23
-16
-23
-17
-44
-49
-50
-45
-33
-51
-14
-22
-13
49
86
97
106
115
102
114
75
33
12
-37
-93
-162
-231
-263
-294
-329
-347
-349
-342
-301
-274
-244
-261
-242
-200
-176
-184
-165
-107
-50
-6
40
108
180
187
227
257
262
303
312
310
303
304
300
311
311
317
296
264
213
164
100
69
28
-31
-31
-53
-68
-69
-81
-78
-117
-125
-134
-153
-134
-164
-139
-120
-97
-85
-88
-48
-8
18
24
47
67
59
95
94
124
124
112
112
98
81
81
73
47
-15
-74
-115
-139
-97
-76
-47
-12
-7
-24
-38
-33
-43
-47
-25
-31
-22
-11
-18
-6
-33
-54
-63
-74
-59
-32
5
32
54
56
24
14
18
-9
1
-1
-35
-65
-86
-112
-148
-154
-145
-138
-102
-77
-71
-32
-2
33
94
139
171
172
182
185
164
113
91
69
78
102
95
137
109
77
115
107
91
67
69
58
34
44
-4
-31
-61
-83
-98
-114
-145
-174
-223
-281
-232
-234
-210
-172
-160
-147
-144
-102
-96
-79
-99
-109
-121
-94
-82
-52
-4
11
30
25
55
73
97
98
100
81
70
77
98
111
89
79
56
64
83
85
110
102
77
83
75
81
82
92
114
164
173
167
165
137
124
82
86
116
118
101
85
55
45
55
51
72
78
104
81
57
53
35
37
-10
8
2
-27
-33
-64
-79
-111
-174
-215
-214
-204
-188
-175
-187
-213
-179
-149
-157
-159
-107
-110
-129
-95
-92
-80
-78
-89
-62
-90
-111
-122
-127
-119
-149
-169
-155
-118
-103
-106
-108
-80
-46
-36
-14
-2
5
28
41
62
87
109
141
149
126
123
112
72
59
52
49
76
73
72
71
69
65
65
85
115
98
92
77
96
119
135
161
173
156
140
128
133
153
186
205
219
241
207
181
169
116
77
43
56
50
28
5
-46
-97
-141
-145
-140
-183
-180
-206
-225
-220
-235
-238
-223
-198
-217
-196
-203
-204
-189
-182
-162
-136
-90
-62
-41
-22
13
15
27
58
65
106
110
83
63
87
59
53
71
38
21
-21
-70
-89
-88
-86
-87
-80
-48
-50
-34
-2
10
24
33
43
33
49
55
29
37
59
69
69
69
71
67
70
79
90
106
97
108
110
85
68
46
19
-2
2
10
7
4
-17
-57
-113
-129
-127
-127
-102
-70
-66
-59
-15
18
71
111
135
170
162
162
158
153
175
185
182
136
114
99
76
51
51
69
56
26
-26
-43
-80
-99
-149
-167
-152
-160
-171
-182
-183
-185
-180
-153
-133
-102
-76
-64
-62
-64
-4
6
71
140
179
202
156
159
159
126
106
79
26
-44
-61
-110
-159
-214
-235
-235
-211
-193
-200
-189
-192
-192
-189
-204
-204
-192
-177
-129
-131
-149
-133
-146
-147
-137
-97
-83
-44
-8
46
97
154
183
221
239
238
258
264
284
301
303
312
332
309
319
291
264
215
186
151
94
41
20
1
-3
-2
-48
-40
-41
-36
-7
-26
-33
-48
-47
-2
20
59
70
97
84
99
111
132
145
115
109
71
54
52
29
2
-28
-59
-81
-105
-130
-152
-199
-228
-256
-279
-287
-309
-305
-311
-318
-309
-314
-275
-252
-226
-189
-155
-94
-51
-31
2
28
62
97
99
122
151
167
189
202
213
218
204
180
165
156
133
91
88
91
80
78
37
-3
-15
-17
-24
-40
-49
-51
-59
-53
-59
-37
-20
-12
18
35
73
96
96
97
97
106
77
69
59
72
50
55
31
15
1
-16
-20
-55
-62
-116
-161
-181
-205
-232
-230
-216
-219
-245
-191
-161
-139
-110
-115
-67
-32
-18
1
2
30
26
42
58
78
104
120
145
138
151
131
125
111
84
84
110
102
89
107
84
50
47
42
-1
-28
-55
-56
-73
-81
-51
-17
-11
-2
-6
-26
-15
-19
6
43
41
50
53
42
45
68
71
59
69
95
116
136
120
116
105
59
57
42
41
31
5
-28
-58
-67
-97
-119
-121
-126
-138
-184
-157
-158
-133
-120
-131
-120
-125
-113
-108
-112
-102
-118
-127
-111
-94
-47
-21
-8
9
50
97
115
128
150
137
131
127
115
120
88
83
68
57
34
20
-8
-5
10
36
50
41
80
62
65
36
48
34
33
66
54
43
31
24
12
-27
-9
7
-5
0
-5
-18
-44
-52
-71
-54
-44
-51
-56
-65
-80
-93
-97
-112
-131
-122
-144
-184
-184
-182
-172
-170
-160
-112
-75
-43
8
32
64
106
85
122
143
160
191
185
192
196
183
185
192
195
192
158
165
148
153
164
125
119
70
69
48
1
-36
-88
-125
-143
-169
-185
-167
-155
-131
-140
-120
-118
-92
-68
-50
-22
-1
14
38
49
47
42
34
15
14
9
-12
-17
-42
-73
-94
-116
-120
-118
-114
-104
-107
-116
-135
-150
-151
-157
-185
-191
-179
-149
-86
-47
7
30
59
79
64
44
46
59
95
137
188
218
195
187
171
151
113
76
65
53
32
26
56
73
67
44
29
38
56
72
79
127
118
110
106
115
100
68
69
34
17
45
97
112
138
145
141
117
87
48
24
21
-1
17
10
3
-2
11
-26
-98
-125
-176
-182
-206
-220
-224
-192
-186
-176
-148
-140
-110
-154
-146
-143
-138
-148
-172
-141
-144
-141
-116
-127
-133
-103
-82
-55
-45
-32
-9
-10
4
3
1
7
0
45
73
73
94
83
55
39
51
45
30
31
28
17
9
38
29
43
36
39
79
72
107
120
125
144
143
142
141
119
108
116
114
85
50
29
17
-1
1
-4
3
-8
-28
-20
-52
-107
-118
-126
-120
-100
-94
-71
-54
-42
-49
-58
-36
-47
-24
31
15
21
30
26
44
65
91
111
97
107
108
84
99
67
68
86
76
60
55
18
18
-7
-39
-14
-2
9
-9
-13
0
-5
-19
-43
-66
-64
-38
-44
-53
-93
-92
-96
-95
-80
-79
-62
-41
-41
-9
-12
-34
-38
-35
-36
-49
-28
-23
-4
-24
-8
-2
-20
-1
6
-5
-7
-30
9
32
4
14
8
12
6
6
15
30
30
18
3
21
-20
-42
-9
-1
7
34
65
75
114
97
55
20
4
-6
-17
-12
11
17
24
44
41
69
90
52
17
33
20
23
26
23
50
56
79
106
101
112
133
120
102
105
101
85
55
47
40
38
5
-21
-28
-80
-90
-126
-152
-163
-202
-207
-209
-219
-249
-231
-211
-229
-218
-216
-197
-201
-223
-199
-182
-153
-127
-114
-97
-47
-41
-19
-17
-8
13
26
37
36
68
89
96
102
75
107
118
109
123
147
145
148
150
153
151
144
160
139
124
120
149
131
121
119
165
184
174
200
215
173
160
146
112
100
56
31
-4
-4
-26
-40
-59
-82
-73
-81
-87
-71
-70
-74
-60
-65
-97
-99
-110
-118
-124
-94
-67
-67
-47
-63
-49
-48
-30
-24
-30
-44
-37
-44
-26
-21
-40
-39
-56
-58
-74
-90
-106
-102
-92
-64
-48
-49
-37
-49
-51
-58
-60
-64
-54
-28
-28
-8
0
-12
-8
-19
9
16
5
14
-5
-6
5
25
61
90
62
69
79
63
77
71
80
67
53
38
16
17
12
31
44
37
46
58
59
44
36
36
42
34
57
48
12
16
-9
2
-4
-12
8
28
23
1
-12
-7
-5
-21
-35
-79
-79
-105
-97
-98
-60
-51
-82
-61
-65
-62
-79
-70
-44
-26
7
27
38
45
20
24
19
18
58
65
59
59
44
32
26
53
49
20
0
-41
-48
-23
-15
11
55
65
60
56
34
28
6
5
17
-9
-19
-17
8
7
17
19
-6
-17
-15
-9
-20
-27
-53
-40
-10
1
36
55
51
24
14
-13
-38
-38
-24
-19
-48
-29
-43
-53
-46
-63
-49
-32
-15
-1
26
63
70
70
72
64
70
67
85
74
67
59
26
30
16
7
3
-23
13
30
10
19
4
5
30
58
66
68
85
81
47
65
78
83
50
36
33
8
-10
-23
-23
-29
-42
-47
-35
-68
-80
-82
-81
-71
-69
-78
-80
-121
-120
-124
-141
-139
-140
-122
-111
-97
-78
-67
-92
-101
-65
-55
-49
-40
-48
-53
-43
-47
-44
-42
-41
-11
-3
14
24
29
31
19
23
28
13
30
59
73
77
46
57
31
8
27
-7
4
24
29
44
52
48
43
64
76
122
137
168
168
176
180
160
140
98
94
101
89
88
83
65
86
50
52
49
19
18
-21
-46
-58
-75
-101
-124
-119
-113
-117
-125
-106
-98
-126
-161
-159
-174
-173
-132
-139
-130
-117
-127
-111
-108
-94
-67
-51
-24
-7
1
6
2
-2
-4
4
4
18
37
34
36
63
75
79
62
48
21
-3
-5
1
25
31
53
76
115
131
123
131
111
99
111
103
90
109
119
116
109
101
120
105
125
125
108
106
82
72
23
-1
-11
-12
-37
-31
-52
-55
-54
-74
-77
-80
-97
-100
-92
-107
-80
-103
-123
-112
-95
-78
-78
-80
-96
-116
-113
-104
-97
-69
-28
-20
-30
-17
-16
-22
-21
-32
-9
4
3
-4
11
2
-7
-7
-13
-27
-52
-35
-52
-50
-57
-53
-64
-68
-62
-44
-30
-14
-15
-13
14
7
17
25
37
52
63
57
64
71
60
55
67
32
38
59
30
39
39
33
37
43
71
65
70
56
38
55
73
82
68
67
62
44
77
83
57
65
61
57
62
58
65
50
43
38
27
28
21
27
20
54
52
47
65
48
17
0
-6
-18
-14
-33
-44
-46
-63
-73
-100
-110
-111
-124
-144
-120
-105
-108
-92
-89
-70
-61
-44
-27
-44
-30
-32
-36
-2
-1
-4
-5
-5
11
-4
-37
-34
-23
-26
-3
-2
-7
0
-37
-44
-50
-52
-39
-65
-44
-42
-46
-20
-21
0
0
-7
3
-5
24
47
40
70
77
93
111
95
89
101
96
93
89
83
94
98
112
108
104
66
58
40
10
22
15
-9
5
-19
-68
-86
-105
-93
-104
-113
-77
-79
-66
-43
-65
-100
-103
-119
-117
-130
-98
-75
-65
-44
-35
-27
-30
9
4
14
-19
-25
2
-28
-34
-14
-5
-12
14
15
-14
7
-27
-37
-27
-13
-2
3
30
19
26
41
45
53
55
65
88
64
67
46
23
34
10
24
10
37
42
37
55
62
77
82
71
51
70
51
57
56
69
56
27
17
-10
-16
-20
-29
-13
1
-8
15
-3
19
40
29
46
47
77
90
97
81
76
71
43
18
2
12
13
44
20
20
22
2
-22
-61
-74
-86
-108
-111
-87
-96
-92
-92
-100
-106
-101
-86
-82
-84
-74
-67
-63
-72
-52
-41
-46
-25
-18
-4
0
-9
-7
0
16
25
19
28
31
29
43
55
48
68
60
39
25
0
-37
-57
-51
-39
-26
-21
-7
-35
-62
-76
-72
-67
-51
-31
-20
-11
-25
-32
-31
-39
-46
-39
-38
-42
-25
-18
-4
-25
-41
-45
-50
-13
3
28
52
62
75
62
72
65
60
51
54
33
30
61
77
65
76
84
57
49
43
48
39
49
62
63
50
57
60
59
66
62
38
23
29
36
32
46
39
53
61
46
50
68
83
84
46
22
18
10
16
-7
-9
-21
-49
-69
-61
-83
-69
-61
-74
-68
-72
-67
-80
-70
-74
-85
-96
-85
-61
-66
-65
-56
-48
-69
-58
-42
-28
-17
-12
-6
-8
-16
-8
-26
-47
-37
-35
-24
-8
-16
7
23
26
29
13
9
-1
7
7
24
49
63
61
61
60
64
61
47
60
48
52
41
42
51
28
16
-14
-34
-41
-28
-37
-27
-23
-32
-36
-53
-53
-69
-80
-79
-46
-25
-9
-8
6
-10
-13
-17
-30
-45
-40
-18
2
17
19
23
13
12
2
-5
-18
-25
-28
-40
-50
-33
-30
-42
-25
-28
-6
10
29
32
29
21
15
27
42
64
47
43
21
26
41
43
46
32
47
51
37
44
24
-5
-5
-17
1
26
27
46
32
32
40
43
43
57
41
37
54
39
44
49
43
36
42
23
13
19
21
7
5
-22
-47
-72
-84
-79
-85
-76
-63
-43
-53
-49
-40
-30
-45
-51
-50
-45
-41
-35
-37
-47
-55
-65
-60
-62
-64
-55
-30
-18
-9
-15
-8
-7
7
27
24
35
42
56
51
54
20
8
3
3
17
39
57
58
50
47
57
56
69
82
87
78
89
101
105
92
88
79
78
78
68
33
5
7
-27
-44
-31
-32
-21
-34
-42
-50
-59
-81
-90
-97
-111
-113
-111
-113
-135
-149
-149
-137
-143
-138
-122
-101
-67
-46
-44
-35
-16
-7
-5
2
12
21
26
37
41
38
33
30
32
31
40
37
39
46
46
48
63
57
52
61
70
81
79
73
82
62
52
45
40
46
49
60
56
62
36
34
18
18
17
17
25
15
33
36
6
-2
-15
-24
-15
-23
-23
-49
-52
-68
-75
-53
-53
-50
-37
-17
-22
-34
-46
-54
-33
-19
-11
4
8
2
18
21
26
19
14
31
31
26
34
21
13
10
1
8
3
-9
-6
2
-4
6
15
22
24
30
24
23
6
-2
-8
-20
-31
-41
-44
-56
-50
-71
-81
-90
-96
-103
-96
-60
-51
-37
-43
-40
-34
-12
-8
3
2
1
2
0
1
-4
4
1
5
-1
8
8
10
3
18
29
44
42
49
49
42
50
45
46
37
39
45
38
34
41
37
25
20
32
28
17
23
25
25
33
42
30
37
46
38
27
16
4
-15
-10
-18
-22
-35
-24
-22
-21
-22
-21
3
8
0
2
5
-9
-28
-21
-14
-21
-7
-1
6
17
12
14
8
-4
-9
-14
-19
-30
-35
-28
-35
-31
-37
-47
-45
-50
-43
-41
-25
-30
-36
-39
-45
-32
-17
-6
-5
11
17
9
1
-1
-17
-17
-15
-14
0
7
15
11
3
-1
0
2
16
23
44
48
39
47
49
52
39
45
48
43
46
34
38
36
28
21
12
2
-13
-4
-3
4
-1
-4
-18
-29
-14
-29
-25
-14
-4
-9
-2
-4
-11
-10
-23
-11
-1
-12
-8
-8
4
6
-5
3
-1
7
1
3
5
2
10
-3
-2
0
-8
7
5
11
15
20
13
0
-5
-18
-8
-5
-3
-2
7
0
-11
-1
-1
-9
-5
-5
20
8
-5
1
-11
-17
-18
-15
-6
15
16
18
4
6
6
-7
-5
-2
-6
-7
-6
-7
1
3
19
28
32
31
24
24
16
16
19
9
6
-3
-8
-2
-1
12
8
5
0
-20
-34
-38
-43
-53
-53
-58
-59
-51
-39
-26
-32
-41
-49
-58
-75
-67
-61
-52
-32
-26
-16
-7
3
7
7
7
15
27
32
33
37
45
45
41
51
53
45
42
53
61
58
62
71
64
58
48
50
47
36
21
30
26
9
10
10
6
10
3
-11
-11
-19
-17
-11
-6
-11
-18
-9
-15
-13
-23
-15
-10
-8
-15
-19
-17
-28
-44
-48
-42
-37
-26
-29
-24
-25
-30
-23
-18
-23
-20
-35
-35
-31
-31
-34
-42
-51
-64
-48
-29
-19
-19
-15
-8
-4
-7
1
2
8
13
28
37
44
57
57
57
56
51
52
60
50
40
37
34
47
51
48
40
49
44
35
30
23
36
29
29
19
16
-1
-7
-18
-27
-24
-35
-25
-28
-30
-19
-19
-19
-11
-11
-18
-17
-15
-17
-8
9
10
-1
-4
-1
-12
-17
-11
-12
-20
-24
-24
-24
-27
-15
-21
-27
-27
-28
-38
-31
-20
-23
-5
-19
-18
-10
-3
7
17
21
29
37
40
41
27
21
16
15
9
4
5
2
-2
0
4
-10
-14
-13
-14
-22
-23
-29
-27
-16
-16
-8
-16
-14
-20
-38
-24
-20
-8
-12
7
22
14
17
6
-4
-2
-4
-3
13
10
17
10
8
22
7
13
17
12
8
0
16
11
21
18
20
25
23
23
25
33
28
26
28
23
14
14
14
7
0
5
10
11
6
14
8
8
19
16
12
12
-5
-12
-6
-10
-15
-24
-19
-24
-23
-16
-21
-19
-24
-20
-28
-15
-16
-19
-13
-22
-29
-32
-38
-40
-35
-28
-10
-14
-12
-17
-16
-9
-3
7
-1
10
18
8
19
25
19
19
24
22
30
33
35
36
38
43
38
32
28
22
18
16
8
8
3
3
13
14
10
-2
-4
-1
-3
-1
-8
1
-6
-14
-12
-7
-8
-17
-6
-13
-20
-25
-25
-31
-40
-39
-44
-48
-56
-53
-47
-44
-42
-35
-35
-31
-27
-31
-23
-22
-21
-10
-7
2
12
21
13
16
33
33
38
29
20
13
9
25
24
35
31
26
12
15
16
6
5
1
0
-15
-11
-12
-7
-10
-7
-2
-5
-11
0
7
10
14
19
12
22
24
11
17
18
15
-4
0
1
11
14
7
2
5
3
-7
5
10
17
17
11
13
8
6
16
13
9
8
3
7
17
19
5
1
-8
0
-4
-4
-2
9
8
4
4
-4
-2
-6
-9
-19
-8
-9
-24
-18
-25
-19
-15
-14
-11
-18
-14
-13
-1
8
6
11
3
0
-7
-21
-22
-13
-8
-2
-3
-1
-3
-4
1
-4
-4
3
-3
-2
1
3
7
9
9
10
11
5
14
1
17
21
25
32
28
35
24
20
11
10
0
-7
-7
-20
-25
-29
-32
-22
-17
-17
-14
-11
-17
-14
-11
-13
-5
-6
-9
0
-2
-4
-6
-7
-7
-2
5
-12
-10
-9
-17
-13
-9
-9
-13
-15
-17
-11
-7
-13
-1
-2
-7
4
-1
-1
-3
-4
-3
-3
0
7
13
18
14
22
9
13
21
15
19
16
13
4
-3
-5
-5
5
10
15
22
28
24
17
3
-3
-6
-4
-1
0
10
6
8
13
10
6
-4
-6
-8
-16
-21
-21
-5
0
7
8
5
-1
0
3
-7
-13
-10
-20
-25
-11
-3
4
2
10
18
19
13
23
31
35
39
40
38
23
18
10
0
-1
7
2
2
-2
-5
-3
-10
-12
-5
-10
-8
-1
6
8
-4
-1
-4
0
-3
-7
-3
-10
-17
-12
-17
-20
-20
-20
-15
-17
-14
-13
-8
-4
-1
10
6
-3
-2
1
0
-9
-11
-5
-10
-11
-11
-13
-20
-23
-33
-31
-22
-26
-18
-11
-5
0
7
4
-2
-3
-7
-6
-9
-3
0
-2
-6
3
6
8
15
15
22
23
20
17
22
20
17
13
7
-3
0
3
-1
-6
-7
-10
-8
-5
-13
-8
-6
0
4
11
21
19
15
22
4
0
-10
-13
-9
-9
-17
-15
-17
-12
3
2
5
1
5
4
5
1
-2
2
1
-8
-12
-15
-17
-19
-13
-9
-9
6
8
4
4
8
-4
10
20
17
17
15
13
18
16
15
20
25
27
17
14
17
25
26
29
24
22
27
28
25
20
17
22
17
13
16
13
13
13
7
14
16
6
0
7
3
-2
3
4
8
4
-2
-1
-8
-15
-19
-25
-33
-39
-37
-31
-39
-41
-43
-46
-44
-55
-51
-58
