-5
-9
-6
-5
-2
0
3
4
7
10
9
11
7
4
6
3
9
7
14
16
14
24
25
26
26
29
25
28
23
24
19
16
14
13
14
12
15
13
13
12
4
2
0
-1
4
-1
-3
-8
-9
-9
-12
-10
-15
-14
-21
-21
-17
-10
-2
-7
-5
-10
-15
-12
-12
-13
-9
-11
-7
-8
-10
-8
-13
-14
-19
-18
-15
-11
-8
-1
4
7
6
9
6
3
4
5
7
12
11
12
15
4
1
-1
-2
0
1
4
5
6
0
-3
1
-1
-5
0
6
3
1
8
4
3
6
8
6
12
11
3
9
5
10
11
16
19
23
20
22
15
10
5
6
0
-1
0
-1
-4
-1
2
0
1
-7
-13
-18
-19
-15
-13
-16
-11
-11
-16
-13
-19
-23
-20
-16
-19
-8
-10
-10
-13
-14
-16
-25
-15
-21
-15
-14
-18
-15
-18
-19
-14
-20
-22
-16
-15
-12
-9
-7
-2
-8
-4
0
1
8
9
14
16
14
17
19
24
19
30
35
31
36
36
38
34
32
33
27
24
22
21
19
16
18
8
7
-1
-7
-17
-17
-13
-15
-13
-19
-14
-20
-21
-16
-16
-15
-19
-20
-22
-26
-24
-26
-25
-19
-15
-8
-9
-8
-3
-4
-3
-1
-2
-5
-2
2
2
7
17
20
15
17
22
21
17
26
27
19
22
15
14
16
12
15
12
12
7
9
7
3
3
-3
-4
-6
-5
-8
-8
-2
-7
-6
3
0
-4
-8
-10
-8
-17
-16
-17
-16
-12
-10
-5
-9
-4
-7
-6
0
1
4
5
11
14
13
16
4
3
7
4
13
12
9
5
-2
0
3
-3
-3
-1
0
-11
-10
-7
-7
-8
-4
-6
-8
-2
-1
-5
-2
-5
-6
-2
-3
4
7
10
11
12
4
1
-1
-3
-4
-3
-1
-2
-5
-5
-4
-2
-7
-5
-9
-8
-6
-1
3
0
4
1
4
5
12
4
7
-1
-6
-6
-10
-8
-11
-7
-8
-6
-8
0
2
3
6
-1
-1
0
-2
-1
2
3
6
7
13
13
10
9
4
9
7
5
6
1
6
1
2
6
3
-3
-7
-10
-4
-1
-4
2
4
6
5
9
13
9
9
10
8
8
11
13
9
6
5
9
3
9
7
5
2
1
2
1
2
1
0
-1
-5
-12
-17
-20
-19
-24
-22
-26
-28
-28
-22
-15
-12
-12
-11
-11
-10
-10
-7
-5
-8
-9
-8
-5
-2
5
8
17
17
23
24
20
19
13
8
0
-1
-5
-8
-7
-8
-10
-8
-4
-9
-7
-10
-10
-9
-12
-9
-9
-12
-11
-5
-4
-5
-10
-6
-3
-5
-2
-3
-6
-5
5
2
8
14
12
14
9
18
16
20
12
15
13
9
8
11
14
7
6
4
3
3
9
2
1
-2
1
-2
3
5
1
2
-2
-4
0
-3
-4
-6
-12
-12
-9
-5
-9
-9
-12
-16
-14
-16
-13
-10
-3
-5
-4
0
-2
6
1
0
2
4
3
1
-1
-3
-1
-2
1
6
10
9
15
19
19
23
25
22
25
22
22
22
24
20
19
17
10
7
5
5
2
5
-1
-5
-5
-5
-10
-8
-12
-15
-19
-20
-18
-15
-12
-16
-16
-18
-18
-15
-12
-6
0
3
8
5
9
9
7
13
12
12
6
5
7
7
11
14
18
18
17
12
6
-2
-8
-11
-11
-13
-16
-19
-22
-20
-20
-23
-19
-19
-22
-19
-21
-21
-18
-17
-13
-9
-7
-6
-9
-7
-5
-8
-12
-12
-8
-11
-4
-3
-3
2
9
13
13
14
18
18
19
14
11
13
11
14
19
19
13
17
19
18
17
16
17
13
15
14
5
1
-4
-5
-7
-10
-15
-13
-9
-5
0
4
6
7
10
5
8
9
4
3
1
1
-3
-5
-6
-9
-7
-5
-8
-3
-1
-4
1
-10
-14
-12
-18
-20
-22
-26
-21
-18
-10
-7
-10
0
1
7
9
12
16
11
19
21
22
25
20
21
19
18
15
9
5
6
2
3
0
4
1
-2
-1
-5
-4
-8
-3
-7
-4
-4
-4
-5
-12
-11
-11
-11
-11
-6
-4
-5
-3
-1
1
-2
-7
-2
-5
-3
0
1
0
-2
4
0
-3
-6
-8
-7
-4
-4
-3
2
2
5
2
-5
-7
-7
-6
-5
-1
-3
-6
-9
-13
-14
-14
-11
-6
-8
-7
2
-4
-3
1
-4
-4
-5
-9
-9
-2
-6
-4
-1
-1
1
-1
2
1
0
-1
2
11
10
16
21
19
25
22
24
29
25
26
19
15
13
4
-1
3
0
-2
1
4
3
7
7
5
6
3
1
-3
-3
-5
-6
-9
-16
-12
-13
-13
-15
-12
-8
-6
-6
-14
-13
-14
-9
-7
-7
-6
-2
0
-2
-8
-4
-7
-2
7
6
10
3
10
13
2
6
12
11
0
2
4
5
9
3
1
0
-2
-5
-13
-18
-11
-10
-11
-5
3
7
8
11
12
17
17
18
14
11
7
3
0
-3
0
-2
5
4
5
7
7
8
9
4
-8
-5
-10
-8
0
0
-2
-9
-10
-8
-5
-2
6
2
2
5
6
9
10
12
3
2
-3
-8
-7
-10
-2
1
-5
6
10
16
13
4
0
-2
-3
-4
-3
-5
-8
-5
-5
4
12
17
16
17
16
20
14
10
18
12
11
4
6
3
6
10
5
-2
-11
-8
-7
-2
-7
-16
-12
-22
-30
-31
-39
-53
-47
-42
-46
-46
-41
-42
-34
-26
-31
-32
-29
-19
-9
1
-4
2
-6
-2
1
-3
-1
4
6
12
28
39
33
28
30
18
24
26
10
0
10
18
14
14
13
2
-8
-2
-4
-10
-2
0
5
1
-5
-8
-6
-8
-5
-9
-8
-11
-15
-2
13
15
16
22
18
23
26
21
14
14
16
21
16
14
15
20
27
21
20
31
43
33
34
40
30
32
25
10
20
8
3
-4
-5
5
1
2
2
2
-6
-4
-6
5
12
6
-3
-2
-12
-14
-14
-13
-14
-34
-34
-44
-34
-25
-31
-36
-36
-26
-26
-43
-45
-43
-42
-28
-21
-17
-5
-6
-10
-5
-16
-15
-19
-4
4
2
2
2
3
-9
-11
-17
-16
-16
-28
-27
-14
-9
-13
-28
-40
-48
-29
-15
6
11
6
11
15
32
27
28
31
43
23
23
21
6
11
6
8
5
0
0
14
33
30
20
43
19
-27
35
107
118
-47
-121
8
75
-19
-128
-81
55
60
-20
-47
-46
-15
70
76
5
5
82
173
69
-44
32
167
170
31
-25
83
127
29
-19
50
95
48
-12
-5
15
6
-1
3
-3
-24
-38
-48
-30
-38
-65
-124
-144
-120
-140
-179
-191
-191
-163
-196
-248
-243
-246
-214
-207
-199
-180
-195
-187
-151
-107
-89
-112
-93
-20
18
9
32
93
174
183
137
185
280
315
268
251
327
375
370
342
372
439
455
423
393
408
423
397
341
317
308
289
272
265
220
165
119
86
50
-36
-83
-97
-104
-170
-266
-290
-295
-324
-434
-545
-458
-355
-365
-600
-678
-474
-373
-493
-650
-571
-405
-377
-499
-585
-564
-449
-321
-331
-496
-477
-189
0
-128
-402
-331
56
279
24
-313
-244
153
320
49
-195
-79
274
459
273
90
203
532
735
420
178
451
961
954
494
295
629
964
858
519
423
717
946
761
259
170
614
911
532
128
311
719
588
69
-56
292
464
128
-217
-172
77
20
-302
-407
-248
-210
-485
-711
-603
-454
-524
-679
-714
-696
-734
-833
-882
-810
-799
-839
-801
-683
-712
-834
-891
-1011
-866
-752
-556
-623
-1201
-1340
-860
-381
-583
-1246
-1276
-466
-10
-383
-1298
-1302
-27
834
163
-835
-563
1041
1761
634
-284
601
2489
2839
1242
230
1460
3213
3118
1481
762
2029
3155
2567
1070
866
2246
3073
2217
640
485
1575
2090
1273
150
123
1009
1148
158
-764
-610
130
104
-702
-1280
-1252
-1061
-903
-1286
-1731
-1650
-1475
-1362
-1676
-1950
-1742
-1426
-1229
-1477
-1785
-1817
-1481
-1324
-1287
-1261
-1122
-993
-1129
-988
-825
-579
-533
-581
-606
-418
-464
-402
-488
-400
-847
-1246
-486
472
762
-1041
-2123
-1055
625
411
-1571
-2708
-808
1322
605
-2092
-3270
-743
2107
1258
-1806
-2338
698
3414
1648
-1648
-1258
2716
4943
2243
-1448
-511
3574
5095
2273
-318
1139
4324
4309
1285
-404
1664
4304
3338
690
-218
1612
2885
1735
182
-57
967
1549
626
-833
-1127
31
820
-134
-1674
-1684
-835
-967
-1509
-1868
-1394
-1238
-1811
-2229
-2130
-1489
-1205
-1683
-1955
-1528
-1128
-1461
-1804
-1418
-635
-505
-1044
-1130
-654
-83
-108
-367
-259
113
350
223
110
449
424
262
-599
-1229
-401
854
1365
-575
-2372
-1470
640
734
-1553
-3318
-1692
971
762
-2204
-4213
-2114
1657
1618
-1896
-3591
-892
2833
1865
-1984
-2614
1448
4875
3005
-1299
-1406
2788
5435
3182
-229
345
3899
4874
1984
-439
995
4349
4663
1714
-701
629
3304
3409
974
-752
574
2511
1921
-463
-1617
-175
1614
1024
-1174
-2207
-1143
-6
-565
-2151
-2181
-926
-585
-1716
-2899
-2286
-898
-593
-1626
-2338
-1686
-757
-942
-1832
-1681
-769
-308
-929
-1482
-1102
-368
-199
-420
-563
-467
-355
-294
-200
125
129
-257
-1593
-1832
-481
858
899
-1881
-3057
-1323
886
245
-2822
-4141
-1212
1702
549
-3403
-5089
-1386
2855
1462
-3192
-4249
106
4220
1597
-3171
-2788
2872
6291
2630
-2677
-1632
4233
6714
2867
-1198
531
5390
6153
2064
-905
1578
5935
5792
1664
-789
1460
4776
4342
1093
-375
1384
3478
2264
-638
-1479
604
2275
825
-1887
-2426
-803
-100
-1366
-2888
-2438
-1200
-1490
-2992
-3642
-2608
-1453
-1690
-2729
-2994
-2321
-1921
-2118
-2286
-1735
-1068
-1071
-1441
-1508
-920
-483
-495
-536
-447
-405
-512
-472
-271
-81
-116
-220
-69
-265
-641
-1257
-599
498
873
-429
-2055
-1592
67
631
-781
-2138
-1601
333
652
-882
-2640
-1973
629
1704
-407
-2201
-931
2148
2662
-154
-1524
1076
4474
3975
542
-479
2755
5421
3815
788
1088
4175
5290
2743
560
1518
3831
4094
2079
791
1472
2631
2474
1167
476
702
979
785
161
-608
-991
-868
-564
-578
-1493
-2256
-2141
-1596
-1665
-2460
-2935
-2487
-2008
-2230
-2749
-2690
-2273
-2154
-2353
-2332
-1995
-1854
-1901
-1856
-1467
-1252
-1443
-1502
-1032
-523
-598
-826
-567
107
274
-141
-433
-221
152
-408
-1576
-1092
182
1266
7
-2205
-1957
-45
938
-344
-2257
-1924
396
1063
-487
-2722
-2265
799
2290
169
-2143
-1316
2308
3544
650
-1575
469
4692
5147
1263
-1072
1798
5804
5239
1484
200
3220
5919
4235
908
630
3622
5225
3185
356
420
2754
3588
1743
-194
-208
1151
1302
-224
-1595
-1492
-226
-11
-1273
-2870
-3022
-2222
-2076
-2996
-3621
-3125
-2622
-3045
-3873
-3702
-2719
-2210
-2520
-2817
-2482
-1903
-1778
-1739
-1251
-491
-289
-759
-861
-247
277
297
135
434
780
555
204
373
1069
1233
812
118
379
843
744
-317
-513
479
1376
900
-1089
-1607
-301
768
-77
-1843
-2486
-545
787
-102
-2569
-3383
-970
1452
441
-2458
-2815
312
2762
821
-2043
-1077
3125
4754
1714
-1381
463
4716
5394
2007
-6
2257
4978
3997
816
213
2829
4727
3031
289
-82
2038
2933
1396
32
72
1254
959
-249
-1123
-1166
-429
-314
-1175
-2255
-2298
-1627
-1483
-2370
-2839
-2170
-1877
-2351
-2784
-2691
-2040
-1854
-1795
-1759
-1620
-1272
-1007
-933
-654
-261
-107
-143
54
501
528
215
106
513
866
853
355
139
452
710
642
134
-818
-1425
-386
944
1422
-836
-3045
-1810
849
1240
-1799
-4396
-2563
1128
1147
-2726
-5463
-2933
1674
1776
-2927
-5054
-1475
3417
2708
-2412
-3770
1052
5816
4209
-1235
-2345
2756
6819
4447
-380
-395
4337
6744
3353
-686
357
4754
6143
2463
-872
43
3544
4458
1720
-465
5
2393
2618
237
-1609
-813
1163
1331
-833
-2670
-2078
-621
-482
-2108
-3380
-2495
-1028
-1415
-3083
-3697
-2188
-750
-1356
-2794
-2689
-1411
-699
-1397
-2010
-1418
-501
-276
-682
-831
-536
-46
130
195
167
-57
-44
95
394
238
26
102
381
304
-1164
-1277
-58
1316
615
-2020
-2390
-475
746
-786
-3098
-3063
-221
879
-1260
-4024
-3863
-599
1452
-773
-3471
-2675
916
2548
-331
-2724
-594
3824
4583
956
-1642
1026
5268
5175
1485
-225
2641
5661
4305
1043
680
3577
5359
3260
513
704
3041
4115
2304
546
754
1865
2134
784
-317
-71
647
521
-590
-1550
-1436
-901
-975
-1830
-2510
-2208
-1507
-1782
-2606
-2818
-2062
-1361
-2067
-2966
-2679
-1443
-1042
-1925
-2514
-1663
-539
-774
-1760
-1555
-382
4
-763
-1285
-352
550
121
-938
-971
463
1035
334
-1081
-1986
-418
1185
1732
-439
-2911
-1919
923
1675
-1135
-4105
-2753
1521
2115
-1693
-5176
-3174
1831
2831
-1836
-4541
-1264
3892
3556
-1951
-3850
1055
6366
4859
-975
-2599
2442
6895
4864
-248
-683
3897
6745
3586
-913
-371
4232
6323
2862
-1066
-266
3503
4742
1667
-990
102
2850
2948
-34
-2112
-1157
1419
1548
-984
-3163
-2406
-353
-633
-2988
-3953
-2353
-1105
-2211
-4039
-4035
-2455
-1808
-2577
-3201
-2945
-1806
-1467
-1878
-1816
-1208
-725
-873
-800
-273
47
-197
-219
398
667
253
183
556
1092
823
434
548
809
876
437
-184
-404
363
1017
1270
-111
-1456
-1079
190
262
-1278
-2689
-1332
702
221
-2186
-3670
-1633
1309
947
-2028
-2841
-269
2475
1147
-1614
-1244
2354
4275
2205
-772
-332
3027
4650
2712
228
768
3411
4266
1977
-18
885
3486
3907
1294
-829
525
3142
3300
517
-1294
311
2491
1984
-750
-2045
-166
1845
772
-1921
-2511
-480
780
-873
-3073
-2127
-9
31
-2151
-3092
-1251
418
-550
-2491
-2527
-710
250
-1099
-2419
-1776
-259
86
-1021
-1673
-880
-59
-27
-499
-760
-341
-10
-203
-218
-311
22
70
-228
-1327
-1488
-278
968
818
-1821
-2652
-878
979
-5
-2628
-3384
-452
1519
-51
-3401
-4037
-645
2294
633
-3117
-3242
714
3741
1129
-2874
-2093
3290
5855
2098
-2736
-1171
4823
6708
2022
-2170
432
5840
5887
479
-2123
1914
6468
4671
-739
-2006
2302
5254
2695
-1111
-787
2686
3490
615
-1628
-319
2055
1702
-765
-2105
-654
673
-371
-2348
-2659
-1071
-717
-2404
-3584
-2617
-1134
-1460
-3089
-3303
-1739
-624
-1626
-3053
-2591
-789
-7
-1187
-2315
-1537
-23
265
-1064
-1607
-547
613
436
-868
-982
74
1086
745
-242
-506
299
490
-510
-536
213
1429
474
-1640
-1757
-73
887
-259
-2250
-1884
309
608
-1188
-3155
-2164
720
1525
-941
-2593
-1111
2025
2295
-537
-1561
1099
3951
3146
-121
-712
2468
4863
3229
160
372
3386
4794
2453
-9
1006
3731
4135
1607
-487
711
3193
3352
937
-746
443
2622
2314
-52
-1578
-299
1313
838
-1169
-2127
-1044
-244
-954
-2300
-2351
-1415
-1088
-2047
-2728
-2494
-1989
-1850
-2183
-2152
-1766
-1587
-1574
-1718
-1599
-1288
-802
-531
-700
-876
-631
-26
284
14
-357
1
583
553
-141
-639
56
-58
-747
-429
443
1336
-601
-2383
-1543
667
908
-1601
-3503
-1760
1165
696
-2527
-4357
-1830
1751
1135
-2591
-3589
-217
3325
1635
-2288
-2184
2577
5470
2734
-1572
-810
4071
6087
2789
-631
1128
5347
5595
1460
-822
2018
5751
4707
303
-1066
2065
4939
3267
-445
-814
1723
3371
1234
-1686
-1364
1035
1985
-204
-2655
-2282
-531
-575
-2225
-3266
-2475
-1722
-2569
-3558
-3290
-2399
-1932
-2547
-2888
-2744
-2273
-1918
-1872
-1639
-1491
-1257
-1375
-1451
-1155
-544
125
109
-316
-426
-15
741
973
654
480
666
1193
965
873
695
1099
526
-478
67
1142
2130
283
-1577
-997
948
1213
-870
-2594
-996
1303
618
-2122
-3527
-1254
1540
782
-2347
-2836
-50
2495
963
-1995
-1493
2313
4250
1888
-1127
-233
3443
4658
1926
-515
770
3899
4082
1056
-717
1157
3915
3443
511
-939
822
3000
2159
-195
-1024
545
2084
898
-1279
-1793
-412
683
-133
-1941
-2197
-1134
-476
-1066
-2262
-2155
-1365
-1035
-1558
-2271
-2027
-1259
-905
-1242
-1588
-1176
-720
-764
-916
-527
102
206
-175
-103
445
700
346
94
376
825
734
66
-159
329
118
-714
-735
58
934
-429
-2177
-1820
-180
307
-1275
-3203
-2400
-360
-198
-1975
-3610
-2332
204
350
-2003
-3217
-1124
2099
1717
-1190
-2144
1286
4307
2908
-574
-733
3198
5209
2732
-216
986
4449
5032
1752
-373
1535
4407
4048
1119
-220
1497
3372
2787
758
-125
1007
2258
1783
-49
-1125
-152
1252
1059
-944
-2236
-1441
-71
-409
-2159
-2900
-1772
-741
-1562
-3030
-3132
-1785
-927
-1677
-2858
-2709
-1546
-888
-1502
-2271
-1943
-784
-274
-775
-1427
-1078
7
588
99
-768
-500
578
1100
599
-362
-177
787
1328
602
-182
-1137
-216
944
1514
1039
-1198
-1306
-12
1110
279
-1741
-2227
327
1664
146
-2953
-3403
-54
2732
521
-3061
-2889
1292
3803
587
-3019
-1327
3992
5097
846
-2740
215
5098
4965
326
-1634
1530
5026
3355
-423
-754
2512
4209
1911
-1120
-895
1969
2749
938
-1106
-881
974
1240
-226
-1634
-1541
-116
267
-763
-2023
-1705
-727
-580
-1513
-2233
-1631
-815
-995
-1857
-1952
-1277
-629
-1059
-1609
-1465
-656
-332
-632
-885
-469
122
262
61
-112
120
335
438
479
272
142
278
414
587
172
-460
-617
404
1064
716
-916
-1892
-684
763
476
-1253
-2391
-1215
640
186
-1744
-2932
-1157
1249
883
-1942
-3084
-526
2490
1740
-1662
-2351
1392
4296
2411
-1304
-1115
3152
4966
1849
-1411
321
4232
4557
781
-1234
1320
4078
2895
-545
-1153
1554
3091
1133
-1279
-804
1360
1808
34
-1196
-537
647
416
-639
-1126
-596
-125
-874
-1630
-1822
-1142
-920
-1625
-2283
-1957
-1343
-1375
-2036
-2369
-1609
-1012
-1166
-1786
-1523
-496
-82
-704
-1324
-732
471
490
-496
-723
552
1657
1041
-406
-408
1187
2013
1139
-167
40
1404
1863
861
83
-217
491
1329
1204
1046
-344
-622
419
1197
606
-1114
-1505
273
1508
111
-2132
-2370
-61
1640
66
-2406
-2021
541
2153
116
-2392
-1660
1695
3054
830
-1982
-1260
1990
2961
512
-1882
-474
2516
2760
-407
-2415
-599
2285
1941
-978
-2340
-380
1994
1031
-1258
-1936
247
1740
534
-1480
-1385
505
1157
15
-1427
-994
257
481
-546
-1177
-578
458
285
-846
-1190
-242
681
458
-639
-632
386
899
329
-272
421
1316
1303
409
222
885
1360
925
383
635
973
810
253
115
475
588
287
-223
-893
-611
125
738
397
-1285
-1873
-853
152
-318
-2159
-2589
-705
476
-659
-3068
-3363
-936
885
-398
-2927
-2809
-31
1550
-371
-2748
-1499
2107
3101
18
-2557
-565
3183
3423
42
-1679
771
3522
2279
-1019
-1436
1788
3662
1413
-1578
-1372
1676
2727
682
-1304
-453
1855
1802
-308
-1228
222
1970
1154
-677
-1150
216
1073
-33
-1250
-1032
123
325
-882
-1781
-1132
-200
-57
-650
-1036
-799
-308
-220
-402
-538
-361
194
349
38
-292
-48
715
973
382
-96
223
1073
1105
435
193
624
1191
896
12
-368
8
851
982
174
-697
-551
390
598
-399
-1471
-1021
117
409
-954
-2096
-1456
5
140
-1310
-2254
-1153
528
489
-1177
-1972
-550
1160
1016
-730
-1269
97
1456
990
-427
-481
805
1623
686
-677
-531
588
1340
767
-173
-71
481
837
314
-136
266
998
1153
394
-340
-181
484
998
310
-538
-393
332
641
-267
-897
-361
313
-180
-1064
-913
120
572
-282
-886
-345
368
323
-330
-156
451
664
257
-17
384
750
750
507
471
547
487
466
694
788
626
242
568
762
649
163
111
27
-394
-324
1
794
-148
-1548
-1496
-342
278
-983
-2869
-2066
-303
-324
-2265
-4012
-2395
158
-57
-2515
-3496
-1217
1400
444
-2418
-2716
445
2563
884
-2218
-1957
1530
3302
975
-1912
-1024
2451
3302
274
-2160
-320
3137
3144
-22
-1765
536
3259
2566
-287
-863
1654
3352
1905
-627
-364
1753
2511
932
-699
-2
1408
1163
-357
-963
35
939
54
-1240
-1077
139
624
-441
-1204
-589
514
474
-520
-744
187
986
648
-269
-239
421
807
354
-121
287
612
496
-96
-175
241
348
90
-109
48
271
110
-508
-684
-326
307
409
-416
-1318
-1266
-654
-446
-1284
-2455
-2225
-995
-436
-1599
-3236
-3053
-1171
-116
-1511
-3221
-2618
-271
582
-1353
-2880
-1386
1434
1735
-769
-2330
-436
2283
2076
-537
-1421
801
2815
1767
-510
-401
2074
3258
1572
-340
466
2783
3066
1333
162
1328
2838
2464
863
355
1472
2097
1239
-120
22
1092
1213
96
-795
-150
851
667
-380
-741
40
808
704
-188
-409
261
845
664
-67
-297
225
705
472
-121
-94
393
583
246
-372
-292
138
240
-164
-659
-728
-376
-136
-395
-804
-1378
-1554
-845
-674
-792
-1899
-2655
-1889
-1324
-1486
-2566
-3234
-2358
-1108
-1422
-2749
-3737
-2506
-338
-313
-2342
-3203
-1288
1189
622
-2141
-2420
781
3146
1392
-1733
-1416
2139
3681
1343
-1143
157
3055
3390
807
-559
1559
3841
3293
937
160
2081
3526
2770
1189
1004
2296
2874
1935
811
726
1596
2148
1339
425
-49
701
830
325
-475
-269
346
-25
-581
-1069
-582
-159
-324
-555
-503
-601
-694
-717
-411
-246
-395
-861
-595
-325
-552
-880
-1034
-336
14
-479
-1007
-852
-222
-40
-654
-871
-294
208
-288
-933
-739
-33
211
-386
-752
-403
-28
-347
-952
-1013
-506
-304
-727
-942
-698
-763
-940
-1158
-944
-767
-1063
-1364
-1184
-762
-769
-1272
-1773
-1429
-817
-531
-806
-989
-681
-145
53
-248
-289
172
868
731
73
9
828
1838
1620
989
1040
1579
1993
1494
1308
1971
2255
1816
914
1025
1949
2044
1300
783
1141
1581
1241
548
703
1401
1542
1025
644
794
1071
888
844
993
1006
522
52
317
807
747
62
-320
-129
191
-5
-363
-513
-230
-98
-384
-761
-947
-680
-454
-638
-1030
-1345
-1151
-772
-877
-1138
-1171
-1047
-795
-2120
-2515
-1759
-420
-36
-2630
-3787
-2581
-590
-461
-2686
-4186
-2000
21
-690
-3556
-4593
-1600
1423
-67
-3482
-3910
-380
2588
121
-3369
-2408
2250
3910
429
-3072
-740
3962
4512
347
-1859
1337
5135
4293
290
-521
3217
5594
3459
-25
4
3507
5085
2790
166
751
3332
3977
1705
-173
877
3012
3086
974
-650
500
2016
1659
-338
-1307
-3
1108
277
-1668
-1803
-370
297
-922
-2303
-1866
-497
-587
-1866
-2437
-1499
-691
-1211
-2109
-1902
-978
-873
-1463
-1581
-767
-292
-783
-1311
-943
-210
-72
-642
-708
-339
-128
-508
-538
-96
50
-233
-481
-217
48
-394
-615
-423
-155
-219
-944
-665
-261
-380
-863
-1235
-759
-473
-1070
-1385
-1154
-587
-562
-1169
-1417
-1068
-567
-731
-829
-875
-423
-208
-346
-156
144
536
791
669
745
975
1271
1449
1353
1389
1721
2063
1932
1496
1578
2136
2520
2020
1203
1401
2080
2575
2008
1500
1863
2282
2205
1491
1128
1618
2015
1394
548
455
1081
1225
447
-224
-48
354
256
-317
-655
-520
-421
-666
-929
-1022
-1010
-869
-1014
-1328
-1492
-1443
-1181
-1142
-1313
-1473
-1392
-1083
-1216
-1493
-1537
-1198
-1022
-1360
-1700
-1405
-861
-1052
-1715
-1783
-971
-896
-1757
-2387
-1646
-466
-818
-2295
-2538
-1269
-297
-1227
-2703
-2157
-687
-336
-1774
-2636
-1623
-58
39
-919
-1173
-155
838
832
349
544
1431
2235
2281
1764
1685
2175
2930
3086
2547
2370
2768
3318
3238
2557
2495
3095
3616
3093
2310
2094
2743
2975
2484
1907
1766
2049
1850
1273
994
1058
1128
657
-16
-180
-66
-126
-529
-969
-1028
-1042
-1497
-2053
-2225
-1889
-1578
-1899
-2530
-2558
-2069
-1711
-1950
-2511
-2459
-1749
-1351
-1778
-2269
-1983
-1057
-733
-1228
-1610
-1092
-219
-192
-906
-1032
-269
343
-121
-915
-680
164
309
-463
-1053
-525
136
-121
-886
-1051
-492
-387
-1039
-1379
-902
7
-101
-955
-1077
-320
280
-4
-645
-547
172
289
-25
-297
122
923
1222
658
448
782
1483
1787
1436
1234
1580
2021
2059
1672
1387
1839
2428
2440
1958
1652
1986
2490
2308
1809
1579
2046
2291
1850
1088
974
1657
1762
1045
196
163
764
836
235
-492
-467
-106
-184
-688
-1148
-1125
-863
-1030
-1482
-1887
-1794
-1314
-1264
-1635
-1914
-1747
-1385
-1362
-1729
-1824
-1510
-1254
-1401
-1750
-1694
-1301
-1119
-1159
-1241
-1194
-1216
-1300
-1177
-820
-668
-904
-971
-721
-562
-677
-808
-460
-86
-280
-799
-756
-95
-126
-591
-942
-20
770
116
-924
-821
494
1205
170
-915
-289
1150
1570
272
-585
292
1711
1555
329
-267
952
2279
1902
507
349
1651
2693
2040
778
868
2003
2708
1838
1016
1332
2416
2730
1892
1079
1385
2051
2155
1609
1171
1421
1743
1557
999
644
736
917
751
284
-281
-317
-25
216
-204
-870
-1168
-854
-732
-1104
-1560
-1695
-1267
-1361
-1833
-2272
-2205
-1673
-1557
-1928
-2212
-2060
-1690
-1733
-1987
-1993
-1621
-1422
-1642
-1960
-1858
-1398
-1114
-1340
-1676
-1460
-1034
-984
-1345
-1386
-867
-434
-641
-1000
-875
-266
90
-151
-248
52
517
515
293
354
827
892
597
556
804
1233
1014
734
828
1223
1312
791
794
1031
1388
1248
675
821
1024
1134
1022
863
1064
1370
1368
1157
1069
1140
1323
1566
1459
1382
1339
1521
1872
1613
1396
1352
1703
1830
1202
772
913
1321
1133
407
84
407
731
387
-233
-304
-72
-92
-524
-901
-989
-952
-1041
-1253
-1366
-1439
-1597
-1686
-1912
-1957
-1754
-1644
-1727
-2204
-2391
-2175
-1851
-1869
-2138
-2086
-1741
-1609
-1808
-1906
-1300
-677
-715
-1255
-1355
-677
-184
-314
-646
-372
101
180
-182
-160
545
949
675
305
503
1050
1234
896
781
1006
1256
839
383
688
1339
1639
865
203
400
977
1004
377
-23
254
532
369
-87
-270
93
596
544
74
-228
27
793
990
577
301
614
1364
1529
987
713
1188
1904
1789
1124
928
1615
2115
1657
771
704
1473
1828
1248
425
365
958
1015
359
-339
-307
197
139
-545
-1226
-1091
-669
-710
-1540
-2199
-1949
-1461
-1737
-2555
-2998
-2499
-1858
-2187
-3015
-3253
-2520
-1702
-1987
-2792
-2672
-1807
-1289
-1753
-2192
-1773
-750
-481
-912
-1130
-558
301
413
5
-43
557
1111
1132
847
912
1220
1571
1567
1363
1321
1486
1803
1799
1549
1345
1389
1659
1700
1434
1154
1136
1342
1371
1215
1020
873
823
811
867
802
597
447
400
460
206
8
105
333
439
25
-347
-187
192
334
23
-241
-23
407
605
266
-20
181
639
802
389
-31
127
714
889
262
-333
-32
780
589
-468
-982
-342
450
-82
-1267
-1476
-615
-252
-1146
-2110
-1845
-1004
-1024
-2053
-2719
-2203
-1434
-1503
-2065
-2265
-1799
-1185
-1287
-1609
-1724
-1371
-841
-720
-942
-980
-630
-122
12
-213
-346
-164
365
597
559
492
692
1048
1192
1127
1092
1307
1551
1639
1436
1248
1401
1714
1712
1268
998
1232
1580
1499
1036
798
1038
1097
820
639
780
912
526
32
-114
108
95
-335
-624
-316
-33
-288
-977
-1313
-794
-246
-349
-983
-1136
-478
47
-204
-711
-343
604
834
141
-531
-33
1093
1225
454
72
651
1190
727
-2
212
1015
1124
265
-522
-281
393
489
-134
-624
-563
-282
-398
-861
-1080
-804
-529
-741
-1389
-1740
-1387
-972
-1077
-1665
-1803
-1415
-1069
-1399
-1894
-1829
-1283
-1008
-1310
-1636
-1433
-833
-517
-756
-826
-421
179
383
142
141
635
1152
1233
1130
1096
1539
1893
1873
1608
1413
1643
2042
2077
1681
1514
1691
2032
1863
1430
1294
1525
1819
1539
1015
812
1016
1119
849
387
225
329
322
-27
-365
-332
-53
-41
-432
-849
-831
-616
-629
-798
-999
-878
-780
-957
-1081
-1097
-1036
-837
-984
-1096
-1096
-1058
-971
-1039
-1256
-1225
-941
-839
-947
-1170
-951
-617
-622
-833
-844
-534
-299
-450
-668
-589
-326
-278
-382
-343
-205
-155
-303
-318
-84
-10
-123
-352
-223
118
187
52
-30
248
583
642
405
408
715
1019
1084
918
909
1213
1308
1294
1228
1280
1530
1618
1480
1231
1258
1372
1426
1179
1048
1219
1204
990
728
792
982
850
507
273
367
441
173
-171
-352
-225
-281
-556
-879
-1026
-1057
-1139
-1206
-1192
-1222
-1498
-1763
-1721
-1457
-1370
-1722
-2051
-1798
-1360
-1295
-1783
-2129
-1713
-969
-727
-1060
-1284
-779
-2
239
-160
-237
399
1149
1199
618
428
1019
1581
1532
980
833
1275
1561
1311
872
938
1257
1356
1058
693
744
938
950
708
464
412
412
381
85
-177
-218
-240
-319
-535
-688
-681
-633
-782
-966
-957
-822
-836
-1016
-1160
-1002
-641
-523
-687
-800
-599
-282
-204
-310
-242
-5
182
217
34
134
369
611
722
743
786
814
825
771
803
813
756
685
673
664
622
555
634
711
615
354
215
237
330
289
81
-161
-132
-42
-30
-153
-429
-399
-216
-349
-668
-814
-597
-259
-371
-673
-650
-396
-188
-316
-561
-550
-225
-106
-295
-494
-499
-251
-197
-342
-432
-285
-92
-85
-228
-339
-330
-231
-194
-374
-613
-532
-435
-466
-593
-842
-774
-657
-697
-805
-886
-673
-442
-403
-536
-611
-429
-207
-145
-127
-66
89
296
405
458
618
823
1035
1207
1250
1340
1523
1741
1878
1814
1795
1847
1949
1949
1872
1942
1981
1929
1734
1487
1382
1341
1267
1143
963
770
607
538
409
134
-114
-239
-223
-354
-760
-1107
-1109
-1049
-1202
-1571
-1891
-1812
-1708
-1926
-2182
-2230
-1997
-1909
-2149
-2322
-2193
-1891
-1653
-1683
-1753
-1554
-1259
-1158
-1329
-1222
-808
-346
-341
-698
-644
-177
362
355
-47
-100
311
715
642
297
312
702
979
826
524
514
954
1180
1041
834
818
1179
1334
1172
831
801
1126
1245
1114
807
822
1007
1084
913
603
669
854
864
648
453
575
657
592
453
356
509
622
501
323
179
339
521
393
87
-142
9
182
-28
-397
-469
-262
-141
-420
-751
-665
-381
-351
-733
-1078
-954
-676
-637
-933
-1207
-1098
-852
-854
-1068
-1228
-1139
-982
-1058
-1197
-1134
-951
-806
-906
-1007
-875
-601
-477
-629
-656
-387
-108
-98
-247
-292
9
345
352
106
171
484
704
601
357
421
707
910
711
576
789
1112
1017
550
541
953
1231
965
466
515
872
939
530
249
518
894
697
164
-52
329
643
368
-108
-189
164
349
51
-278
-141
195
288
-17
-451
-268
187
254
-94
-351
-36
343
311
-124
-225
201
522
305
-204
-304
95
359
113
-335
-350
31
165
-75
-364
-145
189
220
-109
-393
-315
-75
-71
-339
-597
-543
-307
-323
-597
-782
-665
-475
-473
-725
-906
-798
-638
-598
-743
-863
-764
-705
-719
-713
-676
-626
-671
-744
-688
-528
-535
-689
-711
-464
-276
-359
-532
-383
68
270
38
-189
-22
365
554
345
263
458
759
769
502
518
857
1171
1196
937
864
1154
1396
1398
1191
1092
1205
1310
1220
1128
1128
1245
1283
1114
898
780
903
915
785
608
426
467
523
405
217
106
148
174
28
-194
-302
-226
-168
-251
-503
-642
-554
-482
-532
-765
-773
-610
-573
-790
-984
-762
-567
-658
-994
-1162
-1020
-951
-1049
-1218
-1287
-1184
-1154
-1332
-1446
-1421
-1216
-1141
-1217
-1371
-1354
-1126
-954
-1010
-1218
-1148
-886
-681
-727
-785
-612
-330
-208
-253
-313
-100
284
456
420
403
631
913
991
1090
1168
1291
1501
1692
1840
1755
1682
1906
2145
2166
1918
1795
2039
2313
2232
1879
1732
1863
1970
1711
1338
1218
1351
1285
944
606
510
564
419
152
-133
-252
-311
-474
-688
-904
-1015
-1052
-1020
-1117
-1318
-1393
-1372
-1313
-1441
-1627
-1613
-1456
-1258
-1356
-1543
-1466
-1259
-1132
-1203
-1202
-984
-812
-830
-952
-883
-631
-488
-539
-677
-581
-495
-477
-527
-461
-273
-226
-328
-429
-411
-332
-264
-321
-396
-356
-282
-300
-395
-362
-254
-217
-320
-402
-407
-222
-49
-92
-109
19
177
272
275
380
591
826
857
790
911
1130
1309
1356
1414
1548
1705
1808
1761
1875
2022
2116
2090
1941
1891
1906
1928
1839
1670
1541
1500
1396
1205
1016
834
751
610
358
98
-46
-67
-179
-520
-847
-911
-836
-982
-1251
-1373
-1274
-1272
-1434
-1629
-1698
-1590
-1582
-1652
-1669
-1673
-1709
-1656
-1601
-1552
-1636
-1683
-1586
-1354
-1229
-1271
-1164
-962
-687
-614
-690
-662
-403
-152
-155
-248
-215
8
202
192
48
82
209
269
275
165
185
301
340
339
253
215
280
334
368
322
366
465
534
461
346
389
535
623
628
594
649
759
849
875
891
920
1069
1260
1312
1276
1186
1259
1383
1423
1317
1197
1237
1292
1241
1142
1018
955
810
634
549
487
340
112
-20
-72
-141
-283
-481
-500
-469
-608
-798
-945
-936
-962
-1095
-1208
-1254
-1276
-1371
-1433
-1382
-1357
-1291
-1343
-1288
-1172
-1180
-1207
-1148
-963
-897
-926
-889
-729
-560
-515
-507
-440
-242
-72
-79
-109
24
145
176
132
157
215
266
255
212
241
287
286
187
70
43
134
100
23
-83
-105
21
39
-12
-117
-115
10
103
145
65
111
257
341
298
255
373
468
554
505
525
715
824
802
816
966
1131
1166
1129
1129
1192
1220
1160
1137
1193
1231
1198
1035
987
1010
965
811
605
551
537
433
192
84
133
181
94
-102
-244
-268
-299
-444
-547
-609
-658
-767
-894
-952
-1067
-1128
-1280
-1423
-1506
-1508
-1513
-1511
-1533
-1467
-1385
-1370
-1469
-1492
-1373
-1271
-1201
-1202
-1115
-1016
-862
-806
-826
-732
-637
-529
-400
-292
-248
-178
-71
85
146
150
198
281
406
461
429
466
623
704
677
596
637
779
912
849
742
786
935
1040
932
923
1023
1130
1151
990
937
1015
1063
1090
1023
1022
1089
1194
1173
1016
959
985
1002
919
771
641
633
720
677
477
312
356
475
514
375
102
101
202
169
-23
-273
-293
-177
-241
-497
-768
-761
-688
-781
-986
-1265
-1324
-1224
-1280
-1436
-1621
-1619
-1538
-1586
-1743
-1846
-1738
-1645
-1664
-1765
-1758
-1635
-1504
-1464
-1440
-1325
-1177
-1064
-993
-918
-776
-631
-505
-383
-260
-85
95
301
388
474
514
652
734
750
858
1008
1176
1250
1250
1246
1315
1391
1417
1393
1361
1367
1401
1375
1313
1278
1358
1366
1272
1123
1048
1122
1101
964
883
870
868
780
640
566
562
553
429
283
175
163
191
127
1
-44
-47
-59
-175
-207
-184
-135
-113
-227
-300
-245
-200
-273
-379
-476
-476
-481
-553
-652
-680
-703
-734
-850
-912
-844
-893
-969
-1057
-1083
-1067
-1045
-1056
-1060
-1004
-939
-927
-920
-905
-875
-828
-798
-770
-834
-839
-786
-689
-550
-575
-594
-503
-386
-339
-352
-281
-169
-65
3
4
46
177
281
333
373
520
715
829
819
819
891
970
981
905
892
977
1105
1096
1028
1016
1102
1161
1041
941
943
992
946
849
744
745
754
694
567
480
501
466
414
309
306
271
197
167
98
52
17
25
9
-39
-104
-147
-168
-139
-101
-166
-275
-295
-246
-243
-320
-373
-366
-383
-416
-472
-460
-474
-508
-576
-638
-611
-625
-736
-771
-719
-652
-696
-860
-851
-751
-658
-724
-853
-822
-733
-696
-754
-878
-832
-757
-733
-771
-778
-660
-552
-564
-549
-465
-352
-232
-201
-165
-73
26
101
106
146
261
348
471
531
571
643
702
755
833
905
873
846
884
896
890
896
948
1026
1073
993
966
979
959
903
813
767
726
681
667
601
521
403
358
356
378
323
162
122
180
238
93
-80
-109
-9
25
-79
-224
-280
-212
-112
-129
-271
-288
-255
-208
-260
-352
-377
-274
-223
-295
-376
-365
-248
-258
-332
-400
-429
-446
-542
-628
-636
-647
-750
-847
-834
-823
-861
-905
-950
-897
-852
-880
-942
-921
-824
-733
-728
-798
-779
-705
-646
-603
-537
-459
-382
-291
-205
-114
-58
14
165
271
378
495
569
619
760
840
934
979
982
1053
1073
1155
1144
1127
1125
1154
1231
1195
1165
1088
1074
1061
947
862
813
828
824
689
574
538
547
460
262
177
202
200
78
-34
-61
-104
-189
-289
-351
-388
-428
-508
-599
-622
-653
-682
-630
-672
-668
-745
-762
-741
-730
-676
-710
-687
-656
-621
-611
-581
-556
-498
-553
-603
-579
-458
-430
-492
-487
-387
-304
-348
-301
-209
-155
-195
-215
-208
-158
-125
-122
-93
-119
-112
-99
-53
-16
11
-4
51
111
110
139
142
248
306
340
328
332
414
441
451
484
531
562
542
520
563
604
618
594
585
635
632
609
547
543
532
470
391
344
368
359
313
200
167
232
198
136
14
-39
-19
-42
-87
-145
-155
-38
-14
-86
-169
-189
-103
-87
-109
-214
-219
-174
-159
-181
-265
-303
-282
-249
-317
-399
-416
-388
-443
-469
-484
-466
-443
-385
-328
-348
-349
-383
-345
-291
-236
-237
-263
-205
-117
-98
-110
-103
-51
13
18
21
43
85
54
9
11
74
52
54
85
128
170
134
111
34
5
0
-9
-49
-111
-145
-111
-39
-50
-110
-129
-81
31
-20
-52
-28
95
135
78
81
89
200
241
232
215
258
347
341
364
440
445
458
451
470
496
432
364
364
408
433
393
308
272
339
343
279
192
112
137
95
32
9
24
49
-2
-72
-126
-96
-104
-140
-189
-231
-196
-237
-279
-318
-311
-284
-302
-314
-399
-429
-394
-374
-381
-447
-449
-383
-347
-388
-435
-411
-379
-333
-394
-434
-380
-343
-276
-319
-386
-352
-245
-171
-198
-295
-287
-162
-88
-178
-313
-242
-98
-30
-90
-118
-36
101
150
118
152
280
322
283
232
271
394
456
393
338
436
563
598
556
594
706
793
752
686
694
772
804
759
680
673
705
637
589
545
538
534
462
358
334
356
309
237
164
133
83
-28
-115
-164
-217
-277
-366
-426
-500
-559
-610
-713
-767
-726
-705
-762
-843
-855
-798
-756
-724
-780
-828
-833
-787
-728
-726
-700
-690
-626
-581
-581
-577
-527
-440
-397
-420
-405
-330
-252
-207
-233
-180
-87
5
-44
-87
-15
127
237
166
147
216
361
468
460
451
498
579
608
598
631
685
730
757
737
683
730
770
771
699
634
645
669
697
643
582
601
576
532
485
410
394
353
337
308
289
250
149
134
92
15
-16
-85
-104
-105
-123
-177
-181
-161
-188
-237
-277
-230
-244
-326
-382
-379
-348
-387
-487
-516
-495
-459
-546
-641
-606
-496
-466
-489
-501
-494
-437
-423
-443
-481
-449
-460
-449
-398
-381
-362
-328
-297
-308
-282
-287
-242
-156
-110
-98
-141
-99
-12
50
56
29
4
26
62
80
75
144
247
245
214
192
234
267
222
171
157
177
181
157
170
252
324
303
295
320
415
486
459
435
462
502
514
464
493
525
533
516
430
427
392
347
321
294
279
188
126
180
205
205
125
76
63
74
89
41
22
14
31
14
-39
-113
-109
-117
-161
-188
-224
-258
-322
-326
-312
-322
-393
-472
-444
-465
-455
-462
-480
-478
-485
-526
-558
-573
-581
-551
-568
-563
-551
-521
-500
-446
-363
-409
-437
-435
-375
-288
-274
-214
-193
-184
-162
-145
-109
-68
-36
47
109
97
91
147
250
314
338
292
320
421
458
464
473
535
580
580
561
551
592
607
607
601
584
563
562
593
569
528
537
558
570
541
477
508
528
522
429
293
285
275
211
131
46
37
-6
-22
-31
-50
-61
-80
-119
-183
-238
-289
-288
-325
-350
-385
-391
-380
-393
-468
-501
-493
-490
-504
-553
-538
-503
-442
-450
-518
-521
-491
-466
-449
-493
-518
-433
-352
-365
-403
-424
-359
-256
-219
-231
-276
-264
-198
-159
-183
-217
-170
-114
-106
-133
-163
-126
-99
-49
-83
-103
-58
11
23
22
49
113
210
205
217
192
232
306
329
316
297
332
424
474
464
494
539
601
608
564
537
567
583
565
577
505
499
525
512
499
442
422
442
428
376
274
246
274
288
272
183
187
212
206
138
42
57
64
28
-54
-84
-74
-74
-127
-214
-235
-260
-299
-375
-416
-427
-398
-415
-454
-497
-516
-488
-495
-550
-600
-578
-536
-526
-563
-553
-528
-502
-484
-509
-479
-407
-347
-313
-310
-306
-293
-280
-304
-316
-284
-269
-229
-251
-230
-185
-129
-85
-35
38
43
48
31
87
132
157
190
236
317
385
399
415
472
555
568
550
570
581
631
695
711
663
649
641
651
614
548
518
483
442
415
356
300
239
205
200
121
83
54
46
9
-107
-153
-185
-166
-157
-186
-193
-205
-166
-153
-185
-219
-262
-239
-262
-324
-397
-410
-377
-417
-438
-441
-418
-396
-383
-394
-381
-323
-338
-380
-420
-415
-363
-339
-317
-313
-281
-190
-119
-128
-127
-119
-94
-43
-54
-59
-46
-34
3
52
75
114
150
154
160
169
133
126
169
156
170
200
201
302
292
261
269
260
257
228
217
230
265
267
261
247
244
212
242
303
288
282
241
242
257
251
264
258
270
239
216
160
118
179
157
139
110
146
157
105
28
-28
23
11
-23
-20
-23
-26
-33
-79
-128
-157
-166
-174
-196
-266
-334
-334
-344
-344
-359
-372
-361
-374
-400
-422
-367
-344
-322
-321
-390
-408
-382
-390
-396
-426
-413
-415
-408
-403
-384
-337
-329
-307
-276
-234
-202
-224
-234
-173
-118
-95
-62
-17
50
122
157
162
184
255
317
340
371
357
398
458
479
521
516
548
571
566
567
534
529
534
513
500
503
508
499
459
418
466
463
438
394
376
422
431
390
312
279
251
234
185
114
97
102
72
-8
-61
-56
-44
-59
-129
-192
-241
-243
-260
-318
-398
-409
-406
-416
-435
-512
-512
-512
-534
-585
-649
-682
-673
-687
-710
-719
-710
-707
-685
-675
-703
-690
-670
-625
-601
-595
-554
-522
-490
-476
-457
-420
-351
-261
-189
-168
-120
-4
43
85
156
228
360
442
488
551
603
666
702
735
714
723
812
879
930
928
914
959
949
923
874
853
832
791
768
697
661
645
637
585
478
399
343
303
314
238
168
113
54
-12
-100
-145
-175
-195
-253
-347
-404
-431
-393
-421
-487
-536
-564
-555
-563
-587
-606
-618
-599
-597
-594
-583
-584
-540
-561
-593
-658
-634
-587
-602
-621
-597
-541
-525
-542
-523
-445
-390
-409
-440
-422
-382
-303
-243
-195
-187
-145
-78
-40
-7
43
109
167
207
237
276
355
456
505
529
521
549
598
621
675
702
692
716
700
691
696
689
707
684
665
668
682
677
651
594
541
506
452
410
342
278
225
217
143
61
13
-10
-5
-47
-134
-200
-211
-245
-276
-297
-325
-353
-355
-362
-385
-401
-400
-368
-393
-422
-498
-525
-505
-529
-536
-532
-480
-438
-456
-480
-470
-433
-374
-350
-395
-368
-358
-312
-253
-273
-282
-295
-241
-199
-224
-215
-230
-214
-159
-122
-109
-120
-67
6
40
40
10
55
109
151
156
166
215
240
261
242
270
305
356
364
333
343
386
456
471
453
440
465
487
495
477
479
492
474
403
369
382
439
444
416
384
339
335
307
267
204
164
149
100
40
19
-29
-44
-41
-107
-153
-193
-155
-149
-195
-240
-270
-282
-234
-212
-252
-237
-227
-221
-232
-255
-262
-248
-246
-284
-324
-307
-293
-296
-298
-297
-282
-301
-314
-315
-323
-358
-352
-343
-373
-395
-361
-294
-270
-285
-320
-300
-262
-217
-205
-214
-176
-161
-120
-125
-112
-22
37
47
16
6
40
97
113
104
76
89
136
171
195
234
268
296
329
340
376
411
455
489
467
465
514
535
560
555
541
556
513
514
515
522
525
474
435
378
360
354
313
272
240
201
167
113
75
53
22
-11
-44
-93
-129
-134
-151
-178
-249
-278
-298
-351
-346
-370
-419
-424
-428
-445
-450
-455
-473
-485
-483
-495
-490
-497
-497
-497
-482
-490
-501
-497
-484
-454
-427
-421
-399
-352
-309
-281
-290
-290
-235
-187
-152
-133
-141
-62
-10
12
12
40
116
132
134
135
204
292
311
290
293
350
392
455
472
473
519
537
521
476
487
527
529
519
539
546
551
532
480
460
447
429
414
371
353
351
358
324
255
215
184
161
105
38
7
-40
-126
-178
-231
-271
-306
-305
-354
-405
-408
-421
-422
-447
-494
-530
-525
-510
-515
-543
-528
-509
-483
-447
-435
-375
-324
-301
-280
-277
-275
-269
-293
-305
-272
-271
-249
-232
-206
-179
-160
-117
-100
-72
-41
9
67
99
119
159
197
241
274
304
328
335
354
375
412
438
448
442
430
431
434
466
472
452
478
473
444
434
407
355
313
286
267
245
214
221
226
215
189
180
166
101
56
26
12
-13
-64
-105
-135
-178
-182
-183
-185
-190
-209
-215
-206
-233
-265
-301
-309
-326
-380
-359
-351
-352
-379
-389
-382
-369
-350
-326
-283
-284
-286
-248
-219
-217
-239
-256
-249
-269
-290
-292
-253
-210
-213
-208
-198
-133
-102
-111
-97
-62
-43
-32
-11
-40
-16
-24
7
41
48
99
144
163
158
143
155
216
245
270
327
403
435
440
416
411
398
387
362
336
346
338
334
300
301
314
325
323
318
266
249
265
229
238
232
212
196
187
176
148
106
94
51
19
22
-14
-59
-89
-123
-132
-184
-210
-198
-209
-216
-229
-248
-272
-273
-244
-224
-233
-223
-224
-264
-241
-207
-193
-155
-145
-106
-114
-146
-149
-171
-158
-151
-156
-149
-160
-140
-120
-145
-188
-214
-216
-222
-238
-246
-236
-224
-226
-213
-213
-220
-210
-204
-190
-189
-179
-159
-140
-107
-72
-70
-62
-24
-8
21
55
86
99
138
141
149
205
240
266
305
340
358
367
376
386
394
398
360
369
364
364
352
358
326
296
302
332
359
374
384
342
291
261
203
154
117
85
104
74
56
40
17
18
18
-33
-59
-66
-101
-121
-149
-181
-198
-202
-185
-157
-180
-198
-212
-221
-227
-254
-268
-252
-234
-222
-223
-231
-252
-270
-269
-265
-269
-287
-290
-282
-241
-236
-239
-244
-242
-234
-242
-254
-269
-278
-266
-238
-222
-194
-148
-144
-104
-79
-98
-66
-16
36
59
51
58
80
89
100
97
108
104
133
156
196
231
267
308
336
343
343
355
365
371
373
369
391
384
351
374
372
351
316
283
264
270
264
245
253
226
233
220
176
152
122
111
94
66
39
-12
-27
-34
-63
-80
-108
-112
-119
-155
-187
-176
-199
-238
-257
-292
-290
-300
-303
-327
-321
-321
-344
-318
-305
-281
-245
-255
-281
-323
-317
-302
-298
-293
-277
-278
-235
-215
-210
-202
-208
-180
-159
-134
-115
-75
-46
-45
-66
-60
-44
-33
20
38
46
88
141
154
154
154
156
167
170
161
147
175
195
198
194
206
207
204
227
258
285
292
312
306
302
325
327
350
348
305
291
274
262
234
211
200
163
140
95
78
64
80
94
34
22
38
23
23
-6
-8
-26
-54
-65
-101
-122
-154
-130
-119
-127
-153
-171
-186
-181
-199
-219
-221
-242
-225
-221
-180
-169
-167
-172
-174
-162
-180
-190
-200
-207
-208
-203
-204
-181
-179
-180
-158
-158
-144
-152
-109
-98
-104
-97
-70
-67
-65
-46
-44
-40
-52
-64
-87
-86
-75
-58
-51
-28
-10
-41
-20
19
38
24
52
64
81
114
131
166
194
180
181
199
202
192
214
258
294
293
284
302
328
357
349
347
327
306
303
304
259
252
215
205
217
188
183
160
160
134
96
81
59
25
0
11
-2
-32
-75
-70
-80
-127
-137
-185
-198
-187
-210
-228
-282
-323
-319
-331
-326
-309
-306
-286
-289
-301
-301
-304
-285
-279
-266
-274
-280
-270
-254
-242
-183
-160
-156
-138
-116
-95
-92
-68
-56
-41
-62
-61
-65
-60
-43
-12
33
55
65
70
77
74
58
50
76
82
110
111
97
105
109
132
132
134
146
191
199
214
242
256
260
238
225
242
271
249
241
225
237
211
197
208
174
180
186
178
172
170
196
165
145
107
119
106
113
115
72
47
31
36
52
47
-1
-13
3
-10
-28
-17
-55
-26
-37
-85
-110
-140
-155
-157
-197
-223
-234
-258
-264
-290
-281
-309
-322
-310
-306
-298
-283
-287
-282
-276
-273
-269
-262
-243
-216
-218
-227
-207
-173
-147
-126
-111
-106
-75
-75
-77
-64
-10
22
27
31
61
59
61
92
104
142
155
188
186
191
204
187
231
230
256
275
301
295
253
243
223
213
174
168
173
189
191
158
163
133
129
136
143
172
178
171
171
178
157
145
122
121
123
99
87
41
49
28
9
-5
-34
-70
-109
-120
-138
-136
-153
-178
-187
-220
-248
-260
-274
-269
-278
-283
-277
-262
-242
-222
-205
-210
-217
-224
-211
-207
-202
-182
-169
-162
-175
-180
-151
-144
-117
-90
-59
-39
-26
-14
2
40
25
17
20
38
67
74
75
79
105
143
152
183
198
198
193
200
204
190
198
181
177
140
133
128
125
130
118
110
102
112
111
95
87
79
61
66
65
69
73
79
74
35
44
28
48
70
55
44
47
65
69
61
41
32
28
31
18
9
9
32
39
48
44
49
54
41
37
8
-13
-47
-60
-79
-87
-98
-128
-139
-138
-175
-193
-181
-172
-187
-232
-252
-281
-295
-287
-309
-316
-283
-274
-257
-254
-243
-203
-188
-177
-178
-171
-148
-132
-84
-50
-29
-12
20
8
20
24
30
59
74
86
78
104
111
107
129
151
175
190
192
224
240
228
211
201
232
247
243
239
246
272
274
261
252
219
195
195
179
181
174
168
147
128
133
103
76
46
46
32
14
-5
5
-4
-10
-14
-21
-21
-43
-57
-73
-68
-84
-90
-130
-112
-133
-166
-135
-147
-141
-148
-118
-114
-139
-176
-201
-236
-255
-223
-242
-228
-215
-197
-189
-205
-192
-201
-227
-227
-236
-210
-193
-169
-144
-125
-114
-100
-89
-82
-82
-70
-51
-44
-2
29
49
73
96
97
124
147
151
169
159
166
148
167
194
209
229
254
244
255
239
232
267
247
229
228
228
225
194
196
194
189
154
129
151
143
173
169
135
123
117
109
95
63
58
71
82
68
54
36
35
15
-12
-32
-42
-45
-64
-67
-92
-96
-128
-123
-140
-149
-144
-154
-161
-184
-202
-241
-238
-241
-252
-269
-268
-275
-290
-286
-285
-278
-290
-277
-266
-263
-270
-270
-259
-260
-262
-232
-202
-203
-194
-186
-144
-114
-89
-75
-66
-58
-62
-71
-82
-77
-35
17
54
87
116
175
216
266
271
259
270
272
296
293
305
310
283
283
254
267
264
285
300
290
298
257
254
268
254
233
218
194
199
197
178
156
152
137
139
123
129
135
105
95
84
74
80
68
42
43
1
-29
-70
-83
-102
-110
-95
-105
-121
-136
-140
-134
-133
-149
-167
-184
-183
-205
-217
-230
-219
-227
-250
-253
-283
-268
-259
-244
-231
-240
-238
-208
-219
-244
-270
-255
-236
-210
-183
-199
-188
-180
-185
-180
-168
-165
-160
-114
-69
-77
-64
-49
-15
17
44
73
73
84
143
163
179
179
199
226
237
254
235
232
239
255
266
298
313
325
345
347
352
348
331
335
320
323
304
268
244
207
177
161
124
110
103
110
91
58
43
6
-12
-46
-92
-110
-115
-117
-74
-82
-118
-128
-128
-150
-185
-203
-232
-265
-250
-250
-254
-249
-247
-242
-234
-243
-256
-244
-241
-239
-243
-237
-242
-226
-207
-212
-212
-207
-217
-215
-208
-183
-145
-103
-97
-75
-40
-57
-52
-32
17
36
58
94
104
152
173
197
223
226
227
232
265
245
228
234
238
252
266
254
235
239
234
195
177
158
139
148
158
147
124
122
115
133
111
112
106
104
129
136
123
77
61
39
27
33
36
50
74
65
57
58
58
38
31
23
-21
-50
-93
-120
-132
-154
-192
-204
-212
-239
-257
-252
-274
-277
-280
-292
-300
-346
-355
-348
-349
-323
-305
-289
-277
-270
-240
-232
-220
-186
-137
-114
-64
-32
-14
21
65
88
83
100
79
67
41
59
50
77
95
105
130
141
151
157
221
210
218
202
205
205
205
209
208
195
209
218
229
235
178
174
140
136
123
104
117
133
140
104
107
92
110
100
118
111
99
109
93
100
99
67
58
37
3
-1
-22
-42
-64
-81
-78
-97
-130
-139
-140
-162
-170
-186
-189
-199
-191
-172
-202
-218
-232
-220
-213
-222
-220
-218
-190
-173
-167
-182
-197
-162
-156
-138
-128
-117
-85
-81
-58
-61
-73
-74
-84
-74
-90
-72
-45
-29
11
1
14
44
42
60
73
78
83
90
95
85
89
103
104
105
93
115
136
145
153
152
183
203
207
215
211
211
217
204
184
188
191
184
182
173
163
191
182
147
142
164
185
173
164
145
117
111
98
79
47
50
32
14
33
6
16
-1
-18
-44
-61
-74
-111
-143
-169
-196
-217
-246
-291
-306
-311
-339
-380
-391
-405
-395
-385
-388
-382
-373
-352
-326
-313
-282
-285
-263
-210
-211
-184
-152
-125
-101
-92
-70
-41
-8
30
73
84
87
94
137
159
175
196
189
195
211
233
238
247
222
217
242
256
271
266
280
284
297
295
288
286
275
248
203
198
175
182
187
198
209
203
229
229
225
197
151
122
83
51
-11
-38
-67
-80
-72
-106
-102
-125
-123
-124
-125
-131
-145
-149
-148
-165
-180
-190
-223
-242
-264
-258
-262
-260
-266
-292
-301
-278
-292
-317
-296
-281
-280
-281
-274
-259
-251
-235
-210
-178
-158
-157
-133
-120
-95
-69
-14
18
47
76
90
116
155
199
227
256
259
248
265
289
296
319
324
327
364
371
399
404
376
348
306
269
220
213
211
167
155
153
123
106
81
69
38
-3
-9
-17
-9
-13
-24
-31
-57
-86
-112
-106
-107
-122
-132
-136
-125
-117
-103
-78
-85
-112
-117
-125
-137
-146
-162
-178
-195
-204
-217
-224
-192
-189
-170
-148
-159
-138
-117
-123
-120
-114
-103
-104
-96
-109
-91
-56
-50
-58
-77
-62
-47
-64
-88
-93
-57
-39
-32
-1
32
38
33
33
29
28
47
66
76
75
79
83
96
111
120
133
119
133
138
142
139
120
100
92
88
83
87
94
105
88
86
109
114
131
126
123
104
81
69
53
66
55
70
71
85
89
74
67
58
42
16
-5
-34
-45
-48
-30
-21
-10
-22
-13
6
10
9
-7
-21
-33
-30
-4
3
15
-9
-58
-59
-59
-49
-29
-33
-34
-50
-57
-52
-73
-50
-31
-38
-47
-51
-46
-59
-31
-6
-29
-24
-12
-11
2
-16
-16
8
-10
-28
-35
-50
-52
-59
-92
-107
-103
-114
-103
-103
-98
-92
-104
-99
-98
-79
-79
-89
-85
-92
-83
-84
-98
-96
-109
-102
-91
-80
-57
-62
-19
5
17
43
52
69
47
69
84
89
112
119
106
111
140
160
190
207
224
226
213
200
186
162
124
114
113
97
74
55
68
53
3
-23
-38
-59
-65
-51
-32
-37
-67
-87
-72
-60
-36
-38
-44
-46
-83
-109
-123
-93
-94
-112
-127
-130
-128
-118
-102
-94
-110
-112
-120
-122
-109
-95
-68
-73
-58
-48
-21
9
29
52
49
66
61
67
60
66
76
73
88
106
129
132
144
127
96
86
98
130
150
142
134
124
116
108
109
102
68
54
48
41
48
84
99
109
79
68
73
65
61
54
51
33
24
18
26
25
22
-5
-11
-20
-24
-14
-25
-33
-31
-53
-62
-57
-56
-58
-75
-81
-106
-121
-114
-129
-119
-97
-116
-138
-152
-153
-154
-151
-156
-179
-161
-160
-156
-142
-143
-105
-115
-124
-105
-94
-91
-89
-92
-104
-107
-100
-54
-12
2
18
25
41
58
44
46
54
77
65
60
84
84
48
36
-15
-17
0
38
60
76
107
99
127
138
157
175
169
143
117
106
111
101
88
95
83
70
68
44
44
43
57
58
53
66
90
87
86
118
104
109
107
100
83
68
48
45
16
-3
-19
-33
-54
-71
-74
-77
-67
-58
-72
-93
-87
-104
-107
-110
-95
-77
-78
-77
-72
-54
-52
-54
-56
-70
-91
-104
-88
-98
-115
-118
-138
-124
-116
-94
-95
-88
-105
-104
-92
-72
-53
-60
-38
-38
-14
-12
-21
9
18
37
25
2
17
25
40
52
55
49
22
13
12
1
9
5
-7
2
10
6
-13
-3
-22
-8
30
28
30
54
63
62
81
68
61
56
62
50
75
91
99
124
127
127
115
115
106
96
122
112
132
117
106
96
86
92
73
74
61
33
-2
-33
-42
-23
-47
-69
-46
-37
-13
-6
-13
-7
-27
-31
-18
-5
-9
-31
-29
-46
-49
-40
-27
-15
-16
-3
7
-4
-19
-8
6
7
23
34
25
22
12
10
0
-19
-40
-62
-65
-67
-70
-71
-74
-72
-68
-59
-75
-75
-78
-95
-99
-88
-80
-72
-74
-68
-67
-50
-59
-81
-80
-90
-93
-94
-97
-95
-100
-115
-127
-126
-138
-129
-93
-69
-54
-55
-54
-45
-36
-36
4
47
65
69
77
88
85
74
95
115
108
109
115
145
162
197
178
165
175
164
190
189
190
183
160
150
127
95
88
87
61
73
63
23
34
43
31
16
24
5
-26
-33
-21
-52
-43
-28
-22
-42
-52
-38
-37
-1
25
35
9
-6
-19
-21
3
10
4
-8
-26
-38
-62
-89
-87
-110
-120
-128
-142
-148
-133
-126
-122
-101
-98
-71
-63
-50
-40
-47
-53
-56
-31
-33
-30
-36
-24
-46
-27
-30
-38
-29
-30
-1
33
39
32
48
44
46
64
61
46
43
47
60
90
106
115
107
104
101
68
60
44
32
29
17
13
6
25
39
30
13
-1
3
17
4
-14
-27
-27
-39
-25
-21
-36
-39
-53
-56
-67
-65
-82
-100
-96
-108
-101
-96
-98
-93
-89
-111
-81
-57
-62
-44
-23
-8
-12
4
24
28
45
63
66
50
57
55
41
29
29
13
22
46
21
26
36
27
26
18
6
8
4
-8
-6
-6
25
43
63
80
70
69
49
33
19
23
-19
-49
-19
6
15
25
24
27
21
29
52
37
32
32
30
35
28
33
18
11
18
20
34
17
10
-5
-7
3
-8
6
11
31
23
45
57
26
35
26
15
-14
-45
-28
-36
-28
-17
-13
-22
-8
-10
-35
5
15
4
13
18
12
11
-7
-14
-23
-16
-14
-35
-39
-48
-70
-103
-126
-132
-110
-85
-69
-64
-47
-30
-38
-47
-72
-87
-82
-65
-58
-53
-30
-27
-11
-2
7
7
19
30
27
26
37
57
42
59
55
51
90
75
74
78
62
85
61
63
81
84
63
49
54
55
49
58
56
73
62
33
28
-11
-9
-29
-29
-43
-56
-53
-46
-40
-46
-30
-20
-21
-2
10
19
25
21
36
36
38
56
42
9
-2
-26
-29
-48
-63
-44
-29
0
12
21
-1
-24
-28
-44
-46
-48
-48
-58
-74
-89
-123
-126
-113
-96
-101
-100
-91
-82
-92
-115
-128
-131
-122
-112
-99
-115
-91
-58
-37
-33
-8
2
-11
23
46
80
117
147
165
172
186
199
205
241
240
218
219
231
221
215
208
198
161
158
149
118
122
112
66
58
35
18
15
-6
-24
-25
-22
-33
-36
-59
-64
-68
-83
-104
-125
-152
-180
-172
-152
-146
-138
-124
-125
-136
-129
-122
-126
-138
-142
-151
-151
-127
-112
-118
-122
-117
-114
-94
-72
-55
-53
-51
-63
-64
-52
-38
-33
-37
-27
-24
-1
-11
-30
-27
-25
-15
-5
-10
3
33
39
44
80
100
95
115
119
126
159
133
153
157
161
150
160
167
158
166
174
183
169
167
150
130
131
130
96
86
71
52
34
57
51
18
24
23
-3
27
51
57
72
80
86
81
84
43
12
-19
-33
-66
-85
-95
-108
-123
-137
-113
-120
-114
-107
-114
-112
-135
-153
-152
-167
-191
-199
-205
-207
-219
-209
-200
-195
-178
-205
-177
-135
-111
-100
-90
-73
-76
-64
-41
-12
2
23
27
25
42
52
72
95
74
73
82
100
105
75
105
108
118
116
115
114
80
58
24
25
2
-11
-16
-5
25
35
45
41
31
47
70
82
107
117
129
110
95
103
97
94
97
88
82
69
57
61
46
32
49
46
24
33
11
5
-18
-43
-45
-45
-42
-61
-47
-42
-40
-29
-6
-5
-12
-4
3
-21
-44
-46
-62
-50
-65
-81
-86
-86
-95
-114
-105
-121
-125
-114
-114
-82
-63
-62
-47
-15
6
-8
0
17
43
41
17
21
39
41
26
-3
-5
-6
-12
-7
14
18
-5
20
46
52
54
36
23
14
-15
-4
0
-13
-21
-8
-3
3
1
15
33
53
66
41
60
60
61
58
63
75
74
70
83
82
108
109
92
75
63
41
27
22
11
-2
-14
-15
-28
-32
-38
-27
-35
-26
-23
-23
4
-14
-20
-50
-77
-89
-95
-77
-97
-93
-88
-82
-73
-71
-48
-28
-39
-65
-29
-30
-22
-21
-20
-5
-12
-2
-8
-16
-44
-57
-65
-64
-61
-62
-66
-74
-63
-50
-34
-22
-30
-18
-23
-24
-34
-52
-39
-39
-33
-49
-41
-32
-28
-3
-1
-9
-7
2
12
16
26
28
48
53
68
64
72
75
70
75
69
