-6
-3
-2
-2
0
0
-2
-3
-4
-3
-2
-2
-1
-1
2
2
2
2
-1
-4
-9
-11
-10
-8
-3
0
-2
1
2
4
3
0
0
1
0
2
2
-1
1
-1
0
2
2
1
-2
0
-2
-4
-2
-4
-2
-3
-4
-2
-1
0
-1
0
-4
-5
-10
-10
-7
-9
-7
-7
-6
-1
0
1
-1
-4
-2
-3
-3
-2
-1
0
-1
-6
-8
-8
-9
-7
-5
-4
-3
-6
-3
-6
-4
-5
-8
-8
-10
-9
-6
1
2
7
6
5
8
7
8
6
5
6
6
12
16
16
19
19
17
17
18
16
13
10
8
5
4
2
-1
-3
-5
-6
-7
-5
-4
-3
-3
-3
-5
-5
-9
-9
-9
-11
-7
-8
-8
-13
-12
-12
-12
-12
-8
-5
-4
0
0
3
1
-1
-1
1
3
5
4
7
7
8
12
13
11
6
6
9
8
8
8
8
7
8
10
7
7
5
6
11
12
17
17
17
19
22
21
20
18
17
14
14
11
7
4
1
-1
-4
-8
-11
-12
-16
-19
-21
-19
-22
-20
-22
-20
-18
-21
-23
-26
-28
-27
-27
-24
-25
-23
-23
-19
-14
-9
-9
-10
-7
-6
-5
-5
-5
-5
-4
-1
-3
2
2
4
6
9
10
12
12
15
15
16
21
21
25
26
28
29
28
25
23
21
18
19
19
19
18
14
17
16
15
14
13
9
5
1
-1
1
1
-2
1
-1
-4
-4
-7
-9
-12
-16
-18
-21
-24
-20
-19
-19
-19
-23
-27
-26
-28
-27
-27
-24
-20
-24
-20
-16
-13
-14
-13
-11
-13
-11
-15
-17
-18
-17
-17
-18
-15
-16
-14
-8
-6
-5
-3
0
5
3
7
5
4
6
7
11
14
15
19
20
23
26
26
23
26
26
28
33
35
36
38
38
40
36
32
28
25
21
21
24
25
26
27
24
17
14
13
10
4
-1
-7
-14
-19
-23
-26
-27
-32
-35
-34
-35
-35
-36
-36
-33
-35
-35
-34
-31
-30
-27
-28
-24
-22
-20
-16
-15
-17
-18
-17
-16
-13
-9
-7
-4
2
4
1
3
-1
1
2
5
15
20
29
30
32
34
31
33
31
28
25
24
21
18
17
15
18
14
13
9
12
7
4
9
3
0
1
2
4
4
4
1
-1
-3
-2
-3
-3
2
0
2
1
0
-3
-9
-9
-15
-22
-25
-25
-19
-21
-18
-21
-20
-18
-19
-17
-12
-3
0
4
5
5
2
6
11
12
18
15
18
16
12
12
9
13
9
10
12
12
14
13
12
4
1
2
3
0
-1
2
2
3
2
3
2
-1
-5
-10
-13
-14
-11
-10
-9
-12
-13
-9
-9
-6
-3
-1
2
4
3
3
-3
-6
-7
-8
-9
-14
-13
-12
-13
-14
-10
-12
-10
-7
-7
-6
-8
-9
-12
-11
-11
-12
-14
-13
-10
-13
-13
-13
-14
-12
-11
-15
-14
-16
-13
-7
-3
2
3
5
6
5
9
10
10
17
24
28
30
30
30
25
24
22
20
19
17
19
19
25
22
22
22
19
18
14
13
9
12
12
8
11
11
6
2
1
0
2
2
4
5
2
3
5
-1
-2
-3
-10
-12
-15
-19
-18
-24
-28
-31
-34
-36
-40
-40
-33
-31
-35
-29
-26
-23
-19
-15
-13
-12
-12
-8
-3
7
15
15
19
21
21
26
30
32
32
32
36
37
36
27
22
23
23
24
23
19
15
11
5
9
5
-7
-5
-5
-11
-11
-11
-20
-25
-25
-22
-25
-24
-27
-31
-23
-22
-18
-20
-23
-30
-26
-21
-22
-17
-12
-11
-6
-5
-5
0
3
3
0
8
13
11
-2
-2
2
4
1
-11
-8
0
5
10
14
24
21
21
21
16
17
12
12
6
6
17
18
20
18
15
11
0
3
4
0
1
0
-1
1
4
12
12
8
8
12
11
15
14
6
8
7
8
2
4
6
6
10
12
11
13
12
6
3
-1
4
4
0
-10
-12
-14
-12
-11
-22
-30
-37
-42
-41
-42
-38
-32
-36
-45
-47
-39
-35
-23
-18
-16
-15
-14
-20
-23
-18
-11
-5
-2
-8
-12
-6
1
1
2
11
20
25
37
54
58
50
49
43
39
50
44
42
38
36
36
20
17
7
-2
-3
11
11
12
25
24
16
15
10
6
0
-11
-8
-9
-11
-14
-18
-18
-18
-19
-11
-13
-16
-15
-9
-8
-13
-14
-11
-16
-11
-8
-8
-5
-2
-2
-8
-9
-17
-16
-14
-18
-22
-13
-10
-22
-30
-32
-30
-29
-30
-26
-24
-11
-24
-29
-14
-10
3
-1
-7
2
17
19
-1
-8
-60
-55
-39
4
-12
-74
-55
-5
27
19
11
-7
0
40
72
56
11
25
72
88
84
93
124
151
143
131
144
155
157
142
115
105
102
72
43
35
38
30
-30
-55
-56
-37
-41
-70
-98
-198
-223
-171
-49
-47
-228
-352
-251
-67
-101
-307
-412
-281
-82
-129
-348
-461
-276
-40
-48
-228
-283
-72
146
81
-120
-74
202
380
239
21
94
364
469
321
232
391
559
482
238
243
462
604
281
44
249
484
411
6
-71
202
314
124
-75
-107
13
149
55
-91
-163
-51
71
-88
-228
-81
89
34
-134
-196
-43
58
-8
-88
-175
-171
-170
-240
-269
-236
-174
-213
-338
-438
-394
-385
-350
-344
-425
-464
-501
-484
-400
-412
-475
-554
-566
-477
-425
-501
-523
-483
-375
-241
-261
-297
-202
-107
-7
19
69
188
292
337
393
482
581
674
717
752
778
842
905
979
1011
1027
1046
1034
1000
986
977
950
897
821
783
747
641
527
498
476
444
270
129
66
51
9
-164
-279
-332
-329
-445
-593
-668
-651
-639
-821
-894
-809
-705
-746
-913
-905
-741
-648
-698
-815
-867
-713
-536
-541
-647
-1010
-1070
-606
-52
6
-751
-1322
-842
85
149
-804
-1475
-880
201
202
-891
-1627
-942
398
596
-498
-1211
-438
835
917
-162
-445
811
2041
1705
323
91
1477
2450
1816
723
927
2069
2314
1276
563
1348
2400
2078
719
303
1316
2021
1451
415
363
1125
1236
532
-44
163
590
409
-210
-599
-444
-445
-757
-1117
-1026
-648
-763
-1366
-1759
-1528
-1133
-1149
-1429
-1465
-1310
-1282
-1461
-1510
-1269
-867
-655
-821
-907
-842
-589
-286
-198
-229
-269
-189
-149
-147
-140
-35
-399
-844
-395
423
750
-423
-1646
-1146
309
478
-942
-2261
-1542
342
620
-1007
-2353
-1679
461
1221
-418
-1735
-720
1252
1487
-218
-913
908
2976
2586
494
-162
1666
3300
2577
1058
1276
2893
3268
1626
593
1721
3293
2859
1161
307
1247
2180
1479
526
264
808
934
276
-386
-439
-268
-287
-426
-742
-956
-1302
-1777
-1691
-1366
-1109
-1248
-1834
-1950
-1521
-1060
-862
-901
-1015
-813
-574
-549
-489
-382
-73
232
61
-239
-135
163
469
424
246
319
232
-64
-521
-1114
-380
665
784
-634
-2274
-1904
-109
434
-1156
-3033
-2768
-637
219
-1600
-3553
-3210
-695
743
-1019
-3117
-2396
179
1313
-573
-2421
-972
1997
2610
396
-1154
450
3025
3099
1089
406
2160
3796
2993
1126
1373
3289
4100
2536
1037
1740
3318
3347
1844
985
1955
2741
1790
-140
-85
1420
1839
505
-1148
-954
191
237
-1074
-1982
-1433
-439
-627
-2198
-2864
-2005
-938
-1151
-2295
-2477
-1380
-719
-1248
-1914
-1554
-440
26
-570
-1104
-794
-233
-27
-170
-221
171
250
-211
-285
42
532
395
-73
-788
-1095
-385
266
507
-805
-2099
-1823
-526
-61
-1286
-2831
-2505
-778
-204
-1714
-3335
-2923
-611
279
-1311
-2835
-1964
363
995
-680
-1713
38
2501
2619
556
-513
1352
3574
3320
1464
1158
3006
4337
3238
1603
2165
4137
4577
2825
1457
2286
3810
3428
1702
1064
2207
2771
1438
203
419
1366
1176
-181
-915
-622
-227
-688
-1772
-2116
-1394
-1089
-1997
-3034
-2893
-1735
-1293
-2225
-2758
-2139
-1424
-1563
-2075
-1877
-1055
-566
-914
-1312
-1228
-632
-275
-428
-604
-384
-216
-106
-94
-102
-247
-296
-1158
-1188
-527
284
183
-1570
-2626
-1423
115
-153
-2017
-3435
-1998
104
-296
-2545
-3751
-2297
385
380
-1983
-3030
-1317
1265
1101
-1310
-1740
875
3291
2655
230
-174
2375
4299
3445
1661
1880
4061
4951
3363
2121
3060
4908
4903
2989
1875
2950
4169
3687
2125
1645
2465
2471
1064
283
507
1033
678
-458
-1060
-1009
-1116
-1554
-2355
-2697
-1781
-1511
-2804
-4047
-3871
-2444
-1790
-2865
-3489
-2739
-1926
-2030
-2709
-2604
-1411
-658
-1191
-1742
-1753
-927
-356
-555
-506
-209
-234
-435
-463
32
616
434
-182
-1100
-693
359
1248
508
-1398
-1877
-611
701
47
-2003
-2687
-916
683
-250
-2536
-3318
-1109
1327
600
-1835
-2476
-149
2083
1286
-920
-673
2165
3827
2543
344
788
3471
4845
3622
1945
2482
4236
4605
3181
2364
3322
4491
3937
2284
1778
2863
3518
2579
1111
1022
1577
1481
175
-722
-335
142
-325
-1770
-2600
-2148
-1594
-2178
-3300
-3526
-2675
-2282
-3389
-4393
-3756
-2333
-2007
-2857
-3414
-2616
-1633
-1578
-1891
-1686
-779
-243
-729
-998
-564
129
379
140
241
459
601
395
507
927
1142
708
78
-678
-187
802
1283
560
-1221
-1777
-541
497
-258
-1989
-2674
-1182
231
-791
-2687
-3254
-1393
682
-12
-2131
-2448
-429
1539
929
-1136
-1005
1519
3263
2350
381
556
3082
4533
3382
1801
2334
4244
4691
2988
2049
3340
4961
4289
2127
1451
2980
4059
2683
663
562
1715
1960
411
-778
-478
106
-340
-1549
-2132
-1668
-1598
-2632
-3317
-2847
-2146
-2568
-3855
-4033
-2967
-2297
-2707
-3302
-2842
-1975
-1910
-2408
-2183
-1205
-495
-708
-1150
-913
-217
102
-155
-193
318
706
538
258
434
930
1262
739
228
-480
-259
829
1378
1050
-577
-1551
-567
806
419
-1209
-2295
-1099
609
14
-2039
-2925
-1520
717
622
-1547
-2527
-867
1319
1448
-552
-1210
1057
3220
2786
508
-142
2231
4321
3528
1244
1132
3132
4365
2949
1272
1915
3828
3817
1731
414
1572
3092
2585
713
73
1137
1492
423
-961
-933
-66
-326
-1396
-2074
-1597
-1112
-1786
-2641
-2486
-1637
-1641
-2688
-3173
-2619
-1635
-1749
-2434
-2539
-1904
-1104
-1144
-1438
-1291
-659
-226
-366
-409
-195
288
507
239
231
470
892
854
686
622
791
882
321
-16
-477
-238
452
685
226
-1088
-1661
-844
120
-107
-1569
-2661
-1847
-464
-528
-2115
-3262
-2304
-340
-345
-2127
-2807
-1162
970
670
-1439
-1740
748
3047
2401
105
-264
2189
4104
3055
1164
1585
3775
4683
2945
1361
2313
4179
4262
2407
1277
2161
3321
2775
1476
1214
1930
2125
999
-40
-40
490
493
-172
-889
-1143
-1087
-1537
-1801
-1750
-1552
-1510
-2339
-2904
-2744
-2124
-1789
-2108
-2463
-2251
-1675
-1622
-1863
-1935
-1402
-541
-432
-981
-1315
-778
193
489
-3
-313
-168
340
552
308
155
104
79
-398
-795
-361
291
410
-948
-2076
-1653
-311
-33
-1182
-2422
-1963
-363
-302
-1850
-3157
-2501
-504
-107
-1686
-2709
-1398
674
831
-820
-1325
733
2965
2714
771
118
2017
3968
3664
2004
1801
3403
4621
3749
2140
2085
3466
4218
3173
1800
1755
2750
3124
2033
1016
1085
1851
1877
707
-385
-244
531
567
-587
-1782
-1589
-1029
-1341
-2280
-2679
-1987
-1775
-2740
-3556
-3042
-1877
-1691
-2613
-3202
-2441
-1334
-1421
-2054
-2054
-1070
-331
-818
-1469
-1375
-330
400
153
-432
-561
45
574
547
192
91
260
395
-408
-884
73
1061
1015
-790
-2096
-964
739
580
-1316
-2751
-1492
523
136
-1962
-2952
-1595
744
640
-1553
-2300
-575
1564
1490
-641
-1162
1246
3549
2967
548
-64
2511
4758
3735
1309
1267
3670
5037
3246
888
1407
3816
4410
2186
171
942
2862
2802
816
-174
664
1813
1046
-700
-1200
-409
181
-553
-1732
-1950
-1387
-1606
-2339
-2553
-1868
-1525
-2368
-3348
-3091
-1939
-1535
-2098
-2645
-2236
-1200
-994
-1654
-1915
-1156
-100
-231
-1152
-1436
-344
761
572
-423
-725
217
1105
662
-258
-259
657
969
272
-857
-1147
39
725
446
-907
-1943
-1084
449
545
-930
-2356
-2050
-123
637
-828
-2470
-2436
-434
971
-261
-1955
-1450
809
2097
645
-1135
-28
2752
3559
1744
-55
1202
3820
4129
2025
1007
2557
4309
3386
934
647
2764
4036
2491
118
61
2061
2661
1164
-79
449
1500
1076
-338
-893
-140
275
-173
-1005
-1290
-1062
-1274
-1553
-1508
-1223
-1144
-1832
-2557
-2210
-1424
-1075
-1477
-1979
-1554
-937
-1069
-1517
-1384
-740
-279
-715
-1306
-978
-194
223
-146
-784
-557
115
256
-220
-614
-230
93
106
-437
-451
-546
-1073
-660
-225
470
-196
-1698
-1499
114
885
-335
-2243
-2121
150
1075
-622
-2694
-2535
-96
1520
-199
-2342
-1806
643
2181
577
-1482
-429
2409
3442
1524
-413
729
3455
3924
1909
650
1818
3594
3182
1366
1043
2612
3498
2125
461
685
2147
2623
1468
443
800
1595
1473
454
-123
255
779
267
-726
-1098
-745
-389
-739
-1546
-1604
-1202
-1254
-1590
-1888
-1739
-1314
-1549
-1835
-1874
-1608
-1322
-1383
-1634
-1567
-1235
-1187
-1225
-1184
-1007
-688
-801
-1006
-822
-407
-24
-240
-711
-691
-166
431
188
-144
-599
-1059
-567
-22
735
201
-1337
-1626
-431
706
162
-1603
-2163
-458
901
-108
-2062
-2467
-480
1352
190
-1796
-1773
426
2080
804
-1039
-338
2258
3245
1538
-316
550
3121
3784
2006
603
1514
3518
3535
1664
838
2173
3575
2906
1067
721
2197
2922
2124
924
847
1608
1645
948
454
630
793
199
-461
-601
-19
35
-992
-1936
-1697
-850
-915
-2070
-2711
-2233
-1597
-1934
-2687
-2543
-1698
-1431
-2129
-2747
-2461
-1381
-1134
-1815
-2082
-1508
-697
-883
-1569
-1417
-517
43
-427
-1029
-791
261
837
384
-160
154
45
84
251
796
1343
272
-784
-297
865
880
-499
-1847
-920
963
697
-1210
-2585
-1563
966
1234
-842
-2060
-817
1291
1523
-427
-1288
775
2748
2447
360
-334
1679
3548
2858
1008
922
2673
3677
2403
1042
1543
3114
3149
1726
782
1547
2495
2081
1232
1018
1403
1375
673
141
40
152
-23
-229
-480
-664
-938
-1464
-1753
-1636
-1488
-1717
-2439
-2815
-2504
-2121
-2124
-2494
-2611
-2411
-2129
-2169
-2210
-1948
-1562
-1444
-1536
-1386
-1004
-631
-514
-569
-387
15
139
-38
-32
398
928
983
692
589
863
1025
174
131
582
1644
1518
-282
-1122
-112
1149
955
-630
-1763
-605
660
64
-1471
-2242
-820
1048
328
-1675
-1955
-50
1711
778
-1343
-930
1761
2981
1515
-546
178
2868
3635
1726
275
1472
3464
3361
1216
508
2059
3410
2583
780
476
1787
2594
1705
481
480
1093
1127
454
-231
-301
-14
-154
-503
-1108
-1519
-1491
-1625
-2003
-2336
-2282
-2046
-2150
-2604
-2880
-2440
-2031
-2188
-2339
-2137
-1605
-1517
-1725
-1537
-784
-309
-545
-892
-614
232
504
21
-297
211
1035
1062
664
432
845
1351
1284
896
508
492
-108
141
553
993
773
-688
-1209
-141
758
275
-1173
-2053
-934
237
-316
-1638
-2309
-1255
474
262
-1400
-2015
-693
1365
1351
-427
-867
876
2540
2301
704
390
2195
3460
2645
1293
1240
2654
3296
2116
1137
1462
2467
2334
1282
685
1082
1527
1031
261
26
351
596
142
-504
-890
-896
-873
-1032
-1378
-1521
-1506
-1655
-1842
-1945
-1833
-1774
-1745
-1966
-2115
-1978
-1588
-1284
-1254
-1364
-1329
-935
-582
-614
-732
-481
96
416
239
-44
66
404
647
601
474
480
532
460
406
338
305
101
-360
-10
593
626
-372
-1471
-1183
73
294
-976
-2162
-1794
-281
285
-846
-1816
-1379
30
592
-372
-1153
-346
1111
1364
499
94
1187
2570
2530
1748
1340
2043
2952
2832
2130
1843
2321
2754
2474
1769
1463
1820
2007
1645
1147
791
890
614
74
-134
-258
-255
-562
-957
-1220
-1162
-978
-1261
-1648
-2166
-2029
-1765
-2035
-2291
-2498
-2126
-1842
-1974
-2250
-2181
-1662
-1277
-1139
-1411
-1319
-803
-461
-371
-607
-455
-48
360
429
269
352
479
599
665
701
716
623
522
400
596
683
659
454
131
-250
-152
296
665
440
-450
-930
-430
179
131
-528
-1044
-600
30
31
-645
-1194
-635
406
603
-152
-470
313
1380
1289
391
452
1758
2616
1905
809
998
2325
2809
1760
713
1183
2184
1978
654
-145
726
1760
1409
-4
-690
-28
612
249
-727
-909
-393
-61
-694
-1503
-1573
-1064
-716
-1194
-1880
-1895
-1331
-1271
-1709
-2005
-1533
-917
-1081
-1540
-1619
-970
-467
-551
-761
-507
-100
-217
-415
-316
123
570
378
124
349
793
957
556
312
715
1028
788
272
93
533
930
800
288
108
266
491
-28
-418
17
752
954
-164
-1062
-456
750
932
-395
-1725
-1102
549
673
-795
-2062
-1255
810
1145
-652
-1678
-353
1550
1557
-443
-1148
865
2667
1965
-109
-555
1289
2604
1567
-25
-18
1349
1715
407
-575
30
1303
813
-531
-1065
-88
821
73
-941
-877
16
216
-636
-1431
-1071
-304
-357
-1013
-1505
-1184
-583
-746
-1353
-1365
-690
-263
-634
-1313
-1236
-388
151
-74
-522
-522
145
631
537
315
322
663
800
603
245
250
725
949
753
139
71
580
920
825
341
-5
288
672
699
419
7
-467
-75
478
784
210
-931
-879
89
534
-229
-1413
-1576
-42
859
-109
-1832
-2097
-297
1287
437
-1567
-1684
192
1555
412
-1376
-754
1593
2422
534
-1326
-545
1652
2154
424
-867
-42
1284
1030
-466
-845
429
1226
507
-825
-931
157
695
337
-195
-163
196
189
-92
-155
-23
-18
-65
-192
-296
-199
-341
-390
-399
-296
-111
-332
-943
-1009
-367
112
-301
-1170
-1072
-51
392
-197
-863
-482
531
530
-230
-504
228
915
545
-228
-148
646
1025
435
-1
362
891
857
503
550
987
1245
918
597
765
991
1053
861
660
218
88
232
530
499
-230
-770
-590
-223
-356
-933
-1414
-1084
-687
-797
-1341
-1784
-1600
-866
-548
-983
-1690
-1669
-893
-497
-970
-1643
-1171
-68
148
-878
-1665
-711
646
657
-565
-947
293
1215
572
-496
-21
1486
1713
433
-522
465
1913
1728
597
195
1048
1771
1158
409
422
1026
1146
562
133
441
982
749
153
-166
433
931
689
39
-174
397
913
718
175
76
499
764
548
97
22
445
589
381
102
69
321
435
324
215
254
463
529
392
259
263
406
485
229
-384
-852
-681
-176
-49
-812
-1721
-1660
-926
-827
-1673
-2714
-2472
-1395
-1070
-2022
-3143
-3006
-1814
-1110
-1974
-2932
-2551
-1291
-688
-1709
-2507
-1540
134
526
-688
-1404
-357
1189
1266
283
154
1298
2104
1536
838
1488
2808
3037
1877
1237
2021
3123
2933
1653
1150
1974
2604
1962
723
564
1446
1832
982
8
22
701
749
-95
-567
-191
327
19
-814
-1023
-351
100
-570
-1274
-1114
-403
-366
-1089
-1059
-316
290
-158
-861
-607
246
559
-57
-430
87
827
771
72
-227
375
983
850
206
30
480
824
597
120
67
304
345
-98
-539
-545
-377
-429
-770
-1324
-1463
-1180
-931
-983
-1542
-2097
-2021
-1563
-1444
-1878
-2591
-2551
-1907
-1479
-1841
-2601
-2648
-1591
-696
-1085
-1820
-1600
-333
412
-191
-787
84
1658
1907
753
162
1353
2829
2546
1126
678
1915
3081
2569
1262
1293
2492
3012
2139
1062
1236
2217
2560
1848
1284
1399
1879
1869
1388
835
897
1274
1128
665
182
230
593
488
51
-206
-106
-93
-294
-472
-283
137
33
-404
-540
-178
351
191
-517
-732
-396
-132
-196
-656
-783
-531
-592
-791
-1020
-1242
-1213
-1144
-1158
-1488
-1851
-1995
-1717
-1488
-1514
-1959
-2347
-2482
-2490
-2062
-1740
-1469
-2161
-3117
-2960
-1836
-1182
-1904
-3057
-2758
-1070
-398
-1454
-2594
-1953
229
1105
-281
-1562
-712
1446
2203
938
9
1251
3136
3323
1815
1030
2314
3843
3781
2414
1846
2812
3846
3524
2528
2298
3047
3459
2762
1991
2110
2936
3086
2094
1364
1601
2308
2169
1192
657
862
1204
708
-150
-318
52
31
-619
-1312
-1300
-741
-827
-1665
-2163
-1977
-1393
-1405
-2085
-2268
-1710
-1455
-1846
-2436
-2284
-1478
-1156
-1630
-1929
-1671
-1198
-1156
-1654
-1732
-1113
-761
-1087
-1684
-1554
-795
-423
-763
-1324
-1289
-754
-565
-960
-1230
-811
-317
-428
-1006
-1099
-569
-102
-257
-724
-832
-492
-425
-572
-380
198
505
74
-447
-155
597
885
377
-108
300
980
1034
429
180
911
1710
1647
847
507
1226
2155
2245
1561
1308
2031
2701
2563
1923
1861
2618
3117
2761
1907
1849
2494
2782
2184
1331
1374
1893
1952
1350
640
766
1006
787
93
-428
-288
0
-302
-1063
-1593
-1518
-1209
-1244
-1632
-1802
-1721
-1770
-1952
-2153
-1959
-1635
-1641
-1933
-2063
-1870
-1807
-1885
-1930
-1763
-1454
-1352
-1593
-1720
-1444
-1000
-756
-996
-1105
-991
-721
-646
-797
-728
-489
-277
-484
-833
-778
-312
-13
-208
-553
-360
33
178
-367
-930
-319
521
800
-122
-1109
-613
569
891
-29
-967
-678
396
912
329
-371
-326
684
1450
942
166
346
1506
2267
1600
595
1121
2678
3277
2373
1308
1854
3308
3658
2517
1895
2766
3768
3340
2012
1694
2643
3237
2508
1231
1100
1689
1643
858
177
375
677
47
-819
-1017
-624
-505
-1202
-1875
-1962
-1747
-1934
-2363
-2682
-2577
-2208
-2571
-3362
-3687
-3339
-2650
-2659
-3259
-3399
-2886
-2456
-2484
-2727
-2489
-1709
-1506
-1858
-2202
-1825
-991
-723
-982
-1191
-832
-304
-109
-193
-113
211
368
401
477
737
961
952
929
1016
1199
1398
1380
1324
1365
1472
1505
1420
1372
1442
1507
1411
1317
1288
1559
1542
1274
1037
1069
1311
1298
927
747
1048
1512
1494
899
561
968
1598
1599
1017
655
1065
1555
1286
691
637
1265
1603
1113
353
289
856
995
599
97
69
325
185
-272
-574
-415
-288
-531
-1162
-1535
-1282
-1042
-1080
-1589
-1999
-1874
-1737
-1794
-1967
-2208
-2210
-2117
-2040
-2030
-2190
-2288
-2063
-1707
-1494
-1629
-1725
-1556
-1243
-1032
-1113
-1091
-874
-649
-443
-397
-293
-157
-21
70
183
349
391
501
747
1098
1144
992
987
1279
1658
1511
1171
1037
1161
1498
1467
1199
1059
1101
1247
1101
825
586
331
563
694
835
472
-170
-117
399
856
400
-408
-819
-196
585
415
-436
-988
-287
756
756
-134
-601
207
1277
1117
46
-263
773
1843
1512
252
0
986
1773
1235
218
239
1093
1431
539
-285
-6
784
754
-302
-905
-446
125
-155
-1077
-1426
-1003
-748
-1248
-1800
-1709
-1275
-1220
-1688
-2072
-1887
-1520
-1558
-2065
-2219
-1729
-1289
-1508
-2012
-1918
-1288
-792
-983
-1316
-987
-402
-133
-356
-419
40
583
765
565
617
902
1200
1297
1380
1579
1552
1454
1359
1491
1633
1570
1418
1254
1184
1188
1200
1148
1076
891
596
623
799
718
373
116
284
622
562
18
-489
-391
-3
191
94
-410
-649
-477
-100
-48
-363
-680
-529
-58
103
-219
-615
-492
194
547
283
-213
-260
380
802
505
65
189
747
876
473
-12
94
364
451
157
-194
-208
-40
-182
-530
-683
-698
-706
-937
-1135
-1192
-1242
-1493
-1561
-1509
-1552
-1660
-1802
-1830
-1711
-1551
-1525
-1538
-1481
-1282
-1095
-974
-826
-591
-363
-199
93
393
469
422
610
1050
1434
1426
1283
1455
1888
2079
1869
1575
1597
1981
2193
1960
1599
1569
1793
1843
1475
1084
1029
1162
1075
644
282
321
440
252
-296
-510
-554
-550
-643
-865
-728
-740
-1043
-1344
-1322
-975
-836
-1253
-1569
-1369
-882
-797
-1083
-1266
-829
-226
-247
-641
-657
-126
478
436
113
271
867
1157
808
311
504
1141
1327
796
253
412
926
945
384
15
287
631
371
-314
-643
-315
-20
-283
-836
-1066
-813
-647
-908
-1225
-1296
-1084
-916
-981
-1118
-1186
-1144
-1061
-925
-841
-683
-643
-673
-518
-376
-80
83
123
190
326
502
668
756
778
906
985
1127
1183
1138
1148
1252
1376
1470
1493
1285
1046
929
983
1045
764
473
356
490
578
289
64
107
295
200
-169
-374
-151
115
-144
-540
-585
-261
-92
-390
-710
-578
-263
-292
-652
-756
-612
-487
-593
-730
-605
-505
-634
-839
-795
-509
-342
-533
-679
-484
-322
-527
-810
-792
-386
-120
-306
-560
-566
-231
10
9
-181
-331
-282
-29
175
71
-56
-73
163
372
257
117
109
298
373
189
96
52
275
430
447
447
363
347
477
677
731
691
603
675
769
733
645
559
755
875
829
638
545
609
706
718
530
442
451
469
461
298
200
210
305
284
150
8
-48
2
-17
-139
-270
-478
-572
-573
-529
-481
-690
-982
-1423
-1419
-1049
-759
-826
-1426
-1761
-1466
-906
-856
-1464
-1829
-1446
-777
-610
-1151
-1556
-1118
-207
-11
-580
-953
-408
638
931
322
5
728
1537
1474
821
667
1398
2081
1837
1045
861
1484
1978
1626
900
762
1224
1365
934
400
397
701
664
229
-190
-149
86
58
-271
-605
-645
-610
-688
-819
-871
-853
-920
-1059
-1117
-946
-721
-812
-1001
-982
-668
-371
-416
-504
-456
-253
-111
-210
-303
-117
267
586
623
591
636
859
1049
1029
981
968
1032
990
816
769
739
677
585
535
431
297
201
127
118
-13
-275
-377
-492
-601
-709
-702
-550
-514
-776
-1090
-1068
-782
-656
-833
-1059
-911
-565
-616
-813
-863
-477
-131
-263
-545
-488
-16
324
265
58
-30
152
419
481
460
475
467
426
449
451
418
329
300
422
451
272
-54
-113
70
206
56
-365
-491
-216
33
-50
-314
-425
-421
-261
-241
-249
-209
-215
-189
-86
57
128
57
110
288
511
523
395
478
810
1173
1202
1073
986
1070
1283
1273
1176
1033
997
1051
994
846
754
877
1019
791
404
137
150
122
-140
-464
-581
-481
-600
-890
-1105
-1040
-941
-1074
-1420
-1594
-1613
-1560
-1575
-1636
-1612
-1689
-1889
-1985
-1913
-1682
-1633
-1689
-1621
-1467
-1316
-1221
-1050
-712
-395
-226
-204
-102
218
590
831
819
932
1201
1472
1646
1694
1781
1927
2001
1932
1738
1712
1903
2051
1906
1583
1393
1343
1333
1190
943
776
765
612
363
101
-23
34
3
-231
-482
-610
-619
-611
-718
-802
-821
-764
-759
-820
-788
-657
-526
-576
-730
-776
-696
-586
-521
-504
-484
-565
-614
-556
-395
-285
-248
-246
-158
-37
-125
-192
-115
31
17
-185
-329
-352
-231
-221
-330
-487
-733
-886
-810
-696
-622
-714
-976
-994
-800
-623
-643
-682
-472
-172
-134
-282
-273
180
655
783
586
569
952
1173
1247
1189
1323
1644
1640
1458
1378
1509
1778
1841
1738
1549
1428
1449
1562
1591
1430
1226
1040
868
732
587
448
404
261
-37
-338
-497
-601
-674
-777
-944
-1106
-1358
-1593
-1591
-1333
-1218
-1451
-1792
-1784
-1609
-1451
-1420
-1449
-1322
-1197
-1301
-1424
-1254
-901
-635
-677
-801
-623
-353
-223
-131
6
241
383
389
377
424
644
798
860
790
718
729
800
857
802
735
711
675
548
419
356
406
413
256
-24
-297
-246
-102
-95
-237
-421
-413
-328
-267
-260
-258
-231
-145
-92
-129
-152
-134
-39
188
294
217
122
151
455
674
742
612
509
704
877
854
648
563
759
947
806
529
460
595
609
404
205
183
328
389
242
34
18
56
7
-226
-440
-342
-215
-227
-483
-661
-595
-462
-457
-719
-882
-779
-702
-823
-1032
-1049
-800
-650
-808
-1059
-986
-682
-395
-447
-591
-518
-361
-280
-293
-195
-53
68
11
-64
-91
-103
-19
45
8
-44
-147
-102
60
166
135
70
120
107
73
-27
20
105
50
55
46
146
232
275
308
358
384
466
541
606
576
544
639
745
817
720
570
550
695
686
652
559
622
751
718
641
547
618
713
665
575
490
472
520
542
477
314
159
87
94
-8
-113
-190
-166
-152
-293
-451
-549
-502
-575
-747
-833
-856
-852
-946
-976
-920
-905
-907
-989
-986
-960
-971
-949
-938
-817
-812
-816
-806
-749
-599
-574
-565
-572
-489
-345
-269
-206
-146
-119
-136
-143
-47
102
164
238
351
419
414
393
411
533
599
507
513
597
620
561
513
587
661
629
515
541
631
611
572
533
506
546
524
526
446
411
414
323
279
187
213
189
133
147
171
103
30
-4
11
14
-24
-52
-65
16
33
9
-64
-148
-185
-153
-113
-67
-95
-131
-78
-20
20
-31
-88
-52
27
67
-18
-54
28
73
-21
-150
-199
-123
-100
-206
-366
-481
-436
-328
-290
-329
-366
-300
-224
-266
-451
-557
-428
-288
-359
-614
-677
-602
-411
-410
-600
-656
-566
-503
-537
-591
-518
-280
-146
-198
-234
-177
90
257
255
208
264
438
482
531
613
741
873
907
979
1030
1037
1048
1057
1077
1059
990
801
711
679
741
660
410
335
319
318
200
2
-109
-180
-186
-276
-381
-412
-459
-484
-484
-534
-618
-720
-799
-711
-650
-695
-782
-781
-677
-509
-424
-490
-509
-450
-303
-244
-210
-202
-57
17
-16
-29
-16
84
168
191
144
145
178
177
166
121
198
237
151
6
-154
-114
-9
3
-125
-263
-239
-153
-133
-209
-275
-214
-74
-6
-86
-151
-85
92
221
173
114
154
271
355
337
351
434
524
608
618
656
804
919
879
747
740
779
793
706
613
576
531
368
226
263
283
249
34
-130
-170
-186
-188
-314
-479
-609
-667
-662
-729
-859
-948
-963
-900
-950
-1047
-1054
-950
-799
-809
-861
-859
-747
-624
-634
-695
-633
-448
-359
-310
-266
-172
-17
63
129
180
330
487
557
601
640
641
682
730
802
842
821
765
799
850
813
736
676
648
605
526
419
380
349
267
174
110
120
99
4
-12
33
36
-103
-215
-230
-74
-38
-192
-312
-304
-158
-79
-175
-313
-220
-100
-76
-176
-220
-77
4
-52
-145
-159
-70
-74
-222
-327
-272
-234
-342
-502
-586
-530
-484
-543
-704
-765
-704
-631
-635
-638
-611
-563
-534
-532
-538
-517
-465
-446
-387
-302
-179
-132
-114
-29
91
237
286
277
305
450
606
620
582
634
820
936
909
868
904
1058
1144
1068
917
902
988
1001
936
856
819
821
778
725
614
555
574
536
486
379
293
233
174
47
-160
-263
-346
-428
-531
-674
-711
-689
-703
-754
-854
-895
-888
-853
-811
-768
-764
-810
-790
-720
-647
-622
-621
-545
-417
-398
-421
-425
-386
-289
-296
-309
-300
-235
-181
-179
-143
-111
-95
-137
-150
-142
-26
52
19
-1
40
206
263
173
71
90
217
262
238
177
158
150
148
192
219
172
142
159
164
177
204
182
229
306
306
299
228
228
331
392
396
424
425
460
512
488
415
455
549
605
549
444
420
470
490
436
371
421
449
341
159
137
206
259
135
-52
-71
-39
-38
-133
-240
-245
-144
-171
-328
-446
-405
-309
-333
-494
-591
-555
-470
-456
-543
-644
-600
-547
-659
-801
-849
-728
-614
-666
-810
-794
-682
-636
-723
-821
-794
-706
-627
-686
-634
-506
-355
-284
-359
-369
-244
-51
37
19
89
223
355
448
489
536
633
747
791
794
879
958
1005
1015
985
976
1017
1005
965
900
852
825
791
753
705
638
544
584
654
617
519
445
496
514
473
382
332
392
396
302
173
148
224
270
140
-32
-65
0
-38
-158
-252
-248
-236
-345
-466
-504
-477
-516
-626
-743
-753
-752
-768
-874
-942
-963
-967
-1045
-1131
-1172
-1181
-1228
-1283
-1289
-1341
-1308
-1346
-1352
-1290
-1258
-1194
-1126
-1036
-935
-910
-826
-644
-486
-361
-287
-204
-33
170
304
350
387
497
650
784
847
876
947
1077
1173
1233
1183
1221
1329
1367
1338
1287
1329
1366
1398
1328
1218
1211
1253
1267
1149
994
879
848
812
772
696
636
598
517
446
366
332
307
239
144
139
121
104
42
-11
-13
-127
-207
-277
-322
-353
-398
-477
-527
-607
-649
-664
-713
-746
-759
-752
-758
-814
-880
-951
-976
-986
-1016
-1019
-981
-961
-977
-1018
-1066
-1075
-1080
-1101
-1126
-1118
-1035
-996
-977
-927
-899
-814
-813
-758
-619
-519
-407
-330
-248
-129
53
159
219
251
271
345
495
611
702
776
849
946
962
1003
1052
1047
1095
1102
1135
1155
1168
1207
1232
1230
1185
1158
1121
1113
1111
1026
973
921
901
859
736
602
589
598
552
453
333
275
226
185
158
154
76
-62
-141
-100
-83
-142
-294
-412
-436
-451
-503
-534
-483
-511
-609
-705
-750
-679
-676
-718
-812
-847
-889
-959
-1024
-1080
-1071
-1018
-957
-1024
-1083
-1102
-1017
-924
-925
-1049
-1133
-1037
-918
-865
-851
-792
-725
-657
-638
-590
-455
-315
-240
-198
-193
-97
38
126
196
276
397
511
619
745
876
945
963
1045
1065
1085
1149
1238
1319
1334
1253
1191
1218
1307
1329
1236
1224
1224
1188
1081
978
946
965
931
856
738
631
618
534
472
380
291
178
86
4
-34
-71
-138
-222
-345
-378
-435
-482
-575
-659
-715
-745
-798
-849
-856
-839
-842
-895
-986
-1043
-1070
-1093
-1047
-1048
-1046
-1052
-1046
-1045
-992
-940
-861
-808
-840
-841
-823
-740
-673
-704
-750
-654
-554
-525
-492
-426
-270
-155
-148
-121
-49
17
125
189
291
453
628
731
845
938
988
1031
1005
1040
1076
1140
1186
1163
1127
1147
1152
1101
1032
998
980
954
863
743
675
625
597
528
401
305
282
265
224
165
27
-60
-133
-209
-211
-250
-266
-280
-303
-312
-356
-408
-415
-397
-379
-400
-417
-420
-388
-401
-505
-539
-472
-399
-436
-497
-485
-398
-361
-385
-482
-507
-465
-434
-455
-477
-434
-372
-360
-362
-366
-359
-357
-356
-341
-298
-268
-259
-257
-207
-148
-106
-136
-146
-70
-39
-12
-24
-42
9
46
30
22
35
106
203
263
246
255
321
352
290
268
351
374
347
342
412
495
525
511
443
443
504
538
488
405
392
473
543
473
405
392
446
465
423
289
197
222
246
195
88
69
90
79
86
27
27
113
96
58
48
80
122
37
-60
-68
-73
-66
-112
-163
-200
-200
-182
-226
-239
-270
-353
-430
-427
-421
-402
-444
-470
-433
-418
-427
-405
-402
-429
-437
-416
-405
-472
-488
-478
-419
-409
-439
-452
-431
-420
-392
-349
-341
-324
-362
-386
-361
-305
-264
-225
-158
-85
13
84
127
153
175
245
265
244
246
296
388
422
394
376
358
373
420
460
500
520
519
554
583
560
516
464
464
516
525
526
483
487
514
522
518
485
406
382
405
360
308
235
207
167
144
104
71
60
-9
-54
-86
-111
-141
-152
-176
-221
-240
-309
-334
-367
-349
-331
-351
-401
-459
-483
-473
-500
-504
-502
-549
-510
-510
-528
-516
-484
-486
-524
-550
-562
-558
-505
-481
-465
-434
-441
-385
-305
-249
-220
-215
-206
-176
-155
-84
-39
7
105
167
155
158
206
304
383
368
377
397
421
458
500
451
415
445
489
530
501
486
478
484
450
380
335
311
358
391
390
319
291
320
338
324
320
318
260
238
175
111
171
192
164
91
52
50
6
63
36
-5
-27
-52
-42
-92
-118
-150
-139
-158
-242
-341
-382
-334
-342
-393
-465
-432
-360
-345
-370
-417
-418
-432
-420
-438
-462
-443
-432
-445
-467
-464
-427
-442
-467
-443
-381
-368
-367
-380
-335
-219
-193
-133
-99
-51
29
80
116
169
231
278
319
334
355
393
402
441
459
458
423
379
368
403
412
422
423
433
466
391
356
352
334
323
258
254
280
237
207
177
105
105
79
-3
-28
-14
6
18
27
48
61
27
1
-42
-96
-104
-151
-181
-137
-96
-72
-73
-34
-27
-18
5
-15
-45
-69
-87
-74
-47
-39
-49
-33
-24
-45
-44
-63
-117
-133
-148
-185
-221
-248
-273
-282
-269
-270
-257
-262
-254
-246
-266
-286
-266
-223
-217
-251
-256
-238
-193
-146
-149
-113
-65
-10
31
7
-16
34
82
92
108
129
171
204
201
184
215
221
236
213
175
194
189
252
307
296
223
144
134
195
194
167
119
78
101
94
51
49
53
106
114
86
118
78
87
44
18
46
52
39
35
4
-13
13
45
19
-53
-62
-68
-49
-32
-38
-35
-11
-50
-84
-84
-75
-16
-7
-70
-99
-98
-91
-116
-133
-130
-177
-183
-238
-262
-219
-223
-242
-286
-326
-289
-294
-290
-291
-269
-165
-159
-155
-109
-90
-43
-39
-48
-50
-33
-31
-31
-73
-50
-28
-3
35
36
52
99
177
235
285
279
282
302
314
308
263
257
273
279
262
197
168
195
201
187
171
209
207
154
120
115
153
143
99
88
111
130
69
43
45
50
57
63
48
14
12
33
55
35
17
5
19
-9
-64
-66
-51
-14
-12
-87
-136
-138
-88
-93
-136
-152
-179
-182
-237
-306
-326
-331
-376
-403
-404
-414
-409
-399
-352
-325
-341
-331
-343
-309
-245
-225
-251
-250
-203
-197
-181
-143
-90
-15
11
33
51
62
109
169
236
254
267
324
385
422
423
382
393
434
489
493
496
520
523
554
482
485
445
425
422
391
377
347
318
264
230
245
226
169
107
33
-7
-75
-101
-189
-239
-246
-227
-259
-296
-318
-284
-272
-293
-320
-351
-329
-296
-283
-331
-349
-363
-369
-379
-379
-377
-359
-343
-387
-406
-403
-380
-362
-355
-391
-346
-318
-298
-240
-230
-192
-160
-156
-152
-142
-99
-77
-55
-1
21
76
135
151
213
268
294
368
381
366
391
407
454
451
405
443
481
507
492
457
435
438
416
393
404
437
456
442
403
352
315
300
280
234
189
147
111
53
31
-22
-45
-56
-92
-133
-188
-196
-217
-238
-205
-208
-221
-257
-270
-289
-290
-257
-265
-234
-200
-197
-251
-258
-234
-220
-261
-333
-395
-385
-337
-311
-284
-314
-269
-213
-207
-248
-239
-238
-204
-146
-192
-228
-199
-103
-62
-102
-124
-85
-21
-2
10
14
37
85
95
84
82
122
154
187
172
209
245
259
277
256
256
237
228
235
223
239
245
224
217
181
166
168
209
211
174
179
181
209
212
184
158
108
63
46
54
31
40
23
3
-50
-68
-69
-61
-57
-89
-103
-113
-85
-82
-86
-101
-109
-135
-110
-110
-116
-106
-100
-66
-29
-14
-72
-71
-82
-57
-28
-82
-91
-50
-17
-15
-34
-81
-75
-74
-121
-146
-159
-169
-143
-166
-203
-217
-190
-176
-208
-222
-209
-181
-149
-136
-95
-93
-80
-78
-62
4
52
44
31
47
85
120
113
146
183
222
227
238
257
283
298
327
326
311
301
272
286
288
260
224
189
188
161
154
181
194
189
129
91
57
46
2
-18
-14
-32
-18
-30
-34
-10
-32
-61
-105
-143
-153
-166
-171
-201
-219
-205
-175
-147
-122
-118
-97
-75
-77
-54
-42
-37
-62
-85
-69
-118
-125
-115
-104
-89
-107
-133
-144
-196
-243
-246
-248
-207
-225
-246
-296
-319
-276
-264
-270
-280
-291
-262
-230
-194
-152
-132
-102
-105
-90
-62
1
61
91
129
164
179
191
254
326
418
438
458
502
488
527
546
524
496
511
527
522
510
496
482
451
437
384
323
293
251
239
219
151
91
33
19
25
-15
-55
-116
-127
-94
-117
-185
-220
-220
-238
-266
-300
-338
-371
-384
-411
-424
-440
-411
-376
-372
-381
-420
-379
-358
-378
-398
-415
-380
-329
-298
-298
-303
-289
-267
-269
-270
-278
-285
-311
-348
-320
-263
-181
-144
-135
-73
-38
55
95
116
185
207
202
218
214
257
312
349
418
463
488
468
468
488
486
483
516
531
538
560
566
559
557
536
500
498
514
477
408
347
316
275
269
253
199
168
110
24
0
-13
-58
-114
-157
-208
-280
-310
-340
-332
-332
-320
-338
-368
-393
-417
-471
-515
-513
-538
-525
-597
-571
-526
-502
-463
-475
-428
-419
-404
-364
-356
-345
-308
-305
-286
-248
-214
-196
-153
-126
-95
-88
-100
-111
-65
0
54
90
121
166
169
177
174
199
254
294
320
294
303
323
348
379
357
370
373
380
360
340
338
302
303
311
300
290
323
339
365
393
397
371
298
227
220
240
232
155
110
107
105
91
8
-52
-54
-50
-85
-95
-99
-120
-161
-186
-176
-153
-172
-208
-222
-255
-281
-279
-314
-366
-387
-401
-356
-335
-316
-317
-326
-382
-401
-352
-345
-334
-346
-350
-315
-251
-202
-177
-163
-141
-78
-29
-29
-20
-3
-9
19
38
36
46
41
80
108
127
158
167
205
206
218
241
244
258
259
289
312
318
330
343
378
393
414
416
410
390
364
331
284
288
294
259
253
212
164
177
191
194
156
117
109
99
95
43
-9
-31
-49
-55
-102
-134
-183
-241
-253
-238
-219
-249
-275
-269
-301
-278
-228
-215
-259
-287
-294
-334
-372
-415
-438
-451
-477
-499
-481
-443
-402
-378
-376
-375
-372
-332
-286
-263
-236
-227
-189
-171
-115
-95
-78
-60
-35
-11
5
42
99
193
214
243
267
287
272
279
309
315
353
373
363
381
423
452
451
418
373
386
391
407
404
371
339
311
304
267
274
248
221
218
208
226
240
228
207
184
161
114
68
17
-1
-9
-13
2
-6
-29
-30
-28
-28
-51
-95
-146
-201
-252
-264
-268
-331
-333
-355
-381
-357
-374
-366
-387
-390
-412
-422
-394
-379
-361
-353
-358
-348
-334
-321
-331
-322
-321
-307
-270
-252
-207
-179
-135
-75
-19
14
24
54
56
76
76
103
104
113
198
227
304
335
342
362
348
313
312
321
360
408
398
373
381
401
415
434
406
408
381
375
386
377
352
271
212
182
142
120
84
66
73
79
42
2
-39
-61
-94
-100
-122
-159
-181
-167
-211
-239
-262
-295
-289
-313
-318
-356
-334
-297
-308
-332
-310
-317
-287
-261
-300
-317
-330
-305
-302
-294
-280
-262
-271
-304
-328
-296
-282
-312
-310
-307
-305
-297
-288
-265
-214
-180
-113
-89
-59
-40
-13
55
69
98
112
165
230
263
313
353
408
424
453
446
472
521
552
536
539
572
563
576
537
501
493
504
479
405
334
324
309
300
273
248
208
190
158
106
79
38
41
27
-10
-28
-56
-99
-122
-207
-244
-245
-207
-196
-235
-223
-250
-255
-266
-266
-273
-288
-282
-290
-304
-314
-301
-312
-323
-329
-354
-339
-339
-343
-346
-325
-303
-326
-292
-256
-227
-217
-224
-212
-188
-211
-203
-193
-168
-148
-136
-127
-90
-19
-27
10
-8
-4
16
53
96
102
116
151
189
231
260
280
298
317
324
332
354
359
388
403
392
372
383
352
356
373
374
390
397
355
334
325
311
295
243
202
151
154
126
72
49
-4
-40
-54
-114
-135
-148
-168
-164
-154
-190
-170
-136
-168
-183
-207
-242
-238
-227
-220
-223
-224
-202
-179
-196
-194
-197
-200
-190
-240
-240
-223
-179
-152
-166
-180
-177
-176
-173
-188
-198
-165
-160
-165
-172
-164
-131
-113
-97
-110
-129
-148
-148
-132
-102
-65
-50
-31
-35
-46
-27
-23
1
32
61
113
136
174
205
230
230
239
247
295
334
326
343
357
364
368
349
305
278
260
281
293
259
254
237
243
242
243
284
246
229
230
224
230
207
125
61
49
29
22
-25
-68
-66
-78
-95
-113
-114
-129
-125
-161
-214
-240
-263
-273
-296
-331
-361
-382
-385
-376
-372
-359
-358
-377
-366
-367
-378
-372
-367
-350
-320
-284
-259
-253
-227
-192
-191
-197
-213
-197
-161
-129
-72
-47
-42
-17
-5
27
52
72
95
73
98
144
150
183
220
283
299
314
327
327
349
366
355
345
364
387
393
379
397
377
370
356
332
319
315
312
253
247
243
225
201
154
130
124
88
75
54
33
5
3
43
45
31
-4
-11
-31
-77
-97
-104
-128
-152
-204
-234
-238
-264
-284
-301
-337
-341
-342
-337
-324
-318
-312
-322
-322
-331
-316
-331
-305
-291
-309
-324
-321
-300
-288
-268
-221
-205
-185
-131
-93
-39
-8
26
49
58
54
76
108
142
175
164
175
150
133
150
200
230
248
259
238
228
230
217
183
165
153
182
186
199
211
223
236
220
200
204
210
241
260
244
218
183
193
201
205
201
183
162
123
100
73
57
70
44
11
9
-10
-18
-13
-53
-92
-118
-159
-194
-207
-199
-191
-183
-186
-200
-208
-227
-235
-242
-234
-236
-231
-197
-217
-211
-204
-213
-216
-260
-280
-279
-282
-271
-256
-245
-222
-203
-230
-214
-188
-180
-174
-179
-169
-132
-80
-41
12
39
58
107
93
116
115
113
118
111
151
172
192
204
190
191
191
200
184
216
242
265
297
301
307
274
275
283
305
320
309
268
260
239
240
257
210
183
165
164
150
135
96
60
46
50
61
50
34
23
-2
-50
-100
-103
-85
-122
-148
-139
-138
-139
-156
-181
-212
-242
-264
-307
-295
-304
-305
-297
-287
-296
-308
-287
-281
-272
-272
-257
-263
-275
-254
-250
-255
-218
-219
-216
-179
-146
-94
-65
-43
-16
24
30
34
54
65
103
123
128
139
148
180
185
167
165
167
170
199
214
211
226
234
253
233
246
274
253
257
267
264
243
223
215
191
171
190
186
190
164
141
116
97
84
53
70
55
21
-13
-92
-94
-98
-105
-79
-75
-76
-90
-76
-89
-102
-120
-142
-149
-173
-160
-168
-171
-162
-175
-203
-215
-219
-201
-216
-208
-191
-171
-163
-168
-157
-160
-155
-145
-119
-125
-121
-119
-133
-128
-107
-89
-90
-99
-79
-51
-42
-20
15
64
94
108
126
141
144
173
210
211
178
185
186
187
216
211
183
181
218
200
181
177
165
116
107
77
37
59
71
90
90
82
59
36
42
21
5
-4
-23
-36
-35
-46
-44
-56
-38
-38
-33
-40
-72
-48
-53
-64
-63
-63
-69
-78
-85
-70
-95
-114
-124
-130
-127
-114
-122
-125
-88
-97
-94
-105
-134
-129
-105
-72
-53
-36
6
18
10
0
8
20
13
42
58
65
90
113
127
136
134
146
159
117
119
111
128
130
144
190
159
168
177
168
192
174
173
177
151
127
119
108
79
67
53
44
32
17
4
-35
-51
-78
-111
-132
-114
-117
-161
-170
-161
-167
-185
-190
-171
-192
-227
-233
-265
-267
-235
-257
-267
-247
-242
-213
-182
-192
-185
-156
-146
-137
-106
-78
-37
-15
1
8
9
7
-4
9
15
51
62
61
83
71
83
101
103
99
96
96
100
87
54
47
70
64
47
59
63
64
54
44
41
29
38
32
27
13
10
33
25
17
35
49
58
58
52
76
75
60
59
104
94
108
129
141
152
138
186
196
197
185
148
131
126
114
102
93
70
61
76
78
91
105
80
35
5
-7
-24
-55
-63
-75
-86
-66
-96
-112
-105
-137
-137
-133
-133
-187
-196
-187
-217
-187
-185
-176
-160
-123
-123
-118
-116
-125
-93
-136
-145
-134
-118
-87
-80
-69
-43
-27
-23
-15
-12
-7
-8
-13
-16
13
43
37
33
38
29
13
27
21
13
29
1
-2
11
20
36
49
59
63
66
55
72
70
91
103
103
127
131
158
168
185
184
180
153
170
184
140
149
137
119
97
70
79
47
24
-1
-15
-34
-35
-34
-39
-37
-81
-100
-117
-137
-161
-190
-188
-162
-146
-115
-89
-72
-85
-76
-84
-95
-90
-117
-95
-68
-77
-76
-74
-95
-73
-62
-61
-45
-39
-32
18
37
27
36
42
57
57
34
82
85
80
63
37
20
-9
-9
5
18
38
58
60
70
60
56
71
67
49
67
44
28
29
7
4
-16
-13
-52
-69
-54
-61
-50
-8
-8
-6
19
25
41
37
23
21
21
25
48
77
91
64
77
110
119
134
114
100
100
99
103
80
79
50
17
-31
-55
-75
-64
-47
-67
-66
-54
-47
-48
-55
-69
-59
-62
-42
-58
-58
-49
-58
-45
-43
-37
-67
-109
-107
-107
-116
-129
-146
-155
-162
-142
-135
-143
-112
-109
-97
-86
-104
-101
-85
-75
-58
-51
-32
-20
-23
-14
-19
0
13
23
32
58
57
75
76
93
125
122
108
107
120
104
113
132
154
165
169
174
156
144
119
113
108
106
124
115
118
93
83
96
79
69
54
46
39
28
3
-11
-37
-56
-56
-45
-32
-10
-3
-27
-29
-16
-30
-43
-56
-74
-68
-88
-93
-106
-99
-95
-80
-58
-53
-36
-28
-10
-14
-2
-10
-26
-66
-65
-60
-71
-61
-58
-52
-62
-43
-43
-56
-37
-34
-30
-21
18
27
30
29
-7
8
12
25
17
24
14
28
48
41
29
12
5
17
29
18
-2
-16
-6
-14
-19
-16
-14
-16
-24
-16
-1
-35
-34
-47
-52
-43
-25
2
21
46
64
73
69
52
25
8
17
16
57
56
58
49
35
52
35
21
-1
2
-22
-23
-27
-37
-50
-66
-63
-74
-66
-77
-67
-54
-52
-31
-11
35
46
43
35
64
87
94
92
80
48
26
28
17
17
18
38
29
36
36
5
-13
-3
-50
-76
-90
-105
-132
-127
-114
-123
-106
-105
-94
-91
-86
-72
-54
-13
7
21
36
37
63
65
58
49
33
38
33
49
17
6
27
32
49
49
81
101
95
118
105
100
108
94
96
125
137
147
147
131
106
119
135
126
135
125
121
128
104
74
66
62
49
29
-1
-16
-57
-58
-65
-86
-94
-108
-136
-162
-158
-168
-158
-169
-183
-186
-209
-188
-174
-172
-166
-195
-212
-206
-184
-193
-193
-177
-179
-158
-129
-99
-69
-56
-55
-65
-53
-42
-41
-27
-16
-5
-1
15
13
25
51
58
77
80
70
61
73
50
78
87
76
78
91
114
150
181
171
169
164
176
177
179
194
170
134
130
144
139
160
194
208
233
227
219
215
182
128
90
66
58
49
38
5
-21
-47
-67
-100
-118
-130
-138
-140
-143
-153
-164
-185
-189
-172
-157
-141
-133
-153
-176
-188
-190
-182
-179
-167
-152
-141
-132
-144
-161
-154
-179
-200
-186
-196
-173
-149
-136
-101
-107
-90
-84
-63
-20
-4
-12
-16
-2
5
22
62
64
85
121
150
168
176
198
190
205
201
186
191
214
215
219
208
198
208
194
207
197
199
201
183
163
171
167
154
124
120
127
127
137
138
129
114
98
60
28
3
-13
-6
-5
-5
10
16
10
-11
-37
-69
-114
-161
-174
-175
-177
-179
-197
-204
-208
-202
-203
-201
-240
-246
-240
-235
-206
-213
-179
-164
-186
-191
-211
-207
-193
-202
-245
-269
-243
-212
-178
-133
-109
-91
-72
-47
-8
24
38
60
94
122
148
129
150
155
155
143
128
111
100
118
117
148
141
135
118
98
108
112
125
142
151
168
191
188
217
218
222
238
206
206
187
152
128
108
76
66
75
78
74
71
65
56
35
-4
-22
-42
-36
-50
-57
-39
-31
-35
-47
-73
-126
-145
-175
-172
-191
-198
-195
-208
-186
-198
-198
-177
-163
-155
-144
-129
-120
-121
-106
-108
-116
-77
-76
-65
-42
-38
3
14
14
8
1
8
6
-2
-31
-13
-7
-1
22
31
34
37
43
73
105
135
165
144
151
157
162
185
176
190
171
166
177
149
139
121
109
69
57
36
24
38
28
37
35
16
30
-1
0
0
-23
-26
-22
-23
-21
-19
-12
-18
-9
-8
-4
-5
10
21
6
-4
-6
-4
-20
-42
-58
-78
-106
-132
-166
-176
-180
-170
-143
-124
-117
-116
-122
-117
-104
-111
-100
-91
-101
-88
-76
-66
-55
-64
-82
-95
-91
-90
-92
-111
-129
-115
-103
-78
-57
-48
-26
-11
30
41
42
45
32
43
48
66
57
48
30
7
5
5
7
0
12
11
12
29
31
33
10
25
17
33
61
80
115
140
170
175
178
171
165
169
182
180
204
222
226
261
270
261
258
242
220
215
171
155
127
84
68
39
30
17
-9
-18
-39
-61
-86
-107
-86
-98
-104
-104
-122
-143
-146
-159
-152
-170
-180
-170
-195
-172
-178
-169
-146
-143
-121
-148
-142
-151
-158
-133
-130
-125
-126
-143
-144
-134
-150
-158
-144
-134
-151
-153
-139
-143
-114
-79
-51
-11
5
34
51
65
83
99
98
78
102
119
138
180
191
202
207
200
203
214
229
213
215
182
164
151
158
159
141
157
163
164
165
164
190
183
180
152
133
133
113
107
74
64
73
35
34
52
24
16
-13
-26
-65
-96
-88
-141
-159
-175
-217
-241
-278
-305
-322
-329
-368
-372
-357
-350
-345
-319
-305
-285
-272
-272
-227
-185
-182
-149
-131
-148
-150
-143
-125
-120
-85
-65
-41
-6
16
29
29
23
45
59
99
153
163
191
219
230
213
229
237
245
242
246
254
252
247
235
261
266
258
256
271
278
306
299
302
309
289
270
258
256
210
183
170
128
98
71
36
9
-13
-25
-28
-73
-86
-109
-138
-145
-177
-194
-230
-252
-256
-264
-245
-247
-259
-288
-301
-308
-316
-315
-313
-320
-315
-292
-287
-275
-251
-237
-208
-188
-148
-137
-125
-101
-96
-94
-70
-44
-35
-17
5
16
30
45
70
83
86
91
95
118
113
136
145
139
128
113
127
122
141
177
181
205
197
192
219
238
244
250
231
219
206
206
191
171
164
157
141
145
133
119
102
67
54
20
18
8
-1
-4
-27
-36
-32
-60
-87
-100
-112
-117
-121
-126
-120
-135
-132
-104
-97
-106
-105
-118
-125
-119
-118
-129
-161
-172
-186
-174
-155
-155
-146
-130
-108
-81
-103
-98
-74
-87
-79
-83
-86
-104
-128
-113
-92
-74
-74
-48
-41
-48
-52
-71
-59
-61
-75
-33
23
41
53
67
81
87
110
133
132
142
154
163
180
183
206
201
225
225
219
217
177
165
145
135
143
148
143
137
113
122
135
127
110
99
87
53
47
48
41
39
27
15
7
-25
-72
-71
-71
-83
-78
-77
-81
-91
-62
-45
-59
-68
-83
-81
-97
-105
-105
-112
-102
-116
-117
-120
-113
-108
-106
-103
-79
-68
-71
-55
-51
-44
-30
-19
-29
-30
-23
-36
-37
-38
-24
-29
-34
-20
-29
-42
-45
-53
-41
-60
-48
-41
-51
-50
-47
-49
-43
-40
-28
0
2
5
8
18
29
48
58
81
71
62
43
56
58
81
103
118
139
138
155
148
151
161
156
125
127
140
135
130
130
126
126
122
131
132
126
91
60
69
42
29
21
5
6
25
16
-1
-20
-58
-72
-109
-94
-116
-132
-154
-173
-191
-209
-240
-263
-267
-291
-275
-258
-249
-238
-215
-210
-192
-158
-161
-149
-129
-123
-106
-90
-69
-60
-48
-16
-8
14
9
9
28
38
41
55
58
57
75
74
90
85
80
79
82
92
100
133
147
165
185
192
194
192
182
165
151
146
161
166
175
163
152
171
151
143
117
84
71
60
46
39
31
25
31
17
16
11
-14
-41
-38
-29
-30
-29
-35
-45
-56
-91
-110
-120
-118
-92
-97
-98
-111
-118
-116
-136
-154
-163
-175
-157
-146
-158
-135
-128
-122
-112
-99
-90
-80
-73
-72
-69
-54
-48
-36
-19
-14
11
43
49
46
34
15
15
16
28
41
46
61
85
96
105
105
86
89
102
104
105
101
101
89
90
65
63
74
52
56
63
76
79
91
90
79
80
104
104
115
109
78
68
55
56
47
40
42
23
16
2
-2
-9
-34
-38
-39
-59
-80
-102
-118
-132
-134
-142
-152
-163
-168
-171
-172
-163
-177
-170
-165
-165
-151
-128
-100
-88
-64
-56
-55
-42
-37
-29
-32
-26
-4
4
4
25
30
27
27
35
27
31
35
59
78
84
101
100
103
91
79
46
40
24
16
17
10
15
18
18
27
20
25
31
40
42
39
49
54
53
48
45
48
64
80
88
97
108
94
70
58
39
19
7
-14
-9
-7
-5
16
15
4
14
7
-5
-25
-34
-61
-55
-47
-39
-31
-32
-40
-43
-35
-19
2
3
14
16
6
2
8
-6
-5
-2
-7
-8
3
4
-15
-18
-22
-29
-33
-25
-43
-40
-33
-38
-30
-50
-57
-53
-55
-75
-86
-81
-66
-53
-23
-9
7
18
13
16
12
12
17
25
16
14
21
32
40
45
47
43
38
48
54
63
69
63
50
35
47
46
23
29
35
13
26
44
32
36
29
16
5
2
4
7
-1
-14
-37
-54
-45
-54
-59
-64
-63
-66
-75
-70
-74
-81
-70
-70
-71
-81
-79
-68
-75
-75
-68
-69
-71
-66
-46
-13
-13
-19
-5
-13
-8
8
7
18
17
7
25
30
47
44
34
33
34
47
34
19
21
16
18
25
25
10
6
5
0
-18
-7
14
21
45
65
86
101
90
91
87
79
83
70
71
76
70
59
51
32
11
-8
-14
-25
-31
-18
-24
-6
6
-1
4
13
16
13
2
12
11
-3
-18
-28
-29
-20
-21
-19
-22
-24
-27
-39
-19
-17
-3
-7
-1
27
26
21
18
16
17
19
25
24
12
-11
1
6
4
0
-10
-19
-38
-37
-38
-47
-50
-56
-57
-57
-53
-64
-61
-57
-67
-63
