24
27
24
22
13
2
1
-7
-6
-7
-8
-6
-7
3
6
4
-5
-7
-4
-14
-20
-26
-31
-32
-35
-37
-44
-48
-51
-56
-56
-59
-54
-57
-57
-49
-40
-30
-16
-7
7
14
16
22
24
34
31
31
25
29
27
25
28
31
31
25
31
33
37
33
35
40
34
27
32
34
32
34
34
37
30
31
28
25
18
9
-5
-19
-19
-21
-16
-12
-17
-18
-29
-33
-23
-23
-24
-23
-18
-18
-16
-14
-11
-13
-18
-25
-32
-40
-58
-63
-67
-72
-69
-70
-69
-74
-75
-68
-67
-64
-64
-56
-51
-42
-35
-30
-26
-24
-25
-25
-22
-21
-15
-15
-16
-18
-20
-22
-12
-6
4
19
29
36
44
51
58
60
64
65
64
66
65
68
60
52
53
47
55
59
56
59
61
61
59
60
62
62
63
61
58
51
48
44
34
30
17
8
10
4
5
9
4
3
0
3
2
-1
1
-10
-14
-19
-29
-32
-38
-44
-44
-36
-33
-30
-17
-12
-9
-12
-6
-11
-19
-13
-11
-9
-8
-16
-21
-24
-28
-34
-41
-53
-56
-52
-47
-38
-42
-36
-24
-18
-6
1
9
17
19
22
25
19
10
1
2
-7
-9
-21
-17
-20
-22
-9
-2
8
14
18
15
20
18
6
-8
-17
-25
-19
-21
-15
-12
-14
-8
-4
-4
-13
-12
-3
0
6
15
26
32
40
38
40
34
29
32
27
22
17
3
-1
-3
-14
-14
-16
-16
-16
-10
2
12
17
22
25
25
26
28
32
39
38
29
28
18
11
4
-12
-22
-25
-38
-45
-44
-44
-33
-24
-7
-1
0
-5
1
7
10
20
22
24
21
17
10
-1
-5
-13
-17
-7
-4
1
9
5
12
12
4
0
-4
-6
-15
-18
-19
-21
-27
-29
-31
-30
-28
-29
-29
-31
-28
-19
-15
-6
-2
2
11
13
21
27
25
26
23
31
33
32
33
32
29
22
25
22
23
20
21
23
26
17
8
1
-5
-5
-6
-10
-8
-6
-9
-4
1
-3
-4
-5
-1
2
8
4
-1
0
-10
-11
-9
-14
-24
-26
-25
-27
-31
-40
-40
-45
-50
-45
-35
-25
-20
-9
5
9
12
15
15
15
10
11
13
15
12
10
3
-4
-13
-20
-22
-22
-21
-23
-22
-19
-13
-8
-5
-3
-6
-10
-14
-17
-22
-21
-23
-28
-27
-31
-32
-27
-24
-17
-13
-13
-4
-1
11
25
34
39
48
56
58
65
69
66
63
59
47
37
22
10
10
7
13
19
17
16
19
23
21
16
19
21
21
31
28
22
17
5
-8
-19
-33
-41
-52
-55
-54
-54
-47
-40
-30
-18
-11
-3
2
1
7
1
-2
-11
-13
-15
-18
-15
-14
-9
-10
-6
-6
-1
-1
5
6
9
9
5
17
18
18
23
20
14
4
-1
-6
-6
-7
-2
9
13
13
15
14
14
13
15
14
19
19
20
25
31
35
32
23
13
8
1
-1
-2
-2
-11
-19
-21
-28
-26
-21
-25
-34
-29
-27
-29
-17
-13
-15
-18
-22
-27
-31
-27
-22
-15
-9
-5
-2
4
8
6
14
17
21
25
23
33
42
42
40
47
41
37
37
35
27
13
8
7
-3
-5
-5
-6
-6
-8
-13
-18
-15
-14
-17
-19
-15
-22
-24
-20
-23
-17
-27
-29
-28
-34
-37
-30
-25
-24
-22
-26
-28
-29
-30
-36
-44
-48
-48
-49
-42
-30
-27
-18
-8
0
8
15
27
31
37
48
50
56
59
63
69
67
68
65
66
57
56
53
52
52
51
43
33
24
17
19
13
16
13
11
12
4
4
-1
-10
-11
-13
-18
-19
-17
-25
-27
-35
-42
-53
-53
-60
-62
-63
-62
-57
-57
-55
-57
-58
-64
-63
-52
-47
-42
-33
-27
-19
-14
-16
-12
-11
-7
2
10
21
28
32
41
45
49
50
47
50
54
51
46
47
48
43
46
56
57
55
50
39
29
29
28
23
19
-1
-28
-44
-60
-73
-80
-82
-73
-56
-50
-40
-30
-20
-6
10
26
31
28
36
45
45
45
48
50
48
31
28
29
24
10
0
-3
-12
-15
-13
-28
-47
-60
-70
-82
-95
-104
-95
-94
-96
-85
-71
-56
-61
-59
-46
-40
-26
-13
0
4
0
9
15
23
32
36
45
52
59
70
76
73
64
68
62
57
55
54
52
38
25
25
20
20
19
17
17
10
10
10
4
5
6
1
-2
-4
0
9
11
15
23
34
36
32
32
41
46
50
52
58
55
46
52
50
46
39
29
18
-2
-8
-12
-17
-17
-31
-35
-36
-34
-42
-39
-45
-55
-66
-77
-79
-92
-101
-109
-107
-109
-109
-91
-84
-79
-71
-58
-46
-46
-43
-29
-25
-26
-18
-7
3
5
0
6
7
6
5
7
8
-3
2
4
11
29
36
42
44
49
61
76
80
87
92
95
97
91
87
85
79
77
80
77
69
62
63
71
66
57
55
48
39
37
31
21
11
-8
-16
-25
-32
-41
-55
-65
-78
-88
-97
-98
-108
-107
-104
-105
-101
-92
-83
-82
-83
-74
-64
-58
-57
-64
-69
-72
-66
-59
-49
-55
-62
-63
-68
-70
-66
-53
-48
-50
-40
-34
-30
-21
-24
-21
-13
1
13
27
39
54
72
81
83
90
90
99
103
115
136
155
157
155
151
153
154
155
161
168
155
154
151
133
116
109
101
95
89
83
71
62
58
54
51
52
62
61
51
45
48
37
23
6
-14
-29
-50
-58
-72
-97
-113
-129
-134
-142
-152
-152
-168
-177
-184
-197
-212
-227
-231
-241
-253
-253
-247
-248
-244
-227
-223
-210
-198
-183
-166
-149
-132
-122
-91
-78
-68
-57
-46
-45
-55
-64
-64
-61
-64
-67
-79
-73
-60
-39
-19
-7
6
13
30
34
57
86
133
177
224
287
345
406
451
478
509
525
546
537
534
522
523
520
498
483
448
415
377
342
297
254
198
153
95
44
-5
-45
-70
-117
-157
-176
-211
-248
-278
-306
-324
-331
-314
-313
-315
-313
-331
-333
-341
-355
-364
-371
-362
-349
-340
-349
-361
-364
-380
-400
-408
-445
-425
-429
-430
-415
-394
-373
-360
-323
-298
-272
-260
-227
-207
-202
-220
-239
-257
-303
-337
-394
-424
-423
-393
-327
-230
-95
34
157
313
475
619
759
899
1037
1141
1249
1331
1431
1525
1613
1672
1723
1751
1760
1726
1641
1553
1435
1261
1076
906
723
519
288
64
-121
-280
-414
-519
-594
-662
-673
-694
-755
-784
-780
-768
-772
-748
-750
-758
-758
-780
-799
-827
-830
-790
-741
-700
-668
-620
-591
-596
-633
-681
-742
-766
-829
-905
-995
-1062
-1138
-1202
-1226
-1213
-1191
-1136
-1066
-991
-889
-836
-758
-716
-703
-729
-808
-940
-1061
-1173
-1199
-1226
-1257
-1310
-1230
-909
-580
-277
-19
326
750
1166
1600
1951
2204
2462
2772
3103
3314
3448
3629
3789
3844
3732
3653
3551
3474
3318
2981
2631
2315
1995
1593
1101
557
115
-230
-506
-805
-1078
-1297
-1469
-1582
-1634
-1577
-1501
-1371
-1255
-1153
-1024
-907
-799
-745
-708
-666
-588
-471
-385
-293
-235
-236
-171
-142
-161
-206
-336
-515
-687
-839
-995
-1127
-1315
-1540
-1715
-1828
-1908
-1923
-1903
-1932
-1913
-1759
-1579
-1450
-1304
-1136
-976
-811
-675
-526
-404
-315
-216
-196
-178
-94
15
75
118
159
307
471
627
577
333
-16
-261
-292
-363
-596
-968
-1147
-1007
-731
-505
-413
-296
-32
364
862
1258
1587
1879
2250
2618
2935
3187
3430
3695
3742
3677
3574
3588
3598
3434
3081
2597
2134
1785
1521
1142
624
87
-317
-600
-810
-993
-1223
-1490
-1769
-1859
-1829
-1773
-1768
-1787
-1751
-1690
-1521
-1293
-1055
-980
-964
-859
-679
-378
-104
27
82
134
246
355
388
262
86
-110
-232
-366
-520
-724
-1062
-1423
-1799
-2026
-2142
-2334
-2604
-2867
-2996
-3025
-2945
-2873
-2803
-2649
-2430
-2104
-1741
-1388
-1020
-683
-365
-72
258
587
791
901
1088
1288
1474
1383
1001
491
250
350
327
24
-480
-571
-172
255
420
273
277
667
1249
1659
1809
1841
2127
2631
2981
3152
3296
3630
4101
4322
4252
4119
4163
4357
4305
3848
3104
2577
2347
2142
1622
751
-50
-537
-828
-1163
-1623
-2086
-2395
-2597
-2714
-2721
-2745
-2789
-2827
-2782
-2716
-2581
-2272
-1970
-1867
-1846
-1614
-1086
-556
-328
-264
-111
178
451
533
466
238
20
-117
-272
-530
-805
-979
-1165
-1471
-1728
-1831
-1766
-1937
-2264
-2571
-2579
-2431
-2369
-2384
-2417
-2310
-2049
-1726
-1446
-1179
-829
-464
-59
293
683
1067
1385
1492
1546
1694
1845
1931
1846
1743
1653
1581
1485
1146
739
319
133
46
-196
-554
-799
-758
-664
-629
-647
-550
-214
259
683
988
1228
1522
1895
2283
2506
2693
2931
3125
3264
3194
3117
3088
3023
2784
2387
2029
1787
1571
1254
880
521
290
159
-26
-306
-695
-990
-1204
-1488
-1719
-1901
-1877
-1902
-2114
-2221
-2158
-1981
-1729
-1530
-1467
-1295
-1025
-717
-469
-340
-187
-27
119
167
183
219
225
213
155
79
-103
-268
-457
-661
-858
-1097
-1311
-1566
-1888
-2158
-2321
-2377
-2298
-2292
-2279
-2179
-1952
-1685
-1406
-1149
-927
-687
-466
-240
-31
131
312
472
490
554
626
871
1130
1211
973
574
272
274
361
168
-354
-867
-925
-619
-429
-571
-821
-891
-557
-1
478
756
984
1402
2028
2565
2849
3188
3580
3891
3975
3823
3658
3647
3681
3455
2934
2335
2008
1984
1842
1352
724
247
34
-115
-414
-780
-1181
-1550
-1828
-1959
-2067
-2302
-2499
-2621
-2565
-2424
-2166
-1836
-1601
-1437
-1296
-929
-378
74
320
340
481
713
974
1107
1010
789
548
438
289
107
-135
-468
-781
-1106
-1457
-1626
-1753
-2091
-2464
-2673
-2666
-2588
-2603
-2630
-2634
-2555
-2329
-2066
-1832
-1673
-1453
-1178
-941
-606
-237
85
283
494
759
1048
1345
1441
1470
1579
1815
1853
1578
1134
763
708
543
119
-446
-726
-514
-289
-321
-581
-688
-315
385
928
1198
1365
1696
2290
2810
3061
3139
3295
3527
3619
3468
3232
3230
3324
3231
2840
2411
2206
2239
2201
1712
1123
616
325
30
-490
-990
-1413
-1759
-2105
-2447
-2684
-2892
-2995
-3052
-3119
-3075
-2819
-2382
-2066
-1962
-1792
-1364
-864
-512
-244
-107
88
388
657
830
862
755
664
634
576
348
61
-217
-533
-811
-1119
-1362
-1586
-1983
-2378
-2615
-2676
-2734
-2733
-2735
-2699
-2507
-2246
-1938
-1676
-1484
-1310
-1147
-982
-732
-465
-153
92
289
490
754
987
1280
1532
1643
1404
1075
868
917
951
577
17
-355
-282
-9
132
-68
-289
-168
395
1056
1440
1598
1834
2358
2994
3382
3567
3763
4012
4178
4039
3749
3513
3473
3420
3121
2547
2106
1869
1754
1446
851
249
-229
-491
-671
-1061
-1518
-2087
-2493
-2673
-2800
-2976
-3213
-3301
-3215
-2914
-2558
-2193
-1812
-1494
-1230
-837
-304
186
432
501
432
552
791
987
1002
752
521
371
353
302
194
-48
-374
-811
-1131
-1274
-1435
-1754
-2228
-2627
-2830
-2877
-2847
-2909
-3021
-2977
-2714
-2315
-2016
-1739
-1477
-1118
-678
-248
128
373
545
636
725
888
1117
1225
1190
1230
1379
1563
1572
1225
804
516
502
380
33
-318
-444
-274
-113
-210
-266
-121
322
832
1223
1444
1758
2265
2789
3079
3154
3210
3305
3450
3290
2892
2659
2569
2473
2171
1750
1411
1260
1186
906
483
121
34
3
-277
-746
-1154
-1411
-1627
-1933
-2288
-2454
-2478
-2483
-2420
-2343
-1967
-1461
-1097
-868
-659
-394
-110
97
123
-92
-139
-43
-15
-46
-198
-369
-426
-441
-362
-261
-282
-340
-385
-407
-447
-600
-826
-1093
-1465
-1777
-1990
-2083
-2064
-2138
-2244
-2206
-1969
-1581
-1244
-963
-778
-560
-318
-38
151
270
268
175
261
342
561
589
177
-202
-480
-242
14
-168
-544
-662
-79
566
738
519
324
621
1209
1758
1975
2081
2327
2775
3288
3615
3903
4224
4499
4514
4219
4006
3962
3904
3440
2606
1737
1172
918
633
30
-743
-1350
-1652
-1801
-1979
-2322
-2560
-2933
-3121
-3246
-3314
-3165
-3194
-3283
-3392
-3244
-2789
-2303
-1878
-1602
-1344
-880
-294
294
633
775
890
1028
1200
1235
1080
862
718
564
454
237
20
-189
-314
-438
-606
-729
-854
-1049
-1353
-1655
-1775
-1784
-1926
-2178
-2404
-2423
-2315
-2093
-1908
-1657
-1344
-1010
-660
-289
69
348
524
684
890
1041
1179
1212
1164
1188
1365
1294
970
678
502
740
720
316
-83
-109
307
624
511
227
200
486
956
1279
1344
1412
1767
2273
2694
2910
3113
3376
3542
3368
3058
2904
2862
2725
2193
1602
1195
1031
912
626
97
-371
-577
-724
-857
-1064
-1283
-1449
-1688
-1944
-2200
-2312
-2404
-2575
-2732
-2819
-2684
-2337
-1971
-1696
-1407
-1008
-528
3
371
479
561
737
874
869
735
516
241
-33
-163
-214
-384
-595
-792
-864
-912
-948
-1185
-1319
-1508
-1713
-1854
-1951
-1976
-2079
-2208
-2276
-2144
-1962
-1731
-1499
-1278
-935
-550
-176
107
307
472
631
720
665
630
718
649
628
399
103
-136
-282
-191
-158
-269
-270
17
484
788
813
751
819
1135
1565
1885
1990
2038
2196
2617
3079
3441
3719
3904
4099
4103
3968
3804
3713
3493
3026
2332
1709
1196
651
12
-746
-1410
-1821
-2126
-2232
-2286
-2478
-2539
-2681
-2670
-2621
-2614
-2736
-3029
-3095
-3024
-2825
-2752
-2641
-2368
-1989
-1573
-1096
-463
83
515
860
1216
1559
1816
1924
1915
1748
1521
1289
1111
823
450
64
-223
-355
-467
-660
-943
-1161
-1313
-1384
-1483
-1664
-1914
-2073
-2006
-1881
-1798
-1777
-1711
-1551
-1316
-1008
-638
-202
174
480
719
1040
1293
1448
1494
1471
1447
1580
1762
1501
1072
584
486
508
399
62
-241
-182
105
310
156
-157
-201
-19
285
407
334
395
609
1029
1282
1410
1684
2106
2401
2302
2196
2170
2289
2175
1751
1211
931
770
455
0
-441
-636
-772
-912
-1165
-1312
-1335
-1373
-1507
-1657
-1756
-1816
-1898
-2030
-2176
-2215
-1974
-1696
-1471
-1349
-1031
-510
22
443
625
805
1083
1394
1578
1574
1550
1510
1386
1207
1047
959
841
630
348
91
-35
-171
-471
-835
-1177
-1409
-1631
-1845
-1990
-2192
-2385
-2386
-2368
-2331
-2246
-2143
-1899
-1580
-1209
-877
-608
-413
-210
29
370
681
908
866
877
773
552
339
58
6
-26
-126
-270
-211
106
435
533
495
562
733
1045
1365
1529
1545
1603
1816
2218
2547
2758
2843
3048
3295
3450
3485
3340
3259
3064
2690
2154
1562
1034
564
13
-565
-1148
-1500
-1566
-1643
-1717
-1932
-2197
-2268
-2254
-2291
-2499
-2813
-3056
-3069
-3040
-2862
-2710
-2481
-2207
-1932
-1559
-1013
-279
319
796
1136
1481
1911
2304
2302
2065
1898
1917
1840
1579
1206
977
798
633
389
17
-260
-524
-782
-1075
-1414
-1674
-1935
-2198
-2440
-2634
-2639
-2522
-2449
-2428
-2214
-1856
-1430
-1028
-597
-166
198
495
772
1027
1215
1291
1227
1161
1207
1326
1217
853
310
49
48
-92
-426
-916
-1081
-929
-877
-1050
-1256
-1281
-1006
-706
-555
-475
-348
-13
574
1040
1319
1622
2073
2601
2880
2773
2628
2797
2981
2861
2433
2091
2037
2106
2049
1680
1253
1060
991
991
769
439
251
33
-255
-611
-955
-1220
-1546
-1881
-2079
-2035
-1776
-1471
-1253
-1069
-788
-327
209
557
665
746
966
1239
1372
1305
1151
1011
962
967
854
698
553
422
273
25
-312
-616
-948
-1292
-1666
-2045
-2301
-2562
-2941
-3301
-3529
-3516
-3414
-3373
-3342
-3187
-2919
-2500
-2048
-1729
-1318
-965
-699
-461
-125
195
473
728
972
1156
1146
1031
928
1020
1101
980
644
351
474
793
804
459
68
3
232
556
656
559
598
925
1489
1992
2202
2356
2616
2964
3125
3092
2981
3029
3111
2815
2276
1765
1534
1489
1321
854
326
55
219
380
179
-261
-721
-903
-1107
-1404
-1815
-2249
-2501
-2730
-2741
-2685
-2593
-2349
-2013
-1771
-1548
-1149
-427
141
417
631
989
1497
1743
1652
1564
1560
1533
1468
1408
1403
1293
1053
759
535
368
164
-200
-780
-1448
-1965
-2266
-2605
-3162
-3763
-3998
-3900
-3781
-3720
-3621
-3361
-2914
-2464
-2023
-1586
-1141
-662
-328
1
264
586
874
989
1108
1338
1810
2315
2619
2607
2479
2280
2275
2383
2164
1532
775
352
342
235
-287
-945
-1374
-1416
-1134
-817
-618
-392
-103
333
843
1310
1737
2038
2245
2211
2107
2140
2416
2567
2383
2071
2021
2318
2557
2624
2513
2335
2246
2085
1848
1446
1019
455
-280
-938
-1479
-1834
-2236
-2682
-2901
-2896
-2653
-2362
-2148
-1844
-1530
-1161
-825
-553
-399
-338
-366
-344
-335
-299
-177
-91
-7
186
466
761
843
797
711
644
542
273
-169
-708
-1217
-1681
-2169
-2659
-3157
-3499
-3619
-3546
-3446
-3300
-3108
-2809
-2427
-1991
-1553
-1190
-970
-727
-439
-127
217
414
613
842
1169
1575
1966
2199
2295
2311
2278
2316
2237
1913
1488
1111
922
851
690
364
-50
-301
-240
56
324
442
591
898
1323
1707
1965
2161
2353
2403
2309
2236
2234
2323
2278
2031
1766
1670
1782
1882
1765
1469
1135
925
845
555
234
-242
-653
-1072
-1657
-2098
-2458
-2720
-3063
-3269
-3289
-3107
-2805
-2615
-2376
-2046
-1662
-1204
-798
-532
-408
-114
298
625
734
683
876
1114
1332
1400
1399
1430
1419
1365
1128
802
348
-112
-605
-1154
-1761
-2244
-2538
-2824
-3147
-3361
-3355
-3076
-2799
-2515
-2193
-1747
-1295
-807
-379
-27
331
625
861
1104
1256
1455
1733
2018
2299
2667
2971
3255
3400
3252
2957
2598
2313
1931
1284
389
-259
-590
-864
-1373
-2104
-2565
-2547
-2192
-1907
-1866
-1751
-1402
-809
-287
91
366
628
919
993
1049
1188
1532
1905
1887
1721
1712
2040
2433
2573
2399
2090
1896
1681
1437
985
366
-267
-942
-1469
-1834
-2045
-2307
-2525
-2623
-2538
-2202
-1802
-1553
-1495
-1405
-1083
-706
-528
-503
-489
-338
-73
177
432
758
1142
1426
1618
1868
2110
2272
2235
1956
1562
1129
649
102
-580
-1277
-1870
-2308
-2589
-2859
-3044
-3107
-3021
-2743
-2450
-2241
-2038
-1812
-1525
-1238
-1028
-870
-680
-483
-373
-116
210
621
1071
1517
2067
2574
3062
3373
3421
3246
2871
2503
2076
1420
596
-169
-651
-1032
-1422
-1921
-2273
-2213
-1846
-1514
-1254
-988
-560
-138
227
578
841
1022
1096
1095
1107
1193
1339
1545
1690
1738
1836
2071
2419
2697
2659
2351
2016
1840
1672
1289
634
-80
-601
-1066
-1578
-2104
-2472
-2613
-2811
-2895
-2821
-2581
-2410
-2316
-2217
-2085
-1755
-1441
-1144
-779
-554
-273
153
621
975
1154
1519
2022
2360
2512
2628
2796
2767
2418
1951
1545
1116
474
-216
-756
-1206
-1606
-1889
-2172
-2480
-2713
-2589
-2266
-2205
-2179
-2105
-1892
-1593
-1375
-1203
-994
-775
-569
-286
44
421
935
1409
1805
2232
2690
3081
3282
3232
2896
2325
1626
936
226
-560
-1469
-2224
-2706
-2876
-3031
-3321
-3483
-3383
-2988
-2543
-2255
-1954
-1598
-1109
-573
-142
144
418
701
1105
1443
1738
2124
2581
3016
3182
3357
3664
3959
4143
4023
3719
3460
3126
2779
2263
1636
932
163
-449
-926
-1298
-1775
-2166
-2464
-2548
-2432
-2277
-2098
-1978
-1753
-1421
-1053
-764
-569
-380
-79
270
598
900
1291
1652
1837
1848
1918
2068
2071
1803
1360
936
594
221
-251
-817
-1375
-1780
-2067
-2280
-2559
-2859
-3138
-3315
-3378
-3309
-3237
-3178
-3124
-2976
-2711
-2359
-1952
-1545
-1214
-805
-248
421
1137
1669
2178
2681
3134
3421
3472
3334
2925
2334
1630
1015
465
-180
-854
-1495
-1839
-1887
-1971
-2061
-2088
-1937
-1622
-1248
-938
-754
-563
-355
-45
231
489
752
923
1109
1331
1671
2052
2419
2742
2974
3166
3340
3493
3608
3537
3262
2954
2621
2323
1840
1157
428
-252
-808
-1370
-1818
-2280
-2670
-2924
-3017
-2898
-2772
-2609
-2467
-2239
-1930
-1598
-1250
-902
-483
-172
89
425
863
1238
1414
1511
1591
1848
2025
1990
1866
1596
1418
1278
1081
658
210
-215
-591
-936
-1331
-1730
-2128
-2496
-2733
-2878
-2955
-3014
-3073
-2925
-2643
-2302
-1992
-1687
-1327
-858
-368
100
545
854
1075
1393
1768
1969
2042
1934
1838
1539
1126
602
149
-120
-559
-1133
-1699
-1864
-1679
-1454
-1521
-1836
-1981
-1726
-1206
-785
-669
-659
-446
-7
421
739
923
1171
1576
1946
2237
2521
2911
3340
3546
3543
3527
3770
3988
3840
3343
2848
2556
2281
1836
1140
427
-252
-763
-1120
-1495
-1886
-2304
-2572
-2654
-2645
-2481
-2280
-2187
-2054
-1836
-1475
-1091
-840
-720
-604
-458
-235
12
256
475
584
702
910
1185
1336
1408
1294
1212
1196
1193
1002
673
309
-160
-512
-908
-1316
-1749
-2196
-2543
-2764
-2824
-2825
-2836
-2805
-2667
-2431
-2068
-1607
-1179
-748
-282
142
567
835
1155
1371
1516
1670
1629
1623
1608
1496
1198
689
319
122
-46
-408
-851
-1089
-1010
-892
-935
-1131
-1270
-1124
-884
-750
-784
-738
-562
-301
-20
212
414
670
1033
1319
1535
1831
2181
2530
2805
2899
2973
3133
3358
3375
3044
2640
2314
2076
1734
1217
570
-103
-722
-1102
-1525
-1760
-2133
-2499
-2565
-2422
-2074
-1916
-1812
-1714
-1532
-1199
-913
-673
-537
-406
-313
-95
220
487
704
709
739
998
1356
1691
1676
1597
1552
1616
1642
1424
993
467
-18
-472
-898
-1430
-1945
-2496
-2900
-3017
-2978
-2831
-2731
-2581
-2438
-2136
-1593
-1024
-623
-459
-319
-67
184
331
409
448
545
675
778
784
694
712
758
852
756
477
179
57
45
-298
-863
-1366
-1539
-1468
-1498
-1832
-2228
-2256
-1908
-1426
-1109
-925
-668
-275
290
777
1155
1515
1981
2436
2625
2785
3072
3486
3777
3723
3572
3614
3781
3723
3377
2834
2342
1937
1548
1074
541
-9
-583
-1083
-1425
-1561
-1685
-1869
-2028
-2126
-1997
-1730
-1469
-1350
-1362
-1317
-1157
-960
-811
-774
-652
-485
-252
9
252
587
899
1107
1291
1380
1421
1428
1319
983
559
103
-286
-704
-1211
-1820
-2394
-2720
-2860
-2913
-2946
-2926
-2754
-2457
-2118
-1726
-1327
-966
-648
-350
-132
3
83
113
76
88
155
224
275
381
580
770
938
1162
1303
1264
1131
902
780
628
331
-209
-768
-1109
-1200
-1320
-1558
-1759
-1810
-1535
-1192
-881
-625
-303
97
604
1122
1615
2058
2471
2756
2931
3068
3195
3291
3243
3133
2931
2903
2864
2706
2354
1839
1367
1017
741
473
51
-511
-899
-1198
-1326
-1523
-1813
-2096
-2334
-2346
-2322
-2244
-2273
-2343
-2276
-2031
-1688
-1443
-1203
-969
-681
-423
-104
413
916
1326
1522
1750
2103
2423
2581
2448
2253
1979
1639
1239
789
280
-303
-874
-1355
-1650
-1836
-1996
-2186
-2303
-2226
-2010
-1733
-1628
-1584
-1561
-1456
-1279
-1212
-1228
-1276
-1328
-1326
-1175
-1039
-832
-659
-460
-206
104
473
859
1209
1448
1564
1538
1518
1317
992
568
66
-366
-786
-1121
-1373
-1638
-1847
-1948
-1842
-1560
-1208
-789
-400
-28
384
873
1304
1713
1991
2297
2675
2971
3193
3262
3374
3453
3448
3344
3184
3060
2980
2810
2514
2191
1786
1469
1019
458
-72
-602
-937
-1443
-1956
-2443
-2790
-2925
-3087
-3204
-3263
-3176
-3040
-2897
-2624
-2303
-1824
-1282
-777
-342
40
465
988
1480
1740
1931
2085
2116
2039
1880
1678
1470
1223
813
286
-206
-620
-923
-1184
-1506
-1773
-2012
-2155
-2233
-2349
-2413
-2428
-2386
-2336
-2324
-2245
-2085
-1930
-1757
-1613
-1274
-919
-545
-110
342
783
1214
1571
1890
2137
2383
2602
2644
2655
2593
2536
2208
1738
1127
440
-111
-725
-1293
-1897
-2397
-2655
-2784
-2791
-2782
-2688
-2441
-2006
-1506
-1006
-479
47
548
996
1403
1827
2237
2613
2888
3078
3273
3440
3640
3719
3711
3577
3440
3391
3253
2935
2504
2107
1742
1374
919
328
-272
-824
-1450
-2001
-2538
-2897
-3246
-3621
-3814
-3838
-3590
-3228
-2883
-2600
-2159
-1562
-853
-192
221
636
1077
1571
1962
2237
2421
2421
2399
2270
2116
1925
1605
1261
846
544
263
-32
-316
-651
-1105
-1529
-1816
-2102
-2383
-2752
-3025
-3146
-3212
-3197
-3137
-3006
-2821
-2558
-2156
-1723
-1225
-817
-488
-130
245
662
1025
1331
1556
1699
1877
2000
2046
2033
1901
1733
1569
1253
857
357
-195
-712
-1255
-1709
-2159
-2445
-2546
-2616
-2668
-2621
-2392
-1994
-1527
-1011
-477
108
757
1424
2024
2529
2995
3378
3697
3907
4049
4113
4067
3953
3739
3498
3269
2997
2688
2374
2029
1615
1190
679
150
-479
-1015
-1516
-1984
-2383
-2922
-3322
-3543
-3622
-3677
-3598
-3252
-2805
-2233
-1670
-1188
-656
-75
552
1101
1477
1791
2119
2436
2633
2647
2607
2576
2457
2320
2107
1825
1507
1056
582
78
-399
-928
-1550
-2078
-2550
-2998
-3364
-3671
-3936
-4033
-4048
-4009
-3838
-3553
-3090
-2572
-2027
-1469
-920
-307
239
704
1078
1428
1792
2046
2176
2256
2352
2421
2427
2356
2217
1993
1802
1584
1322
905
414
-69
-639
-1248
-1863
-2432
-2897
-3318
-3541
-3584
-3508
-3285
-2953
-2543
-1921
-1240
-542
234
933
1595
2154
2712
3263
3655
3903
3998
4002
4006
3941
3799
3632
3351
3106
2817
2544
2277
1962
1534
972
402
-232
-791
-1376
-1959
-2479
-3003
-3349
-3553
-3598
-3611
-3530
-3269
-2841
-2203
-1591
-1049
-477
88
699
1291
1742
2073
2236
2406
2587
2767
2843
2796
2631
2420
2206
1966
1702
1312
837
323
-117
-607
-1139
-1694
-2352
-2919
-3288
-3577
-3811
-3962
-3984
-3907
-3707
-3421
-2981
-2441
-1868
-1297
-774
-236
301
800
1205
1577
1834
2079
2231
2293
2277
2186
2091
1897
1614
1290
938
583
257
-88
-464
-923
-1467
-2050
-2488
-2906
-3257
-3509
-3622
-3586
-3444
-3199
-2777
-2191
-1632
-1013
-418
305
1012
1696
2282
2727
3131
3459
3712
3860
3957
4002
3944
3846
3721
3564
3315
3051
2785
2432
2044
1614
1232
817
374
-163
-723
-1153
-1508
-1779
-2043
-2268
-2361
-2317
-2072
-1880
-1619
-1253
-802
-306
192
633
1036
1334
1645
2006
2206
2324
2365
2320
2198
2018
1772
1540
1265
872
471
83
-330
-821
-1393
-1915
-2406
-2832
-3205
-3539
-3784
-4009
-4134
-4119
-3983
-3686
-3311
-2925
-2507
-2101
-1602
-1022
-435
40
420
800
1178
1500
1657
1754
1705
1624
1536
1423
1234
979
740
507
225
-56
-306
-596
-864
-1114
-1287
-1383
-1538
-1672
-1892
-2056
-2130
-2135
-2095
-1974
-1823
-1692
-1451
-1080
-517
67
630
1132
1614
2083
2567
2990
3282
3440
3469
3506
3486
3382
3239
3036
2826
2642
2416
2230
1975
1651
1284
963
689
454
221
-63
-322
-535
-634
-777
-899
-1046
-1108
-1074
-983
-826
-648
-342
-81
178
379
696
1036
1271
1433
1571
1710
1750
1711
1541
1401
1239
959
692
411
62
-241
-577
-923
-1316
-1662
-1980
-2298
-2553
-2790
-2956
-3067
-3179
-3196
-3119
-2954
-2694
-2433
-2138
-1832
-1466
-1054
-721
-389
-72
191
409
561
631
637
653
602
484
282
110
9
-103
-218
-342
-433
-414
-446
-516
-572
-683
-819
-887
-967
-1080
-1180
-1252
-1298
-1358
-1373
-1331
-1218
-1049
-848
-558
-192
223
629
1063
1452
1799
2157
2490
2716
2871
2942
2930
2964
2956
2810
2566
2337
2188
2068
1934
1713
1503
1357
1258
1100
885
651
485
328
150
6
-133
-270
-366
-506
-588
-568
-452
-314
-248
-157
-43
136
271
349
408
406
392
379
252
91
-143
-372
-553
-701
-817
-938
-1057
-1203
-1333
-1464
-1543
-1575
-1610
-1658
-1684
-1636
-1614
-1519
-1433
-1422
-1420
-1349
-1190
-1003
-797
-616
-408
-192
51
260
407
550
607
580
602
544
443
262
77
-52
-212
-347
-476
-648
-788
-812
-808
-751
-714
-722
-704
-653
-613
-640
-630
-556
-530
-540
-542
-559
-553
-469
-318
-220
-48
201
429
654
872
1115
1381
1620
1814
1958
2042
2126
2174
2147
2041
1952
1878
1825
1750
1661
1557
1421
1328
1286
1256
1217
1187
1117
1053
991
909
721
586
408
264
203
72
7
-131
-220
-262
-324
-359
-406
-425
-500
-583
-700
-787
-869
-975
-1103
-1194
-1245
-1312
-1339
-1363
-1378
-1337
-1243
-1074
-907
-792
-684
-615
-502
-409
-347
-307
-328
-391
-437
-494
-522
-561
-578
-534
-467
-344
-184
-51
51
157
183
162
158
49
-134
-353
-667
-937
-1122
-1299
-1465
-1631
-1718
-1689
-1546
-1344
-1142
-959
-731
-542
-376
-236
-141
-48
-13
-6
-58
-126
-213
-288
-383
-450
-466
-348
-169
5
182
390
649
947
1145
1270
1390
1532
1698
1844
1911
1921
1948
2006
2070
2107
2174
2229
2263
2281
2363
2413
2478
2491
2459
2404
2333
2247
2110
1923
1625
1373
1084
771
446
52
-269
-571
-844
-1115
-1362
-1569
-1762
-1878
-2017
-2106
-2182
-2220
-2247
-2269
-2189
-2024
-1799
-1548
-1262
-978
-702
-443
-250
-77
89
182
244
257
213
157
113
23
-95
-228
-341
-398
-399
-430
-506
-606
-645
-689
-690
-654
-691
-808
-917
-1007
-1104
-1280
-1441
-1563
-1622
-1617
-1574
-1436
-1289
-1067
-876
-670
-428
-225
-6
179
289
331
378
415
377
318
192
171
177
79
2
-111
-182
-170
-200
-254
-291
-311
-325
-308
-286
-265
-215
-119
-43
92
278
448
653
900
1202
1505
1782
2059
2360
2624
2858
3056
3206
3327
3420
3441
3430
3315
3171
3021
2792
2555
2289
1985
1588
1250
876
423
55
-334
-664
-997
-1320
-1592
-1771
-1890
-1957
-1985
-1998
-1934
-1822
-1685
-1547
-1395
-1166
-998
-842
-713
-557
-380
-285
-218
-152
-108
-163
-199
-279
-318
-328
-383
-453
-570
-671
-832
-1000
-1141
-1334
-1532
-1657
-1774
-1883
-1971
-2115
-2142
-2171
-2241
-2219
-2142
-1949
-1719
-1488
-1220
-908
-601
-351
-130
53
259
399
457
535
619
699
713
709
701
678
687
681
682
656
699
764
659
509
319
145
20
-85
-152
-189
-153
-97
-38
87
259
501
783
1080
1379
1723
2040
2320
2555
2703
2884
2993
3063
3018
2899
2827
2678
2492
2263
2019
1769
1548
1321
1049
835
616
344
33
-256
-550
-908
-1229
-1566
-1881
-2070
-2168
-2209
-2260
-2255
-2175
-2009
-1803
-1538
-1302
-1076
-827
-620
-415
-218
-64
32
119
196
256
302
306
308
296
265
211
96
13
-126
-364
-610
-822
-1069
-1280
-1464
-1619
-1703
-1761
-1768
-1741
-1627
-1402
-1153
-980
-817
-644
-473
-325
-248
-207
-125
-125
-87
-72
-80
-98
-64
6
17
60
79
125
122
149
178
243
271
240
205
154
90
13
-135
-250
-283
-309
-315
-325
-284
-273
-197
-69
134
428
685
903
1092
1274
1463
1639
1780
1875
1894
1899
1910
1917
1888
1867
1838
1778
1705
1724
1730
1669
1669
1684
1646
1556
1389
1217
1002
751
495
204
-56
-373
-660
-911
-1097
-1297
-1478
-1601
-1674
-1667
-1683
-1645
-1598
-1519
-1442
-1356
-1205
-1093
-978
-855
-769
-660
-536
-431
-366
-300
-256
-204
-124
-46
51
120
150
165
179
145
75
0
-88
-131
-179
-228
-249
-308
-392
-482
-582
-658
-725
-784
-869
-974
-1080
-1201
-1289
-1383
-1453
-1440
-1404
-1341
-1200
-1050
-928
-773
-576
-348
-95
102
264
365
467
535
586
633
652
667
646
658
636
620
520
451
389
347
346
367
445
503
536
605
644
652
650
656
681
718
767
847
897
960
1071
1179
1323
1450
1557
1647
1784
1951
2115
2216
2242
2251
2215
2148
1982
1765
1486
1129
750
361
4
-352
-692
-988
-1216
-1393
-1564
-1649
-1653
-1693
-1730
-1729
-1699
-1617
-1545
-1527
-1488
-1396
-1283
-1139
-970
-753
-531
-292
-14
228
442
617
757
856
889
847
816
696
543
340
119
-81
-305
-536
-742
-971
-1209
-1432
-1620
-1752
-1862
-1953
-2020
-2090
-2115
-2174
-2236
-2213
-2217
-2208
-2139
-1983
-1768
-1551
-1305
-962
-620
-251
111
367
602
849
1023
1149
1193
1218
1190
1118
1107
1050
1018
987
995
1039
1126
1209
1289
1378
1472
1631
1791
1914
2003
2024
1993
1960
1917
1911
1848
1766
1661
1617
1609
1574
1573
1576
1594
1601
1627
1628
1531
1367
1146
935
747
474
164
-141
-490
-849
-1156
-1367
-1607
-1880
-2167
-2370
-2479
-2545
-2587
-2634
-2678
-2647
-2557
-2394
-2155
-1902
-1641
-1429
-1176
-906
-636
-369
-75
219
461
695
899
1081
1166
1161
1106
1025
902
717
488
229
-43
-276
-472
-654
-814
-983
-1065
-1125
-1154
-1135
-1177
-1220
-1242
-1235
-1222
-1181
-1170
-1124
-1034
-916
-758
-529
-328
-141
110
371
682
1007
1246
1444
1584
1641
1685
1709
1633
1494
1346
1132
917
704
524
363
172
17
-84
-172
-198
-191
-180
-77
76
243
446
618
797
995
1153
1288
1394
1432
1438
1430
1422
1386
1355
1297
1192
1072
929
819
741
643
537
406
269
81
-85
-289
-577
-860
-1186
-1478
-1713
-1919
-2077
-2208
-2250
-2240
-2175
-2072
-1954
-1748
-1551
-1329
-1086
-814
-547
-297
-37
208
424
640
787
868
938
973
1015
1080
1065
1063
1073
985
914
773
596
388
170
-35
-247
-457
-685
-924
-1119
-1268
-1378
-1467
-1514
-1563
-1544
-1494
-1445
-1344
-1254
-1112
-947
-815
-674
-521
-383
-228
-95
57
251
468
677
862
994
1151
1285
1401
1463
1462
1418
1373
1320
1217
1131
1029
867
687
557
449
390
360
360
364
346
379
437
446
447
452
435
427
392
379
404
393
373
348
301
305
336
340
369
379
407
459
445
356
277
163
12
-175
-348
-531
-692
-841
-1005
-1131
-1254
-1308
-1330
-1372
-1342
-1282
-1187
-1070
-964
-895
-815
-719
-648
-581
-509
-420
-309
-200
-116
-29
90
201
327
444
530
638
676
744
832
882
893
882
766
646
515
371
231
64
-84
-239
-382
-540
-655
-737
-786
-840
-859
-812
-755
-668
-568
-489
-421
-370
-297
-216
-168
-101
-67
21
112
206
342
459
607
703
817
893
907
910
880
795
718
652
556
444
300
159
20
-117
-291
-421
-564
-708
-777
-832
-809
-765
-699
-616
-525
-379
-210
-54
100
233
353
487
592
692
761
779
788
805
843
839
834
874
872
841
812
766
677
569
457
293
162
9
-159
-365
-556
-750
-969
-1156
-1310
-1409
-1451
-1457
-1404
-1324
-1194
-1010
-877
-707
-499
-334
-191
-68
128
299
430
581
656
703
755
791
789
772
728
679
668
612
559
498
445
366
259
155
73
63
15
-18
-87
-153
-204
-260
-272
-236
-222
-216
-211
-194
-169
-180
-156
-118
-44
31
72
117
171
234
321
424
498
541
579
570
551
480
343
177
19
-149
-334
-478
-653
-783
-948
-1073
-1146
-1212
-1239
-1206
-1170
-1075
-960
-883
-760
-619
-482
-320
-203
-105
-15
61
173
313
458
598
741
887
1007
1072
1181
1269
1321
1279
1223
1155
1066
961
732
479
221
-4
-211
-423
-607
-786
-971
-1087
-1133
-1156
-1146
-1133
-1054
-934
-755
-613
-460
-256
-81
113
306
477
615
723
834
922
977
1009
998
1021
962
870
780
686
624
502
336
168
20
-161
-278
-379
-487
-566
-653
-735
-770
-776
-792
-770
-736
-676
-568
-429
-304
-167
-22
159
331
504
646
769
874
1016
1141
1241
1281
1282
1242
1109
1025
888
728
494
218
-29
-347
-601
-878
-1142
-1320
-1474
-1597
-1673
-1693
-1661
-1588
-1497
-1334
-1214
-1040
-852
-675
-452
-237
-20
188
362
486
605
704
812
906
968
1004
1018
1008
990
973
878
734
621
466
283
129
-51
-226
-407
-562
-730
-859
-984
-1061
-1128
-1166
-1138
-1151
-1068
-986
-904
-823
-677
-491
-296
-43
170
372
587
753
873
998
1117
1223
1267
1261
1254
1196
1115
1018
907
777
650
494
340
183
27
-121
-280
-437
-556
-646
-690
-701
-705
-669
-604
-543
-480
-389
-240
-96
66
274
410
564
709
834
951
1072
1173
1224
1247
1211
1152
1026
828
650
476
290
136
-55
-252
-420
-594
-772
-930
-1081
-1219
-1304
-1360
-1384
-1375
-1330
-1295
-1260
-1216
-1143
-1053
-978
-885
-773
-642
-485
-341
-208
-72
48
180
334
493
586
606
640
617
538
485
418
337
274
208
137
67
-40
-174
-257
-299
-304
-336
-370
-370
-345
-299
-261
-222
-191
-153
-90
-13
75
158
245
311
417
513
602
715
781
846
917
980
1010
1003
1005
978
927
879
779
665
534
408
240
43
-110
-241
-336
-438
-526
-574
-565
-542
-481
-409
-349
-265
-165
-81
26
130
210
335
395
512
637
729
808
837
831
762
690
617
503
364
198
62
-65
-167
-300
-430
-609
-730
-832
-967
-1033
-1136
-1212
-1271
-1307
-1329
-1372
-1366
-1344
-1294
-1221
-1136
-1015
-880
-771
-653
-504
-350
-238
-130
-2
82
189
325
430
528
579
574
564
537
513
473
418
347
277
229
201
206
182
171
224
261
290
339
363
381
390
414
418
447
461
488
523
550
625
678
703
734
727
716
721
737
740
746
729
693
631
527
380
219
82
-74
-226
-338
-426
-518
-637
-698
-726
-767
-748
-716
-665
-582
-488
-412
-342
-241
-179
-120
-91
-53
19
76
144
193
260
325
375
451
470
443
400
346
271
201
111
4
-124
-271
-390
-487
-594
-679
-761
-875
-911
-957
-989
-972
-979
-947
-917
-889
-881
-846
-794
-696
-549
-417
-297
-186
-76
19
166
299
401
498
602
700
775
802
838
816
772
753
701
651
600
518
444
393
326
279
257
192
122
69
25
-22
-65
-72
-86
-134
-171
-170
-188
-174
-183
-159
-109
-41
35
96
113
127
174
192
217
201
167
126
111
95
91
63
8
-33
-104
-131
-161
-188
-211
-225
-236
-244
-232
-172
-142
-92
-49
-45
-10
23
68
131
196
274
353
420
508
598
673
753
864
941
985
1023
1012
1001
917
800
671
510
365
191
35
-120
-247
-373
-513
-645
-765
-850
-926
-1046
-1188
-1292
-1363
-1395
-1398
-1396
-1393
-1389
-1329
-1260
-1133
-973
-832
-666
-508
-337
-150
22
171
353
507
604
719
787
810
810
779
702
634
549
480
395
299
247
172
126
75
31
-16
-39
-49
-66
-154
-233
-261
-308
-308
-306
-287
-265
-175
-100
-11
107
181
257
307
393
449
557
638
702
731
747
784
788
795
737
635
538
452
397
323
225
145
54
-32
-108
-130
-182
-238
-259
-263
-239
-223
-219
-209
-199
-177
-133
-99
-31
28
89
183
255
318
349
354
362
345
273
228
182
110
4
-101
-165
-253
-334
-429
-535
-611
-639
-663
-710
-745
-764
-798
-758
-729
-714
-683
-693
-673
-607
-520
-401
-282
-200
-122
-73
-14
49
120
173
218
260
281
291
275
276
231
157
119
56
-12
-107
-188
-244
-316
-364
-371
-338
-337
-318
-258
-208
-150
-83
-33
10
57
141
200
238
279
304
332
384
433
470
504
556
607
635
654
667
672
675
696
716
738
751
715
665
602
514
453
344
287
242
229
183
181
167
87
59
36
44
28
34
61
105
139
168
198
264
319
344
373
387
368
367
326
284
214
118
23
-101
-249
-376
-462
-567
-655
-756
-855
-951
-1046
-1079
-1136
-1143
-1134
-1109
-1094
-1074
-1033
-1028
-1018
-1004
-980
-954
-887
-790
-716
-660
-578
-508
-437
-358
-257
-156
-60
13
89
143
200
241
250
245
231
203
156
123
76
31
10
-12
-16
-21
-22
-36
-41
12
65
143
225
298
368
434
493
529
574
595
619
643
613
610
616
633
658
674
749
796
844
883
888
905
922
908
894
865
828
778
705
636
540
449
357
328
285
231
209
181
169
168
137
99
77
32
15
6
4
-13
-39
-32
-64
-85
-94
-103
-98
-131
-180
-255
-344
-403
-462
-527
-595
-671
-743
-811
-892
-938
-968
-1011
-1023
-1034
-1031
-1027
-993
-967
-909
-868
-840
-791
-730
-687
-633
-570
-523
-470
-407
-345
-261
-181
-118
-67
-37
11
38
50
81
116
119
116
131
168
178
197
214
217
201
204
226
262
271
278
297
290
318
343
410
424
466
524
571
619
654
697
714
734
716
695
686
641
602
549
505
493
435
418
419
398
403
396
371
380
389
360
346
310
288
252
209
194
210
190
159
151
61
9
-10
-48
-83
-114
-158
-194
-197
-215
-241
-286
-347
-377
-385
-367
-326
-332
-328
-328
-348
-346
-353
-331
-342
-330
-348
-385
-386
-438
-487
-522
-567
-598
-586
-611
-595
-562
-557
-527
-512
-514
-499
-452
-443
-448
-485
-490
-476
-455
-416
-357
-286
-221
-173
-132
-86
-47
-2
32
93
183
227
291
386
429
458
466
472
464
476
460
437
459
464
462
443
434
442
444
434
434
430
379
347
322
258
189
120
64
39
39
48
57
65
88
83
114
117
122
155
158
177
160
161
149
146
124
77
38
14
-15
-15
-35
-65
-67
-92
-120
-159
-184
-190
-197
-195
-177
-166
-162
-146
-93
-57
-31
24
105
158
241
284
329
382
402
421
421
414
356
343
334
287
209
165
137
81
56
6
-83
-156
-204
-200
-205
-214
-197
-200
-211
-249
-297
-328
-384
-429
-508
-584
-604
-583
-564
-557
-557
-555
-541
-505
-485
-488
-468
-447
-438
-412
-414
-407
-412
-406
-373
-353
-325
-322
-284
-237
-201
-154
-93
-75
-41
-31
14
48
77
97
112
165
220
282
351
419
436
491
541
610
675
714
760
753
764
803
831
820
772
719
681
633
584
572
553
530
506
462
447
460
398
357
317
251
180
94
72
49
12
-13
-27
-52
-79
-101
-146
-146
-138
-160
-212
-265
-289
-352
-389
-428
-466
-508
-565
-570
-562
-584
-607
-589
-579
-560
-541
-513
-467
-459
-447
-441
-409
-366
-319
-251
-198
-164
-129
-96
-69
-30
-17
-1
-4
3
15
-1
9
22
30
41
50
35
67
44
13
23
37
45
40
38
35
62
44
42
51
33
24
31
34
44
52
55
41
35
50
57
96
136
157
208
246
299
346
380
417
432
452
484
513
527
518
534
501
451
446
440
437
402
371
332
295
280
265
235
206
161
135
103
91
63
12
-20
-51
-104
-165
-187
-217
-219
-215
-224
-262
-289
-323
-361
-383
-416
-440
-441
-432
-465
-448
-447
-423
-373
-367
-323
-299
-295
-292
-305
-309
-306
-298
-330
-323
-322
-350
-388
-470
-477
-496
-465
-427
-418
-395
-421
-404
-382
-379
-365
-355
-339
-296
-254
-204
-152
-133
-108
-59
-13
33
114
198
260
328
366
410
441
466
487
517
531
569
587
604
650
657
682
693
682
674
661
644
613
600
577
544
483
434
413
366
318
292
255
199
140
91
51
-4
2
14
28
70
99
130
155
164
162
162
164
137
96
56
35
-11
-41
-72
-107
-133
-188
-217
-244
-267
-274
-329
-352
-370
-383
-391
-393
-357
-351
-321
-295
-297
-277
-287
-313
-295
-293
-294
-263
-249
-253
-256
-218
-202
-168
-135
-120
-98
-57
-13
-11
-18
-22
-42
-52
-50
-51
-47
-66
-51
-41
-30
-65
-72
-71
-77
-83
-74
-74
-72
-53
-29
-17
-2
18
20
45
55
41
-7
-28
-52
-72
-71
-67
-68
-66
-53
-50
-28
5
9
-14
-37
-65
-78
-88
-92
-126
-146
-161
-195
-191
-183
-171
-156
-131
-123
-105
-75
-39
34
65
156
214
261
343
393
422
498
554
609
651
661
669
662
629
577
536
481
458
387
348
311
249
171
117
85
62
64
63
70
76
89
61
40
9
-7
9
27
25
40
68
66
29
40
74
104
120
119
133
118
109
86
66
36
-5
-71
-143
-212
-286
-356
-401
-478
-537
-599
-649
-672
-688
-658
-646
-628
-608
-579
-546
-517
-467
-440
-397
-350
-288
-244
-209
-183
-167
-161
-170
-146
-149
-118
-104
-83
-76
-63
-28
-19
12
39
73
88
112
109
98
78
66
80
90
109
124
141
163
155
174
209
237
263
266
301
306
306
319
329
326
357
362
333
291
257
231
194
153
120
99
73
67
42
38
13
-11
30
51
112
156
207
229
247
276
311
344
347
339
308
303
305
318
280
243
185
119
45
19
-48
-93
-114
-148
-165
-184
-186
-216
-204
-208
-217
-233
-215
-209
-217
-237
-242
-248
-250
-260
-249
-260
-267
-249
-282
-277
-300
-323
-325
-332
-335
-328
-336
-298
-292
-320
-343
-349
-345
-345
-316
-313
-306
-262
-230
-186
-157
-107
-56
-29
18
42
75
146
197
276
339
391
449
473
508
538
528
528
523
493
452
386
327
245
209
157
129
107
69
60
65
64
76
102
80
113
127
153
187
198
222
213
194
226
237
244
224
201
189
181
187
158
148
134
107
93
75
50
2
-71
-98
-159
-196
-241
-299
-326
-343
-379
-428
-463
-488
-489
-472
-461
-428
-399
-371
-331
-304
-302
-301
-293
-295
-269
-247
-233
-207
-217
-230
-208
-183
-165
-159
-155
-180
-217
-242
-263
-298
-305
-319
-335
-318
-284
-229
-185
-165
-151
-134
-95
-70
-21
33
99
182
268
353
413
445
456
475
512
561
633
682
714
718
701
700
665
681
693
673
675
643
616
597
547
481
409
343
259
196
140
79
3
-69
-114
-171
-205
-215
-215
-231
-247
-234
-215
-213
-168
-145
-118
-85
-47
-13
-15
36
63
85
134
144
127
124
99
94
90
53
26
-44
-57
-93
-134
-159
-190
-210
-255
-307
-362
-413
-454
-462
-509
-525
-529
-547
-544
-582
-589
-582
-536
-503
-456
-390
-298
-202
-169
-121
-99
-77
-98
-114
-94
-83
-72
-55
-64
-91
-106
-110
-97
-97
-134
-126
-140
-153
-124
-110
-77
-48
-42
4
33
64
114
127
175
211
273
318
354
431
486
540
589
626
632
626
611
600
561
506
486
440
390
351
285
195
112
6
-67
-115
-156
-191
-219
-214
-206
-203
-221
-225
-208
-192
-164
-136
-93
-65
-48
0
22
44
76
101
140
144
142
149
141
143
143
138
84
29
-24
-25
-31
-67
-72
-100
-136
-162
-165
-175
-163
-131
-95
-42
2
-6
-25
-28
-32
-13
23
62
77
111
144
157
193
226
264
275
277
283
281
266
249
221
135
84
20
-38
-88
-144
-214
-270
-323
-360
-380
-406
-408
-412
-373
-354
-321
-280
-242
-222
-192
-201
-173
-185
-207
-192
-162
-126
-72
-31
4
53
26
33
32
13
19
-21
-55
-70
-148
-179
-210
-217
-203
-145
-83
-62
-28
-14
5
26
40
83
118
169
239
276
295
282
274
271
278
275
255
233
231
219
224
237
223
207
219
203
172
182
163
103
60
-9
-51
-67
-84
-100
-124
-138
-197
-225
-261
-284
-289
-299
-273
-238
-264
-250
-206
-185
-143
-119
-90
-47
-22
25
55
79
101
84
107
149
173
198
203
192
151
129
116
129
159
177
170
201
212
222
213
197
211
197
205
189
214
207
185
160
113
68
63
34
22
8
-29
-85
-145
-158
-200
-218
-214
-238
-244
-227
-224
-205
-221
-258
-312
-337
-353
-354
-351
-333
-301
-267
-258
-252
-232
-220
-174
-113
-83
-50
16
32
78
130
185
254
319
364
377
413
422
420
458
457
459
436
392
372
338
308
249
219
204
165
129
81
55
23
10
-21
-49
-47
-42
-36
-36
-40
-26
-19
-51
-85
-143
-192
-258
-321
-374
-430
-460
-539
-569
-553
-562
-540
-513
-463
-445
-420
-371
-294
-238
-199
-139
-122
-85
-65
-57
-31
-26
-7
11
46
82
116
145
186
203
188
202
215
209
220
244
246
260
259
263
261
236
220
204
179
171
138
120
80
59
36
28
8
-22
-30
-40
-25
-9
-14
14
63
92
125
184
237
271
317
339
339
332
325
322
304
278
265
230
161
96
31
-3
-50
-73
-99
-134
-152
-167
-186
-189
-171
-183
-159
-133
-173
-185
-190
-217
-248
-278
-275
-283
-270
-245
-237
-193
-172
-165
-141
-146
-166
-183
-153
-134
-111
-74
-50
-50
-21
5
-4
14
21
34
35
23
42
31
43
52
37
57
50
40
18
23
24
0
-5
19
53
83
131
156
191
205
211
202
187
188
173
172
159
152
153
132
104
80
60
24
3
-17
-50
-86
-130
-153
-191
-206
-213
-221
-212
-209
-197
-198
-175
-150
-106
-75
-21
6
16
67
96
140
167
196
199
189
183
171
164
146
106
76
33
-14
-38
-86
-91
-79
-117
-123
-116
-119
-121
-138
-125
-131
-145
-146
-135
-135
-113
-97
-73
-70
-62
-46
-49
-6
23
46
39
89
151
225
282
323
372
372
387
390
386
351
332
284
236
180
114
95
49
-14
-86
-157
-198
-238
-238
-243
-231
-203
-169
-143
-146
-119
-88
-40
-18
-3
8
4
-7
-20
-35
-57
-108
-145
-189
-253
-267
-288
-303
-282
-257
-219
-165
-141
-128
-100
-70
-41
-36
-10
-6
-12
22
42
76
107
104
118
101
118
157
138
139
131
84
56
83
114
101
102
89
75
38
26
35
11
15
-14
-15
-4
-10
-5
-16
-48
-75
-76
-65
-64
-79
-39
-25
11
43
56
82
108
160
187
203
209
215
214
232
260
266
229
235
229
203
175
120
63
8
-22
-81
-129
-141
-160
-187
-228
-216
-221
-217
-210
-209
-196
-191
-194
-197
-180
-133
-95
-88
-79
-98
-87
-103
-97
-86
-78
-72
-41
-25
-24
-11
14
-1
-1
26
17
28
26
29
32
23
28
51
76
81
86
113
120
98
98
92
58
32
-16
-30
-29
-11
21
29
50
71
91
85
88
81
81
74
75
68
51
84
89
111
142
154
140
148
144
95
54
34
31
21
36
9
-34
-61
-56
-52
-27
-6
-22
-26
-25
-34
-50
-46
-52
-85
-136
-161
-117
-82
-73
-73
-105
-130
-134
-131
-108
-99
-109
-119
-121
-113
-112
-100
-85
-95
-71
-73
-102
-114
-121
-110
-114
-121
-133
-142
-179
-200
-211
-210
-193
-180
-183
-170
-125
-101
-82
-65
-31
13
47
103
149
201
240
272
289
297
319
327
325
332
332
303
283
240
205
187
170
159
128
119
129
104
97
85
52
18
-9
0
24
27
8
22
49
70
99
113
117
125
101
92
114
118
103
87
104
96
81
73
47
27
3
-9
-22
-30
-74
-52
-51
-67
-77
-90
-116
-142
-152
-166
-182
-165
-156
-181
-175
-178
-176
-193
-170
-148
-147
-103
-68
-52
-76
-87
-97
-125
-128
-106
-117
-118
-115
-124
-138
-178
-198
-209
-211
-196
-201
-195
-217
-228
-212
-210
-174
-146
-110
-87
-66
-36
-19
-13
14
30
60
100
109
90
83
105
130
187
230
248
283
292
270
276
264
231
213
194
171
184
191
164
160
147
131
157
164
140
124
112
129
144
109
96
86
65
73
88
88
106
108
94
80
61
24
-18
-51
-57
-72
-80
-84
-89
-101
-149
-153
-171
-159
-146
-157
-173
-185
-195
-188
-190
-205
-237
-242
-245
-219
-192
-188
-141
-122
-73
-33
-23
-40
-24
-20
-38
4
62
88
100
107
132
127
149
168
169
151
92
64
46
71
75
54
95
103
77
86
90
89
94
111
118
118
126
112
101
100
108
101
86
112
110
117
115
115
133
141
149
130
116
118
97
82
55
22
16
-5
-31
-59
-88
-101
-130
-147
-173
-190
-175
-178
-180
-193
-227
-237
-263
-268
-282
-276
-215
-158
-107
-80
-77
-60
-53
-59
-72
-78
-73
-84
-82
-124
-152
-165
-169
-168
-169
-160
-164
-192
-208
-189
-178
-170
-152
-128
-96
-55
-18
-5
27
12
36
48
57
98
105
147
151
155
181
209
253
290
304
311
289
257
254
260
251
229
199
157
153
149
129
120
52
30
23
4
5
-17
4
2
-1
-10
19
34
31
32
57
84
66
60
44
18
-17
-32
-24
-40
-15
1
-22
-21
4
-13
-9
5
25
58
43
17
4
-4
-27
-48
-74
-79
-100
-138
-154
-133
-110
-92
-92
-108
-86
-69
-42
10
51
82
82
107
129
141
141
130
126
117
101
84
99
73
48
28
33
10
-11
-28
-17
-34
-48
-12
-31
-50
-85
-118
-138
-128
-133
-151
-160
-184
-160
-167
-195
-204
-203
-198
-195
-164
-152
-149
-149
-136
-90
-92
-57
-6
20
47
72
103
113
105
99
112
129
132
102
64
31
14
0
-4
-21
-59
-100
-139
-126
-113
-91
-96
-119
-105
-85
-37
-8
31
24
6
-16
-32
-24
-33
-19
21
70
82
110
144
146
159
143
132
123
138
147
150
177
181
182
176
134
108
100
64
81
86
62
68
106
143
161
179
178
189
170
181
185
157
164
129
134
133
100
91
63
78
90
65
28
8
-6
-53
-62
-78
-88
-86
-75
-87
-98
-98
-129
-159
-208
-248
-271
-279
-290
-303
-297
-280
-275
-276
-275
-303
-304
-295
-264
-239
-227
-240
-252
-248
-222
-170
-163
-156
-203
-253
-239
-218
-191
-135
-91
-101
-97
-70
-20
25
72
110
143
168
173
182
184
194
202
189
200
208
218
230
247
287
319
337
328
332
337
355
353
361
394
391
388
377
377
346
309
254
212
180
147
126
112
106
84
84
77
70
79
50
28
-7
-51
-101
-140
-163
-162
-177
-195
-195
-209
-232
-248
-254
-251
-262
-269
-280
-275
-262
-260
-240
-236
-224
-216
-202
-170
-125
-84
-27
-4
7
31
24
21
20
11
-8
-55
-75
-96
-110
-105
-133
-166
-179
-219
-237
-203
-140
-82
-62
-36
-17
-15
-23
-25
-33
-89
-112
-127
-125
-116
-152
-160
-179
-179
-174
-169
-151
-126
-63
-16
27
57
69
120
151
170
210
229
241
260
266
268
254
249
231
241
238
236
250
250
292
291
270
242
237
245
273
312
312
328
321
303
329
337
349
316
280
248
198
157
102
62
8
-10
-57
-105
-143
-196
-246
-291
-290
-309
-313
-332
-324
-295
-281
-259
-249
-224
-201
-206
-175
-128
-138
-142
-127
-96
-87
-70
-63
-80
-115
-131
-132
-139
-134
-141
-133
-123
-128
-120
-107
-101
-91
-75
-68
-82
-60
-32
15
50
90
127
159
181
162
178
168
157
147
156
168
130
113
100
84
60
53
51
44
35
-13
-61
-70
-79
-103
-141
-113
-125
-151
-154
-152
-145
-152
-164
-178
-169
-168
-184
-158
-123
-107
-85
-37
-18
4
15
20
36
39
44
58
74
68
89
88
91
87
93
110
132
135
159
171
164
179
159
128
88
86
71
41
48
35
34
32
25
38
43
87
108
115
135
142
147
174
169
178
184
147
154
131
170
180
180
199
202
166
159
174
169
152
102
61
58
24
20
21
-2
-2
-47
-75
-129
-178
-215
-268
-310
-367
-400
-445
-456
-432
-439
-453
-452
-436
-408
-377
-342
-282
-247
-216
-186
-144
-95
-88
-40
-6
6
13
14
22
60
46
21
18
24
36
18
9
15
37
47
76
115
133
144
142
165
172
181
175
157
173
171
173
187
202
200
200
196
181
175
164
161
169
155
143
134
133
122
70
51
26
6
-23
-60
-83
-67
-70
-102
-86
-99
-99
-82
-61
-53
-41
-28
-33
-32
-43
-57
-61
-59
-39
-31
-37
-10
12
20
49
61
75
69
33
-13
-69
-88
-105
-103
-121
-149
-180
-214
-227
-248
-262
-254
-225
-204
-177
-143
-118
-73
-24
8
38
66
96
136
173
213
266
285
300
311
306
312
305
280
246
225
180
130
137
109
81
79
40
9
16
32
6
11
-9
-8
16
3
-28
-53
-52
-62
-23
-15
-5
12
-7
2
5
23
-7
-22
-67
-129
-161
-196
-204
-214
-217
-221
-236
-228
-222
-224
-224
-219
-208
-210
-207
-204
-183
-167
-147
-101
-78
-67
-66
-64
-59
-44
-23
-35
-16
-7
33
89
139
150
156
201
206
216
226
243
241
228
219
186
160
127
103
104
81
79
60
38
29
30
33
31
38
15
27
20
43
43
45
36
1
12
-2
19
37
62
79
99
89
76
67
49
43
26
33
-2
-46
-66
-74
-96
-124
-117
-130
-144
-126
-114
-99
-51
-53
-46
-61
-68
-84
-111
-135
-154
-141
-163
-133
-107
-84
-55
-59
-43
-44
-55
-53
-78
-94
-105
-101
-107
-108
-102
-102
-67
-36
-10
2
8
12
44
63
73
84
78
82
80
85
107
129
91
93
106
115
120
135
144
127
132
109
110
131
137
171
204
240
267
280
282
260
233
222
217
227
247
261
244
231
199
150
122
86
90
100
94
53
10
-34
-78
-110
-128
-135
-191
-230
-254
-284
-291
-307
-307
-293
-262
-255
-256
-268
-295
-304
-330
-329
-335
-328
-298
-259
-210
-189
-184
-158
-159
-161
-124
-128
-113
-121
-123
-138
-138
-100
-87
-53
-30
-3
5
55
85
67
55
47
56
22
13
11
11
4
5
46
55
64
59
38
57
71
93
117
132
130
135
141
141
134
148
172
175
193
195
197
209
217
230
245
231
236
238
201
186
176
152
133
148
145
169
160
161
147
115
86
50
33
26
37
27
22
14
-2
8
5
19
5
-15
-18
-44
-53
-73
-65
-67
-96
-122
-136
-145
-195
-219
-241
-270
-286
-316
-329
-343
-351
-341
-347
-331
-306
-290
-255
-238
-232
-193
-149
-86
-54
-12
33
57
99
133
168
175
200
225
212
198
208
209
220
225
250
301
312
365
368
367
367
340
315
272
248
216
212
196
164
138
111
86
48
10
-28
-78
-147
-180
-215
-256
-254
-267
-288
-290
-274
-271
-254
-236
-228
-232
-197
-165
-175
-184
-205
-224
-257
-263
-264
-269
-255
-257
-271
-249
-227
-221
-180
-148
-118
-92
-63
-3
30
43
60
61
43
65
31
42
53
85
79
53
85
36
16
10
27
51
67
87
99
124
125
140
137
150
177
209
240
283
348
385
375
339
325
317
305
314
325
340
318
292
269
248
240
192
182
175
165
132
140
145
121
99
72
54
35
28
-6
-23
-39
-62
-111
-162
-199
-241
-266
-290
-320
-351
-373
-398
-366
-330
-334
-325
-297
-269
-269
-244
-216
-207
-206
-199
-180
-171
-182
-203
-219
-232
-231
-210
-175
-167
-172
-189
-193
-166
-143
-113
-85
-56
-41
-40
2
39
81
100
119
144
149
141
112
126
150
177
208
242
262
262
265
279
286
291
295
284
272
254
230
193
184
167
134
88
77
79
61
49
84
94
93
102
93
108
105
101
87
100
87
62
22
5
-20
-46
-71
-105
-151
-193
-219
-249
-268
-259
-257
-253
-232
-221
-206
-201
-160
-155
-144
-99
-80
-65
-53
-38
-52
-38
-58
-95
-120
-135
-137
-156
-173
-187
-152
-139
-97
-38
-4
13
24
49
86
107
130
147
149
139
134
144
151
133
141
134
113
107
108
122
145
163
155
146
174
181
217
256
253
234
223
221
215
214
217
222
206
170
147
132
127
100
72
58
29
17
20
27
7
-1
-59
-93
-85
-99
-118
-139
-172
-208
-226
-264
-258
-266
-279
-289
-297
-296
-313
-319
-304
-302
-313
-296
-320
-329
-337
-312
-286
-275
-246
-223
-199
-155
-123
-78
-58
-45
-43
-41
-61
-74
-50
-43
-23
-34
-7
23
49
94
115
160
173
172
192
184
176
174
195
182
161
186
208
215
204
175
166
165
150
150
142
139
151
163
184
173
166
164
169
178
186
213
217
209
218
222
204
195
185
171
161
148
136
141
114
72
34
35
32
14
23
8
4
-32
-45
-90
-100
-156
-225
-230
-246
-221
-214
-244
-244
-226
-231
-207
-205
-226
-226
-227
-227
-249
-247
-226
-205
-181
-161
-97
-57
-31
-23
-17
-12
-23
-27
-7
24
37
57
76
61
42
24
32
50
58
79
102
118
149
181
197
207
202
202
209
235
236
225
216
195
171
119
93
73
59
36
-9
-18
-39
-53
-60
-59
-91
-117
-94
-98
-101
-91
-112
-116
-121
-112
-113
-103
-92
-113
-127
-163
-211
-226
-248
-285
-311
-319
-325
-346
-344
-341
-318
-311
-283
-275
-280
-270
-257
-232
-198
-176
-172
-157
-133
-123
-75
-43
0
20
47
86
124
191
222
278
296
337
377
413
426
430
433
436
413
371
340
331
310
303
312
310
327
308
317
324
319
319
319
314
322
334
343
315
301
284
279
283
259
269
240
205
173
159
168
146
96
44
24
-15
-46
-60
-72
-121
-142
-182
-232
-228
-255
-272
-306
-326
-344
-376
-425
-464
-504
-545
-555
-572
-603
-636
-647
-643
-642
-627
-608
-602
-590
-580
-539
-511
-500
-482
-445
-411
-355
-296
-234
-185
-135
-77
-19
33
80
147
183
208
241
268
309
344
361
407
446
481
489
481
522
530
535
550
547
526
488
438
416
419
394
385
375
370
325
298
291
248
244
241
248
255
264
275
291
305
306
313
311
305
265
226
178
117
40
-18
-63
-119
-161
-202
-253
-284
-349
-387
-427
-459
-448
-468
-440
-448
-446
-445
-452
-456
-469
-478
-508
-505
-503
-478
-480
-452
-438
-438
-410
-370
-332
-282
-219
-184
-131
-99
-54
-4
50
105
127
143
141
143
165
181
193
201
186
183
185
184
200
180
190
215
194
184
209
214
222
222
218
207
201
197
168
185
173
170
166
175
185
168
166
151
141
137
161
157
160
187
184
179
160
155
154
151
168
171
182
181
177
147
126
77
33
9
-31
-69
-91
-110
-120
-130
-167
-193
-210
-243
-266
-272
-279
-275
-272
-268
-268
-252
-265
-261
-245
-236
-211
-182
-188
-178
-167
-198
-178
-147
-125
-93
-47
-20
8
25
61
78
102
110
91
97
107
108
93
84
78
71
63
61
53
30
0
-16
-33
-30
-5
27
57
71
83
75
99
131
135
145
133
125
98
89
83
67
40
6
-43
-71
-81
-103
-91
-113
-115
-106
-86
-74
-79
-71
-58
-61
-68
-36
-38
-41
-51
-89
-112
-141
-149
-164
-178
-209
-219
-220
-213
-183
-165
-129
-121
-91
-55
-17
12
33
70
95
127
164
175
172
201
189
170
169
169
179
152
147
130
137
148
157
186
216
230
248
241
240
229
236
233
223
233
240
251
244
253
226
200
167
110
62
37
14
-7
-38
-65
-97
-99
-114
-109
-103
-89
-59
-42
-40
-60
-61
-73
-88
-89
-87
-98
-112
-144
-179
-194
-209
-214
-204
-205
-219
-211
-205
-227
-210
-206
-197
-181
-149
-121
-123
-103
-115
-100
-79
-44
-43
-65
-80
-102
-111
-114
-98
-75
-75
-39
-32
-13
8
29
69
78
94
80
67
86
98
99
96
106
98
68
62
51
49
38
59
76
77
128
131
169
198
198
203
204
241
229
236
222
181
154
116
68
26
-13
-44
-65
-100
-103
-114
-110
-118
-99
-75
-92
-94
-44
-27
-4
45
57
70
81
66
59
52
26
15
-9
-21
-45
-75
-94
-116
-152
-188
-205
-213
-256
-266
-276
-262
-244
-207
-186
-189
-178
-144
-131
-130
-91
-80
-85
-106
-111
-107
-90
-95
-73
-92
-112
-104
-92
-71
-55
-23
3
49
79
109
137
156
140
118
111
104
131
137
146
155
156
171
176
202
237
255
276
305
340
362
376
386
399
427
421
452
465
459
464
431
411
351
264
233
181
137
99
46
-25
-80
-137
-181
-183
-183
-197
-209
-214
-240
-220
-226
-242
-248
-273
-288
-285
-300
-324
-370
-409
-450
-483
-494
-480
-462
-454
-443
-429
-397
-372
-322
-278
-242
-199
-190
-173
-165
-122
-69
-44
-7
9
14
35
33
37
57
43
50
57
52
68
89
80
100
134
171
195
215
246
261
260
266
257
241
224
201
185
197
213
202
208
217
195
205
199
205
216
195
187
160
137
104
83
83
67
39
34
11
-9
-19
-38
-37
-53
-54
-52
-57
-59
-64
-85
-90
-79
-108
-93
-59
-53
-43
-44
-62
-73
-77
-67
-66
-58
-36
-20
18
52
70
100
120
127
125
116
105
101
110
99
74
62
51
47
58
96
105
114
128
113
101
92
86
67
50
49
25
-6
-23
-74
-107
-146
-174
-200
-196
-190
-197
-211
-201
-213
-222
-189
-177
-148
-131
-134
-135
-131
-134
-118
-106
-101
-97
-70
-73
-53
-22
-8
6
5
22
19
37
2
-51
-103
-144
-121
-103
-80
-84
-63
-60
-60
-67
-93
-106
-121
-119
-136
-134
-119
-117
-124
-143
-134
-124
-118
-80
-78
-80
-65
-39
-13
29
68
80
111
132
154
184
192
198
214
231
231
229
