-25
-26
-31
-41
-40
-31
-37
-42
-49
-44
-32
-36
-29
-28
-24
-20
-28
-22
-23
-23
-14
-16
-7
0
-7
0
17
19
21
21
31
31
27
35
24
33
33
27
39
28
8
-10
-17
-19
-7
-18
-19
-13
-8
-11
-8
10
22
21
14
4
-1
-1
-19
-17
16
36
44
55
56
51
55
56
59
70
64
62
58
50
48
45
38
14
3
6
11
11
-7
-24
-20
-17
-30
-41
-56
-46
-48
-52
-60
-68
-70
-76
-86
-85
-88
-98
-86
-73
-57
-47
-34
-21
-12
3
13
-1
4
13
17
9
6
19
29
8
24
32
18
20
8
17
22
35
34
32
13
2
-2
-10
-2
-9
-8
1
-7
-6
-10
-2
15
8
21
34
38
41
24
11
14
14
20
3
17
16
3
18
13
42
50
35
49
27
31
15
-6
-14
-24
-8
-11
-15
5
-9
-25
-31
-32
-22
-8
-3
0
20
31
18
10
6
-1
-3
-7
6
3
-12
-22
-21
-14
-13
-15
-7
14
18
11
21
27
21
-5
-12
11
-2
-21
-24
-18
-12
-12
-23
-35
-32
-13
-25
-40
-35
-19
-26
-42
-51
-44
-44
-65
-86
-88
-72
-46
-34
-31
-10
-19
-12
-3
22
26
57
84
88
64
27
5
8
-2
-10
2
13
39
21
16
9
26
25
6
11
18
50
52
47
53
55
43
29
34
35
35
26
13
3
3
-14
-7
8
25
62
25
29
22
34
38
54
67
52
47
25
39
27
46
0
-19
-18
-22
-30
-59
-35
-29
-48
-51
-43
-89
-146
-60
39
31
-109
-194
-117
-12
42
-35
-117
-47
125
95
-43
-121
6
97
15
-58
-22
125
146
13
-57
69
185
119
-33
-42
-6
4
7
37
57
-46
-97
-22
9
20
-59
-144
-50
-22
-4
-231
-243
-103
62
-53
-357
-382
-141
132
-110
-402
-527
-93
132
-71
-458
-410
75
223
-57
-385
-128
387
467
5
-208
254
782
601
-42
5
497
825
514
68
282
538
610
273
156
357
575
314
182
256
291
296
107
207
180
159
139
175
108
39
32
44
127
8
-101
-105
-79
1
-183
-239
-174
-141
-313
-429
-323
-226
-325
-608
-637
-790
-489
-338
-295
-705
-1125
-1002
-627
-404
-825
-1330
-1369
-511
-339
-1028
-1726
-1214
-152
-180
-1110
-1437
-472
576
209
-890
-842
693
1572
730
-388
106
1685
1913
1019
452
1315
2221
1875
1017
957
1982
2470
1704
1034
1312
2163
2008
1323
1016
1243
1431
1348
905
630
787
937
674
73
7
182
300
28
-250
-538
-497
-487
-530
-796
-799
-643
-810
-1285
-1362
-1035
-832
-807
-1204
-1331
-1359
-1020
-810
-924
-1265
-1246
-1152
-1071
-1128
-1015
-1535
-1986
-1486
-889
-425
-1700
-2363
-2268
-942
-530
-1619
-3120
-2339
-97
197
-1822
-3664
-1728
936
1068
-1521
-2586
-289
2516
1516
-1200
-1077
2417
4296
1939
-791
612
3923
4523
2062
456
2292
4324
3865
1537
1487
3383
4448
2689
975
1696
3333
3350
1879
887
1299
2033
1649
544
-103
686
1109
230
-969
-836
66
268
-839
-1538
-1457
-871
-780
-1461
-1901
-1514
-1173
-1815
-2492
-2304
-1358
-1347
-1870
-2295
-2235
-1789
-1344
-1109
-1676
-1933
-1668
-1163
-936
-1014
-1013
-2049
-1873
-1074
210
-85
-1872
-2351
-1729
-25
-152
-1760
-3187
-1205
1015
419
-2640
-3577
-318
2204
833
-2570
-2526
1146
3383
855
-2342
-708
3766
4479
613
-1800
1482
4984
4176
522
-45
3038
4852
2952
321
1247
4005
4496
1771
286
1817
3647
2816
1190
726
1811
2103
1280
363
162
971
1046
-187
-1263
-579
333
10
-1262
-1658
-1326
-947
-1004
-1385
-1876
-1434
-825
-1244
-2302
-2040
-876
-632
-1438
-2059
-1876
-1432
-652
-621
-1252
-1665
-1015
-693
-971
-1089
-408
-315
-1145
-2786
-1952
-489
1085
264
-2892
-3456
-1639
1255
236
-2938
-4368
-950
1476
59
-4021
-4518
-134
2625
-145
-4466
-3229
2230
4345
-335
-3952
-684
5249
5137
-396
-3068
1735
6249
4594
-619
-956
3837
6213
3058
-570
1110
5018
5527
1763
-284
1793
4463
3786
1038
106
1831
2845
1742
-129
20
1486
1644
12
-1215
-588
710
641
-756
-1655
-1302
-560
-836
-1496
-1810
-1232
-1153
-1811
-2370
-2070
-1496
-1472
-2009
-2296
-2236
-1650
-1377
-1244
-1363
-1709
-1642
-1203
-671
-657
-941
-1216
-1037
-2120
-1665
-1207
754
275
-2268
-3403
-2017
806
239
-2800
-4610
-1066
1518
76
-4481
-4627
163
2843
-618
-4723
-2984
2544
3921
-1050
-4255
-394
5395
4749
-989
-3000
2327
6348
4239
-974
-594
4031
6072
2668
-795
1143
5075
5638
1701
-139
1881
4841
4316
1598
494
1873
3220
2273
920
573
1934
2156
677
-640
-509
945
1137
-147
-1493
-1159
-428
-430
-1027
-1457
-866
-612
-1185
-2032
-1965
-961
-516
-1346
-2258
-2013
-1313
-929
-1401
-2041
-2171
-1620
-1406
-1462
-1954
-1646
-1000
-1063
-1896
-3631
-2584
-849
839
-1036
-3934
-4225
-1714
530
-1083
-4260
-5016
-1052
1018
-1251
-5424
-4826
251
2457
-1056
-4882
-3129
2308
3576
-793
-3963
-274
5187
4672
-659
-2704
2465
6665
4815
-202
-237
4373
6841
3777
377
1959
5823
6296
2529
600
2900
5772
5095
2091
850
2907
4524
3513
1267
901
2638
2921
1270
-176
557
1727
1295
-419
-1734
-1199
-333
-331
-1717
-2733
-2185
-1865
-2417
-3172
-3085
-2510
-2736
-3128
-3547
-3610
-3148
-2568
-2313
-3271
-3471
-2956
-2243
-1945
-2124
-2374
-2576
-2176
-3134
-2954
-2105
-49
156
-2929
-4570
-2900
623
817
-2560
-5253
-2225
1568
986
-3616
-5267
-515
3466
926
-3907
-3246
2525
5352
1217
-3299
-921
5381
6520
1402
-2435
1556
6783
6161
1016
-511
3865
7119
5110
1111
1450
5181
6997
4151
1012
1866
4742
5427
2992
1089
2243
3763
3303
1254
446
1690
2663
1630
-258
-501
539
1338
60
-1474
-1656
-1135
-985
-1759
-2420
-2338
-1959
-2397
-3191
-3657
-3275
-2793
-2926
-3526
-3969
-3882
-3349
-2809
-3098
-3566
-3816
-3154
-2537
-2608
-2781
-2853
-2209
-2906
-3615
-3056
-1245
123
-1944
-4389
-4167
-869
928
-1348
-4856
-3715
766
1933
-1779
-5289
-2356
2757
2743
-2093
-4000
403
5114
3478
-1928
-2349
3434
7230
3973
-1470
-402
5445
7666
3502
-428
1997
6629
6917
2652
669
3635
7282
6034
1914
880
3794
6346
4825
1604
1027
3026
3982
2491
532
933
2401
2142
19
-1182
-113
1261
422
-1847
-2641
-1673
-958
-1580
-2751
-2963
-2420
-2625
-3602
-4308
-3729
-2899
-3174
-4141
-4496
-3989
-3346
-3233
-3328
-3732
-3751
-3419
-2584
-2445
-2477
-2493
-2127
-2518
-2983
-2329
-1095
615
-685
-2494
-3272
-1046
1020
169
-2953
-3218
3
1776
-307
-3852
-2675
1392
2882
-536
-2996
-794
3649
3649
-506
-2298
1755
5957
4544
-260
-887
3731
6678
4307
259
1049
4998
6632
3440
950
2587
6217
6087
2629
846
2929
5681
5009
2107
357
2541
3946
3314
1033
357
1793
2031
817
-722
-557
374
823
-910
-2480
-2356
-1505
-1120
-2381
-3211
-2994
-2793
-3104
-3512
-3636
-3616
-3172
-3180
-3680
-4160
-3960
-3125
-2725
-3095
-3557
-3376
-2733
-1780
-1629
-2027
-2227
-1709
-2403
-3072
-1839
362
1614
-1638
-4224
-3166
499
1958
-1282
-5120
-3294
1905
2536
-2199
-5943
-1899
3736
2957
-2869
-4436
905
5733
3119
-2854
-2735
3863
7507
3311
-2495
-758
5887
7691
2843
-1361
1810
6773
6970
2121
96
3403
6851
6016
1313
320
3333
6078
4619
1045
373
2733
4169
2579
475
225
1701
1912
345
-979
-491
650
536
-1403
-2564
-2010
-941
-1046
-2415
-3449
-3254
-2793
-2980
-3606
-4178
-3736
-3163
-3141
-4005
-4121
-3285
-2320
-2318
-3546
-3737
-2554
-1122
-927
-1955
-2400
-1501
-457
-2486
-2545
-1332
1387
1698
-2731
-4309
-2217
2216
2104
-2462
-6017
-1626
3419
2312
-3950
-6396
-432
4668
1598
-4992
-4723
1938
6098
1148
-5005
-2873
5228
7543
1435
-4416
-433
6939
7555
1058
-2340
2239
7578
6450
581
-380
4081
7992
5101
92
85
4587
6863
3862
-361
394
3858
4765
2105
-534
738
3046
2730
-215
-1659
-239
2163
1304
-1767
-3171
-1655
-71
-670
-2563
-3006
-2185
-2027
-2685
-3643
-3478
-2528
-1920
-3041
-4251
-4221
-2828
-1819
-2567
-3466
-3596
-2497
-1618
-1682
-2403
-2463
-1531
-925
-2515
-4304
-2416
467
1716
-1767
-4856
-3628
73
1669
-1208
-4774
-3989
740
2010
-1421
-5356
-3172
1712
2367
-1899
-4174
-855
3688
3367
-1177
-2877
1396
6091
4777
-244
-1521
3488
6975
4718
338
1022
5360
7164
3892
736
2516
6373
6967
2873
545
2625
5864
5454
2110
648
2333
4096
3068
811
524
2242
2676
683
-1272
-565
1280
1315
-582
-2395
-2306
-1194
-701
-1788
-3107
-3055
-2395
-2714
-3819
-4014
-3011
-2403
-3122
-4452
-4659
-3494
-2246
-2125
-3455
-4131
-3068
-1822
-1903
-2325
-2182
-1325
-1272
-2952
-4077
-1733
319
1573
-1573
-4600
-3364
-320
1736
-611
-4086
-4082
360
1818
-786
-4913
-3606
1368
2745
-1313
-4370
-1450
3831
4424
-705
-3522
712
6488
5704
145
-2078
3022
7222
5286
307
597
5202
7349
3830
55
1824
6246
7356
3270
208
1861
5454
5729
2906
1019
2194
3699
3095
1158
830
2209
2652
1162
-1001
-723
861
1536
377
-1625
-2187
-1855
-1115
-1154
-2055
-2789
-3304
-3428
-3700
-3481
-3046
-3026
-3625
-4686
-4686
-3809
-2834
-2656
-3768
-4377
-3808
-2725
-2554
-2676
-2718
-1742
-1990
-2344
-4148
-3531
-902
323
470
-3396
-4052
-2519
683
1242
-1168
-4187
-2886
1388
2276
-971
-4536
-2039
2604
2900
-1464
-3160
329
5033
3799
-1367
-2843
2679
7502
5242
-1066
-1722
4397
8070
4862
-138
1017
5650
7080
2914
47
2493
6727
6494
1740
-584
2099
5786
5439
1861
181
1608
3446
2764
965
712
1705
1874
172
-1193
-345
1260
1323
-501
-2635
-2767
-1423
-321
-932
-2702
-3941
-3880
-3298
-2957
-2904
-3363
-3719
-4027
-3956
-3861
-3512
-2836
-2646
-3235
-4181
-3917
-2653
-1475
-1377
-2235
-2683
-2232
-1159
-2827
-2450
-1407
1007
802
-3203
-4059
-1919
2332
1922
-2224
-5580
-1440
3544
2904
-3181
-5872
-327
4759
2591
-3632
-3729
2198
6104
2024
-3794
-2215
5332
8014
2468
-3962
-828
6605
8241
2139
-2159
1658
6892
6500
736
-806
3394
7493
4991
-584
-1199
3448
6743
4151
-129
-497
2526
4087
2131
191
740
2393
2263
-325
-1565
-68
1965
1497
-1468
-3476
-2539
-444
274
-1292
-3594
-4266
-3035
-1914
-2509
-3760
-3964
-3070
-3161
-4270
-4488
-3076
-1689
-2166
-4177
-4903
-3266
-1017
-957
-2610
-3414
-1917
-748
-938
-2682
-3345
-702
832
1227
-1826
-3213
-1446
1419
1919
-837
-3428
-2334
2053
2883
-404
-4218
-2360
2540
3613
-582
-3186
-404
4105
3760
-595
-2358
1870
6316
4800
-599
-2121
2959
6994
4936
-248
-355
3774
6103
3227
68
1344
4677
5251
1865
-288
1813
5143
5183
2022
27
1229
3144
3166
1573
926
1469
1434
305
-759
35
1415
1226
-1003
-2945
-2377
-568
51
-1556
-3485
-3661
-2466
-2095
-3055
-3711
-2808
-1952
-2985
-4959
-4676
-2429
-751
-1969
-4365
-4867
-2820
-783
-1109
-2549
-2582
-1114
-420
-1541
-1884
-1051
-1262
-244
-1086
428
94
-1094
-1151
-482
1302
675
-1907
-3468
273
3104
1592
-3878
-4448
781
4358
858
-3782
-2805
2618
4763
211
-3872
-1048
5511
6080
-171
-4451
524
7070
6470
-435
-2738
2099
6849
4880
-432
-749
3879
6919
3326
-1303
-217
5059
7102
3123
-1334
-309
3844
5280
2676
-88
366
2334
2250
375
-115
1060
1639
-45
-2337
-2115
-435
207
-1199
-3012
-3333
-2751
-2634
-2907
-2765
-2602
-3164
-4418
-4653
-3267
-1701
-1964
-3364
-4052
-3514
-2298
-1760
-1430
-1593
-1538
-1841
-1758
-1003
-404
162
-1902
-1815
-1168
1025
1415
-1010
-1592
-763
1338
987
-1232
-2730
197
2568
1471
-3092
-4398
40
3802
1493
-3355
-3321
1169
4129
955
-3381
-1900
3579
5011
467
-3893
-402
5472
5779
14
-2602
1572
6080
4855
-193
-522
3615
6563
3773
-365
642
4932
6567
3013
-266
1117
4661
5318
2144
118
1004
3014
2528
376
-258
1147
1710
110
-1746
-1547
-159
-81
-1374
-2739
-2921
-2614
-2540
-2892
-2998
-3127
-3552
-4070
-3923
-2906
-2355
-3122
-3753
-3629
-2876
-2448
-2419
-1796
-1476
-1790
-2244
-1950
-459
380
247
-1570
-3172
-966
1035
2830
187
-2332
-2124
222
2112
839
-1877
-2973
533
2113
367
-3834
-3070
1793
3543
-610
-4746
-2546
2982
4212
-530
-4491
-1177
4785
4945
-544
-3925
945
6063
4765
-1218
-1811
3547
7215
4020
-951
132
5033
7303
3482
-386
1166
5404
6296
2779
300
1982
4491
3985
1147
295
2007
2991
1473
-897
-690
999
1075
-899
-2764
-2270
-1118
-1449
-2646
-3513
-3196
-2983
-3484
-3971
-3872
-2951
-2724
-3314
-4157
-4030
-2835
-2108
-2128
-2581
-2783
-2108
-1272
-812
-1284
-1798
-970
360
670
-304
-313
61
100
371
11
1538
1134
-286
-1215
-569
1331
1271
-1384
-3118
-529
2050
1142
-3553
-4117
-2
2796
-434
-4603
-3257
1736
3330
-1163
-4784
-1951
3826
4266
-951
-4016
319
5487
4413
-854
-1620
2966
6075
3406
-316
694
4798
6354
3264
355
1819
5281
5929
2793
890
2371
4700
4312
1629
913
1993
3104
2155
208
-262
563
1076
-61
-1758
-2049
-1271
-850
-1842
-3099
-3449
-2993
-2347
-2633
-3160
-3438
-3195
-2799
-3049
-3236
-2738
-2033
-1494
-2146
-2888
-2535
-1256
-269
-667
-1573
-1484
-246
895
552
136
-837
-1402
310
776
1993
-180
-1508
-1424
252
1239
-272
-2565
-2756
310
917
-1200
-4742
-3006
853
1559
-2369
-4779
-2309
2185
1987
-2054
-4503
-1113
3792
3341
-851
-3309
1066
4552
3769
-302
-269
3317
5526
3516
581
1643
4787
6114
3269
848
2131
5275
5855
3222
1273
2282
3846
3598
1762
1073
1826
2174
971
-724
-431
797
761
-1071
-2608
-2047
-1078
-1384
-2803
-3383
-2686
-2071
-2640
-3909
-3529
-1988
-1154
-2388
-3908
-3211
-1089
-62
-918
-2315
-2199
-708
671
539
-486
-874
183
1225
1120
377
127
509
-278
315
-44
1090
554
-1018
-1682
-1597
-217
-91
-2054
-3805
-2258
-541
-571
-3984
-4705
-2102
442
-1342
-4395
-4005
-424
1681
-1207
-4452
-2730
2440
3854
-254
-4023
-783
4649
5131
252
-1839
1982
6298
4967
538
-99
4183
7229
4738
654
904
5243
6761
3811
613
1527
4319
4703
2216
492
1536
2700
2091
-186
-539
906
1430
-127
-1963
-1790
-641
-411
-1556
-2194
-2181
-1703
-1962
-2380
-2195
-1456
-1329
-2209
-2816
-2039
-526
-469
-1508
-1907
-1217
-260
-46
-408
-512
-192
69
195
-82
100
282
352
-1065
-2144
-961
-231
648
-1793
-2987
-2674
-1314
-594
-2385
-4611
-4212
-1372
-845
-3155
-5856
-3979
-434
-259
-3524
-4875
-2273
1359
365
-3034
-3889
569
4154
2188
-2219
-2369
3142
5925
3509
-423
915
4774
6113
3546
1394
3471
6108
5799
2991
1871
4508
6055
4715
2066
2165
3838
4055
2631
1289
1988
2103
1399
35
-270
912
1269
63
-1320
-1433
-427
-440
-1331
-1658
-1147
-1402
-2159
-2244
-1695
-763
-1081
-1834
-2396
-1947
-787
-325
-975
-1434
-964
-730
-833
-960
-438
-121
-707
-1718
-1219
-654
-175
-715
-1782
-2458
-3113
-1487
-1306
-567
-2262
-3561
-3508
-2668
-1587
-2301
-4263
-4344
-1770
-1142
-2768
-5678
-3903
-446
412
-2973
-4673
-2165
1603
1723
-2055
-3281
330
4515
3429
-936
-1708
2841
6357
4667
605
1026
4701
6860
4562
1970
3061
5930
6942
4000
2027
3187
5681
5923
3221
1361
2074
3462
3441
2225
1158
1079
1091
776
469
421
466
74
-576
-1212
-973
-802
-815
-922
-1357
-1706
-2056
-1886
-1175
-1068
-1367
-1840
-1706
-1605
-1490
-1270
-1138
-771
-1370
-1956
-1816
-1134
-425
-1072
-2275
-2339
-1843
-1426
-1573
-2275
-1903
-2178
-2227
-3892
-3618
-1960
-1016
-937
-4424
-4762
-3479
-763
-520
-2947
-5385
-3689
-327
201
-2710
-5089
-2005
1527
1155
-2930
-3601
158
4303
2600
-1701
-2600
2502
6331
4414
16
69
4778
6720
4030
1035
3028
6315
6380
2764
1473
3357
6534
5463
2365
1137
2877
4745
3582
1718
1338
2632
2105
990
-94
732
1675
1424
-45
-1301
-864
195
892
-311
-1453
-1766
-1130
-315
-357
-962
-1499
-1347
-698
-1024
-1272
-1539
-594
-637
-1592
-2090
-1718
-756
-865
-1680
-2530
-2385
-2072
-1797
-2092
-2287
-2357
-2533
-2870
-2674
-2273
-1939
-2651
-2745
-3926
-3002
-2329
-1478
-1215
-3486
-3647
-3342
-1229
-949
-2236
-4282
-2652
-181
655
-1825
-3585
-1101
1965
1625
-1549
-1784
1220
4050
2390
-878
-522
4073
6407
3786
-499
853
5506
7162
3590
503
2823
6204
5984
2261
978
3439
6187
4509
975
406
3152
5353
3213
434
209
2503
3463
1790
258
479
1768
1584
185
-712
203
1412
742
-1063
-1789
-392
877
-192
-1883
-2110
-533
260
-1189
-2702
-2199
-518
-237
-2143
-4060
-3012
-1111
-1205
-3314
-4916
-3632
-2014
-2116
-3953
-4656
-3418
-2233
-2339
-3963
-4015
-2844
-1633
-2160
-3694
-3420
-3331
-1740
-1904
-1618
-1714
-2732
-2178
-2024
-747
-845
-1477
-2581
-1178
300
494
-1243
-1850
552
2426
1246
-974
-488
2821
4705
2901
292
937
4607
5715
3797
973
2621
5632
6050
3040
1510
3740
5954
5251
2382
1500
3490
5371
4714
2381
1428
3014
4231
3950
2150
1908
2227
2648
2014
1516
1552
1450
1232
348
79
364
645
-51
-1025
-1219
-737
-760
-1597
-1933
-1553
-1408
-2202
-3234
-3119
-2425
-2187
-3287
-4610
-4599
-3559
-3104
-4118
-5050
-4704
-4089
-4153
-4795
-4358
-3517
-3361
-3929
-4615
-3928
-2892
-2174
-2599
-3135
-3177
-1906
-1922
-1944
-1722
-1077
-166
-1222
-1462
-1339
534
1186
693
-1319
-785
1756
3134
1755
-878
271
2932
3891
1872
911
2531
5021
4286
1830
1314
4337
6681
4902
1341
1409
4803
6435
4306
1416
2474
4633
5175
2939
2041
3116
4933
4445
2495
1858
2807
4018
3483
2311
1831
1902
1626
1681
1641
1665
500
-352
-615
-359
-243
-756
-1355
-2000
-2241
-2532
-2939
-2944
-2762
-3022
-3902
-4880
-4762
-4169
-3867
-4733
-5360
-5671
-5089
-4735
-4926
-5158
-5169
-4415
-4246
-4633
-4670
-3870
-2822
-2903
-3521
-3352
-2403
-1254
-1189
-1251
-1337
-545
65
465
-177
90
1217
1778
2045
745
1008
1660
2718
2519
1825
906
1774
3343
3218
1917
558
1953
3333
3125
1555
1487
2785
3946
2957
1472
1517
3638
4827
3351
1312
1556
3883
4585
3273
1890
2883
3836
3825
2299
2146
3395
4115
3337
1175
1045
2209
3073
2439
996
602
780
846
581
20
234
-242
-847
-2136
-2416
-1424
-1317
-2061
-3571
-3816
-3504
-3248
-3569
-4261
-4469
-4478
-4362
-4942
-5091
-4516
-3778
-3951
-5033
-5137
-4248
-3095
-3022
-3433
-3659
-3538
-2812
-2399
-2107
-1894
-1390
-931
-957
-704
-98
697
970
933
818
584
286
1500
2688
3102
1678
75
553
2131
3261
2212
402
31
1941
2955
1964
236
831
2680
3008
1184
364
1807
3742
3446
1520
603
2045
4136
3932
2355
1638
3347
4403
3678
2064
2628
4269
4579
2932
1312
1989
3765
4173
2335
594
910
2486
2433
1014
-124
391
772
-151
-1779
-2091
-1003
-714
-2264
-4069
-4072
-2654
-2171
-3586
-5032
-4924
-3880
-3844
-4738
-5548
-4781
-3802
-3978
-5144
-5409
-4113
-2936
-3178
-4416
-4233
-3028
-1943
-2116
-2707
-2336
-1460
-685
-881
-1037
-345
533
816
390
682
1285
1814
1577
1502
1845
2297
2410
2227
1932
1430
1880
2188
2967
2372
1417
752
1353
2631
2641
1144
38
1353
2707
2378
317
-9
1933
3344
2221
422
478
2890
4053
2755
712
1407
3671
4194
2460
1050
2435
3729
3253
1374
1213
2426
3067
1689
222
410
1548
1437
43
-938
-498
-46
-801
-1738
-2156
-1621
-1931
-2642
-3487
-2909
-2613
-3309
-4241
-4420
-3304
-2889
-3868
-4874
-4618
-3267
-2540
-3432
-4375
-4125
-2718
-2129
-2716
-3473
-2719
-1255
-1019
-1717
-2069
-1035
137
282
-259
-678
-3
763
1391
1213
931
1024
1155
1639
1863
2173
1748
1633
1647
2131
2206
1869
1141
1061
1648
2117
2201
1321
1032
1183
1871
1991
1400
556
946
1976
2338
1412
158
576
2033
2599
1768
876
1313
2452
2500
1668
927
1907
2834
2442
962
431
1592
2431
1820
344
39
659
1304
718
-182
-473
-303
-224
-976
-1675
-1738
-1461
-1507
-2275
-2963
-3276
-2980
-2526
-2703
-3272
-3915
-3899
-3337
-3067
-3041
-3135
-3452
-3303
-3180
-2722
-2495
-2339
-2056
-1875
-1668
-1811
-1516
-989
-254
115
-441
-697
-192
906
1551
1116
644
826
1443
1648
1514
1594
2109
2334
1849
1368
1457
2250
2648
2305
1578
1373
1704
2010
2340
2146
1764
1437
1043
1073
1481
1816
2204
1312
532
435
1197
1998
1618
480
-96
834
1407
1207
-303
-492
622
918
-212
-1357
-437
936
758
-1122
-2121
-672
1035
812
-1497
-2455
-1117
308
-41
-1894
-1966
-1081
-561
-1628
-2615
-2120
-1308
-1025
-2240
-2786
-2504
-1837
-1342
-1759
-1815
-2225
-2118
-1803
-1169
-479
-923
-1307
-1352
-397
325
245
-47
208
720
609
212
376
1338
1935
1512
529
423
1323
2227
1999
1050
745
1286
1971
1587
948
948
1420
1537
1041
624
868
1622
1756
1144
585
717
1497
1732
1047
507
572
1071
1198
752
677
487
704
539
299
484
347
475
-303
-509
-404
-166
-223
-679
-800
-811
-944
-1516
-1530
-1178
-859
-1411
-2188
-2283
-1524
-1100
-1615
-2385
-2226
-1464
-1096
-1696
-2116
-1659
-1023
-975
-1739
-1547
-1085
-555
-1033
-1507
-1051
-359
-123
-707
-914
-414
277
345
-32
-120
549
1046
959
535
676
1349
1781
1566
1399
1484
1721
1821
1723
1628
1530
1445
1503
1387
1138
1200
1224
1281
967
632
469
681
900
826
286
25
640
1016
862
366
343
823
790
485
265
614
1003
776
505
276
686
945
475
207
181
602
246
-212
-170
-112
-122
-715
-641
-690
-678
-1387
-1798
-1626
-1458
-1760
-2715
-2792
-2339
-2048
-2815
-3631
-3432
-2717
-2617
-3266
-3517
-2846
-2295
-2279
-2761
-2497
-1626
-996
-1134
-1624
-1138
-282
490
253
132
426
1041
1567
1449
1484
1792
2281
2552
2230
1955
2408
3029
3171
2622
2175
2400
2866
2951
2607
2419
2605
2825
2312
1841
1977
2393
2459
1651
957
958
1323
1462
907
315
157
234
341
153
309
383
364
131
-156
89
220
439
118
-242
-436
-535
-404
-268
-284
-534
-897
-1168
-942
-512
-543
-1086
-1473
-1325
-954
-977
-1425
-1667
-1614
-1659
-2251
-2809
-2849
-2247
-2135
-2848
-3687
-3688
-3064
-2779
-3069
-3786
-3840
-3295
-2706
-2833
-3293
-3216
-2475
-1778
-1846
-2220
-1866
-816
86
-315
-858
-292
1242
2283
1608
917
1254
2793
3498
2876
2160
2540
3672
4031
3454
3078
3618
4190
3958
3323
3348
3850
4019
3431
2902
2881
3287
3206
2520
2123
2266
2627
2227
1484
1328
1673
1731
1149
490
431
752
661
168
-333
-201
78
-105
-708
-996
-611
-464
-918
-1423
-1260
-1031
-1025
-1489
-1791
-1760
-1543
-1552
-1946
-2230
-2281
-2137
-2314
-2248
-2463
-2648
-3034
-2970
-2657
-2614
-2962
-3341
-3163
-2874
-2919
-3257
-3457
-3237
-2818
-2899
-2945
-2995
-2470
-2242
-2309
-2455
-1990
-1409
-1209
-1299
-1180
-583
-132
65
-33
502
1115
1656
1618
1558
1888
2479
2851
2955
3194
3317
3333
3266
3478
4040
4273
3982
3622
3760
4307
4345
4073
3586
3802
4029
3788
3326
3074
3389
3386
2909
2324
2291
2500
2309
1730
1340
1305
1351
1013
358
164
312
243
-294
-768
-752
-783
-1049
-1664
-1929
-1896
-1940
-2153
-2580
-2781
-2765
-2786
-2935
-3165
-3277
-3195
-3270
-3337
-3458
-3528
-3446
-3272
-3156
-3385
-3638
-3376
-2962
-2898
-3415
-3596
-3108
-2460
-2400
-3062
-3402
-2830
-1904
-1602
-2319
-2509
-1859
-781
-646
-1242
-1344
-637
532
694
293
32
715
1515
1791
1421
1440
1816
2279
2519
2262
2261
2527
2852
2909
2832
2948
3354
3503
3414
3150
3125
3483
3836
3808
3401
3158
3332
3637
3567
3163
3021
3100
3169
2808
2465
2466
2672
2626
1997
1538
1469
1665
1474
1093
709
669
552
-64
-461
-545
-412
-675
-1517
-2004
-1870
-1659
-1904
-2612
-2926
-2724
-2508
-2880
-3429
-3527
-3281
-3326
-3691
-3942
-3886
-3388
-3458
-3613
-3820
-3661
-3287
-3204
-3174
-3224
-2946
-2863
-2701
-2482
-2274
-2066
-2065
-1940
-1535
-1256
-1103
-1120
-783
-308
0
107
79
348
730
1057
1011
1062
1130
1328
1408
1714
1974
1977
1747
1621
2029
2294
2376
1998
2059
2312
2682
2357
1847
1992
2474
2775
2362
1916
2102
2638
2809
2414
2015
2352
2883
3038
2551
2266
2522
2964
2855
2335
2165
2307
2365
1946
1398
1544
1838
1795
978
183
192
504
481
-94
-736
-1009
-1006
-1255
-1587
-1819
-1984
-2368
-2775
-3178
-3118
-3074
-3229
-3569
-3895
-3880
-3783
-3855
-4051
-4063
-3910
-3750
-3815
-3946
-3691
-3201
-2922
-2941
-3212
-2917
-2487
-2032
-1919
-1890
-1708
-1509
-1051
-751
-313
-194
-218
-123
188
599
836
911
1019
1257
1521
1619
1631
1789
2143
2268
2199
2068
2148
2418
2364
2399
2190
2407
2576
2624
2529
2167
2227
2322
2412
2160
1905
1999
2290
2365
2056
1710
1856
2138
2215
1697
1429
1757
2162
2080
1328
1181
1621
2032
1622
744
488
933
1295
894
217
34
203
47
-507
-874
-632
-536
-985
-1610
-1901
-1618
-1444
-1882
-2425
-2691
-2537
-2593
-2829
-2994
-3007
-2944
-3155
-3376
-3367
-3125
-2863
-2900
-2990
-3095
-2998
-2701
-2349
-2181
-2251
-2263
-2064
-1570
-1343
-1282
-1240
-949
-630
-551
-579
-367
150
468
515
355
614
985
1204
1195
1132
1401
1612
1689
1642
1708
1969
2048
1924
1831
2048
2332
2272
2061
1930
2196
2399
2264
2062
1900
2097
2214
2110
1885
1668
1632
1512
1437
1298
1205
1132
959
884
789
637
480
334
268
192
77
74
34
77
-50
-229
-325
-285
-166
-231
-347
-492
-477
-436
-541
-795
-838
-887
-997
-1207
-1423
-1356
-1309
-1230
-1456
-1665
-1722
-1735
-1735
-1672
-1619
-1695
-1912
-2072
-1858
-1590
-1556
-1803
-1876
-1712
-1469
-1559
-1783
-1687
-1217
-823
-1032
-1377
-1178
-511
-96
-308
-739
-668
-147
379
351
55
149
527
861
858
800
1056
1386
1481
1375
1308
1550
1868
1970
1977
1900
1979
2021
2045
2077
2046
2055
1992
1887
1852
1870
1912
1899
1718
1453
1242
1281
1251
1067
873
637
660
453
136
-253
-367
-240
-368
-685
-1085
-845
-461
-461
-1054
-1455
-1131
-628
-587
-1100
-1394
-1139
-657
-710
-1062
-1115
-678
-279
-433
-862
-803
-424
-156
-380
-595
-528
-279
-134
-357
-574
-618
-359
-392
-638
-962
-971
-743
-571
-690
-989
-1206
-1171
-896
-813
-989
-1252
-1214
-1067
-920
-1015
-1126
-1062
-906
-865
-844
-860
-727
-412
-190
-125
-95
148
534
763
786
844
1023
1404
1568
1564
1533
1655
1965
1999
1883
1683
1868
2132
2134
1822
1516
1633
1777
1682
1324
1183
1308
1346
962
559
523
733
694
57
-341
-311
-13
-132
-688
-1047
-846
-559
-744
-1208
-1358
-892
-682
-863
-1304
-1349
-904
-672
-787
-1064
-970
-689
-598
-685
-721
-424
-127
-91
-208
-320
-6
242
362
261
-5
-44
38
288
263
76
-103
-140
4
-153
-299
-486
-477
-418
-728
-1033
-1145
-836
-647
-884
-1272
-1353
-958
-716
-800
-1003
-1065
-864
-753
-709
-544
-314
-46
-71
-189
-85
247
638
784
724
761
953
1223
1430
1414
1407
1554
1730
1852
1718
1659
1791
2025
2047
1643
1374
1458
1730
1633
1117
746
938
1138
896
318
74
343
467
67
-454
-511
-290
-232
-654
-1024
-988
-840
-937
-1299
-1429
-1195
-1058
-1301
-1573
-1580
-1398
-1236
-1354
-1371
-1261
-1144
-1019
-887
-716
-585
-517
-527
-359
-114
-35
-38
-88
20
149
78
127
183
259
241
96
109
235
296
201
100
51
74
-31
-72
36
114
16
-265
-305
-82
167
29
-227
-217
-32
161
14
-86
81
334
258
53
40
355
671
597
397
419
715
955
901
743
755
904
956
906
872
850
912
842
741
678
615
689
636
572
409
305
232
246
196
0
-130
-187
-75
-187
-447
-595
-575
-482
-608
-916
-1048
-962
-831
-988
-1209
-1264
-1119
-1005
-1240
-1307
-1167
-902
-851
-990
-996
-699
-339
-186
-265
-405
-309
-92
115
201
198
184
216
269
413
532
676
703
704
631
542
642
763
978
856
676
496
516
628
661
595
444
364
191
63
66
173
187
-70
-300
-355
-164
-23
-174
-393
-599
-430
-387
-502
-558
-435
-114
-160
-326
-427
-179
196
264
89
-109
51
329
447
350
239
449
614
610
428
357
567
795
778
466
290
385
638
667
381
103
-2
166
177
-82
-410
-520
-319
-277
-578
-1039
-1139
-880
-721
-982
-1456
-1591
-1282
-1014
-1183
-1431
-1429
-1045
-773
-941
-1081
-891
-442
-175
-303
-377
-160
281
555
534
566
668
977
1151
1255
1316
1383
1490
1479
1490
1429
1462
1583
1596
1527
1328
1116
1113
1122
1000
663
399
288
222
117
-126
-289
-372
-364
-498
-688
-740
-702
-707
-813
-905
-875
-847
-904
-962
-891
-746
-720
-783
-807
-599
-369
-267
-334
-402
-268
-2
165
177
130
161
237
232
308
386
420
333
152
58
45
112
128
28
-175
-321
-345
-318
-310
-437
-605
-654
-702
-786
-870
-864
-719
-644
-767
-1014
-1014
-737
-439
-425
-627
-691
-499
-221
-79
42
149
307
373
369
566
818
1125
1207
1202
1124
1259
1565
1764
1840
1652
1557
1540
1569
1666
1628
1614
1395
1164
1078
1067
1141
909
610
296
191
234
105
-75
-201
-315
-505
-834
-990
-855
-746
-825
-1176
-1318
-1276
-1065
-1044
-1223
-1296
-1258
-1134
-1092
-1020
-933
-884
-859
-875
-897
-798
-710
-580
-534
-550
-536
-485
-361
-261
-220
-284
-368
-307
-262
-234
-225
-252
-184
-164
-119
-208
-250
-223
-195
-195
-255
-245
-233
-119
-59
-108
-120
-134
-59
25
62
95
161
214
214
327
463
587
610
666
865
1030
1077
1144
1229
1429
1636
1654
1597
1577
1764
1904
1857
1648
1585
1623
1630
1585
1441
1237
1095
988
853
721
490
345
221
170
69
-153
-402
-535
-614
-725
-926
-1104
-1212
-1286
-1378
-1435
-1470
-1538
-1569
-1677
-1707
-1738
-1768
-1780
-1753
-1712
-1717
-1707
-1682
-1542
-1382
-1298
-1196
-1116
-977
-778
-674
-582
-475
-399
-294
-274
-212
-98
19
56
60
108
211
333
374
335
313
272
306
424
512
549
504
473
449
557
661
648
568
570
610
610
552
553
692
831
904
776
737
876
1145
1264
1160
1038
1071
1215
1236
1160
1092
1153
1166
1066
962
977
1040
1056
905
718
635
621
638
556
409
249
208
129
79
-40
-150
-204
-297
-378
-494
-612
-703
-738
-786
-843
-978
-1095
-1146
-1055
-995
-1096
-1251
-1324
-1270
-1221
-1266
-1385
-1435
-1432
-1464
-1606
-1693
-1642
-1467
-1399
-1573
-1568
-1418
-1189
-1067
-1103
-1060
-920
-709
-638
-545
-363
-226
-96
-62
66
311
531
647
660
725
826
984
1084
1155
1277
1335
1387
1374
1507
1584
1703
1702
1597
1591
1594
1685
1677
1678
1581
1415
1295
1232
1220
1217
1113
940
771
709
708
769
661
436
275
169
138
65
-69
-213
-257
-300
-335
-413
-462
-414
-394
-455
-588
-609
-540
-494
-518
-630
-686
-723
-697
-702
-710
-707
-808
-856
-911
-915
-919
-945
-1020
-1096
-1124
-1229
-1289
-1293
-1219
-1179
-1359
-1480
-1453
-1329
-1166
-1235
-1276
-1160
-979
-826
-809
-727
-558
-363
-323
-269
-88
126
226
218
305
524
702
676
678
851
1101
1192
1133
1134
1296
1480
1489
1390
1378
1535
1566
1432
1331
1342
1459
1448
1235
1040
1024
1136
1101
930
739
707
701
556
409
246
188
159
30
-122
-257
-265
-208
-269
-366
-485
-513
-527
-498
-476
-523
-533
-554
-564
-625
-639
-560
-573
-527
-601
-657
-630
-589
-525
-488
-551
-652
-640
-530
-403
-415
-515
-631
-605
-488
-411
-472
-535
-536
-506
-466
-504
-417
-341
-268
-295
-324
-262
-189
-61
-49
-106
-202
-171
-94
-44
29
47
65
128
221
313
394
372
389
462
591
692
657
548
563
728
792
739
684
705
764
767
685
658
734
743
733
634
621
705
802
781
633
503
470
447
473
403
287
235
125
29
-33
-36
-157
-246
-396
-458
-483
-583
-667
-698
-715
-774
-890
-948
-904
-830
-873
-974
-1026
-969
-837
-778
-778
-829
-748
-683
-660
-628
-557
-440
-374
-366
-352
-334
-232
-118
-50
-59
-81
56
234
414
453
410
415
514
618
591
494
521
633
710
572
398
327
406
500
411
325
264
347
395
337
260
180
223
221
239
210
210
240
222
204
208
250
260
262
205
156
212
243
287
225
190
212
215
240
157
105
21
25
59
15
-57
-115
-49
-1
-52
-157
-239
-243
-245
-314
-335
-335
-293
-382
-521
-559
-569
-522
-621
-670
-699
-638
-670
-770
-751
-661
-523
-547
-629
-595
-530
-388
-282
-288
-302
-300
-250
-218
-156
-32
94
137
101
161
267
464
612
568
507
488
599
802
892
847
814
840
927
916
871
833
859
872
775
669
611
660
715
610
411
235
233
321
289
146
-17
-65
-77
-140
-237
-301
-267
-264
-356
-462
-478
-423
-416
-512
-682
-697
-634
-583
-587
-613
-598
-607
-602
-606
-567
-476
-482
-554
-595
-548
-442
-443
-516
-583
-494
-427
-450
-497
-527
-398
-226
-250
-408
-458
-316
-91
-63
-204
-261
-98
90
92
-49
-83
51
184
117
14
88
317
369
270
196
324
615
734
695
639
793
1009
1058
967
908
1020
1193
1220
1130
1065
1117
1225
1201
1113
1066
1060
1129
1126
1050
946
916
828
707
518
342
287
170
51
-93
-227
-286
-422
-585
-770
-841
-867
-995
-1135
-1235
-1208
-1185
-1307
-1436
-1443
-1379
-1318
-1372
-1426
-1377
-1290
-1202
-1158
-1141
-1139
-1125
-1052
-927
-792
-741
-677
-605
-517
-401
-366
-279
-216
-141
-103
-143
-93
-14
103
131
139
152
198
273
322
355
368
410
449
430
415
480
582
695
684
633
673
801
937
1003
989
1019
1138
1197
1141
1095
1143
1245
1276
1203
1117
1084
1181
1235
1195
1054
967
978
985
941
818
752
675
625
517
390
306
242
190
49
-167
-310
-385
-464
-528
-673
-786
-842
-850
-904
-1005
-1092
-1156
-1174
-1222
-1367
-1473
-1474
-1447
-1406
-1454
-1526
-1500
-1384
-1336
-1377
-1401
-1365
-1252
-1190
-1155
-1138
-1067
-994
-947
-955
-982
-870
-723
-595
-511
-483
-381
-234
-72
13
65
117
214
295
350
457
584
705
773
817
870
908
1010
1058
1108
1171
1225
1305
1339
1409
1488
1538
1515
1446
1446
1488
1508
1461
1347
1271
1225
1231
1223
1187
1195
1188
1150
1034
1011
953
877
806
657
587
486
442
406
275
129
-42
-144
-235
-291
-350
-502
-610
-718
-744
-773
-839
-917
-1031
-1139
-1202
-1222
-1218
-1264
-1337
-1437
-1508
-1527
-1519
-1500
-1517
-1563
-1672
-1751
-1739
-1635
-1570
-1583
-1611
-1574
-1434
-1279
-1256
-1249
-1183
-1018
-858
-762
-725
-591
-376
-253
-217
-161
15
271
438
479
485
568
778
936
1006
1022
1095
1256
1346
1339
1359
1451
1581
1620
1596
1602
1657
1733
1765
1684
1584
1560
1551
1567
1504
1399
1352
1294
1257
1181
1094
1035
968
906
821
686
595
552
454
347
216
36
-81
-141
-200
-279
-425
-523
-570
-555
-567
-658
-765
-867
-905
-942
-991
-1077
-1161
-1169
-1173
-1266
-1394
-1480
-1481
-1449
-1451
-1522
-1556
-1494
-1434
-1462
-1565
-1571
-1483
-1423
-1433
-1473
-1450
-1350
-1233
-1193
-1165
-1110
-970
-818
-719
-630
-485
-278
-106
-7
75
179
349
531
629
696
716
854
1007
1126
1178
1192
1297
1387
1466
1521
1582
1662
1692
1703
1707
1705
1708
1741
1746
1686
1622
1514
1462
1428
1361
1271
1102
1034
982
965
917
812
744
634
551
488
406
294
159
25
-83
-175
-266
-354
-397
-376
-412
-530
-585
-587
-569
-656
-759
-899
-950
-924
-972
-1046
-1100
-1078
-1102
-1150
-1190
-1177
-1129
-1143
-1202
-1234
-1224
-1199
-1197
-1229
-1231
-1188
-1188
-1175
-1157
-1141
-1093
-1098
-1090
-1027
-931
-847
-782
-769
-697
-566
-444
-329
-256
-185
-83
32
92
124
188
306
448
563
646
739
857
970
1070
1138
1142
1166
1204
1286
1356
1391
1396
1424
1444
1477
1502
1506
1491
1449
1402
1341
1338
1322
1268
1160
1065
1001
948
831
684
588
511
429
375
320
222
151
50
-67
-169
-269
-343
-409
-493
-571
-656
-697
-769
-849
-901
-933
-940
-1005
-1082
-1116
-1108
-1096
-1096
-1126
-1112
-1113
-1101
-1115
-1169
-1123
-1116
-1074
-1106
-1117
-1057
-972
-888
-911
-899
-864
-814
-781
-800
-744
-657
-553
-496
-509
-434
-314
-176
-120
-64
50
189
285
349
458
538
693
747
769
825
917
1004
983
962
998
1115
1147
1157
1137
1165
1209
1235
1237
1218
1238
1217
1163
1157
1131
1111
1029
907
863
806
722
611
503
459
420
355
259
168
162
132
56
-63
-115
-86
-81
-176
-273
-305
-298
-314
-403
-456
-462
-482
-525
-618
-686
-708
-716
-737
-779
-801
-804
-805
-782
-800
-878
-939
-932
-879
-886
-931
-975
-947
-914
-907
-937
-941
-896
-867
-888
-902
-813
-728
-655
-639
-618
-503
-424
-362
-315
-246
-121
-37
-6
80
203
309
403
419
490
605
645
652
667
732
843
876
874
836
845
919
922
916
910
921
937
970
945
918
899
874
888
899
883
796
795
827
837
780
654
584
583
594
551
464
438
434
352
285
221
220
194
101
-11
-115
-146
-165
-263
-407
-504
-561
-565
-616
-697
-807
-895
-930
-980
-1014
-1060
-1098
-1064
-1083
-1118
-1153
-1151
-1070
-1048
-1044
-1007
-979
-911
-843
-786
-762
-714
-617
-553
-484
-495
-420
-331
-216
-141
-129
-63
14
96
124
137
160
215
275
272
284
339
431
494
511
514
524
548
593
624
661
689
690
670
649
688
706
695
675
644
681
698
717
728
713
681
662
629
595
594
551
551
534
486
449
418
371
373
318
247
235
216
226
197
163
131
57
8
-50
-96
-96
-131
-182
-229
-286
-306
-346
-415
-504
-566
-594
-664
-691
-696
-662
-663
-728
-729
-674
-641
-633
-648
-662
-664
-638
-645
-687
-635
-582
-579
-636
-680
-650
-544
-514
-545
-539
-457
-351
-322
-341
-289
-195
-108
-38
-10
80
160
216
239
229
237
272
342
367
368
356
350
383
417
475
503
471
491
496
517
476
432
457
498
527
509
474
513
551
558
500
447
494
552
564
509
469
467
486
508
487
425
417
377
315
272
221
169
128
104
48
-27
-84
-139
-195
-266
-328
-376
-377
-379
-404
-432
-489
-469
-492
-528
-563
-592
-566
-577
-606
-609
-579
-537
-552
-600
-621
-638
-577
-513
-484
-455
-403
-322
-248
-202
-178
-137
-62
-38
-6
20
52
94
114
107
89
102
104
139
157
184
225
234
235
287
282
256
260
296
334
371
416
454
473
473
435
402
408
444
468
450
440
399
391
411
371
331
284
255
235
207
201
198
228
205
151
104
68
94
85
51
20
8
-30
-91
-139
-156
-160
-207
-264
-319
-332
-320
-313
-341
-401
-418
-426
-403
-434
-496
-496
-491
-444
-430
-438
-436
-432
-403
-416
-431
-434
-369
-338
-338
-358
-344
-293
-214
-184
-199
-181
-142
-93
-95
-93
-67
-55
-63
-10
47
104
202
232
272
272
228
220
225
254
272
284
269
296
339
355
349
407
427
448
465
496
548
583
608
534
472
440
452
490
428
379
383
395
394
370
321
268
238
218
176
168
153
135
61
-17
-59
-113
-192
-295
-356
-419
-428
-489
-551
-545
-482
-464
-517
-531
-487
-400
-356
-381
-403
-384
-311
-276
-248
-223
-200
-125
-93
-101
-114
-61
-18
21
-4
-44
13
67
95
48
-32
-57
-36
-12
-27
-66
-56
-40
-66
-98
-123
-53
-9
-44
-98
-171
-178
-183
-200
-245
-235
-189
-132
-125
-127
-66
-26
11
26
95
177
229
301
338
381
428
424
435
471
543
558
523
530
569
617
604
508
442
468
482
432
362
333
313
267
190
122
76
31
-49
-152
-231
-258
-263
-317
-347
-398
-429
-449
-501
-549
-556
-579
-641
-650
-622
-544
-502
-462
-440
-382
-305
-341
-360
-297
-237
-237
-247
-278
-191
-118
-96
-89
-109
-33
9
6
-28
-18
-3
9
-29
-17
41
107
135
125
148
194
238
253
297
331
366
354
364
370
356
358
341
344
378
382
396
381
386
413
415
442
439
440
477
482
461
427
413
372
352
322
291
270
236
246
201
134
100
41
-27
-79
-168
-212
-260
-283
-347
-393
-407
-476
-479
-525
-546
-541
-551
-567
-607
-621
-594
-588
-581
-605
-608
-559
-528
-507
-490
-445
-370
-327
-323
-287
-246
-222
-215
-195
-161
-114
-64
-51
-46
-5
5
34
75
94
144
221
245
275
313
323
317
335
353
359
367
380
365
377
383
363
352
367
395
398
383
372
416
468
468
420
422
413
433
467
460
448
434
450
430
381
346
364
339
279
200
93
48
-5
-64
-101
-194
-241
-256
-275
-279
-324
-351
-375
-366
-367
-396
-398
-411
-418
-425
-430
-429
-439
-472
-505
-528
-541
-519
-477
-449
-472
-475
-480
-467
-450
-447
-412
-395
-366
-345
-309
-278
-257
-255
-266
-271
-252
-220
-194
-145
-134
-94
-56
12
91
141
166
197
264
300
349
415
432
457
460
475
506
525
566
569
561
555
600
616
638
686
713
723
721
689
688
700
691
673
595
559
530
513
483
425
414
386
332
227
152
146
80
19
-69
-147
-195
-218
-277
-356
-415
-464
-521
-607
-659
-697
-673
-700
-764
-819
-831
-820
-792
-796
-836
-814
-805
-769
-765
-773
-787
-755
-765
-726
-628
-557
-433
-411
-335
-301
-247
-159
-128
-52
-29
-6
33
89
119
135
138
156
178
239
326
319
363
398
435
469
506
535
546
563
584
595
620
633
626
648
618
621
663
647
691
706
723
729
699
689
660
618
580
569
537
494
472
420
389
389
324
283
220
141
90
31
17
-54
-110
-184
-216
-257
-300
-337
-415
-461
-541
-588
-642
-662
-693
-729
-717
-728
-749
-776
-713
-714
-681
-664
-682
-693
-673
-678
-674
-624
-622
-605
-586
-538
-485
-478
-450
-432
-372
-342
-308
-262
-224
-170
-159
-161
-134
-48
28
80
88
130
162
159
200
226
251
275
310
361
413
447
482
527
531
559
602
662
720
756
791
765
771
787
780
806
798
810
778
790
793
753
722
715
674
621
567
503
477
416
381
308
207
180
122
60
-12
-72
-155
-221
-282
-346
-382
-459
-553
-634
-686
-730
-767
-821
-886
-923
-934
-975
-973
-957
-950
-921
-884
-886
-849
-788
-747
-683
-648
-646
-622
-567
-539
-444
-408
-356
-257
-212
-132
-78
-20
23
62
92
126
207
244
319
335
321
330
352
366
398
409
463
505
493
502
504
536
555
557
580
580
658
716
762
807
804
788
758
766
754
764
726
724
660
615
631
599
582
525
448
372
287
248
185
124
27
-43
-71
-130
-181
-254
-325
-401
-509
-561
-612
-665
-699
-728
-795
-837
-904
-920
-945
-964
-921
-943
-939
-968
-939
-904
-855
-819
-771
-707
-695
-614
-584
-541
-453
-389
-358
-315
-258
-206
-123
-108
-91
-42
26
77
131
159
191
267
313
381
401
427
471
487
498
516
568
607
657
653
676
710
688
681
690
666
666
672
660
661
675
698
678
655
619
577
553
535
503
465
453
435
389
345
302
249
212
152
95
80
24
-1
12
-41
-72
-96
-152
-191
-228
-260
-289
-365
-412
-420
-451
-502
-552
-627
-674
-729
-749
-808
-831
-829
-854
-860
-894
-889
-858
-862
-862
-855
-855
-760
-724
-649
-611
-582
-478
-447
-385
-323
-262
-217
-167
-121
-42
19
132
202
243
307
380
430
462
505
530
570
597
632
619
659
655
656
678
661
681
684
700
719
744
767
758
752
718
696
654
606
618
620
603
575
532
478
426
398
391
335
315
238
187
166
121
98
55
-14
-73
-134
-199
-235
-271
-279
-331
-392
-470
-523
-525
-531
-554
-602
-639
-630
-685
-711
-729
-755
-768
-803
-793
-781
-733
-725
-743
-714
-690
-708
-701
-675
-659
-632
-650
-615
-546
-490
-434
-377
-335
-277
-231
-187
-114
-81
8
88
187
246
291
372
422
466
502
558
642
676
705
742
775
803
848
873
886
897
902
908
884
866
823
756
739
694
651
639
622
604
552
495
431
357
328
297
258
235
211
162
89
45
-5
-29
-70
-115
-138
-203
-258
-308
-348
-362
-390
-433
-460
-488
-514
-557
-587
-649
-699
-725
-792
-798
-803
-804
-823
-854
-852
-816
-807
-789
-749
-755
-737
-686
-663
-610
-578
-541
-498
-493
-428
-361
-301
-255
-199
-109
-44
40
109
155
209
261
325
374
421
486
528
548
587
591
604
658
679
695
720
762
799
805
831
852
884
871
859
825
821
822
793
767
702
648
623
586
530
483
435
380
297
277
233
198
171
125
38
-19
-69
-141
-194
-245
-298
-347
-359
-390
-436
-461
-509
-524
-554
-615
-642
-686
-716
-736
-766
-793
-797
-823
-810
-780
-781
-743
-725
-713
-698
-648
-601
-579
-518
-485
-430
-404
-375
-389
-386
-370
-374
-356
-341
-290
-239
-185
-156
-151
-111
-82
-13
82
129
184
210
295
384
485
552
569
617
580
591
617
670
720
772
777
818
828
856
909
882
888
848
821
818
820
804
799
758
693
647
588
532
480
438
396
327
274
218
163
92
39
-4
-68
-126
-175
-221
-268
-310
-378
-411
-481
-511
-536
-572
-587
-636
-662
-714
-742
-765
-766
-759
-811
-822
-777
-731
-726
-757
-779
-772
-773
-701
-658
-622
-542
-514
-479
-444
-430
-410
-341
-321
-321
-239
-145
-68
27
37
70
114
152
221
222
259
275
328
370
380
415
421
444
456
465
506
567
628
658
623
604
603
591
594
593
611
619
623
595
576
581
585
581
554
538
523
529
538
535
479
444
411
341
283
229
229
225
201
179
141
121
74
9
-65
-133
-155
-218
-307
-380
-458
-555
-612
-688
-754
-770
-802
-799
-833
-839
-831
-859
-833
-840
-829
-786
-767
-759
-724
-714
-669
-632
-610
-607
-601
-555
-536
-494
-464
-391
-320
-267
-189
-144
-87
-22
-9
39
96
124
185
247
283
336
356
429
493
544
613
621
669
692
705
696
678
680
665
686
683
678
688
711
714
714
730
698
670
645
649
616
565
530
484
470
429
401
352
322
302
253
225
174
129
43
2
-39
-80
-112
-165
-176
-198
-246
-295
-320
-382
-418
-487
-537
-613
-690
-700
-715
-747
-752
-795
-843
-883
-890
-869
-827
-794
-783
-794
-782
-756
-720
-648
-642
-606
-568
-523
-452
-396
-335
-289
-245
-206
-165
-69
0
42
76
123
160
215
231
257
269
308
362
369
409
478
519
527
512
522
538
561
607
591
604
610
593
592
616
613
616
633
609
590
595
641
675
650
617
587
557
561
591
563
556
507
460
400
341
299
236
181
112
60
27
-24
-47
-100
-165
-250
-353
-420
-469
-501
-554
-573
-616
-645
-643
-677
-701
-743
-757
-744
-727
-703
-699
-648
-660
-649
-644
-605
-580
-555
-518
-496
-450
-428
-417
-377
-323
-297
-270
-280
-242
-207
-180
-114
-75
-68
-49
-25
-15
41
91
128
168
194
246
298
331
399
437
472
496
509
560
605
616
621
631
601
595
562
549
515
487
493
492
456
411
427
396
400
382
344
321
312
285
263
224
188
162
120
84
73
58
38
33
-20
-65
-89
-111
-148
-170
-221
-279
-306
-351
-368
-386
-400
-416
-452
-456
-462
-481
-485
-500
-537
-552
-545
-557
-552
-566
-563
-562
-534
-493
-438
-405
-357
-321
-347
-330
-265
-217
-161
-131
-94
-46
-21
26
62
99
130
134
155
183
218
249
246
261
257
284
337
388
443
450
467
464
441
447
473
471
471
497
476
465
472
462
492
488
462
426
421
400
359
325
286
262
219
190
184
176
134
96
55
24
-12
-19
-42
-93
-124
-180
-203
-237
-242
-244
-268
-262
-300
-312
-322
-339
-399
-417
-436
-447
-421
-416
-427
-454
-483
-515
-516
-514
-507
-462
-445
-463
-430
-412
-391
-370
-350
-293
-224
-183
-160
-104
-80
-39
-22
-32
-14
18
34
72
121
119
136
138
165
187
196
205
223
232
242
257
280
302
323
332
311
348
379
414
422
439
459
420
386
384
370
359
342
344
296
270
275
302
297
223
224
183
196
204
160
173
141
112
122
72
61
15
-24
-63
-125
-109
-125
-130
-176
-225
-208
-235
-243
-227
-248
-204
-213
-262
-266
-273
-280
-305
-344
-394
-394
-369
-376
-358
-356
-367
-399
-432
-408
-416
-391
-336
-304
-271
-201
-177
-149
-121
-88
-64
-33
9
36
40
46
69
69
84
96
100
140
183
193
197
214
195
185
191
175
203
217
250
259
259
267
266
283
277
253
234
233
214
226
248
289
273
274
277
270
297
308
311
314
322
332
356
346
303
258
199
118
66
29
-3
-30
-69
-100
-128
-180
-231
-261
-299
-304
-300
-331
-347
-374
-422
-458
-478
-464
-449
-424
-364
-340
-302
-286
-280
-285
-270
-265
-285
-258
-243
-236
-231
-201
-178
-161
-163
-162
-185
-180
-135
-122
-83
-50
-9
12
38
48
61
96
146
157
145
164
163
175
167
154
190
229
276
290
288
316
315
303
290
275
288
298
280
260
238
244
246
238
228
229
236
253
272
283
286
286
247
205
205
178
127
95
48
-14
-15
-59
-98
-139
-164
-193
-200
-194
-193
-200
-228
-219
-241
-251
-254
-256
-273
-283
-272
-277
-236
-196
-207
-218
-209
-217
-235
-215
-198
-176
-116
-105
-95
-94
-92
-80
-91
-92
-103
-75
-73
-56
-31
-26
-8
6
10
29
55
43
37
35
27
32
40
52
100
94
120
166
162
186
209
236
222
211
188
178
166
160
166
179
174
177
186
166
181
174
196
223
232
220
230
222
180
181
171
154
132
111
85
61
46
-3
-43
-103
-164
-153
-187
-220
-206
-248
-262
-260
-298
-311
-333
-323
-363
-393
-366
-350
-334
-310
-269
-230
-209
-180
-152
-115
-72
-32
28
41
51
67
79
79
73
46
54
57
49
37
14
33
11
2
-5
-42
-64
-53
-47
-35
-53
-56
-54
-66
-45
-22
-7
4
6
29
31
56
62
72
102
111
151
175
205
240
270
278
307
305
268
268
254
246
226
263
285
271
276
273
251
223
205
203
198
192
155
126
120
111
97
71
60
41
12
-14
-30
-46
-61
-70
-106
-152
-195
-216
-215
-226
-225
-241
-248
-281
-286
-281
-298
-304
-318
-330
-326
-358
-363
-329
-326
-309
-280
-299
-309
-324
-326
-295
-295
-278
-235
-203
-159
-154
-111
-50
-23
14
16
27
32
40
61
62
87
127
150
191
191
225
247
231
203
208
242
249
278
285
298
312
308
314
328
316
320
310
317
314
303
287
283
283
258
251
243
201
185
174
137
131
116
55
16
-5
-39
-59
-90
-103
-96
-116
-131
-166
-197
-203
-207
-208
-208
-198
-207
-227
-229
-300
-310
-313
-329
-293
-305
-282
-234
-241
-254
-244
-234
-245
-247
-256
-272
-273
-246
-246
-251
-248
-237
-232
-222
-206
-184
-108
-56
-15
11
43
83
113
151
176
212
245
298
318
321
333
310
317
318
320
336
320
327
335
341
346
354
369
347
320
305
288
275
267
236
253
238
208
201
161
151
134
104
80
59
25
-13
-48
-82
-127
-135
-154
-172
-179
-195
-180
-183
-173
-181
-199
-209
-208
-221
-222
-214
-237
-273
-278
-273
-283
-245
-223
-199
-144
-149
-153
-125
-129
-107
-105
-99
-117
-144
-173
-164
-138
-139
-133
-138
-153
-187
-195
-172
-166
-144
-96
-73
-56
-21
3
18
48
75
86
108
124
132
159
185
185
181
192
197
200
220
206
220
235
240
237
230
235
227
235
208
208
230
211
207
208
210
191
194
179
153
123
98
75
27
1
8
-4
-8
-8
-25
-23
-17
-7
-32
-36
-60
-97
-95
-117
-124
-108
-105
-82
-75
-90
-97
-126
-118
-125
-132
-127
-131
-165
-190
-209
-232
-242
-236
-203
-192
-183
-178
-170
-175
-204
-214
-212
-210
-206
-199
-204
-214
-183
-171
-173
-168
-156
-145
-143
-131
-114
-94
-70
-32
8
44
73
125
158
180
198
216
241
259
286
292
301
314
302
321
313
357
360
362
368
344
354
368
347
329
335
304
272
256
214
198
207
173
155
146
140
146
116
113
101
96
60
13
-12
-38
-54
-89
-117
-144
-160
-176
-186
-228
-232
-252
-274
-271
-266
-279
-278
-275
-277
-276
-292
-302
-303
-294
-284
-272
-301
-312
-333
-353
-336
-334
-303
-265
-256
-254
-259
-239
-207
-161
-126
-106
-55
-23
19
46
33
48
47
56
69
62
64
109
114
101
143
153
172
199
220
242
271
288
300
304
315
332
327
300
285
247
215
210
197
202
221
225
232
247
249
266
262
239
193
170
134
104
92
72
49
18
11
-10
-17
3
11
-5
-9
-60
-97
-141
-192
-217
-230
-235
-259
-277
-299
-323
-368
-377
-383
-401
-362
-368
-363
-331
-358
-344
-333
-313
-282
-276
-232
-209
-220
-167
-144
-112
-117
-134
-136
-129
-74
-4
54
106
122
139
171
167
177
187
221
230
233
261
294
310
321
314
305
298
289
286
305
306
325
314
304
280
247
243
228
244
229
233
243
230
205
204
181
196
192
179
168
155
151
137
140
117
52
30
-22
-48
-65
-89
-81
-113
-105
-121
-146
-146
-155
-165
-192
-212
-229
-250
-251
-284
-307
-332
-335
-341
-333
-336
-357
-369
-367
-372
-359
-355
-362
-341
-346
-328
-312
-272
-268
-250
-233
-208
-175
-173
-158
-150
-134
-98
-66
-28
4
45
79
106
136
162
209
218
229
235
230
247
259
277
295
271
277
270
252
280
250
244
237
229
224
206
210
199
173
177
199
177
169
147
124
122
110
98
104
105
85
95
97
96
91
117
133
161
167
170
155
101
87
62
38
20
4
-22
-39
-51
-61
-75
-89
-95
-119
-141
-181
-240
-250
-273
-308
-314
-315
-337
-352
-359
-366
-370
-353
-369
-374
-352
-324
-293
-278
-246
-238
-200
-178
-175
-153
-151
-128
-94
-54
-40
-13
13
28
54
81
130
142
179
212
241
270
300
321
318
333
320
306
289
253
248
254
263
273
258
272
294
284
286
288
280
280
267
252
247
240
253
240
214
196
189
165
135
102
78
57
23
-13
-49
-87
-119
-131
-152
-157
-156
-181
-207
-232
-266
-266
-275
-297
-297
-316
-332
-335
-343
-353
-372
-389
-412
-408
-419
-423
-433
-430
-436
-393
-351
-341
-307
-286
-246
-227
-191
-171
-148
-109
-57
-8
41
99
130
161
172
195
210
217
219
217
263
314
338
353
366
353
368
367
357
331
320
310
272
244
215
201
226
213
224
246
228
238
215
233
228
194
190
163
149
128
105
91
70
44
27
15
-3
-22
-42
-57
-83
-103
-118
-122
-150
-162
-174
-176
-173
-193
-206
-238
-276
-314
-305
-286
-259
-258
-258
-232
-218
-207
-212
-197
-187
-176
-187
-181
-146
-152
-153
-136
-155
-155
-144
-130
-114
-100
-71
-78
-71
-56
-46
-38
-16
-1
23
49
66
87
120
140
139
143
168
202
256
284
318
322
333
317
332
341
324
338
310
292
288
284
277
267
255
237
217
194
176
141
131
115
88
94
90
111
98
80
64
49
28
12
12
-29
-56
-77
-111
-122
-131
-146
-159
-187
-198
-201
-217
-214
-211
-242
-232
-236
-251
-258
-299
-308
-335
-354
-351
-372
-379
-382
-380
-385
-387
-363
-347
-308
-264
-234
-212
-189
-165
-144
-106
-80
-69
-54
-56
-37
-2
25
51
80
107
106
143
158
198
211
210
208
189
225
233
252
261
261
262
247
269
277
255
249
233
226
233
226
250
243
247
255
228
209
197
201
184
184
175
150
158
133
103
114
110
107
117
110
104
99
76
69
66
42
42
32
13
8
6
-9
-36
-50
-71
-104
-127
-170
-192
-238
-247
-244
-278
-304
-339
-353
-391
-393
-385
-385
-387
-374
-362
-338
-288
-261
-230
-233
-236
-240
-200
-165
-150
-109
-103
-100
-71
-14
14
57
61
41
47
45
60
61
86
83
73
94
107
106
129
165
187
194
184
176
171
165
157
160
170
183
214
232
259
295
300
319
321
310
315
294
291
277
260
239
229
208
185
173
148
143
141
116
88
58
2
-32
-67
-80
-101
-92
-118
-144
-151
-192
-193
-211
-216
-206
-210
-220
-207
-206
-188
-179
-194
-187
-211
-248
-275
-265
-257
-271
-281
-289
-290
-284
-271
-240
-237
-235
-216
-223
-196
-199
-180
-169
-169
-154
-118
-94
-89
-54
-54
-48
-42
-34
12
53
70
89
115
127
153
203
231
259
284
305
304
310
328
334
327
326
341
337
340
351
356
382
380
377
360
328
296
266
253
226
188
167
164
164
155
133
116
89
51
20
-2
-25
-50
-81
-114
-147
-142
-141
-143
-156
-173
-177
-179
-175
-181
-193
-205
-234
-254
-267
-251
-264
-280
-287
-301
-286
-299
-311
-317
-340
-348
-350
-354
-326
-318
-312
-308
-300
-286
-274
-277
-258
-225
-218
-198
-171
-137
-90
-65
-33
5
42
91
124
170
192
206
230
268
303
331
374
400
405
397
396
390
389
395
362
343
313
287
284
288
278
264
264
256
252
263
265
251
252
247
221
201
194
169
137
109
66
24
-7
-43
-65
-83
-119
-145
-153
-163
-172
-186
-185
-189
-199
-181
-191
-216
-237
-253
-248
-238
-244
-257
-259
-261
-265
-268
-276
-272
-273
-290
-303
-298
-287
-275
-238
-208
-182
-154
-129
-96
-118
-109
-82
-76
-43
-27
-13
4
42
40
58
83
92
101
93
103
92
77
106
106
136
195
228
266
288
280
267
263
266
236
238
235
233
233
221
217
203
181
163
159
129
117
107
105
105
96
94
68
59
47
40
45
42
35
10
1
-18
-12
-25
-25
1
4
-11
-15
-25
-53
-63
-87
-98
-120
-125
-135
-155
-154
-146
-149
-176
-156
-159
-169
-173
-196
-196
-206
-233
-231
-214
-219
-222
-214
-215
-247
-262
-252
-253
-248
-243
-231
-207
-178
-169
-136
-82
-54
-22
0
22
34
46
61
89
116
149
171
182
168
184
201
206
233
239
251
265
292
293
310
306
279
289
270
247
240
255
257
254
241
229
203
183
174
152
139
120
96
105
113
80
42
26
-18
-47
-58
-75
-88
-105
-110
-129
-117
-125
-114
-134
-138
-142
-165
-137
-160
-173
-185
-213
-213
-230
-228
-222
-200
-176
-183
-186
-195
-215
-221
-236
-238
-246
-254
-237
-228
-186
-159
-157
-154
-148
-148
-128
-110
-91
-64
-49
-39
-29
-26
-18
-7
-2
24
28
62
107
125
142
172
202
224
237
252
279
285
289
290
290
280
265
255
254
263
252
254
258
259
246
215
225
199
165
159
156
136
126
135
116
82
65
63
56
59
35
38
45
33
27
-2
-29
-57
-85
-84
-72
-66
-77
-89
-102
-121
-142
-173
-168
-191
-182
-184
-185
-204
-221
-235
-268
-288
-296
-296
-305
-302
-319
-315
-315
-295
-294
-283
-277
-247
-223
-219
-197
-149
-102
-71
-42
-30
-19
-12
-16
6
36
60
88
111
146
176
224
264
270
299
323
359
385
372
365
335
320
292
257
245
229
210
190
175
139
126
113
90
86
58
48
40
23
15
14
-3
-5
-41
-46
-62
-76
-86
-92
-83
-92
-102
-97
-101
-119
-127
-122
-114
-124
-108
-131
-137
-138
-163
-171
-175
-196
-202
-204
-222
-203
-198
-179
-146
-117
-79
-65
-40
-28
-33
-23
-12
-35
-51
-50
-48
-50
-29
1
22
49
56
73
82
100
107
109
116
121
103
100
112
114
134
148
159
172
189
165
169
170
158
185
161
150
144
158
157
150
135
125
130
138
157
130
112
80
37
47
68
83
88
77
56
44
26
10
-8
-13
-28
-37
-54
-82
-107
