-125
-99
-96
-71
-41
-34
-44
-59
-59
-101
-83
-84
-68
-58
-48
-30
-17
-24
-28
13
9
47
40
39
26
11
16
17
-3
-4
-3
27
48
35
28
21
1
-43
-42
-41
-19
-5
20
32
42
77
62
57
48
34
28
44
53
62
62
64
45
26
26
-11
-35
-70
-100
-98
-89
-70
-83
-68
-70
-76
-74
-51
-38
-42
-42
-61
-56
-80
-75
-63
-71
-52
-45
-26
3
31
34
31
49
44
40
44
42
27
45
70
60
85
111
117
76
59
42
2
-19
-27
-15
-6
1
11
-15
-21
-30
-18
-7
2
17
2
11
3
14
48
64
54
68
56
31
27
11
-15
-25
-40
-28
-44
-46
-22
-28
-4
-8
7
27
12
-17
-39
-61
-70
-73
-70
-57
-92
-88
-47
-28
-10
-12
-33
-43
-85
-107
-121
-125
-87
-83
-68
-73
-68
-81
-56
-13
7
21
5
0
-12
-10
26
55
92
108
108
82
65
51
31
27
16
13
-9
0
26
45
47
45
51
58
64
48
55
75
88
107
93
104
95
77
86
82
81
104
124
136
142
115
135
107
120
106
78
80
81
81
76
78
75
82
70
62
36
21
-28
-39
-53
-92
-94
-99
-102
-111
-106
-116
-84
-66
-41
-13
6
-25
-76
-83
-109
-112
-111
-98
-110
-120
-142
-178
-186
-182
-181
-157
-124
-110
-115
-86
-74
-74
-59
-67
-55
-45
-59
-50
-44
-59
-51
-37
-40
-64
-85
-101
-115
-108
-87
-81
-50
-42
-28
-30
-18
-17
-9
2
-15
-14
2
24
41
33
24
14
0
1
6
4
18
38
48
61
65
78
91
114
144
160
163
177
170
155
142
133
107
114
130
144
157
149
125
114
91
60
39
39
52
53
53
39
39
24
36
36
16
16
8
16
8
10
21
10
-19
-34
-29
-16
-9
-3
-15
-17
-5
11
41
38
65
85
113
126
143
159
172
151
114
89
55
46
30
5
-22
-41
-66
-92
-100
-120
-117
-118
-129
-114
-113
-95
-95
-92
-82
-84
-90
-93
-104
-113
-106
-129
-141
-158
-179
-208
-214
-222
-226
-202
-175
-132
-109
-68
-36
-32
-21
-21
-23
-49
-44
-40
-57
-57
-70
-55
-54
-41
-27
-24
-22
-1
14
13
3
11
18
30
53
62
108
130
141
157
141
147
130
138
117
103
91
89
116
102
90
84
80
74
62
65
71
82
77
95
89
92
103
72
72
82
86
114
110
89
83
64
54
46
53
54
49
52
40
24
15
-3
-12
-32
-56
-46
-47
-41
-47
-50
-74
-120
-140
-148
-164
-144
-142
-148
-146
-153
-146
-142
-149
-127
-118
-103
-59
-59
-15
-18
-25
-10
-30
-25
-29
-20
-19
-13
-18
2
29
50
89
104
131
144
162
185
185
192
203
205
218
230
234
213
171
134
101
60
10
-31
-54
-97
-119
-150
-149
-148
-159
-171
-168
-135
-122
-103
-101
-138
-172
-166
-210
-228
-226
-229
-232
-238
-199
-170
-164
-157
-134
-120
-107
-80
-83
-53
-37
-34
-24
13
43
82
132
131
148
143
131
148
141
130
138
138
132
134
137
128
125
142
134
139
118
98
89
69
63
25
48
49
25
42
18
-7
-27
-34
-6
0
13
5
0
0
-8
-15
-21
1
24
33
49
78
90
107
105
119
129
124
139
139
136
110
79
64
77
68
55
30
6
-8
-15
-40
-70
-82
-80
-64
-69
-55
-53
-74
-96
-129
-135
-160
-152
-153
-146
-126
-134
-105
-122
-113
-121
-115
-110
-113
-129
-103
-98
-104
-90
-100
-88
-97
-66
-45
-58
-36
-15
8
13
20
41
63
74
83
88
106
135
135
125
118
132
123
119
122
112
123
150
153
164
143
126
105
110
112
103
83
75
59
29
18
17
6
-9
-13
-15
-29
-35
-20
-20
20
7
1
-25
-53
-76
-125
-146
-145
-144
-153
-152
-168
-184
-208
-197
-226
-214
-223
-202
-194
-193
-179
-180
-138
-139
-124
-99
-103
-103
-103
-80
-55
-37
7
51
71
70
92
92
90
81
83
85
64
85
81
99
107
111
133
137
157
182
195
209
204
229
248
229
242
242
250
270
266
276
236
198
175
146
72
68
78
81
114
113
106
119
111
87
42
-2
-56
-107
-117
-141
-154
-173
-180
-201
-208
-192
-190
-190
-154
-148
-168
-166
-164
-165
-170
-143
-134
-132
-128
-111
-118
-113
-91
-84
-95
-88
-92
-96
-66
-85
-83
-92
-104
-85
-90
-96
-88
-64
-58
-42
-27
-13
4
26
40
61
91
105
113
116
92
90
83
67
80
66
65
43
28
29
21
15
32
42
25
42
34
21
-15
-21
-30
-34
-9
-3
39
36
31
33
-6
-8
-12
-4
8
8
48
76
120
155
172
200
202
179
185
155
102
89
52
34
27
7
12
2
-10
-16
-24
-28
-24
-23
-20
-40
-61
-76
-83
-110
-115
-118
-125
-133
-129
-128
-137
-129
-144
-159
-146
-158
-161
-155
-142
-130
-123
-111
-119
-109
-82
-66
-55
-34
-8
2
-5
-11
1
1
20
58
77
124
172
196
203
184
175
158
137
137
115
91
75
59
85
79
75
82
85
79
73
77
82
101
108
117
124
115
105
83
100
106
125
120
101
77
45
29
22
16
7
6
-4
-11
-12
0
-14
-38
-68
-78
-98
-98
-103
-124
-98
-118
-119
-121
-118
-113
-116
-126
-137
-149
-151
-112
-82
-97
-83
-58
-58
-50
-63
-79
-94
-88
-77
-53
-57
-55
-40
-33
-1
22
15
2
-8
-8
1
-28
-32
-47
-41
-29
-28
-5
2
3
38
53
56
65
79
76
58
48
34
29
39
40
30
27
6
23
27
23
26
47
64
61
55
56
54
45
56
62
60
9
-21
-62
-98
-85
-75
-41
-5
13
41
57
73
80
73
44
8
20
6
10
30
52
71
73
68
50
62
40
22
26
23
4
5
30
26
39
55
33
16
-4
-18
-57
-93
-114
-95
-111
-120
-122
-114
-97
-101
-88
-80
-59
-55
-52
-39
-31
-46
-51
-55
-34
-27
-55
-33
-53
-32
-15
-7
0
14
38
51
94
123
164
184
217
211
221
229
184
139
99
69
31
36
31
30
23
26
55
71
57
57
56
43
53
54
54
47
13
3
-15
-35
-53
-47
-70
-86
-79
-92
-93
-95
-106
-114
-112
-140
-179
-206
-241
-262
-294
-282
-271
-217
-211
-194
-166
-164
-135
-146
-120
-120
-92
-94
-108
-104
-100
-98
-87
-68
-51
-18
-22
-2
36
88
135
156
168
188
210
233
254
260
283
260
283
283
292
284
254
261
231
222
205
176
134
121
98
84
70
24
-40
-110
-105
-120
-151
-109
-93
-48
-42
-26
-33
-39
-42
-47
-16
-18
9
4
-13
1
7
5
-8
-31
-36
-7
-27
2
19
31
47
56
52
31
60
70
87
80
54
35
-26
-61
-77
-102
-110
-106
-126
-153
-186
-176
-133
-137
-118
-82
-50
-34
-33
-31
-41
-21
-46
-50
-53
-38
-3
0
20
40
26
70
77
101
121
164
168
147
149
160
156
162
142
129
122
70
44
5
-29
-30
-69
-99
-136
-131
-115
-102
-99
-124
-116
-123
-140
-157
-164
-158
-132
-105
-110
-92
-101
-88
-72
-108
-93
-61
-28
-10
-12
8
-2
-17
-24
6
-6
14
20
39
65
45
23
-16
7
24
35
16
-20
5
8
42
20
17
37
31
-3
-27
-24
-30
-29
-55
-80
-54
-35
-28
-22
13
56
121
105
119
124
167
169
117
111
139
187
175
176
208
228
233
162
155
168
155
158
119
143
122
97
76
92
54
49
33
-26
-44
-98
-104
-85
-110
-160
-184
-230
-212
-176
-177
-92
-100
-46
-26
-50
-76
-147
-121
-97
-64
-55
-20
5
-2
1
-9
-1
16
35
-6
-5
-24
-67
-95
-61
-87
-110
-93
-75
-37
-36
-61
-46
-26
-58
-58
-42
-4
51
10
13
28
50
87
75
60
23
19
2
-1
12
37
41
28
9
0
-5
-27
5
16
38
-10
-5
20
19
5
-35
-10
-26
-22
4
0
-16
-63
-44
-13
-32
-84
-65
-27
-5
-11
-93
-62
29
4
-41
-89
-40
42
-65
-129
-109
-57
-51
-147
-193
-112
-47
8
-16
0
67
112
75
28
73
153
247
176
146
269
333
298
169
151
262
248
147
55
133
165
92
20
-33
66
51
-26
-20
20
38
-11
-56
-87
-86
-45
-55
-70
-38
-47
-61
-110
-94
-116
-179
-218
-220
-197
-178
-195
-213
-186
-145
-131
-95
-93
-95
-43
-50
-19
16
48
110
102
150
168
178
236
273
314
309
294
323
321
327
319
308
299
310
290
241
216
200
167
159
107
77
57
53
-11
-76
-143
-251
-271
-314
-323
-376
-416
-377
-415
-410
-434
-448
-424
-426
-449
-462
-416
-485
-400
-325
-286
-275
-460
-482
-381
-353
-432
-552
-559
-427
-449
-513
-517
-451
-301
-211
-277
-255
-170
22
187
153
150
394
648
754
631
704
995
1068
1032
893
979
1214
1156
1093
930
1111
1214
1135
1009
954
1097
1138
1172
1004
932
989
905
760
569
559
691
591
265
58
58
42
-234
-528
-695
-722
-782
-1024
-1157
-1116
-1060
-1237
-1479
-1498
-1385
-1418
-1606
-1764
-1726
-1629
-1724
-1760
-1726
-1493
-1375
-1760
-1825
-1558
-824
-756
-1409
-1913
-1504
-617
-443
-1083
-1545
-893
114
34
-845
-1198
-242
845
885
-70
-254
585
1598
1492
793
993
1959
2500
1912
1218
1528
2410
2822
2283
1862
1747
2490
2675
2251
1973
1862
2328
2136
1573
1327
1355
1745
1761
1233
745
862
1153
1234
702
332
442
677
346
-298
-577
-234
162
-432
-1339
-1380
-820
-846
-1672
-2053
-1655
-1214
-1651
-2388
-2263
-1679
-1464
-2108
-2515
-2094
-1554
-1624
-2074
-1961
-1546
-1424
-1760
-1929
-1446
-1023
-954
-1523
-1731
-1092
-294
-217
-948
-1468
-972
-232
-43
-665
-1140
-557
353
164
-787
-1223
-332
780
841
-130
-463
354
1327
1293
547
641
1677
2294
1771
988
1412
2373
2722
2102
1757
1792
2182
2160
1902
2030
1805
1856
1732
1656
1679
1304
1299
1584
1528
1031
713
673
1041
954
413
240
522
663
108
-572
-541
103
137
-695
-1235
-928
-365
-653
-1360
-1428
-829
-580
-1335
-1814
-1534
-898
-966
-1634
-1802
-1398
-1067
-1417
-1827
-1544
-1262
-1393
-1819
-1667
-1223
-983
-1176
-1164
-1125
-1076
-864
-337
34
-374
-1340
-1296
-148
367
-416
-1453
-1219
233
436
-833
-1700
-735
736
751
-499
-972
220
1334
996
56
81
1385
2042
1271
485
869
1941
2324
1741
1244
1449
1946
1899
1515
1697
1764
1968
1736
1580
1601
1247
1464
1767
1679
1139
789
902
1192
1045
283
284
591
867
175
-490
-166
528
406
-346
-766
-370
-104
-595
-1156
-1100
-740
-803
-1455
-1769
-1470
-1037
-1337
-1832
-1906
-1508
-1234
-1540
-1885
-1582
-1227
-1351
-1542
-1608
-1328
-1044
-1184
-1268
-976
-1072
-1153
-978
-527
-109
-673
-1477
-1080
-209
77
-583
-1319
-909
201
243
-659
-1511
-987
241
480
-353
-881
-220
818
852
148
29
1133
2004
1438
411
568
1729
2487
2004
1255
1452
2032
2091
1688
1674
2020
2360
2257
1653
1549
1692
2022
2297
1839
1458
1313
1331
1414
1342
949
702
765
724
241
-199
90
537
287
-568
-930
-542
-173
-468
-1259
-1369
-876
-688
-1376
-1915
-1374
-836
-1237
-2074
-2023
-1344
-1094
-1589
-2154
-1912
-1489
-1513
-2007
-2224
-1637
-1196
-1398
-1805
-1668
-1171
-1384
-1818
-1706
-1058
-569
-1151
-1853
-1631
-739
-242
-963
-1789
-1409
-297
43
-753
-1376
-814
424
769
81
-319
351
1496
1627
899
871
1806
2712
2399
1702
1768
2644
3183
2859
2384
2397
2781
2950
2761
2668
2450
2163
2425
2676
2524
1887
1613
2339
2563
1676
719
888
1633
1609
469
-277
321
966
325
-995
-1286
-311
61
-1061
-2084
-1849
-856
-868
-2044
-2805
-2148
-1276
-1767
-3064
-3035
-1922
-1505
-2469
-3165
-2514
-1713
-1921
-2647
-2601
-1734
-1381
-1812
-2217
-1735
-1084
-1203
-1694
-1639
-861
-575
-957
-1362
-1616
-402
82
6
-588
-1218
-343
432
413
-213
-817
-219
1095
1145
-195
-876
41
1723
1781
461
-206
911
2225
2279
1188
885
2328
3188
2585
1266
1408
2746
3233
2880
2080
2074
2357
2436
2369
2176
2280
1920
2018
2184
1944
1444
958
1576
2111
1096
117
95
933
1092
-35
-955
-528
281
-192
-1479
-1750
-824
-36
-1099
-2177
-1774
-984
-1151
-2226
-2590
-1826
-1219
-1704
-2737
-2536
-1619
-1372
-2115
-2658
-1983
-1338
-1630
-2146
-1961
-1281
-1214
-1585
-1724
-1217
-721
-960
-1220
-1125
-729
-470
-598
-460
-991
-864
-207
288
515
-926
-1236
-135
701
509
-785
-1096
479
1512
488
-966
-786
885
1905
924
-120
221
1427
1965
1393
672
1338
2262
2513
1785
1283
1843
2446
2758
2522
1952
1955
2026
2398
2483
2166
1741
1725
2279
2160
1440
860
1202
2119
1673
464
-7
701
1175
542
-554
-692
127
145
-884
-1680
-1127
-262
-587
-1927
-2093
-1383
-907
-1541
-2475
-2209
-1397
-1302
-2144
-2719
-1787
-913
-1326
-2424
-2404
-1310
-889
-1631
-2170
-1775
-1167
-1195
-1514
-1566
-1022
-611
-875
-1324
-1260
-695
-407
-440
-697
-1291
-730
-97
414
125
-1095
-617
427
776
119
-836
-314
1166
1240
-191
-1126
-304
1406
1580
217
-497
378
1382
1464
725
571
1742
2196
1794
858
1094
2283
2667
2317
1838
1919
2415
2427
2491
2482
2415
2202
1778
1792
1612
1442
1378
1320
1428
722
149
91
526
637
-171
-688
-422
161
-206
-1204
-1224
-537
-55
-830
-1754
-1417
-642
-575
-1369
-1979
-1520
-967
-1201
-1914
-2123
-1345
-1044
-1461
-2076
-1939
-1184
-935
-1087
-1458
-1410
-1171
-1128
-1162
-1261
-887
-680
-862
-936
-857
-699
-408
-401
-431
-1265
-839
42
438
334
-877
-606
251
552
78
-704
-446
561
722
-636
-1432
-936
472
861
-138
-784
-321
488
751
245
-32
886
1674
1405
362
254
1518
2406
2207
1497
1338
1821
2070
2236
1973
1918
1910
2073
1911
1798
1456
1341
1734
1781
1362
602
497
1274
1622
832
-18
241
971
925
-287
-639
49
579
-190
-1458
-1519
-388
69
-1101
-2075
-1673
-580
-758
-1922
-2169
-1258
-619
-1366
-2270
-2069
-1011
-629
-1426
-2109
-1874
-1357
-1287
-1631
-1647
-1203
-1117
-1301
-1500
-1237
-901
-662
-671
-703
-1528
-1361
-650
-32
233
-1022
-1465
-873
-160
-115
-872
-1056
9
747
-178
-1050
-1050
240
1150
658
-46
-78
893
1512
1349
918
1465
2353
2446
1780
1424
2100
2895
2888
2416
2071
2203
2388
2654
2503
2308
2133
1872
2029
1996
1649
1642
1520
1776
1425
592
610
956
1122
563
-226
-235
178
2
-714
-1113
-872
-567
-957
-1703
-1852
-1299
-1162
-1656
-2193
-2223
-1710
-1824
-2364
-2740
-2304
-1840
-2006
-2373
-2528
-1926
-1534
-1656
-1801
-1878
-1512
-1266
-1292
-1384
-1214
-936
-825
-892
-882
-705
-310
-135
-581
-1427
-711
394
847
146
-1174
-710
363
609
-259
-1046
-329
1089
933
-697
-1390
-450
1381
1635
377
-516
207
1563
1816
1046
669
1877
2912
2441
1203
1184
2458
3448
3002
1856
1554
2161
2535
2512
2050
1866
1942
1771
1636
1501
1268
1123
1538
1679
854
66
148
1073
1211
109
-646
-183
467
237
-949
-1472
-581
-70
-962
-2414
-1961
-558
-533
-2005
-2867
-1746
-627
-1288
-2640
-2851
-1441
-832
-1859
-2926
-2321
-741
-698
-1952
-2418
-1534
-688
-1068
-1749
-1561
-839
-672
-776
-1033
-942
-553
-242
-227
-275
-689
-1147
11
777
1184
-255
-1655
-573
863
926
-393
-1447
-405
1321
937
-970
-1786
-343
1925
1614
-279
-931
524
2101
2059
612
516
2055
2950
2034
594
907
2512
3084
2286
1250
1295
2032
2403
2260
1473
1395
1624
2009
1735
941
757
1197
1815
1703
633
165
813
1737
1185
-131
-398
506
1026
-106
-1380
-919
159
107
-1526
-2330
-1089
-52
-922
-2594
-2460
-988
-756
-2266
-3045
-1882
-669
-1256
-2682
-2712
-1009
-451
-1553
-2578
-1955
-745
-901
-1880
-2119
-1375
-721
-1106
-1607
-1447
-849
-586
-647
-733
-757
-1597
-908
164
823
280
-1775
-1493
146
1053
403
-1250
-1271
746
1500
-240
-1869
-1330
1185
2185
571
-819
-230
1699
2512
1384
314
1329
2893
3012
1457
792
2061
3289
3093
2020
1329
1985
2475
2625
2000
1486
1657
2164
2319
1825
1035
991
1982
2524
1562
303
463
1744
1854
303
-706
104
1200
876
-1017
-1507
-306
455
-445
-2271
-2000
-420
-300
-2079
-2976
-1957
-520
-1140
-2818
-3080
-1655
-893
-2009
-3289
-2632
-1142
-1146
-2707
-3128
-1948
-835
-1405
-2320
-2171
-1249
-783
-1323
-1932
-1637
-858
-393
-912
-1105
-1372
-1201
77
325
605
-620
-1461
-187
946
1018
-129
-1147
66
1683
1091
-831
-1547
86
2375
1774
-261
-979
726
2537
2285
592
553
2270
3296
2388
701
1296
3103
3645
2802
1553
1978
2687
2882
2581
1996
2138
2117
2248
2047
1862
1622
1378
1757
1891
1146
371
281
1191
974
-384
-998
-516
390
-257
-1839
-1918
-1174
-513
-1638
-2692
-2229
-1219
-1096
-2303
-2746
-1933
-1333
-1790
-2687
-2678
-1774
-1560
-2157
-2681
-2034
-1294
-1403
-2226
-2456
-1598
-910
-1308
-1983
-1873
-786
-517
-1086
-1721
-1311
-246
152
-543
-1040
-1581
-230
936
981
457
-1135
-741
669
1347
806
-567
-978
783
1833
437
-1326
-1223
1412
2798
1169
-984
-703
1905
3160
1753
-41
958
3009
3527
1602
552
1888
3463
3332
2058
1456
2087
2760
3002
2193
1819
1709
2033
2672
2048
1410
961
1384
2381
1802
379
-71
810
1456
224
-1123
-935
430
586
-1366
-2391
-1463
-243
-699
-2816
-2992
-1601
-834
-2301
-3720
-2878
-1221
-1390
-2990
-3574
-1977
-1008
-1808
-3091
-2668
-1138
-1068
-2268
-2898
-1680
-442
-866
-1906
-2061
-893
-218
-643
-1287
-1192
-247
224
-89
-434
-828
-751
830
1261
1393
13
-1120
14
1239
1344
171
-1155
-191
1668
1418
-440
-1598
-274
2137
2189
192
-1250
133
2423
2825
800
-210
1315
3246
2844
777
489
2165
3560
3032
1374
947
2005
2856
2647
1566
1407
1664
2252
1905
1126
789
911
1570
1792
799
60
115
687
384
-593
-978
-564
-24
-532
-1657
-1765
-1277
-651
-1350
-2254
-1914
-1204
-1178
-2127
-2317
-1448
-940
-1499
-2475
-2331
-1255
-982
-1608
-2375
-1687
-705
-873
-1872
-2021
-764
-65
-683
-1666
-1584
-283
312
-248
-1193
-936
146
699
-102
-554
-755
-178
884
675
775
-484
-1037
72
977
825
-508
-1542
-168
1852
1160
-1085
-2142
-197
2369
1742
-868
-1729
394
2477
2049
-310
-526
1641
3272
2124
-55
155
2156
3108
2250
745
694
1724
2163
1772
983
995
1275
1751
1536
856
292
400
1342
1764
726
-213
48
988
848
-216
-880
-286
498
-64
-1277
-1555
-638
13
-963
-1897
-1585
-808
-949
-1904
-1934
-969
-563
-1235
-2061
-1502
-357
-591
-1455
-1757
-723
-77
-974
-2028
-1378
-205
-112
-1237
-1902
-1149
23
-106
-1052
-1530
-703
296
209
-643
-567
-480
-332
309
282
709
-238
-1056
-270
609
862
-250
-1376
-137
1860
1435
-915
-1997
-75
2567
1959
-736
-1586
726
2917
2252
-407
-736
1814
3471
2078
-401
-262
2035
3109
2021
184
188
1545
2055
1740
639
326
1161
1805
1528
462
-275
524
1801
1766
195
-895
-284
1429
1174
-756
-1545
-308
1029
116
-2029
-2156
-492
510
-803
-2487
-1946
-341
-261
-1735
-2357
-1124
26
-886
-2202
-1798
-404
-245
-1212
-1793
-791
-22
-947
-1910
-1355
-165
160
-1132
-1690
-847
256
-54
-1072
-1067
42
660
144
-539
42
428
18
378
435
1214
504
-652
-155
864
1266
109
-1201
-444
1514
1220
-1045
-2171
-685
1838
1406
-1047
-1869
70
2086
1649
-867
-1102
1189
2740
1540
-887
-729
1427
2501
1579
-162
-219
1213
1883
1347
130
232
1244
1988
1282
138
-245
693
1883
1687
109
-867
-46
1270
710
-950
-1284
67
1097
-1
-1735
-1549
2
936
-288
-1714
-1204
121
370
-596
-1159
-295
628
-17
-933
-850
11
476
-61
-909
-513
87
-192
-795
-837
-178
214
-606
-1244
-930
95
129
-618
-887
-417
450
131
-492
-405
306
-178
-446
-164
397
886
-726
-1291
-318
475
162
-1364
-1698
-36
920
-707
-2608
-2187
344
1122
-718
-2400
-1484
750
942
-913
-2112
-540
1538
1341
-763
-1543
162
1991
1576
88
-550
685
1602
1470
576
232
994
1864
1844
724
51
752
2277
2349
870
-315
454
2030
2141
470
-570
731
2222
1598
-543
-1066
689
2131
1221
-1091
-1240
365
1426
344
-1299
-823
1012
1128
-354
-1388
-289
940
549
-925
-1234
-195
79
-679
-1497
-912
-74
-528
-1487
-1474
-466
-104
-845
-1421
-1015
-290
-504
-1240
-1157
-309
7
-1172
-1776
-784
182
298
-1336
-1889
-858
-83
-180
-1152
-1761
-754
14
-437
-1272
-1902
-1014
-6
33
-851
-1337
-721
215
352
-756
-752
441
1478
869
-469
15
1568
2178
1357
419
1012
2091
2003
1226
1020
1989
2435
1525
742
1156
2072
2136
1446
1042
1330
1481
1352
979
635
750
994
951
514
18
71
695
1169
730
-326
-537
383
1012
148
-737
-334
724
692
-620
-1217
-366
509
146
-1033
-1350
-657
-317
-841
-1311
-1008
-636
-894
-1344
-1256
-703
-683
-1037
-1132
-892
-939
-1052
-1167
-789
-445
-711
-1596
-2140
-927
-135
2
-1242
-2350
-1618
-470
-163
-1300
-2659
-2075
-27
392
-1629
-3477
-2566
296
950
-1306
-3078
-1824
631
1023
-1268
-2169
-79
2179
1601
-801
-976
1185
2896
2316
836
683
1583
2508
2533
2014
1891
2284
2898
2778
2125
1575
1976
3074
3380
2146
1143
1348
2503
2684
1378
665
1223
2221
1582
147
205
1359
2008
666
-762
-268
878
1014
-531
-1232
-118
520
-463
-1854
-1478
-93
-245
-1538
-2387
-1470
-512
-963
-1912
-2048
-1279
-1199
-1903
-2147
-1765
-1313
-1669
-2028
-1874
-1703
-1715
-1695
-1259
-1038
-1469
-1796
-2096
-1506
-876
-1018
-967
-1412
-1366
-1151
-1057
-823
-1063
-1352
-1007
-390
-445
-1496
-1828
-695
588
331
-1168
-1493
-102
1220
649
-749
-333
1393
2255
858
-352
816
2654
3099
1800
1038
1916
2850
2747
2091
1914
2691
2937
2571
2065
1806
2060
2335
2538
2411
1598
1106
1459
2231
1935
730
421
1318
1968
1017
-268
126
1576
1762
120
-1000
28
1287
819
-903
-1437
-102
534
-468
-1626
-1261
-209
-501
-1637
-2107
-1363
-891
-1509
-2201
-1908
-1427
-1426
-2023
-2192
-1747
-1574
-1888
-1951
-1786
-1724
-1811
-1745
-1587
-1553
-1842
-1807
-1514
-1766
-1809
-1544
-972
-1021
-1965
-2238
-1504
-620
-896
-2059
-2127
-982
-348
-1260
-2242
-1557
-133
171
-746
-1332
-407
673
777
62
46
1205
1866
1557
1069
1400
2351
2627
2604
2516
2587
2673
2523
2900
3194
3023
2756
2874
3199
3094
2648
2458
3070
3357
2560
1763
1738
2421
2456
1572
1216
1694
2035
1407
467
626
1351
1437
453
-363
24
651
261
-746
-1099
-402
-180
-963
-1933
-1891
-1205
-1341
-2132
-2659
-2403
-1875
-2209
-2791
-2684
-2084
-1921
-2528
-2793
-2480
-2008
-2141
-2706
-2672
-2355
-2214
-2361
-2542
-2194
-2042
-2064
-2191
-2130
-1908
-1781
-1475
-1168
-1395
-1766
-1714
-963
-311
-856
-1687
-1457
-299
259
-464
-1219
-707
592
789
112
-187
613
1743
1745
969
769
1666
2573
2618
1983
1917
2500
3111
3066
2644
2441
2754
3226
3247
2901
2574
2619
2915
2888
2605
2384
2375
2541
2330
1919
1599
1744
1955
1793
1441
1364
1541
1460
1101
970
1022
923
748
375
170
25
-209
-327
-654
-856
-1092
-1250
-1381
-1664
-2004
-2173
-2108
-2135
-2561
-3062
-2720
-2236
-2346
-2940
-3334
-2925
-2355
-2589
-3180
-3087
-2627
-2262
-2654
-3173
-2854
-2164
-1958
-2439
-2574
-2114
-1521
-1342
-1754
-1831
-1206
-767
-529
-808
-1005
-622
-462
-423
-569
-617
-127
344
274
-56
-160
369
1131
1376
1091
966
1371
1784
1937
1733
2030
2819
3131
2745
2105
2344
3271
3523
3106
2654
2811
3165
3128
2929
2840
3092
3106
2783
2373
2181
2260
2411
2474
2049
1632
1470
1434
1505
1411
1128
892
658
590
270
52
73
-40
-168
-674
-1139
-1271
-1262
-1250
-1648
-2006
-1919
-1882
-2282
-2668
-2490
-2193
-2160
-2704
-2951
-2608
-2293
-2562
-2863
-2734
-2417
-2402
-2891
-2893
-2245
-1844
-2180
-2571
-2313
-1814
-1709
-2179
-2210
-1446
-1034
-1375
-1878
-1661
-1098
-725
-801
-1128
-920
-761
-713
-547
-459
-241
-265
-288
-45
286
288
283
635
1001
1146
977
872
1547
2195
2193
1844
1870
2514
2870
2762
2443
2740
3408
3419
2937
2690
3008
3389
3318
2919
2737
2663
2697
2889
2773
2666
2377
2222
2321
2050
1628
1521
1664
1801
1414
619
334
812
1117
781
-237
-729
-394
-202
-704
-1425
-1529
-985
-951
-1787
-2770
-2713
-1940
-1654
-2438
-3253
-2965
-2332
-2490
-3140
-3373
-2943
-2487
-2865
-3542
-3645
-2949
-2531
-2779
-3230
-3052
-2437
-2326
-2515
-2467
-1956
-1543
-1776
-2029
-1802
-1248
-755
-860
-990
-642
-414
-370
-374
-78
344
353
-26
45
561
924
748
436
817
1466
1525
990
881
1667
2398
2151
1615
1780
2607
3009
2601
2370
2843
3490
3470
2915
2635
3173
3820
3554
2922
2771
3022
3171
2962
2673
2556
2741
2616
2141
1667
1339
1608
1772
1422
827
237
329
630
622
-127
-823
-682
-386
-634
-1468
-1917
-1399
-1027
-1569
-2637
-3058
-2275
-1845
-2396
-3265
-3210
-2318
-2224
-3006
-3553
-3006
-2184
-2443
-3268
-3574
-2982
-2448
-2682
-3131
-3020
-2449
-2336
-2716
-2715
-2131
-1609
-1763
-1959
-1626
-1141
-926
-1206
-1163
-560
-316
-413
-527
-203
338
161
140
523
1178
1282
662
771
1437
1884
1632
1055
1430
2293
2412
1764
1379
1990
2849
2928
2386
2184
2844
3291
3112
2419
2343
3212
3613
3159
2304
2086
2748
3100
2586
1834
1662
2270
2319
1905
1300
1137
1691
1690
1165
520
280
682
734
240
-306
-508
-366
-333
-614
-1048
-1251
-1028
-906
-1247
-1906
-2173
-1817
-1601
-1742
-2340
-2578
-2322
-2267
-2495
-2897
-2783
-2227
-2366
-2930
-3265
-2688
-2119
-2362
-2973
-2878
-2119
-1967
-2417
-2690
-2196
-1484
-1671
-2380
-2255
-1463
-913
-1262
-1578
-1056
-299
-139
-498
-357
285
625
441
236
458
638
759
875
1157
1383
1081
761
1142
1802
1956
1339
948
1627
2273
2022
1182
969
2015
2950
2600
1587
1397
2391
3149
2738
1701
1784
2886
3424
2757
1649
1759
2739
3162
2495
1403
1314
2089
2438
1809
942
752
1262
1549
953
128
47
489
714
-27
-980
-996
-522
-152
-750
-1695
-1791
-1152
-872
-1558
-2484
-2268
-1506
-1555
-2435
-3083
-2456
-1696
-2047
-3215
-3481
-2491
-1842
-2389
-3432
-3207
-2086
-1824
-2751
-3396
-2762
-1697
-1722
-2455
-2718
-1908
-1079
-1322
-1580
-1416
-728
-471
-794
-884
-484
66
233
175
299
542
760
806
873
1089
1144
1441
1555
1480
1543
1651
2084
2169
1999
1750
1923
2253
2223
1883
1777
2120
2257
1940
1575
1813
2159
2197
1808
1651
1977
2233
2034
1600
1663
1794
1818
1584
1479
1643
1547
1148
1060
1092
1008
473
194
521
594
219
-554
-574
-25
67
-407
-873
-755
-323
-423
-988
-1194
-920
-660
-1030
-1518
-1545
-1198
-1190
-1499
-1683
-1725
-1663
-1906
-2145
-2119
-1931
-1893
-2168
-2461
-2297
-2105
-2160
-2273
-2163
-1822
-1735
-2003
-2096
-1927
-1670
-1563
-1560
-1574
-1400
-1335
-1269
-1128
-893
-691
-622
-510
-310
-141
-70
118
373
552
525
633
865
935
874
980
1395
1787
1805
1320
1114
1755
2330
2105
1350
1150
1977
2639
2149
1367
1282
2185
2854
2347
1565
1496
2251
2665
2215
1590
1754
2608
2856
2207
1496
1423
2001
2201
1773
1139
817
1080
1200
873
441
240
386
536
92
-615
-800
-476
-90
-461
-1357
-1621
-1309
-977
-1271
-1891
-2081
-1653
-1439
-1988
-2640
-2716
-2029
-1777
-2455
-3154
-3088
-2316
-2154
-2743
-3110
-2780
-2182
-2136
-2687
-2749
-2182
-1705
-1857
-2174
-2100
-1639
-1343
-1334
-1233
-1026
-800
-780
-715
-490
-207
-75
-22
187
432
541
596
802
1029
1172
1253
1436
1816
1980
1950
1940
2172
2403
2374
2216
2382
2686
2757
2437
2156
2321
2656
2502
2133
2015
2240
2242
1922
1729
1722
1734
1516
1182
1099
1283
1175
847
629
648
736
537
201
113
152
87
-69
-245
-379
-389
-435
-529
-574
-606
-671
-679
-711
-760
-926
-1194
-1205
-1086
-1212
-1404
-1541
-1482
-1367
-1418
-1627
-1678
-1630
-1563
-1724
-1942
-1996
-1899
-1802
-1770
-1734
-1768
-1705
-1742
-1777
-1655
-1337
-1200
-1303
-1414
-1288
-986
-876
-928
-886
-634
-358
-347
-523
-500
-135
285
338
24
-25
343
769
865
647
749
997
1204
1230
1185
1348
1553
1682
1694
1666
1725
1779
1858
1963
1994
1938
1802
1887
2006
2012
1842
1658
1656
1549
1396
1271
1273
1346
1212
933
794
829
786
587
371
438
395
221
77
144
294
252
-35
-296
-227
-215
-317
-443
-511
-498
-609
-986
-1145
-1072
-961
-1041
-1303
-1426
-1482
-1485
-1580
-1624
-1594
-1629
-1704
-1786
-1786
-1705
-1641
-1610
-1591
-1603
-1580
-1576
-1528
-1399
-1219
-1012
-1050
-1189
-1248
-946
-681
-764
-917
-900
-551
-447
-562
-607
-349
19
111
-67
-128
160
532
771
784
786
843
1002
1100
1125
1131
1183
1390
1624
1590
1319
1250
1667
2055
2037
1645
1498
1853
2087
1838
1431
1534
1960
1975
1492
1064
1193
1410
1259
768
420
467
581
361
-17
-111
-113
-126
-225
-411
-430
-338
-339
-382
-510
-538
-433
-284
-229
-336
-471
-530
-460
-552
-670
-615
-507
-560
-745
-894
-796
-624
-678
-896
-993
-870
-854
-961
-957
-865
-738
-840
-917
-812
-795
-779
-879
-917
-844
-842
-863
-832
-776
-800
-960
-909
-703
-559
-696
-846
-743
-496
-390
-507
-539
-272
-18
16
-99
-119
225
469
524
437
423
621
855
1042
1025
1149
1237
1365
1385
1267
1280
1304
1501
1499
1323
1241
1244
1453
1455
1195
1192
1191
1142
1032
786
731
697
669
466
213
176
122
144
-22
-227
-354
-424
-344
-292
-506
-738
-824
-728
-662
-783
-896
-797
-564
-588
-806
-966
-822
-590
-682
-872
-895
-763
-556
-674
-798
-741
-730
-603
-658
-726
-673
-504
-284
-284
-370
-424
-369
-117
-95
-159
-212
-141
127
-25
-237
-345
-191
-44
-145
-209
-125
119
159
17
-66
36
219
328
315
274
249
258
338
482
628
501
455
534
560
711
588
621
852
854
727
600
711
973
1095
951
837
854
811
746
739
717
715
536
322
301
346
354
172
83
127
175
118
-78
-60
-7
-134
-349
-487
-425
-468
-583
-611
-639
-653
-864
-1050
-961
-828
-913
-1065
-1078
-955
-914
-958
-985
-782
-446
-378
-418
-419
-312
-117
-54
-65
5
177
292
251
202
200
324
269
155
189
191
131
23
8
247
339
112
-189
-218
-40
-2
-227
-354
-156
5
-196
-479
-461
-195
16
-185
-497
-461
-177
12
-60
-117
-41
58
28
-64
60
258
353
321
208
288
451
560
604
662
699
614
565
559
693
779
704
675
660
597
512
459
523
542
469
285
178
255
323
333
239
205
183
53
-107
-111
-42
-89
-369
-565
-535
-472
-482
-637
-728
-697
-631
-739
-863
-848
-694
-662
-750
-755
-727
-642
-552
-495
-379
-198
-130
-91
1
222
370
293
288
410
518
482
401
407
531
589
475
294
252
367
419
359
253
268
327
311
283
172
49
9
-27
-11
-145
-291
-349
-241
-210
-441
-478
-401
-245
-228
-394
-408
-230
-142
-230
-297
-116
93
146
-39
-19
180
263
203
67
75
219
351
304
247
241
380
565
639
528
364
349
508
590
421
293
411
586
525
191
9
251
449
338
-66
-362
-274
-193
-379
-670
-695
-580
-611
-863
-989
-801
-742
-827
-915
-811
-599
-623
-621
-560
-419
-340
-458
-420
-246
11
48
6
57
157
96
-17
16
147
290
237
142
91
263
302
244
207
168
205
127
127
220
296
191
95
12
-19
6
8
46
64
58
11
6
63
151
140
146
136
154
221
227
324
344
341
338
267
348
414
452
425
382
399
472
440
339
381
465
486
470
286
187
288
485
391
128
76
198
336
139
-65
-76
59
57
-100
-309
-244
-149
-189
-330
-472
-377
-301
-345
-564
-715
-718
-639
-739
-829
-790
-806
-822
-964
-995
-869
-806
-770
-749
-724
-590
-507
-436
-310
-284
-216
-117
-8
16
64
253
460
575
559
548
574
682
746
672
636
705
730
673
566
589
604
512
425
399
402
354
204
101
95
212
265
153
50
176
271
214
81
72
179
112
41
-34
-15
88
124
41
48
109
189
157
1
-22
118
270
244
59
-72
14
118
22
-139
-127
99
133
-167
-397
-241
-2
-49
-338
-630
-521
-408
-500
-693
-804
-687
-631
-749
-910
-902
-787
-674
-744
-856
-834
-801
-758
-775
-803
-759
-687
-538
-511
-526
-511
-436
-172
-118
-212
-184
-40
149
234
281
397
572
722
736
776
940
1128
1212
1170
1189
1173
1176
1129
1130
1143
1105
1030
978
917
953
977
822
676
534
521
503
461
434
381
284
267
229
203
152
133
149
151
55
-101
-153
-79
38
-55
-206
-213
-177
-208
-319
-415
-368
-374
-388
-510
-541
-479
-392
-399
-523
-511
-415
-364
-446
-522
-597
-581
-638
-777
-839
-787
-664
-699
-764
-838
-974
-963
-915
-822
-710
-696
-714
-714
-690
-678
-747
-726
-580
-515
-647
-790
-713
-560
-411
-442
-508
-492
-323
-266
-237
-137
80
300
396
406
470
728
933
985
1015
1033
1194
1344
1392
1461
1541
1597
1642
1696
1647
1674
1690
1548
1548
1599
1493
1377
1175
1206
1226
1145
884
657
628
609
525
309
248
221
145
-45
-168
-297
-324
-286
-402
-506
-651
-744
-774
-756
-773
-868
-989
-1060
-1017
-1034
-1100
-1138
-1119
-1041
-1022
-1202
-1213
-1054
-993
-1018
-1128
-1135
-1021
-1051
-1131
-1138
-991
-796
-840
-980
-946
-729
-599
-612
-686
-654
-552
-497
-462
-418
-295
-240
-230
-186
-76
-56
-33
36
144
191
144
112
259
519
599
531
527
673
815
835
825
890
1072
1155
1105
1094
1204
1350
1380
1292
1298
1412
1584
1621
1500
1468
1498
1522
1383
1229
1089
1027
965
877
755
615
530
411
293
113
15
-26
-32
19
-57
-212
-336
-470
-483
-542
-790
-928
-941
-846
-844
-987
-1146
-1158
-1075
-1082
-1214
-1273
-1154
-1107
-1208
-1296
-1316
-1216
-1203
-1212
-1167
-1108
-1054
-1116
-1072
-973
-880
-882
-867
-757
-618
-606
-628
-579
-387
-261
-262
-222
-89
32
53
34
68
208
283
255
168
248
354
428
484
532
675
781
749
700
735
886
918
859
806
798
888
912
911
1010
1141
1152
1160
1191
1192
1263
1325
1295
1297
1316
1320
1265
1116
1109
1186
1101
964
843
810
807
648
546
487
419
283
154
151
139
51
-89
-217
-245
-317
-532
-638
-721
-740
-902
-1172
-1305
-1257
-1220
-1367
-1473
-1470
-1392
-1449
-1676
-1767
-1690
-1698
-1834
-1964
-1796
-1590
-1604
-1681
-1666
-1446
-1321
-1318
-1356
-1194
-964
-837
-801
-798
-593
-415
-307
-225
-119
-61
91
254
373
436
445
543
674
763
720
759
871
1034
1083
1020
1052
1150
1195
1157
1070
1131
1275
1277
1241
1204
1316
1395
1305
1249
1232
1289
1251
1211
1183
1071
1077
1140
1124
1081
975
902
983
1078
950
736
633
755
820
632
380
310
417
385
145
-144
-157
-87
-144
-357
-564
-567
-602
-729
-826
-910
-922
-982
-1083
-1291
-1416
-1515
-1546
-1540
-1655
-1658
-1710
-1717
-1685
-1693
-1688
-1645
-1579
-1542
-1508
-1464
-1326
-1158
-1065
-1038
-998
-811
-654
-572
-551
-488
-362
-205
-119
-113
-53
127
367
406
347
395
548
712
706
591
609
815
918
864
831
1032
1153
1055
942
952
1060
1152
1068
934
967
1058
1062
959
936
924
946
832
808
859
864
795
772
864
838
694
608
735
822
755
505
431
541
574
331
97
86
199
208
4
-119
-70
68
-26
-240
-265
-323
-387
-497
-602
-648
-686
-791
-825
-893
-988
-1023
-1122
-1098
-1122
-1197
-1223
-1181
-1144
-1198
-1341
-1331
-1234
-1188
-1239
-1325
-1258
-1123
-1088
-1025
-987
-856
-782
-787
-796
-734
-580
-441
-382
-259
-96
57
147
167
266
415
544
633
674
637
662
788
936
924
904
952
994
1010
1002
993
970
1010
1013
988
923
962
1010
1014
998
1003
1001
984
959
883
822
800
804
790
736
648
659
706
698
644
544
496
525
524
468
345
349
389
383
316
213
153
98
40
-69
-185
-275
-329
-342
-448
-575
-728
-782
-751
-797
-925
-1062
-1080
-1055
-1088
-1254
-1314
-1164
-1041
-1105
-1259
-1299
-1174
-1090
-1228
-1291
-1212
-1121
-1107
-1260
-1322
-1219
-1190
-1240
-1207
-1086
-928
-840
-789
-745
-603
-452
-307
-108
-5
15
8
107
282
402
494
553
675
831
887
957
1015
1154
1245
1201
1177
1197
1245
1297
1305
1351
1414
1382
1326
1264
1258
1281
1218
1129
1087
1073
954
802
719
737
751
629
531
452
397
384
338
304
284
231
102
-41
-84
-32
-24
-84
-155
-90
-39
-75
-173
-309
-259
-260
-329
-450
-486
-386
-392
-482
-535
-630
-644
-684
-715
-730
-774
-822
-943
-1075
-1176
-1245
-1288
-1288
-1244
-1237
-1252
-1259
-1174
-1106
-1091
-1070
-982
-946
-966
-1019
-941
-769
-702
-643
-673
-552
-426
-334
-243
-152
-79
4
144
282
359
411
472
508
560
568
681
739
837
955
944
944
1016
1186
1291
1299
1220
1217
1281
1312
1289
1336
1346
1355
1245
1110
1133
1137
1123
1037
950
878
760
717
688
693
661
556
471
366
243
133
90
113
114
18
-124
-147
-131
-126
-185
-333
-342
-393
-496
-568
-588
-475
-529
-659
-780
-767
-649
-690
-732
-746
-764
-823
-912
-1013
-961
-976
-1100
-1100
-1137
-1106
-1112
-1149
-1099
-1100
-1128
-1219
-1255
-1158
-1068
-1008
-1100
-1073
-1001
-1011
-984
-870
-715
-524
-438
-407
-299
-125
36
72
208
339
416
441
498
611
749
830
806
810
855
1019
1143
1186
1192
1239
1266
1300
1285
1253
1256
1335
1343
1309
1252
1179
1190
1261
1243
1072
922
818
780
682
607
588
576
554
506
376
311
304
316
276
185
47
-103
-137
-162
-234
-336
-438
-443
-461
-535
-538
-569
-536
-520
-583
-692
-714
-707
-723
-753
-753
-772
-765
-779
-696
-639
-643
-626
-618
-630
-671
-715
-744
-686
-699
-783
-865
-922
-809
-687
-742
-778
-821
-714
-633
-632
-543
-407
-284
-211
-237
-281
-237
-139
-66
-66
-91
-50
81
220
310
383
499
522
533
577
618
636
693
795
835
860
873
870
937
989
956
915
865
845
828
816
810
812
731
633
538
541
608
574
480
378
360
417
375
260
248
260
192
38
-58
-112
-82
-128
-228
-291
-301
-279
-225
-274
-375
-439
-461
-472
-522
-578
-598
-525
-446
-418
-463
-494
-472
-449
-445
-472
-556
-504
-453
-404
-386
-366
-338
-328
-319
-374
-406
-343
-242
-193
-258
-313
-339
-251
-189
-250
-276
-209
-128
-218
-346
-306
-224
-186
-214
-263
-184
-122
-104
-78
-24
35
42
26
58
118
222
231
271
389
428
428
479
530
612
708
702
679
708
740
715
645
648
707
633
561
617
649
715
612
551
598
583
571
454
437
449
435
400
324
259
204
229
237
182
123
12
-35
-51
-105
-196
-289
-362
-380
-424
-466
-526
-503
-474
-459
-548
-624
-560
-536
-536
-623
-647
-591
-587
-566
-618
-626
-607
-618
-676
-772
-681
-573
-532
-534
-575
-574
-534
-525
-541
-540
-556
-517
-463
-462
-420
-396
-316
-276
-223
-176
-76
13
7
63
71
101
156
276
328
319
389
426
517
532
488
531
620
655
658
603
649
728
762
737
765
782
786
754
664
673
693
721
719
687
643
609
576
554
565
547
522
495
426
313
216
190
178
136
62
-16
-34
-46
-74
-85
-125
-179
-272
-416
-510
-566
-583
-569
-584
-551
-542
-537
-541
-545
-563
-535
-521
-487
-535
-574
-546
-538
-501
-491
-478
-440
-402
-381
-364
-335
-320
-310
-328
-325
-303
-324
-270
-288
-297
-237
-203
-137
-101
-81
-57
-63
-42
1
4
-42
-7
99
107
186
249
306
356
372
355
353
431
462
443
454
486
489
558
545
557
611
612
520
444
464
459
515
469
418
411
448
431
370
350
332
345
289
170
139
177
159
109
32
-29
-58
-64
-78
-129
-179
-217
-230
-261
-280
-290
-329
-332
-351
-408
-460
-485
-455
-455
-494
-500
-466
-403
-359
-417
-395
-286
-253
-274
-257
-226
-179
-126
-224
-296
-274
-294
-274
-301
-302
-252
-248
-313
-298
-276
-281
-297
-322
-293
-267
-249
-275
-243
-174
-198
-222
-207
-169
-100
-58
-16
-14
79
130
172
158
183
237
282
351
405
509
562
534
491
506
501
568
640
626
612
578
564
576
539
548
557
679
720
646
668
667
745
697
539
437
447
456
466
430
346
346
349
285
200
156
117
59
-3
-42
-120
-79
-92
-153
-261
-317
-324
-314
-343
-377
-415
-452
-439
-482
-519
-555
-550
-528
-526
-575
-585
-623
-665
-683
-686
-658
-629
-670
-692
-704
-705
-668
-670
-651
-640
-581
-552
-537
-580
-624
-624
-613
-588
-558
-506
-468
-374
-338
-289
-170
-88
-12
45
86
133
200
231
265
295
353
352
355
407
456
550
584
640
659
733
801
811
846
859
903
917
848
842
888
848
838
847
857
893
828
724
665
594
564
534
487
447
402
352
349
277
194
159
81
17
-44
-54
-97
-131
-130
-106
-109
-123
-136
-144
-155
-163
-181
-186
-195
-230
-283
-347
-417
-479
-530
-601
-633
-660
-681
-685
-736
-767
-800
-818
-827
-801
-754
-745
-763
-775
-782
-844
-851
-885
-903
-884
-873
-846
-810
-766
-682
-579
-511
-430
-369
-272
-210
-125
-8
134
229
275
376
475
582
662
659
650
710
736
783
836
831
818
846
918
935
931
914
926
842
734
672
651
673
669
666
630
642
635
639
605
560
507
515
566
570
529
465
454
385
345
284
265
220
171
89
3
-43
-152
-189
-256
-327
-337
-369
-421
-471
-479
-500
-471
-473
-501
-505
-527
-573
-649
-659
-709
-742
-740
-719
-684
-624
-636
-645
-646
-602
-611
-636
-633
-634
-626
-679
-721
-727
-721
-697
-675
-659
-633
-587
-566
-541
-472
-421
-353
-263
-125
-93
-89
-46
49
192
363
413
472
562
595
584
541
539
576
640
651
621
594
649
699
692
694
687
658
669
656
642
642
669
672
622
608
568
595
620
555
536
500
485
479
425
384
386
344
345
312
340
385
388
392
357
319
262
219
222
160
69
-9
-70
-168
-274
-376
-427
-402
-438
-505
-573
-610
-680
-730
-823
-842
-852
-831
-822
-866
-845
-815
-806
-837
-859
-820
-814
-754
-709
-736
-674
-627
-578
-535
-481
-430
-403
-328
-314
-287
-245
-180
-105
-21
26
70
131
181
182
186
201
237
276
317
359
347
440
472
442
460
496
524
564
580
588
605
597
617
619
657
697
748
727
729
699
702
696
669
661
692
699
646
574
458
473
479
506
495
452
405
352
288
241
179
62
-42
-138
-202
-232
-239
-269
-348
-356
-441
-484
-521
-544
-554
-570
-601
-665
-664
-687
-719
-773
-827
-841
-840
-848
-866
-945
-957
-957
-967
-1026
-1020
-994
-1008
-1003
-988
-900
-792
-693
-615
-562
-489
-388
-269
-209
-76
40
141
255
337
404
458
508
523
500
510
552
607
666
668
689
779
836
857
879
871
914
962
1006
976
998
1049
1020
999
961
937
934
870
807
748
718
750
674
588
530
468
419
379
365
320
257
173
39
-31
-29
-29
-140
-190
-236
-320
-366
-454
-500
-580
-640
-707
-754
-732
-747
-843
-899
-919
-918
-893
-888
-827
-817
-785
-765
-775
-782
-771
-739
-705
-707
-748
-805
-819
-754
-743
-729
-713
-664
-582
-489
-438
-382
-290
-261
-245
-264
-224
-133
-56
34
134
237
331
395
482
545
624
713
814
893
1011
1120
1204
1224
1218
1177
1175
1201
1215
1215
1188
1157
1111
1082
1036
922
880
771
671
563
476
407
306
239
146
95
8
-72
-142
-183
-204
-202
-312
-347
-376
-442
-498
-536
-551
-570
-604
-671
-669
-680
-681
-671
-667
-670
-696
-680
-669
-628
-569
-603
-621
-605
-606
-562
-543
-549
-517
-505
-528
-511
-515
-486
-402
-424
-370
-358
-360
-364
-394
-361
-305
-267
-274
-258
-230
-171
-151
-52
-20
32
82
128
251
320
395
442
461
499
495
505
547
569
627
654
723
775
841
878
845
860
929
942
919
891
908
859
764
689
629
639
597
535
486
505
430
363
279
225
210
174
139
113
40
-3
-37
-74
-107
-149
-232
-283
-319
-396
-452
-512
-496
-515
-523
-579
-593
-572
-566
-579
-652
-671
-686
-776
-866
-872
-845
-784
-723
-712
-666
-618
-610
-604
-580
-524
-491
-463
-428
-399
-365
-321
-310
-326
-300
-261
-225
-186
-192
-168
-116
-40
4
51
81
103
155
241
291
309
356
447
515
526
528
596
620
664
691
670
660
641
687
736
787
818
863
875
909
875
891
869
810
777
736
677
651
586
514
441
397
365
267
231
126
76
27
-96
-188
-252
-255
-289
-353
-426
-478
-500
-556
-609
-644
-644
-649
-638
-666
-672
-678
-682
-661
-647
-662
-690
-707
-707
-704
-657
-615
-602
-580
-575
-538
-573
-548
-500
-439
-368
-304
-263
-284
-272
-269
-240
-169
-105
-56
-10
48
69
83
156
174
177
177
191
232
257
247
239
266
290
346
368
434
503
551
563
586
617
645
658
675
706
729
734
683
702
715
679
658
621
635
628
591
560
547
463
443
405
305
289
267
244
214
163
133
118
57
41
-40
-117
-133
-193
-244
-291
-378
-393
-430
-515
-545
-607
-624
-652
-714
-717
-750
-765
-754
-789
-779
-720
-667
-616
-616
-619
-580
-539
-544
-570
-537
-494
-437
-434
-398
-337
-323
-283
-264
-228
-198
-151
-132
-103
-44
-15
20
29
64
102
155
227
305
326
422
433
452
493
515
599
610
617
623
649
637
657
649
642
614
595
604
614
651
690
683
682
650
622
597
539
568
488
422
333
214
175
74
-39
-119
-166
-239
-282
-321
-353
-385
-407
-372
-398
-427
-496
-530
-595
-583
-583
-561
-532
-517
-473
-438
-381
-354
-329
-355
-355
-363
-368
-355
-390
-429
-446
-441
-370
-355
-322
-302
-303
-294
-284
-237
-202
-131
-112
-111
-102
-74
-36
-57
-86
-107
-129
-125
-82
-17
-19
5
-5
29
88
100
141
148
181
263
242
258
330
385
385
399
399
409
488
518
526
511
489
497
507
512
497
448
444
470
464
492
529
568
572
571
549
486
428
374
335
287
219
165
105
65
60
48
35
39
5
-19
-35
-62
-110
-150
-195
-184
-174
-193
-205
-238
-295
-322
-373
-433
-429
-456
-462
-484
-479
-500
-517
-528
-528
-509
-484
-468
-425
-385
-407
-400
-419
-469
-505
-484
-439
-418
-380
-332
-291
-282
-223
-164
-83
-51
-32
-7
38
86
90
110
128
132
149
136
157
209
272
293
306
294
330
340
341
327
306
309
268
271
232
201
191
153
146
143
159
198
241
184
181
188
187
201
217
198
178
173
123
81
94
133
101
79
65
22
7
25
19
23
21
41
65
7
4
-19
-44
1
-75
-131
-194
-199
-203
-215
-241
-234
-205
-199
-205
-222
-226
-192
-159
-138
-116
-81
-52
-60
-113
-129
-148
-121
-55
-25
-10
5
35
16
43
42
43
55
71
44
31
28
-2
6
10
50
33
45
22
7
-3
-18
-45
-48
-29
-50
-44
-54
-51
-55
-62
-29
6
14
44
87
128
149
190
177
235
318
313
351
381
358
331
316
279
237
200
163
61
59
4
-17
-6
-26
-43
-39
-26
7
56
68
67
56
31
-40
-84
-92
-89
-75
-84
-140
-150
-176
-194
-207
-201
-212
-235
-234
-227
-209
-290
-313
-380
-330
-355
-345
-248
-238
-203
-197
-205
-230
-250
-275
-237
-251
-247
-245
-212
-174
-112
-58
-12
45
74
100
118
149
196
244
279
311
334
324
262
262
244
234
205
191
124
64
88
50
16
15
56
102
152
145
147
155
169
138
56
62
43
5
7
-35
-40
-29
2
46
66
98
93
68
6
-39
-93
-133
-80
-4
85
117
122
141
102
84
86
94
137
173
156
137
107
18
-5
-34
-52
18
-15
-27
-42
-106
-109
-110
-109
-125
-94
-90
-86
-69
-115
-88
-75
-72
-43
-41
-47
-85
-105
-98
-89
-59
-83
-88
-74
-73
-66
-66
-43
-52
-29
-17
-23
-29
27
85
116
117
101
117
98
86
88
90
69
90
72
36
15
-26
6
3
-7
-14
-1
-20
15
-2
7
64
95
140
117
135
118
109
79
36
-10
-34
-52
-67
-40
-61
-73
-100
-94
-94
-87
-72
-28
-39
-38
-16
-24
-18
3
1
-32
-60
-79
-71
-55
-106
-137
-122
-141
-111
-148
-172
-152
-135
-94
-100
-75
-71
-64
-88
-75
-60
-74
-82
-148
-158
-127
-64
-60
-3
21
20
21
-23
-22
-31
-11
5
12
22
59
34
19
45
70
68
65
52
31
15
20
13
16
77
110
167
194
223
246
190
203
203
242
259
301
290
268
310
294
252
211
268
262
106
-41
53
170
253
281
120
11
-69
-19
162
184
57
26
14
-10
-33
-102
-110
-166
-222
-176
-102
-92
-147
-270
-374
-314
-193
-136
-138
-244
-260
-219
-175
-95
-108
-160
-213
-239
-176
-160
-119
-129
-141
-142
-92
-4
7
-13
-45
-7
46
83
86
117
168
170
150
98
97
142
156
162
66
15
5
4
-20
-41
-41
-24
-2
2
46
45
-27
-67
-120
-182
-180
-161
-138
-161
-122
-129
-79
-95
-125
-119
-147
-132
-112
-63
-58
-59
-40
-59
-38
-27
-21
-8
16
28
51
54
41
60
83
70
83
111
141
187
173
206
181
136
103
66
110
101
114
106
80
35
22
0
-31
-43
-132
-184
-181
-151
-102
-40
9
80
174
233
189
195
195
200
208
203
197
169
184
211
236
279
299
264
226
172
94
38
-27
-65
-56
-68
-98
-122
-141
-171
-209
-264
-336
-375
-391
-341
-299
-264
-252
-209
-185
-206
-168
-182
-174
-174
-207
-197
-219
-275
-295
-266
-266
-248
-212
-129
-89
-33
-3
3
32
35
33
90
132
165
217
261
292
283
267
242
302
295
304
317
304
347
343
324
308
311
315
356
349
333
286
229
200
161
146
145
152
139
147
152
169
198
260
358
359
366
344
294
236
175
116
57
8
-66
-70
-98
-103
-132
-219
-284
-331
-335
-359
-372
-393
-396
-439
-453
-469
-432
-439
-460
-432
-455
-471
-465
-453
-422
-415
-385
-365
-383
-345
-370
-397
-406
-414
-424
-481
-541
-554
-557
-496
-453
-418
-338
-288
-202
-90
23
105
134
175
173
156
154
195
248
242
284
345
354
353
381
393
386
388
419
438
459
460
474
508
512
544
550
564
537
474
462
442
430
469
470
460
479
466
435
440
406
381
347
332
259
222
185
153
106
49
0
-63
-92
-164
-172
-179
-188
-230
-294
-306
-297
-323
-328
-359
-379
-390
-399
-414
-337
-352
-395
-362
-321
-279
-284
-267
-284
-301
-286
-220
-165
-146
-111
-86
-97
-107
-96
-106
-126
-169
-199
-206
-221
-234
-243
-262
-248
-235
-219
-212
-198
-191
-197
-197
-149
-118
-90
-43
-17
9
-25
-5
-43
-14
57
104
117
131
129
169
209
242
268
292
303
290
257
247
255
252
253
254
262
263
263
302
316
327
379
382
389
404
434
463
418
380
357
309
304
274
218
161
63
26
16
-9
-20
-63
-53
-26
-46
-42
-50
-63
-33
-54
-71
-98
-102
-133
-210
-239
-231
-206
-214
-209
-206
-236
-263
-273
-306
-326
-339
-362
-376
-395
-417
-428
-405
-365
-348
-296
-268
-339
-365
-365
-407
-462
-459
-451
-435
-425
-387
-354
-309
-290
-250
-180
-113
-52
-3
77
112
185
201
229
291
314
355
341
347
364
408
409
446
465
453
506
569
652
739
813
835
825
826
825
781
739
699
627
571
469
391
300
265
208
195
220
206
179
111
48
10
-32
-104
-178
-223
-240
-288
-277
-290
-326
-316
-338
-359
-380
-422
-407
-408
-453
-479
-486
-504
-509
-528
-496
-503
-553
-570
-565
-546
-526
-514
-491
-465
-441
-414
-378
-369
-388
-375
-370
-334
-294
-250
-175
-127
-123
-134
-125
-78
-40
8
24
48
103
128
156
185
157
117
94
89
117
141
192
272
313
336
350
378
407
424
415
448
465
495
530
578
587
580
558
553
520
450
448
452
421
380
353
318
273
236
179
154
92
50
19
-12
-32
-74
-89
-84
-92
-143
-188
-226
-252
-290
-326
-306
-326
-303
-301
-321
-291
-273
-261
-270
-259
-244
-258
-255
-270
-290
-325
-340
-341
-305
-296
-271
-222
-211
-168
-168
-119
-81
-66
-39
-61
-38
-49
-52
-38
3
8
53
110
96
166
169
175
202
219
198
174
171
157
106
118
126
102
127
177
180
200
237
243
217
204
190
128
83
71
34
63
33
3
12
8
41
35
36
-14
27
43
52
17
37
85
27
26
10
-1
19
44
25
10
15
14
28
29
-14
4
55
57
99
75
74
43
-3
4
-49
-99
-102
-119
-138
-147
-126
-149
-182
-168
-189
-234
-278
-293
-309
-295
-291
-259
-263
-260
-228
-227
-230
-219
-185
-140
-117
-95
-50
-53
-60
-15
14
51
87
129
151
156
172
139
119
82
38
14
46
57
73
118
130
110
72
106
117
130
124
113
87
109
127
86
101
127
117
156
181
223
239
215
219
160
125
103
67
50
44
24
25
55
114
182
175
190
178
151
129
85
121
116
154
137
144
127
146
166
101
95
68
36
-37
-75
-114
-122
-158
-180
-168
-234
-234
-266
-288
-315
-306
-344
-349
-327
-344
-321
-330
-351
-370
-386
-392
-373
-357
-372
-359
-337
-287
-223
-189
-132
-102
-72
-107
-102
-104
-99
-73
-62
-26
-43
-15
54
83
135
190
227
261
266
313
302
309
298
293
300
307
333
331
285
248
250
241
237
243
253
249
262
267
311
348
376
364
360
340
325
331
269
233
199
152
140
110
71
62
44
35
40
26
19
-59
-109
-117
-133
-128
-140
-149
-200
-232
-269
-283
-284
-332
-425
-510
-554
-555
-574
-563
-531
-535
-546
-521
-523
-496
-479
-472
-477
-465
-439
-441
-372
-333
-318
-295
-235
-174
-156
-108
-7
40
97
185
173
214
246
263
328
341
400
413
426
479
488
484
453
434
426
416
424
439
450
461
443
424
428
396
377
352
327
360
346
344
303
245
202
174
141
114
102
73
80
73
92
105
86
91
87
128
157
149
117
56
25
-5
-42
-57
-73
-99
-129
-144
-169
-218
-247
-277
-337
-381
-447
-472
-495
-512
-503
-473
-457
-435
-355
-357
-327
-319
-297
-288
-301
-288
-319
-290
-290
-295
-268
-257
-282
-255
-205
-185
-171
-165
-156
-128
-137
-112
-82
-45
-9
25
62
96
99
84
77
98
112
173
217
267
254
209
227
264
276
272
266
201
219
231
237
247
261
292
278
286
317
358
352
346
334
316
298
307
304
312
344
279
212
197
210
188
149
138
114
84
55
1
-51
-95
-135
-175
-187
-200
-231
-269
-296
-310
-352
-402
-423
-459
-487
-485
-474
-445
-436
-368
-348
-292
-270
-271
-269
-247
-176
-131
-70
-11
-6
-3
58
106
132
149
140
168
203
217
185
156
133
131
142
161
206
201
193
200
202
203
215
216
221
263
268
257
276
270
251
201
185
166
118
125
111
126
152
122
122
138
96
70
44
-31
-28
-44
-53
-82
-138
-164
-177
-203
-182
-202
-158
-159
-145
-100
-102
-60
-45
-47
-82
-81
-46
-43
-64
-62
-95
-107
-125
-162
-171
-176
-180
-157
-174
-176
-154
-153
-156
-210
-219
-233
-237
-226
-199
-165
-149
-127
-134
-151
-186
-187
-140
-112
-99
-90
-96
-87
-107
-104
-68
-38
-16
34
88
100
130
157
173
132
109
69
94
86
50
43
7
-6
-56
-79
-73
-69
-53
-26
4
58
75
81
141
215
228
220
270
277
265
306
286
277
292
288
291
311
316
288
291
267
284
287
278
280
314
355
376
373
342
307
239
190
136
113
56
-1
-18
-68
-70
-90
-108
-128
-200
-227
-215
-205
-177
-188
-241
-263
-271
-284
-276
-242
-235
-254
-245
-242
-240
-244
-292
-364
-384
-387
-365
-323
-315
-283
-355
-339
-287
-252
-190
-156
-168
-158
-147
-167
-138
-85
-71
-54
-22
-3
5
51
94
65
91
65
63
47
20
47
96
151
177
216
240
244
218
209
234
241
229
212
213
225
256
301
285
271
215
178
157
138
175
189
203
228
210
223
239
250
275
307
323
314
272
229
206
183
154
129
77
20
-44
-111
-175
-202
-227
-258
-273
-305
-343
-408
-423
-411
-386
-358
-341
-324
-331
-316
-326
-329
-279
-273
-276
-286
-295
-307
-295
-323
-282
-273
-251
-218
-177
-140
-114
-71
-54
-21
27
43
44
96
113
105
149
179
199
202
204
220
217
216
195
140
139
159
145
167
157
162
175
201
210
234
253
256
253
291
318
312
293
288
279
250
237
204
214
197
209
210
235
266
266
234
197
166
71
33
-13
-81
-122
-143
-139
-136
-125
-166
-159
-151
-154
-150
-198
-188
-194
-219
-215
-208
-254
-274
-291
-331
-348
-362
-378
-367
-294
-273
-202
-152
-94
-46
-59
-38
-31
-36
-50
-64
-48
-51
-61
-58
-93
-111
-113
-134
-116
-99
-81
-88
-101
-104
-103
-97
-102
-54
-30
0
33
10
33
35
55
97
93
68
59
42
47
74
107
124
136
153
160
172
194
178
132
116
126
125
154
202
206
243
240
200
180
164
147
147
133
91
88
-4
-40
-8
-13
3
40
64
106
122
126
137
114
79
21
-33
-20
-27
-38
-45
-51
-69
-78
-85
-85
-96
-90
-74
-95
-90
-96
-82
-81
-90
-75
-31
-22
-31
-54
-97
-147
-190
-196
-181
-150
-137
-121
-95
-91
-83
-91
-94
-82
-97
-70
-86
-55
-21
24
69
93
124
95
113
113
117
119
116
124
114
100
54
37
19
64
94
102
145
145
147
166
173
168
166
159
107
86
60
44
64
20
66
37
18
75
35
23
-5
-64
-76
-91
-98
-75
-58
-41
-45
-66
-85
-47
-36
-26
-21
-36
-13
24
25
12
21
-20
-11
-40
-76
-53
-57
-52
-63
-51
-85
-93
-95
-102
-105
-115
-129
-138
-156
-172
-187
-212
-236
-237
-218
-201
-137
-124
-79
-27
-14
28
25
51
53
34
37
61
53
62
58
70
74
77
58
48
28
35
56
28
60
70
57
31
-7
-49
-91
-125
-107
-85
-63
-55
-41
-45
-55
-45
-58
-58
-63
-45
-4
73
123
174
228
275
330
296
277
269
218
196
191
176
188
179
135
150
89
67
37
0
16
10
9
62
107
115
124
92
108
107
97
112
116
148
153
114
65
79
58
28
14
29
-26
-55
-61
-65
-65
-112
-117
-158
-227
-256
-273
-290
-300
-270
-254
-217
-169
-175
-150
-147
-135
-133
-131
-124
-159
-174
-217
-235
-211
-177
-187
-178
-191
-205
-236
-260
-241
-239
-231
-200
-125
-71
-13
46
75
62
60
73
97
119
141
135
155
174
183
226
228
222
205
154
128
112
102
71
68
72
90
96
110
173
181
241
260
280
281
268
254
233
228
206
160
157
136
84
67
38
43
63
74
85
47
-17
-104
-162
-198
-228
-253
-245
-208
-249
-267
-259
-263
-243
-226
-222
-176
-186
-198
-190
-146
-135
-121
-63
-58
-7
11
51
65
71
66
37
9
31
67
23
64
53
57
63
36
57
47
51
72
93
112
103
111
151
162
160
148
156
150
132
117
122
143
172
186
202
193
189
195
166
144
93
69
82
62
52
56
67
47
54
53
33
15
-28
-39
-103
-108
-176
-184
-243
-285
-315
-331
-292
-270
-228
-234
-188
-170
-146
-145
-161
-188
-165
-159
-150
-150
-125
-104
-116
-102
-93
-107
-172
-165
-172
-187
-134
-121
-101
-92
-91
-42
-33
-39
-60
-47
-56
-59
-28
18
73
107
143
167
175
200
241
258
255
239
213
213
203
198
215
177
158
156
127
140
119
115
132
123
159
170
191
158
114
95
86
102
82
81
71
45
11
21
17
-40
-19
-1
-27
-27
-18
-57
-44
-33
-32
-34
-73
-61
-50
-58
-41
-42
-41
-32
-34
1
11
-1
31
31
31
14
6
3
-7
-5
-17
-30
-16
-26
-26
-20
-46
-4
-22
-30
-64
-117
-141
-164
-210
-239
-290
-325
-351
-365
-336
-320
-294
-267
-260
-254
-217
-185
-165
-156
-144
-111
-135
-108
-78
-63
-39
-18
18
59
109
120
136
149
160
199
236
303
329
321
313
319
307
290
256
237
215
181
186
179
152
83
27
32
30
36
58
