4
1
-2
-3
-9
-9
-6
-1
2
3
5
11
5
-1
-3
1
-2
-2
1
1
0
-2
-5
-10
-14
-11
-9
-7
-1
0
-1
-4
-3
-7
-5
-4
-7
-9
-10
-10
-4
-2
-4
-5
-8
-10
-12
-5
1
2
2
-3
-7
-10
-3
3
4
8
11
12
9
6
5
3
1
4
3
4
3
-1
-6
-5
1
1
3
5
5
7
0
0
-1
2
3
-2
4
5
8
12
6
1
-3
-2
-2
-6
-6
-4
-2
-4
-4
-4
-6
-1
2
4
1
-4
-5
-5
-4
-7
-13
-11
-10
-9
-6
-7
0
5
4
6
6
6
5
3
5
3
6
5
4
3
1
1
6
5
8
9
8
8
8
11
8
10
7
9
13
13
12
13
8
4
0
-1
-1
-1
2
0
-1
-5
-6
-6
-5
-5
-8
-8
-8
-7
-7
-7
-8
-6
-4
-4
-4
-6
-5
-9
-8
-12
-7
-1
3
1
-2
-4
-7
-10
-13
-9
-8
-2
2
3
2
-1
0
7
5
2
-2
-4
-2
0
-1
2
2
3
4
1
3
-2
-1
6
6
3
3
0
-3
-3
-1
6
11
14
15
14
10
8
9
7
6
3
3
3
5
6
4
3
6
4
-1
2
1
3
3
6
4
-6
-8
-8
-7
-3
-6
-8
-10
-15
-10
-10
-14
-17
-17
-16
-13
-8
-2
0
-2
-1
-6
-6
-4
-6
-5
-3
-1
1
7
6
4
1
3
4
1
4
6
9
8
4
5
1
-1
0
-3
-4
-3
-5
-6
-4
-1
1
-1
-5
-4
-3
-3
-4
-2
-4
-5
0
6
7
8
7
8
5
4
6
5
8
8
8
5
4
5
2
3
3
-1
-2
-1
-9
-6
-3
0
5
5
7
7
4
0
-2
-2
2
5
6
7
5
5
3
5
3
4
2
4
1
2
4
2
0
0
-1
-2
-2
-2
2
1
7
7
8
8
8
4
1
5
6
8
4
0
-1
-6
-4
-1
1
2
-1
-4
-7
-6
-4
2
6
9
6
3
-1
-4
-2
-1
-1
-3
-7
-9
-16
-21
-18
-17
-16
-16
-18
-14
-19
-21
-14
-12
-13
-13
-13
-13
-9
-13
-9
-5
-2
-3
-3
-3
-3
-6
-3
4
7
12
17
16
9
7
7
5
1
0
-2
3
3
1
5
5
1
5
5
-1
-4
-1
1
0
5
5
11
12
14
20
19
18
19
19
23
35
35
43
51
46
39
25
16
1
-7
-11
-14
-18
-16
-19
-27
-23
-20
-21
-24
-19
-9
-11
-5
2
-6
-13
-18
-20
-15
-12
-11
-11
-6
-8
-9
-11
-12
-9
-7
-7
-13
-9
-13
-19
-24
-22
-24
-13
0
5
-1
-9
-12
-13
-15
-14
-18
-19
-19
-11
-4
0
10
16
19
17
24
32
31
35
33
26
17
12
18
19
19
19
26
13
6
13
7
2
0
-2
-6
-7
-6
-11
-10
-7
-6
-6
-4
4
12
12
18
27
18
25
39
44
36
26
27
15
10
8
7
-5
-5
-5
-5
0
4
4
0
-9
-22
-30
-30
-27
-34
-41
-55
-55
-43
-37
-34
-21
-23
-29
-41
-37
-34
-39
-38
-32
-20
-12
1
13
16
18
16
14
24
29
31
33
39
36
28
29
35
28
5
-16
-22
-27
-39
-30
-26
-15
5
12
29
33
39
45
45
44
47
51
56
54
53
50
42
36
41
31
27
33
24
17
-13
-33
-38
-39
-40
-54
-49
-57
-76
-91
-94
-92
-100
-85
-57
-45
-36
-17
-8
1
-13
-15
-18
-10
8
17
27
22
14
19
20
13
9
-3
-15
-24
-31
-52
-73
-82
-93
-99
-103
-105
-95
-89
-71
-46
-27
-8
11
37
50
63
93
112
135
176
190
210
245
264
264
271
267
236
216
189
172
127
96
90
56
23
2
-45
-79
-94
-102
-111
-121
-92
-93
-81
-66
-57
-49
-41
-32
-43
-50
-53
-43
-44
-48
-64
-84
-83
-82
-78
-78
-61
-62
-62
-58
-63
-86
-103
-108
-110
-106
-117
-133
-121
-120
-113
-178
-285
-408
-469
-421
-480
-580
-693
-646
-498
-385
-312
-264
-149
31
197
291
326
388
539
682
759
733
814
955
1101
1110
988
922
926
971
918
719
525
429
413
252
36
-131
-235
-342
-503
-602
-658
-694
-680
-657
-627
-549
-474
-369
-272
-179
-151
-141
-34
97
144
156
201
298
317
288
295
326
399
394
340
249
185
94
-36
-240
-438
-532
-567
-669
-772
-803
-833
-834
-817
-813
-802
-669
-543
-474
-426
-275
-103
3
88
167
261
384
490
489
518
608
653
645
599
612
560
457
390
192
-86
-413
-664
-870
-965
-1122
-1306
-1353
-1294
-1110
-957
-872
-748
-510
-170
102
311
531
717
1016
1243
1380
1526
1740
2003
2143
2072
1987
1998
1972
1918
1700
1472
1254
973
624
240
-103
-420
-763
-1175
-1450
-1512
-1476
-1449
-1447
-1373
-1219
-1071
-947
-930
-802
-689
-508
-374
-272
-51
147
386
544
712
990
1236
1379
1374
1282
1186
1086
952
666
352
57
-281
-665
-974
-1165
-1243
-1388
-1569
-1717
-1735
-1671
-1682
-1660
-1724
-1741
-1676
-1534
-1373
-1157
-906
-627
-290
67
422
731
954
1166
1353
1393
1214
702
100
-404
-611
-954
-1369
-1830
-1943
-1656
-1362
-1173
-1140
-932
-498
5
356
443
491
809
1193
1439
1502
1656
1993
2406
2629
2620
2715
2944
3336
3542
3371
2984
2674
2540
2273
1737
1088
473
-116
-535
-1017
-1485
-1942
-2118
-2184
-2180
-2125
-2014
-1754
-1591
-1554
-1614
-1615
-1466
-1285
-1208
-1223
-1133
-901
-615
-234
51
402
776
1066
1172
1228
1365
1500
1401
1009
574
229
-64
-399
-739
-1104
-1323
-1365
-1351
-1338
-1332
-1193
-1051
-1018
-1033
-1090
-985
-914
-913
-860
-796
-657
-422
-186
15
265
603
1024
1281
1404
1487
1573
1497
1328
1093
468
-182
-852
-1212
-1404
-1684
-1945
-2059
-1822
-1521
-1163
-974
-810
-391
129
574
657
658
875
1101
1262
1339
1488
1793
2228
2656
2762
2826
2907
3083
3176
3019
2589
2055
1633
1190
649
63
-509
-1066
-1536
-1759
-1809
-1920
-1961
-1943
-1892
-1733
-1664
-1564
-1363
-1263
-1208
-1339
-1313
-1181
-1037
-910
-849
-688
-364
108
455
707
1064
1371
1393
1459
1486
1427
1219
960
634
301
43
-199
-461
-761
-938
-1062
-1167
-1191
-1251
-1237
-1150
-1171
-1258
-1196
-1112
-948
-786
-630
-374
4
321
516
698
968
1188
1316
1285
1235
1240
1047
907
682
571
176
-448
-1078
-1435
-1464
-1572
-1819
-2078
-1848
-1435
-1123
-1049
-1015
-926
-608
-333
-255
-229
-75
284
642
882
1062
1539
2111
2645
2849
2846
2980
3124
3168
2964
2478
1970
1640
1237
728
149
-253
-598
-965
-1206
-1380
-1418
-1472
-1525
-1515
-1512
-1526
-1495
-1323
-1172
-1104
-1102
-1029
-849
-722
-550
-449
-208
201
468
694
979
1424
1731
1795
1783
1708
1673
1560
1287
885
555
353
117
-211
-504
-823
-1144
-1443
-1770
-1986
-2050
-2005
-2016
-2049
-1878
-1620
-1400
-1255
-1061
-829
-555
-287
-155
-17
196
337
407
435
469
596
555
475
44
-292
-621
-984
-1160
-1371
-1383
-1521
-1475
-1218
-852
-705
-652
-476
-113
259
555
688
823
1065
1368
1729
1862
2191
2607
3030
3323
3393
3367
3507
3555
3448
3081
2585
2161
1735
1331
729
155
-361
-817
-1210
-1637
-1784
-1848
-1838
-1961
-2134
-2039
-2043
-2004
-2107
-2078
-2180
-2226
-2082
-1929
-1706
-1481
-1165
-737
-394
0
420
841
1197
1274
1406
1476
1496
1419
1415
1254
998
788
596
348
24
-152
-377
-590
-765
-912
-1118
-1365
-1522
-1615
-1656
-1610
-1394
-1214
-1073
-983
-794
-487
-204
-29
144
257
435
595
716
795
749
657
535
560
591
438
45
-502
-958
-881
-819
-1064
-1473
-1622
-1279
-1039
-963
-1022
-1015
-869
-605
-220
-7
131
473
1071
1552
1768
2065
2702
3279
3481
3378
3354
3462
3563
3419
2978
2294
1768
1601
1211
610
23
-282
-620
-1071
-1443
-1640
-1660
-1903
-2124
-2368
-2427
-2384
-2305
-2290
-2379
-2318
-2178
-1885
-1549
-1265
-882
-408
28
404
760
1266
1616
1826
1986
1971
1895
1888
1766
1439
1084
742
386
38
-302
-648
-911
-1256
-1510
-1688
-1787
-1841
-1952
-1984
-1875
-1828
-1685
-1487
-1268
-1068
-794
-499
-250
6
250
495
619
734
854
1064
1104
980
573
187
-299
-539
-522
-713
-936
-1214
-1033
-680
-365
-300
-429
-422
-254
35
150
114
146
333
664
968
1132
1606
2354
2999
3272
3343
3461
3721
3938
3851
3327
2682
2189
1727
1257
440
-259
-758
-1084
-1522
-1930
-2037
-2014
-1890
-2028
-2128
-2286
-2174
-2312
-2464
-2554
-2700
-2696
-2644
-2349
-2264
-2189
-1916
-1331
-785
-376
50
757
1420
1895
2277
2560
2721
2729
2606
2291
1961
1651
1433
963
345
-81
-362
-556
-865
-1112
-1262
-1296
-1361
-1398
-1382
-1373
-1367
-1328
-1259
-1187
-1035
-885
-629
-491
-388
-242
0
244
535
734
805
783
808
917
753
286
-299
-565
-580
-829
-1291
-1751
-1759
-1403
-1109
-1101
-1147
-994
-555
-83
113
166
363
706
1020
1195
1345
1684
2204
2723
2910
3010
3191
3456
3614
3497
3232
2822
2465
1937
1365
815
255
-277
-956
-1377
-1726
-1840
-2048
-2244
-2262
-2219
-2103
-2203
-2192
-2143
-2163
-2255
-2223
-2069
-1770
-1593
-1387
-1016
-554
-6
485
845
1044
1417
1692
1996
2268
2392
2400
2162
1828
1483
1196
773
133
-519
-1036
-1496
-1623
-1727
-1804
-1870
-2008
-1954
-1842
-1534
-1228
-905
-730
-567
-399
-242
-77
-9
166
257
208
129
164
280
250
279
126
26
-246
-436
-813
-1225
-1362
-1345
-1386
-1696
-1774
-1424
-845
-522
-526
-440
-100
351
738
942
1119
1359
1747
2201
2487
2833
3241
3747
4010
4072
3989
3954
3986
3848
3521
2794
2009
1408
932
195
-705
-1460
-1956
-2292
-2600
-2858
-2967
-2970
-3023
-3072
-2975
-2681
-2491
-2406
-2315
-2126
-1950
-1716
-1495
-1260
-1104
-883
-450
-17
465
852
1174
1555
1813
2070
2273
2388
2330
2126
1751
1371
996
675
288
-233
-778
-1191
-1394
-1520
-1583
-1689
-1759
-1833
-1704
-1460
-1207
-1074
-986
-849
-614
-430
-281
-115
-68
-74
-175
-157
-72
24
119
336
413
411
536
738
848
572
57
-419
-322
-361
-630
-1244
-1353
-1064
-909
-906
-1084
-914
-550
-191
-13
279
578
1027
1455
1926
2224
2538
3192
3723
3948
3754
3543
3458
3447
3285
2752
2146
1693
1310
805
169
-384
-839
-1295
-1722
-2043
-2215
-2265
-2323
-2547
-2621
-2734
-2796
-2800
-2781
-2716
-2749
-2573
-2322
-1962
-1614
-1228
-795
-330
88
508
1027
1427
1752
1995
2234
2268
2238
2085
1821
1571
1356
1142
749
328
-46
-304
-622
-979
-1261
-1422
-1594
-1748
-1769
-1709
-1521
-1330
-1149
-1089
-944
-723
-402
-187
-77
28
60
152
298
338
421
461
456
335
488
475
167
-223
-640
-678
-764
-960
-1423
-1491
-1192
-872
-946
-1127
-972
-572
-171
87
223
459
1036
1558
2009
2302
2740
3333
3959
4104
3930
3723
3691
3765
3442
2818
2046
1526
1154
673
-77
-776
-1179
-1448
-1693
-2068
-2299
-2337
-2264
-2305
-2460
-2566
-2627
-2676
-2693
-2868
-2917
-2980
-2667
-2282
-2019
-1680
-1213
-556
-17
496
1048
1604
2055
2357
2510
2585
2612
2506
2259
1846
1325
929
616
251
-128
-435
-506
-680
-773
-901
-1029
-1173
-1212
-1214
-1268
-1311
-1314
-1271
-1333
-1149
-983
-782
-653
-583
-513
-367
-225
-75
165
359
527
547
618
791
878
919
633
170
-277
-434
-460
-747
-1128
-1275
-1001
-714
-658
-693
-507
-154
161
454
661
1012
1356
1725
2024
2231
2424
2855
3325
3428
3206
2981
2902
2822
2604
2109
1455
854
439
76
-429
-984
-1349
-1573
-1738
-1938
-2101
-2083
-2199
-2304
-2510
-2637
-2657
-2616
-2594
-2546
-2547
-2523
-2209
-1756
-1299
-981
-591
-85
431
949
1375
1757
2134
2464
2616
2665
2627
2396
2095
1771
1397
1037
638
300
-194
-668
-913
-1030
-1207
-1311
-1406
-1506
-1382
-1366
-1234
-1120
-997
-858
-767
-601
-580
-494
-398
-421
-454
-493
-435
-357
-306
-175
-193
-57
36
318
441
438
362
-149
-432
-632
-677
-839
-1113
-1165
-1066
-800
-621
-511
-309
12
419
830
1170
1536
1925
2470
2876
3069
3154
3346
3553
3490
3165
2709
2385
2051
1739
1221
559
-2
-282
-457
-831
-1244
-1562
-1614
-1670
-1870
-2001
-2148
-2180
-2255
-2233
-2474
-2553
-2632
-2494
-2347
-2462
-2137
-1691
-948
-577
-310
30
599
1171
1707
2004
2193
2389
2471
2464
2155
1951
1840
1620
998
540
251
142
3
-210
-470
-652
-742
-911
-995
-1055
-1009
-1012
-1110
-1237
-1214
-1142
-1061
-1019
-1008
-847
-776
-707
-609
-410
-156
-46
-57
88
233
356
409
482
546
634
733
692
333
-34
-370
-423
-489
-718
-1003
-1297
-1175
-904
-700
-715
-636
-366
147
727
1109
1384
1707
2104
2456
2585
2602
2746
2974
2972
2568
2035
1570
1325
1050
507
-180
-572
-676
-680
-824
-1146
-1201
-1243
-1195
-1290
-1367
-1443
-1546
-1698
-2193
-2328
-2554
-2465
-2502
-2431
-2208
-1881
-1367
-711
-63
292
716
1278
1917
2252
2518
2661
2741
2582
2348
2119
1868
1488
1049
639
282
109
-40
-86
-289
-473
-614
-577
-593
-701
-660
-762
-925
-1163
-1097
-995
-1019
-1122
-1175
-1145
-1152
-1016
-872
-729
-663
-728
-695
-540
-331
-223
-167
-88
11
150
341
369
325
117
-382
-615
-710
-694
-907
-1096
-1086
-828
-576
-519
-334
23
471
863
1177
1422
1696
2004
2481
2708
2654
2560
2729
2810
2529
2080
1582
1335
1159
873
361
-40
-277
-272
-391
-715
-998
-1072
-1123
-1287
-1650
-1828
-1877
-1963
-2017
-2132
-2057
-2210
-2046
-1902
-1537
-1207
-841
-331
79
429
636
1108
1496
1687
1718
1786
1847
1914
1882
1887
1907
1724
1578
1337
1073
896
765
573
243
-74
-283
-451
-654
-849
-1088
-1311
-1542
-1641
-1760
-1802
-1928
-2032
-1990
-1881
-1796
-1731
-1514
-1269
-1072
-994
-814
-567
-233
134
378
437
439
730
999
1244
1318
1344
1375
1148
911
442
139
-86
-230
-520
-972
-1089
-831
-519
-433
-377
-287
14
376
645
773
796
749
806
915
909
897
973
1038
982
889
793
904
1015
1030
899
820
883
904
949
759
427
227
-152
-499
-761
-929
-1093
-1484
-1644
-1746
-1679
-1576
-1504
-1315
-1114
-976
-654
-189
209
405
557
778
869
1028
1252
1334
1189
1099
1145
1240
1242
1197
1202
1149
910
758
779
719
410
65
-256
-601
-894
-1096
-1240
-1608
-1941
-2061
-2199
-2207
-2222
-2117
-2137
-2221
-2153
-1764
-1366
-1115
-839
-559
-241
-53
163
371
633
896
1041
1181
1365
1644
1845
1965
1934
1843
1680
1135
834
577
313
-246
-776
-935
-879
-837
-996
-1091
-983
-632
-381
-178
-122
1
256
483
555
566
718
987
1087
1021
979
1073
1333
1557
1505
1343
1268
1288
1434
1393
1142
769
426
185
-268
-483
-792
-922
-1255
-1637
-1825
-1913
-1798
-1698
-1801
-1753
-1743
-1422
-975
-855
-623
-512
-45
78
237
328
519
853
878
867
1036
1362
1664
1751
1471
1435
1393
1342
1059
658
266
-61
-396
-1020
-1559
-1859
-2046
-2223
-2477
-2634
-2547
-2407
-2274
-2099
-1772
-1382
-929
-578
-403
-43
264
512
714
827
1000
1117
1358
1630
1958
2286
2378
2449
2461
2625
2566
2178
1505
844
464
60
-460
-1289
-1796
-2004
-2009
-2171
-2358
-2329
-2100
-1809
-1627
-1441
-1226
-827
-373
-33
109
307
664
1099
1455
1625
1742
1899
2274
2607
2711
2581
2455
2389
2338
2056
1523
1031
530
98
-444
-870
-1209
-1449
-1783
-2083
-2162
-2033
-1893
-1862
-1844
-1766
-1587
-1345
-1006
-819
-743
-719
-452
-164
68
354
665
1031
1342
1739
2140
2419
2521
2466
2235
2059
1798
1473
993
206
-525
-1070
-1573
-2085
-2452
-2734
-2933
-3041
-2927
-2647
-2212
-1952
-1787
-1534
-1309
-875
-546
-328
-158
-81
149
409
774
1187
1517
1683
1728
2001
2440
2815
2969
2888
2732
2688
2419
2043
1317
408
-294
-1015
-1628
-2389
-2779
-2947
-3019
-3110
-3174
-3013
-2699
-2273
-1927
-1673
-1394
-1006
-611
-20
309
516
769
1213
1829
2165
2446
2641
2918
3258
3376
3223
3086
2935
2631
2117
1402
824
396
-20
-642
-1374
-1702
-1961
-1970
-2130
-2225
-2216
-2139
-2083
-1974
-1849
-1684
-1430
-1366
-1127
-929
-650
-380
-59
248
627
1041
1540
2013
2306
2560
2870
3056
2935
2601
2148
1788
1265
720
13
-711
-1277
-1704
-2054
-2344
-2432
-2337
-2142
-2107
-1952
-1724
-1380
-1097
-1099
-1071
-868
-622
-447
-328
-112
216
593
977
1252
1619
1969
2261
2372
2465
2517
2464
2244
1902
1596
1157
518
-294
-1198
-1714
-2290
-2793
-3329
-3699
-3737
-3611
-3399
-3257
-3012
-2662
-2223
-1843
-1445
-973
-472
30
452
844
1332
1820
2353
2943
3284
3443
3628
3840
4014
3993
3655
3267
2855
2516
2029
1363
740
90
-430
-952
-1403
-1753
-1990
-2222
-2418
-2697
-2620
-2554
-2453
-2409
-2481
-2227
-1915
-1488
-1176
-771
-410
-36
398
950
1540
2033
2375
2600
2742
2864
2938
2796
2508
1989
1496
1089
714
279
-213
-660
-1138
-1574
-1894
-2067
-2174
-2286
-2469
-2576
-2655
-2525
-2204
-2032
-1983
-1930
-1497
-953
-404
87
546
992
1364
1757
2076
2345
2452
2418
2310
2104
1869
1688
1471
1091
665
389
65
-310
-820
-1306
-1710
-2202
-2671
-3135
-3289
-3405
-3414
-3378
-3364
-3198
-2815
-2254
-1712
-1168
-602
13
707
1439
2089
2630
3093
3605
4035
4332
4465
4497
4444
4234
3897
3493
3104
2743
2222
1552
904
301
-169
-555
-1197
-1761
-2260
-2497
-2686
-3079
-3160
-3333
-3180
-3315
-3253
-2923
-2463
-1973
-1558
-969
-565
-120
466
1148
1477
1733
2019
2410
2454
2479
2516
2589
2558
2265
1937
1607
1214
733
257
-329
-862
-1404
-1878
-2425
-2851
-2950
-2946
-3010
-3118
-2834
-2401
-1920
-1590
-1175
-608
-114
288
728
1183
1603
1774
1733
1628
1533
1594
1531
1482
1304
1128
1068
908
769
771
796
670
311
-23
-444
-1041
-1415
-1933
-2452
-2999
-3485
-3751
-3784
-3677
-3370
-2964
-2457
-1803
-1150
-460
196
825
1462
2136
2696
3105
3510
3909
4125
4221
4098
3992
3864
3711
3434
2966
2439
1973
1572
997
342
-264
-684
-1091
-1525
-2050
-2400
-2624
-2744
-2912
-3069
-2933
-2886
-2817
-2618
-2497
-1963
-1658
-1182
-681
-294
85
540
1159
1498
1851
2172
2679
2918
3007
3147
3297
3170
2872
2505
2062
1428
670
0
-768
-1559
-2235
-2665
-3049
-3321
-3485
-3464
-3394
-3250
-2895
-2404
-2056
-1742
-1282
-870
-457
-161
205
533
622
684
791
1065
1215
1334
1418
1411
1379
1414
1685
1968
1981
1977
1800
1553
1205
837
271
-615
-1357
-2152
-2711
-3295
-3730
-3819
-3757
-3622
-3410
-3028
-2532
-1825
-1101
-392
261
975
1683
2312
2847
3203
3548
3848
4023
4098
4040
3902
3684
3448
3193
2801
2268
1828
1511
1126
562
-6
-445
-726
-1192
-1564
-2184
-2511
-2823
-2896
-2908
-3227
-3282
-3439
-3274
-3349
-2945
-2498
-1915
-1376
-773
-76
601
1370
2062
2758
3068
3393
3557
3784
3698
3411
2976
2505
1920
1249
652
100
-500
-1228
-1809
-2256
-2521
-2754
-2872
-3140
-3139
-3000
-2758
-2598
-2464
-2230
-2028
-1816
-1655
-1266
-896
-459
-107
243
716
1159
1693
2048
2231
2391
2542
2648
2591
2571
2479
2360
2112
1756
1362
1043
661
72
-584
-1434
-2106
-2754
-3211
-3549
-3840
-4024
-4010
-3814
-3399
-2875
-2324
-1709
-1064
-292
448
1160
1802
2451
2935
3277
3437
3639
3813
3906
3807
3548
3341
3126
2909
2603
2303
1966
1665
1264
812
311
-151
-628
-1234
-1846
-2529
-2942
-3400
-3570
-3957
-3957
-3848
-3493
-3024
-2661
-1881
-1267
-399
185
994
1588
2100
2504
2842
3098
3121
3252
3282
3159
2842
2587
2270
2006
1531
1123
759
381
-90
-563
-1066
-1573
-2027
-2530
-2966
-3392
-3558
-3696
-3821
-3890
-3649
-3296
-2876
-2454
-1996
-1275
-716
-98
433
956
1437
1795
2014
2136
2236
2221
2272
2150
2060
1956
1844
1754
1493
1203
951
670
237
-217
-784
-1281
-1927
-2487
-3056
-3445
-3628
-3758
-3670
-3483
-2966
-2353
-1699
-1124
-431
242
887
1466
1929
2415
2886
3229
3346
3502
3633
3837
3865
3797
3730
3594
3441
3116
2711
2295
1862
1295
703
37
-610
-1274
-1914
-2477
-3013
-3392
-3790
-3811
-3860
-3571
-3392
-3049
-2666
-2142
-1512
-1002
-432
-7
552
881
1335
1587
1968
2275
2540
2705
2861
3030
3056
2994
2764
2576
2216
1791
1164
505
-223
-962
-1732
-2395
-3042
-3580
-4004
-4305
-4411
-4425
-4198
-3882
-3398
-2795
-2087
-1398
-781
-148
399
907
1308
1686
1936
2176
2311
2462
2562
2613
2662
2690
2736
2650
2623
2428
2116
1736
1383
1047
570
77
-527
-1193
-1880
-2618
-3220
-3668
-4047
-4244
-4303
-4131
-3756
-3264
-2594
-1918
-1314
-612
138
844
1537
2200
2799
3213
3487
3659
3803
3822
3724
3656
3486
3255
2906
2497
1984
1504
1050
538
102
-324
-750
-1273
-1693
-2073
-2402
-2719
-2866
-3118
-3223
-3221
-3131
-2785
-2576
-2149
-1685
-1053
-489
-58
570
1098
1620
2048
2511
2956
3257
3504
3654
3604
3441
3147
2744
2348
1746
1113
469
-219
-927
-1683
-2235
-2667
-3022
-3385
-3668
-3779
-3728
-3578
-3361
-3122
-2722
-2288
-1732
-1344
-924
-456
105
569
863
1268
1607
1968
2165
2339
2560
2673
2688
2614
2519
2316
2108
1789
1354
853
427
16
-483
-970
-1402
-1751
-2153
-2597
-2929
-3292
-3595
-3670
-3675
-3430
-3031
-2570
-2010
-1469
-838
-191
462
1120
1694
2241
2692
3018
3148
3232
3380
3394
3303
3220
3055
2973
2746
2368
2055
1721
1451
1065
737
341
-70
-523
-1109
-1608
-1993
-2281
-2520
-2765
-2968
-2981
-2882
-2625
-2441
-2033
-1670
-1073
-518
91
738
1324
1890
2260
2545
2610
2643
2446
2379
2094
1733
1389
1157
871
498
213
-92
-395
-817
-1105
-1400
-1642
-1913
-2110
-2356
-2601
-2774
-2747
-2728
-2762
-2616
-2315
-1909
-1535
-958
-365
165
538
995
1425
1816
2244
2507
2733
2795
2787
2750
2666
2360
2015
1650
1200
759
206
-172
-683
-1147
-1521
-1718
-1896
-2041
-2094
-2226
-2287
-2402
-2298
-2291
-2210
-2145
-2001
-1829
-1594
-1298
-924
-491
-109
254
592
1017
1364
1753
2144
2431
2547
2631
2709
2733
2697
2538
2333
2095
1802
1405
974
561
206
-133
-425
-626
-768
-780
-891
-1065
-1225
-1218
-1145
-1000
-912
-948
-825
-739
-450
-299
-79
258
538
947
1181
1493
1614
1602
1521
1486
1377
1179
1024
825
564
212
0
-108
-312
-544
-705
-869
-1054
-1211
-1386
-1530
-1690
-1908
-1949
-1985
-2004
-1906
-1713
-1538
-1468
-1232
-861
-389
-26
411
820
1223
1593
1829
1994
2041
1948
1783
1535
1161
793
429
-6
-417
-735
-959
-1141
-1288
-1406
-1425
-1478
-1533
-1499
-1374
-1205
-1080
-952
-902
-973
-985
-1031
-1071
-1160
-1143
-901
-653
-399
-117
184
495
817
1060
1340
1594
1751
1891
1955
1895
1782
1643
1525
1413
1211
1063
1017
965
919
863
773
705
682
641
561
474
406
389
249
53
-144
-220
-395
-563
-620
-537
-343
-312
-114
-87
99
137
249
360
390
343
264
203
-5
-122
-305
-276
-397
-480
-456
-353
-338
-350
-267
-150
-127
-192
-162
-160
-256
-431
-479
-673
-780
-956
-1077
-1156
-1170
-987
-775
-491
-299
-2
197
398
541
656
850
838
752
654
538
231
-39
-198
-306
-522
-743
-822
-883
-837
-790
-669
-530
-412
-284
-120
-14
-19
-51
-82
-192
-385
-492
-670
-763
-963
-1100
-1147
-1118
-978
-811
-607
-423
-247
-76
139
318
491
666
871
972
1019
1135
1282
1425
1490
1518
1621
1663
1725
1837
1854
1886
1792
1727
1508
1293
1126
904
670
405
200
18
-174
-312
-504
-688
-789
-870
-803
-837
-860
-933
-895
-816
-762
-708
-730
-696
-649
-510
-406
-292
-98
134
238
310
498
746
881
891
941
886
700
468
164
-195
-599
-983
-1299
-1511
-1577
-1564
-1538
-1465
-1330
-1129
-821
-486
-242
-8
236
393
414
364
280
207
35
-95
-130
-181
-208
-231
-239
-174
-53
140
324
412
498
567
507
395
245
114
-67
-339
-572
-884
-1123
-1380
-1585
-1674
-1697
-1577
-1403
-1139
-919
-682
-477
-195
39
351
584
748
983
1188
1415
1544
1677
1762
1888
1993
2052
2093
2128
2101
2005
1885
1709
1552
1408
1242
1000
738
419
197
5
-225
-472
-619
-739
-896
-1024
-1101
-1208
-1274
-1344
-1356
-1256
-1194
-1028
-975
-757
-594
-384
-177
-26
183
293
486
671
808
843
867
794
669
515
386
282
71
-197
-484
-755
-881
-1030
-1128
-1145
-1152
-1055
-997
-840
-728
-621
-422
-341
-272
-192
-92
-21
-65
-70
-12
3
56
151
215
214
215
224
239
236
222
215
96
23
-52
-80
-119
-204
-301
-443
-508
-571
-628
-650
-724
-798
-861
-905
-920
-964
-908
-787
-623
-493
-279
-147
44
261
448
676
904
1069
1231
1459
1532
1651
1675
1699
1715
1690
1630
1606
1662
1580
1479
1300
1201
1123
1028
857
686
457
265
46
-207
-438
-678
-864
-1047
-1100
-1217
-1202
-1245
-1174
-1109
-981
-824
-733
-489
-327
-110
5
137
176
230
241
269
304
305
325
295
275
240
288
243
205
120
28
-77
-195
-310
-369
-447
-566
-668
-738
-760
-816
-805
-816
-759
-780
-697
-604
-561
-485
-389
-184
-52
30
114
133
91
126
89
81
78
88
81
7
-1
-39
-51
-62
-64
-106
-93
-58
-66
-58
-146
-216
-290
-405
-493
-511
-543
-661
-761
-788
-733
-584
-518
-360
-186
-28
166
337
523
611
683
755
865
969
1084
1234
1350
1425
1422
1431
1514
1558
1541
1469
1394
1305
1257
1089
907
655
436
207
-6
-147
-285
-401
-636
-864
-1031
-1055
-1073
-1090
-1067
-993
-921
-868
-766
-648
-509
-451
-325
-186
-115
-94
-44
70
107
131
236
347
430
435
430
438
428
382
316
266
165
-45
-237
-432
-622
-798
-844
-875
-858
-730
-557
-437
-380
-221
-62
54
70
98
161
134
87
33
30
-8
-132
-170
-264
-329
-365
-384
-299
-278
-225
-215
-169
-189
-207
-117
-51
-58
-109
-157
-241
-345
-438
-477
-553
-598
-598
-635
-658
-633
-525
-411
-325
-267
-58
183
368
508
633
744
859
956
1064
1172
1220
1328
1340
1269
1189
1224
1258
1251
1209
1132
1100
1118
1046
967
927
882
796
632
501
367
175
-66
-329
-598
-765
-890
-1020
-1134
-1169
-1187
-1170
-1105
-1031
-948
-869
-743
-688
-579
-523
-430
-321
-260
-123
38
132
262
364
485
584
622
648
679
636
536
410
233
50
-104
-234
-366
-465
-494
-481
-490
-543
-512
-483
-462
-481
-563
-640
-717
-803
-837
-874
-879
-892
-949
-954
-943
-880
-794
-643
-500
-310
-19
184
386
615
810
938
1057
1061
1059
1010
924
725
462
210
-39
-195
-438
-599
-735
-750
-680
-684
-667
-549
-416
-277
-132
-26
131
267
448
545
609
737
924
1094
1219
1310
1445
1637
1797
1879
1946
2039
1998
1975
1904
1825
1658
1391
1083
690
312
-107
-466
-841
-1212
-1489
-1792
-2050
-2297
-2370
-2414
-2456
-2394
-2290
-2039
-1838
-1603
-1319
-1022
-717
-390
-63
250
637
1030
1313
1551
1763
1963
2040
2011
1931
1760
1607
1332
1006
702
443
161
-165
-437
-673
-892
-1051
-1213
-1339
-1409
-1432
-1406
-1436
-1435
-1458
-1496
-1534
-1512
-1482
-1429
-1313
-1240
-1061
-835
-522
-134
259
601
931
1266
1567
1805
1902
1970
1890
1665
1398
1137
824
455
-24
-511
-966
-1408
-1639
-1771
-1853
-1902
-1867
-1720
-1525
-1296
-1027
-768
-540
-267
-11
212
466
767
1031
1232
1431
1685
1979
2228
2424
2607
2771
2886
2895
2811
2741
2632
2450
2205
1862
1413
873
354
-223
-774
-1307
-1794
-2292
-2748
-3072
-3284
-3435
-3429
-3343
-3092
-2778
-2418
-2026
-1588
-1095
-631
-135
266
665
1105
1484
1759
2028
2235
2402
2485
2480
2470
2435
2327
2115
1825
1471
1076
624
177
-225
-627
-1013
-1424
-1754
-1950
-2070
-2161
-2237
-2241
-2169
-2008
-1868
-1683
-1501
-1328
-1137
-906
-653
-444
-179
91
365
642
933
1248
1551
1766
1935
1971
1990
1921
1675
1366
1020
649
187
-258
-742
-1144
-1516
-1877
-2153
-2315
-2408
-2485
-2541
-2504
-2330
-2076
-1680
-1287
-903
-531
-174
167
511
836
1115
1450
1752
2023
2258
2494
2685
2825
2898
2943
2951
2933
2846
2624
2368
2100
1771
1367
890
381
-121
-633
-1074
-1496
-1926
-2284
-2590
-2823
-2842
-2802
-2620
-2376
-2065
-1703
-1310
-900
-482
-92
281
671
971
1195
1392
1578
1688
1783
1863
1922
1987
1984
1936
1797
1606
1377
1047
689
296
-163
-587
-1036
-1507
-1875
-2194
-2412
-2557
-2609
-2547
-2443
-2292
-2050
-1807
-1559
-1250
-915
-564
-284
-77
153
357
521
653
766
873
901
967
1039
1076
1103
1085
1109
1068
993
855
622
358
2
-315
-628
-986
-1281
-1527
-1759
-1946
-2026
-1960
-1848
-1689
-1464
-1240
-998
-695
-415
-97
261
650
998
1263
1509
1753
1995
2178
2277
2388
2479
2520
2498
2425
2340
2211
2026
1763
1484
1241
947
635
289
-78
-401
-727
-1081
-1404
-1658
-1810
-1892
-1937
-1931
-1884
-1686
-1500
-1292
-1019
-752
-489
-313
-82
139
329
514
680
842
924
991
1054
1137
1151
1163
1170
1123
1024
850
637
406
159
-170
-535
-837
-1090
-1331
-1545
-1644
-1780
-1868
-1898
-1845
-1747
-1605
-1329
-1114
-849
-608
-373
-72
133
307
464
607
642
649
649
635
592
534
552
577
625
679
625
547
496
431
408
319
149
-77
-333
-596
-837
-1028
-1241
-1420
-1534
-1594
-1540
-1424
-1225
-998
-746
-455
-90
253
664
1034
1244
1453
1605
1774
1867
1944
1910
1846
1780
1626
1464
1275
1134
960
816
679
545
424
323
214
122
25
-174
-339
-466
-596
-744
-852
-883
-935
-953
-998
-1035
-960
-884
-772
-596
-428
-258
-87
120
298
437
550
628
673
692
700
719
725
670
534
413
358
261
171
23
-119
-339
-568
-786
-963
-1015
-1093
-1109
-1142
-1155
-1133
-1086
-989
-870
-715
-497
-318
-191
-49
39
150
147
150
143
64
21
-29
-73
-115
-101
-83
-34
31
138
275
400
506
539
449
359
256
88
-68
-276
-465
-641
-839
-971
-987
-1001
-929
-754
-538
-306
-21
296
622
891
1103
1290
1387
1527
1569
1609
1555
1426
1310
1166
1035
947
814
704
590
455
357
312
299
270
192
95
-9
-88
-127
-229
-327
-419
-456
-566
-718
-814
-845
-853
-878
-868
-830
-782
-707
-624
-539
-429
-312
-263
-202
-124
-35
47
102
79
81
121
64
24
10
-39
-72
-62
-107
-133
-175
-203
-172
-156
-152
-113
-101
-106
-77
-97
-124
-127
-131
-193
-267
-237
-211
-231
-184
-138
-82
-74
-46
-14
2
0
-28
-11
-56
-51
-79
-70
-10
24
61
92
95
97
123
106
90
112
144
186
187
197
207
188
167
179
207
262
329
353
404
467
495
535
559
576
598
552
483
367
330
260
138
105
52
8
-63
-142
-149
-156
-105
-1
67
187
233
207
233
240
248
236
168
87
-63
-182
-266
-343
-348
-406
-436
-474
-514
-539
-521
-494
-520
-536
-573
-504
-493
-498
-430
-421
-354
-335
-259
-167
-115
-47
44
149
281
350
383
450
459
419
346
296
243
189
121
50
2
-52
-84
-141
-233
-258
-284
-297
-333
-384
-402
-439
-467
-515
-513
-473
-446
-367
-247
-157
-66
73
209
366
494
621
743
838
912
967
999
1024
993
931
876
781
680
519
378
228
82
-22
-105
-171
-266
-386
-472
-604
-754
-827
-885
-967
-973
-967
-922
-852
-738
-639
-527
-320
-163
28
198
364
551
696
793
862
893
845
778
715
656
636
572
484
409
314
209
108
14
-140
-311
-476
-631
-761
-880
-973
-1040
-1048
-1096
-1089
-999
-939
-835
-681
-547
-378
-210
-17
200
425
597
686
788
839
892
933
932
912
904
869
832
745
634
504
395
278
150
16
-113
-249
-421
-583
-695
-768
-789
-775
-753
-718
-636
-554
-404
-201
-52
120
332
517
669
775
867
901
921
969
951
918
879
843
764
722
687
604
481
332
170
-40
-283
-507
-791
-1062
-1277
-1500
-1619
-1703
-1750
-1776
-1730
-1649
-1511
-1297
-1086
-866
-620
-362
-157
58
290
508
722
928
993
1054
1132
1129
1140
1122
1124
1104
1101
1007
886
753
615
482
318
142
-42
-217
-433
-613
-794
-960
-1101
-1214
-1292
-1312
-1305
-1245
-1148
-982
-761
-573
-337
-81
165
396
617
827
991
1125
1219
1242
1222
1188
1165
1088
990
886
722
549
390
219
79
-34
-167
-295
-449
-568
-683
-750
-832
-888
-870
-831
-754
-689
-578
-389
-200
-29
199
405
639
813
978
1141
1260
1363
1401
1384
1311
1231
1116
1017
879
668
439
197
-51
-346
-615
-866
-1088
-1300
-1538
-1715
-1849
-1930
-1973
-1995
-1973
-1886
-1708
-1538
-1329
-1054
-778
-480
-187
139
428
690
927
1098
1219
1292
1349
1406
1354
1257
1181
1118
1057
979
855
717
579
369
160
-52
-256
-467
-688
-853
-986
-1102
-1237
-1307
-1366
-1392
-1334
-1271
-1140
-983
-841
-643
-481
-288
-73
133
342
541
738
915
1091
1152
1211
1216
1216
1162
1100
1028
918
819
690
556
405
286
178
9
-110
-195
-327
-399
-436
-437
-396
-325
-236
-158
-35
67
147
257
414
578
717
872
969
1060
1104
1129
1117
1054
1071
965
832
654
444
243
59
-120
-384
-624
-901
-1148
-1332
-1536
-1691
-1813
-1941
-1986
-2030
-2030
-1958
-1867
-1716
-1543
-1331
-1093
-842
-615
-424
-199
36
224
398
521
648
787
884
1000
1056
1091
1077
1030
978
909
817
694
584
420
283
141
-4
-101
-264
-403
-454
-486
-504
-503
-502
-484
-446
-389
-304
-197
-96
6
146
235
317
437
519
582
608
638
640
685
769
797
815
815
757
732
709
664
628
536
412
278
156
21
-93
-167
-259
-353
-430
-463
-471
-416
-382
-344
-240
-190
-136
-79
-15
70
177
281
367
484
550
542
556
567
554
509
447
375
273
133
-48
-165
-344
-516
-667
-808
-865
-918
-959
-991
-1024
-1077
-1125
-1168
-1165
-1092
-1030
-959
-889
-834
-741
-628
-492
-364
-226
-100
-6
62
117
226
324
419
513
576
648
642
611
582
526
470
387
295
197
121
55
-37
-141
-165
-156
-171
-179
-154
-145
-99
-81
-49
7
65
129
172
289
371
479
566
638
696
693
681
666
638
650
626
583
523
445
420
406
428
428
429
376
301
234
179
149
80
29
-27
-95
-196
-238
-318
-425
-481
-506
-477
-459
-393
-334
-264
-168
-81
-3
90
164
228
244
258
280
256
225
190
68
-35
-131
-220
-312
-408
-430
-518
-594
-652
-631
-581
-592
-589
-626
-654
-657
-653
-658
-648
-654
-660
-637
-593
-535
-458
-364
-239
-134
-43
74
126
172
212
286
328
365
380
399
416
391
407
415
397
339
297
268
258
267
210
188
142
66
17
-18
-42
-93
-111
-103
-55
-13
72
157
171
233
305
314
325
336
348
320
323
304
241
210
181
160
167
222
236
291
334
341
360
348
334
345
334
334
322
247
186
109
-2
-87
-145
-212
-241
-272
-304
-297
-256
-228
-232
-223
-163
-110
-104
-98
-58
-59
-61
-77
-92
-94
-110
-94
-86
-68
-38
-22
-29
9
14
17
-12
-19
-48
-72
-96
-171
-252
-261
-268
-294
-292
-266
-258
-292
-309
-309
-335
-340
-358
-388
-410
-401
-349
-322
-264
-239
-233
-226
-184
-129
-62
68
113
150
217
233
245
255
263
224
178
114
102
103
101
111
81
79
75
90
95
125
171
203
262
283
254
228
197
145
123
79
73
6
-19
-43
-43
-42
-54
-3
43
102
125
226
281
323
364
372
368
327
316
310
325
313
275
208
175
165
124
97
81
63
26
-14
-25
-55
-81
-65
-73
-81
-99
-101
-77
-100
-103
-73
-92
-107
-95
-23
26
58
159
145
126
127
88
48
-20
-41
-81
-158
-206
-241
-277
-256
-260
-266
-316
-386
-426
-479
-561
-657
-701
-742
-778
-744
-688
-637
-591
-512
-419
-355
-217
-107
15
128
197
274
293
285
322
338
361
372
377
366
327
327
269
220
151
98
94
83
79
32
1
-19
-58
-81
-100
-134
-181
-202
-200
-189
-217
-207
-161
-127
-49
58
179
289
327
367
411
494
570
622
668
710
743
696
700
659
621
556
477
457
421
373
286
236
119
9
-77
-167
-192
-281
-321
-350
-384
-400
-395
-392
-358
-312
-305
-240
-172
-109
-34
11
91
118
153
153
133
124
81
76
49
14
-48
-87
-140
-210
-276
-312
-372
-421
-488
-529
-579
-581
-530
-571
-578
-543
-544
-575
-569
-530
-489
-429
-274
-168
-92
2
48
101
148
196
236
262
286
322
335
366
382
400
367
330
306
274
254
186
142
52
-31
-130
-159
-219
-284
-284
-284
-279
-263
-186
-94
-10
42
106
174
232
310
365
416
446
465
489
511
581
571
588
570
552
575
642
677
669
675
622
533
407
316
211
59
-57
-170
-282
-377
-448
-515
-579
-619
-627
-626
-572
-517
-428
-367
-328
-260
-209
-190
-125
-103
-111
-91
-54
-19
-41
19
85
98
86
123
172
166
186
125
56
-3
-81
-80
-116
-148
-187
-204
-202
-216
-220
-246
-242
-166
-215
-246
-244
-262
-287
-306
-278
-270
-269
-245
-233
-240
-177
-129
-29
-22
10
85
67
102
114
143
149
94
52
9
-17
-52
-109
-200
-256
-244
-283
-230
-173
-109
-59
7
100
121
206
252
371
380
419
448
429
462
440
469
434
454
456
456
406
369
387
365
368
393
435
420
437
406
353
256
140
95
15
-64
-153
-227
-269
-334
-360
-366
-374
-322
-338
-285
-288
-260
-221
-185
-165
-137
-111
-95
-9
33
77
111
160
191
191
165
165
153
107
83
78
51
16
-22
-112
-188
-266
-331
-381
-393
-386
-413
-409
-387
-368
-370
-344
-354
-350
-362
-346
-304
-313
-272
-238
-195
-141
-32
31
78
154
177
203
180
163
190
148
113
74
17
-49
-74
-88
-117
-201
-152
-131
-179
-112
-45
27
78
142
215
270
289
372
383
432
428
434
414
399
386
342
343
303
298
243
205
212
243
202
147
129
105
83
59
29
-13
-3
-22
-36
-79
-143
-166
-231
-226
-245
-250
-272
-281
-277
-285
-256
-154
-65
9
91
150
224
265
347
366
315
304
324
287
277
230
201
167
120
99
49
-14
-51
-52
-139
-166
-177
-159
-137
-130
-160
-211
-221
-248
-287
-323
-333
-374
-412
-426
-443
-437
-445
-383
-338
-334
-295
-288
-265
-236
-217
-145
-145
-119
-88
-61
-45
-103
-124
-144
-136
-131
-92
-70
-40
-54
-34
-18
-28
11
43
104
151
208
259
266
292
330
328
396
435
406
376
364
358
353
371
364
379
336
299
273
222
229
187
165
153
145
149
158
145
113
90
98
88
75
96
85
66
85
65
31
39
39
56
41
43
52
35
54
63
46
41
35
53
37
25
66
44
48
-1
-58
-101
-170
-203
-226
-266
-303
-273
-278
-267
-255
-273
-295
-301
-288
-317
-365
-349
-378
-386
-383
-395
-401
-415
-389
-388
-347
-351
-321
-316
-335
-265
-217
-169
-127
-104
-106
-71
-61
-34
-8
-8
0
31
82
103
170
219
257
254
259
260
268
285
329
355
365
411
415
414
387
352
335
358
320
310
353
309
283
252
200
154
125
91
21
-40
-72
-74
-73
-84
-96
-112
-111
-92
-59
-34
7
50
87
121
118
140
101
82
45
41
52
69
71
68
80
31
32
30
-3
10
23
-6
1
-32
-53
-108
-134
-160
-199
-199
-196
-176
-185
-167
-201
-212
-219
-200
-141
-92
-65
-91
-101
-100
-110
-145
-78
-47
-52
-27
-42
-54
-72
-62
-116
-129
-123
-186
-147
-162
-171
-139
-142
-135
-141
-154
-199
-199
-158
-114
-107
-80
-60
-71
-117
-102
-53
13
81
148
203
236
277
281
279
324
335
308
338
329
314
291
280
251
191
164
68
52
65
27
-13
-65
-71
-106
-119
-111
-90
-98
-88
-93
-110
-87
-80
-36
-28
18
43
73
144
160
194
244
276
326
336
356
388
371
346
305
270
210
182
128
70
32
-22
-38
-42
-75
-85
-92
-116
-124
-161
-221
-233
-257
-272
-261
-281
-270
-238
-228
-207
-175
-149
-121
-75
-65
-37
-16
11
16
-27
-27
-48
-74
-57
-79
-80
-114
-137
-151
-195
-202
-259
-320
-335
-348
-341
-330
-315
-297
-263
-197
-141
-86
-26
30
69
101
153
184
232
284
331
372
368
356
367
312
275
229
201
180
147
121
65
59
2
-28
-75
-109
-140
-177
-193
-217
-246
-296
-302
-320
-314
-291
-279
-240
-187
-161
-95
-21
68
146
219
276
305
331
381
446
435
480
488
496
480
415
383
322
296
253
194
161
146
142
87
37
25
-4
-42
-45
-28
-40
-51
-52
-75
-70
-82
-55
-64
-81
-84
-79
-53
-69
-50
-49
-29
-40
-42
-33
-49
-38
-19
12
6
-11
-37
-71
-120
-144
-204
-294
-345
-416
-476
-521
-519
-501
-488
-439
-422
-408
-370
-340
-280
-199
-151
-127
-58
-51
1
24
30
63
82
116
133
135
160
167
206
226
229
275
272
308
276
217
188
129
96
80
97
100
67
72
69
60
48
55
74
104
144
138
136
133
157
165
200
221
226
210
189
188
176
168
139
138
130
142
123
134
139
127
73
35
-19
-50
-96
-116
-158
-171
-181
-207
-205
-231
-200
-182
-144
-117
-67
-24
-24
-9
-24
-19
-30
-31
-53
-72
-83
-52
-56
-67
-16
-5
-12
-8
-17
-51
-81
-115
-148
-154
-164
-180
-168
-193
-239
-269
-288
-306
-304
-290
-288
-249
-215
-213
-170
-122
-73
-21
60
127
195
225
257
273
278
261
244
259
258
283
256
230
229
223
201
183
196
178
164
130
64
34
42
55
40
34
29
-3
-2
-22
-25
-14
-42
-30
-41
-36
-26
-4
37
33
51
60
29
-16
-14
-25
-45
-46
-41
-20
-35
-47
-46
-51
-44
-54
-10
16
52
64
92
96
92
72
52
76
103
67
74
83
93
120
112
123
107
73
59
49
21
5
-51
-68
-113
-143
-171
-207
-217
-245
-253
-246
-246
-227
-255
-269
-256
-240
-243
-286
-232
-217
-219
-179
-158
-170
-170
-141
-112
-59
-32
-41
10
34
54
92
108
103
159
184
187
214
189
153
110
94
56
15
19
37
62
65
74
91
102
115
108
142
132
91
96
64
37
42
74
80
87
68
43
29
38
47
50
61
78
85
57
77
95
78
82
69
37
-12
-55
-44
-45
-1
-12
25
27
26
39
26
63
62
87
96
125
161
176
169
158
161
156
143
125
162
169
136
97
69
15
-55
-100
-170
-244
-279
-293
-316
-311
-327
-339
-367
-384
-404
-410
-414
-375
-326
-312
-291
-296
-266
-246
-230
-175
-140
-87
-66
-18
24
37
86
148
199
232
266
282
286
249
180
159
84
68
83
60
65
60
55
46
57
24
8
-12
-21
-58
-61
-74
-33
55
80
121
153
173
182
193
191
214
217
214
228
236
225
223
188
174
160
164
172
156
135
75
31
-27
-33
-57
-78
-69
-93
-95
-75
-90
-103
-130
-136
-142
-147
-115
-97
-59
-18
-30
10
40
77
95
101
110
122
118
72
44
15
-21
-47
-52
-82
-113
-156
-170
-177
-196
-218
-248
-270
-329
-317
-288
-277
-234
-223
-194
-176
-180
-162
-140
-137
-141
-103
-62
8
58
107
149
195
252
270
301
303
292
264
246
212
195
167
109
42
13
-33
-80
-88
-116
-124
-128
-156
-172
-142
-178
-166
-157
-157
-136
-120
-93
-76
-45
-44
-20
-1
32
87
104
155
188
214
251
276
278
304
314
283
260
234
202
172
120
72
34
20
2
-33
-46
-77
-91
-98
-83
-82
-83
-101
-88
-82
-78
-67
-44
-20
-22
11
9
41
88
108
129
125
155
164
152
140
122
79
43
-7
-52
-75
-72
-68
-98
-86
-93
-117
-121
-146
-166
-167
-206
-233
-253
-262
-249
-246
-257
-230
-206
-176
-122
-104
-90
-51
-13
18
65
99
96
84
102
98
124
137
119
101
82
72
29
38
35
23
12
-9
-18
-1
25
-1
-9
-2
-11
-23
-25
-43
-34
-6
12
19
30
7
19
6
33
46
73
131
156
171
177
205
208
200
172
176
170
151
125
112
74
52
24
-9
-20
-31
-26
-10
-28
-47
-35
-69
-109
-125
-130
-114
-118
-109
-86
-68
-37
-10
7
20
8
23
-31
-34
-12
-31
-25
-36
-30
-59
-84
-114
-117
-105
-110
-90
-87
-121
-132
-164
-159
-124
-129
-108
-118
-110
-127
-131
-101
-75
-72
-36
-17
-30
12
32
88
125
146
158
161
142
131
135
132
124
116
101
97
84
87
106
99
126
121
121
104
74
65
77
93
82
76
73
72
40
2
-11
-68
-54
-41
-62
-37
-54
-7
-2
-13
-15
-23
-37
-40
-25
-33
-3
20
38
46
13
28
22
50
63
107
126
134
129
74
78
39
27
0
3
-12
-13
-1
-4
-22
-57
-65
-78
-98
-123
-138
-147
-141
-149
-184
-189
-179
-227
-229
-212
-187
-143
-116
-127
-126
-115
-92
-89
-57
-34
-42
-50
-33
-1
-33
-29
-58
-92
-99
-95
-52
-7
-13
23
24
13
20
33
50
77
105
96
108
127
121
114
97
86
91
123
148
183
179
179
190
195
213
240
255
277
241
193
214
175
177
156
131
105
73
48
-18
-55
-66
-99
-131
-101
-98
-127
-104
-116
-121
-133
-129
-124
-131
-117
-98
-81
-60
-61
-63
-56
-39
8
3
47
48
44
35
8
34
47
49
44
60
30
26
57
51
17
21
13
-29
-45
-50
-55
-39
-32
-21
-29
-62
-86
-85
-114
-89
-69
-64
-9
-21
5
27
42
36
33
46
29
33
-2
-63
-94
-124
-151
-154
-133
-131
-122
-136
-133
-115
-146
-173
-172
-157
-123
-63
-16
-40
-41
-32
-47
-36
-21
14
18
27
40
47
89
120
137
146
168
164
164
167
158
134
116
77
38
4
-25
-18
-23
1
22
4
18
5
-16
-46
-36
-57
-55
-91
-102
-78
-83
-35
-20
-30
-35
-35
-4
26
55
84
141
169
168
194
215
223
192
175
185
188
178
147
120
77
63
50
49
39
28
-5
-31
-65
-78
-65
-47
-59
-68
-46
-61
-53
-35
-5
-11
-9
-12
-9
3
-4
19
24
41
15
-11
1
-1
-14
-1
26
17
-3
1
-15
-55
-77
-75
-81
-95
-99
-77
-104
-152
-178
-203
-209
-203
-182
-176
-151
-123
-111
-102
-118
-113
-81
-55
-30
29
83
115
142
126
114
126
117
79
65
33
-1
-19
1
25
8
10
18
29
20
-2
6
-4
-25
-29
-35
-36
-52
-35
-15
4
26
34
4
-3
-14
-14
30
29
31
45
86
79
88
102
115
131
114
128
113
79
70
56
61
79
77
64
17
-1
-12
-17
5
-23
-64
-81
-98
-76
-84
-88
-47
-34
-35
-38
-24
-17
-21
-42
-45
-37
-39
-42
-31
-13
-18
-32
-33
-26
-9
5
-12
-7
-2
-34
-39
-74
-90
-93
-78
-25
-18
13
9
-2
-4
-32
-2
40
53
78
46
28
41
40
47
66
73
104
121
117
111
84
58
28
1
-12
-14
-21
-20
-17
-19
-23
-26
-46
-44
-41
-29
-5
20
42
68
82
93
74
67
94
94
115
108
72
60
60
43
28
24
35
28
71
64
81
106
93
100
95
79
53
63
30
-38
-83
-83
-98
-83
-73
-72
-85
-111
-132
-144
-151
-156
-130
-123
-114
-109
-108
-118
-134
-166
-159
-147
-158
-150
-174
-167
-158
-182
-170
-155
-145
-143
-122
-100
-102
-77
-56
-29
-5
5
14
24
25
20
12
25
16
32
64
65
75
76
81
71
73
102
121
116
133
131
145
158
166
170
148
140
137
103
81
65
51
43
44
54
30
24
2
1
-10
13
38
77
87
84
124
63
41
15
10
33
22
50
57
61
57
48
40
39
29
27
12
6
10
4
27
32
34
9
12
-2
-16
-9
-25
-2
-5
-5
-37
-72
-67
-69
-70
-67
-42
-52
-59
-42
-25
-10
-22
-42
-68
-98
-114
-130
-109
-93
-99
-75
-87
-90
-91
-72
-80
-77
-47
-41
-15
-15
0
27
14
0
24
21
28
33
23
50
75
86
77
77
67
43
29
2
1
-3
-4
-2
10
18
32
55
50
48
42
5
-14
-34
-37
-38
-42
-30
-15
13
-23
-55
-85
-94
-81
-83
-66
-74
-82
-92
-95
-86
-48
-41
-49
-25
-40
-48
-15
30
71
90
86
62
71
61
72
80
62
85
95
98
78
81
70
70
78
74
83
58
36
49
59
72
114
113
88
55
12
-6
-50
-50
-64
-97
-113
-136
-156
-153
-151
-155
-128
-104
-127
-121
-94
-68
-62
-51
-44
-59
-13
-10
9
31
57
72
102
109
95
90
42
40
63
77
117
145
133
126
126
94
54
54
64
75
60
39
30
24
29
4
3
-9
14
0
20
59
64
72
67
65
71
78
42
40
38
15
10
12
-19
-29
-38
-53
-77
-92
-93
-101
-104
-125
-121
-122
-104
-90
-107
-92
-122
-122
-116
-101
-94
-81
-48
-41
23
35
37
43
20
12
-13
-35
-29
-14
1
7
32
32
46
31
8
29
0
-17
-47
-65
-34
-27
4
15
-8
-24
-24
-24
-12
-39
-59
-51
-62
-73
-61
-40
-31
-49
-78
-87
-66
-41
0
59
62
23
13
-23
-24
-18
1
27
-3
-1
0
9
11
14
27
11
25
42
72
101
68
82
82
82
68
66
69
43
43
31
33
38
33
32
47
59
47
60
56
47
52
40
42
48
60
56
50
46
37
30
23
15
-6
-17
-24
-46
-54
-41
-40
-36
-27
-26
-38
-72
-79
-45
-29
6
58
74
78
82
59
36
32
28
16
10
25
15
23
-12
2
35
7
17
20
23
7
-23
-30
-51
-54
-38
-32
-17
-44
-54
-81
-81
-71
-74
-54
-32
-20
-29
-31
-10
-24
-16
-14
-17
-20
-2
16
7
3
-4
-12
-17
6
-14
-20
-37
-11
6
5
13
-5
14
8
20
33
16
11
-24
-42
-56
-89
-87
-91
-77
-72
-36
11
30
61
68
60
31
34
41
-7
2
19
24
48
39
39
11
15
22
-7
14
13
-2
-24
-11
-26
-32
-16
-12
-1
-8
6
-8
-8
-23
-34
-49
-69
-74
-87
-101
-97
-66
-65
-65
-16
-11
-14
21
39
52
49
59
53
64
88
82
98
105
88
93
97
101
102
100
110
101
92
74
70
97
72
66
45
39
13
-37
-29
-34
-26
-11
-28
-15
-26
-42
-14
-16
-23
-28
-32
-31
-45
-54
-49
-44
-50
-86
-68
-84
-91
-54
-40
-28
-30
-40
-30
-19
-16
-32
-47
-68
-51
-66
-71
-72
-64
-33
-37
-11
7
38
39
42
59
49
16
8
13
16
44
72
89
106
102
91
76
68
65
43
52
61
78
106
101
116
117
80
59
36
13
-25
-25
-48
-52
-48
-72
-102
-98
-97
-111
-95
-110
-97
-81
-70
-41
-55
-62
-66
-64
-62
-74
-53
-53
-38
-19
-30
-40
-60
-47
-36
-44
-68
-59
-71
-95
-82
-80
-51
-35
6
17
-15
-12
-26
-13
-8
0
25
54
63
52
64
64
79
86
60
