-27
-35
-39
-39
-34
-36
-30
-32
-32
-35
-39
-40
-48
-45
-37
-25
-18
-14
-13
-8
-8
-6
-2
-1
-3
-2
-5
-2
4
8
4
-7
-19
-28
-36
-37
-33
-35
-38
-30
-22
-25
-16
-12
-7
-3
-3
16
13
18
24
24
27
37
51
46
51
54
57
50
46
44
40
29
28
25
24
36
29
30
30
30
31
23
13
16
22
16
19
23
24
26
23
20
14
9
13
16
17
20
17
21
21
14
12
4
-12
-17
-10
-5
-3
-4
-14
-17
-18
-18
-16
-19
-17
-23
-24
-33
-40
-44
-44
-49
-52
-47
-41
-30
-30
-30
-29
-25
-35
-46
-43
-37
-23
-23
-11
-8
-12
-22
-17
-11
-3
2
10
21
20
21
19
24
17
5
2
-1
7
2
3
9
-2
-5
-4
-7
-1
7
-3
-1
-2
-4
1
4
7
0
-1
1
-5
-3
5
10
7
5
4
3
7
10
8
5
5
4
-5
-6
-1
-12
-14
-18
-21
-15
-20
-8
-3
-6
-6
-10
-10
-4
1
14
18
24
28
28
33
36
44
43
45
33
20
26
26
15
9
2
-1
4
7
7
14
9
-4
-3
-3
-1
1
8
13
5
7
15
9
7
4
3
-3
-12
-16
-12
-16
-22
-14
-14
-8
-1
-2
-4
-4
-6
-1
-1
3
17
10
6
9
11
12
9
10
8
11
-3
-10
-18
-24
-27
-27
-21
-19
-11
-11
-10
-12
1
7
13
13
15
14
11
20
14
0
-17
-35
-49
-59
-68
-64
-64
-67
-59
-57
-64
-68
-70
-72
-72
-64
-58
-47
-40
-38
-31
-25
-13
1
19
23
35
38
42
43
46
52
57
57
57
55
50
43
35
28
20
18
16
17
30
44
54
57
58
63
56
40
35
22
5
-2
-20
-31
-43
-47
-47
-43
-31
-24
-12
-5
2
9
15
20
16
9
-2
-7
-7
-6
-8
-6
-3
-1
11
15
17
14
11
12
15
16
9
3
6
12
6
10
10
10
10
7
12
9
6
7
4
0
1
18
21
28
30
32
36
32
26
42
42
41
44
39
42
34
30
26
22
10
2
-6
-5
-13
-21
-28
-39
-48
-55
-54
-51
-44
-44
-39
-39
-32
-27
-26
-19
-27
-29
-34
-32
-33
-23
-10
0
5
11
13
14
18
20
27
26
40
47
45
59
64
62
70
64
49
40
38
37
28
15
5
-12
-33
-42
-40
-45
-40
-42
-56
-58
-47
-38
-28
-19
-21
-29
-36
-42
-42
-66
-78
-91
-99
-105
-111
-102
-100
-96
-93
-95
-91
-91
-83
-79
-72
-72
-72
-64
-53
-61
-80
-70
-74
-45
-63
-52
-45
-29
-14
-28
-7
9
35
51
76
124
172
205
214
242
268
305
312
323
327
340
346
336
323
319
321
293
253
230
205
167
120
62
26
-13
-49
-104
-150
-192
-249
-313
-374
-427
-455
-490
-527
-544
-559
-577
-592
-592
-575
-532
-493
-454
-408
-350
-262
-191
-125
-67
20
107
165
237
330
432
506
573
632
688
709
726
723
702
698
689
641
609
564
523
477
433
389
351
310
261
214
168
126
78
37
-18
-69
-127
-162
-196
-239
-251
-250
-269
-279
-283
-272
-302
-319
-347
-368
-447
-507
-590
-681
-745
-853
-905
-974
-976
-967
-971
-939
-893
-802
-733
-647
-550
-435
-299
-206
-100
-11
95
169
233
326
409
501
590
619
641
694
723
737
731
732
751
755
717
697
686
630
587
534
466
438
370
330
302
288
269
255
243
228
249
250
258
247
256
262
260
279
254
249
224
223
166
109
72
45
-11
-101
-149
-207
-240
-310
-323
-368
-384
-417
-484
-478
-508
-481
-463
-493
-541
-631
-613
-638
-708
-720
-736
-763
-851
-887
-915
-960
-1023
-1037
-1033
-1025
-983
-922
-832
-743
-637
-562
-399
-244
-84
108
265
463
645
784
954
1090
1221
1349
1471
1609
1678
1750
1798
1860
1934
1973
1987
1974
1985
1958
1892
1732
1592
1475
1301
1113
829
653
410
178
-74
-279
-461
-631
-762
-939
-1067
-1192
-1288
-1370
-1464
-1556
-1573
-1601
-1570
-1589
-1552
-1493
-1442
-1397
-1401
-1275
-1365
-1402
-1388
-1425
-1374
-1543
-1510
-1538
-1445
-1408
-1373
-1259
-1126
-960
-820
-776
-646
-419
-154
-1
191
387
752
921
1020
1137
1304
1521
1600
1717
1798
1944
2013
2009
1944
1907
1871
1786
1680
1580
1465
1398
1296
1122
904
812
687
599
377
290
293
220
93
-57
-128
-187
-222
-358
-438
-528
-603
-691
-753
-759
-674
-669
-632
-579
-516
-452
-412
-415
-468
-506
-500
-538
-662
-708
-726
-699
-727
-812
-785
-765
-720
-714
-650
-539
-474
-441
-463
-532
-695
-831
-1003
-1139
-1343
-1602
-1685
-1774
-1747
-1793
-1860
-1749
-1511
-1247
-1151
-943
-588
-248
43
226
444
744
1118
1362
1528
1748
2114
2445
2560
2636
2784
3049
3208
3141
3036
3073
3107
3014
2762
2533
2356
2095
1872
1374
993
633
329
4
-434
-698
-935
-1084
-1354
-1573
-1662
-1732
-1712
-1796
-1813
-1780
-1630
-1585
-1586
-1496
-1365
-1134
-1109
-1040
-937
-793
-709
-731
-642
-543
-357
-366
-303
-316
-220
-80
-72
-26
-30
118
50
-13
-319
-396
-622
-777
-1198
-1525
-1684
-1829
-1893
-2169
-2277
-2105
-1929
-1775
-1803
-1620
-1304
-894
-716
-649
-287
132
588
803
1096
1368
1849
2076
2217
2327
2507
2839
2903
2895
2845
2919
3031
2922
2735
2509
2448
2385
2270
2096
1873
1756
1561
1337
1094
839
543
232
-93
-569
-1008
-1346
-1712
-2021
-2410
-2551
-2682
-2693
-2642
-2606
-2465
-2248
-1965
-1646
-1462
-1188
-902
-624
-418
-286
-117
123
356
433
588
727
950
1092
1243
1302
1342
1323
1275
1229
1107
1036
944
819
661
545
349
135
-105
-444
-662
-1136
-1259
-1541
-1697
-1931
-2246
-2276
-2524
-2431
-2556
-2596
-2515
-2434
-2152
-2101
-1984
-1705
-1335
-1056
-949
-749
-413
49
320
633
911
1411
1823
2070
2270
2504
2913
3083
3183
3095
3111
3201
3093
2827
2501
2340
2132
1809
1509
1257
1183
1004
859
535
211
119
-180
-304
-804
-915
-1105
-1411
-1554
-1766
-1768
-1743
-1608
-1528
-1544
-1291
-961
-661
-480
-129
269
655
873
1080
1235
1320
1447
1302
1232
1128
1089
839
574
296
124
69
-79
-241
-387
-482
-660
-910
-1357
-1773
-2076
-2568
-2836
-3409
-3524
-3729
-3860
-3893
-4058
-3900
-3759
-3438
-3204
-2907
-2463
-2011
-1522
-1204
-780
-329
203
562
884
1278
1567
2007
2293
2612
2772
3041
3379
3582
3731
3813
4067
4241
4278
4194
4043
3897
3733
3476
3171
2796
2431
2099
1794
1385
1095
625
310
104
-435
-710
-1122
-1181
-1345
-1525
-1499
-1608
-1553
-1589
-1574
-1534
-1541
-1382
-1264
-1262
-1269
-1170
-960
-770
-706
-514
-282
-15
51
97
174
69
21
-152
-322
-555
-756
-936
-1105
-1310
-1418
-1524
-1613
-1739
-1870
-2090
-2116
-2499
-2538
-2785
-2710
-2870
-3073
-3016
-3073
-2854
-2980
-2824
-2607
-2383
-2081
-1919
-1654
-1291
-766
-351
-41
355
798
1346
1672
2067
2376
2907
3283
3598
3819
4085
4484
4671
4841
4947
5140
5311
5286
5102
4835
4587
4319
3912
3380
2895
2403
1956
1568
1102
599
-136
-273
-977
-1326
-2053
-2209
-2504
-3063
-3152
-3498
-3434
-3491
-3489
-3451
-3504
-3192
-2989
-2770
-2677
-2310
-1929
-1562
-1155
-867
-407
-187
275
260
511
517
636
625
366
289
135
252
118
-84
-308
-303
-380
-638
-856
-827
-1107
-1348
-1662
-1950
-2107
-2573
-2704
-2945
-3013
-3058
-3141
-2870
-2767
-2537
-2289
-1986
-1677
-1478
-983
-527
-167
84
708
1255
1677
1855
2262
2796
3144
3395
3665
4066
4422
4607
4801
4968
5110
5113
5024
4825
4545
4293
4018
3719
3192
2823
2422
2166
1535
1155
293
12
-522
-1141
-1640
-2250
-2249
-2866
-3041
-3308
-3494
-3463
-3550
-3449
-3549
-3576
-3304
-3104
-3084
-2954
-2576
-2354
-1971
-1850
-1355
-1132
-812
-529
-320
19
77
410
437
483
434
448
583
531
305
267
180
-4
-324
-440
-672
-1148
-1508
-1904
-1892
-2266
-2403
-2554
-2636
-2568
-2703
-2556
-2295
-2192
-1851
-1673
-1259
-999
-649
-195
168
373
747
1299
1708
1953
2111
2609
2939
3212
3434
3775
4159
4350
4543
4720
4921
5110
5053
4966
4676
4442
4148
3850
3356
2809
2275
1869
1379
816
43
-435
-872
-1605
-2016
-2677
-2724
-3270
-3580
-3770
-3997
-3920
-3954
-3803
-3837
-3925
-3689
-3489
-3344
-3222
-2854
-2546
-2145
-1846
-1355
-834
-422
7
217
614
834
1229
1378
1452
1531
1567
1688
1565
1396
1209
1107
848
583
248
84
-396
-706
-1131
-1346
-1501
-1982
-2113
-2510
-2575
-2764
-2957
-2869
-2835
-2712
-2591
-2388
-2044
-1706
-1220
-848
-467
-213
424
950
1406
1699
2110
2555
2707
2956
3120
3491
3784
3865
4007
4095
4301
4381
4336
4177
3942
3838
3634
3389
2971
2445
2073
1786
1194
631
4
-406
-1059
-1615
-2043
-2436
-2602
-2873
-3040
-3088
-3041
-2918
-2805
-2707
-2691
-2485
-2306
-2050
-1928
-1732
-1469
-1301
-1137
-928
-501
-307
-27
91
232
459
564
734
769
784
803
797
758
771
799
722
695
419
177
-158
-358
-1017
-1360
-1853
-2077
-2385
-2879
-2929
-3288
-3175
-3280
-3255
-3005
-2874
-2508
-2314
-2034
-1706
-1215
-766
-449
-114
177
755
1085
1551
1765
2247
2705
2961
3327
3504
3952
4161
4334
4463
4561
4837
4852
4804
4576
4279
3990
3611
3145
2527
1999
1380
988
501
-11
-845
-969
-1635
-1978
-2484
-2650
-2629
-3088
-2997
-3200
-3141
-3033
-3019
-2816
-2809
-2727
-2383
-2218
-2063
-1744
-1448
-1139
-814
-538
-30
223
713
745
984
1100
1193
1339
1193
1177
1039
1067
991
767
508
328
47
-286
-765
-948
-1485
-1737
-2336
-2515
-2769
-3154
-3299
-3616
-3614
-3779
-3871
-3641
-3488
-3325
-3067
-2791
-2295
-1971
-1463
-943
-350
8
753
1284
1883
2165
2574
3061
3243
3474
3659
4087
4311
4474
4698
4855
5035
5146
5194
5130
4835
4700
4486
4285
3736
3312
2750
2364
1725
1189
277
-83
-775
-1434
-2003
-2600
-2563
-3159
-3246
-3450
-3532
-3449
-3433
-3340
-3270
-3180
-2813
-2591
-2522
-2301
-1981
-1797
-1537
-1492
-1098
-1035
-702
-551
-428
-100
44
414
436
560
614
765
908
937
796
871
711
579
235
-68
-385
-906
-1256
-1741
-1855
-2236
-2626
-2811
-3113
-3076
-3273
-3287
-3105
-3038
-2807
-2742
-2300
-2114
-1680
-1188
-648
-336
89
786
1282
1718
1952
2512
2892
3163
3439
3666
4061
4299
4548
4748
4829
5048
5134
5189
4952
4726
4565
4369
3943
3376
2835
2323
1747
1086
519
-114
-660
-1172
-1754
-2271
-2677
-3017
-3261
-3509
-3606
-3584
-3471
-3375
-3330
-3194
-3106
-2953
-2838
-2777
-2606
-2257
-1959
-1759
-1462
-1202
-828
-623
-476
-158
88
326
477
625
771
842
962
939
1027
917
974
787
681
335
89
-341
-822
-1256
-1813
-1938
-2541
-2667
-2969
-2934
-2878
-2967
-2723
-2480
-2222
-1985
-1829
-1369
-1056
-690
-371
40
256
660
1045
1422
1762
2036
2636
2960
3356
3556
3947
4250
4444
4649
4826
5034
5143
5071
4896
4665
4350
4021
3615
3023
2484
1825
1419
790
183
-345
-886
-1419
-2095
-2585
-3038
-3349
-3701
-3965
-4168
-4220
-4267
-4209
-4154
-4044
-3812
-3621
-3334
-3093
-2842
-2476
-2123
-1733
-1325
-1005
-539
-126
248
495
802
1122
1423
1552
1669
1854
2001
2087
2190
2137
2071
1945
1730
1392
1053
609
55
-361
-1176
-1402
-2072
-2322
-2815
-3190
-3236
-3407
-3367
-3252
-3044
-2698
-2532
-2186
-1816
-1401
-1052
-650
-224
61
495
853
1222
1319
1669
1976
2324
2670
2979
3335
3741
4062
4353
4498
4725
4803
4765
4599
4385
4237
3862
3384
2815
2283
1664
990
395
-227
-882
-1472
-1990
-2354
-2789
-2976
-3168
-3228
-3367
-3355
-3169
-3009
-2862
-2753
-2456
-2266
-2109
-2003
-1793
-1617
-1395
-1165
-954
-701
-481
-244
79
284
587
843
1073
1231
1269
1429
1458
1472
1380
1254
1195
1000
801
522
184
-264
-862
-1239
-1894
-2184
-2776
-2923
-3150
-3434
-3393
-3450
-3243
-3150
-2895
-2630
-2392
-2132
-1745
-1335
-965
-491
-82
361
746
1050
1407
1764
2188
2458
2796
3031
3282
3568
3721
4003
4146
4307
4441
4434
4379
4246
4094
3935
3662
3213
2793
2284
1856
1239
725
155
-441
-913
-1446
-1885
-2282
-2583
-2767
-2895
-3069
-3111
-3026
-2934
-2806
-2667
-2372
-2073
-1852
-1571
-1370
-1068
-929
-725
-584
-480
-278
-105
90
239
372
582
797
831
852
970
1056
1076
1012
929
849
717
472
139
-197
-662
-1183
-1540
-2148
-2508
-3026
-3298
-3559
-3832
-3959
-4062
-3795
-3648
-3343
-3045
-2717
-2367
-2004
-1585
-1210
-835
-407
169
631
1091
1608
2016
2446
2688
2997
3226
3541
3915
4090
4371
4522
4756
4941
4984
4990
4876
4744
4535
4257
3867
3472
2925
2519
1882
1322
802
179
-295
-937
-1314
-1758
-2027
-2280
-2570
-2743
-2873
-2810
-2857
-2830
-2809
-2612
-2418
-2214
-2049
-1918
-1639
-1482
-1257
-1069
-949
-771
-715
-578
-566
-496
-361
-220
-78
-38
104
216
233
151
93
-25
-26
-114
-343
-461
-696
-1092
-1267
-1788
-2062
-2463
-2883
-3014
-3420
-3490
-3653
-3570
-3353
-3241
-2860
-2518
-2177
-1709
-1279
-804
-353
98
601
1077
1439
1890
2172
2576
2825
3038
3291
3444
3734
3924
4084
4239
4468
4649
4779
4787
4735
4607
4531
4266
3901
3509
3070
2612
2095
1499
999
402
-100
-636
-1065
-1509
-1870
-2083
-2384
-2604
-2807
-2785
-2746
-2730
-2692
-2518
-2348
-2180
-2061
-1906
-1680
-1543
-1421
-1293
-1225
-1146
-1109
-936
-851
-771
-747
-619
-484
-419
-371
-316
-53
-40
-19
-142
-150
-193
-380
-604
-764
-991
-1434
-1578
-2058
-2141
-2522
-2743
-2845
-3164
-2989
-3058
-2778
-2513
-2344
-1992
-1712
-1333
-995
-590
-292
108
530
941
1478
1855
2282
2505
2858
3108
3279
3554
3739
4070
4188
4275
4443
4493
4503
4357
4183
3968
3754
3476
3098
2735
2239
1875
1519
1132
674
299
-26
-385
-700
-1021
-1316
-1543
-1846
-2069
-2237
-2401
-2464
-2484
-2518
-2582
-2507
-2319
-2117
-2001
-1832
-1598
-1366
-1150
-1022
-815
-649
-627
-510
-482
-374
-328
-365
-394
-450
-499
-442
-396
-406
-499
-584
-498
-519
-466
-655
-721
-1031
-1402
-1638
-2089
-2118
-2630
-2655
-2908
-3000
-2918
-2997
-2726
-2611
-2404
-2053
-1760
-1341
-896
-394
-25
487
819
1316
1704
2061
2457
2643
3144
3317
3642
3860
4039
4205
4238
4410
4392
4462
4546
4445
4389
4098
3935
3696
3446
2956
2576
2124
1711
1295
851
154
-291
-650
-1273
-1488
-2160
-2121
-2553
-2712
-2750
-2881
-2766
-2710
-2550
-2412
-2333
-1945
-1609
-1537
-1313
-1057
-981
-746
-739
-539
-572
-641
-379
-459
-361
-521
-316
-322
-427
-491
-482
-449
-503
-761
-922
-1001
-1157
-1370
-1531
-1705
-2127
-2286
-2744
-2724
-3124
-3366
-3275
-3419
-3218
-3293
-3017
-2662
-2535
-2188
-1819
-1350
-968
-547
-72
445
805
1254
1817
2127
2536
2691
3176
3400
3568
3817
4018
4245
4270
4398
4603
4649
4780
4773
4725
4497
4230
4047
3873
3455
3021
2693
2236
1891
1255
811
355
-137
-615
-920
-1287
-1550
-1834
-1966
-2081
-2283
-2207
-2212
-2033
-2082
-2074
-1884
-1811
-1765
-1781
-1691
-1670
-1533
-1475
-1413
-1314
-1332
-1230
-1134
-1005
-1034
-997
-957
-974
-985
-943
-904
-927
-1035
-1195
-1218
-1272
-1416
-1458
-1639
-1871
-2020
-2414
-2504
-2663
-2852
-2823
-3071
-2796
-2749
-2533
-2231
-2151
-1830
-1610
-1214
-910
-803
-496
-244
23
220
535
934
1399
1738
2108
2507
2883
3352
3646
4056
4241
4490
4785
4868
4926
4857
4903
4861
4620
4379
4093
3969
3678
3352
2943
2657
2359
1981
1642
1180
847
489
221
-202
-609
-978
-1282
-1611
-1889
-2230
-2376
-2519
-2711
-2726
-2757
-2667
-2618
-2523
-2390
-2336
-2260
-2098
-1983
-1868
-1797
-1672
-1527
-1500
-1445
-1377
-1332
-1247
-1294
-1306
-1393
-1402
-1448
-1449
-1450
-1455
-1411
-1389
-1430
-1475
-1560
-1586
-1836
-2016
-2104
-2371
-2365
-2709
-2635
-2665
-2591
-2428
-2354
-1994
-1630
-1405
-1031
-775
-415
-57
201
553
898
1259
1650
1953
2221
2522
2852
3354
3559
3796
4052
4385
4685
4886
5027
5148
5303
5335
5156
5040
4811
4505
4223
3727
3198
2850
2360
2010
1537
1082
760
376
88
-273
-629
-960
-1217
-1515
-1753
-2067
-2201
-2292
-2477
-2591
-2745
-2765
-2804
-2881
-2911
-2898
-2790
-2773
-2661
-2525
-2401
-2154
-1956
-1724
-1638
-1586
-1496
-1385
-1437
-1437
-1521
-1534
-1570
-1667
-1683
-1697
-1585
-1606
-1522
-1561
-1582
-1522
-1639
-1824
-1805
-1969
-1808
-1986
-2076
-1957
-2013
-1812
-1810
-1680
-1465
-1265
-982
-651
-426
-43
339
724
1135
1387
1810
2213
2547
2945
3169
3527
3814
4136
4306
4477
4684
4888
4978
4971
4969
4946
4873
4649
4473
4192
3920
3654
3156
2746
2334
1901
1549
961
553
64
-259
-607
-1014
-1373
-1697
-1987
-2238
-2433
-2663
-2779
-2975
-3130
-3206
-3293
-3278
-3213
-3235
-3340
-3249
-3116
-2925
-2783
-2650
-2381
-2210
-1941
-1818
-1613
-1438
-1299
-1146
-1181
-1153
-1168
-1117
-1179
-1180
-1141
-1049
-972
-956
-855
-820
-745
-843
-777
-974
-717
-860
-778
-801
-999
-824
-958
-892
-996
-915
-669
-543
-464
-377
-202
47
341
571
885
1174
1458
1861
1992
2344
2608
2954
3260
3409
3663
3881
4134
4264
4342
4372
4414
4479
4422
4181
3900
3720
3478
3213
2817
2428
2115
1770
1384
856
538
203
-118
-514
-938
-1233
-1412
-1678
-1886
-2102
-2300
-2419
-2539
-2675
-2879
-3035
-3229
-3328
-3449
-3463
-3408
-3310
-3258
-3155
-2956
-2667
-2364
-2045
-1831
-1586
-1368
-1244
-1172
-1136
-1123
-1134
-1098
-1167
-1166
-1241
-1266
-1290
-1279
-1197
-1118
-839
-718
-473
-504
-389
-138
-179
13
-251
-144
-281
-422
-352
-611
-624
-659
-580
-545
-536
-365
-164
121
324
705
1044
1556
2001
2406
2805
3055
3542
3751
3987
4084
4267
4451
4409
4426
4413
4385
4337
4190
3964
3778
3568
3345
2990
2558
2237
1885
1552
1181
747
349
50
-219
-470
-718
-1034
-1270
-1598
-1922
-2240
-2567
-2812
-3148
-3446
-3696
-3813
-3916
-4046
-3998
-4007
-3894
-3651
-3459
-3181
-2841
-2533
-2158
-1896
-1684
-1363
-1203
-1033
-1017
-989
-984
-1019
-1062
-1098
-1145
-1087
-1053
-969
-794
-659
-468
-270
-148
-61
-17
-59
110
-218
-114
-380
-464
-485
-789
-742
-971
-1009
-914
-856
-717
-621
-340
-23
305
616
1052
1413
1828
2259
2543
3036
3286
3724
3985
4214
4409
4579
4770
4804
4883
4818
4851
4865
4749
4530
4218
4000
3637
3342
2909
2429
2006
1493
1072
552
145
-223
-590
-977
-1360
-1729
-2105
-2506
-2955
-3396
-3781
-4133
-4384
-4627
-4850
-5021
-5055
-5017
-4975
-4780
-4543
-4233
-3953
-3600
-3210
-2713
-2285
-1918
-1667
-1376
-1099
-875
-745
-656
-614
-548
-446
-409
-278
-119
152
368
591
796
983
1217
1342
1370
1542
1375
1406
1312
866
747
157
-39
-380
-745
-826
-1163
-1220
-1214
-1189
-930
-731
-461
-141
227
580
1013
1357
1927
2329
2711
3135
3449
3862
4078
4335
4458
4549
4721
4826
4859
4815
4731
4679
4463
4141
3707
3327
2937
2416
1894
1426
998
510
-48
-526
-947
-1339
-1723
-2180
-2551
-2976
-3262
-3553
-3925
-4279
-4533
-4759
-4925
-5116
-5185
-5061
-4938
-4721
-4469
-4141
-3818
-3331
-2881
-2459
-1956
-1556
-1048
-686
-432
-117
55
208
226
263
324
323
420
473
576
711
798
899
1041
1099
1233
1281
1374
1293
1212
1121
723
620
134
-26
-481
-839
-1007
-1343
-1448
-1666
-1643
-1557
-1447
-1220
-1029
-676
-274
246
686
1145
1584
2076
2591
2890
3342
3557
3967
4255
4414
4541
4558
4674
4728
4634
4518
4383
4273
4031
3661
3227
2919
2517
2063
1568
1090
714
277
-108
-662
-1172
-1568
-1969
-2387
-2839
-3326
-3583
-3905
-4186
-4484
-4639
-4753
-4761
-4878
-4853
-4670
-4480
-4198
-3968
-3651
-3233
-2723
-2325
-1936
-1612
-1139
-728
-395
-141
88
309
521
631
690
774
849
895
940
965
1052
1090
1144
1153
1164
1193
1165
1122
937
857
731
700
375
339
3
-170
-426
-864
-961
-1237
-1207
-1326
-1372
-1151
-959
-707
-470
-251
50
407
830
1261
1747
2186
2814
3127
3553
3766
4072
4394
4481
4596
4532
4574
4462
4291
4002
3684
3422
3020
2568
2094
1604
1144
697
220
-325
-743
-1158
-1458
-1839
-2278
-2605
-2882
-3222
-3587
-3883
-4096
-4284
-4548
-4742
-4932
-4941
-4887
-4795
-4578
-4344
-3961
-3595
-3170
-2716
-2288
-1774
-1353
-900
-580
-45
303
645
914
1139
1405
1551
1644
1609
1582
1467
1373
1277
1175
1205
1220
1209
1185
1172
1192
1211
1242
1145
1136
1040
990
904
568
450
171
-49
-124
-470
-482
-671
-665
-686
-744
-545
-241
38
275
554
974
1375
1628
1889
2123
2428
2736
2859
3000
3064
3137
3232
3177
3076
2876
2747
2582
2343
1907
1566
1306
1013
610
169
-226
-574
-822
-1279
-1661
-2013
-2290
-2417
-2742
-2921
-3170
-3289
-3368
-3589
-3743
-3904
-3882
-3942
-3971
-3968
-3793
-3521
-3291
-2970
-2709
-2267
-1853
-1442
-1066
-657
-193
218
679
969
1317
1609
1877
2014
2056
2158
2113
2179
2042
1862
1717
1608
1476
1290
1163
1063
1061
1047
1091
1040
982
1025
943
907
865
849
777
649
372
155
-74
-261
-402
-720
-698
-813
-744
-646
-622
-486
-416
-192
-27
98
281
469
609
715
833
928
1117
1243
1278
1298
1311
1369
1185
1060
867
772
688
479
267
85
16
-122
-343
-519
-678
-749
-866
-959
-1146
-1249
-1256
-1327
-1406
-1602
-1639
-1624
-1685
-1725
-1864
-1811
-1775
-1794
-1726
-1728
-1575
-1481
-1308
-1166
-964
-737
-467
-240
-13
241
524
831
986
1209
1377
1496
1531
1549
1508
1469
1413
1326
1213
1131
1033
971
876
843
755
757
777
786
844
885
916
906
876
790
760
661
582
509
321
120
103
-92
-87
-287
-369
-393
-529
-631
-821
-891
-934
-939
-908
-935
-959
-903
-872
-889
-847
-757
-582
-397
-317
-138
-31
194
268
353
372
374
502
476
422
281
233
243
157
47
-49
-97
-60
-31
-47
-78
-115
-67
-40
-132
-137
-166
-158
-209
-357
-469
-594
-661
-798
-950
-1048
-987
-927
-836
-698
-573
-427
-294
-97
74
271
473
620
726
752
798
859
871
808
740
759
733
710
665
667
723
802
828
831
921
977
1077
1079
1084
1127
1143
1112
1015
906
796
714
574
429
309
-31
-71
-377
-552
-818
-1157
-1277
-1526
-1638
-1936
-2177
-2318
-2455
-2538
-2595
-2623
-2604
-2469
-2318
-2155
-1976
-1741
-1394
-1148
-845
-586
-214
58
287
449
526
788
916
1150
1274
1333
1479
1671
1670
1610
1624
1642
1716
1649
1502
1443
1392
1362
1160
944
793
676
618
434
284
173
148
102
46
-73
-95
-129
-162
-142
-112
-9
52
127
177
189
269
283
261
246
282
372
473
538
584
666
711
798
778
872
892
855
812
678
659
543
503
371
279
156
74
-44
-179
-321
-522
-649
-847
-954
-1112
-1181
-1399
-1564
-1751
-1939
-2063
-2374
-2562
-2869
-3057
-3257
-3464
-3525
-3587
-3510
-3464
-3401
-3209
-2940
-2601
-2233
-1816
-1337
-809
-239
270
733
1232
1686
2027
2361
2641
2905
3183
3295
3288
3263
3281
3252
3103
2848
2664
2574
2493
2342
2199
2083
2098
2134
2047
1951
1816
1663
1476
1229
903
718
565
369
62
-209
-369
-506
-623
-820
-895
-981
-1011
-962
-936
-854
-782
-703
-657
-508
-344
-173
18
155
248
342
418
446
382
302
163
81
-34
-158
-326
-449
-616
-857
-1025
-1230
-1306
-1506
-1644
-1784
-1821
-1746
-1778
-1733
-1787
-1713
-1777
-1869
-1825
-2002
-2018
-2305
-2429
-2558
-2695
-2628
-2748
-2722
-2664
-2516
-2264
-2076
-1793
-1403
-988
-525
-44
498
1143
1705
2172
2574
2893
3335
3557
3718
3764
3725
3770
3661
3534
3369
3156
3041
2879
2697
2562
2533
2472
2330
2201
2108
2070
2015
1907
1719
1616
1414
1244
1042
711
380
128
-162
-476
-773
-1034
-1206
-1387
-1525
-1607
-1597
-1555
-1528
-1435
-1327
-1176
-969
-856
-762
-772
-721
-683
-702
-804
-888
-926
-1034
-1134
-1288
-1385
-1449
-1521
-1612
-1651
-1640
-1601
-1547
-1532
-1509
-1396
-1416
-1420
-1515
-1560
-1615
-1712
-1707
-1826
-1783
-1789
-1743
-1850
-1773
-1743
-1624
-1443
-1496
-1279
-1216
-1011
-876
-817
-643
-514
-249
-86
93
356
651
950
1213
1475
1755
2159
2483
2743
2980
3244
3540
3684
3748
3741
3706
3715
3649
3548
3479
3458
3331
3220
3039
2902
2830
2767
2640
2412
2261
2083
1977
1711
1401
997
702
356
-27
-346
-674
-969
-1237
-1481
-1758
-1891
-2029
-2129
-2178
-2246
-2279
-2298
-2282
-2348
-2438
-2435
-2411
-2408
-2465
-2450
-2453
-2467
-2455
-2361
-2185
-2085
-1900
-1751
-1553
-1360
-1160
-944
-846
-756
-750
-737
-775
-833
-889
-980
-1077
-1180
-1250
-1279
-1250
-1179
-1124
-982
-834
-640
-514
-403
-185
-105
31
-7
38
119
129
197
144
131
189
310
385
430
524
657
837
1012
1197
1435
1822
2150
2453
2681
2968
3339
3600
3767
3834
3866
3927
3959
3864
3705
3598
3430
3185
2885
2524
2284
2053
1806
1520
1323
1189
1070
912
717
492
213
16
-293
-627
-1026
-1329
-1671
-2072
-2482
-2830
-3132
-3400
-3633
-3874
-4009
-4061
-4022
-3903
-3774
-3571
-3327
-3054
-2779
-2539
-2220
-1912
-1597
-1378
-1099
-906
-808
-672
-653
-600
-571
-555
-557
-617
-620
-575
-525
-441
-336
-245
-71
40
106
293
377
524
565
685
724
808
823
788
723
659
643
591
603
461
485
431
444
454
348
460
506
619
711
812
1020
1253
1486
1615
1849
2040
2293
2452
2586
2741
2891
3095
3132
3043
2977
2946
2906
2811
2651
2447
2298
2101
1819
1568
1284
1113
923
688
467
250
97
-78
-290
-619
-908
-1168
-1477
-1821
-2245
-2607
-2963
-3323
-3683
-4014
-4204
-4369
-4437
-4437
-4356
-4227
-3940
-3596
-3234
-2804
-2392
-1964
-1592
-1272
-998
-721
-537
-456
-354
-286
-257
-205
-225
-181
-141
-54
47
224
402
567
722
819
1003
1125
1280
1375
1430
1458
1433
1342
1220
1077
891
767
597
526
424
402
491
502
589
623
718
814
860
956
903
924
923
995
1008
964
962
990
1046
1022
1062
1173
1380
1554
1733
1903
2099
2323
2489
2559
2513
2418
2359
2228
2022
1754
1547
1338
1066
736
449
238
17
-121
-283
-436
-621
-797
-905
-1121
-1346
-1699
-1971
-2303
-2673
-2956
-3298
-3539
-3791
-4020
-4217
-4294
-4284
-4203
-4027
-3839
-3555
-3254
-2829
-2461
-2074
-1644
-1328
-1003
-760
-487
-287
-59
121
281
500
650
851
1031
1216
1423
1648
1850
1999
2182
2269
2333
2294
2301
2299
2261
2181
2053
1910
1720
1581
1414
1324
1185
1090
1022
952
906
905
880
879
851
828
819
721
625
480
346
199
26
-167
-287
-392
-455
-629
-717
-711
-641
-521
-392
-195
61
312
504
667
807
989
1125
1197
1205
1168
1148
1072
940
783
608
493
312
127
-65
-200
-282
-420
-581
-804
-927
-1054
-1235
-1438
-1737
-1958
-2177
-2430
-2698
-2900
-3101
-3245
-3321
-3418
-3398
-3340
-3202
-3007
-2747
-2429
-2060
-1657
-1245
-813
-363
40
462
764
1051
1261
1453
1584
1722
1854
1971
2119
2168
2308
2381
2507
2572
2607
2671
2672
2616
2527
2407
2247
2073
1870
1625
1401
1169
939
661
385
160
-48
-246
-405
-451
-502
-558
-602
-617
-707
-745
-858
-975
-1138
-1295
-1358
-1491
-1599
-1669
-1679
-1574
-1555
-1460
-1308
-1142
-856
-582
-305
49
437
757
1013
1260
1525
1712
1776
1731
1691
1678
1546
1362
1126
908
740
493
319
108
-95
-210
-408
-610
-797
-934
-1021
-1188
-1382
-1593
-1796
-1945
-2088
-2293
-2473
-2585
-2674
-2642
-2595
-2460
-2269
-2038
-1717
-1352
-975
-495
-28
381
771
1103
1455
1719
1943
2150
2258
2367
2450
2486
2536
2557
2595
2582
2577
2595
2541
2483
2425
2341
2251
2072
1890
1629
1325
1015
674
270
-87
-429
-807
-1144
-1426
-1621
-1738
-1806
-1876
-1900
-1897
-1820
-1730
-1594
-1468
-1409
-1357
-1333
-1357
-1380
-1422
-1446
-1480
-1516
-1558
-1615
-1596
-1498
-1337
-1122
-942
-696
-395
-64
192
459
745
992
1272
1467
1551
1575
1546
1463
1318
1069
866
696
529
384
225
108
14
-38
-42
-112
-132
-137
-189
-267
-364
-430
-542
-620
-651
-719
-815
-888
-949
-964
-915
-818
-639
-465
-221
29
303
598
885
1172
1456
1708
1927
2111
2270
2409
2456
2399
2326
2270
2174
2015
1853
1678
1503
1313
1093
930
756
594
383
177
-26
-277
-493
-726
-984
-1216
-1430
-1639
-1831
-2016
-2154
-2246
-2389
-2525
-2567
-2570
-2529
-2441
-2356
-2213
-2077
-1931
-1797
-1697
-1618
-1580
-1517
-1451
-1341
-1228
-1105
-1005
-869
-685
-482
-278
-29
265
571
852
1139
1378
1649
1839
2002
2133
2202
2288
2313
2299
2230
2143
2085
1970
1829
1714
1596
1491
1367
1198
1041
891
715
574
431
249
134
-82
-271
-364
-524
-647
-784
-913
-992
-1051
-1043
-1015
-961
-880
-802
-684
-520
-338
-134
65
232
426
516
607
695
804
901
922
946
953
994
978
933
937
881
812
731
581
433
275
55
-155
-354
-619
-827
-1087
-1371
-1602
-1779
-1918
-2071
-2180
-2278
-2316
-2321
-2354
-2371
-2345
-2292
-2185
-2114
-2025
-1900
-1703
-1505
-1334
-1123
-867
-599
-307
-35
214
532
776
1014
1294
1493
1690
1827
1863
1870
1836
1838
1783
1754
1696
1631
1579
1523
1431
1384
1357
1286
1229
1185
1169
1134
1089
1029
992
870
748
580
417
289
134
-10
-87
-149
-180
-227
-299
-326
-344
-351
-359
-344
-329
-257
-246
-204
-152
-158
-96
5
82
127
250
308
376
400
384
410
389
376
317
228
126
21
-96
-222
-329
-419
-532
-708
-841
-980
-1161
-1285
-1436
-1581
-1692
-1782
-1831
-1860
-1881
-1904
-1855
-1798
-1789
-1777
-1733
-1666
-1619
-1599
-1563
-1489
-1408
-1339
-1258
-1123
-947
-757
-529
-317
-63
259
600
943
1271
1573
1901
2227
2519
2801
3007
3205
3333
3369
3358
3324
3269
3152
2991
2790
2601
2401
2199
1997
1797
1602
1333
1089
819
528
293
16
-238
-524
-775
-1038
-1288
-1457
-1657
-1820
-1991
-2137
-2230
-2279
-2323
-2323
-2309
-2201
-2079
-1970
-1801
-1614
-1394
-1229
-1087
-901
-718
-549
-396
-249
-109
9
107
186
274
343
390
417
479
502
511
555
537
520
483
439
404
372
279
179
40
-97
-218
-321
-449
-584
-722
-884
-942
-973
-986
-960
-931
-868
-745
-623
-425
-218
-26
192
402
608
822
1031
1197
1255
1303
1387
1418
1510
1507
1525
1575
1561
1610
1646
1655
1656
1624
1593
1548
1471
1369
1261
1125
891
667
369
11
-349
-720
-1080
-1394
-1669
-1892
-2061
-2214
-2311
-2340
-2338
-2262
-2157
-2021
-1881
-1731
-1580
-1441
-1245
-1088
-953
-816
-654
-513
-364
-184
-41
137
306
498
700
901
1086
1271
1465
1613
1743
1816
1859
1805
1765
1620
1490
1321
1100
962
771
603
470
281
127
-16
-157
-229
-319
-351
-407
-432
-438
-490
-496
-529
-586
-638
-725
-807
-848
-857
-891
-895
-879
-877
-841
-806
-727
-649
-563
-467
-384
-237
-142
-40
37
101
181
239
257
279
293
301
345
373
448
462
505
518
528
535
579
611
591
607
588
588
596
581
545
507
461
430
355
332
289
213
134
17
-57
-183
-244
-331
-419
-481
-556
-599
-601
-624
-638
-593
-574
-532
-476
-416
-381
-350
-284
-291
-296
-279
-253
-214
-156
-123
-121
-96
-65
-29
6
50
118
186
208
224
257
262
273
270
242
192
56
-16
-73
-147
-194
-244
-276
-286
-292
-301
-311
-334
-323
-356
-361
-385
-400
-403
-380
-351
-359
-367
-358
-291
-244
-210
-156
-77
-21
39
113
165
254
382
472
585
724
869
966
1081
1195
1250
1298
1308
1331
1341
1297
1287
1240
1143
1049
1006
934
843
763
652
525
414
290
133
-19
-199
-349
-517
-684
-841
-1000
-1113
-1243
-1310
-1365
-1369
-1376
-1344
-1354
-1337
-1313
-1302
-1225
-1170
-1070
-951
-841
-759
-669
-574
-471
-369
-248
-108
38
162
291
436
595
688
788
851
889
939
930
932
906
893
850
791
707
613
548
460
339
231
158
118
57
-7
-110
-186
-267
-356
-419
-542
-635
-710
-757
-796
-820
-885
-900
-871
-864
-811
-762
-713
-617
-528
-437
-349
-256
-99
43
174
322
455
554
655
749
839
911
989
1063
1136
1186
1197
1208
1182
1133
1078
995
896
800
711
573
417
246
111
-50
-190
-304
-386
-503
-600
-655
-736
-749
-770
-789
-786
-744
-705
-657
-590
-550
-502
-449
-411
-370
-322
-274
-247
-186
-93
-24
111
219
344
478
560
636
718
779
782
755
668
633
602
512
436
350
266
141
47
-49
-134
-219
-317
-406
-546
-647
-759
-874
-982
-1098
-1207
-1317
-1429
-1529
-1603
-1636
-1680
-1645
-1644
-1582
-1509
-1433
-1285
-1116
-895
-671
-444
-223
40
317
539
798
1063
1262
1483
1691
1860
2062
2255
2346
2443
2494
2477
2523
2524
2468
2411
2326
2216
2085
1976
1776
1565
1353
1084
815
568
325
84
-184
-417
-619
-822
-980
-1115
-1236
-1363
-1480
-1557
-1580
-1588
-1577
-1557
-1536
-1485
-1443
-1391
-1378
-1375
-1334
-1334
-1329
-1282
-1256
-1223
-1156
-1083
-1004
-858
-705
-554
-365
-204
-74
72
212
296
389
461
457
448
423
340
256
164
67
-54
-143
-266
-367
-430
-455
-468
-487
-489
-485
-464
-429
-376
-313
-236
-199
-153
-104
-56
15
41
105
217
313
448
620
814
990
1146
1316
1452
1597
1725
1784
1802
1782
1735
1713
1650
1569
1473
1384
1305
1218
1131
1018
914
813
649
528
418
304
167
11
-139
-330
-482
-640
-775
-882
-985
-1045
-1125
-1215
-1280
-1293
-1301
-1260
-1189
-1110
-1018
-908
-845
-775
-713
-693
-685
-703
-708
-731
-730
-755
-747
-710
-686
-606
-589
-543
-453
-366
-294
-205
-121
-42
44
97
160
215
219
222
202
152
111
48
-40
-95
-118
-139
-124
-100
-54
-12
71
143
225
299
301
319
329
344
324
303
317
320
310
293
313
346
341
381
419
466
559
628
690
790
839
850
909
895
859
815
762
726
709
657
630
618
644
640
677
712
752
796
785
787
774
736
664
585
472
368
190
15
-180
-385
-571
-710
-844
-1000
-1089
-1165
-1221
-1254
-1262
-1252
-1260
-1258
-1255
-1226
-1202
-1174
-1180
-1207
-1231
-1285
-1312
-1358
-1368
-1379
-1358
-1285
-1213
-1084
-977
-841
-676
-528
-347
-157
-1
111
218
298
360
387
354
343
303
249
227
199
203
223
231
239
292
359
448
565
643
683
776
849
888
927
950
945
897
843
792
759
752
766
756
763
803
854
882
935
969
980
1014
1037
1051
1061
1058
1004
933
873
805
728
669
615
569
508
435
402
392
359
337
323
288
199
106
8
-101
-231
-374
-508
-640
-791
-953
-1060
-1197
-1354
-1486
-1580
-1660
-1706
-1715
-1711
-1717
-1635
-1552
-1509
-1472
-1419
-1392
-1382
-1320
-1285
-1238
-1177
-1135
-1095
-1041
-1023
-961
-872
-778
-650
-497
-329
-139
42
181
312
434
553
617
692
739
756
795
793
800
779
756
776
806
819
873
942
1041
1137
1206
1263
1305
1336
1326
1344
1347
1340
1310
1266
1199
1088
984
831
698
608
534
441
414
412
413
454
493
499
518
518
483
469
417
343
280
214
112
36
-31
-110
-160
-223
-287
-301
-377
-431
-449
-497
-549
-604
-663
-758
-862
-962
-1070
-1164
-1287
-1438
-1576
-1711
-1828
-1926
-1987
-2002
-2015
-1987
-1944
-1855
-1748
-1610
-1470
-1316
-1155
-1036
-932
-821
-718
-651
-538
-433
-335
-208
-92
68
234
437
625
823
1046
1239
1380
1494
1624
1718
1798
1882
1933
1916
1892
1837
1738
1685
1598
1502
1420
1324
1238
1172
1119
1042
994
953
893
871
850
835
774
685
566
465
337
175
85
-20
-120
-213
-293
-344
-408
-414
-391
-399
-365
-321
-275
-194
-159
-121
-124
-143
-147
-186
-254
-291
-373
-499
-623
-739
-845
-911
-999
-1075
-1115
-1213
-1239
-1279
-1257
-1240
-1263
-1240
-1218
-1218
-1234
-1255
-1256
-1306
-1349
-1371
-1407
-1386
-1369
-1325
-1239
-1110
-985
-801
-612
-413
-212
-41
129
307
459
560
672
765
821
902
976
1047
1103
1153
1221
1268
1347
1386
1459
1508
1526
1565
1558
1539
1516
1489
1452
1411
1325
1231
1123
1022
896
761
666
564
475
376
330
295
265
216
175
138
76
31
-20
-88
-131
-184
-237
-276
-318
-337
-382
-410
-412
-405
-438
-443
-448
-477
-478
-481
-481
-485
-486
-485
-501
-507
-523
-552
-595
-643
-688
-709
-743
-778
-818
-816
-760
-791
-771
-737
-733
-709
-707
-678
-645
-614
-603
-589
-587
-598
-607
-589
-571
-555
-525
-512
-492
-440
-413
-375
-309
-250
-191
-103
6
108
230
330
417
526
641
691
749
826
871
930
1009
1101
1198
1294
1383
1460
1498
1522
1554
1575
1558
1525
1460
1381
1264
1120
988
853
701
546
401
273
170
49
-32
-102
-154
-187
-237
-295
-363
-443
-499
-550
-598
-639
-676
-697
-774
-824
-855
-885
-902
-909
-895
-839
-792
-733
-653
-573
-525
-493
-418
-376
-360
-356
-357
-345
-344
-361
-428
-506
-558
-624
-669
-658
-677
-697
-679
-661
-638
-597
-539
-476
-437
-388
-335
-309
-296
-276
-253
-258
-241
-211
-194
-144
-94
-43
37
148
261
375
531
681
807
913
1012
1070
1127
1152
1206
1238
1239
1233
1226
1177
1142
1130
1134
1147
1152
1183
1180
1183
1179
1153
1130
1077
994
947
837
720
588
441
279
136
0
-154
-292
-419
-532
-611
-689
-764
-795
-840
-845
-867
-868
-865
-894
-918
-938
-926
-919
-899
-904
-883
-869
-871
-843
-806
-787
-787
-761
-737
-706
-698
-685
-675
-641
-618
-588
-563
-538
-530
-561
-597
-618
-637
-630
-631
-602
-567
-533
-474
-414
-311
-213
-131
-27
73
169
257
346
460
563
658
716
772
837
878
902
944
963
983
1012
1058
1085
1133
1159
1167
1191
1193
1197
1185
1180
1134
1076
984
918
856
776
698
599
537
456
342
249
178
114
69
44
-7
-51
-110
-136
-203
-286
-352
-448
-552
-662
-749
-828
-928
-983
-1062
-1124
-1124
-1099
-1020
-965
-897
-843
-784
-757
-727
-693
-662
-618
-614
-616
-633
-654
-647
-678
-695
-711
-702
-658
-619
-533
-466
-372
-295
-224
-133
-56
26
104
184
212
238
259
264
291
322
388
455
499
545
569
618
638
656
720
781
816
870
894
905
916
901
910
899
890
841
796
720
629
543
469
433
402
379
392
383
358
341
302
263
257
220
185
164
140
91
20
-34
-80
-103
-174
-248
-318
-384
-458
-488
-483
-500
-499
-474
-477
-506
-497
-527
-556
-574
-620
-635
-663
-694
-674
-679
-680
-682
-681
-700
-704
-660
-627
-583
-508
-473
-419
-354
-311
-269
-254
-234
-214
-199
-177
-153
-153
-120
-120
-96
-47
-19
58
128
211
273
356
456
520
539
550
573
595
573
569
560
522
500
472
478
474
453
450
486
486
475
460
442
409
378
332
289
214
134
98
60
21
10
2
-5
-6
-26
-50
-40
-29
-10
6
40
59
67
91
110
103
90
87
48
38
10
12
-19
-30
-71
-109
-112
-127
-105
-113
-127
-124
-166
-172
-178
-222
-221
-221
-258
-308
-330
-354
-361
-391
-408
-427
-460
-480
-491
-488
-463
-440
-421
-363
-316
-255
-177
-128
-91
-68
-53
0
36
59
92
108
154
187
186
226
276
281
280
289
291
329
351
400
429
443
469
442
437
416
361
318
278
241
201
194
176
146
126
58
30
27
-2
3
20
-3
-38
-57
-82
-77
-86
-108
-92
-97
-65
-39
-52
-71
-58
-30
10
19
27
64
84
105
110
109
80
85
41
-26
-83
-135
-213
-297
-335
-360
-370
-376
-380
-390
-425
-440
-407
-378
-361
-370
-348
-334
-336
-327
-291
-290
-304
-274
-266
-225
-205
-179
-161
-110
-77
-59
-20
25
111
184
252
305
362
385
410
427
440
447
462
494
525
519
502
485
486
450
390
360
324
275
222
175
113
73
36
0
-33
-68
-83
-94
-119
-145
-155
-170
-197
-181
-195
-209
-228
-251
-259
-253
-252
-243
-211
-198
-173
-167
-134
-72
-4
30
26
41
55
39
54
55
62
77
79
88
117
122
98
86
50
29
33
23
39
42
41
16
11
20
9
31
37
31
46
58
59
63
80
57
50
56
53
76
80
69
41
4
13
-20
-13
1
2
-5
-45
-56
-23
7
9
26
30
15
-16
-10
-18
-30
-33
-15
1
10
22
52
67
76
61
25
-17
-67
-66
-98
-145
-144
-186
-227
-233
-245
-260
-230
-217
-234
-229
-218
-211
-188
-147
-140
-133
-154
-142
-118
-125
-136
-140
-186
-201
-221
-206
-189
-194
-181
-184
-117
-75
-7
45
132
170
206
243
293
310
310
326
339
374
373
399
384
392
399
380
373
357
354
350
371
398
410
409
408
393
361
363
310
265
239
197
171
135
112
66
25
4
-53
-104
-140
-189
-236
-264
-295
-310
-321
-333
-362
-391
-410
-452
-468
-480
-458
-416
-380
-359
-345
-328
-295
-293
-243
-189
-174
-129
-139
-112
-122
-150
-147
-162
-198
-212
-230
-243
-239
-239
-203
-177
-155
-113
-71
-20
39
55
72
98
100
107
117
120
160
179
209
232
250
279
302
320
315
320
354
398
426
437
440
427
428
412
379
349
316
285
272
263
250
267
240
211
190
167
138
98
54
26
-1
-21
-37
-35
-37
-64
-79
-78
-76
-120
-159
-207
-276
-327
-371
-398
-457
-466
-493
-520
-535
-528
-505
-487
-449
-453
-416
-385
-348
-323
-294
-270
-259
-223
-177
-126
-96
-59
5
54
79
137
157
185
238
252
265
272
294
293
270
254
248
222
215
198
171
167
133
99
85
75
49
34
6
3
3
6
8
9
0
-1
17
15
22
56
50
92
127
159
182
192
189
183
198
243
295
311
338
349
334
291
275
254
234
225
189
169
116
82
52
-1
-33
-99
-136
-147
-195
-216
-243
-283
-311
-338
-341
-345
-349
-349
-339
-325
-322
-306
-297
-300
-305
-297
-300
-308
-314
-314
-304
-268
-240
-209
-146
-128
-80
-68
-52
-20
-17
4
24
37
55
88
107
141
172
201
224
235
253
261
271
300
307
310
303
295
290
247
233
193
169
148
120
100
61
47
15
-18
-24
-27
25
46
73
126
157
171
167
174
167
165
172
178
172
160
173
151
140
138
126
131
140
171
179
159
142
123
72
36
-27
-84
-121
-150
-221
-285
-300
-343
-392
-408
-431
-461
-448
-441
-450
-476
-483
-495
-510
-481
-457
-449
-407
-356
-334
-316
-292
-270
-258
-226
-189
-177
-140
-113
-94
-59
-11
6
39
62
59
60
73
81
106
110
128
139
132
139
171
215
251
301
320
341
336
328
331
347
343
327
334
342
330
305
316
322
339
357
369
387
393
390
361
346
359
366
348
379
405
393
359
323
329
300
302
280
252
245
184
158
123
62
34
-27
-66
-110
-160
-214
-280
-335
-381
-413
-468
-494
-531
-569
-593
-636
-653
-662
-696
-706
-744
-770
-759
-749
-720
-689
-647
-631
-602
-562
-516
-449
-397
-353
-300
-251
-219
-178
-127
-59
-36
-36
-66
-42
-25
-2
71
125
180
208
249
278
291
334
366
384
400
435
488
547
580
603
630
655
674
680
701
695
703
694
682
692
665
666
621
564
523
495
462
439
423
377
325
256
200
136
123
96
44
39
28
40
-9
-25
-63
-122
-185
-249
-300
-346
-403
-472
-497
-536
-559
-592
-596
-617
-612
-602
-608
-616
-630
-645
-679
-695
-708
-710
-716
-723
-732
-723
-719
-684
-645
-604
-566
-545
-471
-412
-355
-271
-194
-96
-2
59
121
188
237
271
332
356
378
398
408
441
451
490
520
547
552
560
586
617
637
630
654
664
650
630
649
655
649
653
636
618
598
542
474
437
393
351
314
281
233
167
120
65
-6
-34
-32
-38
-51
-76
-106
-147
-176
-222
-264
-272
-294
-311
-354
-392
-425
-439
-435
-437
-457
-474
-494
-492
-496
-506
-496
-503
-488
-437
-413
-369
-355
-357
-368
-380
-365
-370
-334
-305
-286
-247
-218
-201
-174
-147
-110
-66
-17
-12
30
37
51
85
105
132
126
146
164
199
212
231
245
271
279
299
320
307
328
328
335
356
359
376
374
357
337
330
313
286
271
241
211
191
196
223
239
265
260
243
251
250
263
246
235
205
177
150
138
157
163
169
147
142
116
108
92
97
97
74
49
34
-16
-48
-119
-180
-239
-289
-326
-376
-373
-407
-428
-447
-447
-471
-472
-463
-474
-486
-508
-520
-528
-545
-528
-517
-519
-533
-542
-561
-553
-555
-590
-566
-552
-504
-446
-378
-328
-287
-234
-188
-122
-91
-72
-46
28
75
118
175
228
261
298
344
369
401
428
450
456
490
515
531
555
587
623
637
643
658
666
663
649
658
664
642
619
609
579
580
566
565
542
492
449
414
423
390
365
342
292
219
154
122
72
46
14
-33
-74
-112
-158
-197
-261
-340
-392
-452
-513
-557
-616
-646
-668
-721
-726
-739
-745
-750
-778
-805
-826
-816
-803
-793
-779
-772
-763
-725
-701
-692
-646
-620
-589
-543
-503
-461
-376
-318
-252
-176
-109
-69
8
73
103
177
233
318
379
463
544
596
626
664
682
696
719
730
761
783
775
781
773
767
788
751
737
701
682
663
640
631
621
600
546
498
447
402
362
323
258
210
176
156
118
95
74
26
4
-28
-48
-64
-92
-105
-145
-187
-239
-290
-331
-370
-410
-472
-506
-546
-567
-566
-588
-580
-569
-582
-559
-554
-570
-588
-597
-629
-651
-670
-680
-662
-673
-692
-707
-682
-689
-663
-640
-620
-600
-585
-541
-478
-406
-344
-268
-229
-186
-141
-99
-27
22
84
131
167
183
226
278
366
427
478
565
640
689
755
813
851
854
888
944
952
986
996
1000
996
1003
951
911
892
870
831
775
723
676
629
570
521
459
413
338
261
179
106
17
-83
-144
-202
-273
-308
-344
-393
-430
-467
-480
-481
-470
-449
-498
-539
-551
-562
-546
-542
-546
-527
-532
-561
-539
-551
-573
-602
-611
-603
-620
-611
-622
-605
-578
-551
-541
-531
-490
-499
-494
-490
-463
-418
-383
-361
-324
-275
-220
-183
-153
-98
-63
-18
25
65
130
178
186
219
263
296
330
368
405
437
478
517
559
576
590
610
624
651
654
656
647
652
647
646
644
633
636
605
577
575
510
435
396
348
295
273
244
200
185
137
82
30
-12
-64
-95
-117
-165
-183
-224
-268
-280
-312
-348
-354
-370
-376
-390
-421
-439
-444
-433
-426
-419
-405
-377
-369
-371
-367
-344
-320
-295
-263
-237
-222
-194
-189
-190
-179
-187
-182
-173
-165
-140
-153
-174
-186
-195
-210
-218
-212
-208
-184
-134
-131
-140
-118
-95
-96
-92
-78
-67
-68
-47
-49
-52
-19
8
38
75
129
141
162
201
210
232
263
299
364
420
448
482
514
537
564
577
602
612
619
624
620
616
602
579
556
561
554
530
501
466
437
409
362
319
256
179
140
85
0
-59
-135
-208
-244
-294
-320
-354
-396
-421
-459
-472
-468
-482
-491
-513
-542
-540
-557
-567
-589
-599
-617
-625
-604
-602
-562
-536
-530
-513
-497
-458
-411
-382
-375
-366
-357
-323
-291
-256
-228
-212
-189
-207
-156
-96
-54
1
43
67
111
145
157
194
199
220
229
251
295
317
369
384
413
444
444
457
467
498
517
533
537
535
531
547
548
546
547
535
527
524
503
484
469
413
387
364
343
352
347
341
322
308
273
189
140
85
4
-73
-130
-195
-233
-262
-289
-316
-387
-435
-480
-499
-523
-564
-579
-597
-628
-628
-607
-593
-586
-583
-565
-555
-534
-515
-496
-474
-468
-443
-401
-382
-363
-334
-302
-269
-245
-167
-110
-79
-49
-21
25
80
144
193
233
265
305
332
400
432
458
473
460
474
446
415
407
380
353
333
324
305
288
263
244
212
171
128
88
57
69
76
78
71
39
6
-9
-31
-36
-29
-37
-23
-16
-26
-42
-54
-46
-30
-10
15
41
51
63
57
51
41
42
44
60
82
87
111
86
63
38
35
12
-24
-53
-90
-105
-119
-154
-166
-208
-247
-262
-298
-308
-299
-317
-363
-380
-401
-415
-416
-405
-388
-369
-355
-314
-279
-228
-181
-144
-121
-115
-114
-99
-48
-10
16
29
52
71
81
91
118
125
122
138
160
162
175
208
240
238
247
272
294
336
356
398
406
402
415
425
413
402
390
375
364
351
342
309
297
272
245
222
212
181
144
112
58
27
2
-15
-6
-25
-52
-65
-68
-80
-85
-98
-144
-170
-192
-211
-224
-245
-289
-317
-325
-350
-353
-358
-378
-367
-368
-377
-394
-362
-359
-317
-276
-258
-252
-233
-198
-190
-154
-122
-107
-96
-68
-27
18
41
64
74
107
111
127
145
147
140
119
122
130
145
164
131
101
99
66
62
67
78
69
55
47
28
52
92
129
141
138
148
150
148
142
140
132
97
82
91
92
99
103
116
116
125
131
99
92
43
42
9
7
23
10
14
-6
-30
-70
-84
-104
-127
-144
-140
-140
-150
-171
-166
-145
-127
-127
-102
-119
-126
-121
-122
-119
-127
-137
-131
-83
-65
-45
-25
-11
-10
5
26
40
68
87
79
51
59
68
63
67
34
28
28
14
22
20
17
-2
-19
-15
-8
-12
-5
-3
-28
-30
-34
-37
-30
-33
-14
-22
-19
-2
-5
19
32
36
44
45
42
36
19
51
70
62
79
78
82
106
121
133
130
128
137
141
148
154
145
125
122
132
122
125
121
122
94
78
75
67
88
65
52
12
-30
-63
-74
-89
-107
-123
-159
-190
-227
-252
-294
-322
-333
-329
-359
-361
-348
-328
-311
-303
-299
-289
-269
-241
-192
-154
-120
-97
-62
-22
-24
-1
40
64
95
105
142
157
155
159
182
199
225
245
248
269
267
258
254
232
233
213
202
197
183
187
159
145
115
92
80
56
50
39
39
46
25
14
41
41
24
8
-2
-15
-26
-28
-34
-66
-86
-100
-135
-153
-175
-189
-171
-174
-169
-160
-166
-143
-129
-105
-67
-66
-75
-60
-54
-35
-22
-9
13
-2
2
5
-20
-11
-4
-3
-9
-26
-35
-60
-77
-67
-78
-89
-74
-65
-45
-36
-12
2
37
70
88
105
120
141
111
118
115
109
144
159
172
188
214
213
235
240
231
220
209
205
205
192
201
175
143
134
95
92
86
79
67
57
36
20
7
-27
-33
-62
-112
-120
-177
-203
-231
-252
-271
-297
-307
-299
-296
-287
-258
-264
-244
-249
-229
-229
-233
-227
-200
-183
-205
-207
-223
-201
-188
-169
-151
-160
-159
-140
-131
-102
-80
-56
-43
-8
4
28
77
89
118
134
144
169
182
196
200
190
176
181
191
186
147
145
137
111
114
115
115
111
98
106
130
135
174
182
205
208
212
226
198
204
183
178
184
153
153
141
147
160
160
168
159
162
144
123
117
94
74
57
22
-4
-27
-40
-71
-96
-109
-123
-148
-172
-177
-202
-229
-225
-224
-229
-219
-218
-232
-240
-243
-259
-280
-284
-305
-310
-305
-300
-298
-281
-271
-267
-251
-250
-203
-163
-116
-97
-96
-71
-62
-55
-35
-42
-10
-4
29
60
66
93
92
79
66
78
95
129
132
161
159
170
191
212
225
221
227
214
199
201
222
214
219
209
208
224
208
193
180
158
163
160
181
210
216
224
212
192
189
177
169
159
151
147
112
101
83
42
8
-31
-56
-70
-82
-93
-93
-99
-119
-154
-168
-204
-218
-264
-312
-337
-350
-344
-358
-365
-367
-354
-358
-355
-345
-358
-351
-352
-344
-317
-301
-295
-275
-243
-247
-219
-209
-179
-141
-144
-104
-59
-15
34
94
153
182
218
248
260
280
314
317
323
354
379
411
416
436
465
462
444
441
424
405
394
374
356
345
306
261
236
212
184
133
122
49
10
-27
-60
-94
-132
-133
-147
-149
-123
-114
-95
-68
-70
-60
-70
-82
-102
-113
-119
-118
-125
-132
-150
-172
-179
-205
-198
-214
-242
-268
-265
-247
-244
-250
-244
-230
-217
-201
-177
-160
-183
-182
-182
-171
-146
-131
-139
-124
-127
-140
-137
-150
-140
-160
-157
-148
-148
-131
-112
-100
-69
-47
-38
-2
17
23
44
44
60
73
82
103
139
167
198
251
281
288
312
330
329
336
333
367
350
351
355
356
387
395
399
383
364
336
305
262
239
243
198
181
167
136
124
102
92
93
64
34
44
51
27
-2
-15
-49
-74
-75
-79
-86
-96
-118
-143
-171
-210
-235
-289
-345
-358
-373
-377
-359
-354
-374
-375
-369
-356
-338
-340
-356
-380
-398
-390
-390
-387
-371
-369
-365
-331
-301
-283
-264
-251
-184
-143
-98
-40
-1
46
85
110
146
189
215
229
240
278
292
297
316
329
363
362
375
386
376
375
371
353
358
339
328
327
296
312
303
292
301
302
283
250
226
196
170
162
144
106
78
12
-8
-33
-82
-99
-122
-152
-186
-213
-225
-228
-218
-216
-235
-259
-269
-280
-285
-292
-290
-299
-314
-327
-328
-311
-296
-274
-243
-210
-191
-171
-139
-129
-124
-109
-111
-129
-108
-80
-55
-32
-32
-30
-30
-5
11
42
72
83
107
123
126
128
129
147
161
158
156
134
140
143
144
133
