4
3
-5
-2
4
-2
-23
-24
-18
-28
-46
-28
-33
-42
-46
-43
-31
-35
-23
-19
-24
-24
-38
-32
-14
-14
-7
1
6
2
-3
11
13
15
20
29
20
6
-9
-28
-34
-39
-28
-21
-16
-16
-12
-8
-10
-5
5
0
-11
-12
-9
-4
1
7
12
2
17
14
13
23
24
19
7
2
7
-4
-9
-7
-12
-21
-18
-4
-11
-15
11
8
-14
-6
13
13
-18
-4
12
-23
-44
-25
-9
-28
-39
-7
-10
-39
-32
1
3
-12
-8
12
2
-18
-11
6
14
0
20
43
40
9
19
-41
-1
-30
38
103
31
75
-11
17
15
67
108
111
98
47
48
83
100
86
143
95
104
70
77
93
66
71
55
30
48
27
3
-35
-104
-65
-73
-88
-89
-113
-130
-190
-214
-148
-152
-123
-133
-162
-143
-173
-105
-66
-68
-37
-36
-31
-15
16
51
31
16
32
37
56
41
28
20
-31
-33
14
26
33
14
-19
-54
-66
-15
36
40
27
15
16
23
35
114
127
114
114
113
114
108
123
147
118
105
117
120
116
74
58
66
40
34
53
41
10
-38
-25
-25
-59
-43
-21
-59
-96
-102
-81
-81
-94
-78
-55
-75
-76
-49
-18
-38
-35
-3
-11
-28
-29
2
-16
-60
-42
-5
-12
-41
-16
3
-49
-83
-50
-33
-73
-77
-60
-54
-111
-121
-68
-72
-108
-76
-57
-60
-72
-37
-17
-20
2
31
44
45
11
33
59
38
55
70
114
93
52
60
65
44
58
69
73
42
-7
3
9
-44
-33
10
11
-33
-26
23
2
-12
11
62
50
42
50
57
-137
-60
-28
54
112
-5
113
-61
-42
-18
82
141
92
56
8
10
55
139
116
151
40
78
105
96
87
107
88
40
21
96
129
-5
11
-69
-10
-31
23
30
-53
-99
-161
-113
-131
-83
-88
-113
-198
-155
-160
-111
-86
-112
-161
-123
-113
-122
-51
-87
-12
-114
-35
37
44
17
-28
24
-28
8
51
115
30
-10
-13
-30
-15
13
75
28
-22
-7
-2
-2
-19
-14
-1
-69
-89
-26
-1
13
-13
-7
25
24
23
58
83
74
4
48
87
38
56
106
95
18
51
137
115
71
139
120
41
20
34
110
31
5
20
15
-10
-60
-26
-18
-75
-83
-21
-21
-9
-43
-47
-31
-186
-104
-45
-14
-35
-127
-34
-62
-72
57
98
62
-3
-14
67
66
124
178
104
63
43
85
123
53
55
80
9
25
29
82
39
-101
-68
-81
-113
-25
-26
-72
-160
-183
-148
-198
-158
-124
-112
-143
-289
-247
-260
-230
-147
-32
-39
-176
-239
-259
-194
-114
24
43
-25
-118
-137
-57
26
131
206
192
119
76
138
175
227
293
275
303
304
335
340
384
369
338
317
294
335
279
247
201
159
135
125
157
131
48
-11
-18
-32
0
75
93
21
-63
-61
-66
-84
-65
-4
-35
-65
-62
-41
-79
-137
-109
-192
-179
-200
-169
-194
-255
-341
-365
-449
-354
-317
-386
-323
-442
-375
-411
-332
-242
-201
-169
-155
-129
-96
7
38
124
102
169
167
229
336
308
343
376
389
398
407
428
357
270
339
281
199
224
151
38
-59
-55
-41
-68
-61
-161
-245
-351
-368
-202
-239
-311
-380
-403
-389
-359
-277
-292
-422
-496
-395
-320
-256
-187
-218
-241
-262
-183
-40
9
26
-28
12
100
133
251
290
277
283
357
414
511
525
527
410
377
447
476
501
445
396
246
128
169
221
230
161
142
47
-35
49
238
270
142
123
84
7
74
146
234
191
129
164
204
216
245
218
158
83
-248
-85
-170
94
-2
-121
-177
-541
-373
-374
-188
-237
-308
-494
-621
-552
-363
-151
-331
-212
-289
-290
-273
-73
71
-31
-2
160
151
229
372
439
349
352
404
405
145
210
14
-23
25
-40
-126
-416
-436
-483
-567
-522
-341
-546
-867
-1106
-1009
-1041
-1094
-977
-946
-1142
-1319
-1186
-1137
-820
-611
-537
-553
-498
-313
-182
26
427
556
519
700
913
1097
1201
1490
1553
1451
1297
1549
1576
1414
1452
1440
1292
1123
1167
1187
953
766
616
309
146
126
119
-41
-201
-233
-250
-346
-297
-96
-83
-21
-128
-16
88
94
14
277
-67
-124
181
485
995
403
588
223
28
120
390
862
393
104
-425
-418
-321
-90
-12
-369
-576
-955
-896
-840
-561
-559
-859
-866
-829
-679
-419
-300
-198
-179
-111
160
249
234
110
-89
-4
1
214
199
198
-130
-41
-194
-67
-255
-358
-655
-1032
-1110
-1351
-1323
-1675
-1761
-2062
-2313
-2303
-2367
-1910
-2025
-2212
-2200
-1901
-1649
-1208
-659
-231
-255
-350
64
615
1079
1719
2189
2213
2258
2422
2933
3087
3032
3068
2927
2579
2391
2474
2374
1947
1622
1508
1190
685
517
154
-305
-725
-735
-804
-980
-1133
-1243
-1443
-1363
-1142
-905
-693
-462
-316
-213
-409
-62
225
-165
954
939
1345
1271
1196
1716
1134
1450
1613
1751
1233
1156
722
469
452
317
311
-338
-301
-637
-996
-996
-965
-1001
-1063
-940
-743
-698
-674
-415
-778
-878
-106
-399
127
-356
-497
-775
-1099
32
31
202
-293
-471
-1234
-1345
-793
-723
-789
-1753
-2081
-2564
-2813
-2596
-2647
-2805
-2774
-3202
-3030
-2887
-2197
-1947
-1928
-1603
-1193
-891
-449
499
814
1202
1546
1901
2443
2919
3612
3693
3549
3792
4043
3915
3895
3865
3456
2971
2513
2435
2265
1727
1424
745
264
-143
-543
-736
-985
-1272
-1548
-1708
-1807
-1661
-1677
-1468
-1170
-999
-895
-791
-609
-482
-314
675
1014
975
838
1110
1252
1343
1558
1941
1543
852
645
612
623
405
303
48
-502
-742
-745
-996
-1330
-1435
-1525
-1496
-1506
-1040
-864
-864
-890
-782
-780
-575
-248
157
236
-31
-167
-21
285
432
691
433
536
-377
-372
-528
-536
-603
-1619
-1706
-2273
-2549
-3078
-3667
-3255
-3592
-3776
-4053
-3444
-3142
-3458
-3042
-2779
-2016
-1692
-1054
-222
144
804
1259
1968
2575
3372
4122
4124
4279
4555
5067
4986
4975
5409
5090
4346
3762
3691
3429
2541
2255
1663
1130
280
-192
-443
-969
-1596
-2102
-2268
-2654
-2699
-2555
-2617
-2587
-2348
-1868
-2217
-2302
-1339
-1024
-398
-187
733
1038
842
1376
1883
2373
2078
2316
2091
2265
2047
1625
1754
1212
921
222
-129
-349
-852
-1382
-1709
-1739
-1892
-2072
-1982
-1955
-1887
-1923
-1792
-1931
-1816
-1561
-1261
-864
-973
-74
-679
-93
136
886
1163
956
851
568
628
177
832
285
-20
-1011
-1860
-2278
-3215
-2929
-3122
-3423
-3796
-3902
-3464
-4038
-3913
-3702
-3214
-2843
-2543
-1307
-945
-518
-190
578
1632
2256
3385
3768
4012
4159
4571
4971
5290
5835
5945
5461
4707
4398
4385
3685
3368
2934
2388
1524
379
173
-305
-1017
-1812
-2126
-2395
-2730
-3119
-3192
-3293
-3314
-3375
-3502
-2921
-2306
-2021
-2048
-1685
-919
-100
333
1123
1833
1813
1791
1891
2375
2836
2903
2708
2260
1852
1979
1659
1093
977
625
-94
-818
-911
-871
-1287
-1784
-1827
-1771
-1741
-1819
-1733
-2004
-2016
-1761
-1545
-1476
-742
-357
-931
-403
-338
573
600
884
1544
919
674
-343
-123
-127
-168
-273
-1876
-2798
-3848
-3421
-4111
-3698
-3251
-3168
-3763
-5158
-4203
-3492
-3127
-2922
-2432
-1249
-974
-806
31
1368
2305
2531
3546
4079
4846
5279
5186
5575
5756
6528
6723
6278
6015
5785
5152
3882
3693
3766
3503
2218
1015
578
-389
-1349
-1965
-2058
-2179
-3207
-3777
-4042
-3927
-3866
-4039
-4331
-3837
-4845
-4095
-2861
-1367
-169
-850
-608
-533
301
1369
2715
2750
2287
1485
1167
2083
2788
3219
2366
846
283
210
195
64
-203
-765
-2045
-2685
-2304
-2037
-2113
-2479
-2838
-2969
-2455
-2146
-1327
-1354
-1532
-1460
-1850
-482
442
948
1041
911
1253
1173
1512
2481
2433
1328
-128
-45
-341
-790
-2554
-2570
-2944
-4706
-3939
-3530
-2043
-3677
-5526
-5086
-4498
-3749
-2953
-1583
-1383
-1915
-1689
-659
1707
2576
3833
4282
3332
4135
5082
6239
6614
7013
7619
7069
6347
5970
6852
6121
4871
4369
4139
3905
2022
1114
645
-499
-1609
-2232
-1837
-2412
-3591
-4293
-4694
-4819
-4811
-3663
-3479
-3912
-4170
-4038
-3535
-5317
-5218
-1154
291
1545
304
616
857
-450
1254
3735
5266
3788
1715
9
867
2319
2668
2598
1128
635
-363
-1666
-1067
25
69
-1641
-2508
-1525
-1133
-1933
-3269
-2969
-2231
-1354
-1145
-962
-187
-1422
-2619
-2327
-59
2518
2066
1150
352
-310
-331
201
1544
1280
4
-2559
-4858
-4514
-4105
-2864
-2302
-3880
-3918
-5346
-5454
-4879
-4163
-3297
-3403
-3107
-2682
-1310
-472
354
1381
1437
3073
3902
4929
5535
5495
5809
5861
6446
7332
8214
7937
6651
5895
5158
5158
5167
4972
4662
2945
1810
431
-465
-754
-1302
-1341
-2407
-3196
-3574
-3909
-4435
-4486
-5879
-5490
-4378
-4422
-2364
-3373
-2248
-2407
-2499
-900
459
1899
1668
920
372
1555
2374
3047
3576
2649
2188
786
134
1250
1586
1435
75
-991
-1090
-1729
-1929
-2411
-2276
-2651
-3070
-3217
-2971
-2351
-3310
-3094
-2523
-1563
-363
-1109
-483
-843
-570
523
1645
2668
2477
2073
1052
1224
1493
2235
2432
-132
-1583
-3131
-4315
-3049
-3175
-2556
-3308
-5098
-4975
-5740
-5508
-4625
-3787
-3949
-3907
-3109
-2302
-1094
-1284
386
1804
2263
3611
4234
4935
5338
5496
6495
7492
8394
8622
8405
7130
6729
6744
6394
6595
5754
5031
3789
1813
961
369
-161
-744
-2272
-3190
-3717
-4539
-5178
-5427
-5992
-7194
-7187
-6020
-4184
-4558
-4386
-3968
-3770
-2972
-1564
607
1105
668
464
1092
2265
3676
4633
4222
3411
2743
2541
2660
2787
3408
2558
949
167
-20
-98
-1139
-1801
-2070
-2149
-2821
-3303
-3014
-3073
-3612
-3920
-3131
-1854
-1539
-2254
-1948
-1431
-1097
-596
610
2029
2423
1757
1125
1875
2610
2960
1869
310
-1347
-3292
-3229
-3033
-2538
-2556
-3466
-4566
-5253
-5702
-4740
-4341
-4433
-4677
-4188
-3557
-2666
-2198
-1218
231
562
1393
2514
3555
4543
5154
5619
6393
7309
7775
8225
7867
7440
7827
7325
6774
6345
6119
5605
3870
2533
2195
1823
627
-575
-1035
-1667
-2873
-4175
-4254
-4656
-5837
-6480
-5817
-5865
-5465
-5976
-4641
-3873
-4405
-2565
-1884
-422
-439
-162
608
1098
1835
2363
3075
3023
3201
2727
2067
2462
2619
2785
1941
1202
1053
411
-222
-1056
-816
-794
-1880
-2361
-2538
-2070
-3019
-3613
-2812
-1956
-1614
-2842
-2321
-2169
-2060
-1557
-725
1138
1389
873
469
847
1413
2126
2217
1501
-1434
-3022
-4610
-2591
-1410
-2648
-2337
-4012
-4451
-5412
-5403
-3070
-2439
-3661
-4850
-3815
-2374
-1357
-893
-497
1485
1521
1845
3168
4051
5323
5198
5225
6215
7564
8371
7757
7129
6397
7162
6630
6111
6429
5883
4917
2393
1165
2008
1587
602
-1166
-1791
-2324
-3620
-4225
-4280
-4854
-6131
-6534
-6738
-5075
-5173
-5579
-5307
-5449
-3586
-1979
-1116
-468
-1094
-1009
-355
983
2662
3701
3119
2161
1744
2009
3431
3546
3402
3054
2052
1396
622
780
642
-149
-768
-946
-1234
-1942
-2157
-2610
-3042
-2493
-2124
-970
-1601
-2388
-2511
-2534
-1606
-709
1299
1477
1596
-128
-406
715
1521
2889
1956
-985
-1808
-4270
-4255
-2627
-2633
-690
-2754
-4168
-4894
-5411
-4446
-3807
-3283
-3459
-2514
-2765
-2393
-1391
-1216
899
1137
1761
3462
3870
4145
3783
4277
5729
7083
7525
7599
7479
5989
5802
5360
5921
6705
5871
5247
3510
2037
1526
817
695
114
-343
-1055
-2209
-3499
-3997
-4314
-5742
-5740
-5707
-3967
-4266
-5838
-5470
-4971
-4210
-3011
-1589
-100
-794
-2411
-2106
-568
1467
2787
2776
2211
1775
1256
1645
2394
3432
4034
2926
1940
1584
1769
1220
627
695
1004
723
-407
-883
-1285
-1815
-2275
-1857
-720
-687
-1652
-2898
-3020
-2535
-1391
-251
680
703
-328
-1449
-1102
-144
1240
1416
-552
-3251
-5340
-5300
-2916
-2718
-2229
-2192
-3514
-4390
-6402
-4334
-2085
-1825
-3226
-3163
-1703
-1036
-1100
-607
1493
2912
2254
3150
3940
4800
4833
4464
5323
6638
7676
7742
6617
5449
5357
5565
4882
5319
5603
5186
3123
489
686
1149
767
7
-819
-905
-1955
-3435
-3465
-3182
-3985
-4727
-5256
-4837
-3895
-4762
-4403
-4930
-4253
-2705
-1394
-859
-1313
-1755
-1813
-1178
30
1888
2455
1428
143
-472
397
1473
2203
2648
2024
1342
518
387
964
1298
1358
782
528
259
125
10
-663
-612
-255
737
552
-445
-1157
-1157
-1209
-798
779
1603
1715
-252
-1173
-1178
-383
439
1016
19
-2368
-4867
-7106
-5742
-3831
-2353
-1519
-3750
-4786
-6499
-6307
-4607
-2658
-1587
-1969
-2417
-2653
-1547
-324
967
2500
2930
3900
4431
4339
4888
5030
5727
6210
7214
8002
8032
6616
4983
4721
4648
5343
5635
5172
4287
1603
82
-453
-20
648
221
-439
-1778
-3116
-3740
-3655
-3501
-4144
-4609
-4301
-4428
-4389
-4426
-4237
-3734
-4173
-2727
-1228
-272
-666
-1774
-2323
-1389
16
1113
1948
1348
483
-766
-1100
309
2187
2694
1988
679
135
61
-132
621
1599
1899
1113
83
-78
361
-242
-240
485
1184
1195
-364
-898
-945
-884
-266
805
1756
1462
-52
-1298
-1316
-109
-140
663
-1180
-3327
-6894
-7504
-4871
-3404
-1193
-3017
-3957
-6148
-7258
-5290
-2983
-942
-1402
-2555
-2927
-2356
-110
1003
2848
3158
3338
4136
3903
5319
5831
6025
6213
6504
7637
7918
7576
5421
4876
4688
4748
5436
5006
4898
2770
143
-819
-335
864
570
5
-1496
-2786
-3613
-4026
-2645
-2581
-3063
-4940
-4552
-4397
-4249
-3890
-3946
-2907
-3008
-2317
-1053
-896
-1107
-1643
-1548
-485
865
1604
989
-191
-909
-551
-229
944
2062
2185
940
-455
25
722
973
1452
1571
1702
694
-10
383
777
1050
982
1790
1204
920
3
-825
-52
376
1212
1491
773
275
-907
-1332
-890
133
666
-67
-2387
-5933
-6967
-6564
-3901
-3502
-2951
-3639
-4992
-6985
-7328
-4707
-2445
-2225
-3032
-2886
-1798
-1630
-891
726
2671
3383
3166
3858
4301
4906
5274
5444
6302
7018
8089
7370
5695
4686
4712
5144
4749
5043
5013
3990
1202
-442
78
914
580
-307
-948
-1477
-2994
-3530
-3258
-2046
-2417
-4113
-4481
-4132
-3974
-3948
-3888
-2966
-2374
-2077
-1530
-1199
-1037
-1025
-903
-644
556
1526
1393
284
-270
64
218
619
1443
2226
1822
369
163
664
1047
1359
1522
1882
1408
634
303
700
931
761
1083
1082
872
-174
-1124
-949
-596
-72
371
409
380
-567
-1490
-2326
-1279
-1230
-1056
-2129
-3885
-6010
-7387
-6041
-4404
-2017
-3120
-3919
-5679
-6656
-5819
-3889
-1626
-710
-1745
-2185
-1584
-210
1300
3065
3732
3905
4326
4488
5448
5977
6241
6916
6940
7215
7493
7169
5594
4345
4048
4600
4674
4109
3774
2470
369
-1051
-708
433
207
-484
-1249
-2491
-3088
-3408
-2236
-1687
-2051
-3571
-4078
-4118
-3599
-2609
-2914
-3046
-2708
-2456
-1527
-1736
-1293
-1243
-1536
-1295
-116
1032
401
-624
-1649
-1242
-331
587
1486
1583
996
-137
-191
526
1618
2500
2308
2178
1985
1646
1616
1680
2080
2148
2044
1615
1120
469
-229
-168
-63
451
928
753
-191
-1329
-1884
-1979
-1351
-1507
-1645
-3370
-5120
-7745
-6927
-5731
-3971
-2787
-4294
-4539
-6319
-6099
-4893
-2859
-1422
-1317
-1621
-1763
-806
318
1607
3610
3733
4303
4481
4975
5445
5453
6267
6732
6512
6657
6774
6313
4527
4081
4296
4962
4056
3624
3214
1626
8
-634
121
848
128
-292
-1258
-2280
-2660
-2464
-1663
-1561
-2133
-3479
-3743
-3844
-3602
-2603
-2180
-1965
-2009
-2701
-1999
-1607
-1004
-648
-180
22
149
-71
-345
-163
-454
-185
537
914
1380
1001
693
119
225
1056
1777
2327
2163
1896
1227
873
1203
2053
2603
2022
1642
640
23
-757
-439
54
780
414
-418
-608
-1645
-1665
-2156
-1819
-1228
-902
-2118
-4201
-6753
-8185
-6240
-5322
-2489
-2794
-3613
-5231
-7258
-6227
-3746
-873
-292
-1047
-1737
-1555
-558
596
2932
4527
4387
4192
3689
4935
5281
5335
6093
6447
7090
6998
6232
4961
3940
3647
4020
4703
4481
4503
2585
373
-472
-141
987
1064
400
14
-1341
-2428
-2426
-1315
-1018
-1434
-2734
-3098
-2790
-3117
-2636
-2844
-2650
-2325
-2307
-1482
-1474
-1586
-2055
-2223
-1462
-546
-21
-510
-1216
-2057
-1882
-1263
-154
1028
1036
488
-228
-422
570
1468
2104
2275
2079
1905
1631
1744
1821
2192
1984
2154
1995
1632
797
-4
-412
348
592
721
405
-818
-1632
-2912
-2179
-2225
-1640
-2842
-4217
-7077
-8125
-6632
-4752
-2551
-4019
-4473
-5793
-6384
-5637
-3281
-650
-211
-1630
-2167
-567
1161
2520
3933
4655
4802
4809
4971
6310
6770
6761
6868
6553
6964
7173
6774
4954
3698
3194
3874
3818
3339
2995
1298
-699
-1846
-1100
304
235
-618
-1436
-2138
-2570
-2122
-1002
-201
-697
-2297
-2486
-2408
-1690
-1125
-1117
-1135
-1322
-1374
-1103
-1078
-1050
-1225
-1486
-1413
-674
-73
-630
-1853
-2614
-2331
-1677
-883
-394
-137
-875
-1711
-1645
-617
557
1199
1313
1387
1288
1275
1764
2258
2750
2848
2859
2489
1921
1404
946
1092
1232
1744
1539
983
-161
-1066
-1645
-1761
-1182
-1324
-1802
-4217
-6352
-8696
-7242
-6046
-3910
-3744
-5166
-6166
-8297
-7598
-5191
-2174
-1041
-1859
-2530
-2390
-1128
440
2824
4743
4617
4675
4350
5020
5989
6525
7265
7323
7716
7762
7234
5716
4646
4556
4567
5445
5144
4994
2934
609
-544
-399
605
1350
736
-425
-2222
-3161
-2916
-1785
-589
-556
-1678
-3210
-3565
-3305
-2660
-1778
-1359
-1012
-1599
-2001
-1885
-1460
-1337
-1375
-823
-166
266
-323
-1114
-1771
-1798
-1457
-646
206
607
-24
-1265
-1800
-1116
262
1337
1685
1278
843
182
330
1106
2172
2499
2046
1524
796
447
45
563
831
1367
1016
672
-433
-554
-1731
-1064
-1582
-1477
-1185
-3383
-4951
-8153
-6774
-6054
-3164
-3750
-3738
-5009
-7176
-6877
-5735
-2239
-208
-910
-1854
-2388
-1294
543
2663
4297
4959
5124
4273
4414
5366
6268
7386
6694
7597
7308
7086
5392
3994
4039
3770
4271
4148
4303
2719
392
-1340
-1409
-60
532
547
-256
-2231
-2774
-3333
-1935
-404
13
-911
-2048
-3130
-2655
-2198
-1397
-587
-213
-597
-854
-1422
-1219
-1131
-1322
-808
-394
310
-186
-1274
-2155
-2277
-2062
-1374
-613
-85
-258
-1377
-1778
-1451
-710
562
1151
1070
1010
766
1129
1163
1700
2199
2494
2295
1601
1760
1042
1075
788
1169
1493
1078
-8
-559
-1551
-1917
-1876
-2282
-1518
-3971
-6576
-7745
-7473
-5525
-4140
-4494
-4476
-6420
-7656
-6909
-4700
-2043
-1266
-2283
-2730
-1736
-770
1753
3426
4253
4955
4504
4721
5238
6370
7533
7718
7297
7859
8240
7241
5778
4794
4792
4715
4316
4558
4149
2097
47
-1499
-908
-39
143
10
-1206
-3113
-3816
-3531
-2185
-848
-812
-1512
-2645
-3772
-2703
-1767
-1172
-235
-274
-26
-664
-999
-461
-270
-184
32
270
607
266
-1029
-1708
-1920
-1837
-1142
-986
-612
-899
-1879
-2073
-1794
-1133
-274
-52
113
-101
-167
210
433
699
1442
2017
1398
1106
847
1149
1214
1146
1903
1907
1401
335
-30
-885
-963
-283
396
-755
-4861
-7423
-7232
-5911
-4019
-3184
-3327
-4926
-8027
-8426
-5926
-2537
-1242
-2108
-3425
-3517
-2609
-788
1707
3086
3801
3860
3326
3748
4845
6057
6330
6128
7069
8429
8103
6361
4969
4447
4213
4156
5007
6083
4583
1423
-913
-1388
-522
280
857
695
-1345
-3449
-4143
-3520
-1993
-315
-421
-1292
-3004
-3370
-1814
-2076
-1364
-454
263
425
-562
-553
-369
-889
-1125
12
1234
1572
510
-1238
-1726
-1935
-1349
-268
380
575
-780
-1985
-2158
-1427
-256
384
530
368
67
-110
-92
165
739
1627
1804
1419
1208
568
340
393
1015
1964
1487
1042
-242
-629
-358
-411
-398
-533
-1386
-4831
-7218
-7873
-5285
-3623
-4167
-4678
-5769
-7049
-8036
-6766
-3531
-1563
-2694
-3820
-3506
-2518
-727
1342
2827
3930
3918
3887
4029
4309
5845
6795
7050
7141
8138
8456
6663
4789
4253
4977
4891
4992
5240
4381
1991
-699
-1156
-191
465
660
-42
-1532
-3353
-3824
-3260
-1788
-1054
-304
-573
-2380
-2861
-2334
-1212
-1296
-535
828
1267
246
-1098
-909
-772
-448
263
1508
1879
278
-1645
-2685
-2153
-1444
-694
-189
-677
-1803
-2690
-2954
-2158
-989
-16
-49
-716
-1115
-710
-78
-100
688
1721
2068
1566
827
1224
1364
1146
1189
1823
2251
1747
1070
266
-345
-290
-927
-223
-1394
-2537
-2529
-6378
-6384
-7172
-5426
-3538
-5382
-5313
-6526
-6777
-7242
-5254
-2923
-1585
-1916
-3867
-2474
-1164
610
3150
3522
4539
3970
3932
4827
5801
7570
8236
8318
7319
7397
7070
5848
5385
5014
6147
5193
3823
3190
1959
840
-693
-801
402
156
-993
-2297
-3238
-3830
-3133
-2741
-1637
-1075
-2517
-3032
-4247
-3274
-2054
-1167
-455
-239
-381
-1148
-1278
-1175
30
888
1434
1649
976
448
-828
-1148
-501
320
896
370
-454
-863
-1705
-1694
-1226
-297
294
218
-104
-397
-379
-501
345
1038
1660
2098
1815
851
88
221
585
1602
1702
2261
1520
208
-531
-817
-312
-427
-201
-1845
-1554
-4035
-6161
-6384
-7455
-4120
-4426
-4448
-4875
-6636
-6731
-7147
-5295
-3049
-1368
-2266
-3291
-2304
-1680
1082
2163
3367
4414
3616
4380
4386
5830
7192
7639
7489
6847
7408
6925
6106
5037
5182
5302
4100
4089
3432
2685
897
-825
-285
-123
-247
-439
-1276
-2416
-3183
-3212
-2244
-1631
-1803
-2111
-2796
-2925
-2043
-1142
-539
-364
-409
-97
-620
-291
-183
279
699
671
825
807
221
-729
-1108
-984
-388
-124
-321
-198
-939
-1951
-1855
-1514
-646
-443
-260
-175
-803
-1094
-679
104
509
1030
1272
1159
466
180
428
1022
1648
2124
1794
1180
40
121
-449
-217
-128
-150
-2474
-3616
-5044
-5320
-5556
-6583
-3797
-4295
-4586
-6666
-6504
-5396
-5128
-4285
-3109
-1330
-1852
-2290
-1213
1
2441
3126
3941
4143
4226
5059
5363
6242
7268
8123
7953
6403
6460
6151
6240
4872
4831
5209
4515
3012
1651
1221
486
-509
-623
-637
-820
-2026
-2914
-3421
-3263
-2628
-2414
-2041
-2598
-3066
-2914
-2916
-2502
-1639
-933
-789
-1100
-955
-657
-552
-746
128
849
1309
911
195
-537
-847
-904
-196
674
982
-51
-1348
-2074
-1784
-818
-347
168
64
-215
-894
-1225
-542
263
1141
1208
1342
1195
930
52
-188
400
1870
2401
1831
1355
574
-17
-756
-310
611
943
-1061
-3010
-4059
-5917
-5190
-6436
-4065
-3220
-4227
-5386
-7362
-6535
-5684
-4473
-3246
-2118
-1924
-3016
-2503
-1765
781
2641
3010
3724
3368
4228
4695
4907
6181
7174
7837
6920
6394
6241
5913
5170
4511
5509
5360
4559
2974
1740
1110
-70
-266
117
102
-342
-1617
-2547
-3148
-2623
-2442
-1640
-1805
-2299
-2396
-3231
-2891
-2311
-1046
-119
-404
-462
-909
-735
-883
78
1020
1779
1521
523
-133
-496
-164
275
929
1353
659
-391
-1036
-1171
-499
-358
18
267
78
-461
-1038
-910
-587
302
772
1060
944
325
-246
-676
-382
844
1571
1697
701
-40
-817
-593
-644
-100
-102
-826
-2748
-3700
-4989
-5451
-5232
-6050
-4017
-4736
-4487
-5991
-6936
-5878
-5038
-3739
-2867
-2013
-2153
-2661
-2242
-836
1696
2594
3342
3633
3572
4377
4757
5735
6844
7230
7609
6561
6300
6090
6112
5396
5083
5270
4918
3907
2476
1898
1301
236
193
147
77
-676
-2065
-2605
-2816
-2353
-1987
-1792
-2320
-3096
-3301
-3462
-2404
-1755
-986
-797
-1224
-1397
-1306
-512
-130
697
871
1222
824
273
34
-33
208
481
787
913
221
-314
-762
-589
8
285
513
22
-192
-455
-417
-303
164
914
817
522
-101
154
-148
-57
-34
743
1152
651
55
-123
-716
-399
-669
194
-216
-642
-2383
-5146
-4496
-5476
-3639
-4524
-4604
-4199
-5666
-6378
-6552
-4745
-3679
-3345
-3757
-3360
-2099
-2542
-1312
-66
1269
2641
2457
3086
3401
4023
4921
5250
6373
6837
7643
6182
5404
5409
5855
6101
5335
5850
5108
3509
2057
1508
2230
1792
988
498
-290
-1419
-2130
-2139
-1700
-1260
-1716
-2474
-3219
-4064
-3470
-2823
-2297
-1686
-1637
-1329
-1915
-1714
-1149
-422
-161
422
896
1233
740
82
-120
18
418
1022
1376
1249
491
-564
-631
-145
668
1119
672
63
-369
-806
-818
-173
155
729
416
-128
-542
-658
-875
-576
-488
48
347
47
-426
-548
-941
-449
-208
-61
-89
-809
-1234
-2973
-3625
-4905
-4219
-4402
-4452
-4336
-4656
-4758
-5541
-5700
-5039
-3832
-3253
-2892
-2649
-2377
-1993
-1551
-381
1578
2752
3077
3252
3681
4390
5003
5861
6463
7089
6868
6339
6012
5945
6199
6139
5867
5243
4804
3980
3093
2365
2009
1762
918
-98
-369
-684
-1198
-1847
-2090
-2363
-2830
-3727
-3664
-3711
-3313
-3007
-2949
-2664
-2846
-2238
-1651
-1102
-631
22
255
308
674
797
1476
1098
1107
1190
1313
1618
1610
1589
1405
1243
833
835
772
682
533
-17
-104
-220
-410
-642
-760
-580
-604
-814
-1324
-1273
-1552
-1413
-1401
-1261
-581
-503
-774
-823
-864
-718
-701
-801
-451
-596
-1490
-2189
-2258
-3450
-4277
-5387
-5164
-4304
-4060
-3904
-4060
-4965
-5564
-5207
-3912
-2412
-1706
-1916
-2465
-2616
-1411
747
2418
3223
3422
3502
3651
3990
5198
6233
6716
6625
6498
6862
7164
6737
6258
5859
5531
5429
5261
4946
3948
2292
950
759
584
661
398
-656
-2129
-3396
-3830
-3528
-3476
-3883
-3887
-4474
-4872
-4425
-3972
-3229
-3168
-2332
-1642
-821
-324
146
282
374
897
1729
2625
2772
2376
2103
1958
2483
2630
2767
2681
1893
1403
891
890
967
751
431
23
-401
-865
-1022
-1187
-1297
-1525
-1820
-1952
-2248
-2265
-2267
-2024
-1729
-1616
-1452
-1196
-1029
-623
-550
-871
-808
-1046
-715
-1956
-392
158
-1218
-4196
-6542
-4904
-3928
-2493
-2403
-1695
-3684
-6285
-6563
-4271
-1153
-1086
-2057
-2823
-3120
-1947
-234
1851
2737
2858
2995
2739
3549
4565
5690
5708
5490
6749
7773
7838
6458
6206
5705
5324
5151
5870
6216
4543
2304
1251
1049
779
558
267
-1054
-2858
-4278
-4470
-4206
-4410
-4581
-5553
-6362
-6087
-4949
-3900
-3590
-3348
-3065
-2445
-1550
233
1098
1229
1099
1221
2298
3369
3969
4133
3899
3270
3301
3228
3874
4062
3129
2218
1544
1301
1089
599
77
-271
-1093
-1561
-2020
-2539
-2855
-2897
-2885
-2923
-3131
-3333
-3463
-3726
-2993
-1656
-811
-558
-1043
-1269
-956
-955
-446
621
757
321
-1733
-707
636
-214
-2969
-5211
-4276
-3329
-2900
-2881
-2077
-3387
-6149
-7025
-4872
-1512
-962
-2491
-3342
-3411
-2300
-580
1335
2403
2772
2524
2354
3101
4794
6729
6944
6205
7029
8128
8332
7148
6862
7256
6625
5773
6423
6887
5651
2870
1372
1152
494
-400
-361
-1310
-3411
-5303
-5783
-5383
-5686
-5834
-5741
-6611
-6613
-5861
-4364
-3834
-3680
-2850
-1967
-939
317
1993
2580
2290
2491
3806
5074
5108
5121
5043
4745
3910
3497
4117
4100
2991
1649
1285
1009
19
-932
-1674
-2327
-3184
-3539
-3646
-3917
-4648
-5149
-5254
-5291
-4552
-4270
-4121
-3841
-3290
-2241
-1933
-1674
-827
-438
12
677
1257
1726
994
990
5
833
2556
3408
1769
-3443
-4835
-5014
-3060
-1885
-691
-520
-3723
-7360
-7630
-4236
-1314
-1394
-2618
-3918
-3848
-3267
-1156
1268
2244
2898
2902
3246
4214
5533
7124
6713
6847
7764
9257
9089
8174
7870
7465
6473
5993
6621
6620
4380
2053
651
-154
-1441
-2276
-2277
-3271
-5567
-7201
-7155
-7023
-7279
-7060
-6694
-7078
-6681
-5898
-4393
-3588
-3506
-1973
-885
876
2635
3625
3949
3580
4067
4955
6143
6451
6893
6184
5020
4057
3934
4365
3839
2701
1715
698
-492
-1995
-2518
-2642
-3267
-4153
-4854
-5078
-5377
-6068
-6093
-5104
-4311
-4006
-4491
-4552
-3756
-2938
-1769
-999
120
577
842
1338
1576
1999
2212
2413
2716
2085
1205
1823
1995
2454
-33
-3472
-4645
-4667
-2693
-2904
-2643
-3330
-5395
-7881
-7990
-4667
-2490
-2511
-4274
-4707
-3664
-2347
-10
1581
2917
3415
3246
4050
5235
7269
8143
7632
7694
8621
9970
9464
8691
7709
6840
5790
5216
5768
5146
3005
419
-1464
-2436
-3199
-3289
-3202
-4330
-6618
-8226
-7961
-7137
-6249
-5778
-5543
-6066
-5718
-4572
-2672
-1190
-602
492
1210
2669
4212
5396
5464
5133
5243
5808
6496
6671
6676
5646
3860
2345
2089
2259
2200
929
-579
-1799
-3174
-4054
-4677
-4596
-5141
-5743
-6023
-6061
-6027
-6217
-5849
-5393
-4751
-4016
-3570
-2901
-2370
-1211
-530
33
1017
1976
3075
2859
3260
3584
3863
3664
3060
2672
1948
2479
2226
2934
1257
-3187
-5662
-6453
-3813
-2179
-2582
-3235
-5586
-8172
-8813
-5794
-2282
-920
-2523
-4297
-3711
-2536
124
2359
3523
4331
4297
5206
6060
7099
7661
7463
7357
7939
9471
9789
8229
5832
4265
3755
3606
4207
4033
2134
-916
-3471
-4355
-3973
-3736
-3674
-4623
-6676
-8138
-8069
-6838
-5352
-4455
-4268
-4219
-4669
-3219
-1570
-69
746
1149
2369
3428
5153
5981
5770
5254
5089
5575
6201
6432
5844
4449
2127
1034
1076
1298
1336
-119
-2234
-3711
-4728
-4341
-4149
-4136
-4729
-5941
-6414
-6267
-5515
-4861
-3959
-3617
-3416
-3313
-2573
-1710
-1276
-291
752
1743
2308
2779
3002
2973
2861
3579
3944
4301
3832
2775
1572
-262
130
899
1694
823
-3070
-6484
-7997
-6538
-3985
-3090
-3129
-4943
-7076
-8440
-6782
-3229
-1099
-1024
-2540
-2106
-762
958
2592
3560
4761
5339
6541
7294
7609
7343
6702
6639
7265
8648
9150
7708
5320
3281
2747
2560
3023
3107
1876
-640
-3241
-4129
-4184
-4345
-4435
-4203
-4813
-6055
-6270
-5575
-4623
-4636
-3970
-2515
-1473
-1770
-1260
-281
504
1511
2240
3873
4406
4338
4064
3817
4350
4826
4498
3612
2837
2250
1592
406
-195
-378
-829
-1884
-3096
-3705
-3898
-4442
-5041
-4910
-4574
-4479
-4796
-4688
-4100
-3475
-3062
-2265
-1620
-1322
-1015
-377
115
855
1831
2664
3352
3448
3628
3703
3171
3605
4155
4126
3011
1691
713
358
390
409
843
-597
-2268
-5729
-8782
-7523
-5138
-2022
-3134
-4828
-6221
-7477
-7167
-4575
-346
822
-886
-3015
-2489
-62
1969
4362
5403
5549
5422
5255
6133
6522
7034
7131
7035
7345
7947
7696
5346
3255
2010
2335
2655
2929
2926
622
-3051
-5298
-4857
-3281
-2540
-2824
-3173
-4932
-6930
-6797
-4676
-2138
-1023
-1206
-995
-1535
-2073
-1651
135
1921
2938
3192
3411
3361
2517
2183
2538
3738
4512
4115
2634
708
-529
-753
-468
-203
180
-725
-2518
-4566
-5021
-4090
-3453
-3053
-2459
-2531
-3357
-4220
-4147
-2952
-1525
-421
560
583
43
-365
-302
1029
2501
3852
4147
3746
2833
2372
2415
3138
4295
3993
3400
1589
236
-974
-889
-313
290
-341
-1422
-2439
-3053
-3819
-7555
-8013
-7056
-3600
-2977
-4237
-4603
-5413
-6538
-6550
-2702
1146
1808
-781
-2422
-1581
433
3463
5781
6243
5709
4459
3751
3739
4938
7171
7169
6283
5188
5323
4238
2737
2340
3179
3168
2203
1817
889
-948
-2607
-2474
-1547
-1716
-2460
-2417
-3000
-4492
-4885
-3454
-1692
-1123
-1663
-1647
-1625
-1787
-858
56
954
1561
1459
1180
1083
2051
2605
2207
1747
2070
1745
782
235
377
740
72
-913
-1117
-1362
-1656
-2737
-2816
-1954
-1786
-2330
-2493
-1856
-1596
-1908
-1526
-489
60
-392
-195
491
1194
1422
1709
2058
2497
3021
2969
2666
2721
2814
2914
2911
2932
2454
1213
495
150
-21
-205
-458
-977
-2143
-3194
-3587
-4088
-3241
-2803
-1572
-3665
-7146
-8390
-7268
-3733
-2603
-1979
-2177
-3563
-4818
-4504
-1154
1299
1826
505
-201
265
1146
2999
3629
3643
3745
3887
4275
3974
4731
4853
4030
3645
4319
5615
5108
3687
2439
1715
1061
1016
1494
1367
467
-664
-1383
-1942
-2577
-2330
-1869
-2000
-2475
-2577
-2276
-2084
-2181
-1972
-1359
-645
-437
143
389
928
409
-187
226
1217
1856
1326
1276
1410
1086
526
446
1056
1010
698
238
-214
-642
-923
-881
-1127
-644
-138
-404
-985
-1387
-1052
-1034
-612
115
485
427
295
607
849
1071
1369
1800
2043
2235
2323
2080
2020
1633
1241
1128
1076
1295
605
-454
-1226
-1944
-1954
-1791
-1610
-1780
-2727
-3410
-3652
-3358
-2850
-2623
-2555
-2238
-2605
-3705
-6593
-6532
-4070
-1056
-256
-1849
-2155
-3476
-3883
-2930
559
2570
1457
-739
-1498
-117
1675
3560
3884
2965
2343
2703
3418
3582
3809
4198
3483
2925
3717
4732
4286
2393
1247
1265
1638
2090
2763
1813
-387
-2078
-1813
-1154
-716
-366
-188
-1275
-2948
-3023
-1691
-830
-698
-544
-112
-233
-483
-144
253
385
663
1057
1645
1982
2002
983
15
628
1135
1211
1680
1750
1678
154
-434
-265
87
418
530
312
-411
-896
-1590
-1262
-204
889
846
-202
-144
-280
-605
-147
1194
1997
1523
1157
975
321
-197
28
603
900
696
-281
-900
-1569
-1914
-2131
-1953
-1024
-1125
-2072
-2790
-2830
-2812
-2807
-2472
-1795
-1518
-1938
-2117
-1597
-1421
-961
-1379
-1392
-3397
-5580
-4045
-1910
478
-1079
-1986
-2632
-3710
-3699
-1759
853
352
-1600
-2944
-2740
-1335
669
2233
1748
867
1155
1553
1935
2628
4072
4715
4140
4377
4802
5248
4379
3984
4098
4409
4791
5128
4493
2583
1067
769
1029
1579
1998
2128
780
-1720
-3008
-2422
-779
266
152
-399
-1620
-2677
-2891
-1660
-132
1049
564
-281
-556
-648
-309
-50
644
1421
1729
1654
1415
458
147
329
780
1791
2520
2626
1200
-683
-1126
-566
525
1630
1537
151
-1792
-2666
-2160
-1518
-776
-22
-292
-1801
-3196
-3405
-2463
-1681
-943
-702
-1262
-2018
-2695
-2594
-1866
-988
-549
-431
-372
-310
-347
-383
-197
519
1164
1682
1202
587
-106
-372
149
613
1238
522
-392
-2453
-4020
-6544
-5656
-3239
-1251
-1867
-4721
-6033
-7262
-7117
-5357
-2391
-1124
-2606
-4550
-5241
-3946
-1557
1428
3013
3037
2945
2904
2977
3876
5436
7546
8051
8293
8361
7961
6709
6060
6419
7154
7395
6915
5908
3480
1314
494
558
794
558
-196
-1639
-4184
-5682
-5075
-3870
-2673
-2529
-2876
-3783
-4581
-4240
-2632
-946
536
1086
820
902
1086
1499
1913
2886
4001
4752
4500
4104
2914
2004
1995
2606
3304
3280
2236
442
-1607
-2594
-2030
-1412
-1059
-2133
-4024
-5408
-5785
-5072
-4373
-3692
-3410
-3950
-4647
-4556
-3734
-2945
-2183
-1230
-99
335
243
612
788
1454
2125
3049
3882
3586
3004
2019
1801
1890
2156
2233
1722
569
-997
-1872
-2140
-1825
-1849
-2153
-3219
-4117
-5108
-5404
-5561
-5789
-7797
-7970
-6904
-5339
-4996
-5760
-4642
-4496
-4228
-3203
-634
816
317
192
910
2585
4416
6661
7319
6725
6608
7122
7571
7980
8675
9309
8237
7182
6629
6436
5782
4828
4007
3045
2317
1560
932
-495
-1654
-2184
-2620
-2971
-3276
-3279
-3466
-4366
-4841
-3915
-2576
-1640
-1592
-1569
-1065
-507
68
1185
2286
2840
2514
1991
2874
3692
4031
3433
2869
2143
1403
1113
601
457
-349
-951
-2061
-2985
-2894
-3031
-3408
-4122
-4375
-4661
-5158
-5002
-4396
-4042
-4088
-3540
-3056
-2913
-2592
-1554
-518
-223
-2
755
1234
1466
1688
2266
2746
2667
2618
2795
3029
2545
1911
1428
1177
780
355
146
-431
-1371
-2249
-2691
-3026
-3305
-3405
-3951
-4076
-4186
-4115
-4170
-4187
-3703
-3248
-2895
-2251
-2072
-2101
-4272
-4626
-2269
217
2012
1013
1202
666
19
684
2961
4761
4319
3331
2586
2777
3299
4652
5056
4063
4103
4755
5006
4595
4300
4530
3805
3337
4141
4931
4954
3672
2523
1300
943
1519
2411
2000
805
-28
-939
-1621
-1849
-1218
-644
-1208
-1961
-2156
-1888
-1649
-1667
-1587
-1334
-1048
-888
-616
-371
-389
-406
-836
-473
126
764
723
-8
-824
-1635
-1751
-506
-265
339
-391
-1096
-1803
-2492
-1891
-1465
-978
-1631
-2177
-2617
-2197
-2255
-2580
-2308
-2042
-1666
-1954
-1342
-1052
-1346
-1533
-827
-267
107
368
539
306
-62
273
805
1256
1592
1399
1206
948
641
217
151
287
188
-76
-89
162
-170
-702
-946
-1106
-1050
-1200
-1157
-1154
-1150
-1267
-1754
-1917
-1633
-1493
-1083
-1006
-610
-3894
-4028
-2568
260
1426
112
924
-736
-1188
-440
2375
3602
2827
2189
1252
1605
2888
5301
4979
3755
3688
4072
4145
4276
4699
4748
3554
3170
3354
3112
3084
2460
1476
414
620
1522
1283
-171
-1099
-1798
-2500
-2603
-1870
-1337
-1483
-2459
-2978
-2930
-2242
-1003
-796
-384
-550
-514
-636
-299
864
1438
1399
635
1178
1227
1339
962
551
133
-284
-542
-779
-960
-1066
-1535
-2333
-2640
-2560
-2759
-3048
-3237
-3367
-3893
-4132
-3585
-3253
-2925
-2473
-2067
-1808
-1838
-1203
-218
462
638
743
1141
1908
2172
2487
3333
3238
2745
2362
2617
3331
3297
3160
2583
1461
618
219
-62
-150
-256
-645
-1644
-2687
-2890
-3083
-3235
-2838
-2416
-2763
-3240
-3104
-2832
-2427
-1688
-744
-188
-564
112
111
395
-2214
-2053
188
2152
3513
1153
1305
-521
-1140
-138
2378
3883
2516
647
-1400
-1484
-56
2599
3016
1861
1551
927
102
159
1174
2623
2779
2856
3065
2038
1811
1441
1518
1858
3247
4054
3302
1382
553
617
629
1319
2267
2315
1357
-203
-1063
-962
-424
470
449
212
-183
-1017
-1878
-2094
-1155
-718
-745
-1390
-1152
-1473
-1964
-2291
-2109
-1554
-1664
-1649
-1741
-2069
-2344
-2480
-2326
-1903
-1501
-1380
-1278
-1567
-1865
-1611
-1069
-593
-893
-832
-420
-365
-132
218
981
1113
839
847
1072
1642
2201
2040
1930
2059
1990
1709
1532
1728
1894
1342
709
460
83
-214
-464
-737
-788
-885
-1106
-1337
-1973
-1920
-1953
-1735
-1440
-1407
-1108
-1241
-1458
-1765
-1729
-1281
-702
-401
-529
-334
-746
-471
-699
145
-1191
-2811
-1539
-689
1035
-511
-359
-538
-1649
-1564
-220
1524
995
178
-762
-706
161
1801
2603
1253
1198
1383
1438
1624
2456
3384
3156
2568
2698
2560
2679
2546
2326
2239
2756
3422
3421
2385
1756
1300
1159
1239
1532
1414
1003
183
-853
-839
-34
745
495
-285
-596
-1247
-1636
-1236
-440
-628
-1056
-1507
-1343
-1714
-1676
-1212
-1662
-1817
-1700
-1479
-1773
-2413
-2063
-1785
-1549
-1359
-1119
-1293
-1360
-1089
-809
-307
-82
409
4
-346
130
458
888
1188
1624
1630
1214
993
1132
1341
1659
1515
1526
1560
767
-17
-91
-25
-154
-210
-169
-624
-1861
-2475
-2288
-2386
-2446
-2127
-2131
-2563
-3249
-3332
-2923
-2535
-1544
-1059
-1416
-1974
-1902
-1580
-1238
-297
703
993
647
630
456
406
940
1611
1859
1785
1557
1673
177
-536
-150
320
692
147
318
-417
-1239
-1278
-618
-124
250
504
-19
-657
-580
369
756
1001
1702
2151
1900
1825
1830
2325
2820
3717
4537
4234
4122
3728
3366
3098
3646
4331
4518
3925
3139
2343
1305
1036
1157
1193
1045
128
-979
-2032
-2772
-2550
-2546
-2405
-2449
-2854
-3416
-4120
-4090
-3772
-3030
-2832
-2195
-2166
-2100
-2140
-2287
-1591
-683
388
1009
615
153
-30
177
928
1555
2244
2370
1645
789
378
515
741
906
708
289
-574
-1405
-2010
-2203
-2091
-1928
-1840
-1867
-2138
-2821
-3601
-3913
-3196
-2333
-1627
-1318
-1694
-2150
-2403
-1844
-737
116
670
679
414
180
179
522
997
1534
1795
1892
1432
1003
744
678
817
1068
1480
1428
850
189
-342
-627
-619
-335
164
109
-393
-1135
-1512
-1476
-929
-749
-801
-492
-490
-289
-595
-189
336
855
1216
1750
2057
1889
2071
2324
2760
3318
3914
4048
3665
3566
3773
3642
3465
3526
3349
3200
2765
2688
2370
2138
1712
1052
524
486
537
-19
-599
-948
-1106
-1503
-1733
-1681
-1919
-2219
-2254
-2213
-2307
-2309
-2320
-2484
-2492
-1953
-1492
-1451
-1704
-1683
-1642
-1444
-786
-162
-203
-411
-771
-942
-959
-406
215
44
-207
-481
-707
-882
-636
-533
-885
-1298
-1384
-1482
-1690
-1596
-1584
-1717
-1797
-1642
-1471
-1334
-997
-803
-928
-891
-437
-130
-168
-23
332
507
535
699
902
881
790
945
1138
1125
911
773
647
587
713
790
612
360
103
-79
-348
-337
-279
-182
-243
-399
-494
-805
-831
-728
-416
-134
22
23
-189
-149
72
574
864
1171
1406
1306
1215
1100
1295
1600
1746
1650
1678
1451
1259
1212
1263
1509
1273
1280
1383
1241
1056
890
933
1281
1463
1652
1609
1047
798
788
975
1324
1386
1131
623
195
40
-59
83
271
-188
-663
-924
-837
-924
-1269
-1539
-1770
-1957
-1837
-1696
-1719
-2015
-2224
-2381
-2190
-1581
-1013
-801
-1169
-1376
-1388
-1119
-506
39
403
408
215
-18
34
238
741
1024
951
496
23
-326
-381
-304
127
180
-431
-895
-1304
-1436
-1415
-1017
-766
-1001
-1200
-1346
-1531
-1802
-1435
-867
-434
-159
68
74
-304
-476
-116
489
1173
1574
1594
1212
842
816
948
1125
1483
1567
822
81
-232
-216
-294
-429
-222
-287
-739
-1135
-1342
-1428
-1409
-1257
-796
-645
-587
-702
-950
-806
-172
390
773
959
1114
1082
712
916
1437
2054
2355
2234
1788
1472
1653
2089
2513
2640
2512
1839
1342
1385
1695
1720
1339
1057
511
-123
-419
-196
-28
-477
-737
-1086
-1382
-1864
-1802
-1694
-1850
-1767
-1644
-1516
-1830
-1918
-1624
-1218
-784
-383
-135
-218
-380
-221
274
830
1282
1611
1497
1180
1039
1123
1486
1706
1862
1869
1550
1174
711
422
449
701
714
252
-468
-986
-1176
-1541
-1334
-982
-759
-957
-1500
-1672
-1769
-1555
-1169
-845
-719
-733
-738
-928
-983
-761
-142
174
376
617
498
275
104
401
711
712
723
496
-38
-669
-989
-1206
-1176
-1042
-985
-1260
-1871
-2392
-2609
-2512
-2201
-1803
-1576
-1437
-1569
-1695
-1609
-1253
-487
67
577
682
599
384
504
1162
1738
2175
2201
2046
1727
1491
1664
1945
2299
2294
2091
1752
1291
1087
995
1112
1073
1083
1058
741
385
55
24
208
396
659
654
299
-71
-329
-237
-107
316
436
18
-428
-476
-398
-554
-453
-210
-196
-608
-725
-332
-412
-640
-588
-506
-454
-409
-107
49
-199
-76
227
366
419
848
1045
873
659
805
1034
875
1243
1413
1141
706
651
803
632
575
609
456
-168
-348
-297
-399
-594
-756
-689
-963
-1095
-1136
-1231
-1255
-1117
-920
-1061
-1152
-1214
-1186
-1114
-1031
-715
-597
-648
-847
-880
-668
-506
-338
-220
-292
-492
-466
-429
-463
-476
-382
-506
-776
-926
-948
-989
-1108
-928
-738
-781
-848
-891
-932
-930
-738
-416
-190
-150
-129
38
148
307
543
863
1223
1491
1691
1804
1695
1583
1723
1932
2161
2133
1960
1794
1561
1433
1469
1517
1596
1441
1124
759
386
235
134
48
4
-218
-466
-646
-785
-908
-935
-913
-914
-942
-879
-695
-783
-847
-835
-501
-140
47
358
516
556
443
423
629
999
1315
1393
1332
971
821
781
877
1100
913
564
194
-106
-227
-402
-549
-584
-749
-1064
-1181
-1287
-1448
-1717
-1787
-1662
-1574
-1467
-1368
-1304
-1364
-1400
-1262
-873
-615
-530
-492
-597
-522
-460
-210
51
137
241
147
68
62
-8
-23
-22
49
103
11
-239
-499
-741
-791
-573
-371
-281
-386
-565
-589
-529
-411
-169
-64
-104
-167
-153
100
354
617
911
985
1029
1109
1230
1467
1654
1799
1910
1941
1974
1939
1966
1992
1776
1571
1642
1603
1414
1121
887
764
542
493
591
633
506
237
-65
-169
-192
-96
-137
-347
-521
-695
-777
-693
-675
-749
-757
-672
-668
-743
-602
-348
-279
-328
-265
-148
-154
-168
-18
-9
-98
-231
-179
-91
-128
-91
-155
-443
-707
-669
-630
-688
-881
-1048
-1229
-1406
-1321
-1134
-1206
-1276
-1175
-1133
-1157
-1113
-867
-691
-662
-607
-563
-736
-776
-653
-609
-672
-668
-602
-663
-581
-465
-303
-305
-296
-236
-328
-238
-109
-49
-111
-139
-51
-8
47
195
378
357
290
480
772
954
798
654
739
843
1019
1175
1205
940
604
627
801
874
839
862
697
459
324
374
651
758
837
882
860
895
863
875
912
1024
1193
1338
1459
1427
1297
1095
1140
1268
1449
1571
1507
1364
1111
1021
1041
1081
1041
891
684
344
138
-2
-112
-206
-298
-372
-639
-903
-1023
-1163
-1263
-1246
-1085
-989
-1045
-1048
-1044
-944
-854
-653
-576
-631
-700
-587
-492
-463
-396
-399
-522
-685
-752
-775
-815
-805
-773
-942
-1129
-1309
-1451
-1532
-1527
-1428
-1480
-1551
-1661
-1712
-1877
-1928
-1682
-1480
-1427
-1509
-1549
-1644
-1601
-1244
-839
-588
-524
-446
-362
-435
-267
146
555
679
655
597
494
476
665
980
1194
1187
960
701
498
520
704
822
842
707
531
348
254
212
301
357
349
376
512
443
440
535
698
1003
1238
1451
1390
1256
1312
1468
1639
1730
1832
1875
1834
1773
1761
1710
1694
1752
1756
1777
1664
1506
1194
900
845
861
818
735
639
395
139
90
111
128
42
24
-46
-254
-544
-705
-689
-582
-515
-448
-495
-711
-876
-855
-691
-550
-405
-442
-504
-628
-684
-716
-658
-517
-567
-651
-739
-836
-927
-966
-1105
-1150
-1232
-1255
-1316
-1444
-1425
-1480
-1497
-1472
-1442
-1350
-1303
-1314
-1236
-1232
-1203
-1172
-1115
-919
-772
-757
-883
-887
-876
-855
-746
-435
-212
-312
-417
-509
-542
-487
-247
-18
-28
-99
-83
-98
-165
-65
48
167
184
201
192
-14
-82
-88
-27
254
527
629
610
521
520
563
781
1150
1308
1240
978
862
862
1005
1188
1295
1324
1292
1320
1195
1205
1237
1296
1305
1272
1330
1191
1043
947
1011
1101
1200
1287
1237
1044
904
1018
1206
1313
1426
1287
1041
841
812
935
951
852
715
494
340
240
282
347
233
-47
-299
-370
-474
-538
-650
-760
-850
-949
-983
-1202
-1415
-1568
-1552
-1471
-1390
-1262
-1388
-1626
-1739
-1514
-1210
-943
-764
-883
-1090
-1159
-890
-610
-453
-364
-436
-683
-1014
-954
-617
-421
-444
-583
-810
-1070
-1105
-1090
-1027
-1024
-1046
-1003
-1144
-1223
-1247
-1185
-974
-794
-488
-243
-117
-200
-239
-111
189
379
578
687
461
340
384
637
861
1045
1145
1024
837
762
839
854
837
865
811
691
561
500
279
204
299
452
503
384
289
49
-43
148
400
575
548
381
172
93
298
671
892
870
778
637
466
471
669
932
945
862
793
768
701
688
893
942
889
848
768
674
481
460
481
531
596
529
291
-12
-195
-159
-58
5
86
2
-231
-479
-509
-425
-251
-235
-359
-494
-676
-711
-762
-679
-530
-538
-546
-529
-530
-703
-868
-824
-598
-520
-513
-553
-697
-928
-994
-837
-684
-631
-705
-790
-978
-1088
-956
-855
-904
-929
-974
-962
-1058
-1076
-957
-856
-768
-644
-496
-461
-506
-532
-506
-468
-258
46
165
81
90
268
435
574
809
958
923
877
919
977
1000
1055
1094
1094
1099
1182
1189
1039
928
868
839
853
820
679
450
256
207
181
296
349
262
69
-8
118
227
339
409
352
214
159
306
468
452
467
441
434
378
385
457
458
389
255
205
150
171
103
33
-33
-126
-144
-212
-406
-617
-700
-715
-706
-671
-606
-619
-760
-775
-605
-430
-345
-310
-277
-292
-335
-237
-144
-96
-77
-21
-104
-318
-328
-296
-304
-355
-299
-330
-475
-585
-599
-568
-583
-403
-336
-417
-583
-604
-541
-577
-459
-295
-272
-395
-393
-313
-183
-18
101
167
201
203
181
67
98
279
382
445
493
481
300
185
288
423
414
367
329
211
87
82
180
212
229
167
121
24
-11
65
172
201
146
151
152
155
123
183
247
279
315
382
440
396
446
515
591
663
775
800
786
790
830
859
871
988
977
876
786
760
602
408
340
240
96
-39
-156
-288
-499
-632
-707
-735
-713
-721
-747
-818
-936
-991
-896
-760
-652
-575
-497
-453
-508
-472
-378
-294
-274
-278
-252
-293
-355
-314
-292
-270
-286
-337
-349
-476
-567
-675
-727
-868
-916
-841
-837
-877
-937
-905
-932
-867
-639
-407
-296
-248
-153
-169
-182
-14
267
339
335
380
371
355
415
655
741
707
683
754
758
738
873
927
847
729
729
652
536
484
451
438
372
386
379
331
241
188
190
281
317
345
298
128
20
23
108
149
189
250
208
112
153
275
344
403
463
517
476
411
465
505
509
586
606
585
522
431
311
159
76
99
124
118
-41
-261
-386
-470
-544
-552
-449
-488
-592
-665
-604
-605
-671
-609
-513
-449
-410
-425
-366
-393
-439
-352
-297
-216
-236
-317
-433
-555
-580
-477
-288
-270
-321
-364
-403
-463
-447
-284
-191
-303
-323
-339
-432
-448
-360
-290
-233
-62
90
113
47
41
-44
-63
84
223
208
96
29
-40
-98
-6
82
64
-82
-42
-34
-18
56
70
43
-31
17
47
64
83
80
10
1
125
273
358
388
431
363
340
467
541
550
531
547
552
519
456
415
346
330
417
454
477
430
331
174
101
116
190
204
110
21
-97
-109
1
121
173
145
115
55
-5
70
150
230
235
225
239
200
107
36
-31
-2
80
85
79
86
12
-170
-234
-181
-127
-153
-165
-215
-378
-538
-527
-414
-418
-412
-323
-430
-622
-635
-545
-511
-409
-200
-25
-101
-195
-165
-178
-198
-162
-25
9
-111
-126
-116
-224
-306
-210
-35
4
12
59
32
-133
-186
-73
-15
-103
-194
-152
-305
-467
-356
-231
-209
-194
-135
-82
-157
-103
46
167
206
195
199
145
166
262
386
439
464
481
445
458
458
544
625
573
509
383
373
313
249
247
322
292
221
193
121
38
-67
30
169
182
188
157
49
-40
-13
115
114
62
-45
-112
-246
-255
-237
-243
-263
-355
-378
-446
-436
-393
-379
-387
-336
-224
-204
-275
-294
-258
-238
-205
-131
-100
-195
-332
-406
-380
-304
-191
-139
-177
-273
-288
-233
-166
-106
-30
38
41
97
146
133
146
263
332
391
407
484
572
487
482
474
509
572
566
587
496
364
253
243
222
154
117
81
7
-92
-138
-129
-127
-148
-183
-157
-123
-196
-180
-130
-124
-98
-53
5
79
114
170
182
202
257
314
302
226
205
234
189
126
160
151
62
-12
-13
-81
-237
-267
-281
-336
-378
-404
-353
-370
-439
-399
-334
-260
-215
-164
-61
16
88
129
158
136
110
103
87
51
-3
-46
-105
-150
-155
-173
-233
-291
-330
-418
-539
-521
-460
-434
-491
-456
-414
-423
-308
-179
-104
-170
-153
-128
-128
-111
-75
-48
-134
-139
-91
-22
68
149
218
165
171
241
336
393
417
462
386
344
347
324
314
274
308
359
331
347
348
316
290
300
361
409
372
342
345
336
306
305
390
364
252
215
257
279
240
233
232
108
16
50
61
3
-19
-51
-130
-192
-209
-155
-164
-190
-204
-222
-263
-213
-121
-96
-115
-84
-47
-57
-123
-106
-53
-103
-166
-125
-67
-116
-130
-59
-45
-92
-150
-86
-67
-169
-219
-203
-238
-254
-208
-169
-175
-257
-279
-286
-326
-330
-304
-290
-389
-481
-521
-589
-600
-596
-572
-579
-643
-629
-523
-412
-348
-265
-194
-188
-157
-64
76
70
122
187
218
248
292
444
419
318
316
311
283
324
385
434
363
304
263
252
288
288
315
344
340
397
408
453
445
430
423
468
535
529
566
597
626
619
670
750
746
656
593
509
436
427
462
417
286
168
129
92
71
71
-24
-93
-232
-250
-237
-311
-346
-376
-445
-532
-629
-632
-593
-611
-592
-526
-475
-465
-451
-394
-389
-410
-414
-341
-356
-364
-363
-370
-362
-292
-176
-125
-182
-283
-364
-402
-373
-358
-265
-266
-305
-331
-398
-408
-388
-351
-357
-394
-330
-301
-352
-392
-289
-173
-122
-59
-52
-65
-127
-97
55
170
213
269
302
302
285
369
469
483
477
462
491
494
486
489
476
400
377
402
431
419
403
392
347
298
307
352
322
235
182
123
94
128
244
255
227
164
136
146
96
138
138
93
30
26
48
59
75
89
83
59
66
116
182
117
98
115
113
167
199
251
208
163
188
166
96
137
210
139
54
45
50
-38
-86
-95
-110
-158
-131
-123
-208
-289
-281
-288
-340
-299
-199
-258
-376
-428
-445
-468
-523
-458
-450
-533
-537
-518
-556
-589
-560
-475
-467
-447
-387
-354
-370
-391
-387
-363
-322
-247
-179
-164
-233
-230
-200
-157
-110
-72
-8
-66
-206
-283
-238
-221
-217
-159
-127
-202
-308
-252
-137
-79
-1
90
137
128
143
249
263
325
413
506
507
545
685
723
717
758
837
848
827
854
839
756
720
761
725
633
604
578
483
359
281
181
91
25
37
17
-66
-102
-144
-164
-113
-65
-53
7
-24
-23
-36
16
70
88
131
157
226
222
194
158
138
108
123
144
151
111
25
-23
-60
-25
-44
-29
-39
-155
-258
-332
-372
-408
-365
-302
-286
-382
-386
-386
-427
-434
-382
-375
-471
-476
-449
-468
-514
-445
-406
-386
-376
-323
-281
-301
-284
-280
-260
-259
-224
-267
-289
-380
-430
-397
-367
-292
-339
-364
-393
-410
-377
-324
-248
-237
-296
-331
-315
-319
-282
-234
-219
-200
-183
-161
-65
-25
-16
6
62
98
173
330
444
520
544
576
599
626
669
701
680
687
734
774
794
801
810
802
724
727
757
750
688
711
741
690
680
676
671
584
516
468
509
494
458
415
383
319
207
216
204
140
112
57
-7
-104
-135
-164
-246
-287
-285
-261
-304
-356
-359
-396
-499
-529
-475
-494
-505
-549
-548
-558
-560
-511
-547
-548
-612
-602
-639
-671
-653
-598
-541
-521
-488
-457
-434
-438
-399
-359
-301
-272
-291
-312
-321
-346
-290
-186
-171
-147
-122
-108
-161
-169
-106
-60
-75
-98
-68
-121
-205
-167
-123
-66
-12
53
89
20
11
70
120
134
172
217
157
51
73
167
220
237
267
294
259
202
250
278
263
268
306
324
285
266
288
276
252
312
345
311
281
300
342
368
446
538
578
561
510
528
525
513
575
642
611
579
598
546
459
397
370
348
280
242
230
114
26
19
30
21
0
-16
-124
-211
-203
-210
-195
-191
-177
-220
-296
-307
-322
-339
-333
-310
-347
-434
-446
-424
-461
-510
-518
-532
-595
-630
-615
-616
-662
-653
-573
-568
-580
-522
-510
-545
-551
-477
-375
-372
-326
-226
-191
-242
-184
-92
-55
-62
-29
50
-13
-39
53
120
69
74
129
191
133
124
226
266
224
248
318
325
255
200
220
218
203
224
301
274
178
180
260
253
224
241
248
150
37
73
99
29
4
-21
-49
-159
-183
-133
-162
-153
-65
24
-5
13
85
87
50
68
160
179
178
191
242
247
265
385
468
476
479
471
465
412
356
377
370
310
272
273
254
189
157
160
112
50
52
88
62
17
7
-15
-50
-84
-130
-114
-122
-165
-130
-91
-113
-159
-181
-165
-178
-208
-183
-173
-216
-243
-227
-252
-275
-266
-302
-377
-434
-416
-411
-412
-441
-476
-529
-538
-527
-509
-468
-436
-405
-419
-403
-365
-358
-314
-240
-178
-181
-121
-80
-74
-33
40
105
123
162
228
174
140
195
226
201
234
260
215
157
149
197
196
199
291
314
305
321
364
358
309
308
371
358
336
336
291
284
253
242
226
229
212
168
148
157
145
124
165
162
61
-5
32
38
-6
26
64
48
12
21
60
33
-12
19
54
-69
-94
-103
-93
-173
-183
-105
-140
-174
-156
-103
-170
-174
-92
-64
-118
-128
-89
-82
-126
-100
-40
-74
-98
-7
30
-6
42
67
32
0
49
75
13
16
26
26
-15
-6
62
20
-66
-93
-78
-83
-107
-105
-93
-154
-217
-183
-181
-223
-249
-225
-227
-255
-286
-285
-248
-286
-257
-229
-192
-211
-245
-223
-205
-215
-222
-136
-83
-35
7
66
102
111
131
183
194
187
232
200
194
212
247
250
235
256
269
253
228
262
267
271
299
322
281
246
260
236
214
239
280
240
172
151
139
66
23
88
114
54
84
89
48
-7
56
95
-4
-27
28
-30
-138
-110
-68
-93
-147
-102
-71
-139
-177
-108
-72
-86
-113
-89
-90
-186
-185
-76
-20
-36
-15
-16
-61
-146
-145
-90
-99
-155
-140
-105
-209
-217
-163
-128
-177
-140
-63
-55
-98
-130
-60
-93
-126
-79
-54
-68
-118
-120
-100
-157
-188
-158
-168
-239
-253
-178
-163
-184
-129
-51
-50
-112
-77
-30
-96
-88
-23
27
23
2
58
62
40
69
143
142
91
119
148
156
119
209
235
189
167
192
213
174
179
246
278
214
244
295
325
278
275
308
290
232
241
265
199
159
156
182
144
135
129
186
119
148
165
199
135
116
123
53
1
4
3
-47
-58
-60
-41
-84
-78
-27
-29
-87
-99
-83
-127
-183
-179
