0
1
-3
-9
-12
-16
-18
-17
-14
-14
-16
-18
-21
-20
-20
-19
-21
-20
-23
-22
-25
-18
-17
-15
-15
-16
-19
-16
-11
-10
-9
-7
-7
-10
-10
-11
-8
-4
-2
-5
-1
0
-2
1
6
7
7
10
7
7
7
8
10
8
7
4
2
2
0
1
4
3
3
9
5
6
5
2
2
-1
0
-2
0
-2
1
6
8
12
13
13
13
13
12
14
14
11
10
5
1
1
-1
-2
-5
-5
-7
-6
-4
-7
-4
-4
-5
-5
-7
-9
-10
-7
-9
-8
-6
-9
-5
-6
-2
-1
-4
-1
-4
-7
-7
-9
-4
-5
-4
-3
-4
-5
-5
-4
-4
-3
2
3
5
8
10
15
16
22
23
24
24
29
30
34
35
35
37
34
32
32
33
30
32
33
30
28
27
23
20
17
17
12
8
5
0
-3
-7
-7
-8
-13
-13
-18
-21
-22
-26
-27
-28
-27
-27
-29
-33
-36
-38
-37
-36
-36
-36
-38
-35
-35
-29
-23
-22
-22
-21
-24
-26
-27
-22
-22
-19
-19
-22
-17
-17
-14
-15
-11
-10
-12
-9
-8
-3
-1
7
9
7
9
11
14
16
18
20
19
17
14
15
13
13
10
10
9
5
6
4
7
7
10
13
11
9
9
10
10
9
7
11
9
9
7
9
5
3
3
3
6
7
7
5
7
2
-3
-4
-2
3
4
6
7
4
3
2
0
0
3
0
2
-1
-5
-8
-9
-9
-5
-4
-1
0
-4
-2
-2
0
-3
-3
-2
-3
0
0
3
8
5
0
3
0
5
7
8
9
4
0
3
7
10
13
15
19
20
15
17
11
10
9
7
11
9
14
13
14
17
10
11
10
6
5
-2
-3
-6
-3
-3
-2
-5
-6
-6
-10
-12
-8
-7
-10
-11
-8
-8
-12
-9
-10
-11
-7
-6
-8
-8
-10
-18
-15
-17
-16
-17
-17
-17
-23
-23
-22
-21
-22
-23
-21
-22
-23
-19
-15
-12
-13
-9
-6
-4
4
4
3
3
3
-1
1
2
3
1
3
5
0
1
-3
0
-1
-6
-6
-4
-2
1
2
4
4
6
6
8
8
10
10
16
19
19
22
16
18
19
22
23
21
20
19
14
15
14
17
18
9
6
5
6
11
12
10
3
-2
-3
-1
-1
-1
2
2
6
6
10
8
5
3
6
9
7
6
11
17
16
15
17
18
14
13
13
10
7
10
6
9
2
-8
-11
-14
-12
-11
-18
-19
-25
-26
-22
-23
-21
-23
-24
-28
-34
-37
-37
-39
-40
-42
-39
-32
-28
-20
-28
-19
-9
-15
-13
-14
-9
-3
3
2
-1
-4
-2
2
6
12
15
19
25
30
26
13
12
11
18
32
39
31
26
32
30
25
27
25
17
10
9
13
13
18
14
13
17
18
23
14
15
5
-12
-15
-15
-22
-23
-21
-21
-20
-15
-16
-28
-44
-51
-62
-59
-55
-52
-45
-44
-39
-47
-43
-39
-35
-27
-23
-16
-9
-19
-20
-12
-4
-5
-3
1
2
4
5
19
18
19
28
33
50
61
71
76
78
84
76
79
82
74
60
45
36
38
36
39
46
40
47
53
45
31
19
0
-2
4
1
-4
-28
-33
-28
-20
-21
-22
-35
-44
-37
-43
-37
-26
-16
-4
6
-4
-8
-18
-20
-14
-16
-23
-21
-13
-22
-26
-33
-27
-13
-7
-1
4
0
-4
-16
-22
-19
-15
-5
-9
-25
-28
-33
-42
-43
-42
-35
-40
-51
-58
-48
-39
-12
-78
-265
-417
-253
36
216
273
247
122
-74
-173
-102
115
422
529
350
99
44
31
-80
-121
-25
109
184
217
156
41
-88
-212
-236
-102
157
263
213
93
-33
-114
-131
-89
-38
53
128
115
24
-83
-203
-314
-295
-165
-40
1
-61
-153
-245
-284
-251
-183
-81
-10
40
47
-13
-92
-171
-202
-158
-61
12
27
-22
-65
-106
-133
-130
-78
-16
22
39
36
21
20
40
83
159
214
274
284
231
193
160
115
103
127
183
216
191
157
152
162
160
157
188
196
228
248
224
192
148
109
131
168
206
219
194
143
42
3
10
33
54
80
39
-21
-75
-104
-130
-135
-105
-76
-87
-84
-138
-174
-144
-128
-131
-128
-16
40
-2
-253
-695
-1324
-1794
-1883
-1476
-757
-145
68
-126
-447
-692
-709
-396
129
783
1263
1318
985
592
253
-31
-200
-160
334
956
1269
941
201
-481
-844
-810
-482
104
599
801
705
496
350
190
274
553
1029
1547
1796
1574
1029
548
143
22
93
307
456
416
155
-263
-641
-841
-843
-760
-483
-173
3
0
-98
-286
-428
-384
-190
0
103
43
-157
-307
-368
-421
-602
-655
-647
-572
-479
-314
-283
-320
-295
-243
-479
-767
-1614
-3301
-4932
-4622
-2089
801
1896
654
-982
-1544
-1324
-1480
-1075
1276
4336
5236
2952
343
8
1210
1066
-1079
-1630
1208
4988
5461
2273
-1462
-2991
-2669
-2229
-1684
-164
2156
3390
2550
885
66
469
1093
1741
3182
5203
6304
5095
2393
-205
-1362
-1052
-343
190
487
504
-158
-1503
-2545
-2971
-2705
-1823
-738
362
1243
1522
639
-535
-1031
-688
113
861
1078
538
-361
-1304
-2075
-2620
-2759
-2712
-2428
-1723
-1080
-944
-1410
-1806
-1569
-841
409
1421
1815
1636
947
131
-561
-731
-512
-333
-383
-1034
-2355
-4089
-5268
-5552
-4748
-2952
-965
617
1222
968
78
-376
381
1993
3709
4550
4548
3899
2897
1592
207
-695
-768
75
1152
1891
1842
870
-738
-2042
-2162
-1253
281
1669
2531
2810
2612
2121
1392
1014
1284
2086
2843
3267
3078
2237
978
-354
-1183
-1365
-868
-135
430
566
179
-555
-1340
-1725
-1584
-1163
-740
-498
-452
-685
-1058
-1383
-1503
-1315
-1061
-801
-622
-564
-702
-763
-852
-1031
-944
-686
-269
190
702
751
329
-134
-492
-834
-1080
-1903
-4172
-7046
-7646
-4774
-610
1743
948
-840
-1286
-713
-805
-955
1333
5436
7419
5149
1604
604
2056
2368
-174
-2138
-327
3874
5482
2732
-1461
-3583
-3342
-2603
-2198
-1118
1124
2878
2767
1091
-545
-807
352
2009
3499
4957
5760
5026
2564
-224
-1691
-1319
-29
643
504
-52
-517
-1363
-2720
-3578
-2975
-1309
15
840
1439
1673
1007
-178
-859
-355
909
1712
1470
435
-608
-1495
-2267
-2782
-2932
-2686
-1975
-1158
-605
-628
-1105
-1444
-1195
-269
990
1919
2242
2056
1400
460
-363
-835
-912
-557
-155
-200
-640
-1234
-1417
-1382
-1084
-1281
-3874
-8254
-10490
-6650
315
4946
4401
1317
-514
-841
-1755
-3038
-354
6084
9885
6657
308
-1631
1098
2769
-823
-4998
-3077
3781
8195
5712
183
-3278
-3311
-2596
-2401
-1063
2131
5444
5506
2717
-352
-1719
-1193
-298
1396
3793
6755
7353
4589
443
-2462
-2616
-1283
529
1449
1694
1656
309
-2319
-4473
-4345
-3341
-2149
-835
562
1510
1028
-646
-2609
-2638
-960
668
1552
1796
1827
1075
67
-996
-1591
-1184
-507
201
500
462
-815
-2721
-3949
-3608
-1953
-262
822
675
-156
-1193
-1827
-1743
-886
249
917
1081
1016
991
627
-637
-2988
-6546
-9858
-10065
-5408
1126
4627
2854
-1570
-4171
-3786
-2520
-1450
1482
6614
9905
7682
1970
-1194
40
2035
1190
-546
1436
6709
9723
6387
-375
-4987
-4951
-2615
-844
479
2520
4645
4408
1349
-2009
-2856
-729
2446
5094
6780
7879
7584
4867
519
-2830
-2822
-697
938
906
220
-409
-1700
-4119
-6834
-7354
-5243
-2532
-1344
-1128
-713
-604
-1269
-2248
-2025
-378
1573
2581
2411
2080
1649
516
-1217
-2361
-2389
-1843
-1133
-806
-1085
-2091
-3533
-4450
-3944
-2041
-200
708
688
186
-404
-1138
-1329
-516
987
1918
2082
1818
1472
785
-16
-554
-637
-305
-5
-205
-1035
-1947
-3875
-6746
-8721
-6720
-1183
3867
5145
2783
252
-549
-405
-620
316
4096
8332
9178
5652
1873
862
1654
1032
-714
-114
3531
6915
5941
1384
-2957
-4574
-4105
-3430
-2341
-188
2674
4164
3036
446
-1719
-1767
-83
2533
4973
6667
6795
4887
1384
-2251
-3948
-4473
-4675
-4487
-3223
-2104
-1519
-2119
-4457
-6416
-5781
-3293
-766
2008
4070
3505
1727
421
28
455
1476
1669
1172
1199
993
239
-848
-1884
-3399
-4360
-3460
-1403
334
369
-982
-2382
-2005
-199
1262
1935
2238
2632
2377
1585
807
274
255
247
424
211
36
-535
-1123
-1547
-1894
-2961
-5583
-8930
-9894
-6060
354
4806
4662
1695
-865
-1706
-1767
-1133
1869
6752
9396
6842
1724
-990
-37
1282
-22
-1981
-692
3925
7045
5374
438
-3826
-5330
-4782
-3081
-346
2927
5013
4105
1210
-1515
-2252
-1232
774
3253
6098
8038
7242
3866
-375
-2957
-3146
-1570
-151
414
313
-566
-2355
-4668
-6071
-5771
-4006
-1780
-62
1097
1454
841
-478
-1492
-1257
242
2163
3274
3058
2006
757
-94
-476
-605
-819
-823
-344
35
-520
-1929
-3273
-3579
-2664
-1370
-175
640
896
355
-846
-1590
-999
494
1609
1640
860
297
52
134
281
385
63
-758
-1562
-2077
-1984
-2519
-4256
-7197
-8332
-5730
-957
2559
2422
582
-957
-1169
-1371
-1407
726
4790
7965
7086
3959
1842
2044
2376
801
-481
780
4097
5571
3876
721
-1616
-2557
-3199
-3091
-1715
887
2944
3248
2681
1600
1023
720
1327
2901
5100
6850
6622
4728
1881
-332
-3064
-5204
-5220
-2994
-1301
-176
122
-1843
-4178
-5668
-6166
-4893
-827
2519
2348
1337
421
-436
-1063
-531
113
1043
2491
2834
2583
1836
244
-2790
-5022
-4673
-2930
-1357
-1363
-2156
-2687
-2431
-2197
-2384
-1470
540
2764
3314
2647
1580
642
240
183
769
1277
1399
351
-1077
-2099
-2515
-2561
-2766
-4117
-7029
-9054
-7367
-2642
1827
3151
2033
659
-76
-639
-989
764
4508
7489
6885
3694
1801
2351
3139
1678
-203
313
3076
5100
4432
2224
-213
-2240
-3711
-3569
-1425
1548
3209
2737
1668
1144
1151
1138
1407
2692
4688
5907
5488
3777
1714
-120
-1475
-2126
-1790
-1005
-600
-1176
-2467
-3792
-4767
-5035
-4669
-3872
-2970
-2125
-1565
-1651
-1851
-1574
-676
357
1089
1498
1859
2204
2175
1833
1211
501
132
-130
-332
-860
-1690
-2483
-3088
-3224
-2949
-1875
-488
636
752
117
-351
-232
503
1356
1730
1572
1318
1034
668
320
230
-12
-470
-1209
-1638
-1562
-1461
-1900
-3664
-6164
-8133
-7467
-4080
224
2836
2664
1148
-262
-692
-715
566
3458
6851
8320
6699
3813
1752
1087
456
-384
-252
1638
3996
4873
3654
923
-1874
-3841
-3981
-2053
919
3038
3158
2121
1119
548
131
-56
1003
3242
5706
6499
5626
3529
1326
-1444
-5347
-7106
-5419
-2143
-952
-597
-2287
-4938
-6477
-7155
-6569
-3603
1155
2700
1651
800
263
477
808
1634
1563
2770
3817
3668
3079
1720
-429
-3351
-3980
-3242
-2173
-1603
-1880
-2252
-2664
-2024
-1644
-756
839
2307
3219
3021
2791
2020
1657
906
15
-104
90
46
-586
-679
-930
-1360
-2028
-2841
-3647
-4268
-4997
-6305
-6679
-4601
-963
1993
2714
1481
-287
-1215
-1509
-997
1031
4135
6049
5527
3862
2495
1939
1335
554
940
3296
6205
6825
4740
1602
-623
-1894
-2567
-2286
-1053
721
1577
1005
-49
-344
-52
-45
390
1971
4733
6766
6651
4183
1005
-944
-1588
-1219
-610
-119
-689
-2178
-3912
-5269
-6072
-6532
-6022
-4702
-2887
-1332
-414
-117
-270
-187
174
1283
3144
4682
4837
3524
1770
302
-526
-1145
-1670
-1753
-1803
-2376
-3647
-4628
-4597
-3474
-2110
-1075
-61
1044
2310
3111
3053
2067
1034
768
1067
1445
1326
993
494
-248
-1309
-2427
-2997
-2863
-2435
-2218
-2280
-2967
-4440
-6193
-7169
-5885
-2812
759
2775
3139
2251
1178
445
710
2476
5149
7102
6606
4734
3364
2960
2387
1001
234
1251
3728
5297
4709
2642
605
-791
-1853
-1915
-658
1253
2147
1563
766
777
1283
1254
1134
2025
3958
5548
5031
2832
-222
-2048
-4241
-5666
-5286
-3506
-2905
-2833
-2921
-4672
-5833
-6386
-6320
-4936
-1216
1594
921
276
-74
167
181
774
1464
2512
4096
3606
2599
1232
14
-2173
-3839
-3491
-2368
-1061
-1294
-2202
-3068
-2570
-1091
-321
885
2112
3708
4188
3912
2817
1218
307
-254
348
1178
1638
960
-263
-1284
-2056
-2487
-2710
-2621
-2224
-1715
-1770
-3031
-5191
-6902
-6736
-4052
-488
2014
2646
2002
1025
25
-3
1468
4424
6908
7074
5113
3221
2896
2887
1753
90
-145
1751
3908
4352
2425
72
-1631
-2411
-2324
-1238
504
1728
2210
2045
1684
1574
977
262
329
2032
3969
4200
2945
599
-1467
-3131
-3822
-4015
-3510
-2532
-2601
-3341
-4170
-4360
-4344
-3751
-2443
-1277
-77
435
669
712
1168
1496
1690
2252
2642
2464
1354
294
-238
-456
-850
-1734
-2361
-2294
-1567
-1118
-1412
-1848
-1636
-493
1032
2421
2867
2636
1840
718
-187
-565
-180
512
962
579
-400
-1595
-2566
-2803
-2234
-1255
-489
-394
-1006
-1927
-2609
-3590
-5050
-6460
-6269
-3776
32
2865
3183
1647
-263
-1280
-1233
229
3112
6180
7418
5887
3340
1659
1679
2172
2462
3098
4466
5794
5639
4040
1559
-867
-2632
-3079
-1865
305
2094
2247
1284
37
-724
-710
43
1517
3455
4922
4875
3084
-137
-3014
-3943
-3063
-2351
-1457
-956
-1782
-3473
-5238
-6640
-6577
-4121
-1688
-658
-140
116
-127
-804
-776
-239
1320
3132
3840
3221
1846
312
-1361
-2311
-2353
-2059
-1818
-1888
-1972
-2062
-1993
-1913
-1876
-1045
451
2130
2826
2675
2058
1186
412
-59
130
578
906
404
-543
-1317
-2058
-2176
-1623
-719
-117
-88
-545
-1508
-1812
-1908
-2354
-3507
-4992
-5154
-3361
147
2571
2768
1348
-58
-350
-37
1395
3456
6031
7247
6315
4370
3114
3614
4002
3932
3482
3922
4876
4974
3756
1207
-1380
-3329
-3777
-2801
-1245
-16
-50
-722
-1175
-1223
-988
-441
962
2737
3996
3504
1543
-1159
-3165
-3754
-3082
-1972
-1265
-1581
-3223
-5138
-6396
-6370
-5208
-3381
-1699
-643
-50
-190
-518
-747
-316
858
2744
4536
4942
3904
1959
263
-805
-1203
-1103
-755
-509
-809
-1550
-2359
-2771
-2750
-2497
-1471
372
2756
4176
4104
3056
1852
1260
916
813
747
658
400
-65
-1043
-2426
-3503
-3851
-3276
-2325
-1290
-628
-55
55
-396
-1462
-2995
-4459
-4729
-3152
-115
2621
3515
2540
890
-335
-1073
-618
1675
5153
7687
7379
5081
3026
2542
2636
2210
1732
2258
3615
4208
3224
1151
-892
-2253
-3190
-3395
-2544
-988
145
128
-636
-1562
-1879
-2050
-1780
-682
1118
2198
2031
923
-871
-2337
-3025
-2862
-2491
-1868
-1788
-2643
-3414
-3847
-3891
-3517
-2335
-1075
-171
452
572
642
1126
2149
2679
2795
2581
1987
1455
912
648
278
270
135
-494
-923
-1011
-937
-1091
-1087
-960
-488
508
1361
1792
1852
1723
1101
280
-378
-987
-1044
-638
-6
28
-629
-1547
-2091
-2013
-1411
-533
359
917
913
427
-149
-789
-1291
-2202
-3551
-4407
-3597
-1544
633
1791
1687
729
-114
-535
159
2418
5489
7412
6782
4349
2529
2377
2932
2722
2097
2050
2709
3097
2166
255
-1832
-3600
-4917
-4840
-3105
-930
71
-650
-1871
-2531
-2336
-1863
-1085
407
2244
3183
2185
49
-2083
-3226
-3820
-3449
-2251
-899
-562
-1645
-3226
-4312
-3958
-2573
-786
539
1149
1305
1386
1720
1842
2012
2127
2585
2974
2997
2856
2207
1151
-51
-780
-980
-784
-448
-320
-303
-341
-361
-198
282
806
1290
1670
1773
1536
683
-405
-1358
-1514
-1017
-282
87
-302
-1076
-1852
-2288
-2075
-1256
-404
46
59
-228
-537
-977
-1427
-2058
-2916
-4071
-4556
-3746
-1455
914
2118
1940
1020
345
189
1079
2752
4766
6087
5643
4208
2829
2485
2276
1791
1264
1295
1924
2017
1184
-582
-2309
-3569
-4032
-3615
-2596
-1307
-745
-861
-1265
-1344
-1092
-791
-238
533
1450
1760
1582
1008
266
-550
-1199
-1240
-1119
-807
-1039
-1454
-1531
-932
-336
-289
-240
-136
322
778
1114
1311
1615
2031
2193
2125
1786
1563
1459
1397
1194
661
166
-278
-563
-620
-372
-30
-53
-86
-140
-255
-533
-559
-176
168
-35
-724
-1357
-1585
-1556
-1654
-1867
-1881
-1883
-1976
-1949
-1528
-824
-211
54
-54
-325
-471
-451
-286
90
234
-240
-1732
-3585
-5209
-5155
-3365
-679
1416
2012
1478
442
107
604
1903
3634
5117
6028
5453
4389
3109
2097
980
-6
-117
673
2032
2275
1077
-1073
-2956
-3831
-3788
-2888
-1662
-483
149
331
416
129
-692
-1317
-626
1339
3274
3941
2877
550
-1558
-2509
-2128
-823
1085
2118
1350
181
-505
-694
-675
39
1040
1985
2726
2704
2086
1175
565
215
365
1101
1560
1365
662
-132
-941
-1555
-1756
-1653
-1400
-1312
-1223
-1375
-1595
-1865
-2260
-2179
-1428
-377
201
-88
-942
-2017
-2633
-2752
-2634
-2272
-1862
-1673
-1596
-1245
-1021
-962
-940
-870
-456
321
1269
1804
1667
1026
-44
-863
-1219
-1354
-1699
-2042
-1476
-356
1279
2254
2224
1473
597
159
317
1615
3514
5003
4756
3094
1748
1480
2042
2114
1829
1819
2341
2721
2205
1086
-483
-1899
-2832
-2915
-2082
-809
15
-369
-1301
-1859
-1824
-1651
-1199
-5
1404
2049
2125
1843
1321
820
642
843
1445
2245
1820
335
-654
-618
-143
-204
-275
-540
-643
-556
-333
95
264
87
-587
-761
-399
-129
-306
-869
-1353
-1727
-1636
-1418
-1188
-1030
-1190
-1607
-2160
-2221
-1819
-1048
-419
-345
-536
-979
-1466
-1884
-1825
-1460
-1092
-840
-1063
-1400
-1492
-894
-122
475
737
812
967
1213
1660
1816
1796
1431
783
265
-2
-108
-602
-1072
-1258
-858
88
1015
1401
990
236
-398
-119
1197
2781
3919
4411
4092
3169
2262
1852
1827
1893
1837
1776
1704
1144
12
-1290
-2141
-2446
-2441
-2041
-1395
-803
-711
-1162
-1807
-2277
-2300
-1654
-229
1110
1862
1805
1258
1044
1395
1784
1741
1685
1479
923
337
-174
-548
-898
-1114
-1564
-1888
-1501
-844
-400
-605
-914
-1281
-1052
-274
245
252
-154
-534
-742
-496
-165
-129
-347
-592
-774
-979
-845
-750
-820
-890
-1193
-1593
-1835
-1690
-1491
-1331
-1199
-1238
-1322
-1119
-612
13
482
810
1182
1507
1696
1457
1284
1400
1740
1885
1775
1560
1204
1078
935
736
263
-434
-1415
-2389
-2798
-2511
-1570
-488
362
637
664
398
205
425
1265
2414
3068
3244
2942
2412
1659
1185
862
552
660
1069
1514
1308
541
-577
-1502
-1949
-2292
-2592
-2832
-2450
-1833
-1460
-1707
-2163
-1876
-768
755
2047
2912
3144
2894
2220
1525
1047
1323
1863
1814
1237
170
-817
-1618
-1911
-2159
-2454
-2306
-1863
-1124
-878
-1061
-1647
-1692
-1072
-407
158
524
843
799
405
-242
-901
-1039
-697
-201
183
312
-24
-710
-1200
-1385
-1068
-495
52
506
780
807
506
399
546
945
1207
1308
1452
1533
1552
1168
787
553
666
672
690
769
684
303
-376
-888
-1018
-612
-492
-1024
-1964
-2915
-3057
-2785
-1985
-1161
-477
-339
-704
-860
-663
82
849
1532
2053
2322
2273
1755
1534
1565
1675
1464
1206
1165
994
353
-947
-2117
-2576
-2386
-2130
-1938
-1583
-788
-298
-268
-358
100
1118
2123
3070
3323
3156
2646
2184
1725
1242
1206
929
542
24
-540
-1404
-2015
-2123
-2254
-2150
-1798
-1228
-650
-325
-377
-773
-649
-196
384
782
905
716
104
-280
-472
-404
-174
124
287
222
56
-374
-733
-800
-610
-351
44
434
291
-381
-1066
-1207
-673
291
1025
1215
1227
1129
950
769
592
481
433
565
558
333
169
-230
-777
-1306
-1601
-1553
-1324
-1137
-1418
-2208
-3298
-4054
-3940
-3044
-1647
-409
453
601
301
16
96
753
1727
2734
3288
3289
2814
2176
1509
893
443
327
808
1561
1955
1410
218
-901
-1509
-1298
-517
464
1099
1041
354
-314
-515
-93
556
1226
1934
2264
1997
1265
817
520
612
917
914
822
591
289
-516
-1102
-1407
-1627
-1586
-1455
-1272
-1269
-1381
-1822
-2220
-1974
-1319
-653
-256
45
63
-83
-344
-511
-84
780
1290
1108
495
-48
-345
-210
-113
-112
-184
-366
-525
-574
-431
-269
-199
-20
336
607
617
517
463
250
51
-87
32
233
395
234
-199
-691
-1175
-1368
-1264
-871
-716
-867
-1115
-1433
-1864
-2369
-2611
-2421
-1631
-611
381
921
921
519
-9
83
772
1728
2308
2487
2393
2137
1749
1351
1327
1536
1869
2071
2243
2307
1993
1266
207
-571
-871
-782
-608
-532
-750
-1260
-1686
-1632
-1061
-256
693
1180
1250
1159
1161
1278
1242
1552
1509
1240
859
370
-358
-1080
-1312
-1533
-1584
-1679
-1758
-1876
-1990
-1959
-1880
-1281
-476
144
330
377
513
663
753
653
508
459
558
616
572
516
298
-58
-319
-284
-184
-25
2
-67
-133
-159
-157
-235
-243
-261
-230
-164
-48
102
172
5
-476
-903
-1083
-1042
-893
-841
-904
-938
-745
-589
-441
-331
-331
-263
-265
-376
-796
-1472
-2303
-2741
-2531
-1854
-974
-380
-271
-525
-597
-154
749
1924
2817
3291
3422
3542
3707
3633
3455
3106
2696
2179
1671
1106
391
-531
-1436
-1950
-2210
-2176
-2072
-2004
-1957
-1875
-1538
-925
145
1250
2224
2676
2645
2462
2184
2093
1951
1731
1223
622
-130
-1126
-1828
-2363
-2358
-2205
-1793
-1402
-1074
-756
-803
-691
-393
257
841
1221
1355
1125
629
-20
-399
-414
-75
365
592
678
403
43
-273
-384
-237
145
550
716
540
145
-185
-456
-719
-977
-1143
-1312
-1376
-1566
-1712
-1699
-1544
-1058
-627
-196
-76
-25
8
172
579
853
1095
1063
780
-105
-1086
-1970
-2637
-2967
-3386
-3600
-3518
-2831
-2045
-1426
-850
-295
279
779
1457
2438
3606
4477
4682
4359
3870
3262
2586
2072
1809
1727
1379
599
-448
-1296
-1690
-1810
-1767
-1606
-1252
-866
-386
24
416
833
1254
1665
2020
2349
2386
2038
1555
1124
837
509
225
35
-17
-182
-477
-937
-1190
-1126
-1020
-1023
-1029
-937
-697
-422
-233
-146
-263
-413
-442
-268
-16
48
83
45
215
331
413
531
669
784
683
524
291
88
-277
-744
-1367
-1828
-2090
-2263
-2482
-2435
-2258
-2080
-1867
-1408
-782
-248
90
267
576
958
1299
1388
1190
841
320
-225
-593
-786
-1073
-1681
-2552
-3268
-3656
-3446
-3030
-2433
-1833
-1140
-275
493
1117
1470
2048
2655
3258
3835
4041
4078
3631
2994
2278
1750
1501
1180
871
421
157
-54
-246
-401
-509
-374
-61
246
493
855
1167
1306
1253
1084
918
865
772
617
529
448
394
305
356
337
127
-99
-230
-128
-17
-49
-329
-633
-802
-971
-1119
-1271
-1302
-1205
-1023
-931
-1062
-1277
-1358
-1269
-922
-406
-27
347
695
1036
1121
944
560
124
-345
-620
-779
-1035
-1348
-1967
-2595
-3109
-3323
-3248
-2805
-1997
-1177
-478
162
631
994
1240
1457
1671
1865
2023
1806
1160
224
-702
-1473
-1822
-1838
-1983
-2147
-2314
-2063
-1401
-681
-44
419
833
1342
1913
2549
3266
3683
3644
3182
2713
2395
2237
2001
1572
1194
947
674
232
-290
-678
-818
-706
-513
-195
98
287
208
22
200
516
881
954
963
1057
1052
652
-62
-640
-953
-953
-805
-520
-400
-493
-726
-899
-865
-700
-541
-465
-454
-506
-586
-701
-856
-1086
-1266
-1455
-1598
-1497
-1112
-733
-520
-517
-590
-394
-42
402
816
999
1054
874
536
134
-65
-156
-286
-490
-924
-1396
-1747
-1984
-1913
-1731
-1390
-1001
-526
-183
150
499
813
1262
1588
1740
1709
1351
945
392
-2
-338
-589
-761
-882
-844
-873
-851
-728
-294
382
990
1393
1646
1783
1837
1873
2009
2044
2020
1740
1356
965
757
690
607
441
248
172
170
61
-155
-180
-31
258
459
668
759
766
680
566
557
716
980
1011
720
55
-645
-1269
-1781
-2078
-2144
-1972
-1690
-1393
-1318
-1462
-1588
-1534
-1168
-549
78
452
493
246
-85
-314
-452
-538
-558
-535
-568
-713
-916
-1192
-1407
-1538
-1467
-1210
-834
-503
-393
-408
-428
-335
-241
34
260
403
495
475
340
215
155
146
162
-1
-260
-446
-430
-316
-230
-190
-181
-69
39
131
191
344
451
510
712
951
1184
1329
1504
1631
1678
1797
1953
2197
2364
2347
2099
1851
1744
1645
1347
892
371
-7
-231
-335
-442
-553
-688
-711
-567
-349
-21
190
326
490
714
795
751
636
500
439
446
398
277
64
-274
-758
-1264
-1659
-1978
-2241
-2398
-2437
-2328
-2136
-1951
-1880
-1852
-1684
-1372
-946
-478
-161
93
221
266
254
186
103
-139
-425
-608
-500
-344
-255
-409
-725
-1072
-1206
-1089
-875
-638
-470
-328
-280
-179
-74
114
376
579
670
790
1039
1239
1364
1203
879
677
606
626
472
294
48
-232
-498
-647
-611
-532
-377
-224
21
283
604
1016
1419
1743
1942
2071
2222
2328
2425
2370
2207
1972
1681
1396
1089
828
586
277
-107
-576
-974
-1239
-1366
-1430
-1469
-1345
-1090
-750
-404
-182
84
391
783
1078
1094
1008
809
643
518
344
88
-396
-882
-1340
-1687
-2002
-2260
-2374
-2430
-2376
-2266
-1991
-1660
-1166
-698
-376
-199
74
420
580
540
445
483
556
506
229
-186
-524
-723
-777
-830
-838
-860
-865
-807
-725
-577
-538
-520
-564
-422
-294
21
338
560
690
563
490
541
833
1019
1119
1176
1034
897
609
466
285
57
-190
-437
-566
-706
-760
-814
-811
-632
-305
186
687
1201
1574
1994
2395
2672
2855
2907
2931
2961
2835
2398
1884
1308
797
334
-131
-564
-984
-1312
-1542
-1545
-1469
-1365
-1268
-1136
-984
-777
-492
-198
128
436
655
805
860
755
540
211
-200
-567
-871
-1112
-1358
-1583
-1784
-1931
-2054
-2164
-2127
-2017
-1686
-1218
-626
-102
115
63
-39
-56
-1
151
323
436
380
209
0
-200
-283
-292
-380
-510
-546
-449
-332
-362
-410
-475
-522
-426
-292
-12
284
426
380
275
253
331
366
460
443
432
397
369
259
179
194
234
357
361
284
112
-77
-215
-281
-127
71
272
409
581
780
1082
1456
1722
1874
1924
2069
2220
2426
2425
2190
1742
1234
841
441
195
-121
-518
-849
-1059
-1081
-993
-872
-810
-714
-677
-585
-426
-231
-80
4
-46
-116
-96
-115
-153
-269
-446
-716
-939
-1099
-1328
-1657
-1919
-2098
-2070
-1804
-1538
-1274
-1100
-1002
-861
-589
-189
273
692
871
870
709
630
651
629
604
488
329
53
-253
-486
-577
-540
-495
-501
-518
-483
-431
-353
-271
-213
-44
185
481
759
739
568
361
218
186
225
325
377
330
132
-188
-489
-625
-585
-409
-215
-94
-128
-320
-429
-384
-18
398
747
948
1114
1320
1534
1756
1894
1996
2046
2003
1975
2010
2012
1837
1407
914
526
321
242
146
-62
-355
-665
-910
-928
-843
-661
-509
-466
-425
-370
-337
-344
-297
-296
-364
-420
-460
-551
-772
-1100
-1303
-1398
-1462
-1520
-1666
-1844
-1928
-1956
-1886
-1769
-1579
-1289
-1011
-770
-474
-165
149
432
655
813
983
1075
1003
909
748
685
597
394
112
-166
-404
-499
-502
-503
-362
-158
83
198
271
377
504
730
938
1068
1093
1044
942
713
467
148
-135
-376
-495
-681
-945
-1042
-1211
-1175
-1157
-1005
-824
-618
-234
145
630
1047
1394
1514
1629
1805
1924
2022
1993
1896
1769
1563
1368
1183
989
759
449
137
-39
-71
-2
14
-65
-209
-227
-233
-270
-250
-206
-106
-27
40
-36
-218
-335
-425
-492
-582
-647
-828
-963
-1213
-1532
-1715
-1765
-1728
-1733
-1847
-1993
-1972
-1839
-1659
-1480
-1249
-855
-387
-24
172
307
476
692
945
1077
1165
1263
1251
1046
762
598
577
633
545
325
131
-39
-159
-190
-161
-107
46
188
351
554
704
731
669
634
628
662
601
548
369
102
-264
-691
-934
-1058
-1099
-1232
-1331
-1446
-1424
-1304
-1224
-992
-711
-289
104
479
759
897
998
1113
1303
1475
1607
1681
1698
1608
1492
1298
1091
844
660
602
522
399
188
-69
-195
-250
-240
-167
9
163
290
369
393
450
447
505
412
271
-18
-363
-635
-830
-949
-1076
-1243
-1453
-1649
-1842
-1964
-2049
-2073
-1903
-1556
-1253
-1059
-914
-723
-461
-126
240
579
950
1177
1219
1083
855
661
512
386
232
78
-43
-137
-288
-433
-490
-434
-309
-179
27
238
466
619
637
612
607
695
758
859
862
733
509
273
56
-103
-229
-448
-637
-839
-915
-892
-789
-654
-555
-468
-405
-265
-178
29
319
556
725
862
1028
1046
1032
968
916
959
995
973
847
750
624
485
358
213
78
-54
-229
-307
-335
-370
-325
-283
-262
-224
-208
-145
-84
31
128
170
244
236
90
-136
-379
-553
-661
-754
-834
-984
-1175
-1305
-1398
-1514
-1612
-1571
-1393
-1148
-874
-699
-447
-147
155
482
775
1074
1267
1348
1303
1267
1181
1072
895
657
347
-51
-337
-520
-561
-541
-524
-552
-558
-482
-284
-76
157
390
524
586
581
602
614
567
512
384
245
39
-164
-415
-643
-804
-854
-780
-644
-530
-528
-528
-504
-345
-110
122
305
405
476
553
643
828
945
932
893
829
783
784
750
648
486
364
235
228
206
165
166
122
66
-105
-177
-153
-13
130
198
221
206
203
150
71
-42
-112
-140
-78
-41
-141
-266
-386
-518
-705
-869
-983
-1007
-963
-924
-957
-1048
-1117
-1124
-1018
-846
-621
-381
-224
-39
130
253
433
591
711
716
659
550
354
189
15
-118
-183
-249
-310
-378
-458
-495
-476
-443
-364
-277
-47
177
346
448
463
415
362
375
421
524
568
523
349
91
-188
-452
-575
-570
-476
-412
-374
-339
-292
-278
-204
-11
325
720
959
1119
1133
1190
1248
1209
1104
1012
990
977
964
911
763
622
476
238
71
-49
-115
-150
-220
-268
-302
-256
-151
-118
-63
-86
-66
-31
-35
-15
-30
-134
-296
-396
-444
-508
-594
-773
-992
-1176
-1266
-1309
-1262
-1265
-1232
-1188
-1154
-1003
-832
-648
-496
-358
-217
-37
157
386
539
604
610
574
560
531
477
338
155
71
14
-10
-6
-88
-143
-162
-143
-30
66
207
228
187
154
153
204
235
348
399
439
424
332
182
25
-110
-171
-113
-109
-113
-195
-343
-409
-433
-293
-174
-92
15
138
338
472
636
726
735
728
752
872
960
1011
923
832
748
579
425
298
230
167
121
44
-98
-285
-409
-550
-579
-534
-444
-392
-372
-330
-349
-389
-421
-344
-222
-148
-92
-130
-218
-279
-321
-355
-398
-438
-498
-548
-634
-685
-742
-760
-681
-615
-516
-428
-269
-31
201
326
452
544
656
789
867
893
826
736
619
556
520
456
346
240
78
-65
-177
-260
-309
-332
-334
-320
-296
-285
-282
-289
-239
-127
-5
109
190
145
24
-113
-176
-206
-210
-201
-297
-411
-535
-642
-703
-687
-611
-503
-327
-172
-48
23
104
185
330
480
608
764
838
841
796
765
737
754
767
715
603
464
302
162
19
-146
-234
-286
-384
-421
-393
-304
-145
-94
-133
-170
-168
-195
-192
-177
-101
6
9
-26
-70
-144
-170
-171
-173
-136
-147
-145
-208
-264
-365
-387
-296
-204
-115
-116
-80
-60
30
180
336
464
544
630
648
679
679
639
559
441
385
317
261
189
110
-14
-122
-173
-191
-204
-208
-283
-372
-379
-345
-286
-256
-277
-326
-351
-362
-339
-316
-301
-291
-266
-208
-193
-170
-205
-290
-370
-427
-453
-399
-317
-247
-185
-87
-45
-16
33
131
252
413
517
507
479
422
436
464
518
531
530
521
443
392
405
408
329
194
64
-60
-176
-266
-362
-468
-571
-623
-604
-600
-563
-584
-589
-497
-348
-156
9
93
147
203
207
179
151
227
254
178
82
-25
-81
-179
-243
-231
-158
16
137
217
314
407
510
577
611
693
737
796
802
683
513
305
166
48
43
7
-26
-101
-272
-369
-368
-303
-206
-98
-71
-76
-153
-252
-347
-421
-449
-452
-537
-601
-646
-715
-786
-832
-865
-782
-575
-351
-157
-84
-61
-95
-26
55
136
312
436
469
466
418
338
255
182
141
160
242
342
387
351
312
294
341
368
421
479
518
554
552
508
413
264
72
-102
-227
-277
-311
-414
-548
-665
-746
-706
-581
-426
-299
-208
-91
37
103
143
144
179
188
178
206
222
225
185
87
-15
-40
32
106
161
208
178
139
198
265
272
263
221
175
176
179
172
169
133
78
32
32
6
16
-22
-59
-62
-135
-138
-160
-164
-156
-196
-287
-345
-407
-429
-430
-419
-446
-549
-633
-678
-714
-657
-581
-538
-463
-385
-254
-131
-7
108
152
208
312
384
449
430
363
325
256
221
192
229
235
289
327
323
331
367
431
473
512
565
560
487
430
303
178
59
-1
-64
-127
-136
-193
-260
-359
-445
-494
-521
-451
-376
-345
-313
-295
-287
-227
-191
-162
-127
-97
-77
-26
-20
-34
-29
-26
-1
19
70
144
182
229
240
193
231
245
222
177
194
180
112
87
42
16
-47
-55
-3
83
166
257
270
250
234
221
250
248
249
210
116
21
-69
-104
-92
-166
-206
-268
-394
-457
-518
-492
-426
-419
-374
-269
-121
10
122
124
90
87
138
215
300
357
347
310
253
180
171
177
212
258
262
224
135
69
24
29
68
152
208
228
166
35
-50
-115
-156
-177
-185
-199
-219
-309
-440
-530
-551
-479
-370
-253
-226
-249
-304
-379
-391
-401
-346
-318
-265
-258
-286
-266
-277
-210
-188
-108
1
95
168
221
248
209
237
232
218
214
194
114
4
-60
-32
30
51
77
71
71
68
135
224
310
387
444
482
509
538
596
625
568
493
375
338
300
255
191
89
-37
-150
-223
-240
-216
-208
-211
-175
-169
-144
-140
-180
-191
-170
-170
-119
-101
-127
-124
-129
-70
9
47
82
68
60
44
56
42
15
-13
-66
-108
-125
-89
-48
-78
-104
-127
-137
-101
-90
-69
-53
-18
-43
-74
-90
-94
-118
-123
-128
-111
-148
-216
-267
-285
-308
-321
-332
-399
-381
-352
-288
-228
-185
-116
-110
-114
-36
50
177
272
279
291
262
261
258
276
248
245
243
247
226
210
237
219
226
215
247
256
235
199
153
166
206
242
252
261
267
232
227
218
211
197
205
200
156
106
60
46
17
1
-41
-63
-120
-147
-162
-197
-181
-180
-132
-101
-86
-55
-65
-82
-88
-69
-44
22
53
40
6
-40
-67
-98
-142
-230
-294
-332
-364
-396
-441
-482
-521
-518
-468
-392
-284
-189
-130
-103
-60
-49
-3
52
65
65
18
-9
-54
-94
-172
-235
-227
-202
-194
-229
-286
-329
-323
-299
-176
-77
-5
92
180
285
379
456
452
457
448
443
441
420
391
282
204
63
15
37
83
188
254
310
332
370
370
370
364
382
445
487
502
495
424
323
238
183
120
80
40
26
-8
-52
-98
-149
-192
-215
-204
-158
-130
-119
-123
-159
-187
-165
-138
-102
-71
-99
-143
-206
-231
-209
-241
-243
-264
-293
-287
-277
-253
-259
-243
-222
-240
-263
-229
-228
-251
-250
-254
-243
-217
-186
-155
-148
-110
-128
-143
-127
-113
-64
-3
62
99
111
77
32
-23
-47
-42
-51
-42
-60
-100
-91
-96
-78
-56
34
108
173
212
246
287
337
421
398
415
445
415
402
353
275
213
157
123
99
77
61
29
5
-31
11
66
115
162
204
233
257
269
259
262
208
154
83
35
10
-49
-99
-169
-226
-230
-234
-192
-156
-177
-175
-144
-123
-90
-49
-11
19
-2
-20
-45
-67
-108
-138
-171
-209
-214
-257
-253
-245
-247
-265
-326
-369
-374
-353
-314
-286
-239
-171
-126
-105
-85
-96
-70
-22
10
32
27
39
62
87
116
172
169
235
296
308
318
269
210
108
74
31
-23
-5
9
53
66
29
41
103
171
268
289
256
209
170
141
86
65
44
65
98
115
96
59
-4
-40
-53
-64
-76
-95
-55
-30
-4
39
76
136
172
175
174
144
96
61
23
-24
-73
-119
-187
-224
-262
-278
-301
-262
-211
-165
-106
-102
-96
-71
44
103
127
179
192
197
157
96
64
-17
6
22
-7
-25
-83
-128
-148
-134
-108
-68
-54
-67
-109
-146
-156
-207
-181
-101
-52
-36
-10
7
45
64
91
114
76
73
17
13
5
-11
9
28
8
-15
-10
-22
-30
-18
-1
-9
-16
-7
30
43
48
69
90
81
119
163
147
111
32
12
19
22
32
-1
-68
-70
-65
-21
-47
-65
-41
-22
36
74
124
121
108
94
68
73
53
69
75
47
24
3
-13
-60
-85
-144
-143
-132
-144
-140
-162
-208
-238
-226
-211
-156
-108
-71
-55
-23
25
102
165
143
109
53
41
31
52
52
93
111
92
128
107
93
42
31
30
62
111
78
36
26
-1
-12
-20
-47
-47
-37
10
33
41
49
15
-21
-50
-105
-118
-100
-110
-145
-154
-146
-100
-52
-52
-10
20
44
112
206
257
264
221
206
202
201
223
190
170
131
70
8
-61
-113
-165
-221
-232
-152
-128
-128
-137
-152
-157
-109
-13
53
150
188
207
209
142
84
48
26
-24
-51
-91
-118
-163
-218
-230
-245
-203
-167
-140
-142
-157
-169
-169
-154
-80
-25
-11
57
64
77
75
62
60
51
43
20
-34
-37
-38
-31
1
20
27
-3
3
-32
-48
-67
-87
-90
-88
-93
-76
-65
-55
-73
-55
-14
16
61
84
104
113
113
115
120
106
126
115
55
-20
-94
-84
-61
-71
-85
-98
-123
-163
-149
-136
-75
8
96
173
246
313
336
341
326
313
291
271
212
163
84
-13
-76
-94
-101
-112
-65
-24
10
50
98
129
162
215
276
351
390
394
346
294
244
158
84
37
-5
-65
-96
-147
-171
-186
-201
-166
-147
-107
-64
-67
-92
-134
-140
-133
-157
-136
-139
-144
-145
-144
-124
-175
-202
-181
-171
-157
-145
-180
-212
-195
-212
-177
-131
-90
-55
-58
-53
-94
-99
-88
-100
-78
-64
-21
61
105
79
61
28
13
18
41
37
-9
-31
-60
-64
-88
-120
-130
-148
-137
-121
-99
-49
-35
-32
-59
-24
43
124
207
235
263
228
231
221
203
169
113
77
39
-12
-40
-62
-67
-22
16
74
125
152
184
220
233
209
222
229
224
209
188
128
64
0
-53
-86
-92
-80
-77
-72
-119
-167
-217
-251
-238
-165
-99
-46
-38
-49
-77
-96
-97
-81
-48
7
55
58
23
-54
-94
-96
-50
-8
32
66
57
45
29
11
6
48
95
115
89
92
67
26
-2
5
34
55
114
174
208
212
225
239
222
177
169
140
92
21
-69
-156
-197
-249
-294
-282
-260
-208
-190
-175
-176
-174
-156
-115
-59
-34
-16
-12
-12
-39
-22
-49
-57
-59
-76
-63
-46
-36
-45
-55
-48
-32
4
62
114
141
152
169
188
180
177
178
156
134
92
44
14
-16
-62
-78
-85
-93
-94
-125
-116
-92
-113
-133
-163
-197
-207
-183
-164
-154
-129
-124
-107
-124
-130
-126
-89
-46
-32
-27
-33
4
56
90
108
112
90
91
111
125
129
163
151
134
147
128
142
146
152
174
196
188
163
168
152
134
150
139
107
105
72
28
-2
-30
-55
-98
-148
-203
-220
-215
-173
-124
-86
-77
-75
-71
-72
-7
72
110
161
165
142
121
78
57
37
34
31
38
46
44
52
75
92
118
142
129
134
139
153
157
155
179
177
152
66
-4
-60
-117
-159
-160
-195
-239
-275
-302
-274
-257
-269
-255
-246
-216
-175
-164
-167
-186
-149
-122
-87
-62
-51
-61
-68
-62
-28
-9
-29
-6
-53
-63
-39
-27
-20
-2
29
48
85
86
93
111
148
169
179
216
221
212
189
158
146
137
123
117
130
152
174
180
160
148
98
31
-16
-74
-90
-101
-107
-116
-114
-103
-92
-80
-76
-69
-38
-26
-6
15
36
33
23
-19
-61
-103
-115
-122
-154
-148
-180
-199
-229
-222
-233
-220
-184
-89
-26
-21
18
40
76
109
157
132
96
52
-26
-59
-103
-100
-113
-148
-117
-114
-120
-103
-98
-61
-45
-54
-46
-56
-59
-24
-1
22
47
57
111
175
201
236
292
302
295
289
234
209
179
148
120
118
86
62
47
28
12
6
65
85
86
85
102
125
133
137
141
114
108
69
58
57
54
45
35
-5
-73
-127
-191
-234
-297
-301
-306
-278
-261
-232
-191
-194
-170
-121
-60
0
19
37
64
63
74
88
79
66
48
31
3
-13
-32
-49
-43
-41
-30
-22
0
37
32
60
107
107
123
143
133
134
122
97
97
93
62
57
31
24
-4
-74
-139
-181
-186
-171
-171
-201
-236
-282
-277
-274
-228
-179
-144
-93
-69
-44
36
77
83
107
103
109
126
88
41
2
-16
-40
-39
-28
-36
-60
-66
-79
-88
-55
-40
-31
-34
-34
1
32
35
41
54
60
96
138
171
192
187
148
109
73
43
41
28
44
33
22
16
-8
2
17
18
66
78
86
101
118
154
172
195
234
223
216
214
195
197
187
172
153
155
99
67
14
-50
-33
-44
-56
-56
-87
-83
-84
-94
-84
-87
-112
-154
-159
-156
-151
-142
-148
-178
-191
-205
-214
-210
-205
-209
-193
-164
-183
-185
-163
-159
-146
-138
-106
-102
-77
-79
-75
-42
-29
-9
16
38
45
39
43
62
63
58
72
69
58
67
61
44
30
28
51
28
34
30
25
36
59
72
87
127
139
148
126
119
108
82
87
108
109
131
124
114
151
134
122
90
71
58
77
79
78
98
82
63
60
59
42
46
55
53
28
12
31
35
45
52
28
21
-22
-53
-111
-139
-181
-212
-249
-258
-261
-288
-307
-331
-324
-337
-291
-283
-282
-249
-258
-249
-241
-247
-244
-247
-213
-165
-125
-123
-87
-55
-71
-37
-16
16
57
57
79
91
86
91
126
162
182
192
220
226
217
205
211
235
255
279
278
285
287
281
278
257
240
212
194
168
162
153
139
106
95
49
41
56
52
71
77
62
43
35
-9
-24
-45
-57
-48
-38
-58
-71
-91
-121
-118
-126
-91
-80
-69
-41
-82
-73
-83
-98
-82
-58
-46
-50
-38
-51
-88
-107
-108
-94
-100
-85
-63
-45
-13
-21
-21
-28
-19
25
37
57
78
82
77
27
-18
-35
-55
-66
-133
-170
-180
-206
-189
-178
-165
-131
-59
-9
14
7
-9
-12
9
26
38
62
65
55
46
46
52
81
105
99
83
86
51
27
-2
9
39
42
65
74
96
97
106
107
106
114
107
125
140
130
151
159
153
112
57
34
-8
-44
-93
-132
-152
-167
-183
-174
-172
-176
-183
-190
-184
-174
-170
-183
-168
-174
-151
-152
-157
-152
-141
-100
-75
-40
-30
-53
-27
-14
-3
1
23
51
44
48
34
31
0
10
33
41
66
97
132
152
159
172
195
193
194
186
176
151
171
216
220
206
209
193
172
164
158
161
166
179
174
172
169
132
109
88
75
67
60
35
39
17
-8
-14
-20
-59
-85
-104
-135
-144
-169
-166
-166
-185
-198
-176
-165
-165
-151
-157
-168
-197
-213
-219
-206
-183
-181
-189
-176
-191
-177
-178
-168
-177
-216
-249
-252
-235
-212
-197
-186
-180
-173
-182
-154
-114
-91
-61
-51
-25
-8
38
82
138
175
178
201
231
235
248
259
301
323
335
347
327
281
249
225
195
192
165
167
167
139
124
126
152
144
150
165
146
125
110
67
41
42
-1
-17
-27
-60
-93
-111
-116
-158
-187
-203
-222
-213
-221
-211
-195
-185
-171
-166
-143
-116
-107
-104
-81
-56
-16
26
32
58
69
83
78
35
38
39
25
39
46
45
60
48
35
27
57
75
106
116
127
119
98
74
56
53
43
25
-1
-42
-87
-131
-153
-157
-213
-211
-240
-255
-260
-254
-229
-197
-176
-156
-111
-78
-21
9
35
55
85
96
94
57
62
73
57
62
62
84
94
116
107
150
150
182
208
205
219
211
215
189
183
173
151
130
100
73
55
57
24
-11
-38
-63
-88
-93
-109
-103
-118
-154
-175
-235
-257
-262
-255
-240
-254
-236
-244
-208
-180
-156
-119
-91
-70
-72
-24
-22
-12
-7
6
23
31
37
38
60
68
82
98
116
105
93
70
66
72
82
108
97
102
99
120
136
128
130
122
130
142
144
140
146
154
137
117
73
48
40
33
46
48
34
7
-7
-34
-44
-27
1
23
35
70
74
78
83
53
51
61
52
53
49
16
-19
-49
-50
-66
-98
-117
-144
-160
-168
-174
-177
-193
-231
-248
-249
-214
-192
-208
-208
-194
-216
-200
-162
-123
-76
-68
-38
-45
-36
-16
-25
-20
10
48
75
87
117
112
110
135
146
175
190
195
178
153
129
132
119
113
108
89
74
51
54
37
41
43
31
24
22
14
7
32
38
41
58
54
76
110
124
131
108
82
71
39
45
30
8
-21
-65
-86
-103
-101
-97
-111
-105
-117
-151
-144
-137
-141
-136
-114
-111
-110
-131
-132
-140
-129
-145
-156
-145
-162
-158
-162
-160
-156
-141
-104
-53
-34
-27
-53
-49
-32
-46
-24
-40
-58
-84
-93
-105
-97
-68
-52
-40
-35
1
9
46
80
109
135
160
170
165
175
198
233
244
307
308
304
297
298
323
301
303
270
241
227
206
190
175
144
96
99
73
56
56
30
12
13
-1
-12
-24
-32
-58
-44
-13
-9
-39
-68
-69
-117
-112
-104
-101
-108
-99
-125
-153
-152
-142
-124
-142
-113
-105
-115
-85
-81
-81
-89
-74
-93
-111
-109
-103
-86
-71
-72
-86
-89
-92
-108
-117
-90
-107
-137
-161
-181
-205
-196
-153
-128
-119
-133
-132
-117
-125
-107
-101
-96
-86
-97
-95
-89
-64
-4
34
55
87
100
126
122
146
152
167
182
154
159
154
159
173
194
208
208
221
221
228
243
253
247
242
230
196
214
226
203
177
158
141
135
113
86
66
46
36
29
13
-7
14
1
1
-27
-51
-59
-60
-31
-36
-52
-67
-111
-116
-115
-139
-164
-180
-190
-211
-212
-206
-208
-197
-186
-160
-146
-126
-79
-81
-54
-47
-60
-57
-67
-87
-94
-113
-130
-139
-136
-108
-101
-114
-83
-47
-59
-54
-46
-43
-3
11
40
60
75
106
140
168
194
210
175
167
133
119
119
127
132
117
104
85
49
15
-12
-31
-23
-20
-36
-32
-10
-14
-6
-7
-22
-25
-51
-42
-59
-47
-26
-19
-14
-1
40
49
47
60
55
57
62
57
62
46
60
82
64
74
78
68
41
28
33
29
11
6
-12
-32
-29
-33
-17
-25
-9
5
3
8
9
3
-12
-11
-12
-6
-1
-14
-28
-30
-44
-55
-58
-38
-32
-14
-19
-30
-2
-2
9
2
-7
-47
-71
-71
-52
-43
-51
-54
-36
-48
-43
-16
-20
-12
-33
-61
-99
-117
-125
-96
-93
-89
-101
-123
-121
-141
-97
-86
-70
-58
-61
-37
8
34
55
72
81
76
87
70
81
75
65
82
71
56
50
51
45
68
101
101
85
81
75
49
53
65
66
63
48
54
59
41
29
38
29
8
-23
-37
-60
-65
-72
-66
-54
-44
-49
-23
-14
-13
-12
-26
-35
-48
-38
-64
-77
-100
-97
-87
-67
-49
-45
-22
-8
16
22
29
53
71
105
129
142
155
181
191
187
195
190
166
136
88
62
26
4
-27
-34
-40
-54
-43
-40
-27
-64
-95
-92
-86
-72
-76
-81
-88
-124
-156
-167
-178
-164
-142
-153
-132
-117
-103
-111
-110
-74
-69
-44
1
4
15
21
15
29
31
48
55
74
108
120
125
143
146
131
159
167
164
175
172
177
152
139
143
132
153
139
125
110
99
95
79
58
41
30
13
-9
-39
-52
-85
-110
-127
-130
-140
-138
-132
-149
-159
-145
-138
-127
-113
-120
-138
-140
-137
-108
-86
-66
-51
-41
-39
-55
-32
-17
0
16
15
8
15
31
49
69
58
33
45
44
56
67
65
65
29
29
9
-5
-6
-12
-28
-36
-40
-52
-41
-13
-2
-27
-17
-25
-8
27
32
23
3
25
38
32
39
16
19
29
8
-2
-14
-17
-8
1
-5
4
12
8
16
29
13
-16
-34
-27
-22
-31
-25
1
-1
4
18
18
38
50
43
49
57
71
86
92
85
74
47
19
8
-27
-49
-47
-57
-90
-100
-99
-100
-95
-66
-63
-44
-1
-2
-5
-3
4
11
-1
10
4
-1
-29
-28
-33
-27
-31
-28
-9
-25
-21
-27
-23
-24
-23
-18
-17
-16
-44
-41
-47
-37
-19
9
11
1
9
10
28
43
63
69
90
102
106
92
67
33
2
-33
-39
-25
5
40
69
63
69
93
86
86
57
29
13
-9
8
9
12
-4
-3
3
6
-1
-22
-10
-29
-55
-68
-73
-88
-109
-116
-128
-143
-136
-123
-90
-77
-72
-69
-55
-27
-31
-9
8
26
26
53
41
27
20
-22
-43
-65
-47
-25
-7
8
36
38
48
60
79
93
96
95
68
70
62
81
115
106
113
120
132
127
125
119
91
77
55
31
28
31
48
47
43
56
68
81
106
110
110
102
81
77
43
29
0
-31
-56
-71
-59
-63
-55
-54
-69
-73
-98
-113
-104
-145
-193
-201
-211
-215
-217
-193
-167
-175
-170
-173
-144
-125
-108
-93
-65
-49
-58
-37
-22
-1
11
20
21
20
44
61
53
51
30
29
40
45
64
90
94
121
116
109
97
97
114
110
100
79
79
51
24
1
-18
-31
-22
-24
-34
-37
-49
-68
-76
-58
-63
-87
-96
-110
-83
-68
-57
-50
-25
-2
-14
21
22
34
52
62
93
106
107
108
122
129
112
109
114
136
156
154
133
138
130
93
52
40
27
29
40
36
29
16
9
5
-36
-91
-102
-121
-129
-124
-106
-78
-76
-74
-46
-39
-1
6
4
3
-4
-14
2
-8
-2
4
-16
-5
-23
-32
-18
-9
11
12
5
-1
-25
-45
-54
-45
-73
-63
-84
-99
-100
-82
-70
-77
-70
-59
-61
-61
-48
-52
-32
-31
-48
-47
-59
-62
-55
-61
-57
-83
-63
-49
-46
-37
-59
-52
-39
-15
-19
-35
4
4
23
57
56
72
81
95
99
93
108
89
78
59
40
55
56
59
50
47
21
30
43
32
52
39
36
35
21
-4
-18
-3
-15
-16
-5
-27
-46
-43
-45
-57
-47
-32
-24
-22
-1
7
19
18
28
48
49
70
83
72
64
56
38
28
36
56
60
59
79
101
104
112
125
116
103
79
68
39
20
14
-7
-4
-15
-13
-4
11
34
38
26
7
15
-15
-36
-48
-72
-78
-113
-105
-96
-104
-80
-73
-43
-41
-28
-32
-26
-20
-38
-15
-22
-31
-26
-30
-37
-44
-48
-72
-90
-87
-94
-105
-97
-89
-66
-57
-61
-50
-45
-43
-44
-41
-27
-23
-29
-31
-27
-54
-39
-10
-24
-9
2
8
23
43
33
27
22
19
30
36
