-10
-8
-10
-11
-10
-8
-3
-4
-2
-4
-10
-11
-16
-16
-15
-8
-8
-8
-6
-6
-5
-8
-7
-1
6
6
5
4
1
3
3
3
5
8
8
0
3
5
4
2
2
0
-2
-1
1
3
1
1
0
-6
-6
-5
-2
3
7
8
8
7
6
5
5
7
14
15
15
15
10
6
6
7
9
6
10
8
2
0
-2
-4
-2
1
3
4
3
2
-3
-5
1
3
4
1
0
0
-6
0
2
7
10
14
11
11
18
14
16
17
18
18
16
13
9
8
7
7
5
8
11
11
11
9
14
12
8
8
8
6
5
2
0
-3
-9
-9
-13
-17
-20
-22
-23
-20
-18
-20
-14
-15
-13
-13
-15
-16
-15
-16
-16
-22
-21
-17
-18
-16
-18
-16
-18
-18
-20
-23
-20
-15
-22
-25
-23
-27
-30
-32
-28
-25
-22
-18
-11
-15
-19
-19
-21
-17
-10
-1
1
3
5
1
-2
4
2
3
10
14
14
15
17
21
23
27
35
38
38
38
37
30
31
35
38
39
39
43
42
42
48
47
44
47
43
40
35
37
36
31
31
33
31
24
27
19
16
18
14
7
2
2
-5
-14
-19
-22
-27
-34
-38
-43
-49
-49
-52
-58
-55
-55
-60
-61
-55
-53
-49
-47
-42
-36
-32
-27
-29
-29
-26
-27
-24
-25
-23
-21
-22
-25
-24
-21
-16
-13
-15
-12
-9
-12
-14
-7
5
13
16
16
21
25
29
35
45
54
61
64
63
69
76
77
73
70
65
68
64
56
54
50
50
53
49
43
41
28
21
17
9
13
18
16
17
18
14
5
-10
-22
-32
-37
-46
-44
-44
-47
-55
-63
-68
-75
-79
-77
-79
-78
-79
-81
-78
-84
-82
-80
-73
-70
-58
-51
-51
-48
-46
-44
-44
-38
-34
-27
-21
-19
-11
-7
1
1
1
11
25
30
39
48
48
48
51
62
68
78
84
84
83
77
72
70
66
59
57
58
50
46
41
37
33
30
25
27
28
31
33
32
24
22
10
-5
-20
-27
-23
-25
-21
-24
-28
-33
-34
-31
-29
-27
-29
-35
-46
-45
-49
-52
-47
-46
-44
-53
-49
-43
-48
-41
-36
-31
-26
-20
-10
-11
-7
11
16
18
18
15
0
-15
-17
-14
-7
1
9
14
22
34
26
30
38
50
64
73
89
87
74
63
61
58
68
70
65
58
61
62
53
46
41
37
26
14
4
0
-5
-9
-20
-24
-24
-35
-47
-52
-56
-64
-74
-69
-67
-64
-67
-76
-81
-90
-89
-93
-103
-111
-111
-104
-96
-75
-54
-46
-41
-33
-21
-22
-32
-54
-84
-120
-161
-201
-244
-260
-270
-267
-234
-181
-99
-37
30
80
128
165
178
198
202
219
236
245
253
270
289
287
284
282
271
247
217
185
163
163
179
196
213
226
232
241
234
231
204
179
156
133
110
100
100
87
86
88
80
61
39
6
-50
-118
-172
-223
-270
-321
-353
-361
-361
-345
-324
-298
-250
-193
-139
-88
-29
3
-10
-79
-225
-469
-749
-1010
-1248
-1397
-1440
-1325
-1111
-815
-465
-97
248
544
720
780
764
684
587
484
421
367
355
381
450
516
572
594
560
469
329
182
29
-89
-136
-112
-15
130
327
527
718
895
995
1042
1000
905
760
625
552
524
520
535
575
554
496
335
126
-133
-451
-740
-1010
-1196
-1273
-1267
-1167
-977
-698
-407
-137
87
190
218
170
48
-102
-222
-354
-438
-502
-566
-594
-616
-646
-692
-765
-814
-868
-923
-959
-941
-862
-720
-529
-319
-45
175
313
392
367
234
-28
-297
-547
-734
-862
-855
-713
-522
-231
68
352
570
707
747
742
726
754
802
832
925
1078
1224
1313
1397
1455
1461
1389
1208
1014
863
684
535
422
418
514
591
634
677
709
663
584
518
455
356
294
247
196
238
273
309
314
309
187
8
-200
-473
-802
-1161
-1441
-1626
-1708
-1702
-1684
-1573
-1415
-1264
-1147
-1091
-971
-843
-687
-598
-450
-287
-251
-157
-49
24
13
24
-11
-85
-129
-183
-313
-564
-828
-1321
-2165
-3033
-3693
-4011
-3814
-3280
-2463
-1455
-186
1157
2292
3124
3552
3617
3330
2864
2296
1715
1352
1236
1271
1273
1334
1467
1596
1580
1445
1219
787
324
-224
-730
-1017
-1023
-804
-487
45
761
1454
1973
2428
2626
2426
2037
1656
1163
681
486
499
544
618
740
687
673
593
387
-187
-836
-1328
-1807
-2153
-2230
-2040
-1722
-1286
-703
-236
124
379
318
28
-452
-845
-1281
-1548
-1589
-1499
-1359
-1198
-932
-767
-709
-675
-694
-817
-905
-942
-905
-843
-639
-496
-498
-521
-584
-917
-1925
-3381
-4672
-5346
-5215
-4531
-3627
-2385
-790
1011
2520
3592
4216
4485
4302
3630
2648
1746
1213
1105
1333
1539
1815
2197
2632
2879
2681
2042
1154
267
-597
-1512
-2303
-2478
-1802
-724
545
1833
3017
3980
4688
4836
4384
3706
2861
1843
775
156
0
121
107
-323
-769
-666
-256
-414
-904
-1412
-2034
-2621
-2965
-2914
-2576
-1933
-1068
-436
153
779
1333
1300
939
483
-277
-1087
-1629
-1871
-2028
-1860
-1405
-927
-528
-222
-275
-685
-1103
-1376
-1763
-2208
-2347
-2226
-2054
-1677
-1006
-313
94
320
397
337
332
180
-203
-688
-894
-971
-950
-705
-379
-110
-125
-303
-1008
-2677
-4772
-5747
-5177
-4092
-3107
-2094
-312
1950
3966
4939
5079
5150
5136
4346
2678
1190
621
783
1315
1868
2295
2852
3561
4062
3954
3421
2653
1682
350
-889
-1817
-2296
-2017
-1096
42
981
1932
3024
3697
3777
3350
2696
1889
1087
419
-308
-328
289
744
327
-285
-436
-489
-1079
-2199
-3238
-3986
-4334
-4480
-4380
-3579
-2154
-933
-122
561
1476
1959
1655
951
256
-346
-923
-1329
-1541
-1517
-1341
-1216
-1174
-1037
-858
-1036
-1540
-1971
-2232
-2236
-2176
-1806
-1306
-704
43
631
1190
1613
1716
1557
1086
432
-295
-989
-1951
-3335
-4944
-6186
-6385
-5646
-4317
-3039
-1751
-419
1081
2359
3186
3676
4047
4264
4370
4158
3955
3911
4104
4292
4078
3655
3141
2852
2421
1723
743
-71
-428
-639
-960
-1298
-1273
-684
249
1024
1464
1932
2515
3108
3396
3310
2929
2331
1672
1252
995
764
567
259
-221
-892
-1584
-2300
-2801
-3266
-3916
-4490
-4623
-4408
-4033
-3483
-2791
-2040
-1282
-577
30
579
1007
1347
1362
1306
1370
1371
1129
717
428
274
189
-49
-415
-806
-1186
-1541
-2013
-2167
-1962
-1751
-1737
-1711
-1248
-688
-51
566
1002
1273
1270
1164
952
810
804
710
542
544
865
1178
1205
1117
923
876
675
135
-863
-2601
-5028
-7750
-8765
-7504
-5192
-3592
-2427
-382
2616
5265
6288
5941
5314
4979
4150
2141
154
-243
696
1740
1995
2085
2501
3539
4121
3458
1856
243
-800
-1892
-3163
-4272
-4511
-3436
-1278
773
1795
2362
3482
4679
4829
3533
2022
975
384
-488
-1725
-1848
-627
782
805
187
69
444
304
-1213
-3298
-4492
-4638
-4543
-4250
-3075
-1097
697
1650
2496
3569
4404
4116
2652
858
-479
-1323
-2010
-2392
-2281
-1828
-1476
-866
103
952
847
73
-654
-1009
-1182
-1332
-1378
-1245
-931
-582
12
954
1939
2046
1187
138
-386
-609
-1097
-1569
-1683
-1467
-1023
-316
559
1214
1121
87
-1729
-4441
-7683
-9566
-8825
-6721
-5065
-3759
-1396
2316
6036
7825
7459
6388
5876
5171
2855
-184
-1562
-660
1304
2659
3117
3611
4956
6500
6490
4655
2140
150
-1703
-3849
-5944
-6940
-5782
-3050
-410
851
1864
4018
6435
7146
5504
3279
1825
829
-499
-1595
-1195
379
1670
1398
569
413
849
277
-2221
-5174
-6977
-7562
-7703
-7207
-5427
-2750
-148
1710
3365
5115
6222
5833
4113
2461
1124
-98
-1365
-1885
-1617
-1399
-1427
-1216
-494
-210
-1096
-2562
-3518
-3638
-3468
-3431
-3089
-2018
-385
920
1959
3211
4218
4008
2662
1261
403
-287
-1231
-2112
-2346
-1822
-947
-268
434
1404
1977
1561
373
-743
-1903
-4134
-7521
-9809
-8961
-5887
-3243
-1651
380
3701
6840
7909
7028
5792
5108
4061
1810
-551
-1173
100
1844
2952
3526
4150
5075
5844
5515
3655
1053
-1345
-3015
-4003
-4736
-5407
-5143
-3145
-288
1465
1739
2162
3225
3636
2210
67
-914
-430
-239
-1006
-1413
0
2171
2796
1457
11
-7
169
-1131
-3731
-5230
-5404
-5385
-5338
-4119
-1859
28
914
1481
2474
3601
3746
2653
1441
945
722
193
271
1145
1736
1229
787
1153
1593
1059
-502
-1977
-2619
-2610
-2680
-2828
-2217
-1168
-698
-751
-124
1368
2202
1789
893
570
847
983
834
632
731
702
386
261
521
236
-1201
-3080
-4679
-6523
-8966
-10380
-9088
-6099
-3603
-2064
-174
3037
6192
7249
6049
4724
4613
4506
2700
224
-464
907
2888
4072
4311
4247
4485
4861
4324
2742
620
-1394
-3046
-4363
-5196
-5604
-4871
-2701
-455
355
459
1696
3829
4867
3892
2343
1719
2074
1958
1263
1464
2835
3447
2209
607
46
218
-327
-2208
-4598
-6099
-6328
-6095
-5679
-4309
-2266
-804
-113
1211
3072
4117
3810
2869
2114
1689
1248
580
242
555
546
-303
-905
-397
-132
-1522
-3281
-3832
-3307
-3027
-3051
-2971
-2350
-1243
-476
-29
759
1886
2117
1321
930
1265
1463
887
362
288
451
661
789
1024
1283
1253
422
-759
-1515
-2023
-3402
-6159
-8648
-9078
-7073
-4541
-2586
-967
1315
4124
6102
6697
6287
5776
5175
4122
2706
1490
1206
1871
2733
3120
2891
2739
3038
3529
2971
1126
-1101
-2571
-3113
-3822
-4934
-5748
-4885
-2663
-708
338
1060
2662
4240
4462
3516
2647
2715
2418
1259
-152
-519
310
865
84
-1258
-1445
-734
-959
-2488
-3916
-4386
-4571
-4595
-4327
-3304
-1808
-494
571
1640
3068
4034
3925
3018
2295
1375
165
-581
-350
-20
-61
-116
253
1077
1408
1025
-90
-952
-1394
-2152
-3244
-3854
-3625
-3272
-3020
-2233
-645
1172
2249
2598
2769
2973
3031
2580
1989
1545
1269
859
528
457
260
-560
-1897
-3243
-5057
-7601
-9716
-9528
-7450
-5303
-3759
-2026
929
4238
6416
6580
5992
5882
5804
4580
2440
1237
1561
2557
3355
3555
3378
3155
3194
3142
2296
698
-1376
-3393
-5072
-6093
-6796
-6786
-5315
-3098
-1332
-363
1225
3660
5437
5756
4941
4282
4077
3611
2333
1255
1649
2684
2521
1311
215
-151
-734
-2033
-4281
-6321
-6913
-6658
-6067
-5028
-2920
-825
881
2429
4121
5164
5093
4377
3574
2555
1583
689
22
-148
-209
-470
-704
-30
513
-158
-1759
-2644
-2706
-2807
-3150
-3552
-3541
-2992
-2032
-950
131
1514
2226
1846
1301
1414
1924
1631
867
243
50
238
839
1470
1848
1707
702
-812
-2087
-3060
-5026
-8101
-10451
-9930
-7517
-5159
-3448
-1430
1512
4267
5823
5817
5434
5275
4737
3198
1589
1285
2250
3461
4281
4702
4823
4904
5127
4773
3112
555
-2013
-3932
-5198
-5929
-6356
-6159
-4476
-2087
-226
1109
2783
4511
4911
4221
3398
3365
3576
3180
2060
1465
2212
2656
2193
1030
38
-421
-939
-2467
-4578
-5594
-5497
-5499
-5649
-4796
-2741
-872
290
1295
2317
3102
3155
2375
1366
711
165
-630
-1002
-438
287
482
393
777
881
323
-455
-1180
-1795
-2559
-3178
-3566
-3365
-2836
-2374
-1987
-1064
205
825
890
1240
1856
2100
1920
1667
1886
2247
2476
2398
2315
2316
1799
448
-1184
-2295
-3549
-5767
-8451
-9598
-8318
-6057
-4275
-2914
-923
1753
4052
5003
4992
4984
4925
4335
3245
2468
2603
3313
4141
4741
4940
4660
4094
3653
2948
1507
-758
-3110
-4653
-5496
-6227
-6760
-6267
-4592
-2536
-1065
27
1626
3387
4490
4495
4202
4210
4168
3807
3081
2800
3115
3025
1799
92
-818
-1301
-2190
-3849
-5387
-6170
-6305
-5946
-5181
-3629
-1731
-44
1189
2281
3461
3990
3559
2877
2137
1334
377
-231
-344
-210
-211
-324
-116
384
715
253
-537
-825
-785
-1128
-1789
-2014
-1821
-1563
-1312
-855
-101
368
365
245
559
1114
1219
777
499
837
1379
1703
2028
2395
2107
1004
-578
-1993
-3305
-5493
-8345
-10105
-9350
-7274
-5590
-4338
-2309
673
3175
4186
4143
4121
4230
3874
2781
2030
2487
3594
4467
5178
5889
6331
6134
5411
4474
2928
684
-2006
-4359
-6087
-7085
-7473
-7112
-5535
-3392
-1352
258
2150
4042
5107
5224
5038
5195
5126
4673
3861
3451
3615
3825
3074
1492
163
-987
-2512
-4604
-6272
-7400
-7649
-7240
-6259
-4712
-2495
-252
1324
2520
3609
4409
4128
3330
2585
1784
847
124
-247
-335
-153
205
320
458
630
362
-497
-1341
-1822
-2368
-2958
-3247
-3201
-2919
-2399
-1575
-726
-12
521
744
902
1082
1301
1134
860
1063
1535
1985
2325
2574
2296
1182
-190
-1839
-3579
-5789
-8270
-10162
-10125
-8152
-5990
-4101
-2124
634
3223
4891
5350
5158
4846
4418
3705
2745
2439
3122
4257
5372
6102
6281
6096
5624
4929
3472
1256
-1267
-3435
-5140
-6348
-6886
-6749
-5588
-3752
-1963
-489
1021
2770
3980
4330
4257
4257
4159
4009
3792
3628
3898
4248
3756
2331
894
-86
-1367
-3353
-5312
-6589
-7237
-7428
-6804
-5450
-3490
-1548
76
1308
2777
3853
3797
2948
2144
1633
738
-285
-849
-817
-658
-621
-521
-173
384
682
107
-596
-874
-937
-1446
-2174
-2589
-2598
-2412
-2114
-1473
-830
-524
-517
-571
-337
131
331
214
351
1166
2008
2619
3010
3207
2625
1202
-631
-2566
-4826
-7505
-9482
-9498
-7824
-5942
-4292
-2365
561
3316
4809
4873
4643
4743
4511
3526
2676
3004
4164
5227
5827
6459
7115
7198
6257
4641
2923
1026
-1465
-4139
-6259
-7234
-7400
-6982
-5786
-3875
-1759
-37
1604
3423
4961
5588
5257
4723
4481
4406
4226
3804
3735
3566
2491
713
-712
-1385
-2407
-3892
-5644
-6792
-7254
-6858
-5774
-4556
-3073
-1643
-350
813
2015
2703
2464
1594
955
487
-17
-442
-672
-796
-798
-562
-217
231
644
642
-212
-1076
-1250
-1154
-1511
-2252
-2815
-3074
-3007
-2630
-2136
-1471
-913
-689
-652
-58
900
1645
1942
2281
3014
3699
4216
4336
4079
2919
1168
-929
-3138
-5597
-7910
-9293
-8935
-7348
-5612
-3877
-1598
1186
3395
4502
4736
5035
5215
5023
4224
3668
4098
5156
6024
6390
6751
6939
6408
5146
3530
1838
-222
-2649
-5010
-6696
-7314
-7360
-6932
-5934
-4310
-2562
-1124
415
2228
3598
4215
4227
4230
4335
4425
4198
3715
3500
2947
1688
-2
-1236
-2052
-3256
-5034
-6670
-7390
-7278
-6643
-5622
-4207
-2460
-801
633
1912
3149
3888
3648
2721
1804
1203
680
-18
-770
-1341
-1614
-1600
-1251
-752
-416
-319
-528
-513
-239
145
370
196
-162
-588
-762
-819
-715
-536
-531
-717
-765
-414
220
945
1530
1897
2196
2682
3174
3469
3282
2605
1342
-460
-2587
-5032
-7092
-7896
-7052
-5880
-4729
-3352
-1154
1239
2970
3684
3529
3423
3509
3407
2641
2231
2845
4058
5079
5686
6040
6160
5795
4869
3287
1410
-556
-2595
-4702
-6612
-7682
-8066
-7693
-6647
-5373
-4054
-2545
-659
1236
2762
3787
4401
4856
5113
5262
5223
5285
4903
3860
2291
594
-415
-1345
-2647
-4408
-5664
-6371
-6697
-6439
-5324
-3696
-2267
-1112
45
1556
3021
3778
3605
3076
2707
2463
2065
1634
1177
610
-74
-509
-318
161
408
74
-566
-895
-833
-693
-900
-1189
-1607
-2038
-2281
-1970
-1376
-906
-549
-501
-213
363
1006
1438
1545
1702
1891
2051
2089
2134
1937
1181
52
-1310
-2912
-5055
-7174
-8376
-7858
-6522
-5272
-3963
-1966
606
2579
3527
3766
4041
4247
3946
2984
2343
2630
3430
4059
4462
4865
5209
5129
4388
3295
2086
718
-1238
-3420
-5066
-5855
-6247
-6405
-5845
-4721
-3330
-1932
-390
1330
2780
3804
4186
4366
4745
5076
5100
4979
4815
4098
2615
1063
196
-444
-1557
-3096
-4280
-5096
-5438
-5308
-4624
-3418
-2143
-1293
-691
414
1897
2820
2807
2422
2236
2066
1767
1450
1097
470
-166
-575
-622
-177
109
-153
-698
-798
-478
-412
-713
-971
-1256
-1699
-2138
-2153
-1900
-1553
-1301
-1181
-957
-461
246
727
1073
1424
1593
1438
1340
1525
1524
969
57
-977
-2106
-3431
-5383
-7166
-8451
-8257
-6933
-4713
-2361
-184
1839
3341
4643
4911
4817
4040
3238
2342
1765
1830
2318
3216
4098
4752
5081
5041
4802
4031
2632
844
-1113
-2876
-4581
-5893
-6726
-6658
-5768
-4431
-2809
-1068
816
2455
3776
4945
5530
5888
5524
5099
4814
4605
4426
3850
3048
1674
376
-798
-1504
-2655
-4130
-5508
-6229
-5831
-4819
-3570
-2500
-1202
89
1247
2247
3069
3304
2759
1784
915
396
101
-343
-1000
-1396
-1197
-646
-357
-276
-339
-625
-1120
-1704
-1971
-2149
-2361
-2725
-3041
-3042
-2520
-1599
-790
-247
39
122
150
426
825
896
727
670
911
1409
1886
2125
1872
1197
187
-1102
-2902
-5151
-7363
-8613
-8156
-6854
-5208
-3365
-979
1631
3697
4794
4974
5025
4776
4149
3131
2293
2417
3132
3940
4499
4979
5467
5623
5399
4668
3428
1666
-385
-2442
-4335
-5609
-6212
-5994
-5087
-3940
-2569
-995
1001
2795
3757
4201
4540
5007
5080
4766
4385
4347
4244
3434
2193
1097
536
-135
-1380
-3042
-4347
-5000
-5263
-5308
-4968
-4122
-3133
-2273
-1388
-228
892
1377
1163
701
454
389
90
-353
-723
-773
-646
-407
-181
-39
3
-288
-618
-878
-1137
-1509
-2058
-2609
-2930
-2942
-2763
-2424
-1909
-1416
-937
-532
-139
291
730
1039
1223
1434
1877
2457
2961
3129
2963
2573
1907
972
-178
-1458
-2975
-4871
-6792
-7932
-7487
-6041
-4630
-3171
-1426
940
2781
3854
4202
4318
4507
4386
4041
3616
3808
4341
4590
4716
4969
5404
5324
4447
3242
1900
620
-983
-2866
-4645
-5808
-6307
-6320
-5564
-4149
-2494
-1136
231
1804
3453
4691
5073
5009
4602
4029
3226
2820
2630
2098
1059
104
-444
-655
-1032
-1924
-2956
-3690
-4094
-4356
-4330
-3768
-2821
-2161
-1467
-614
495
1234
1456
1158
739
601
450
340
191
347
630
771
885
1161
1487
1424
884
50
-831
-1419
-2043
-2730
-3385
-3575
-3442
-3221
-2675
-1896
-972
-372
53
342
608
999
1361
1619
1895
2284
2659
2711
2527
2129
1529
554
-631
-1931
-3401
-5198
-7274
-8710
-8785
-7376
-5844
-4218
-2403
-58
2114
3643
4666
5276
5478
5024
4398
3838
3759
4033
4260
4386
4655
5000
5040
4643
3857
2515
768
-1188
-2949
-4371
-5476
-6133
-6150
-5208
-3480
-1710
-109
1465
3151
4351
4814
4741
4309
3832
3078
2475
2084
2376
2468
1856
1031
466
417
-48
-1172
-2755
-3981
-4769
-5193
-5352
-4861
-3938
-3043
-2349
-1435
-7
1171
1680
1521
1289
1139
1116
1194
1270
1390
1484
1444
1475
1839
2117
1766
596
-806
-1969
-2930
-3688
-4161
-4394
-4491
-4300
-3743
-2677
-1268
-69
514
725
1089
1668
2182
2463
2654
2740
2714
2598
2550
2407
1902
1083
0
-1083
-2019
-2884
-4017
-5504
-7266
-8575
-8456
-6934
-5070
-3666
-2217
-157
2301
4311
5370
5645
5716
5629
5311
4634
4137
4134
4105
3905
3770
3902
3934
3396
2344
988
-395
-1648
-2816
-3847
-4669
-5031
-4955
-4195
-2647
-904
591
1753
2877
3697
3922
3735
3359
2920
2283
1611
1185
1355
1732
1571
954
511
505
214
-718
-1842
-2880
-3771
-4515
-4860
-4614
-3954
-3204
-2639
-1832
-546
751
1456
1556
1637
1846
2018
2129
2294
2377
2362
2157
1907
1776
1543
952
-267
-1631
-2628
-3130
-3478
-3912
-4176
-4073
-3566
-2846
-1909
-840
135
798
1198
1647
2322
2933
2985
2650
2167
1808
1504
1189
680
70
-621
-1374
-2107
-2772
-3328
-4162
-5281
-6667
-7878
-8267
-7431
-5706
-3853
-1919
132
2401
4236
5570
6189
6272
6022
5407
4658
3968
3762
3689
3528
3390
3387
3370
3062
2334
1420
424
-597
-1694
-2760
-3553
-3854
-3710
-3325
-2426
-1122
95
1014
1738
2411
2858
2978
2787
2291
1975
1725
1682
1886
2418
2718
2357
1695
1040
427
-545
-1908
-3493
-4760
-5632
-5846
-5666
-4925
-3768
-2589
-1449
-173
1316
2482
3159
3310
3276
3154
3027
2843
2533
2183
1724
1102
424
-162
-784
-1629
-2638
-3611
-4128
-4259
-4125
-3840
-3403
-2728
-1750
-661
413
1446
2342
2783
2904
2798
2554
2126
1525
899
293
64
142
215
145
-227
-781
-1434
-2030
-2688
-3585
-4660
-5961
-6982
-7678
-7532
-6367
-4396
-2509
-719
1205
3319
5107
6079
6100
5464
4903
4395
3877
3246
2906
2844
2897
2947
3103
3165
2854
2209
1315
289
-492
-1005
-1652
-2435
-2957
-2947
-2538
-1786
-944
-306
32
405
988
1599
1916
2084
2066
2112
1961
2136
2530
2972
2739
1961
1109
387
-134
-960
-2272
-3832
-4735
-5078
-5049
-4635
-3759
-2727
-1715
-692
671
2122
3461
4059
3809
3319
3172
2947
2286
1476
695
-172
-1088
-1573
-1685
-1962
-2504
-2958
-3281
-3284
-3071
-2556
-2100
-1582
-1081
-548
204
1305
2298
2438
2171
2020
2023
1819
1373
762
200
-135
-349
-666
-908
-971
-1166
-1738
-2332
-2748
-3018
-3486
-4116
-4700
-5350
-6017
-6049
-4868
-2941
-1207
110
1384
3093
4615
5278
4950
4339
3978
3631
3097
2501
2240
2415
2703
2854
3113
3389
3304
2690
1803
950
261
-570
-1561
-2565
-3344
-3730
-3751
-3169
-2158
-1169
-512
85
986
2016
2831
3046
3129
3250
3045
2696
2615
2873
2591
1875
887
163
-181
-618
-1720
-3163
-3971
-4238
-4227
-3960
-3039
-1686
-522
550
1818
3034
4023
4236
3753
2885
2164
1466
565
-365
-1045
-1481
-1923
-1990
-1679
-1620
-1917
-2218
-2316
-2223
-1942
-1685
-1636
-1489
-1119
-428
145
722
1160
1363
1240
1019
902
669
207
-423
-997
-1499
-1685
-1789
-1963
-2131
-2161
-2242
-2255
-2127
-2079
-2346
-2900
-3348
-3737
-4255
-4577
-4242
-3024
-1693
-394
932
2441
3957
4704
4729
4253
4077
4024
3830
3319
2971
2927
3061
3269
3459
3480
3321
2744
2080
1378
743
80
-1000
-2072
-3033
-3419
-3487
-3152
-2329
-1399
-523
278
1406
2592
3374
3492
3049
2631
2364
2017
1483
1204
1127
763
163
-185
-298
-542
-1326
-2185
-2815
-3015
-2904
-2735
-2370
-1479
-364
550
1365
2220
2865
2880
2377
1748
1273
756
78
-695
-1143
-1237
-1275
-1356
-1186
-799
-550
-798
-1095
-1036
-864
-873
-1281
-1532
-1414
-1076
-697
-305
302
852
1037
851
685
642
232
-725
-1725
-2193
-2247
-2254
-2319
-2203
-1939
-1618
-1471
-1394
-1136
-1039
-1414
-2143
-2636
-3102
-3749
-4417
-4449
-3371
-1979
-752
232
1433
2738
3671
4039
4041
4216
4323
4035
3528
3136
3198
3406
3436
3502
3582
3470
2906
2180
1430
706
-145
-1394
-2549
-3367
-3518
-3233
-2688
-1782
-788
173
1020
1922
2715
3114
3090
2518
2002
1708
1619
1627
1675
1846
1545
1255
1008
906
176
-905
-1876
-2702
-3339
-3682
-3568
-3159
-2508
-1770
-971
23
1330
2204
2355
1971
1779
1497
875
227
-252
-351
-512
-692
-688
-445
-182
-206
-653
-1248
-1639
-1979
-2387
-2584
-2429
-2042
-1588
-846
5
888
1299
1201
661
52
-406
-937
-1518
-2125
-2375
-2470
-2333
-1943
-1385
-916
-630
-443
-335
-282
-326
-661
-1097
-1512
-1817
-2313
-3087
-3351
-2751
-1540
-656
130
973
2005
2915
3466
3667
3833
4070
3992
3677
3399
3473
3654
3573
3393
3220
2838
2330
1639
1062
492
-198
-902
-1559
-1939
-2086
-2242
-2275
-1937
-1357
-873
-489
-36
689
1356
1701
1814
1842
1880
1746
1439
1146
1161
1185
579
-116
-583
-684
-804
-1186
-1781
-2386
-2615
-2677
-2463
-1975
-1215
-386
344
1033
1825
2340
2416
2180
1769
1161
642
119
-317
-476
-657
-889
-1224
-1234
-949
-773
-861
-978
-886
-826
-807
-685
-520
-366
-310
-354
-419
-283
-245
-413
-726
-1039
-1229
-1490
-1760
-1997
-2076
-2116
-1885
-1594
-1214
-850
-530
-236
-4
177
154
-32
-461
-1041
-1809
-2823
-3515
-3672
-3106
-2231
-1276
-144
1233
2577
3494
4134
4362
4297
3895
3346
2887
2555
2327
2262
2257
2433
2547
2534
2385
2088
1549
813
82
-896
-1779
-2492
-2891
-2859
-2596
-1964
-1061
-90
809
1509
2159
2564
2688
2402
1849
1352
1031
886
751
765
806
652
382
175
-64
-473
-1039
-1666
-2183
-2384
-2209
-1811
-1222
-370
583
1331
1921
2171
2119
1737
1030
233
-524
-1154
-1635
-1916
-1946
-1653
-1173
-716
-358
-78
74
96
-138
-314
-611
-869
-981
-993
-833
-698
-619
-718
-806
-930
-1220
-1632
-1985
-2246
-2427
-2491
-2275
-1804
-1080
-378
239
624
790
926
813
640
334
90
-393
-1082
-1646
-1961
-2315
-2934
-3262
-2995
-2069
-1040
-280
436
1362
2442
3152
3266
3236
3441
3591
3431
3191
3114
3317
3433
3118
2569
2155
1898
1548
912
194
-282
-626
-978
-1339
-1634
-1659
-1465
-1186
-805
-393
17
423
738
947
1022
1202
1330
1295
1030
577
360
525
741
610
465
379
447
334
-1
-526
-910
-1163
-1458
-1644
-1429
-944
-451
-100
302
722
894
867
544
125
-268
-536
-751
-870
-771
-636
-644
-579
-274
46
209
182
91
-20
-224
-486
-715
-906
-1052
-1232
-1444
-1440
-1192
-1172
-1386
-1597
-1593
-1487
-1295
-1158
-1072
-895
-778
-578
-412
-164
76
63
-121
-268
-74
221
330
118
-225
-605
-1105
-1706
-2371
-2730
-2651
-2169
-1680
-955
23
1208
2243
3077
3721
3977
3916
3564
3201
2666
2166
1668
1343
1331
1597
1752
1792
1802
1789
1665
1215
557
-241
-950
-1609
-2133
-2435
-2464
-2087
-1618
-1082
-652
-38
438
670
874
1109
1265
1195
1330
1390
1606
1733
1756
1529
1478
1474
1127
480
-192
-730
-1366
-1833
-1917
-1618
-1279
-826
-293
267
786
1181
1141
816
478
61
-366
-717
-889
-931
-827
-441
34
499
712
848
718
268
-249
-715
-1034
-1419
-1725
-1980
-2079
-1975
-1751
-1593
-1550
-1509
-1450
-1550
-1650
-1629
-1627
-1732
-1840
-1687
-1309
-797
-400
-16
407
834
1184
1241
1202
1132
722
-143
-1141
-1928
-2693
-3411
-3778
-3403
-2375
-1327
-337
546
1734
2772
3335
3353
3091
2951
2735
2431
2229
2269
2583
2932
3060
3061
3002
2799
2229
1476
607
-267
-1200
-2108
-2615
-2790
-2829
-2753
-2251
-1383
-416
444
1174
1868
2386
2538
2358
2136
2069
1621
1124
1024
1363
1483
1320
1172
1057
921
503
-44
-764
-1225
-1477
-1703
-1742
-1186
-339
117
268
732
1100
996
551
-33
-616
-1018
-1240
-1556
-1608
-1073
-483
-270
-232
47
332
186
-282
-728
-1019
-1289
-1519
-1784
-1870
-1844
-1857
-1986
-2076
-1945
-1910
-2052
-2290
-2263
-2099
-1861
-1620
-1222
-754
-196
414
859
1162
1447
1511
1357
1215
1099
931
652
321
-102
-672
-1374
-2069
-2827
-3380
-3507
-3005
-2300
-1387
-240
1017
2201
3264
3992
4281
4358
4231
4059
3678
3196
2784
2438
2043
1681
1296
915
484
44
-439
-803
-992
-1186
-1382
-1524
-1350
-965
-541
19
665
1135
1404
1548
1777
1750
1476
1013
630
384
143
18
73
362
540
662
818
1120
1192
867
279
-274
-710
-993
-1336
-1526
-1330
-1039
-715
-531
-310
-148
-203
-542
-958
-1149
-1133
-1074
-1039
-1015
-746
-344
110
552
850
895
626
227
-211
-629
-1201
-1866
-2565
-2974
-3062
-2966
-2721
-2424
-1995
-1585
-1127
-642
-221
104
211
181
237
539
913
1152
1281
1421
1613
1737
1613
1429
1163
734
88
-680
-1540
-2418
-3100
-3546
-3800
-3593
-2717
-1365
-85
1074
2102
2934
3466
3528
3286
2861
2352
1724
1113
712
579
680
680
706
845
995
1097
1108
1077
911
640
271
-78
-364
-511
-492
-509
-367
-173
-2
-8
27
88
64
-46
-207
-171
224
602
836
1360
1919
2412
2365
2485
2383
2010
1499
880
94
-686
-1044
-1333
-1603
-1530
-1187
-1029
-974
-860
-516
-529
-693
-894
-995
-904
-676
-453
-325
178
825
1120
1110
1051
935
323
-449
-1167
-1761
-2306
-2767
-2946
-3027
-2741
-2388
-2064
-1736
-1303
-983
-1028
-1076
-875
-576
-400
-236
124
550
904
1224
1464
1564
1529
1221
620
99
-163
-343
-636
-962
-1116
-1343
-1615
-1899
-2270
-2516
-2657
-2321
-1827
-1240
-519
123
668
1213
1733
1978
2106
2225
2253
2203
2162
2286
2521
2601
2598
2477
2371
2321
2195
1961
1486
983
411
-232
-888
-1342
-1488
-1705
-1729
-1471
-1088
-516
16
699
1157
1561
1902
2227
2322
2308
2438
2442
2410
2208
2215
1949
1614
1137
612
-220
-1027
-1678
-2260
-2747
-3016
-2968
-2740
-2280
-1667
-1046
-654
-294
-9
181
234
303
137
-187
-364
-300
-281
-329
-274
-216
-394
-619
-826
-1083
-1406
-1723
-2046
-2367
-2388
-2302
-2186
-2015
-1618
-1199
-808
-444
10
409
701
855
916
960
878
836
744
742
754
736
684
645
570
328
1
-285
-475
-932
-1601
-2346
-2931
-3327
-3631
-3663
-3442
-2789
-1938
-976
35
1102
2093
2735
3178
3415
3431
3247
2998
2817
2575
2255
2132
2117
2060
1881
1587
1252
924
590
259
-53
-309
-563
-800
-941
-876
-674
-257
215
750
1201
1671
2180
2541
2542
2236
1877
1601
1386
1103
1109
1061
1146
909
774
481
144
-310
-972
-1738
-2391
-2667
-2705
-2524
-2097
-1540
-1104
-599
-156
235
358
383
56
-376
-672
-846
-1025
-1188
-1072
-835
-781
-690
-694
-604
-715
-1020
-1450
-1830
-2013
-2271
-2409
-2419
-2039
-1557
-1053
-671
-100
478
879
1017
992
969
829
504
162
78
141
281
327
363
418
424
228
-54
-331
-635
-1110
-1619
-1935
-2080
-2234
-2364
-2215
-1875
-1460
-1084
-561
149
834
1284
1559
1894
2255
2489
2443
2337
2283
2256
2144
1938
1847
1902
1881
1658
1457
1365
1390
1324
1246
1166
1073
925
633
447
362
315
273
263
180
188
26
-108
44
172
204
222
416
577
853
1007
955
877
846
733
460
66
-276
-733
-1272
-1644
-1774
-1712
-1710
-1587
-1361
-1032
-711
-504
-387
-373
-380
-583
-885
-975
-959
-968
-1007
-858
-572
-281
-85
32
-40
-214
-393
-661
-893
-1122
-1288
-1360
-1286
-979
-631
-265
-24
109
248
245
212
148
-112
-392
-552
-594
-472
-262
-65
2
-5
61
124
134
47
-75
-306
-518
-652
-747
-799
-1046
-1342
-1649
-1795
-1917
-1980
-1893
-1662
-1188
-709
-178
470
1263
1973
2441
2767
2966
3140
3179
2953
2700
2369
2126
1974
1824
1778
1767
1836
1795
1827
1791
1541
1102
556
86
-366
-727
-852
-908
-741
-496
-189
79
416
537
499
393
415
430
206
219
215
322
306
354
246
70
-138
-413
-671
-908
-1008
-1010
-1113
-1043
-898
-786
-623
-521
-403
-481
-629
-866
-1054
-1080
-1004
-859
-706
-414
-25
254
457
674
835
708
498
178
-152
-450
-678
-911
-1134
-1198
-1224
-1181
-1180
-1090
-982
-961
-937
-908
-840
-750
-583
-412
-207
124
407
511
463
458
353
86
-246
-545
-807
-1058
-1306
-1550
-1802
-2009
-2297
-2610
-2711
-2620
-2455
-2181
-1622
-849
17
855
1688
2355
2909
3317
3472
3456
3286
2971
2597
2191
1889
1719
1668
1710
1816
1932
2029
2055
1932
1694
1371
1005
622
302
52
-114
-204
-195
-62
176
240
259
244
269
208
206
321
388
452
541
677
665
691
670
459
110
-250
-562
-779
-995
-1063
-1152
-1324
-1281
-1144
-1083
-1043
-960
-949
-1014
-1108
-1129
-1051
-896
-666
-445
-232
-1
225
393
441
441
324
66
-300
-639
-1031
-1402
-1657
-1823
-1901
-1850
-1647
-1400
-1059
-750
-396
-177
-55
139
164
176
122
127
34
-48
-2
61
88
14
-162
-472
-917
-1340
-1741
-2240
-2651
-2956
-2921
-2699
-2238
-1546
-705
235
1082
1827
2419
2876
3100
3102
2882
2674
2518
2358
2257
2240
2244
2163
2110
1974
1755
1566
1297
1000
670
434
318
253
178
253
472
567
553
518
447
264
-32
-266
-331
-312
-267
-237
-48
173
392
512
511
483
364
93
-305
-674
-1003
-1266
-1542
-1633
-1474
-1187
-817
-456
-157
81
281
351
274
223
92
-92
-320
-446
-449
-322
-176
-81
-7
108
100
-27
-249
-436
-610
-890
-1067
-1209
-1241
-1244
-1123
-929
-734
-480
-327
-200
-11
73
100
90
91
104
46
-65
-257
-444
-602
-694
-769
-844
-882
-1005
-1199
-1457
-1701
-1945
-2124
-2189
-2143
-1901
-1498
-1054
-536
-56
523
1084
1542
1909
2141
2294
2254
2116
1974
1825
1641
1520
1439
1408
1459
1447
1338
1176
1054
945
809
712
716
757
721
736
845
1004
1035
1012
945
882
736
540
376
269
204
78
-20
-47
135
276
284
314
353
384
315
55
-140
-374
-606
-854
-1076
-1052
-895
-735
-514
-220
69
303
358
280
101
-110
-282
-502
-631
-667
-759
-845
-839
-665
-538
-520
-586
-703
-768
-942
-1140
-1257
-1272
-1210
-1127
-1078
-1001
-747
-549
-483
-412
-312
-258
-302
-390
-525
-572
-598
-634
-577
-461
-373
-317
-339
-366
-425
-515
-682
-929
-1137
-1277
-1410
-1463
-1369
-1158
-931
-584
-161
250
683
1042
1408
1658
1811
1884
1939
1989
1966
1893
1842
1825
1839
1765
1572
1385
1166
927
705
578
459
359
407
493
624
813
958
1052
1092
1082
1026
904
810
699
523
282
132
41
-79
-185
-266
-309
-369
-407
-417
-363
-396
-460
-498
-548
-573
-530
-495
-450
-375
-332
-251
-117
-47
39
55
45
-10
-65
-83
-148
-208
-312
-413
-411
-409
-455
-396
-325
-208
-108
-45
-72
-77
-221
-412
-594
-720
-781
-904
-982
-1055
-991
-989
-1001
-995
-895
-782
-732
-663
-545
-477
-515
-515
-520
-450
-423
-484
-665
-793
-901
-1084
-1301
-1433
-1538
-1652
-1637
-1548
-1303
-983
-593
-208
258
843
1313
1624
1860
2031
2140
2149
2053
1955
1900
1823
1645
1453
1284
1123
946
741
588
503
451
441
470
581
771
1021
1245
1407
1591
1687
1680
1555
1337
1051
637
314
23
-167
-255
-328
-326
-373
-386
-359
-304
-243
-177
-235
-292
-323
-331
-277
-242
-172
-87
-30
29
22
-81
-229
-443
-634
-899
-1080
-1134
-1091
-940
-764
-563
-353
-114
34
93
62
1
-149
-393
-572
-728
-841
-921
-919
-865
-852
-853
-886
-933
-1044
-1073
-1103
-1079
-1005
-836
-585
-353
-202
-47
50
106
121
93
56
-71
-195
-308
-456
-609
-672
-689
-671
-623
-495
-369
-199
84
316
501
664
781
924
1047
1129
1219
1287
1326
1289
1161
1049
967
874
814
697
655
637
600
569
536
509
494
481
493
501
493
491
461
488
547
546
560
569
567
466
309
158
-13
-204
-378
-554
-669
-707
-709
-635
-488
-323
-151
25
198
303
377
390
393
387
292
153
39
-15
-80
-132
-181
-143
-182
-158
-123
-87
-8
-9
-14
-21
-14
-54
-133
-209
-271
-259
-260
-198
-163
-222
-257
-311
-331
-413
-531
-712
-897
-1076
-1188
-1276
-1265
-1177
-1096
-975
-906
-769
-594
-482
-440
-396
-364
-322
-299
-349
-397
-423
-439
-422
-361
-333
-284
-197
-94
-6
108
219
338
486
559
584
620
661
622
511
434
378
355
329
283
278
322
457
634
788
928
1038
999
927
793
663
582
505
429
362
411
512
654
776
810
805
771
649
472
264
129
-19
-149
-170
-120
2
109
219
317
403
428
426
436
368
293
239
211
194
249
304
221
172
89
-50
-228
-485
-663
-841
-936
-948
-903
-836
-762
-695
-609
-457
-323
-233
-217
-266
-353
-466
-496
-482
-436
-328
-262
-281
-362
-441
-610
-779
-954
-1064
-1156
-1205
-1162
-1024
-868
-613
-326
-109
16
92
155
184
163
127
129
123
170
196
245
319
320
329
250
182
157
96
58
14
23
35
44
88
126
157
166
168
130
90
76
96
105
170
316
488
622
730
775
761
698
612
525
408
292
211
164
179
194
206
260
327
373
407
415
381
330
283
298
299
323
369
373
440
505
565
615
634
641
622
588
583
623
586
496
378
252
108
11
-138
-307
-512
-705
-771
-757
-641
-518
-372
-259
-166
-181
-141
-105
-123
-146
-233
-305
-282
-289
-362
-426
-577
-666
-791
-934
-1096
-1298
-1421
-1457
-1449
-1391
-1267
-1047
-843
-674
-463
-304
-166
-69
-38
-34
0
19
47
13
46
110
139
126
60
-19
-131
-243
-399
-507
-529
-488
-444
-366
-264
-119
-33
21
96
175
201
171
171
156
169
193
246
313
482
641
779
943
1106
1186
1205
1145
1080
974
896
862
854
895
954
988
1024
1104
1120
1078
980
871
756
609
502
434
451
511
666
835
931
982
982
896
666
443
287
144
-43
-182
-278
-361
-496
-594
-664
-718
-719
-769
-817
-877
-945
-1021
-1119
-1114
-1068
-951
-861
-841
-783
-779
-825
-908
-976
-1037
-1093
-1203
-1229
-1204
-1165
-1121
-1031
-963
-874
-770
-620
-485
-380
-273
-206
-111
-24
104
229
358
505
618
707
710
712
666
537
452
386
290
156
61
-26
-125
-187
-239
-244
-240
-222
-178
-216
-266
-298
-258
-182
-99
7
17
9
-14
-51
-69
2
112
187
244
222
275
319
416
515
582
693
755
769
783
803
776
792
819
796
739
747
736
738
711
702
719
696
666
629
614
576
606
658
710
789
758
733
682
582
520
448
342
227
134
54
-43
-140
-244
-345
-411
-521
-620
-764
-848
-907
-988
-1018
-1028
-965
-950
-942
-899
-812
-714
-655
-604
-642
-658
-671
-698
-673
-667
-670
-638
-578
-538
-485
-446
-373
-310
-265
-176
-83
52
116
141
148
147
180
195
215
234
228
195
110
9
-165
-371
-575
-731
-809
-843
-827
-776
-770
-736
-663
-612
-508
-393
-235
-129
-16
40
59
105
102
152
261
363
440
511
604
693
793
869
1004
1144
1229
1187
1105
1059
1012
978
944
894
919
941
967
950
883
832
810
735
670
633
568
472
422
444
476
556
570
543
462
402
365
301
206
134
67
-37
-118
-221
-264
-314
-374
-463
-577
-660
-776
-878
-1032
-1145
-1186
-1194
-1216
-1193
-1095
-988
-875
-733
-585
-482
-394
-370
-353
-356
-375
-360
-383
-359
-362
-352
-318
-281
-272
-289
-292
-304
-312
-295
-236
-159
-43
36
142
226
294
313
331
341
259
172
52
-73
-169
-287
-395
-505
-541
-554
-565
-578
-605
-589
-539
-401
-250
-118
3
90
163
209
270
327
371
426
399
399
379
320
290
274
300
352
457
513
537
513
529
585
639
738
828
915
1004
1046
1068
1029
918
881
862
757
671
554
443
280
131
69
36
39
34
90
145
124
126
120
142
213
246
210
197
149
91
2
-84
-135
-248
-329
-486
-694
-818
-886
-925
-886
-844
-756
-653
-595
-522
-423
-318
-251
-162
-92
-39
-48
-60
-57
-87
-139
-222
-280
-347
-406
-423
-401
-426
-411
-366
-307
-238
-101
68
185
232
193
90
-84
-248
-420
-526
-618
-689
-816
-907
-956
-987
-920
-878
-758
-639
-594
-557
-487
-381
-280
-169
-50
62
144
189
170
131
151
206
314
383
436
474
452
456
502
582
659
759
780
797
792
800
843
921
1058
1182
1204
1182
1105
1019
905
796
718
617
536
445
419
386
396
387
412
399
399
418
387
392
343
333
268
198
175
202
234
190
142
58
-67
-225
-365
-455
-551
-600
-694
-774
-816
-791
-751
-671
-516
-372
-230
-142
-107
-126
-169
-201
-208
-249
-327
-384
-444
-493
-526
-550
-563
-559
-515
-493
-497
-480
-435
-419
-359
-288
-275
-322
-394
-481
-561
-627
-672
-698
-674
-629
-591
-605
-592
-565
-559
-509
-462
-416
-417
-443
-458
-430
-383
-356
-317
-195
-80
30
186
311
361
336
336
347
375
460
510
590
670
718
797
888
952
1044
1091
1094
1078
1041
1012
1002
1011
935
894
851
793
711
641
591
528
492
421
369
327
325
355
325
313
360
361
370
334
318
351
304
260
219
165
93
-4
-80
-137
-176
-215
-307
-390
-479
-548
-620
-643
-607
-566
-514
-470
-424
-383
-334
-276
-216
-241
-299
-372
-458
-519
-551
-540
-532
-533
-506
-504
-525
-493
-441
-409
-402
-408
-391
-395
-416
-482
-509
-463
-447
-417
-415
-422
-389
-387
-353
-325
-327
-316
-316
-325
-365
-411
-383
-330
-315
-222
-134
-69
-61
-37
17
26
97
212
291
416
524
594
624
599
612
661
739
774
732
704
696
677
648
644
683
704
706
651
595
538
421
334
272
247
232
237
215
176
165
147
149
168
209
239
282
281
258
255
243
182
122
67
-2
-64
-98
-135
-212
-250
-305
-329
-355
-394
-363
-297
-242
-183
-103
-77
-62
-72
-41
-15
-50
-138
-135
-128
-160
-154
-200
-167
-129
-111
-103
-108
-124
-173
-251
-268
-303
-333
-348
-370
-299
-241
-205
-177
-137
-133
-109
-130
-152
-161
-204
-250
-371
-443
-469
-467
-457
-462
-486
-479
-458
-466
-437
-419
-387
-342
-291
-242
-171
-81
1
41
45
84
145
223
253
271
311
317
331
353
337
352
332
294
268
265
317
344
410
465
433
424
409
360
347
340
277
279
310
337
394
452
472
439
435
448
465
479
471
458
449
428
421
420
402
366
342
288
188
142
110
100
15
-26
13
52
104
136
161
192
238
251
252
268
207
141
68
-14
-51
-82
-111
-173
-244
-265
-352
-468
-562
-721
-802
-836
-845
-838
-813
-773
-714
-658
-626
-525
-489
-513
-559
-581
-649
-714
-733
-799
-838
-832
-815
-793
-778
-754
-758
-767
-754
-735
-686
-569
-471
-366
-244
-106
7
71
202
295
360
416
462
465
391
352
356
359
353
420
504
606
679
752
826
841
849
843
815
766
712
724
747
728
720
729
686
585
515
478
469
463
457
480
479
470
475
510
566
582
588
561
477
431
350
250
143
42
-66
-158
-231
-268
-276
-262
-250
-231
-183
-174
-126
-87
-42
-32
-15
-7
-51
-115
-137
-173
-251
-277
-318
-408
-465
-516
-579
-623
-626
-649
-661
-672
-589
-532
-486
-433
-393
-372
-344
-314
-293
-294
-317
-305
-337
-313
-374
-416
-442
-462
-454
-449
-440
-428
-410
-369
-332
-285
-204
-168
-104
-20
30
73
162
225
244
201
127
98
37
-24
-43
-61
-14
38
64
146
222
242
229
220
249
281
307
324
379
404
407
367
332
363
363
338
288
200
154
129
126
169
257
315
328
368
352
363
355
360
383
380
395
349
300
251
213
232
199
207
207
165
97
109
115
121
162
142
125
53
24
9
-15
2
8
8
-12
-45
-51
-67
-99
-148
-156
-148
-205
-253
-305
-303
-316
-327
-274
-256
-213
-187
-186
-207
-217
-215
-180
-198
-215
-225
-223
-237
-223
-201
-229
-256
-304
-314
-343
-324
-290
-283
-272
-237
-217
-165
-114
-59
-25
-37
-51
-64
-82
-78
-73
-90
-138
-174
-162
-131
-103
-124
-137
-160
-155
-110
-36
61
157
236
266
202
140
91
42
38
76
83
120
83
54
61
61
145
208
252
294
317
238
199
192
218
231
267
357
443
455
491
599
604
640
658
623
539
433
347
309
334
357
405
434
376
303
242
164
94
83
76
30
-17
-73
-66
-58
-34
42
80
73
34
-78
-189
-295
-389
-413
-427
-430
-439
-469
-491
-496
-513
-499
-517
-602
-656
-687
-700
-699
-635
-608
-540
-469
-429
-410
-386
-382
-403
-394
-412
-357
-323
-302
-255
-227
-212
-212
-203
-173
-142
-135
-177
-208
-228
-263
-221
-169
-126
-113
-89
-25
38
143
234
274
293
320
313
322
355
402
462
473
515
518
487
491
489
494
496
482
441
382
335
309
295
316
360
375
362
362
378
371
359
404
446
471
507
517
519
498
468
451
416
372
355
309
271
241
155
97
97
94
75
26
-27
-86
-157
-168
-138
-97
-35
-11
10
27
-35
-123
-148
-189
-270
-326
-371
-397
-420
-448
-435
-477
-480
-512
-540
-547
-582
-572
-573
-602
-561
-531
-460
-362
-314
-272
-266
-299
-358
-394
-402
-380
-348
-294
-290
-263
-239
-209
-217
-210
-164
-116
-110
-136
-190
-238
-267
-277
-253
-171
-80
-52
-19
-46
-64
-71
-34
9
122
229
275
296
258
247
243
252
288
305
318
296
244
197
141
136
209
267
312
390
395
405
423
483
536
571
611
582
559
528
499
464
450
467
453
406
391
359
294
225
161
166
164
155
75
58
17
-1
0
4
53
67
63
51
-11
-14
26
20
-17
-25
1
-22
-92
-135
-131
-133
-189
-232
-237
-282
-320
-389
-437
-438
-397
-328
-309
-355
-374
-389
-423
-455
-432
-425
-434
-401
-390
-384
-346
-279
-210
-158
-88
-37
-57
-130
-173
-153
-154
-169
-142
-90
-51
-39
-32
5
14
25
60
98
139
149
140
119
103
122
156
164
177
177
122
20
-26
-68
-84
-65
-24
26
32
32
48
51
77
142
199
223
273
322
335
334
274
251
282
261
234
230
187
132
55
18
-10
-13
34
64
96
116
158
142
168
153
158
238
259
309
271
225
187
117
98
68
37
5
-68
-135
-201
-242
-248
-237
-214
-184
-163
-185
-199
-189
-185
-145
-135
-127
-135
-167
-178
-221
-200
-180
-148
-123
-160
-174
-243
-244
-222
-226
-178
-179
-157
-151
-151
-128
-111
-97
-80
-72
-85
-97
-117
-142
-157
-141
-114
-53
-6
14
31
34
37
54
85
101
108
97
81
26
-9
-44
-98
-82
-68
-76
-63
-79
-107
-139
-159
-126
-25
54
129
181
178
158
104
103
133
158
190
235
257
234
236
286
308
327
351
328
287
251
223
194
190
229
269
303
338
380
392
356
337
318
322
307
305
313
271
263
217
208
185
126
87
34
12
-7
-78
-128
-172
-181
-139
-121
-136
-131
-154
-161
-221
-283
-291
-360
-355
-342
-343
-336
-359
-390
-404
-418
-406
-393
-368
-308
-294
-249
-242
-277
-283
-242
-203
-135
-78
-73
-70
-103
-165
-139
-132
-147
-133
-154
-192
-210
-199
-209
-175
-127
-143
-144
-137
-170
-192
-202
-172
-125
-102
-94
-53
-22
-13
-16
-45
-39
-30
42
59
75
126
159
182
222
247
276
276
261
267
273
299
279
294
327
341
369
387
400
407
384
385
372
362
381
386
394
365
380
414
427
414
405
402
368
317
267
195
151
107
54
57
38
8
-20
-31
-72
-115
-122
-133
-115
-130
-129
-177
-220
-218
-227
-218
-206
-212
-186
-167
-216
-220
-216
-224
-243
-217
-217
-236
-261
-269
-290
-270
-173
-123
-110
-132
-157
-191
-244
-247
-220
-235
-193
-187
-195
-188
-212
-143
-143
-125
-87
-88
-109
-153
-190
-183
-139
-113
-69
-86
-81
-96
-98
-71
-23
24
-4
-34
-91
-105
-100
-90
-69
-81
-86
-62
-29
-12
38
112
172
149
78
50
25
41
64
101
159
210
234
256
288
310
326
342
345
360
349
352
336
312
296
268
257
281
301
316
332
291
227
139
100
144
148
175
189
189
131
70
63
58
101
117
124
121
90
3
-69
-84
-55
-15
-1
-18
-63
-119
-160
-163
-116
-117
-136
-196
-269
-320
-309
-273
-226
-158
-154
-184
-225
-256
-249
-231
-196
-183
-211
-227
-255
-297
-299
-290
-270
-249
-266
-239
-287
-297
-284
-277
-256
-230
-178
-114
-93
-85
-49
-24
-2
-7
-20
-7
-9
-4
26
46
65
40
-37
-55
-57
-37
-10
-12
22
28
28
73
76
128
155
181
210
182
210
253
289
286
287
307
300
285
306
315
313
339
344
349
326
283
241
193
201
215
226
213
183
162
144
120
117
152
174
136
134
115
73
36
40
13
-12
14
18
13
14
1
-11
-78
-95
-75
-90
-88
-73
-38
-70
-118
-134
-142
-161
-135
-85
-70
-57
-86
-141
-162
-161
-118
-99
-97
-141
-189
-221
-208
-214
-222
-173
-181
-223
-286
-347
-386
-409
-396
-363
-316
-276
-238
-240
-236
-198
-209
-198
-198
-198
-201
-217
-198
-213
-189
-131
-96
-79
-63
-7
-18
17
82
136
158
187
229
256
275
321
373
416
412
429
453
418
400
437
414
423
420
365
332
275
210
179
185
165
153
165
121
44
33
32
26
67
97
76
70
44
43
43
43
53
32
0
-86
-111
-125
-120
-107
-102
-69
-73
-74
-104
-129
-102
-58
-30
-6
6
17
11
-19
-16
-1
12
32
37
44
27
9
16
-14
-45
-73
-97
-77
-88
-95
-118
-128
-133
-136
-100
-111
-100
-110
-158
-187
-257
-274
-276
-299
-290
-297
-325
-315
-319
-358
-422
-451
-442
-456
-406
-346
-335
-316
-298
-277
-230
-134
-89
-62
-39
4
38
78
138
185
267
290
277
320
372
397
443
486
479
478
487
490
475
434
420
421
380
343
322
310
288
246
230
204
179
162
128
111
78
73
45
-6
-21
-57
-62
-30
-16
0
-22
-59
-122
-172
-184
-144
-132
-132
-101
-121
-133
-150
-103
-21
70
156
169
177
161
139
165
150
193
205
163
108
54
7
1
42
54
57
-3
-56
-123
-155
-221
-221
-220
-235
-209
-228
-256
-267
-266
-242
-222
-258
-270
-311
-353
-394
-360
-325
-323
-314
-297
-288
-361
-362
-318
-262
-236
-178
-142
-118
-90
-108
-97
-40
1
36
70
49
32
20
16
56
96
123
161
153
158
162
148
190
253
285
297
309
297
318
309
331
334
333
312
286
253
203
182
149
142
140
159
166
153
139
137
142
102
121
147
145
134
137
146
126
105
61
85
83
66
45
46
54
70
97
54
68
73
43
30
7
15
37
31
10
10
4
-14
-20
-37
-38
-70
-81
-102
-136
-123
-144
-173
-214
-288
-304
-331
-376
-338
-304
-292
-278
-274
-271
-307
-326
-293
-301
-264
-262
-265
-306
-338
-311
-277
-254
-228
-173
-174
-193
-155
-125
-82
-41
14
62
84
117
132
168
189
223
250
250
254
247
218
175
177
191
216
241
231
197
182
133
121
134
137
154
168
153
100
66
40
71
98
162
214
223
160
68
-5
-23
-8
8
74
85
85
50
5
42
120
169
211
209
197
141
54
12
-18
21
16
-20
-31
-38
-74
-60
-10
40
55
50
4
-30
-49
-90
-76
-55
-53
-78
-72
-109
-142
-129
-139
-155
-176
-227
-274
-346
-392
-407
-412
-389
-388
-330
-312
-324
-327
-320
-306
-280
-243
-193
-128
-138
-144
-148
-123
-101
-69
-12
16
42
13
2
23
49
108
194
234
275
286
278
310
376
424
474
483
502
460
429
395
364
400
417
415
395
335
270
247
186
164
159
143
109
61
24
4
-38
-32
12
-8
-29
-74
-119
-165
-242
-266
-239
-243
-253
-281
-303
-305
-299
-267
-248
-229
-193
-166
-166
-189
-187
-178
-165
-157
-123
-44
-14
-11
-18
-31
-44
-49
-24
66
143
203
215
199
233
198
175
172
175
196
186
179
176
157
139
140
141
126
111
70
9
-23
-53
-77
-93
-121
-137
-161
-182
-180
-194
-198
-158
-112
-71
-55
-76
-72
-68
-67
-59
-80
-48
-77
-92
-95
-147
-147
-160
-140
-141
-126
-128
-125
-116
-144
-137
-107
-48
47
111
126
95
50
-13
-63
-40
42
119
131
131
103
25
-32
-12
-19
31
83
71
58
26
26
45
75
155
185
191
205
168
171
130
97
116
104
57
57
47
50
53
43
72
77
83
57
64
78
59
54
36
5
-25
-23
-40
-82
-50
-21
2
35
58
112
123
137
138
137
118
112
145
137
128
126
125
86
28
44
49
19
-10
-72
-147
-196
-234
-222
-232
-216
-228
-309
-391
-471
-486
-470
-410
-317
-252
-246
-237
-206
-219
-188
-118
-14
7
-14
-57
-108
-131
-151
-115
-59
-13
11
34
46
51
74
120
171
174
207
230
207
207
207
216
194
202
205
171
133
155
135
112
92
102
144
121
80
54
8
-30
-31
-11
23
44
77
83
47
38
28
11
28
47
67
45
37
-14
-31
-21
22
69
92
131
83
48
-20
-60
-38
-6
53
124
124
95
94
63
34
39
19
25
34
-2
-34
-56
-95
-120
-102
-64
-33
-3
-18
-53
-90
-87
-101
-130
-117
-125
-127
-146
-151
-157
-146
-116
-82
-58
-40
-39
-41
-60
-95
-92
-47
-14
-13
25
-7
-50
-71
-75
-63
-46
-4
6
0
-15
-48
-82
-63
-42
-16
30
41
10
-31
-57
-70
-36
-9
23
61
96
97
76
84
100
111
124
120
112
85
80
92
84
107
135
167
184
161
121
76
20
4
37
49
70
109
133
95
38
31
36
25
29
69
100
72
8
-28
-72
-100
-67
-43
5
20
-35
-84
-151
-187
-161
-118
-64
-57
-83
-150
-205
-211
-220
-200
-176
-123
-116
-150
-153
-123
-89
-64
-29
-21
9
-11
-9
-15
-2
15
-11
-26
-41
-41
-7
16
23
26
35
50
65
68
70
77
63
81
123
152
179
166
180
158
137
149
114
108
95
78
85
67
55
45
46
52
60
38
46
59
33
47
67
68
60
45
2
-23
-16
16
69
87
76
73
48
29
13
10
31
47
31
16
-14
-36
-62
-57
-16
11
7
1
-15
-61
-98
-75
-28
-7
5
-3
-81
-138
-201
-253
-229
-171
-125
-126
-124
-161
-223
-227
-221
-224
-159
-130
-149
-131
-181
-206
-192
-181
-139
-113
-95
-113
-111
-85
-45
-9
46
107
109
124
136
136
138
150
201
210
214
206
152
149
134
120
130
134
125
92
31
3
8
37
63
71
77
62
52
10
-10
15
29
50
59
30
20
-7
-13
-46
-54
-36
-55
-73
-100
-126
-137
-108
-101
-88
-83
-100
-103
-137
-117
-78
-52
-11
13
-14
-18
4
11
47
72
86
82
74
84
124
173
193
241
278
280
303
282
212
156
133
160
176
194
216
218
196
148
134
122
107
97
59
52
15
-19
-29
-43
-69
-77
-79
-94
-84
-89
-131
-170
-162
-180
-171
-165
-185
-192
-226
-270
-270
-266
-273
-278
-248
-206
-193
-171
-172
-137
-109
-67
-24
-18
-6
-1
-23
-25
-7
11
62
55
35
21
7
7
30
70
55
28
44
22
2
-12
3
13
24
25
72
78
77
51
8
-20
-21
7
6
13
12
-6
-39
-66
-60
-49
-25
-32
-33
-35
-73
-67
-77
-86
-52
-15
-17
4
0
-7
-4
-2
43
44
91
112
110
100
69
75
92
98
114
130
136
108
59
23
11
0
12
37
44
58
47
45
54
43
71
114
136
125
105
68
48
68
93
129
169
165
111
85
26
1
11
3
30
23
-19
-57
-100
-132
-134
-128
-108
-114
-106
-118
-115
-126
-133
-124
-94
-51
-44
-30
-57
-99
-110
-107
-99
-81
-64
-84
-108
-115
-108
-69
-20
43
77
64
66
73
63
65
68
106
133
109
117
102
78
48
39
59
44
52
22
1
-34
-46
-36
-23
32
57
78
47
6
2
0
18
30
56
46
27
21
4
5
29
56
38
19
0
-49
-57
-47
-34
-2
5
-4
-15
-48
-66
-53
-37
3
-8
-7
11
-10
-29
18
37
78
86
55
13
-40
-50
-64
-45
-64
-97
-124
-163
-174
-159
-145
-111
-103
-120
-146
-169
-162
-121
-69
-51
-36
-19
11
2
3
0
13
9
12
18
16
26
5
10
-31
-37
-72
-76
-43
-35
-30
-29
-28
-56
-60
-51
-15
22
55
87
56
47
32
41
74
112
122
128
144
126
116
84
64
82
126
162
150
147
140
89
75
44
53
72
86
123
128
122
62
40
17
-15
-12
17
19
-14
-32
-67
-77
-82
-53
-9
31
63
35
10
-41
-68
-40
22
60
67
68
-21
-92
-129
-113
-59
10
42
50
-8
-80
-127
-143
-92
14
104
126
112
60
20
-4
56
97
135
168
155
119
66
18
3
49
51
20
-8
-55
-118
-149
-137
-94
-88
-82
-87
-94
-125
-155
-157
-161
-113
-86
-67
-41
-31
-44
-38
-57
-57
-30
-30
-46
-78
-75
-73
-68
-69
-66
-22
-21
-24
-12
-46
-53
-18
-7
4
23
20
2
-31
-48
-29
-30
-6
37
70
67
63
62
52
77
95
87
88
77
39
26
41
84
88
64
42
35
48
78
88
94
102
51
3
-5
-14
-22
0
-1
-11
-5
-18
-30
-8
21
56
53
54
49
53
76
92
51
33
5
-13
1
-8
12
26
19
-1
-13
-14
-16
1
17
46
44
16
9
-35
-54
-43
-31
28
19
-9
-23
-60
-82
-108
-106
-67
-24
8
15
-8
-22
-15
15
49
108
111
125
117
91
53
5
-1
-52
-52
-23
-18
-33
-44
-80
-108
-92
-100
-79
-62
-65
-74
-109
-127
-153
-176
-175
-156
-144
-145
-117
-105
-71
-73
-86
-55
-58
-67
-15
-14
9
17
-13
-27
-32
-36
-37
-12
-27
-8
5
26
26
40
64
65
95
116
152
168
188
153
126
111
118
134
147
132
133
136
95
84
68
92
89
98
95
55
49
28
25
31
28
62
65
38
34
-8
-39
-22
-3
24
-1
1
-16
-28
-39
-27
-25
-21
-35
-76
-96
-106
-110
-122
-97
-115
-113
-113
-122
-131
-111
-74
-95
-117
-131
-119
-113
-85
-66
-45
-28
-57
-90
-94
-34
-24
-7
21
34
36
3
-60
-97
-80
-53
-12
28
83
103
72
38
32
24
60
89
120
186
204
194
169
124
128
116
136
179
215
221
167
127
86
109
123
180
227
243
200
129
83
71
44
66
89
90
91
41
-43
-108
-144
-133
-129
-143
-116
-120
-159
-189
-170
-143
-128
-105
-115
-116
-118
-138
-139
-124
-124
-109
-105
-72
-80
-80
-52
-54
-46
-60
-91
-138
-165
-144
-139
-153
-151
-162
-147
-133
-128
-98
-76
-30
3
-16
21
66
82
122
134
153
162
141
132
137
172
180
163
149
147
118
82
96
130
163
123
69
31
-26
-58
-64
-43
-5
39
22
-19
-53
-53
-12
-6
40
66
46
22
15
13
1
10
8
10
0
-30
-46
-51
-74
-90
-75
-54
-43
-23
-4
-20
-29
-18
-45
-53
-56
-66
-41
-47
-25
-46
-68
-54
-28
20
13
37
38
14
5
17
25
32
42
25
10
-16
-8
-7
14
43
53
34
-1
-24
-30
5
36
61
74
59
37
3
-24
-30
25
34
34
42
-1
-19
-54
-16
6
32
42
44
20
2
4
22
25
1
-26
-74
-86
-111
-82
-50
-23
0
5
3
-12
16
46
60
85
76
74
84
87
85
60
49
24
-14
-43
-33
-2
-12
6
26
36
19
-16
7
6
-21
-66
-115
-149
-165
-191
-191
-156
-137
-96
-90
-94
-94
-90
-77
-37
-14
2
6
6
-13
-28
-15
4
47
44
23
11
-16
-46
-36
-31
-13
17
16
31
57
94
130
131
147
149
113
94
83
64
70
69
80
76
51
72
89
111
98
99
108
98
110
106
110
90
65
43
3
-16
-18
-19
-24
-29
-46
-90
-104
-116
-115
-121
-120
-98
-84
-90
-108
-103
-78
-75
-82
-54
-59
-63
-56
-35
-5
30
63
55
26
12
2
-12
0
25
30
48
40
25
8
16
51
71
96
106
105
69
13
-1
-3
2
16
13
-7
-17
-40
-70
-66
-22
16
20
3
-16
-1
-24
-40
-43
-29
-5
-36
-33
-29
-34
-38
-58
-66
-54
-29
-13
-17
-3
8
-6
-48
-81
-63
-59
-32
8
26
33
22
-7
-10
0
41
85
102
117
106
43
10
-31
-32
25
59
51
65
68
40
38
23
47
79
95
87
53
41
20
-11
-55
-50
-62
-72
-93
-89
-77
-75
-58
-76
-81
-101
-132
-122
-97
-59
-28
-45
-47
-66
-87
-81
-53
-33
22
58
62
53
69
75
74
102
117
127
109
95
77
40
32
56
50
70
68
57
45
40
75
59
77
47
-9
-25
-46
-51
-38
-38
-61
-79
-91
-87
-79
-63
-87
-78
-77
-60
-28
-45
-37
-34
-30
-20
12
47
57
61
39
25
28
25
26
58
84
77
101
111
98
87
100
87
91
121
131
149
112
39
2
-31
-50
-19
-3
-12
-73
-98
-125
-137
-147
-139
-107
-108
-101
-115
-131
-135
-142
-138
-109
-80
-79
-75
-96
-138
-131
-125
-85
-23
-9
-15
-50
-75
-90
-88
-33
26
83
95
56
26
-8
8
69
113
159
157
119
79
48
38
53
77
83
83
51
34
15
16
51
61
33
19
3
-21
-20
-22
-23
-27
9
-22
-49
-45
-42
-18
5
15
-18
-41
-37
-41
-21
16
74
100
99
68
42
37
61
65
86
105
94
90
38
10
0
15
21
30
41
32
40
32
43
79
70
73
49
57
82
83
99
89
81
76
55
26
10
-3
-16
-32
-49
-53
-68
-84
-87
-97
-85
-87
-92
-72
-80
-88
-87
-91
-90
-111
-132
-119
-137
-140
-134
-125
-113
-104
-85
-102
-133
-98
-97
-74
-84
-108
-100
-116
-91
-73
-45
-46
-47
-48
-44
15
38
36
10
-1
-12
13
45
92
148
173
157
111
113
135
159
185
207
205
165
132
120
129
172
201
195
180
170
139
130
104
92
96
84
85
77
57
37
30
23
56
71
63
70
47
0
-52
-91
-76
-29
-31
-56
-102
-154
-178
-176
-164
-126
-90
-101
-134
-155
-176
-169
-174
-163
-138
-125
-144
-165
-168
-175
-154
-134
-106
-68
-42
-45
-53
-52
-36
-20
-3
22
51
63
53
33
35
60
89
97
90
98
97
69
64
88
127
157
154
160
138
121
79
69
101
111
110
81
56
32
7
-26
-28
-19
-5
-12
-51
-71
-77
-92
-103
-100
-93
-94
-123
-129
-139
-138
-123
-126
-99
-83
-65
-42
-52
-60
-64
-58
-22
-26
-6
-12
-10
16
43
72
80
100
93
90
54
25
21
29
17
17
11
-6
-24
-42
-33
-23
12
25
28
22
15
29
34
58
73
87
92
72
76
69
43
61
81
95
117
105
70
37
27
42
66
82
99
103
73
39
6
-2
3
16
46
31
16
-17
-25
-35
-13
-4
18
45
25
-4
-35
-25
-13
3
4
-10
-20
-36
-84
-97
-126
-126
-127
-146
-147
-162
-163
-164
-153
-130
-132
-141
-150
-153
-152
-152
-150
-147
-150
-155
-132
-114
-89
-77
-59
-37
-13
17
30
51
78
91
99
91
117
141
138
141
157
162
157
179
177
169
161
157
155
153
157
165
141
114
101
75
86
102
115
103
80
59
41
38
26
33
35
18
-6
-27
-41
-54
-67
-64
-53
-34
-33
-72
-110
-139
-151
-138
-110
-96
-75
-72
-82
-103
-115
-97
-79
-62
-34
-37
-39
-50
-50
-30
-14
21
42
50
26
23
15
23
41
54
75
85
80
54
12
-9
7
26
60
86
78
55
29
13
4
-10
11
32
6
-10
-24
-32
-30
-30
-13
-2
14
0
-26
-41
-39
-29
-41
-32
-27
-43
-57
-37
-22
-12
3
-5
0
-19
-23
-17
-1
19
24
30
25
15
18
20
19
28
32
20
21
27
21
18
14
3
9
24
5
19
10
10
6
0
-22
-29
-31
-31
-36
-51
-38
-42
-35
-44
-65
-73
-73
-70
-71
-79
-59
-56
-68
-64
-55
-24
-16
-10
-3
-8
4
16
24
32
50
73
75
76
67
64
53
11
8
9
22
30
29
37
64
68
45
38
43
54
60
42
49
47
48
34
23
18
15
1
-7
-11
-33
-56
-76
-69
-58
-46
-50
-50
-45
-41
-32
-34
-6
18
8
-13
-12
-3
0
5
11
3
5
-10
-24
-11
0
1
-2
-7
-5
-14
-17
-21
-27
-28
-35
-41
-44
-36
-11
-9
-15
-19
-8
0
-1
-3
22
42
28
22
6
13
28
31
37
57
44
33
32
27
27
31
24
33
34
19
9
4
16
34
44
53
60
45
27
2
-10
-1
9
7
14
17
19
23
20
16
21
18
-10
-35
-42
-44
-47
-43
-26
-13
-26
-40
-44
-61
-61
-46
-32
-23
-21
-37
-64
-72
-69
-61
-52
-32
-24
-26
-42
-45
-45
-33
-16
9
30
49
51
35
34
41
38
28
28
41
40
13
8
1
-6
-7
-20
-17
-20
-13
-21
-25
-27
-26
-14
-17
-3
8
7
18
21
11
12
25
36
55
55
58
64
64
63
74
87
72
71
73
79
72
69
81
72
73
68
52
36
33
15
19
33
40
25
20
13
9
-2
-9
0
-2
4
-14
-25
-41
-52
-68
-62
-46
-24
-3
-13
-22
-30
-30
-42
-51
-52
-49
-52
-59
-75
-84
-87
-95
-88
-64
-58
-57
-63
-60
-68
-77
-68
-53
-34
-5
-6
-13
-17
-35
-36
-38
-22
4
3
-8
-22
-32
-30
-32
-28
-6
13
35
43
41
39
38
50
42
55
66
68
58
51
40
39
50
47
42
19
4
1
1
-11
-11
-2
-18
-35
-45
-43
-44
-34
-38
-44
-41
-36
-37
-27
-23
-29
-40
-58
-61
-54
-33
-24
-11
-5
15
38
35
38
43
37
36
25
39
49
58
76
82
80
80
77
72
92
100
98
95
89
76
60
56
49
47
46
29
16
4
-14
-18
-11
-8
3
-14
-42
-64
-75
-64
-50
-38
-25
-26
-22
-31
-41
-25
-9
-9
-3
-7
-17
-23
-40
-49
-65
-64
-50
-48
-37
-29
-31
-33
-24
-29
-38
-28
-23
-12
-16
-19
-20
-20
-30
-30
-14
-8
-7
-6
-6
-11
-12
-10
10
12
15
29
32
21
10
12
7
-2
-15
-23
-21
-21
-24
-17
-4
3
13
13
2
4
-3
-15
-4
3
6
7
11
18
24
23
23
32
35
40
44
40
33
27
38
41
48
67
70
66
58
47
29
18
18
32
43
40
39
28
12
8
7
-3
2
-1
-7
-11
-25
-34
-37
-34
-26
-20
-11
-9
-19
-20
-24
-17
-14
-12
-13
-16
-11
-17
-22
-13
-1
4
20
23
31
33
36
39
39
58
63
56
50
34
17
2
2
6
-9
-17
-33
-46
-50
-61
-60
-47
-31
-18
-15
-29
-25
-24
-20
-7
-11
-15
-33
-39
-42
-48
-46
-38
-30
-19
-17
-22
-15
-3
4
16
23
32
43
34
13
-6
-18
-14
-6
3
5
-1
-5
-18
-23
-32
-25
-10
-6
-12
-33
-39
-45
-50
-59
-51
-50
-45
-28
-33
-19
-11
4
8
12
25
19
28
41
46
45
49
44
51
62
56
70
69
59
60
45
51
47
52
35
26
21
7
-3
-14
-1
-3
5
16
18
14
9
4
-8
-10
-12
-4
-17
-36
-41
-36
-39
-48
-52
-48
-44
-52
-59
-69
-76
-71
-69
-67
-47
-32
-30
-31
-40
-37
-20
-14
-6
12
18
15
22
24
15
16
13
14
20
24
17
18
22
24
27
25
26
35
34
25
24
33
45
32
22
31
39
34
32
33
40
50
51
33
34
23
24
27
17
27
21
6
-27
-47
-52
-51
-46
-30
-13
3
1
-12
-15
-24
-21
-15
2
19
21
18
2
-2
-12
1
22
36
45
38
16
11
4
5
12
10
12
5
-2
-11
-4
-2
10
9
4
6
4
3
-4
-4
-3
1
-15
-19
-27
-34
-38
-50
-47
-42
-38
-46
-52
-43
-41
-34
-26
-30
-38
-46
-53
-51
-51
-44
-28
-19
-15
-4
2
10
14
19
23
13
10
8
2
3
9
10
-1
-3
-10
-16
-12
-12
-9
-3
0
-3
-1
5
-5
4
12
13
21
31
32
32
44
51
64
65
67
79
71
65
62
63
59
55
42
44
44
34
24
17
11
8
10
4
5
8
2
8
2
6
12
8
1
9
13
9
2
-1
6
10
0
-3
-12
-29
-34
-47
-58
-63
-63
-70
-72
-71
-67
-62
-50
-43
-37
-14
-14
-13
-10
-9
0
7
18
27
28
24
23
11
10
19
25
24
27
19
20
18
19
30
35
38
29
16
8
-5
4
4
6
19
13
4
-2
-5
-11
-9
0
2
0
-6
-18
-27
-30
-31
-34
-33
-36
-42
-50
-57
-53
-34
-30
-26
-26
-40
-59
-70
-70
-62
-49
-26
-16
-13
-21
-17
-16
-12
-2
-3
5
-5
-18
-26
-31
-23
-14
-6
3
1
-2
-6
-20
-18
-19
-21
-19
-24
-29
-23
-9
4
20
31
46
51
55
59
69
77
83
85
85
91
91
96
94
89
84
89
83
75
75
72
61
52
48
45
40
33
20
8
9
1
-17
-28
-29
-26
-26
-25
-32
-40
-53
-65
-63
-65
-69
-59
-56
-54
-66
-76
-73
-82
-70
-61
-53
-42
-39
-36
-33
-42
-47
-49
-42
-33
-28
-16
-1
7
4
3
-2
7
19
23
35
34
35
26
30
36
49
54
46
48
31
12
4
2
13
27
30
30
22
16
11
3
3
13
34
37
18
-1
-8
-17
-18
-2
11
18
18
8
-5
-4
-1
3
12
16
8
1
-1
-2
12
13
23
24
14
6
5
8
8
2
-6
-5
-12
-12
-12
-4
-2
-2
-13
-20
-22
-23
-19
-18
-16
-3
-2
0
-8
-17
-21
-23
-19
-9
-4
-3
-6
-9
-15
-12
-2
4
3
-4
-2
-5
-9
-13
-18
-15
-14
-17
-15
-11
-9
-7
-7
-4
4
6
7
10
19
11
10
3
3
4
0
5
0
-9
-8
-7
6
11
24
29
28
26
25
41
51
55
51
53
47
41
39
38
39
40
43
34
25
13
7
15
23
32
31
24
16
6
-6
-12
-28
-27
-28
-39
-52
-60
-66
-74
-73
-67
-60
-47
-48
-53
-55
-58
-52
-44
-38
-34
-36
-33
-31
-30
-19
-15
-6
9
21
22
33
37
31
25
22
23
20
27
29
27
28
23
22
25
20
16
25
22
11
9
10
5
-3
-1
4
5
-1
-15
-22
-31
-36
-34
-40
-33
-27
-34
-42
-48
-49
-58
-65
-62
-57
-45
-33
-39
-48
-51
-52
-55
-46
-26
-3
2
-5
-10
-13
-8
4
21
46
62
71
75
68
71
70
62
65
71
75
77
69
63
51
44
46
46
45
44
39
25
19
16
11
9
8
8
1
1
-4
-3
-8
-19
-22
-38
-37
-37
-39
-32
-21
-11
-4
-4
-13
-20
-24
-20
-23
-16
-16
-21
-27
-35
-26
-20
-9
-10
0
1
3
7
9
14
14
16
17
16
14
14
18
24
17
13
16
11
7
9
5
3
-5
-13
-20
-29
-20
-25
-18
-10
-5
3
-3
-4
-5
-2
4
6
8
15
18
17
23
22
26
28
26
21
17
21
18
20
24
27
27
27
17
6
-4
-5
-2
-5
-8
-21
-35
-36
-37
-35
-29
-28
-28
-26
-16
-16
-13
-8
-9
-12
-17
-15
-17
-23
-25
-24
-18
-14
-7
-6
-3
1
4
3
4
15
16
12
13
14
12
2
-6
-12
-6
1
14
19
18
17
6
3
-9
-8
-3
5
4
7
11
5
8
3
7
8
10
12
11
2
-3
-6
-6
-2
-2
2
10
14
19
20
18
14
11
7
-2
2
3
7
13
13
6
-1
2
3
4
5
-2
-6
-18
-22
-26
-30
