-6
-5
-5
1
3
6
3
-3
-4
-6
-11
-12
-12
-7
-3
-2
2
1
3
3
6
5
1
-3
-7
-9
-11
-10
-12
-13
-20
-16
-21
-23
-16
-18
-16
-7
-3
-4
3
6
11
9
9
12
9
0
0
-3
-2
0
4
11
11
13
18
21
27
29
32
35
38
39
36
32
31
29
27
26
23
22
18
9
7
15
11
15
17
9
3
-4
-13
-17
-16
-14
-15
-14
-13
-9
-8
-7
-7
-7
-13
-18
-21
-20
-22
-25
-20
-25
-23
-23
-22
-23
-18
-14
-5
-5
3
9
6
10
8
14
11
9
11
15
14
26
31
32
30
28
26
31
38
41
38
39
33
34
34
30
22
18
15
7
5
2
0
-13
-18
-17
-15
-18
-21
-22
-22
-29
-28
-36
-45
-46
-50
-50
-44
-37
-37
-34
-33
-33
-31
-27
-31
-28
-30
-24
-17
-20
-18
-15
-8
-6
-3
-2
1
-2
-6
-4
-9
-6
-8
-5
-3
-9
-13
-14
-18
-21
-17
-19
-13
-18
-10
-3
7
12
15
11
9
10
9
8
10
11
12
9
13
24
24
29
34
30
28
31
38
47
54
55
57
59
52
47
42
40
37
28
20
12
3
-2
1
-1
0
-4
-11
-17
-17
-17
-18
-22
-29
-32
-35
-33
-30
-29
-29
-28
-25
-26
-24
-20
-15
-10
-4
2
11
13
9
9
10
13
17
23
21
22
22
24
22
30
26
23
23
16
21
13
14
11
6
6
2
-3
-7
-9
-8
-10
-5
-2
-4
-3
-7
-6
-5
-3
-10
-7
-9
-16
-18
-21
-21
-21
-10
-7
-8
-10
-15
-16
-14
-15
-15
-21
-30
-33
-35
-34
-31
-29
-22
-21
-22
-15
-14
-11
-7
-10
-11
-12
-16
-19
-21
-21
-19
-20
-20
-17
-14
-15
-18
-8
-7
-4
-2
0
0
3
5
14
20
27
30
31
40
42
46
49
48
47
42
37
37
35
33
34
38
39
40
47
49
50
49
45
39
28
21
12
3
0
-2
-3
-5
-13
-18
-32
-35
-33
-44
-46
-49
-54
-53
-51
-56
-57
-49
-52
-46
-45
-41
-41
-37
-30
-28
-25
-19
-16
-10
-4
2
10
14
19
19
24
21
26
29
37
37
36
39
39
39
39
44
42
41
38
35
34
34
32
36
34
29
30
25
23
22
24
15
11
3
-3
-1
-5
-6
-4
-5
-7
-6
-8
-10
-9
-9
-9
-9
-8
-7
-12
-18
-27
-22
-28
-25
-26
-29
-24
-21
-14
-11
-14
-14
-11
-13
-13
-11
-8
-11
-9
-14
-16
-16
-12
-10
-9
-5
-7
-8
-10
-11
-12
-12
-16
-20
-19
-23
-20
-22
-22
-19
-16
-10
-8
-13
-16
-15
-15
-16
-15
-12
-7
-5
0
3
9
10
12
14
18
13
11
9
11
14
15
15
16
19
19
16
18
18
15
14
13
16
15
15
12
8
12
5
3
4
1
0
4
6
6
5
3
2
3
1
4
3
3
8
0
-6
-4
-4
-5
-1
-5
-5
-2
-5
-2
0
-2
-3
-3
2
7
9
9
18
19
15
12
11
8
6
10
8
10
11
6
7
11
10
9
10
12
8
12
10
9
3
2
-6
-9
-15
-19
-16
-16
-15
-14
-12
-12
-12
-9
-7
-5
-14
-9
-9
-15
-16
-19
-17
-20
-19
-24
-26
-30
-27
-26
-29
-23
-21
-19
-13
-13
-20
-23
-22
-19
-11
-9
-3
3
4
4
0
4
2
0
-1
-8
-8
-6
-3
6
9
17
24
24
31
35
39
44
50
59
56
45
45
47
43
48
49
50
48
42
34
23
27
26
26
32
25
21
16
9
3
9
10
3
0
-6
-23
-19
-28
-33
-35
-49
-55
-65
-60
-55
-55
-48
-52
-49
-55
-60
-52
-54
-49
-49
-39
-30
-16
-11
-11
-3
-4
8
11
15
10
6
12
7
7
9
5
8
10
11
21
24
24
25
15
8
11
4
13
26
31
41
36
39
33
28
41
37
49
50
43
32
20
18
19
3
1
-6
-8
-10
-27
-21
-29
-39
-43
-43
-42
-41
-41
-41
-43
-44
-45
-48
-50
-54
-49
-43
-40
-29
-16
-11
-5
-1
0
7
13
20
20
12
12
15
18
24
24
28
30
24
25
18
12
20
23
26
27
32
36
31
27
24
24
25
22
26
23
18
15
19
28
32
35
35
31
26
25
26
13
5
-3
-20
-32
-32
-35
-35
-31
-33
-33
-40
-36
-43
-42
-37
-44
-42
-51
-49
-38
-25
-27
-9
3
14
15
3
-4
-13
-31
-27
-30
-34
-24
-23
-15
-6
-10
-5
0
8
14
8
15
24
36
43
35
30
19
13
8
12
21
27
26
16
12
-1
-6
-10
-7
-11
4
16
25
29
32
33
24
34
31
27
26
20
17
22
21
19
22
11
7
-3
-15
-5
7
-5
-14
2
3
4
5
6
-3
-7
3
-5
-21
-37
-52
-56
-55
-59
-37
-33
-35
-27
-24
-27
-35
-47
-37
-25
-17
-4
5
3
0
-6
5
14
16
7
9
5
-7
-1
-13
-15
-14
-24
-24
-20
-1
22
32
45
39
38
41
44
35
22
21
27
35
45
46
46
36
18
8
13
13
15
13
4
-3
-9
-45
-262
-476
-469
-209
16
141
297
342
219
-45
-154
-32
229
274
152
171
262
196
-19
-69
-83
-192
-284
-218
-27
115
97
-18
-67
-29
-89
-146
-6
243
346
297
295
247
106
-46
-47
-35
-14
6
-50
-55
-71
-159
-308
-338
-273
-246
-167
-42
46
41
24
-4
-2
53
51
31
48
94
68
-22
-64
-109
-189
-297
-339
-305
-259
-205
-140
-94
-84
-83
-121
-107
-10
108
188
247
280
249
153
70
3
-38
-39
-22
13
65
98
69
33
7
-18
2
24
91
154
185
210
204
201
200
184
197
246
238
213
212
232
241
237
255
246
266
266
235
238
234
207
160
131
96
72
48
-23
-103
-163
-202
-229
-233
-189
-187
-210
-186
-193
-235
-290
-328
-293
-188
-157
-188
-205
-277
-413
-568
-662
-652
-653
-742
-950
-1223
-1458
-1586
-1480
-1185
-724
-277
99
326
384
406
507
690
782
905
1050
1234
1244
1087
785
494
302
181
186
326
421
356
217
159
150
179
285
472
710
966
1173
1252
1299
1193
1086
1030
1046
994
881
712
487
247
-6
-268
-483
-621
-688
-713
-689
-666
-670
-605
-534
-440
-338
-306
-210
-55
-24
-147
-275
-415
-654
-864
-918
-852
-724
-747
-978
-1190
-1347
-1490
-1693
-1863
-2591
-3538
-3445
-1942
-50
873
852
218
-335
-1032
-1516
-625
1429
2646
1817
912
986
1495
1139
313
81
621
1391
1577
1883
2183
1447
-169
-1261
-1017
-331
282
713
1349
1930
1733
1267
1018
1294
1472
1787
2611
3300
3268
2559
1948
1446
940
179
-418
-437
-149
40
-46
-110
-562
-1276
-1883
-1988
-1402
-748
-174
211
523
516
25
-517
-626
-524
-682
-754
-573
-376
-544
-1184
-1803
-2086
-2134
-2206
-2186
-1865
-1462
-1086
-894
-689
-545
-631
-810
-778
-310
94
349
110
-321
-697
-897
-1133
-2136
-4265
-6909
-7462
-4794
-574
2237
2629
2136
1459
378
-1038
-419
3062
6350
6308
4117
3643
4837
4915
2499
-245
-1043
-146
837
1109
1309
925
-545
-2561
-3731
-3583
-2646
-844
1157
2545
3165
3449
3544
3173
2605
2504
3296
4029
3514
2359
1622
1114
-298
-2297
-3538
-3647
-3277
-3066
-2309
-1372
-1062
-1688
-2395
-2360
-1611
-708
-130
769
1679
1787
1093
444
236
-136
-490
-598
-337
99
-23
-648
-1443
-1824
-2047
-2120
-1626
-1051
-644
-568
-548
-459
-414
-494
-653
-509
-211
101
241
618
1152
1212
784
14
-678
-1371
-2121
-3324
-5532
-7740
-7813
-4639
-369
2137
2346
1783
1406
337
-1144
-789
2642
5988
5989
3864
3037
4282
4620
2429
-365
-747
919
2193
2313
1868
1056
-738
-2949
-4455
-4646
-3521
-1618
469
1906
2356
2278
2509
3026
3256
3679
4623
5516
5255
3697
2348
1977
1401
-576
-2692
-3488
-3339
-3059
-2928
-2570
-2335
-2622
-3406
-3475
-2314
-1020
-95
710
1764
2324
2032
1433
1158
1285
1117
619
461
688
352
-736
-1858
-2617
-3115
-3427
-3414
-3002
-2379
-1969
-1679
-1463
-1389
-1410
-1293
-788
-119
365
739
1027
1199
1230
907
530
2
-797
-1683
-2239
-2376
-3215
-5453
-8100
-8555
-5736
-1475
1517
2371
2304
1797
573
-730
241
3851
6903
7036
5265
4860
5735
5588
3396
1021
492
1232
1986
2211
2142
1084
-1254
-3757
-5007
-4373
-2780
-789
1196
2644
3397
3496
3732
3993
4275
4657
5265
5725
5411
4249
2576
770
-997
-3564
-6463
-7421
-6352
-4784
-3474
-2186
-2097
-2717
-3423
-3977
-2804
233
2538
2748
3503
3944
2759
1399
678
-170
-866
-371
-86
231
364
-1376
-4030
-5357
-5119
-5038
-4342
-2980
-1942
-1000
-63
404
434
728
444
269
1211
2349
2594
2127
1544
675
-174
-828
-1338
-1833
-2202
-2719
-3163
-2949
-2223
-2151
-3455
-5615
-6905
-5495
-1586
2532
4548
4798
3952
2437
683
1
1739
4579
6012
5061
4070
4672
5318
4294
2005
625
919
1948
2463
2613
2323
868
-1521
-3838
-4838
-4641
-3519
-1738
432
2536
3636
3738
3420
3353
3621
4141
4649
4432
3484
2230
841
-1066
-2691
-5277
-7923
-8072
-6398
-4288
-2693
-1051
-1531
-2479
-3042
-3393
-1643
1610
3551
3006
3905
4050
2599
1409
859
-43
-764
90
-57
67
226
-1710
-4416
-5289
-4531
-4195
-2601
-760
106
563
1018
1129
852
1426
1469
1684
2603
3249
2891
1822
799
-583
-1474
-1599
-1482
-1413
-1410
-1369
-1722
-1771
-1641
-1776
-2011
-2604
-3761
-5520
-5179
-2301
1171
2983
2858
2115
856
-497
-1557
-157
3039
5240
4680
3536
4073
4932
4365
2205
708
1138
2374
2947
2708
2311
854
-1528
-3880
-5015
-4792
-4088
-2818
-1213
720
1926
2296
2138
1979
2697
3836
4876
5007
4455
3198
1759
352
-925
-2577
-5564
-7148
-6774
-5236
-3534
-1754
-842
-1617
-2330
-3325
-2756
139
3191
3854
4176
4809
3824
2921
2498
1797
723
627
686
559
867
-704
-3618
-5096
-4471
-3809
-3264
-1881
-992
-319
158
318
256
598
1034
1081
1859
2578
2365
1328
286
-301
-400
-246
-405
-861
-1622
-2038
-2211
-2253
-2169
-2361
-2526
-3227
-4277
-5894
-6960
-5904
-3028
221
1554
1770
1438
1027
117
-209
1598
4643
6637
5881
4795
4803
5517
4766
2782
1736
1978
2963
2996
2353
1433
-153
-2461
-4862
-5274
-4147
-2284
-465
1131
2456
3087
3521
3710
4283
4884
5236
5576
5020
3002
591
-673
-1214
-1726
-2424
-3635
-4844
-5482
-5753
-5663
-4670
-3722
-3757
-3268
-1997
-523
917
2382
3213
3341
3469
3321
3236
3165
2297
786
-371
-1028
-1870
-2985
-3810
-4409
-4737
-4556
-4008
-3215
-2168
-1313
-658
242
1251
1874
1851
1391
976
825
693
529
279
175
72
-149
-518
-798
-942
-1030
-1124
-1330
-1568
-1712
-1619
-1573
-2487
-4310
-6296
-6693
-4844
-1514
1684
3312
4031
3614
2664
1381
1339
3140
5346
6151
5124
4428
4545
4584
3134
1535
1215
1894
2748
2759
2655
2020
429
-1878
-3647
-3709
-2932
-1804
-706
702
1756
2144
2351
2515
3037
3388
3815
3730
3159
2119
773
-1002
-3459
-5451
-6602
-6599
-6000
-4952
-4144
-3824
-3846
-4126
-3327
-1392
610
1954
3212
3985
3891
3861
3665
2990
1873
992
381
304
431
-566
-2503
-4184
-5079
-5216
-4354
-3015
-2080
-1401
-808
-205
630
1618
2368
2699
2836
2483
1891
1477
1234
981
707
521
182
-379
-1101
-1615
-1579
-1558
-1600
-1961
-1965
-1608
-1198
-1136
-2171
-3637
-5568
-5905
-4262
-1038
1802
2693
2718
1698
619
-678
46
2483
4974
6008
5307
5246
5386
5201
3526
2118
2123
2547
2945
2462
1949
559
-1661
-4290
-5915
-5521
-4272
-2301
-406
1602
2630
2635
2148
1731
2363
3333
4356
4561
3914
2517
538
-1181
-3013
-6096
-8188
-7888
-6271
-4421
-2424
-1064
-1348
-1601
-2378
-1878
911
4067
4704
4892
6100
5612
4247
2596
1155
-339
-722
-914
-1420
-986
-1766
-4027
-5789
-5569
-4929
-4098
-2153
-645
649
1691
2227
2057
2059
1945
1394
1720
2342
2231
1067
-382
-1677
-2327
-2440
-2507
-2449
-2306
-2070
-1996
-1993
-1708
-1575
-1416
-1176
-589
-408
-1338
-3171
-5277
-5180
-3219
-430
1372
2046
2102
1452
954
738
2609
5186
6791
6212
5019
5203
5760
5569
3853
2554
2092
2161
2118
1589
1101
-361
-2281
-4142
-4555
-3366
-1833
-414
552
1506
1702
1765
2050
2451
2899
3058
3133
2612
1717
246
-1191
-2659
-4932
-6544
-6833
-5770
-4207
-2426
-1246
-1277
-1599
-2375
-1928
43
2442
3372
3840
4334
3712
2639
1220
-123
-1540
-2150
-2188
-1824
-1055
-1355
-2641
-3840
-3728
-3091
-2077
-471
666
1259
1243
1215
1052
1104
934
601
765
862
531
-586
-1563
-1984
-1835
-1257
-678
-315
-646
-1096
-1349
-1277
-712
4
267
121
-58
-191
-472
-1488
-2941
-4558
-4646
-3388
-1124
1134
2369
2714
1471
666
358
1844
3995
5780
6320
5679
5591
5404
5154
3738
2359
1708
1982
2799
2721
1983
-49
-2689
-4994
-5566
-4151
-2600
-1264
-550
284
717
626
513
491
1016
1345
1804
2190
2266
1701
294
-1209
-3287
-5286
-6102
-5630
-4205
-2600
-827
-370
-367
-922
-1820
-1520
174
2056
2511
3424
3550
2910
2006
1132
139
-631
-257
-78
638
822
-439
-2618
-3781
-3331
-2487
-965
-96
65
29
144
334
275
654
410
183
125
207
248
69
-105
-745
-1077
-1113
-720
-472
-239
32
35
-5
-170
-492
-1045
-1386
-1355
-1303
-1967
-3282
-5032
-5814
-5126
-2947
-210
1930
3302
2855
2160
1853
2705
4017
5057
5484
5194
5336
5547
5316
3671
2023
1175
1092
1496
1159
354
-1253
-3007
-4213
-4313
-3244
-2474
-1951
-1539
-499
651
1732
2294
2371
2596
2582
2745
2609
2099
591
-1173
-2386
-2890
-2531
-2468
-2631
-3033
-2971
-2403
-1839
-942
-315
328
846
1965
2669
2672
2359
1487
831
472
738
459
97
-217
-756
-1243
-1784
-2134
-2549
-2341
-1878
-1108
-394
-135
-274
-441
-249
-248
-176
-17
-159
-738
-1169
-1182
-1102
-1036
-1160
-1360
-1343
-1004
-533
-8
619
650
15
-698
-1059
-1079
-1104
-805
-580
-240
-682
-2226
-4379
-5553
-4213
-1501
1939
3962
4681
4076
2709
1471
958
2491
4229
5344
5066
4890
4996
4518
3200
1201
486
806
1747
2419
2581
1888
-249
-2325
-3691
-3688
-3286
-2775
-2013
-1131
-108
54
-35
-414
-734
-677
67
1342
1953
1584
513
-558
-1101
-1238
-1206
-943
-340
-10
-308
-1009
-1566
-1501
-1178
-707
-528
-207
312
609
662
508
421
277
212
130
42
218
518
587
175
-366
-772
-989
-943
-946
-1135
-1299
-1304
-1132
-1093
-1116
-1380
-1790
-2093
-2000
-1521
-950
-438
-284
-401
-475
-224
449
1212
1805
1939
1658
1126
652
281
-38
-60
-4
-590
-2182
-4019
-5297
-4705
-2781
-275
1603
2472
2372
1399
994
1342
2874
4437
5584
5352
4515
4274
4211
3876
2735
2001
1647
1664
1610
792
-418
-2259
-3935
-5192
-5221
-4316
-3549
-2833
-2272
-1518
-1125
-770
-203
725
1757
2547
3134
2933
1963
713
-129
-497
-341
-232
-512
-948
-1321
-1748
-2343
-2443
-2127
-1662
-942
-172
367
657
1178
1432
1523
1841
2204
2468
2553
2508
1922
1217
695
-17
-761
-1376
-1711
-1872
-1797
-1950
-2362
-2438
-2324
-1918
-1363
-737
-335
-341
-440
-647
-806
-753
-337
318
912
1238
1197
1326
1419
1252
1035
696
370
-10
-221
-526
-492
-941
-2440
-4245
-5896
-5822
-4357
-1494
1002
2271
2566
1502
777
627
2046
3809
5389
5548
4231
3470
3003
2970
1907
836
118
68
764
647
165
-1290
-2998
-4722
-5320
-4347
-2980
-1573
-893
-384
-256
-148
-134
184
1104
1828
2543
2777
2614
1948
956
-48
-692
-616
-340
-301
-686
-960
-1008
-1164
-1308
-1517
-1144
-367
652
1439
1880
2336
2186
2017
1965
2189
2449
2338
1989
1243
457
-541
-1315
-1915
-2386
-2518
-2428
-1845
-1545
-1549
-1665
-1527
-1142
-867
-443
-286
-431
-822
-1211
-1078
-489
103
157
98
346
698
988
1179
1206
1128
937
569
-64
-577
-913
-1265
-2248
-3599
-5044
-5630
-4456
-2449
-166
1209
1791
1218
354
274
1220
3210
4693
5176
4074
3096
2766
2647
2220
1385
1176
1149
1272
972
464
-506
-2234
-3928
-5021
-4590
-3325
-2007
-1045
-329
222
383
464
510
927
1495
2221
2857
2922
2402
1427
514
-61
-246
-308
-159
-124
-293
-453
-613
-726
-992
-1285
-1019
-118
1061
1913
2338
2194
1839
1648
1584
1786
1917
1807
1251
567
-17
-562
-1031
-1604
-2109
-2373
-2157
-1890
-1730
-1776
-2053
-2065
-1789
-1331
-1096
-1136
-1470
-1931
-1818
-1233
-657
-300
-121
39
390
732
976
915
594
140
-432
-528
-547
-664
-1026
-1241
-1365
-2264
-3415
-4628
-4879
-3882
-1958
257
1470
1871
1031
389
588
1644
3016
3896
4455
4162
4050
3948
3750
2987
1884
1276
1229
2153
2675
2324
771
-1334
-2874
-3476
-2706
-1883
-1292
-1166
-1056
-705
-323
135
399
886
1387
2207
3038
3477
3373
2773
2067
1590
1583
1373
1095
612
-288
-1097
-1666
-1915
-2078
-1939
-1647
-1289
-633
-131
152
154
232
165
272
764
1108
1172
802
6
-788
-1350
-1749
-2185
-2373
-2201
-2100
-2139
-2286
-2470
-2580
-2498
-2316
-1899
-1490
-1404
-1536
-1636
-1306
-897
-370
213
662
1172
1634
1866
1677
1229
537
240
303
444
370
-15
-390
-935
-1489
-2771
-4087
-5026
-5070
-3814
-1753
550
1561
1637
837
430
909
2091
3434
4457
5543
5533
5098
4520
4040
3309
2502
2193
2118
2498
2138
829
-937
-2480
-3450
-3770
-3015
-2138
-1666
-1560
-1519
-1187
-733
-102
714
1935
3198
4134
4416
4014
3135
2115
1367
1139
1082
803
-11
-1002
-1760
-2500
-3079
-3299
-3050
-2816
-2366
-1668
-751
6
239
151
149
648
1081
1364
1379
960
256
-499
-957
-1298
-1652
-2057
-2351
-2460
-2321
-2349
-2775
-2984
-2766
-2333
-1882
-1460
-1133
-1031
-968
-829
-429
205
891
1517
2090
2510
2695
2526
2093
1393
703
341
303
414
218
-148
-701
-987
-1454
-2573
-3487
-3909
-3270
-2212
-340
1638
2479
2071
701
249
864
2100
3084
4055
4925
4610
3980
3485
3329
2860
2258
2148
2540
3009
2183
424
-1472
-2773
-3731
-4096
-3537
-2903
-2567
-2551
-2319
-1892
-1437
-993
-318
896
2192
3095
3397
3307
2790
1940
1012
381
94
-416
-1161
-2000
-2593
-2999
-3279
-3272
-3054
-2497
-1927
-1365
-719
-84
394
566
920
1439
1741
1585
1161
872
571
215
-377
-1041
-1631
-1919
-1843
-1622
-1384
-1488
-1601
-1462
-1151
-730
-293
213
638
737
569
442
605
817
893
921
1244
1658
1779
1621
1197
924
818
919
1113
1218
1265
706
151
-258
-533
-1339
-2625
-3678
-4229
-3524
-2412
-1130
-544
-594
-1185
-1735
-1087
159
1754
3054
4349
4828
4646
4276
3932
3834
3334
2900
2426
2059
1282
-264
-2138
-3823
-4634
-4890
-4428
-3489
-2599
-2089
-2036
-1923
-1504
-648
371
1744
3369
4589
4762
3958
2910
2009
1450
1040
684
358
-259
-1263
-2141
-2578
-2640
-2574
-2305
-1783
-803
199
876
1040
907
763
673
934
1269
1275
811
147
-486
-1146
-1581
-1817
-1777
-1586
-1397
-1217
-970
-617
-503
-627
-727
-365
-54
29
-158
-467
-758
-1048
-1254
-1269
-974
-603
-312
-93
420
853
1291
1663
1982
2181
2158
1992
1574
1236
677
78
-459
-747
-1550
-3115
-4433
-5262
-4996
-4053
-2427
-894
2
102
-320
-47
990
2453
3723
4989
5609
5304
4675
4098
3511
2471
1386
793
757
625
-169
-1285
-2440
-3369
-3846
-3570
-2692
-1910
-1548
-1459
-1037
-344
633
1405
1930
2383
2785
3002
2697
1961
1024
329
-77
-111
21
-181
-746
-1572
-2028
-1737
-963
-252
147
319
37
-327
-366
-171
73
195
128
-40
-58
-183
-480
-679
-618
-423
-140
456
914
892
633
204
-132
-303
-255
-255
-253
-233
-442
-759
-1019
-1194
-1207
-995
-896
-617
-174
372
913
1466
2099
2227
2015
1609
1200
1006
925
837
366
-562
-1768
-2756
-3232
-3473
-4220
-5052
-5473
-5182
-4207
-2603
-827
260
510
101
172
1102
2658
3957
4611
4562
3754
2756
2035
1745
1487
1120
791
798
1051
895
113
-847
-1550
-1898
-1795
-1266
-758
-659
-902
-1076
-900
-480
-86
317
997
1939
2489
2492
2155
1743
1322
1179
1281
1515
1750
1445
850
408
282
53
-297
-630
-921
-980
-940
-852
-1006
-1233
-1536
-1733
-1473
-902
-347
61
392
459
414
424
691
917
986
879
632
294
-81
-599
-1247
-1739
-1949
-1851
-1688
-1643
-1787
-1853
-1861
-1556
-806
-17
806
1513
2025
2288
2254
1930
1413
979
587
310
-64
-443
-991
-1621
-2326
-2751
-2643
-2393
-2675
-3371
-3801
-3513
-2567
-1351
-93
749
1087
735
387
762
1621
2391
2804
3048
2738
2332
2272
2582
2750
2552
2339
2351
2600
2328
1449
433
-398
-955
-1383
-1511
-1438
-1368
-1510
-1722
-1775
-1719
-1314
-716
271
1299
2219
2380
1804
1539
1704
2204
2346
2450
2095
1371
483
-537
-1092
-1030
-1065
-1874
-2382
-2467
-2594
-2748
-2859
-2802
-2557
-1604
-392
455
1122
1223
879
622
883
1186
1189
1150
964
620
82
-585
-1352
-1870
-2127
-2200
-1834
-1140
-725
-692
-552
-276
-21
412
1051
1541
1905
2036
1903
1648
1406
915
157
-486
-711
-702
-679
-708
-759
-974
-1183
-1303
-1259
-1596
-2288
-2828
-2785
-2154
-1470
-656
-287
-272
-741
-1291
-1017
-152
828
1460
1972
2267
2303
2343
2650
2962
3015
2823
2675
2810
2905
2436
1343
59
-1031
-1846
-2171
-2164
-2215
-2483
-2869
-2823
-2400
-1552
-668
250
1429
2582
3378
3452
3373
3182
3080
3055
2900
2554
1867
782
-450
-948
-975
-1278
-1936
-2597
-2935
-3038
-2711
-2150
-1373
-539
84
482
1008
1555
1563
1187
807
695
753
811
675
282
-422
-1120
-1547
-1740
-1670
-1446
-1275
-967
-552
-282
-352
-465
-576
-617
-400
-53
224
276
-30
-505
-830
-913
-855
-799
-764
-687
-450
-148
78
223
96
6
-135
-405
-435
-620
-1258
-2293
-3033
-3380
-3224
-2490
-1723
-1270
-1302
-1562
-1650
-933
325
1681
3016
4049
4299
3968
3983
4365
4676
4702
4451
4098
3640
2856
1689
487
-482
-1432
-2320
-2717
-2809
-2781
-2734
-2639
-2306
-1581
-612
313
1242
1977
2503
2878
3075
3087
2839
1993
1140
878
964
608
-97
-677
-1375
-2096
-2820
-3113
-2451
-1314
-924
-1156
-970
-726
-865
-781
-245
185
447
671
657
605
394
-161
-706
-564
-183
-104
53
207
76
-219
-294
-265
-61
184
237
121
-45
-328
-810
-1133
-1114
-963
-870
-889
-979
-1064
-974
-689
-324
142
358
383
359
479
763
965
724
87
-567
-1108
-1763
-2641
-3151
-3327
-3187
-2831
-2448
-2130
-1751
-1409
-1158
-441
658
1835
2907
3832
4365
4149
3894
3991
4184
4233
3988
3590
3267
2718
1582
135
-1086
-1871
-2314
-2415
-2208
-1993
-2124
-2281
-2302
-1830
-1025
-64
876
1644
2439
3041
3156
2854
2504
2241
2038
1748
1272
715
213
-513
-1449
-1880
-1776
-1687
-1678
-1484
-1430
-1448
-1423
-1423
-1329
-1069
-652
-384
-283
-213
-217
-309
-345
-216
85
597
989
1054
979
845
681
513
361
244
-75
-576
-1104
-1473
-1835
-2087
-2148
-2036
-1761
-1667
-1665
-1560
-1197
-838
-479
-64
292
530
811
1265
1633
1762
1677
1495
1411
1333
1189
642
-460
-1986
-3220
-3586
-3528
-3364
-3250
-2868
-2465
-2347
-2371
-1816
-457
1018
2024
2731
3652
4452
4452
3995
3909
4384
4759
4592
4228
3807
3044
1723
282
-570
-941
-1320
-1919
-2327
-2516
-2773
-3110
-3148
-2534
-1540
-499
471
1316
1887
1912
1631
1623
1969
1628
1161
1185
1614
1672
1173
685
1
-508
-1117
-1444
-1267
-879
-1330
-2303
-2430
-2211
-2077
-1816
-1376
-1090
-874
-577
-409
-15
493
611
562
946
1519
1494
1162
807
500
362
390
250
-80
-453
-1045
-1634
-1707
-1507
-1574
-1826
-1832
-1577
-1238
-796
-450
-191
222
552
873
1250
1532
1553
1381
1292
1237
1154
1098
901
400
-598
-1623
-2529
-3270
-3849
-4070
-3905
-3495
-2963
-2542
-2020
-1463
-958
-360
658
1806
2556
3238
4088
4586
4448
4118
4135
4312
4432
4126
3448
2728
1840
613
-670
-1460
-1987
-2381
-2598
-2521
-2370
-2324
-2247
-1940
-1279
-323
216
442
893
1579
1912
1913
2116
2129
2054
1783
1597
1513
1368
689
-517
-1073
-1195
-1503
-2055
-2229
-2401
-2654
-2703
-2617
-2396
-2002
-1579
-1324
-893
-336
-13
259
687
1082
1395
1684
1919
2044
1957
1567
1027
511
77
-310
-641
-945
-1343
-1772
-2107
-2269
-2268
-2000
-1518
-1095
-597
-57
409
856
1274
1640
1797
1865
1833
1757
1746
1736
1566
1191
749
263
-227
-725
-1549
-2538
-3539
-4227
-4432
-4191
-3761
-3255
-2459
-1700
-1210
-1090
-802
157
1504
2614
3216
3689
4148
4224
3618
3208
3493
4013
3992
3419
2685
1955
1038
-21
-819
-1331
-1768
-2328
-2576
-2410
-2292
-2385
-2599
-2547
-1935
-1069
-202
598
1331
1929
2295
2445
2498
2551
2384
2146
1818
1103
83
-716
-1031
-981
-970
-1217
-1663
-2086
-2414
-2561
-2064
-1046
-440
-501
-659
-465
-147
329
797
1256
1731
2021
1994
1756
1392
717
-81
-553
-622
-620
-822
-1207
-1790
-2171
-2237
-2018
-1620
-1160
-628
-270
90
521
692
641
637
833
1129
1341
1396
1210
935
783
595
443
599
544
19
-720
-1250
-1846
-2522
-2936
-3177
-3354
-3602
-3570
-3351
-2793
-2271
-1697
-960
-260
353
745
1544
2453
3085
3453
3854
4049
3868
3509
3410
3563
3455
2875
1954
1150
453
-313
-1009
-1488
-1837
-2230
-2587
-2705
-2500
-2255
-1954
-1575
-776
184
772
1291
1744
2372
2611
2464
2371
2269
2133
1850
1648
1402
1058
174
-955
-1370
-1230
-1098
-1239
-1432
-1687
-1839
-1775
-1481
-1112
-716
-510
-416
-142
311
564
564
533
356
210
180
258
300
217
-92
-461
-638
-579
-482
-419
-296
-111
-36
-78
-196
-257
-159
-98
-12
63
87
-83
-234
-253
-160
-39
39
-19
-184
-277
-350
-471
-563
-590
-564
-690
-778
-754
-713
-822
-1423
-2266
-2980
-2963
-2302
-1500
-1113
-1076
-842
-511
-272
-192
311
1223
1996
2169
2199
2743
3250
3061
2418
2146
2568
3115
3115
2570
2055
1565
724
-144
-517
-510
-664
-1158
-1454
-1425
-1294
-1367
-1464
-1256
-659
-39
391
686
928
1084
1005
919
1073
1284
1467
1257
527
-117
-333
-202
-123
14
-37
-610
-1234
-1787
-1834
-1179
-435
-380
-738
-873
-954
-980
-606
-40
381
742
925
803
611
378
-76
-266
170
678
870
815
463
-122
-462
-461
-386
-195
18
107
-59
-267
-410
-651
-760
-653
-442
-231
-260
-516
-836
-1024
-1032
-940
-766
-701
-878
-1091
-1116
-1096
-972
-734
-610
-928
-1459
-1870
-2014
-1895
-1470
-973
-745
-714
-919
-755
-385
-62
263
858
1637
2051
2243
2578
3107
3251
2901
2698
3075
3527
3389
2691
1883
1373
837
164
-141
-98
-284
-824
-1219
-1230
-1085
-1007
-882
-747
-334
349
1015
1433
1661
1726
1480
1168
1107
1248
1428
1439
1099
450
-153
-790
-1352
-1651
-1683
-1620
-1653
-1526
-1463
-1335
-1164
-937
-664
-364
-39
228
338
280
31
-273
-360
-386
-353
-445
-434
-535
-647
-570
-233
115
236
275
241
191
136
-40
-171
-261
-410
-631
-922
-1128
-1186
-1178
-1242
-1274
-1194
-1038
-898
-818
-754
-559
-290
-88
39
336
505
433
262
214
181
21
-380
-969
-1632
-2037
-2002
-1624
-1155
-880
-784
-668
-340
81
742
1775
2746
3129
3025
2889
2964
3083
2869
2461
2231
2266
2207
1721
972
287
-279
-582
-581
-337
-133
-396
-769
-847
-667
-379
-206
28
285
575
754
794
807
736
443
244
146
-407
-905
-985
-745
-770
-614
-375
-393
-338
-468
-372
197
1012
946
377
142
-10
-284
-373
-275
-335
-300
-345
-739
-991
-922
-971
-1000
-437
223
458
421
284
295
494
684
598
471
471
301
-53
-247
-409
-899
-1487
-1795
-1845
-1734
-1540
-1516
-1634
-1600
-1468
-1352
-1154
-1005
-1018
-1092
-1100
-902
-644
-300
-74
58
212
254
46
-416
-791
-967
-889
-560
-160
235
285
107
49
316
713
1025
1372
1807
2138
2136
2035
2030
2017
2025
1997
2112
2313
2346
2103
1654
1358
1313
1279
1157
982
704
320
17
-192
-351
-571
-890
-970
-633
-293
-319
-621
-854
-944
-830
-425
181
787
823
491
308
416
589
622
653
684
659
550
283
-206
-649
-1009
-1281
-1327
-1235
-1243
-1456
-1692
-1792
-1711
-1357
-931
-493
-171
156
389
640
861
824
590
388
446
472
367
115
-245
-658
-1031
-1302
-1419
-1446
-1564
-1776
-1762
-1473
-1306
-1220
-1251
-1263
-1254
-1079
-826
-550
-275
37
370
659
1036
1112
1096
898
783
806
905
769
256
-239
-573
-531
-352
-36
45
-47
-203
-297
-197
173
764
1221
1587
1704
1725
1653
1664
1764
1864
2023
2125
2086
1760
1239
683
257
76
86
187
74
-315
-804
-1271
-1451
-1394
-1201
-1066
-953
-846
-746
-599
-457
-197
154
443
569
639
684
668
644
679
777
785
760
623
291
-59
-399
-685
-887
-978
-946
-805
-763
-792
-938
-1020
-933
-774
-530
-270
-25
208
345
456
613
652
680
624
624
689
721
650
345
-44
-368
-601
-802
-867
-903
-932
-975
-1129
-1317
-1371
-1324
-1251
-1184
-937
-612
-427
-352
-329
-198
13
187
219
217
155
38
-41
-38
33
-66
-246
-475
-587
-546
-419
-229
-21
203
334
367
432
605
861
1098
1294
1554
1735
1716
1558
1496
1493
1482
1450
1259
930
527
101
-242
-434
-441
-474
-480
-527
-501
-376
-389
-387
-281
-128
31
233
447
484
476
454
513
646
710
646
469
360
267
144
-31
-242
-478
-611
-671
-658
-682
-689
-658
-647
-539
-298
-120
-101
-154
-118
34
259
395
392
223
75
-49
-153
-213
-287
-403
-602
-853
-958
-867
-860
-929
-1134
-1211
-1018
-740
-515
-468
-430
-482
-514
-371
-276
-151
-29
62
-25
-104
-135
-284
-454
-668
-798
-854
-840
-768
-633
-455
-204
-56
112
322
585
887
1177
1453
1599
1639
1526
1423
1338
1365
1371
1350
1341
1347
1338
1142
972
729
399
189
39
8
19
-39
-211
-441
-515
-543
-456
-233
-79
55
81
150
260
345
416
490
573
575
577
510
543
458
263
118
-51
-167
-283
-434
-551
-612
-629
-606
-592
-586
-603
-555
-420
-261
-80
120
262
294
317
298
264
183
96
93
69
-136
-475
-791
-1020
-1218
-1387
-1411
-1340
-1324
-1340
-1286
-1269
-1191
-1022
-844
-673
-485
-275
-153
-80
56
169
192
133
-16
-186
-302
-355
-503
-768
-939
-1095
-1219
-1197
-1014
-823
-615
-390
-133
230
730
1181
1547
1905
2101
2167
2229
2327
2334
2287
2313
2276
2104
1890
1687
1446
1067
658
253
-48
-318
-475
-598
-669
-721
-822
-860
-848
-647
-434
-225
-45
150
374
658
937
1067
1112
1036
903
773
690
554
245
-128
-577
-885
-1076
-1243
-1366
-1492
-1528
-1583
-1635
-1544
-1408
-1264
-1043
-760
-450
-130
166
374
482
653
858
987
1135
1219
1113
816
398
47
-265
-533
-792
-1156
-1568
-1857
-2003
-1899
-1640
-1394
-1170
-970
-701
-495
-291
98
587
939
1116
1036
856
732
636
507
388
365
264
-7
-395
-739
-1024
-1148
-1185
-1138
-968
-769
-646
-493
-261
116
542
966
1460
1828
2084
2134
2189
2306
2334
2374
2311
2096
1830
1433
1077
780
474
159
-139
-412
-624
-724
-811
-870
-921
-946
-997
-932
-826
-739
-659
-575
-424
-277
-154
-80
15
-20
-92
-99
-137
-176
-223
-264
-441
-481
-552
-730
-892
-1040
-1129
-1112
-1037
-833
-647
-498
-357
-223
-47
87
199
331
418
452
543
648
759
824
760
644
599
485
382
237
86
-45
-219
-299
-396
-493
-591
-727
-813
-808
-639
-392
-73
242
430
474
459
393
365
426
466
465
429
293
149
-70
-355
-477
-577
-654
-655
-669
-728
-854
-924
-824
-609
-251
44
329
664
954
1202
1354
1497
1710
1946
2001
1889
1739
1516
1258
1033
793
614
393
133
-142
-339
-460
-530
-586
-651
-631
-611
-539
-531
-502
-451
-378
-287
-228
-137
-132
-185
-279
-396
-411
-440
-499
-455
-449
-554
-620
-667
-706
-691
-663
-630
-566
-552
-547
-567
-475
-380
-323
-259
-224
-231
-148
-71
17
136
185
226
187
195
221
243
331
493
568
557
505
425
348
271
263
288
265
186
35
-108
-219
-277
-328
-323
-323
-328
-305
-322
-325
-357
-362
-347
-331
-325
-337
-372
-419
-398
-361
-286
-273
-288
-281
-296
-230
-100
74
255
369
449
504
575
671
803
993
1133
1176
1174
1183
1204
1235
1202
1165
1077
980
922
797
701
573
463
379
304
272
252
261
169
6
-176
-290
-391
-425
-481
-522
-598
-785
-902
-955
-943
-878
-803
-801
-801
-834
-810
-717
-574
-394
-214
-155
-172
-197
-222
-206
-205
-288
-301
-325
-275
-239
-338
-487
-636
-680
-681
-596
-384
-215
-46
65
183
350
484
622
701
720
737
727
710
686
591
468
249
11
-210
-335
-459
-586
-719
-731
-746
-673
-654
-602
-506
-438
-241
-126
-17
24
63
113
77
12
-8
-39
-41
20
141
246
354
366
392
409
420
494
641
848
923
1015
1015
1008
1013
1092
1104
1061
1019
922
888
826
803
714
645
641
582
468
358
247
100
-53
-242
-384
-474
-584
-806
-1032
-1169
-1250
-1266
-1296
-1342
-1381
-1379
-1409
-1374
-1238
-1076
-944
-761
-568
-396
-227
-157
-129
-75
-14
49
85
86
19
-68
-169
-279
-404
-436
-378
-324
-196
-19
145
244
410
598
766
903
1014
1141
1263
1333
1307
1233
1137
948
733
550
420
335
175
2
-189
-411
-644
-798
-852
-899
-916
-858
-813
-733
-730
-719
-699
-619
-451
-311
-94
62
166
226
178
174
206
250
281
260
247
201
195
283
353
415
444
473
514
577
668
667
687
718
756
798
890
1032
1001
928
817
753
668
525
426
316
159
-45
-196
-322
-477
-680
-856
-964
-958
-937
-935
-961
-1008
-1058
-1081
-1092
-1039
-923
-799
-715
-650
-596
-522
-449
-370
-237
-108
-36
-82
-151
-257
-296
-275
-193
-157
-133
-103
-87
-62
-45
65
156
277
378
498
602
683
779
872
902
821
719
623
580
561
523
445
380
297
94
-47
-244
-462
-655
-763
-781
-797
-799
-826
-811
-740
-675
-590
-452
-282
-144
-69
-16
59
117
187
237
248
263
305
316
297
314
340
386
412
525
559
558
656
651
661
687
725
802
919
993
1053
1043
999
953
835
748
623
485
348
269
162
76
-6
-148
-281
-486
-662
-813
-881
-888
-901
-867
-807
-753
-722
-726
-715
-655
-654
-638
-601
-587
-544
-503
-480
-434
-428
-394
-398
-372
-292
-247
-198
-217
-197
-216
-204
-185
-153
-51
87
147
226
308
298
345
424
507
575
629
647
619
564
498
462
388
291
238
143
24
-37
-92
-209
-390
-542
-678
-754
-725
-665
-595
-596
-563
-589
-573
-459
-374
-234
-139
9
60
109
117
125
188
196
175
161
213
240
237
240
307
364
363
399
452
551
593
641
688
736
836
896
891
834
812
744
710
632
595
520
373
300
122
-74
-215
-313
-429
-469
-497
-481
-475
-461
-401
-382
-333
-252
-202
-186
-141
-172
-201
-177
-136
-130
-204
-296
-421
-503
-536
-521
-448
-403
-380
-358
-320
-270
-172
-39
84
172
269
288
294
307
313
267
223
273
245
238
187
127
26
-102
-97
-66
-53
-10
6
30
30
44
39
-11
-67
-97
-164
-242
-335
-426
-539
-608
-621
-585
-544
-581
-630
-666
-611
-518
-348
-198
-89
-3
94
153
167
209
183
171
151
180
236
289
311
314
313
291
302
289
308
376
415
470
507
495
497
465
434
445
485
572
601
573
511
394
280
178
90
34
48
61
42
41
6
-18
-20
38
80
103
128
106
48
1
31
12
-4
-85
-115
-118
-61
-55
-126
-172
-299
-307
-255
-202
-160
-138
-179
-195
-142
-86
-59
-68
-77
-80
-54
11
17
4
-53
-123
-201
-263
-293
-323
-372
-385
-367
-376
-393
-410
-415
-443
-460
-457
-472
-532
-562
-603
-595
-584
-577
-574
-615
-621
-629
-611
-533
-413
-317
-260
-145
-13
47
116
143
138
197
314
436
550
651
685
664
653
678
694
720
734
733
752
721
691
646
605
594
649
737
806
830
757
731
646
604
545
474
407
276
128
-4
-106
-203
-280
-275
-235
-214
-192
-216
-203
-141
-90
-78
-46
-14
25
21
77
77
46
36
-44
-126
-193
-221
-278
-386
-487
-514
-478
-422
-361
-299
-242
-204
-175
-94
-19
85
80
78
85
77
57
26
-13
-98
-174
-261
-283
-275
-239
-223
-263
-312
-337
-357
-364
-367
-353
-372
-363
-390
-430
-448
-530
-561
-577
-582
-533
-472
-461
-471
-478
-470
-472
-394
-263
-99
9
63
122
139
195
223
275
335
362
391
398
432
534
566
589
630
687
739
764
744
724
681
678
701
660
592
473
346
261
173
155
144
98
27
-35
-74
-40
25
48
124
176
164
207
232
195
170
146
139
144
137
60
-40
-132
-211
-239
-215
-171
-141
-155
-195
-185
-174
-123
-99
-27
33
48
67
62
5
-52
-47
-57
-21
-24
4
-46
-133
-164
-198
-180
-180
-215
-262
-305
-312
-349
-359
-291
-192
-152
-197
-202
-184
-173
-217
-258
-247
-270
-302
-354
-401
-415
-426
-456
-439
-396
-377
-408
-334
-288
-252
-250
-208
-133
-65
6
-5
30
55
143
266
386
490
560
590
614
614
624
630
574
542
534
498
453
342
269
180
97
91
93
101
86
91
101
107
154
153
134
121
84
92
113
91
36
16
10
-50
-106
-167
-225
-272
-325
-323
-300
-275
-268
-218
-113
-25
79
152
206
203
185
143
84
86
52
17
-39
-25
-54
-134
-158
-187
-174
-164
-85
5
72
111
72
69
121
173
236
303
333
358
356
329
291
209
81
-51
-188
-257
-270
-334
-393
-495
-620
-691
-736
-734
-653
-582
-552
-534
-562
-604
-600
-631
-618
-566
-465
-427
-350
-272
-262
-262
-154
-21
104
277
418
521
552
633
690
722
683
646
648
655
655
587
502
448
416
406
407
424
433
444
400
354
357
387
400
373
299
234
173
103
64
66
43
-10
-81
-144
-199
-310
-391
-462
-461
-384
-286
-217
-187
-179
-160
-156
-109
-61
-97
-82
-63
-18
4
9
-8
-53
-65
-63
-41
-27
-14
-22
-43
-8
29
84
133
193
271
302
394
480
536
549
505
407
308
214
126
27
-79
-166
-273
-397
-513
-605
-714
-763
-737
-732
-715
-747
-774
-802
-826
-809
-777
-696
-572
-470
-409
-322
-234
-179
-117
-54
30
108
154
179
175
185
239
267
315
397
419
420
369
366
380
404
439
423
386
358
308
255
252
194
199
197
214
245
304
360
356
311
281
199
108
80
5
-47
-98
-131
-171
-251
-299
-326
-345
-297
-266
-247
-180
-103
-45
8
59
99
151
132
124
128
174
212
233
232
227
201
193
229
248
256
240
264
294
340
368
409
415
384
390
386
399
432
466
451
436
384
333
266
144
21
-79
-147
-270
-438
-543
-604
-665
-733
-826
-882
-877
-842
-774
-735
-685
-680
-690
-728
-731
-698
-670
-625
-570
-483
-388
-278
-200
-172
-145
-102
-38
43
118
172
205
230
242
276
323
361
377
388
381
380
367
337
275
198
159
121
124
129
168
182
205
245
235
239
230
205
224
240
263
229
155
63
-29
-78
-99
-87
-54
-76
-84
-83
-126
-83
-41
9
61
73
106
148
186
240
310
332
311
304
276
235
213
242
252
250
272
243
196
146
81
9
-15
25
66
69
93
111
77
12
-26
-70
-97
-76
-121
-128
-183
-263
-361
-472
-520
-527
-526
-525
-521
-523
-540
-561
-600
-612
-605
-571
-531
-506
-408
-338
-256
-204
-189
-166
-76
-4
60
138
222
263
270
319
358
426
452
483
520
506
496
464
407
334
262
161
85
71
75
85
72
73
109
118
139
139
153
191
236
251
176
115
34
-35
-77
-70
-79
-77
-87
-118
-174
-176
-171
-245
-235
-242
-267
-255
-220
-188
-123
-91
-50
-10
75
107
132
202
235
263
297
339
301
248
190
140
96
67
78
68
57
12
-16
-7
-30
-39
-10
40
80
127
193
245
278
273
259
236
208
130
72
37
-13
-82
-146
-216
-300
-369
-407
-500
-561
-584
-577
-553
-563
-545
-564
-551
-448
-330
-272
-238
-178
-100
-13
113
209
295
334
320
321
295
301
290
262
256
216
142
116
87
29
-13
-41
-16
-11
11
28
26
28
57
76
103
114
117
124
112
94
92
95
55
-6
-29
-50
-89
-139
-148
-180
-208
-244
-272
-270
-319
-372
-362
-289
-209
-92
-23
47
111
157
174
218
292
355
377
391
416
444
459
420
376
346
335
314
279
241
159
58
42
51
71
66
116
140
152
141
128
141
141
149
177
249
264
205
106
-42
-137
-246
-347
-401
-483
-560
-648
-704
-737
-768
-792
-775
-739
-701
-596
-498
-400
-304
-200
-92
22
128
166
180
190
251
313
369
424
409
346
312
245
193
142
115
93
130
143
162
161
137
122
80
81
75
93
93
79
6
-20
-41
-19
-10
-6
-26
-65
-93
-151
-192
-259
-286
-323
-371
-404
-425
-430
-456
-423
-396
-366
-333
-324
-274
-201
-98
-12
72
166
297
379
434
484
516
531
565
562
533
572
547
511
471
399
358
337
314
244
182
136
103
91
88
93
98
110
182
280
299
302
300
286
285
264
245
146
38
-86
-217
-367
-475
-546
-645
-690
-729
-758
-748
-731
-708
-654
-581
-520
-457
-387
-315
-236
-140
-53
25
106
169
218
251
306
314
260
222
96
64
56
32
66
56
97
81
89
135
142
170
146
149
173
212
244
261
222
129
105
105
82
70
43
-4
-45
-81
-72
-72
-99
-110
-110
-102
-121
-124
-114
-96
-84
-88
-80
-81
-44
-21
-4
8
55
65
91
129
119
80
53
69
91
91
75
36
-7
-38
-117
-103
-85
-49
-6
18
34
16
56
63
99
127
121
154
180
181
190
166
114
59
-16
-115
-181
-223
-263
-334
-397
-462
-528
-531
-555
-567
-545
-488
-424
-333
-259
-123
-53
19
96
154
258
311
380
418
432
471
522
522
513
484
418
409
376
362
366
314
283
233
214
184
163
142
101
97
87
80
39
21
-13
-52
-68
-84
-130
-140
-172
-238
-306
-359
-441
-496
-497
-531
-533
-509
-492
-494
-497
-436
-399
-335
-280
-230
-135
-63
-30
-4
33
65
138
221
255
262
273
268
253
248
253
252
245
208
159
154
139
156
161
124
132
160
213
256
268
300
352
377
371
357
369
295
236
168
114
46
0
-35
-134
-205
-288
-330
-421
-479
-487
-461
-461
-469
-431
-451
-422
-377
-334
-230
-153
-61
16
81
133
174
197
198
232
237
252
272
300
281
237
169
135
116
103
111
107
99
66
70
68
57
58
34
14
32
35
10
23
15
-20
-46
-87
-139
-212
-241
-295
-351
-359
-382
-419
-474
-509
-508
-485
-404
-308
-206
-126
-77
-29
-8
63
105
154
219
254
307
348
334
296
281
261
273
255
234
226
208
177
152
150
161
165
168
161
179
184
188
218
202
216
235
269
253
203
169
152
169
151
129
72
5
-72
-141
-181
-239
-314
-356
-388
-441
-456
-439
-397
-346
-276
-204
-166
-98
-21
32
102
157
205
225
249
266
258
208
198
190
159
139
120
98
74
37
17
-10
-42
-50
-43
-20
-82
-80
-111
-139
-104
-121
-107
-76
-47
-76
-96
-134
-167
-190
-253
-349
-424
-479
-496
-470
-451
-427
-395
-380
-347
-323
-231
-163
-123
-42
22
95
167
201
244
264
280
313
347
355
355
316
268
275
232
220
189
179
179
195
176
175
206
229
253
269
294
309
313
300
312
289
307
247
223
189
178
181
120
94
81
26
-31
-57
-118
-192
-233
-230
-245
-245
-257
-305
-353
-376
-390
-372
-347
-300
-244
-212
-212
-189
-166
-133
-114
-102
-95
-108
-105
-112
-123
-149
-165
-157
-183
-184
-213
-185
-176
-163
-103
-47
22
34
69
110
168
253
321
363
393
376
321
259
223
180
110
47
-3
-40
-80
-102
-125
-140
-129
-120
-115
-72
-5
39
78
117
173
214
256
304
333
345
304
269
257
245
220
204
173
144
97
53
-1
-33
-46
-54
-81
-101
-121
-143
-158
-156
-123
-79
-54
-24
16
32
38
66
72
31
-13
-57
-130
-173
-200
-234
-291
-314
-352
-388
-393
-406
-428
-433
-409
-373
-358
-329
-308
-260
-193
-126
-80
-23
26
59
83
112
151
135
146
128
99
116
116
111
114
118
158
168
187
190
205
266
283
313
358
391
412
410
385
366
336
280
248
228
225
233
210
178
105
61
5
-42
-87
-115
-127
-142
-125
-123
-139
-126
-90
-90
-108
-96
-96
-73
-65
-72
-45
-14
-2
30
52
66
72
36
5
-8
-25
-41
-58
-91
-102
-100
-75
-47
-35
-32
-44
-79
-56
-16
25
25
33
43
22
36
36
27
-17
-49
-60
-68
-91
-119
-162
-258
-319
-347
-383
-385
-400
-389
-387
-367
-357
-315
-271
-289
-245
-218
-166
-120
-78
-32
0
35
45
56
118
155
165
165
144
137
157
189
217
238
250
271
288
282
299
328
318
358
365
367
393
378
371
376
401
397
365
325
300
260
224
190
135
104
90
74
20
-7
-47
-126
-175
-201
-256
-290
-338
-349
-377
-397
-398
-417
-420
-399
-376
-364
-323
-286
-233
-197
-183
-145
-103
-65
-75
-63
-65
-75
-64
-79
-102
-76
-99
-127
-111
-105
-67
-17
48
84
127
158
181
202
240
279
309
324
301
295
270
214
168
131
94
79
75
49
17
-11
-42
-30
-52
-8
16
12
-17
-25
-10
-3
21
-13
-16
33
22
43
33
9
-9
-30
-22
-51
-41
-41
-44
-17
-2
20
28
15
38
43
14
28
59
83
67
51
37
-1
-4
8
19
22
-11
-30
-69
-127
-156
-169
-154
-122
-118
-129
-139
-171
-201
-210
-211
-229
-247
-251
-230
-245
-240
-243
-232
-213
-168
-79
-2
87
130
169
195
210
255
262
284
279
281
293
273
266
243
189
152
94
53
48
52
65
62
55
94
87
93
96
79
45
28
27
20
36
46
75
75
61
31
33
48
38
55
57
19
-27
-74
-95
-145
-176
-191
-167
-131
-134
-114
-125
-154
-153
-150
-153
-143
-108
-88
-62
-29
-33
-41
-31
-35
-13
4
45
67
67
73
91
82
43
51
-3
-6
28
56
120
142
156
144
132
108
119
156
157
166
208
209
189
191
157
126
101
45
7
16
-25
-36
-72
-119
-98
-131
-157
-149
-150
-151
-159
-153
-133
-129
-145
-130
-131
-101
-45
-32
-18
-14
-29
-50
-52
-57
-59
-73
-50
-52
-41
3
-13
-38
-34
-60
-90
-89
-68
-20
-1
23
17
27
31
0
-6
-33
-35
-47
-42
-54
-83
-88
-120
-136
-144
-154
-158
-137
-151
-141
-117
-120
-110
-115
-90
-75
-42
-22
6
11
48
70
76
75
87
105
117
130
120
138
143
117
87
94
106
103
97
104
89
88
99
79
81
110
96
103
140
165
186
244
251
215
197
151
128
102
90
72
55
52
48
53
77
76
65
36
-21
-29
-17
-12
0
13
37
5
-1
-17
2
9
8
34
23
4
16
10
-37
-76
-93
-75
-82
-62
-44
-77
-85
-65
-67
-58
-14
-9
-46
-57
-49
-68
-49
-36
-47
-70
-83
-125
-128
-145
-181
-201
-208
-225
-256
-281
-292
-299
-299
-271
-274
-238
-210
-194
-218
-194
-170
-131
-90
-65
-31
-7
32
94
143
114
125
126
144
171
228
267
284
288
292
296
304
300
287
303
314
315
333
336
310
290
214
177
131
91
52
22
17
-28
-23
-37
-65
-80
-152
-187
-206
-188
-163
-152
-161
-170
-191
-222
-234
-235
-225
-170
-112
-82
-60
-72
-29
-40
-48
-33
1
19
46
48
41
59
84
128
119
150
148
140
174
171
153
152
141
109
106
123
145
144
127
73
29
-9
-54
-70
-83
-119
-138
-149
-175
-184
-183
-142
-170
-173
-191
-194
-181
-163
-114
-106
-92
-66
-89
-78
-66
-69
-54
-57
-26
-35
-23
13
28
44
36
20
-7
-22
18
61
102
141
134
127
139
116
97
111
71
56
85
72
90
85
80
53
1
11
-13
-21
-43
-57
-75
-67
-52
-42
-23
1
-19
-10
37
34
66
61
62
66
37
41
33
52
88
114
135
123
117
76
79
40
24
29
54
83
99
79
53
39
29
48
64
115
145
183
215
196
194
155
113
86
27
-6
-58
-83
-103
-153
-196
-237
-267
-313
-347
-351
-360
-371
-348
-306
-290
-261
-259
-232
-220
-189
-195
-203
-202
-177
-167
-149
-144
-185
-162
-169
-145
-138
-106
-71
-75
-4
47
68
88
100
137
137
146
156
154
117
133
118
111
148
172
205
199
208
217
218
229
209
155
138
103
97
97
99
83
53
29
18
3
-24
-29
-15
6
10
10
8
17
22
27
48
68
84
91
103
78
51
60
67
67
65
24
4
4
-3
24
51
75
82
95
112
122
108
102
114
156
188
180
168
172
170
119
90
87
72
48
50
-1
-19
-44
-67
-69
-110
-138
-152
-159
-166
-158
-158
-149
-142
-157
-180
-187
-172
-159
-177
-208
-219
-237
-251
-256
-255
-232
-207
-192
-104
-36
-23
3
8
5
-27
-8
32
43
44
58
39
14
18
4
6
-25
-64
-62
-75
-85
-85
-106
-119
-122
-121
-105
-72
-31
7
33
41
39
20
61
80
86
95
102
128
136
121
133
119
84
57
53
60
42
64
85
102
92
65
67
65
59
71
78
102
140
170
177
204
180
173
166
172
174
173
179
156
125
91
59
37
10
2
-2
-12
12
-4
-10
-40
-84
-130
-144
-146
-151
-130
-121
-101
-99
-130
-142
-201
-230
-224
-222
-173
-143
-122
-93
-84
-90
-146
-159
-190
-180
-130
-123
-90
-65
-86
-106
-108
-112
-90
-49
-3
16
71
66
77
118
119
122
100
107
110
96
97
76
24
-9
-39
-51
-50
-49
-14
3
47
71
69
71
25
27
36
29
53
70
85
109
122
145
144
153
153
153
155
192
209
191
214
186
177
161
139
111
73
82
77
98
92
56
22
4
-29
-61
-45
-17
15
15
22
-9
-28
-32
-37
-40
-64
-81
-89
-106
-127
-128
-140
-169
-219
-250
-284
-284
-283
-299
-268
-257
-239
-246
-224
-208
-190
-154
-113
-99
-85
-52
-31
0
7
34
20
-6
-7
-8
-1
19
25
31
41
22
15
28
51
74
57
85
71
69
104
101
119
83
71
83
110
120
95
89
40
23
19
20
49
57
63
89
91
100
120
126
157
163
138
140
139
110
98
61
36
33
10
-7
-13
10
1
37
46
42
35
8
-17
-30
-12
-9
-10
-1
-8
-8
10
21
25
2
-1
4
6
-10
-8
-23
-11
-38
-79
-48
-68
-76
-88
-110
-139
-163
-159
-132
-119
-102
-104
-100
-90
-101
-109
-101
-102
-81
-95
-117
-81
-63
-34
2
11
-13
-10
-10
-9
-25
-48
-38
-43
-25
4
31
43
46
21
35
25
16
48
82
114
112
131
137
123
109
108
83
89
101
111
156
162
149
141
153
144
136
145
146
122
118
129
136
106
60
60
40
23
-11
-30
-54
-76
-75
-89
-68
-55
-70
-59
-54
-57
-77
-64
-60
-67
-100
-141
-166
-184
-208
-213
-227
-221
-201
-199
-154
-134
-109
-115
-106
-87
-88
-83
-104
-102
-67
-42
-3
29
36
40
63
89
100
102
66
74
63
33
44
34
38
81
89
96
101
109
97
107
116
99
119
79
57
31
-3
-20
-28
-49
-57
-73
-94
-76
-83
-41
-40
-15
-7
-8
10
11
5
23
56
87
92
99
94
58
45
6
-40
-37
-30
-11
4
8
28
3
24
18
17
17
37
46
63
73
52
69
43
54
64
59
89
94
109
122
118
87
42
8
-30
-67
-101
-130
-130
-159
-162
-192
-222
-229
-248
-223
-213
-173
-159
-147
-111
-116
-85
-95
-74
-63
-62
-63
-73
-65
-35
9
12
42
59
90
108
125
153
168
166
173
171
186
174
200
238
254
274
276
249
214
195
174
169
116
103
112
107
115
110
76
63
43
18
7
-7
-30
-65
-99
-119
-133
-123
-119
-126
-118
-98
-101
-98
-114
-120
-165
-174
-192
-203
-194
-180
-153
-171
-175
-206
-216
-223
-224
-229
-233
-198
-171
-146
-123
-116
-113
-96
-68
-46
-29
6
19
44
36
17
13
-18
-8
-28
-61
-45
-19
-36
-42
-13
6
4
19
29
43
82
91
120
142
156
186
196
214
220
247
278
297
279
262
277
272
257
257
246
228
212
202
196
181
205
215
201
188
160
127
94
90
50
11
26
38
42
42
38
-5
-50
-61
-77
-88
-75
-100
-130
-132
-137
-171
-163
-201
-231
-250
-257
-254
-273
-250
-248
-246
-230
-227
-205
-219
-213
-234
-240
-216
-186
-120
-106
-76
-52
-41
-11
4
11
-21
-50
-65
-84
-58
-10
-2
5
32
30
36
76
66
74
85
84
89
66
53
65
100
125
123
102
109
90
89
110
140
142
108
108
67
66
68
72
64
71
61
57
40
41
76
71
60
55
58
41
31
29
30
18
-16
-22
-31
-56
-79
-99
-114
-113
-104
-104
-92
-88
-107
-109
-68
-57
-60
-56
-53
-71
-89
-81
-37
-20
-7
20
-6
2
-24
-33
10
-17
5
23
48
54
68
82
94
112
115
120
149
153
146
175
174
201
168
153
133
92
49
44
33
-5
-8
-37
-70
-100
-136
-136
-145
-129
-130
-153
-141
-151
-126
-102
-99
-67
-42
-24
-48
-52
-39
0
20
44
43
87
109
116
136
118
99
52
59
31
37
40
40
17
8
14
-18
-34
-74
-92
-96
-100
-95
-92
-78
-60
-74
-78
-87
-77
-29
-30
-33
-37
-36
-39
-33
-32
-38
-39
-12
-4
-13
-10
6
12
-53
-66
-93
-107
-74
-28
26
21
50
45
17
29
61
72
99
94
76
72
68
62
32
37
16
-4
8
28
31
14
0
-16
-40
-40
-8
6
18
18
5
28
36
27
46
37
54
56
42
45
32
42
51
44
51
46
59
62
81
116
115
117
114
127
140
140
130
126
112
81
42
0
-19
-64
-88
-114
-120
-137
-147
-146
-142
-149
-149
-174
-173
-152
-151
-132
-160
-137
-129
-133
-131
-103
-82
-100
-80
-86
-100
-96
-101
-80
-76
-105
-89
-69
-52
-31
-43
-48
-45
-19
0
30
55
42
37
57
74
96
123
154
161
182
213
214
214
201
174
176
171
187
182
177
199
190
158
152
135
115
70
50
47
40
49
41
43
-12
-32
-38
-38
-26
-56
-73
-70
-58
-49
-25
2
40
44
50
61
36
27
25
6
-7
-45
-58
-82
-96
-109
-117
-119
-154
-157
-156
-155
-160
-148
-117
-106
-73
-82
-90
-82
-79
-82
-81
-86
-77
-40
-56
-76
-99
-100
-110
-105
-83
-65
-76
-85
-76
-78
-57
-25
-3
15
35
36
40
64
57
69
73
67
64
51
78
95
96
110
120
108
105
104
124
130
122
97
84
94
113
117
137
163
158
165
161
156
152
154
161
144
106
69
38
13
-3
-13
-2
21
-12
-46
-111
-141
-144
-172
-166
-182
-197
-212
-209
-213
-235
-222
-208
-222
-223
-186
-185
-211
-195
-182
-171
-173
-185
-153
-134
-152
-126
-109
-97
-59
-34
9
18
20
24
14
55
59
66
60
70
77
90
136
144
172
175
189
171
156
165
164
185
193
184
194
189
175
162
135
124
88
86
84
90
86
75
93
71
48
34
16
1
15
43
30
40
68
75
58
81
106
87
95
99
72
41
18
-2
-24
-42
-33
-26
-42
-35
-38
-32
-34
-37
-34
-42
-22
-47
-18
3
1
1
3
-1
7
4
-37
-30
-68
-106
-157
-202
-214
-229
-233
-243
-233
-234
-232
-209
-181
-157
-151
-140
-114
-70
-33
6
40
55
86
106
104
68
46
36
13
23
31
30
34
40
30
-7
-13
14
13
12
-10
-10
-8
-6
1
16
25
38
43
57
51
35
51
41
25
6
19
28
24
12
-4
-2
-7
-13
-4
-32
-33
2
22
49
60
63
41
17
31
26
31
26
26
2
-23
-42
-42
-25
13
33
34
45
31
39
21
7
-6
-23
-24
-35
-54
-53
-41
-42
-38
-34
-46
-29
-18
-12
9
1
-15
-9
-26
-31
-38
-43
-32
-28
-11
0
18
26
14
4
13
22
43
70
60
68
65
80
85
92
110
107
96
94
108
106
119
121
116
111
91
89
80
90
75
71
41
-13
-19
-45
-40
-37
-40
-62
-73
-74
-77
-88
-98
-110
-126
-112
-97
-98
-94
-76
-84
-86
-75
-75
-83
-61
-64
-40
-27
-23
-19
-16
-14
-17
-15
-27
-17
8
28
34
40
37
51
53
25
28
19
0
-2
-4
-4
8
10
17
45
63
62
49
66
50
45
50
33
4
-13
-35
-40
-27
-40
-39
-36
-47
-82
-86
-96
-117
-120
-131
-132
-150
-155
-155
-151
-134
-130
-105
-84
-81
-65
-62
-40
-16
-15
-11
10
23
33
54
76
106
104
102
118
88
70
77
66
70
60
89
114
128
127
150
162
144
145
132
143
145
140
135
118
111
105
110
80
61
52
29
39
11
-17
-23
-45
-51
-69
-75
-67
-78
-63
-72
-68
-64
-56
-56
-50
-59
-44
-41
-38
-19
-18
-5
-18
-10
-21
-4
3
9
18
0
-20
-32
-28
-41
-63
-48
-38
-35
-31
-16
-1
1
17
18
38
26
33
60
77
74
43
23
-14
-36
-33
-42
-26
-22
-27
-16
-29
-11
0
-9
-28
-36
-39
-51
-40
-28
-4
4
-6
-4
13
28
38
50
49
62
70
60
68
64
50
47
52
67
68
61
41
15
-2
-34
-17
-21
-35
-23
-29
-40
-52
-45
-44
-45
-42
-65
-90
-102
-98
-82
-91
-100
-111
-92
-100
-94
-113
-108
-101
-110
-92
-84
-57
-69
-67
-68
-77
-72
-72
-57
-72
-55
-31
-21
-26
-41
-32
-33
-23
-27
-26
-2
-23
-12
8
12
48
69
85
95
116
125
127
148
146
170
173
179
167
170
151
141
138
122
144
164
170
144
123
108
123
123
116
98
78
64
69
88
72
72
65
27
6
-27
-40
-35
-31
-6
-7
-21
-27
-22
-34
-63
-83
-106
-112
-103
-89
-77
-71
-68
-43
-47
-44
-30
-42
-41
-36
-21
-28
-56
-56
-91
-98
-114
-116
-113
-105
-83
-79
-68
-83
-77
-86
-78
-79
-64
-44
-30
-26
-16
-6
-14
-8
4
3
0
2
-9
-13
2
22
15
23
17
41
32
26
23
-3
-8
3
9
16
32
50
64
52
49
47
48
59
90
101
106
85
64
57
32
16
12
5
11
14
25
30
30
27
29
40
44
41
36
19
37
24
17
16
1
-3
-35
-48
-56
-49
-61
-66
-72
-106
-124
-127
-137
-154
-131
-131
-112
-99
-107
-89
-83
-53
-40
-21
-10
11
7
15
10
-4
11
9
13
30
49
67
63
67
60
68
57
36
33
24
52
45
53
65
63
58
62
67
72
81
78
99
102
102
103
110
117
109
106
95
85
85
70
52
31
3
7
6
3
11
5
-19
-19
-34
-37
-53
-70
-69
-61
-57
-50
-49
-56
-56
-89
-102
-97
-96
-87
-78
-80
-93
-85
-84
-83
-85
-88
-92
-90
-65
-57
-37
-12
8
5
2
-10
-3
5
17
33
36
21
15
1
-1
11
1
9
-14
-6
4
-6
-4
-1
-8
-4
1
-18
-12
-11
-20
-8
3
25
41
66
80
77
75
73
76
68
67
65
63
74
67
67
55
39
21
6
11
15
22
18
17
23
13
18
22
20
22
11
9
10
6
6
17
-1
-21
-33
-49
-58
-65
-59
-70
-66
-61
-77
-78
-89
-104
-115
-129
-150
-157
-154
-140
-125
-101
-89
-78
-55
-40
-39
-20
-6
4
28
52
72
82
85
82
67
68
61
57
67
81
93
105
110
104
106
119
133
116
96
89
74
67
54
44
48
36
27
25
30
32
34
34
54
42
25
19
-1
1
8
6
-3
-11
-22
-31
-48
-53
-61
-59
-57
-30
-25
-11
7
26
31
43
37
16
22
-4
1
-9
-23
-30
-57
-66
-91
-93
-109
-114
-114
-103
-85
-73
-71
-93
-95
-111
-119
-140
-140
-131
-127
-114
-95
-61
-55
-35
-20
-10
-12
-11
18
28
54
61
72
90
97
130
147
177
183
183
190
191
180
165
176
160
132
124
114
91
93
87
69
71
56
60
26
14
3
-26
-31
-45
-48
-73
-78
-88
-93
-103
-122
-122
-127
-133
-133
-122
-121
-110
-111
-115
-107
-110
-96
-97
-91
-105
-107
-93
-87
-63
-36
-13
-9
-5
8
10
18
27
28
29
14
12
1
22
17
29
39
34
29
33
44
42
56
64
73
84
90
96
97
84
80
66
48
30
11
12
14
16
6
8
3
-5
-6
-14
-10
-7
-6
5
17
14
11
3
11
14
0
4
7
7
4
-7
-10
-8
-5
10
4
14
13
19
13
12
1
-4
-13
2
12
30
40
40
29
16
13
20
25
34
51
58
54
51
42
16
10
4
-6
-9
-4
5
14
5
15
10
4
-11
-32
-31
-23
-23
-12
-3
-9
-7
-32
-46
-52
-46
-53
-47
-38
-43
-41
-58
-68
-93
-101
-94
-90
-83
-64
-56
-40
-32
-44
-47
-50
-49
-35
-24
-19
-17
-26
-23
-35
-40
-35
-35
-39
-33
-17
-14
-19
-20
-18
-22
0
-1
8
13
8
30
21
22
25
32
46
38
52
48
61
64
51
52
36
39
36
40
46
39
42
33
13
21
22
22
29
36
34
39
32
33
46
56
61
74
68
64
56
44
38
38
44
51
62
54
58
49
49
32
31
29
27
24
9
3
-9
-6
-4
3
-6
-10
-15
-22
-26
-24
-12
-10
-9
-18
-27
-37
-44
-49
-43
-55
-67
-69
-78
-83
-75
-76
-97
-96
-91
-98
-92
-88
-81
-81
-67
-56
-36
-9
6
17
14
16
12
11
20
23
16
16
12
6
7
-6
-5
-8
0
11
27
22
8
-2
-13
-27
-29
-21
-9
6
12
22
28
40
43
43
41
38
37
26
30
23
27
23
13
4
1
-9
-16
-7
0
16
17
8
8
9
7
9
14
8
21
27
24
29
37
39
36
24
8
13
20
28
20
6
-12
-29
-35
-27
-22
-20
2
4
3
0
-7
4
1
9
14
26
22
18
18
10
6
2
-2
-14
-13
7
22
16
15
19
19
15
22
30
19
-17
-21
-32
-38
-42
-50
-42
-50
-38
-40
-38
-32
-32
-23
-25
-36
-42
-33
-34
-40
-32
-46
-53
-54
-57
-49
-33
-25
-29
-16
-17
-22
-13
-14
-10
19
26
31
32
28
22
10
15
22
32
46
50
61
53
50
60
71
76
69
62
61
53
50
45
35
38
36
16
4
1
-1
7
10
2
-10
-17
-19
-25
-18
-8
-8
-11
1
3
4
10
6
23
20
15
12
5
-12
-21
-24
-14
-15
-16
-1
-1
-1
-11
-25
-22
-26
-23
-5
-12
-15
-12
-8
-7
-6
-3
-8
-18
-22
-20
-21
-15
-10
-14
-27
-27
-20
-28
-38
-41
-48
-44
-40
-48
-58
-56
-50
-48
-44
-44
-42
-39
-25
-13
-10
14
29
32
49
65
65
57
45
41
30
12
14
11
6
4
3
9
0
-10
-3
-5
0
8
16
15
11
3
2
-5
0
8
0
-2
-8
-8
1
10
15
13
10
9
13
22
21
26
36
38
37
40
49
52
44
41
36
19
20
22
20
19
10
20
19
26
14
16
11
4
0
8
12
11
15
6
-1
-8
4
10
19
21
17
19
12
7
-1
-14
-15
-12
-11
-7
-5
-4
1
3
-1
-10
-13
-23
-34
-47
-34
-37
-42
-46
-59
-64
-69
-67
-63
-62
-49
-44
-36
-31
-34
-44
-58
-56
-59
-57
-41
-32
-27
-20
-22
-31
-35
-38
-42
-22
-15
5
20
19
21
23
22
23
29
28
39
55
70
74
76
88
77
75
66
56
58
51
60
62
65
61
41
30
29
22
26
28
17
25
22
14
13
1
-6
-13
-21
-27
-31
-37
-34
-37
-48
-57
-70
-73
-77
-77
-83
-78
-67
-71
-63
-57
-43
-34
-27
-14
-7
-8
-20
-14
-2
5
9
24
38
41
45
49
58
62
75
74
61
51
50
50
46
34
26
24
15
6
1
-5
-5
-1
-1
11
16
17
7
-8
-6
-12
-9
-1
-12
-13
1
13
18
20
15
20
22
15
10
-9
-6
-5
-16
-21
-23
-14
-6
-6
-4
-1
-2
1
-2
-6
-19
-30
-38
-33
-32
-29
-28
-35
-32
-33
-35
-33
-33
-23
-20
-26
-20
-21
-19
-12
-15
-13
-22
-22
-15
-8
12
17
27
21
19
17
12
6
3
5
3
19
15
20
22
26
26
15
14
19
36
55
65
64
59
49
45
31
16
-1
-6
-4
-16
-12
-5
-3
-2
-2
1
-7
4
5
2
-5
-13
-11
-26
-23
-19
-21
-14
-13
-14
-7
-24
-33
-23
-27
-32
-28
-35
-39
-43
-36
-30
-25
-23
-20
-17
-12
-19
-25
-13
-15
-7
-4
-11
4
2
-5
-8
2
11
8
12
-3
-10
-7
0
5
14
26
29
33
39
47
52
52
49
43
36
37
52
56
62
64
56
54
43
46
41
44
46
44
33
19
9
-4
-3
3
3
-3
-1
-8
-11
-18
-28
-42
-56
-55
-56
-49
-38
-27
-29
-37
-42
-50
-48
-41
-46
-49
-41
-45
-41
-36
-29
-28
-31
-23
-26
-25
-25
-36
-38
-41
-31
-18
-10
1
-1
-1
-4
3
10
16
18
28
23
16
12
14
22
19
32
32
38
40
32
31
20
18
19
30
28
34
37
30
18
17
11
4
11
1
4
1
-3
-2
1
6
11
17
19
11
12
12
8
7
7
0
-11
-7
-2
-6
-1
-10
-15
-23
-28
-23
-20
-20
-21
-16
-11
-18
-8
-5
-6
-3
2
1
-3
-3
-16
-24
-24
-8
-1
2
15
19
26
24
20
24
19
14
15
16
20
8
6
3
-6
-10
-11
-8
0
5
10
8
4
-3
-2
1
-1
8
7
-3
-2
-12
-12
-14
-20
-20
-23
-21
-26
-21
-14
-16
-31
-37
-47
-51
-41
-31
-15
8
18
25
23
21
21
9
17
24
28
31
41
40
37
30
19
18
9
10
10
13
20
16
19
7
1
2
-1
6
3
2
-3
-9
-9
-9
-5
-15
-15
-10
-15
-27
-32
-29
-35
-37
-37
-39
-35
-38
-33
-32
-30
-29
-25
-11
-8
-11
-2
-6
2
19
31
39
34
26
29
29
29
34
32
33
34
34
34
34
41
48
44
41
48
43
35
35
23
17
12
5
10
11
-2
-2
-5
-10
-11
-27
-43
-48
-56
-58
-47
-33
-29
-31
-36
-42
-48
-46
-40
-35
-26
-31
-22
-18
-18
-21
-20
-22
-14
-10
-4
1
-1
-2
-12
-5
0
1
9
14
14
11
-1
-14
-22
-26
-21
-13
-4
5
9
14
17
21
20
17
21
25
26
23
27
33
34
35
41
47
48
41
36
33
37
33
33
33
26
27
20
17
17
16
7
3
1
-5
-13
-15
-12
-9
-10
-16
-15
-14
-12
-16
-20
-21
-18
-11
-8
-2
2
3
8
15
16
14
17
13
8
3
-8
-9
-9
-8
-7
-4
2
6
9
9
4
6
4
-4
-16
-24
-38
-45
-41
-42
-45
-45
-38
-40
-33
-38
-43
-39
-43
-44
-42
-36
-33
-35
-31
-30
-28
-11
-1
4
6
11
14
18
19
10
3
9
3
11
13
14
13
10
12
9
10
12
15
22
27
36
38
40
40
39
35
30
24
20
29
26
26
23
22
15
17
14
5
0
-3
3
1
4
2
-6
-10
-12
-8
-4
10
12
12
24
21
11
8
4
4
2
1
6
-4
-10
-14
-23
-32
-36
-33
-30
-21
-13
-4
-1
-5
-6
-13
-7
-12
-12
-10
-8
-6
-11
0
4
-4
-3
-10
-10
-2
1
6
13
6
-5
-8
-12
-15
-16
-4
7
21
26
27
35
29
32
