4
4
4
2
-1
2
1
1
0
1
0
4
8
11
12
14
11
6
6
3
3
5
3
3
-2
0
-1
0
4
0
-3
-3
-5
-10
-8
-10
-13
-13
-13
-14
-15
-14
-9
-7
-4
-2
-1
-2
-2
-2
-3
-1
2
4
7
6
9
10
11
10
10
7
6
3
6
11
8
8
1
-2
-3
-2
1
1
3
3
1
0
-1
-5
-4
-6
-5
-3
-2
2
2
0
1
3
6
11
11
11
11
11
7
0
-2
-7
-8
-6
-4
-8
-6
-4
-4
-2
0
5
7
8
6
6
10
12
11
14
15
8
4
3
1
-1
-3
-2
3
5
3
3
1
3
1
0
2
4
3
-3
-6
-10
-8
-8
-7
-7
-6
-9
-13
-11
-10
-6
-6
-7
-5
-6
-7
-5
-3
-2
-2
-3
-3
-4
-1
-3
-5
-6
-5
-7
-14
-18
-14
-11
-6
-5
-4
-6
-7
-8
-12
-7
-3
-2
-1
2
3
2
4
4
7
9
7
4
-1
0
0
2
4
4
4
3
4
-1
-4
2
4
4
7
4
5
6
7
6
7
5
6
4
5
7
6
9
11
15
14
15
12
12
7
7
6
7
10
9
8
4
8
7
5
3
0
3
0
-3
-5
-7
-9
-10
-12
-11
-8
-5
-3
-5
-2
-5
-6
-7
-5
-5
-5
-3
-5
-6
-7
-10
-10
-12
-12
-15
-17
-17
-18
-18
-17
-11
-10
-10
-7
-7
-4
1
1
0
2
4
2
-2
-1
0
2
1
2
2
1
0
1
5
5
9
13
13
12
9
8
7
7
6
4
5
5
6
4
3
4
9
8
5
7
6
7
8
7
10
13
14
14
14
13
15
14
16
14
10
8
3
4
0
0
-5
-7
-1
-7
-6
-8
-11
-11
-10
-9
-11
-10
-9
-9
-12
-9
-5
-4
-2
0
-1
-2
-8
-9
-11
-15
-11
-6
-3
-5
1
-1
2
5
3
5
8
6
3
-1
-1
-2
-10
-11
-10
-11
-11
-8
-9
-6
-9
-9
-5
-6
-4
-1
-5
-6
-8
-7
-10
-8
-4
-6
-3
-4
-1
4
4
3
1
4
4
11
13
11
13
15
13
12
15
14
15
12
15
10
6
8
9
6
10
12
9
10
9
9
6
8
7
4
6
8
7
5
0
-3
-12
-17
-18
-19
-14
-13
-13
-16
-21
-25
-25
-25
-17
-12
-6
-5
-2
-1
0
-2
-5
0
4
5
7
10
11
11
11
15
15
17
15
15
21
18
10
12
14
12
17
14
13
12
11
8
5
5
8
11
10
7
8
5
0
0
-5
-8
-10
-10
-9
-10
-14
-13
-11
-14
-11
-15
-13
-14
-9
-9
-9
-6
-12
-13
-13
-13
-16
-16
-15
-16
-15
-18
-14
-7
-6
-3
-4
0
7
4
6
2
1
2
-2
0
-3
-6
-6
-5
-6
-5
-4
-3
-3
-4
-3
-4
0
-3
-2
2
2
7
9
7
10
8
6
9
10
6
3
7
7
8
6
7
4
4
3
0
-4
-11
-9
-10
-9
-5
-11
-13
-9
-10
-10
-4
0
1
0
3
6
3
6
6
5
11
10
14
21
25
26
24
21
17
13
7
-1
-8
-6
-5
-9
-12
-13
-20
-21
-21
-19
-10
-6
-6
-5
-4
-6
-9
-8
-3
2
5
9
11
19
15
10
6
9
9
10
16
15
16
22
23
23
25
26
22
17
20
18
11
8
9
5
0
-1
1
5
4
5
4
7
8
14
17
15
8
1
-3
-9
-14
-16
-16
-16
-18
-14
-20
-28
-28
-27
-34
-33
-34
-37
-35
-36
-32
-30
-30
-27
-27
-27
-25
-22
-33
-24
-48
-112
-178
-143
-79
-66
-47
25
124
171
201
211
209
188
160
77
2
-25
-7
-17
-32
-11
13
40
46
20
-2
5
5
-48
-80
-66
-35
-15
4
26
56
85
72
33
16
34
11
-24
-47
-34
-10
10
4
-14
-6
4
-19
-53
-72
-105
-133
-155
-152
-117
-66
-38
-38
-30
11
36
36
20
2
-24
-45
-33
-22
-3
1
-2
-34
-45
-28
-23
-25
-19
-16
-24
-7
24
58
85
92
100
109
118
115
96
75
66
45
31
29
32
47
66
70
72
61
24
-29
-59
-65
-75
-49
-14
29
76
122
145
151
171
165
118
79
48
3
-34
-56
-51
-60
-72
-75
-67
-65
-65
-51
-77
-117
-122
-84
-90
-81
-52
-37
-33
-25
1
-13
7
10
-22
-73
-57
-48
-49
-50
-49
-83
-102
-80
-75
-106
-130
-121
-158
-182
-156
-111
-101
-43
8
42
81
127
163
172
188
188
156
126
153
149
118
83
73
43
9
-37
-59
-64
-58
-97
-102
-50
-4
29
84
148
204
235
243
254
239
236
184
108
70
65
38
31
20
27
3
-8
-36
-74
-91
-131
-152
-169
-183
-223
-207
-160
-114
-79
-30
-20
-4
28
9
-17
-19
-43
-126
-254
-438
-757
-1137
-1257
-1113
-873
-498
67
623
1001
1220
1238
1034
717
378
-52
-435
-553
-513
-352
-66
267
537
704
758
659
410
126
-196
-538
-856
-1027
-1024
-813
-490
-107
306
759
1089
1258
1289
1178
944
655
412
209
161
276
387
435
499
496
350
113
-35
-305
-587
-757
-851
-852
-650
-307
-68
158
393
520
511
432
396
225
-6
-161
-263
-282
-161
-37
-11
47
63
-33
-148
-186
-265
-353
-401
-390
-322
-164
23
31
-40
-365
-1081
-2390
-3904
-5160
-5882
-5824
-4990
-3546
-1821
177
2029
3588
4707
5271
5108
4420
3318
2143
1289
864
921
1262
1664
2067
2251
2213
1892
1189
53
-1346
-2638
-3633
-4168
-3925
-3069
-1828
-222
1317
2648
3953
4806
4919
4301
3249
2067
1223
532
-37
-120
354
728
812
1160
1310
1025
405
-499
-1889
-3038
-3621
-3759
-3608
-2967
-2012
-1265
-453
491
1172
1361
1297
1025
450
-30
-112
52
205
568
839
890
743
343
-461
-1223
-1760
-2518
-3361
-3778
-3398
-2475
-1329
-394
443
1275
1941
2450
2597
2656
2668
2771
2590
2211
274
-4449
-10072
-12592
-10755
-7941
-6084
-5230
-2919
1400
5862
7540
7050
6773
7380
6536
3272
60
-610
1227
3252
3396
2183
1959
3209
3832
2848
571
-1684
-3484
-4754
-5744
-6357
-5547
-3375
-827
1144
2630
3785
5056
6405
6592
4663
1738
-25
121
1319
2108
2150
1844
1595
1286
851
559
14
-1169
-3160
-5309
-6510
-6196
-4771
-3623
-2961
-2058
-751
449
1298
2101
2495
2276
1436
633
643
1776
2888
2839
2274
2147
2239
1702
669
-468
-1536
-3025
-4794
-5836
-5511
-4023
-2707
-2240
-1830
-585
768
1543
1939
2448
2751
2519
1862
1348
1422
1788
1522
284
-751
-1151
-1259
-2018
-3868
-6278
-7906
-8049
-7374
-5820
-3722
-1384
621
2575
4416
5779
6337
6017
4879
3409
2254
1417
832
793
1151
1339
1298
1446
1680
1700
966
-269
-1723
-2648
-2809
-2806
-2761
-2332
-1275
108
1772
3252
4220
4537
4370
3760
2892
2179
1756
1257
892
786
823
975
961
642
252
-314
-1337
-2522
-3422
-3772
-3923
-3699
-2971
-1837
-653
474
1543
2252
2767
2888
2341
1543
1125
920
631
378
401
548
469
31
-552
-1208
-1669
-2347
-3378
-4231
-4452
-4116
-3358
-2203
-962
238
1373
2376
3229
3736
3650
2686
1350
-311
-2702
-6157
-9300
-10493
-9384
-7400
-6032
-4621
-2449
854
3561
4712
4560
4479
4669
4494
3687
2979
3388
4558
5585
5905
5652
5246
4764
3802
1744
-938
-3509
-4879
-5430
-5622
-5615
-5039
-3408
-1180
1094
2754
4035
5181
6049
6033
5223
4276
3847
4023
4110
3735
3011
2450
2001
1378
96
-1734
-3616
-5089
-6301
-7457
-8148
-7797
-6198
-4238
-2190
-186
1859
3547
4564
4525
3600
2598
1525
183
-1036
-1211
-798
-531
-554
-380
73
159
-104
-893
-1685
-2259
-2910
-3530
-3514
-2509
-1491
-1097
-887
-222
442
670
670
674
906
831
247
-114
455
1478
1905
1837
1755
1990
2028
1809
1412
1219
765
-171
-2203
-5970
-10483
-12695
-10711
-7143
-4243
-2820
-938
2500
6793
9172
8530
6800
5868
5131
3028
608
-339
984
3347
4526
3881
2978
3686
4548
3868
1108
-2188
-4567
-5633
-5742
-5895
-5383
-3744
-1473
577
2213
3504
4381
4946
4717
3298
1344
299
928
2455
3438
3190
2359
1973
1788
1217
-225
-2136
-4388
-6528
-8197
-9155
-8751
-6985
-4577
-2613
-298
2222
4180
5046
5475
5391
4476
3248
2026
1071
733
990
636
-411
-727
-498
-810
-2003
-3002
-3812
-4466
-4742
-4453
-3193
-1088
798
1167
1048
1847
2999
3272
3011
2843
2552
2032
1556
1204
1192
1553
1370
445
-160
-67
136
-43
-520
-1236
-2283
-3423
-5800
-9685
-13008
-12619
-9258
-5623
-2857
-438
2911
6967
10011
10285
8747
7347
6155
3731
426
-1739
-1530
673
2986
3681
3172
3418
4542
5058
3926
1134
-2239
-5079
-6546
-6926
-6545
-5035
-2638
-356
1369
2715
3876
5172
6035
5161
2732
639
489
1873
3191
3644
3410
3321
3266
2741
1397
-319
-2704
-5996
-9384
-11575
-11871
-10548
-7993
-5284
-2169
1212
4557
6930
8321
8671
7710
5558
3115
1467
665
516
280
-316
-576
-336
-304
-1234
-2457
-3480
-4328
-5519
-6568
-6403
-4714
-2189
-287
902
2121
3621
4632
4759
4410
3788
2847
1691
699
397
487
317
-321
-846
-916
-695
-689
-858
-1069
-1317
-1837
-2475
-3223
-5550
-9417
-12083
-10522
-6316
-2376
-440
762
3347
7164
9672
9194
7180
5779
4927
2873
250
-1095
100
2762
4395
3961
2860
3514
5095
5751
3932
396
-2878
-4725
-5197
-5596
-6006
-5649
-4186
-2483
-888
647
2245
3928
4813
4063
2287
1146
1524
2677
3313
2888
1969
1529
1634
1385
162
-1793
-3775
-5936
-8198
-9728
-9418
-7391
-4870
-2407
-59
2636
5323
7338
7762
7070
5887
4078
1605
-404
-718
-293
-243
-566
-322
587
1153
706
-781
-1853
-2269
-3121
-4708
-5200
-3677
-1880
-1270
-1317
-443
1305
2586
2347
1551
1607
2043
1667
528
278
990
1584
1407
1173
1375
1425
1018
-54
-1141
-1926
-2750
-4019
-5119
-7020
-10146
-12720
-11564
-7288
-3063
-799
409
3002
7149
10433
10238
7931
6301
5860
4350
1699
17
583
2422
3256
2545
2042
3333
5117
4906
2472
-589
-2865
-4511
-5459
-6146
-6702
-6570
-5266
-3070
-582
1602
2932
3648
4123
3961
2797
1368
1160
2148
3084
3491
3482
3820
4310
4146
2514
217
-2060
-4497
-7489
-9820
-10278
-9022
-6737
-4119
-1132
1885
4807
6675
7161
6849
5888
3679
940
-573
-546
-159
-128
-23
696
1742
1901
674
-783
-1566
-2223
-3976
-5981
-6313
-4603
-2641
-1663
-1161
-33
1529
2454
2241
1641
1677
1632
731
-648
-1066
-196
1077
1896
2029
1986
1764
1283
448
-376
-1285
-2313
-3693
-4762
-6399
-9366
-12160
-11605
-7827
-3889
-1688
-535
2027
6103
9694
10118
8362
6900
6518
5406
3227
1658
1707
2818
3436
3191
3051
3787
4401
3353
725
-2351
-4795
-6631
-7550
-7774
-7610
-6861
-5226
-2523
586
3224
4742
5637
6426
6500
5184
3324
2537
2999
3669
3795
3231
2684
2264
1509
-161
-2304
-4147
-6006
-8063
-9953
-10219
-8800
-6086
-3060
50
2766
4982
6605
7187
6714
5075
2939
780
-668
-1054
-621
29
623
1257
1502
1322
802
172
-897
-2516
-4612
-6532
-6870
-5533
-3589
-2135
-1135
-29
1428
2549
2966
2886
2677
2302
1620
926
983
1846
2889
3359
3148
2721
2103
1318
98
-1307
-2834
-4393
-5601
-6268
-6598
-8055
-10206
-10996
-8210
-4096
-1080
76
1460
4392
7716
9387
8305
6557
5797
5562
4193
2360
1430
1597
2187
2373
2173
1990
2422
2427
1117
-1238
-3507
-4979
-5663
-5607
-5708
-5920
-5228
-3114
-439
1679
3306
4545
5599
6009
5411
4265
3487
3549
3693
3482
2993
2464
1707
818
-162
-1575
-3460
-5440
-7166
-8314
-8536
-7372
-5223
-2606
-70
2070
3771
5235
5968
5206
3493
1745
559
-172
-452
-192
366
1126
1356
1127
722
650
511
-581
-2332
-4036
-4968
-4977
-3955
-2600
-1776
-1270
-508
643
1623
2012
1703
1377
1502
1855
2086
2340
3114
3788
3907
3355
2603
1891
1106
-163
-1910
-3576
-4779
-5403
-5867
-5806
-6775
-9087
-11324
-10304
-6989
-4133
-2697
-1445
1377
5151
8140
8539
7734
7302
7348
6150
4150
3129
2766
2788
2554
2287
2223
2654
2829
1842
172
-1840
-3423
-4596
-4968
-5147
-5481
-5061
-3151
-318
2433
4563
5826
6379
6476
6005
5066
3789
2664
1918
1611
1658
1766
1760
1507
1087
-6
-1719
-3550
-5153
-6499
-7467
-7587
-6514
-4474
-2191
-148
1563
2945
3746
3398
2093
866
-28
-575
-890
-658
161
1327
2107
2038
1695
1283
899
-171
-1888
-3690
-5078
-5630
-5442
-4682
-3609
-2185
-723
640
1672
2168
2251
2375
2814
3254
3251
2874
2772
3150
3569
3545
2969
2054
1076
-171
-1656
-3045
-4060
-4739
-5453
-5973
-6680
-8383
-10427
-10648
-8050
-5055
-2951
-1513
1100
4896
8368
9548
8594
7458
6961
6255
4281
2333
1282
1077
1218
1317
1681
2428
3342
3067
1536
-353
-1771
-2825
-3897
-4672
-5382
-5444
-4242
-1976
408
2378
3829
4570
5006
5116
4662
3502
2183
1480
1312
1443
1652
1789
1751
1304
623
-368
-1473
-3087
-5134
-6763
-7115
-6209
-4987
-3523
-2230
-745
741
1892
2322
2102
1864
1439
1002
799
1233
2127
3177
3948
3959
3596
3233
3018
2286
658
-1633
-3690
-4778
-5011
-4834
-4710
-4262
-3240
-1929
-604
514
1235
1875
2856
3743
4002
3900
3801
3654
3309
2564
1567
390
-627
-1668
-2953
-4164
-5055
-5559
-5931
-6030
-6162
-7236
-9537
-11138
-9996
-6993
-4511
-2933
-1058
2478
6634
9444
9817
9177
8617
8012
6441
4213
2545
1648
1223
987
1127
1782
2572
2791
2122
872
-507
-1725
-2909
-3764
-4426
-4848
-4473
-2732
-184
2260
4151
5337
6072
6302
5875
4737
3156
1727
802
459
467
560
501
434
342
-202
-1415
-3214
-5053
-6652
-7134
-6794
-5897
-4661
-2837
-675
1381
3086
3978
3914
3178
2619
1997
1253
834
1026
1581
1993
2125
2023
2206
2432
1853
170
-1822
-3327
-4251
-4767
-4962
-4891
-4486
-3409
-1973
-539
511
1092
1337
1644
2320
2800
2624
2288
2334
2496
2513
2258
1912
1355
388
-1190
-2702
-3681
-4374
-5309
-6345
-6956
-7468
-8789
-10474
-10660
-8295
-5340
-3154
-1353
1647
5741
9031
10245
9676
9048
8542
7765
5767
3625
2143
1351
1129
1275
1844
2416
2759
2585
1713
675
-384
-1304
-2334
-3371
-4207
-4313
-3277
-1287
501
1696
2711
3584
4154
4216
3613
2592
1516
646
248
361
904
1126
984
698
378
-358
-1605
-3025
-4418
-5489
-6283
-6272
-5729
-4508
-3024
-1484
-116
1204
2338
2767
2897
2893
2833
2636
2581
2734
2838
2830
2511
1878
1251
745
-66
-1592
-3340
-4782
-5690
-6020
-5761
-4991
-3848
-2284
-488
1022
2222
2985
3387
3586
3823
3874
3309
2592
2006
1789
1566
1156
345
-761
-1642
-2508
-3342
-4291
-5110
-5781
-6222
-6385
-6637
-7638
-9023
-9413
-7658
-4998
-2490
-179
2623
5885
8478
9657
9325
8592
7977
6960
4819
2566
1178
918
1442
1986
2449
2936
3515
3573
2777
1481
231
-880
-2224
-3571
-4568
-4576
-3683
-2469
-1293
-22
1523
2757
3396
3568
3559
3340
2806
2360
2390
2638
2451
1578
794
330
-54
-1095
-2758
-4340
-5509
-6031
-6363
-6337
-5740
-4352
-2894
-1543
-110
1468
2708
3251
3443
3549
3555
3230
2622
2161
1939
1863
1330
527
88
-241
-1131
-2501
-3678
-4319
-4604
-4646
-4545
-4068
-2939
-1377
-107
906
2040
2987
3674
4210
4640
4498
3748
2708
1932
1472
838
-138
-1568
-2597
-3229
-3696
-4417
-4833
-5034
-5181
-4971
-4567
-4007
-4672
-6399
-7730
-6588
-3670
-886
1029
2660
5227
7773
9212
8605
7214
6137
5032
2961
560
-490
-38
1092
1886
2472
3464
4625
5007
4027
2473
1034
-261
-1885
-3651
-4797
-4926
-4347
-3539
-2651
-1454
10
1208
1849
2192
2306
2171
1811
1621
1890
2410
2558
2156
1747
1516
1024
-264
-1972
-3209
-4231
-5290
-6377
-6811
-6063
-4631
-3302
-2231
-874
764
2212
3018
3450
3763
3659
3133
2674
2652
2917
2850
2137
1102
486
195
-410
-1477
-2649
-3499
-4142
-4394
-3985
-2740
-1206
13
685
1238
2188
3248
3854
3816
3501
3086
2506
2193
2139
1934
1259
162
-884
-1727
-2339
-3110
-3834
-4357
-4789
-4940
-4905
-4153
-3439
-3425
-5360
-7657
-8505
-6473
-3916
-2316
-1128
602
3309
5399
6534
6368
5963
5064
3716
2277
1803
2569
3265
3742
4131
5006
5832
5928
5037
3370
1731
45
-1702
-3467
-4770
-5549
-5936
-5765
-4960
-3576
-1860
3
1651
2748
3699
4478
4900
4796
4745
4537
4135
3379
2533
1553
566
-757
-2161
-3368
-3983
-4610
-5660
-6579
-6410
-5205
-3782
-2431
-1188
274
1885
3175
4118
4621
4786
4084
3203
2709
2620
2259
1219
111
-820
-1263
-1817
-2274
-2482
-2594
-3090
-3748
-3400
-2069
-630
-128
-336
-29
1025
2345
3242
3667
3682
3420
2970
2661
2585
1992
552
-1071
-2210
-2968
-3845
-4475
-4883
-4986
-5182
-5299
-5074
-4344
-3206
-2809
-3190
-4697
-6489
-7509
-6418
-4022
-2147
-753
544
3157
5779
7542
7159
5646
4552
4230
3816
2844
2356
2512
3336
3902
4217
4620
4850
4547
3221
1734
785
200
-820
-2428
-3783
-4367
-4289
-3956
-3407
-2366
-925
399
1426
2646
3793
4423
4016
3533
3382
3316
2654
1709
808
151
-534
-1235
-1632
-2119
-3012
-4295
-5095
-5232
-4420
-3610
-3032
-2391
-1230
326
1850
3330
4282
4429
3887
3424
3410
3226
2636
1417
154
-856
-1200
-1190
-1059
-1234
-1994
-2771
-2885
-1997
-964
-529
-747
-881
-383
641
1865
2576
2725
2588
2355
2369
2490
2147
975
-834
-2764
-4147
-4698
-4968
-5244
-5876
-6261
-6065
-4997
-3494
-1918
-1053
-561
-110
-8
-1591
-4415
-6545
-6360
-4613
-3589
-2768
-1605
1069
3561
5174
5452
5721
6325
6471
5629
4493
4470
4900
5355
5301
5110
5068
5035
5018
4395
3372
1641
-597
-2906
-4525
-5682
-6498
-6800
-6077
-4535
-2494
-172
2249
4423
5902
6374
5754
4914
4315
3799
2694
1225
-21
-1058
-1554
-1897
-2163
-2933
-3658
-4852
-5915
-6249
-5632
-4448
-3544
-2453
-1275
502
2556
4332
5365
5534
5173
4327
3380
2311
1173
-318
-1998
-3228
-3573
-2837
-1963
-1580
-1514
-1295
-837
-344
87
269
221
-145
-273
122
833
1550
1809
1840
1877
1800
1366
519
-397
-1609
-3209
-4775
-5343
-5058
-4787
-4787
-4757
-3846
-2195
-555
239
731
1316
1837
1894
1702
643
-2086
-5505
-7477
-6790
-5101
-3861
-3102
-1457
1478
4428
6034
6328
6759
7331
7306
6203
5257
5068
5220
5177
5059
5363
5848
5627
4106
1915
246
-912
-2493
-4754
-6825
-7712
-7487
-6564
-5188
-3395
-1031
1313
3037
4060
4978
5455
5087
3707
2320
1264
750
62
-369
-709
-1181
-1812
-2713
-3162
-3497
-3692
-4530
-5082
-5093
-4045
-2680
-1350
31
1399
2884
4038
4872
4919
4279
2885
1241
-106
-912
-1186
-1620
-1903
-1702
-768
180
917
1119
878
430
-74
-449
-622
-665
-800
-914
-476
422
1395
1771
1576
1108
236
-820
-1828
-2583
-3185
-3863
-4297
-4098
-3127
-1964
-1070
-556
-108
204
252
177
202
396
461
388
102
-253
-1661
-4299
-6954
-7533
-5847
-4439
-3694
-3010
-703
2551
5565
6945
7316
7657
7958
7599
6385
5681
5363
4711
3434
2159
1715
1852
1832
833
-696
-1789
-2299
-3039
-4183
-5044
-5296
-5128
-4613
-3605
-1864
554
2751
4048
4638
4873
4732
3887
2835
1913
978
-341
-1553
-2410
-2397
-1954
-1578
-1678
-1607
-1379
-1721
-2070
-2083
-1503
-1071
-592
-11
1014
2331
3294
3637
3301
2873
2081
993
141
-295
-609
-1243
-1665
-1494
-661
266
739
649
392
437
378
29
-241
-258
-236
-343
-329
-203
69
-65
-686
-1595
-2264
-2432
-2538
-2664
-2995
-3295
-3286
-2835
-2020
-1301
-927
-1205
-1271
-1160
-523
-50
380
661
960
1314
1462
1759
1688
837
-1864
-5506
-8123
-8003
-6258
-5156
-4283
-2860
293
3943
7057
8687
9165
8975
8062
6354
4442
3341
2490
1540
587
379
995
1743
1926
1382
559
-314
-1426
-2971
-4446
-5263
-5315
-4798
-3698
-2072
-175
1705
3112
3820
4121
4170
3695
2535
1103
35
-483
-586
-516
-446
28
501
888
912
897
383
-578
-1496
-2082
-1839
-1238
-538
-303
280
1415
2727
3247
2851
2033
949
-140
-1024
-1695
-2144
-2231
-1995
-1722
-909
414
1594
1956
1671
1073
235
-281
-662
-1302
-2244
-2952
-3168
-3024
-2503
-2121
-2128
-2499
-2550
-2261
-1912
-1604
-1581
-1901
-2213
-1884
-1204
-528
-164
-57
-14
322
940
1436
1699
1942
2024
1958
1825
1944
1975
1248
-685
-3868
-6666
-7764
-6612
-5092
-3765
-2472
-323
2622
5369
7059
7226
7063
6619
5833
4402
3255
2818
2560
2033
1103
709
972
1515
1049
-342
-1600
-1917
-2002
-2569
-3474
-3923
-3750
-3261
-2281
-926
684
1918
2584
3049
3632
3887
3248
1967
1130
887
526
-299
-739
-338
127
204
242
642
1019
757
-28
-714
-611
-225
-248
-561
-227
554
1135
1273
1109
822
126
-788
-1575
-1889
-1792
-1649
-1641
-1369
-539
589
1304
1558
1350
846
219
-390
-721
-1328
-2152
-3111
-3648
-3590
-3182
-2941
-3010
-2930
-2701
-2230
-1690
-1169
-1030
-1229
-1348
-1121
-536
-67
111
110
321
741
1256
1547
1863
2147
2237
2301
2309
2756
2671
1840
168
-1809
-4412
-6985
-8325
-7871
-6278
-4863
-3160
-856
2586
5640
7482
7482
6900
6479
5783
4395
2734
1576
707
204
19
563
1536
2264
2184
1682
1453
1445
1021
-167
-1454
-2567
-3081
-3142
-2602
-1815
-827
60
779
1395
1848
1821
1247
485
-39
-251
-155
-12
663
1290
2147
2678
3494
3921
3599
2618
1527
491
-654
-1469
-2273
-2779
-2963
-2547
-1883
-1367
-950
-1008
-1199
-1233
-1160
-1249
-1359
-1112
-818
-504
247
1479
2641
2996
2585
1715
753
-287
-1772
-3506
-4853
-5637
-6129
-5957
-5020
-3623
-2610
-1777
-855
101
937
1384
1302
900
577
369
218
513
1058
1526
1638
1832
1952
1941
1664
1082
284
-401
-606
-386
-220
-265
-428
-800
-1551
-3260
-5008
-5925
-5230
-4261
-3557
-2730
-1070
1472
3695
5130
5373
5333
5108
4704
3657
2168
1008
142
-63
155
794
1632
2507
3204
3418
3248
2881
1971
428
-1342
-2789
-3800
-4150
-3994
-3281
-2017
-544
619
1592
2568
3293
3521
3267
2963
2698
2466
2288
2523
2710
2955
2966
2895
2313
1750
596
-902
-2017
-2441
-2979
-3792
-4129
-3927
-3103
-2148
-1364
-1165
-1255
-1146
-1135
-1130
-999
-712
-681
-548
35
847
1430
1650
1341
352
-967
-2004
-2831
-3626
-4248
-4612
-4573
-3947
-2874
-2024
-1318
-481
388
897
1334
1693
1988
2018
1765
1556
1510
1850
2031
1730
1188
822
509
-119
-718
-1137
-1332
-1265
-910
-57
961
1965
2325
2086
1056
-425
-2854
-5781
-7673
-8113
-7163
-6246
-4585
-2390
888
3798
5631
5979
5770
5632
4842
3531
1894
909
406
391
915
1820
3154
4223
4751
4397
3849
2986
1815
-41
-2022
-3620
-4445
-4604
-3920
-2627
-946
648
1915
2899
3805
4382
4021
3025
1881
1100
480
439
767
1215
1458
1821
2185
1927
1306
140
-1508
-3126
-3967
-4440
-4685
-4300
-3425
-2415
-1701
-746
260
771
478
-284
-1144
-1610
-1637
-1638
-1880
-1688
-910
-104
409
799
842
332
-482
-1330
-1957
-2230
-2389
-2553
-2509
-1858
-603
575
1559
2285
2516
2316
2225
2165
1587
656
-285
-970
-1262
-1062
-817
-708
-556
-382
-321
-365
-349
-435
-632
-664
-550
-281
173
802
1337
1689
1726
1469
157
-2025
-4856
-7357
-8386
-7589
-6053
-4652
-2766
-332
2686
5102
6717
6917
6292
5278
4070
2647
1583
1307
1494
1933
2637
3614
4593
5270
5329
4652
3433
2011
492
-1249
-2610
-3544
-3903
-3819
-2974
-1760
-331
1129
2196
2727
2724
2440
1917
1211
364
-313
-625
-402
-54
252
888
1488
1934
1715
1328
365
-578
-1606
-2589
-3511
-3993
-3963
-3911
-3596
-3111
-2512
-2346
-2169
-1786
-1409
-967
-429
-79
110
409
753
921
980
1060
814
361
65
104
126
28
-174
-366
-427
-210
-166
-405
-537
-769
-1053
-1132
-597
110
347
95
-96
-156
-128
-83
-449
-976
-1432
-1662
-1763
-1697
-1350
-1140
-955
-708
-262
118
329
363
578
723
852
607
4
-1202
-3149
-4489
-4751
-4064
-3412
-2580
-1336
605
2634
3957
4550
4436
4230
3718
3177
2848
2971
3037
3018
3438
4397
5481
5956
5573
4352
2896
1439
70
-1374
-2674
-3634
-4007
-3760
-2843
-1638
-380
597
1172
1124
841
435
-35
-716
-1363
-1329
-642
585
1853
3190
4097
4605
4467
3750
2576
928
-1198
-3576
-5231
-5660
-5169
-4484
-3696
-2734
-1684
-642
138
413
141
-420
-1094
-1436
-1097
-341
382
806
1291
2029
2786
3294
3117
2105
513
-1021
-2143
-2750
-3038
-3081
-3077
-2883
-2414
-1702
-880
-274
-82
-390
-976
-1313
-1404
-1460
-1650
-1942
-2014
-1694
-980
-474
-449
-648
-843
-1099
-1278
-1282
-1238
-1107
-559
198
652
822
637
44
-1677
-3623
-5036
-4887
-3738
-2628
-1543
-156
2374
4782
6665
7251
7319
7096
6631
5723
4586
3769
3303
3286
3305
3508
3769
3925
3665
2913
1890
707
-569
-2064
-3495
-4443
-4708
-4478
-3771
-2660
-1082
547
1858
2577
2883
2808
2245
1382
611
477
406
85
-365
-128
457
702
623
138
-462
-1459
-2327
-3323
-3770
-3480
-2944
-2537
-2002
-731
323
853
958
779
438
-115
-628
-1228
-1350
-1002
-592
-301
56
693
1134
1168
955
492
-144
-634
-1042
-1557
-1997
-1984
-1783
-1562
-1222
-811
-662
-741
-838
-1011
-1209
-1378
-1476
-1791
-2103
-2189
-1934
-1492
-1161
-1178
-1306
-1194
-790
-569
-519
-225
265
682
1236
1811
2400
2930
3146
3318
2926
2391
1327
-189
-2104
-4456
-6347
-7190
-5827
-3533
-1155
916
3242
5761
7472
8134
7548
6633
5321
3715
1775
508
312
630
987
1272
1828
2354
2338
1831
977
-49
-1220
-2474
-3604
-4007
-3768
-3253
-2436
-1297
-63
927
1604
1845
1575
904
30
-623
-762
-400
45
599
1486
2583
3539
4019
3933
3362
2390
1081
-493
-1777
-2603
-3045
-3334
-3290
-2868
-2264
-1556
-1222
-1170
-1278
-1466
-1590
-1601
-1215
-596
159
894
1595
2172
2671
2983
2548
1504
197
-976
-1913
-2862
-3718
-4322
-4613
-4640
-4348
-3739
-2976
-2334
-1971
-1893
-1725
-1436
-1042
-811
-673
-607
-486
-103
351
830
953
865
664
551
561
589
627
656
836
1067
1352
1799
2313
2647
2818
2723
2451
2058
1288
35
-1677
-3680
-5074
-5097
-3808
-2272
-1133
44
1422
3107
4212
4342
3546
2797
2272
1761
1393
1409
1916
2527
3078
3511
3964
4078
3639
2474
985
-324
-1288
-2081
-2861
-3374
-3641
-3578
-2917
-1779
-680
102
467
653
921
1367
1613
1697
1830
2464
2881
3415
3912
4525
4661
4314
3632
2319
937
-731
-2413
-4235
-5509
-6015
-6049
-5839
-5340
-4418
-3455
-2315
-1204
-465
-24
388
936
1301
1676
2115
2246
2093
1872
1563
1057
266
-786
-2157
-3479
-4301
-4775
-5217
-5373
-5257
-4808
-4023
-2894
-1619
-576
251
812
1151
1479
1656
1430
885
381
-5
-73
146
501
482
379
339
535
811
1063
1125
885
638
548
650
870
1125
1250
1185
1261
1660
2090
2157
1628
564
-980
-2894
-4542
-5370
-5110
-4140
-3291
-2290
-853
1292
3136
4308
4641
4587
4429
4058
3784
3393
3239
3064
2963
2991
3123
3295
3028
2476
1558
420
-623
-1492
-2357
-3102
-3474
-3256
-2639
-1879
-989
127
1245
2156
2664
2833
3022
3410
3507
3273
2890
2705
2372
1861
1196
271
-822
-1886
-2842
-3845
-4553
-5035
-5109
-4793
-4151
-3444
-2922
-2238
-1383
-558
35
415
662
768
776
668
482
270
85
-362
-1024
-1615
-1906
-2076
-2202
-2331
-2382
-2235
-1821
-1409
-1188
-1143
-1043
-835
-554
-343
-252
-309
-295
-24
363
807
1128
1158
918
738
659
462
17
-671
-1375
-1930
-2087
-1699
-969
-214
398
891
1490
2243
2654
2526
2103
1854
1626
1323
1033
954
832
331
-761
-2325
-3806
-4889
-5005
-4437
-3125
-1811
-206
1670
3911
5848
6724
6681
6029
5443
4665
3696
2600
1918
1626
1497
1430
1505
1937
2154
1965
1327
691
-29
-870
-1855
-2613
-2841
-2610
-1917
-1034
83
1308
2206
2740
2834
2549
2004
1228
497
-247
-848
-1222
-1252
-1413
-1358
-1191
-1043
-1359
-1790
-2172
-2862
-3451
-3876
-4025
-4198
-3781
-3105
-2282
-1507
-705
12
105
109
10
-129
-244
-156
-56
42
501
1033
1398
1605
1698
1259
338
-594
-1333
-2116
-3036
-3794
-4226
-4118
-3482
-2776
-1983
-1017
21
706
1147
1708
2201
2249
2032
1816
1600
1407
1119
593
-36
-540
-894
-1334
-1650
-1678
-1702
-1731
-1424
-691
250
1192
2011
2852
3471
3972
4128
4123
3849
3316
2338
1057
-424
-2057
-3793
-4663
-4602
-3782
-2755
-1632
-237
1341
2964
3973
4525
4493
4662
4686
4614
4368
4043
3720
3260
2931
2410
1781
1045
149
-940
-1957
-2550
-2757
-2814
-2893
-2789
-2438
-1760
-1045
-402
69
583
959
1045
1115
1196
1200
655
-74
-412
-317
-207
-620
-1019
-1453
-1675
-1932
-2158
-2657
-3059
-3316
-3486
-3484
-3061
-2379
-1873
-1436
-791
98
950
1583
2086
2301
2287
2050
1688
1220
713
78
-891
-1688
-2060
-2266
-2564
-2866
-2897
-2793
-2506
-2274
-2028
-1676
-1002
-321
212
719
1238
1642
1799
1870
1864
1602
1078
244
-658
-1326
-1573
-1777
-1950
-1977
-1680
-1024
-197
715
1549
2189
2586
2692
2723
2935
3041
3020
2697
2436
2452
2574
2495
2133
1610
801
32
-765
-1522
-2547
-3742
-4980
-5305
-4534
-2975
-1198
300
1740
2988
4239
4820
4907
4359
3577
2603
1580
762
331
379
428
364
322
434
565
458
194
-17
-291
-592
-901
-1159
-1195
-1086
-891
-762
-575
-325
-110
-130
-144
-275
-287
-313
-245
81
548
873
952
1053
1162
1176
958
556
99
-495
-1124
-1780
-2224
-2568
-2639
-2784
-2967
-2818
-2237
-1580
-1194
-928
-715
-514
-300
-64
100
310
308
172
-2
-35
1
-181
-665
-1326
-1936
-2368
-2584
-2604
-2440
-2228
-2042
-1748
-1176
-525
-40
284
465
607
671
740
793
766
635
437
416
603
931
1138
1232
1428
1761
2059
2181
2131
2002
1890
1877
1999
2110
2092
1906
1705
1548
1398
1080
709
380
81
-195
-580
-813
-1227
-1604
-2117
-2169
-1956
-1438
-717
-140
550
1234
2123
2602
2840
2669
2300
1787
1230
830
515
280
-18
-230
-241
133
510
687
714
712
637
493
412
169
-111
-418
-664
-788
-716
-657
-727
-720
-766
-841
-917
-932
-886
-789
-862
-898
-813
-478
-266
-189
-128
-194
-207
-385
-650
-1376
-2058
-2639
-3037
-3326
-3374
-3232
-2863
-2328
-1864
-1434
-908
-246
137
299
456
675
882
940
1047
1099
930
773
586
201
-270
-749
-1148
-1470
-1417
-1115
-735
-315
311
971
1569
2088
2448
2516
2387
2191
1881
1494
1271
1120
996
924
970
1039
1079
1220
1210
1032
728
346
-76
-491
-774
-1017
-1207
-999
-579
-119
328
843
1211
1312
1342
1151
793
337
-258
-1170
-2223
-3111
-3459
-3499
-3322
-2706
-1878
-727
490
1632
2400
2867
3153
3249
3096
2781
2466
2133
1883
1811
1854
2039
2100
2070
1864
1531
1110
579
-165
-1044
-1846
-2507
-2948
-3064
-2954
-2784
-2494
-1968
-1323
-682
-139
70
-1
-86
-153
-191
-356
-623
-725
-862
-879
-1084
-1162
-1336
-1782
-2358
-2942
-3212
-3306
-3004
-2756
-2356
-1728
-805
119
745
1368
1898
2290
2398
2309
2105
1781
1282
809
454
358
276
40
-263
-506
-497
-607
-672
-557
-356
-83
238
628
1189
1795
2329
2539
2536
2445
2379
2117
1567
824
-22
-673
-1095
-1296
-1403
-1314
-1121
-961
-730
-380
-117
-41
-23
69
325
579
867
1024
1107
1114
1095
883
519
112
-476
-1088
-1592
-1752
-1910
-1858
-1612
-1099
-447
253
940
1576
2152
2666
3020
3098
3051
2796
2414
1936
1417
977
633
288
-170
-645
-998
-1163
-1319
-1512
-1705
-1744
-1750
-1729
-1547
-1244
-872
-592
-557
-588
-579
-579
-781
-1017
-1132
-1205
-1256
-1253
-1060
-854
-609
-534
-545
-583
-521
-528
-668
-836
-893
-743
-539
-294
-58
149
401
598
603
630
697
610
517
478
647
857
965
978
816
659
327
-48
-441
-688
-874
-1071
-1149
-982
-555
-102
241
509
680
835
926
961
1003
967
842
582
335
200
112
82
-4
-206
-547
-905
-1079
-1003
-808
-693
-552
-425
-105
320
656
891
1084
1171
1155
1180
1232
1230
1172
1027
812
525
390
361
257
45
-250
-378
-348
-329
-320
-222
65
333
653
1009
1415
1704
1880
1793
1487
1149
669
90
-454
-846
-1220
-1479
-1649
-1747
-1724
-1626
-1438
-1206
-903
-735
-636
-487
-234
-17
25
-26
-12
143
232
138
-73
-305
-518
-666
-753
-775
-684
-555
-457
-329
-112
53
69
-40
-228
-381
-483
-527
-512
-468
-335
-196
25
395
710
915
895
809
662
504
305
62
-247
-469
-585
-632
-582
-502
-418
-393
-341
-323
-215
-130
-154
-176
-121
48
271
504
652
761
775
674
545
397
206
-41
-287
-466
-455
-345
-128
71
319
582
735
789
759
713
540
347
143
63
95
187
234
255
323
396
362
82
-188
-600
-960
-1260
-1329
-1224
-894
-406
122
770
1493
2053
2317
2462
2377
2165
1737
1127
564
65
-374
-798
-1025
-1031
-1014
-949
-982
-976
-855
-686
-681
-765
-727
-489
-230
-5
257
576
875
983
1035
1093
1118
940
517
71
-256
-551
-893
-1121
-1202
-1252
-1243
-1272
-1269
-1165
-1089
-1106
-1119
-1021
-849
-627
-380
-139
119
378
547
640
694
660
526
257
23
-221
-437
-547
-646
-703
-671
-625
-608
-556
-462
-351
-290
-245
-186
-99
16
119
214
272
298
306
368
380
465
629
783
895
1004
1096
1112
1048
969
886
845
836
733
611
459
394
304
231
164
120
-23
-190
-308
-404
-485
-793
-1009
-1108
-1026
-981
-995
-958
-801
-599
-347
-91
347
753
1031
1262
1400
1594
1706
1650
1439
1153
823
461
132
-166
-381
-533
-704
-764
-682
-469
-272
-78
125
212
327
342
253
134
101
98
-4
-19
-18
62
231
313
291
229
134
-86
-399
-649
-707
-701
-793
-911
-920
-848
-726
-641
-639
-680
-674
-737
-890
-995
-1074
-1103
-1115
-1065
-927
-714
-466
-247
15
281
483
581
651
647
500
312
93
-45
-148
-169
-194
-152
-45
37
-5
-112
-210
-281
-298
-285
-258
-148
3
233
579
984
1417
1675
1855
1848
1730
1617
1320
978
638
335
29
-253
-398
-488
-535
-567
-599
-670
-672
-739
-820
-908
-834
-623
-490
-292
-126
123
246
358
451
433
364
227
103
99
249
513
759
998
1299
1583
1821
1959
1928
1686
1351
931
519
257
52
-160
-427
-574
-643
-626
-647
-738
-761
-775
-836
-954
-963
-858
-760
-597
-440
-204
81
189
210
111
-57
-322
-679
-945
-1117
-1180
-1229
-1189
-1060
-868
-755
-674
-558
-448
-356
-402
-504
-572
-499
-437
-270
-17
273
511
651
819
1001
1108
961
734
519
390
282
148
-2
-116
-174
-264
-359
-382
-394
-372
-325
-343
-253
-68
125
264
360
429
482
578
660
749
729
632
522
459
392
309
156
-61
-233
-340
-329
-381
-327
-297
-354
-440
-561
-598
-601
-671
-803
-899
-848
-684
-511
-343
-114
83
289
512
724
977
1158
1207
1153
1095
1056
960
830
664
594
658
750
860
908
949
867
727
448
144
-95
-379
-628
-860
-966
-871
-616
-388
-136
135
375
593
689
698
552
338
98
-171
-324
-502
-615
-766
-869
-916
-916
-806
-708
-597
-576
-516
-356
-145
46
196
224
164
185
194
186
150
-5
-241
-385
-459
-446
-377
-330
-338
-261
-116
41
179
255
257
140
49
-55
-185
-265
-372
-559
-675
-733
-743
-747
-732
-692
-636
-534
-429
-295
-215
-138
3
225
459
592
665
664
634
573
499
401
233
82
-74
-255
-377
-368
-316
-306
-273
-258
-199
-59
55
129
221
308
391
542
605
636
617
592
518
479
539
617
671
715
776
793
811
758
705
581
461
399
373
395
380
304
163
46
-27
-77
-81
-93
-56
4
79
189
351
461
480
390
274
155
-4
-171
-374
-499
-575
-539
-461
-381
-324
-360
-353
-325
-279
-267
-285
-263
-233
-177
-72
29
95
72
-37
-103
-147
-313
-446
-616
-796
-894
-998
-1010
-928
-772
-648
-503
-343
-318
-332
-398
-482
-549
-644
-743
-827
-865
-881
-864
-796
-685
-618
-604
-596
-535
-491
-387
-243
-107
107
385
661
962
1272
1440
1587
1631
1565
1446
1238
1048
833
694
611
513
504
502
537
558
540
546
447
328
157
10
-40
-120
-153
-175
-90
0
60
147
220
251
277
244
115
56
47
38
11
-15
-68
-137
-211
-288
-314
-299
-307
-310
-279
-190
-34
162
379
599
773
925
1030
1051
1010
818
547
218
-163
-455
-644
-759
-843
-879
-822
-674
-477
-307
-251
-195
-222
-234
-185
-152
-174
-232
-237
-165
-76
35
78
12
-79
-177
-275
-429
-517
-611
-704
-793
-816
-775
-720
-613
-556
-517
-425
-294
-165
-132
-139
-160
-241
-325
-358
-366
-404
-399
-371
-289
-140
35
166
317
462
518
576
623
673
694
708
683
639
629
604
588
523
468
423
302
188
130
105
151
179
212
297
348
351
327
268
179
-27
-266
-455
-591
-634
-659
-677
-630
-449
-193
72
227
372
455
478
439
344
284
202
110
26
-65
-68
-46
1
72
139
209
257
363
431
595
726
862
992
1071
1154
1180
1113
940
695
383
11
-409
-704
-979
-1117
-1204
-1172
-1019
-818
-598
-390
-169
1
124
124
94
95
121
151
138
98
102
71
-48
-150
-283
-491
-746
-1028
-1251
-1347
-1361
-1386
-1279
-1078
-857
-561
-266
70
391
600
648
594
533
401
211
-12
-263
-381
-422
-409
-360
-359
-343
-383
-425
-371
-333
-303
-234
-100
42
240
439
600
753
840
853
799
788
744
602
438
244
169
140
63
-8
-80
-98
-58
-90
-96
-47
-11
31
68
146
207
322
393
475
559
631
679
687
620
531
464
340
147
-111
-339
-477
-559
-542
-511
-380
-146
122
336
503
713
794
853
870
846
790
714
644
563
529
434
318
178
-14
-279
-536
-770
-923
-1011
-1053
-1063
-1048
-899
-761
-575
-443
-317
-186
-94
-48
-52
-44
-42
-93
-123
-154
-259
-288
-352
-433
-467
-535
-605
-718
-720
-646
-559
-442
-342
-210
-111
47
181
254
335
399
431
423
441
386
292
177
47
-79
-156
-253
-360
-400
-444
-475
-422
-286
-168
-2
130
194
281
352
328
278
288
271
233
227
265
348
376
402
368
341
294
281
231
149
116
70
129
145
230
323
386
441
413
363
296
177
71
-42
-128
-157
-163
-100
-78
-42
-13
66
122
161
131
131
153
145
256
342
422
492
474
451
390
303
214
95
-6
-108
-199
-222
-161
-60
31
118
148
156
108
2
-145
-335
-560
-737
-848
-841
-834
-824
-699
-605
-484
-364
-271
-194
-170
-175
-177
-164
-75
39
130
177
231
236
209
177
68
-51
-221
-417
-555
-639
-678
-658
-596
-484
-351
-147
91
324
494
592
611
549
423
264
58
-192
-454
-702
-806
-874
-854
-787
-635
-448
-248
-38
127
253
370
490
615
741
893
1006
1078
1102
1125
1136
1093
971
762
599
463
309
139
36
12
11
81
118
151
189
169
178
123
90
37
-32
-57
-110
-110
-71
-88
-62
-15
-27
-103
-186
-272
-380
-514
-601
-629
-635
-564
-486
-363
-238
-71
66
171
220
194
152
46
-30
-128
-151
-201
-218
-147
-82
11
38
80
46
-11
-46
-155
-242
-331
-375
-415
-461
-448
-430
-452
-446
-359
-295
-247
-199
-105
9
86
154
223
284
318
315
266
211
171
143
79
6
-32
-122
-227
-292
-352
-364
-300
-240
-143
-63
29
136
197
247
269
298
285
196
147
84
56
73
105
155
261
435
553
682
768
824
821
737
642
499
406
305
213
168
149
193
203
210
175
127
-8
-128
-238
-339
-402
-450
-411
-346
-267
-216
-143
-81
-29
-30
-65
-83
-131
-136
-159
-204
-213
-206
-196
-245
-253
-277
-274
-283
-278
-291
-275
-173
-107
-41
-31
61
82
111
109
113
134
103
97
87
65
26
27
-37
-51
-3
-47
-55
-75
-115
-134
-198
-238
-295
-323
-376
-401
-385
-344
-295
-199
-115
-55
16
73
142
166
143
129
121
89
89
95
101
93
81
89
89
96
47
31
-21
-30
-50
-49
-12
-29
-37
-17
25
75
151
213
227
202
204
102
-20
-113
-199
-232
-215
-183
-115
25
189
322
419
491
511
521
518
484
470
444
402
379
332
217
95
-32
-136
-253
-361
-438
-436
-377
-313
-184
-5
113
226
344
408
419
425
397
290
155
18
-134
-311
-453
-563
-630
-637
-602
-523
-413
-314
-200
-88
65
189
252
309
379
393
313
272
189
122
72
-59
-117
-141
-135
-146
-185
-195
-198
-164
-177
-171
-110
-85
-82
-138
-160
-176
-191
-237
-256
-296
-338
-370
-409
-442
-484
-474
-419
-270
-176
-84
48
148
267
408
511
555
586
607
576
514
459
395
327
275
220
157
108
57
-41
-108
-116
-94
-85
-45
-16
13
19
17
13
-14
-3
-73
-118
-173
-178
-164
-159
-135
-93
-48
-6
69
73
69
17
32
67
66
64
41
57
52
99
149
199
210
161
81
31
80
115
151
148
143
193
212
251
273
245
167
79
-34
-157
-195
-219
-292
-335
-284
-235
-197
-166
-122
-188
-205
-191
-194
-165
-210
-251
-271
-222
-165
-107
-43
-4
15
42
34
25
10
2
12
1
-7
-7
-37
-58
-115
-185
-247
-315
-347
-341
-379
-355
-269
-166
-98
-50
66
146
227
261
284
329
391
391
374
384
427
454
454
461
464
422
346
254
187
143
113
94
53
107
127
161
214
252
239
192
112
27
1
-95
-176
-232
-299
-344
-360
-345
-302
-293
-290
-276
-258
-258
-282
-266
-207
-169
-126
-29
64
109
106
122
141
141
172
152
135
120
75
41
43
93
102
99
126
132
119
115
80
42
8
-12
-68
-53
-33
-51
-54
-47
-56
-129
-145
-189
-246
-277
-319
-374
-421
-466
-497
-495
-482
-441
-406
-394
-353
-297
-235
-159
-40
31
90
134
127
145
117
120
135
142
102
65
68
60
86
131
144
158
179
220
277
344
421
510
581
677
728
711
632
525
454
387
273
138
38
-35
-103
-170
-133
-95
-81
-100
-91
-57
-41
6
-4
-45
-111
-144
-151
-179
-166
-166
-157
-151
-142
-138
-148
-172
-220
-266
-309
-309
-284
-213
-111
-46
6
66
119
153
181
167
154
130
84
16
-57
-89
-100
-120
-141
-145
-157
-114
-61
-36
55
101
166
198
217
198
179
110
63
37
30
67
53
64
75
95
46
33
-12
-55
-110
-211
-310
-374
-427
-461
-519
-563
-524
-507
-503
-465
-370
-252
-102
18
110
201
264
309
330
334
345
302
239
183
165
164
132
107
102
63
44
43
94
172
255
347
390
455
532
619
612
617
568
467
374
233
100
-80
-259
-414
-565
-650
-670
-647
-572
-457
-324
-217
-132
-51
8
80
166
209
236
270
233
169
120
62
-18
-88
-193
-284
-329
-374
-388
-369
-296
-195
-67
64
188
310
394
407
426
417
350
262
165
66
0
-9
-43
-69
-85
-61
-86
-79
-114
-187
-187
-188
-204
-227
-188
-123
-83
-50
-7
44
76
62
5
-8
-32
-97
-144
-195
-237
-288
-371
-387
-357
-346
-329
-298
-254
-218
-178
-131
-76
0
80
142
209
238
277
298
279
274
303
318
299
293
263
230
218
202
191
199
221
230
255
260
261
274
280
280
256
225
227
237
201
167
86
8
-38
-122
-171
-245
-307
-373
-444
-470
-481
-449
-405
-339
-235
-136
-33
45
133
198
233
262
236
220
159
83
9
-48
-52
-54
-41
-42
-43
-79
-132
-161
-198
-206
-183
-155
-116
-92
-77
-28
26
51
67
92
71
23
-15
-84
-142
-190
-231
-216
-189
-149
-134
-120
-105
-77
-71
-95
-106
-118
-81
-78
-52
-3
20
51
74
124
154
121
70
42
22
29
54
44
36
75
129
170
237
286
285
270
220
198
174
139
126
135
145
169
198
249
283
294
270
280
254
250
234
176
117
15
-53
-118
-166
-222
-256
-277
-310
-311
-274
-262
-245
-186
-126
-45
23
95
135
147
153
135
103
36
-38
-134
-218
-265
-311
-323
-302
-276
-249
-215
-132
-80
-49
4
6
29
58
58
101
145
168
174
210
220
185
120
96
56
-14
-73
-175
-220
-247
-258
-287
-289
-251
-214
-189
-120
-60
4
11
-12
8
-15
7
29
20
-32
-52
-87
-97
-100
-156
-219
-281
-305
-272
-229
-144
-30
64
178
245
324
420
482
537
537
506
469
411
325
248
197
163
127
60
16
-40
-50
-52
-76
-96
-117
-80
-41
-56
-5
22
61
86
79
98
132
131
107
80
33
14
-41
-81
-133
-175
-207
-210
-165
-118
-65
-15
9
35
70
93
73
62
60
28
32
32
46
35
12
-10
-26
11
-11
-58
-118
-176
-187
-191
-174
-165
-146
-94
-91
-32
32
85
128
153
132
108
108
73
32
-15
-12
-44
-88
-85
-99
-157
-184
-182
-184
-181
-182
-157
-118
-90
-83
-62
-46
-40
-28
-17
-4
10
46
59
82
116
122
105
78
44
22
6
24
19
11
18
30
77
93
131
124
127
109
98
115
117
130
100
51
-5
-43
-69
-86
-134
-173
-239
-258
-241
-263
-248
-240
-249
-250
-253
-240
-188
-138
-63
26
81
113
155
167
137
155
130
128
133
164
189
214
231
228
249
219
239
252
213
197
163
132
111
100
64
91
110
161
213
208
228
229
255
256
252
234
225
171
85
2
-91
-131
-169
-199
-238
-233
-237
-252
-267
-251
-242
-241
-212
-205
-185
-192
-157
-156
-130
-114
-105
-104
-138
-143
-176
-172
-201
-250
-264
-287
-329
-331
-325
-278
-224
-192
-137
-71
-16
44
127
180
239
260
255
214
209
182
163
149
131
95
34
-27
-72
-102
-112
-88
-48
-8
66
128
158
250
258
241
243
210
197
160
151
101
38
27
7
1
7
24
42
40
43
49
34
19
61
72
105
145
183
169
191
182
169
176
149
133
106
55
-2
-19
-40
-18
-39
-46
-83
-86
-123
-155
-184
-242
-229
-219
-188
-134
-105
-71
-43
-5
41
62
45
23
-17
-64
-100
-160
-187
-222
-233
-242
-265
-239
-194
-188
-181
-192
-211
-206
-175
-135
-111
-69
-13
9
9
25
27
47
41
23
34
16
6
-33
-56
-52
-73
-27
3
29
81
129
167
207
238
257
261
253
235
189
216
204
154
121
51
-3
-54
-102
-115
-127
-116
-77
-59
19
66
121
194
263
308
329
306
270
253
194
222
200
176
113
60
32
-9
-23
-40
-31
-1
25
55
66
66
72
76
64
62
54
41
-22
-101
-154
-201
-234
-285
-288
-287
-323
-338
-347
-355
-357
-376
-380
-325
-272
-243
-191
-127
-50
37
50
106
132
103
64
-1
-9
-16
-42
-52
-24
-22
14
52
79
111
107
82
65
28
-12
-38
-67
-33
-13
26
56
64
66
50
65
70
50
19
5
7
2
-6
44
81
90
115
114
94
105
88
79
95
100
112
105
127
143
126
111
93
54
6
-26
-65
-80
-90
-129
-124
-94
-64
-59
-60
-35
-10
4
-4
1
-1
29
56
89
114
147
188
170
189
165
94
16
-48
-111
-162
-218
-233
-216
-175
-116
-83
-38
-24
3
-13
-27
-34
-33
-38
-56
-66
-63
-42
-25
-1
-21
-32
-44
-60
-75
-102
-101
-95
-61
-24
22
84
131
152
174
199
230
201
174
172
141
104
101
92
99
85
65
62
33
37
33
16
-9
-26
-29
-36
-39
-23
-10
2
-8
-28
-35
-37
-36
-19
-9
-2
-30
-66
-101
-145
-194
-212
-201
-222
-256
-294
-321
-334
-323
-283
-255
-202
-139
-141
-130
-126
-127
-61
-31
-13
4
30
67
96
136
166
186
185
168
151
133
136
148
171
202
180
196
258
285
329
362
414
448
458
458
456
400
306
228
174
119
55
8
-37
-59
-96
-139
-150
-164
-198
-219
-243
-204
-180
-189
-163
-134
-117
-114
-95
-113
-117
-151
-175
-199
-233
-229
-256
-262
-246
-247
-218
-177
-137
-142
-132
-107
-122
-107
-122
-144
-128
-111
-66
-49
-30
43
56
94
129
134
162
128
131
105
91
78
79
88
77
102
113
139
175
162
141
167
174
177
157
134
80
54
30
6
-12
6
12
-10
20
7
5
20
16
12
6
-15
-35
-40
-58
-68
-63
-74
-92
-105
-83
-82
-87
-53
-54
-54
-48
-35
-31
-17
29
63
84
99
110
100
120
99
82
94
115
97
69
65
43
50
55
80
97
77
70
72
56
33
-11
-51
-66
-89
-83
-82
-92
-87
-100
-84
-104
-92
-85
-111
-148
-141
-145
-161
-143
-146
-148
-139
-106
-89
-51
-31
-35
-28
-28
-21
-27
-2
3
13
29
21
22
54
63
57
69
66
64
73
75
94
100
110
118
126
144
142
128
103
78
47
3
-33
-63
-111
-132
-148
-166
-144
-144
-103
-69
-104
-119
-152
-174
-159
-129
-111
-79
-51
-34
8
40
49
88
133
106
96
114
118
96
97
89
78
96
99
113
116
107
124
144
155
175
176
197
226
232
266
297
285
275
235
182
144
73
-1
-29
-59
-97
-116
-142
-169
-177
-175
-161
-128
-137
-137
-153
-174
-167
-174
-162
-151
-114
-120
-124
-85
-92
-131
-176
-215
-216
-216
-209
-170
-183
-158
-107
-84
-48
2
16
76
104
122
146
106
105
88
72
56
63
58
69
47
-5
-23
-31
-35
-22
-22
-2
6
22
43
77
105
128
154
162
183
146
63
-12
-88
-136
-170
-184
-175
-190
-185
-163
-106
-72
-31
10
-23
-19
1
43
78
119
158
167
173
180
146
137
127
120
101
77
82
79
99
104
139
134
106
105
91
119
128
109
100
85
66
40
60
81
73
83
63
46
68
44
18
-13
-64
-68
-118
-163
-172
-174
-199
-240
-199
-189
-163
-122
-135
-122
-106
-93
-109
-113
-135
-162
-195
-196
-176
-169
-192
-222
-208
-196
-182
-173
-144
-135
-132
-100
-71
-48
-20
3
40
60
67
90
110
123
109
129
95
44
20
-12
-35
-59
-84
-41
-13
34
82
116
173
196
218
246
251
238
226
221
207
203
238
237
218
198
168
148
137
110
115
90
55
27
6
-2
-1
45
51
98
120
118
107
82
69
51
49
19
-22
-46
-48
-87
-94
-74
-75
-107
-133
-176
-188
-196
-193
-232
-239
-226
-244
-224
-191
-140
-123
-102
-101
-69
-63
-90
-70
-58
-74
-49
-29
-17
0
26
66
81
107
117
138
161
170
178
166
143
124
107
93
72
50
29
13
-42
-76
-87
-104
-82
-91
-70
-53
-46
-37
-33
-27
-21
-26
-37
-53
-71
-79
-102
-80
-64
-64
-70
-54
-46
-26
-20
-16
-6
-28
-30
-27
-35
-12
-7
-12
-12
-8
-4
-8
26
32
-1
27
50
42
33
11
20
-16
-25
-16
-19
-23
0
11
0
-27
-23
-7
21
60
74
90
85
89
84
78
70
67
39
8
22
17
11
19
10
31
46
41
55
110
144
138
122
105
112
127
122
127
159
136
147
123
151
143
106
75
15
-12
-58
-22
-25
-8
27
40
18
1
-2
1
-12
-40
-63
-86
-93
-108
-100
-94
-108
-151
-177
-226
-232
-244
-254
-260
-268
-246
-259
-239
-200
-202
-186
-185
-166
-135
-138
-145
-140
-132
-126
-105
-68
-40
-37
3
41
60
79
92
122
118
119
134
119
126
133
137
112
146
142
148
183
190
223
231
258
273
250
274
272
268
219
174
140
82
45
-32
-32
-71
-51
-44
-49
-44
-51
-44
-50
-23
-35
-27
-5
6
-6
2
-32
-50
-48
-45
-48
-69
-69
-96
-101
-102
-95
-66
-81
-42
-34
-40
-11
-21
-34
-64
-49
-55
-62
-85
-97
-101
-109
-95
-86
-91
-123
-153
-153
-173
-149
-102
-89
-30
19
43
57
47
57
83
94
122
119
100
84
82
75
87
85
58
58
64
91
72
81
51
33
46
-4
-19
-31
-13
14
19
39
50
34
51
33
14
31
47
45
56
89
93
71
57
54
53
29
-3
-2
-6
-5
-1
-10
11
18
28
9
-36
-47
-45
-55
-66
-67
-77
-91
-94
-79
-61
-16
9
40
73
108
98
82
102
93
79
49
50
37
22
-12
-35
-44
-70
-102
-123
-154
-107
-76
-71
-55
-76
-84
-84
-80
-60
-43
-37
-36
-28
8
-2
18
36
48
29
24
30
20
8
-21
-29
-2
-24
-50
-83
-121
-113
-134
-123
-83
-85
-74
-73
-65
-37
-22
-22
-18
-37
-48
-41
-50
-62
-44
-37
-33
-29
-9
45
80
121
142
121
96
73
62
41
29
3
28
34
17
9
26
30
20
62
90
63
69
82
88
93
88
101
110
134
144
166
192
173
187
175
144
141
106
84
56
22
5
27
22
16
-14
-18
-4
-15
-24
-47
-29
-40
-64
-66
-48
-46
-55
-66
-73
-105
-120
-128
-141
-158
-161
-183
-168
-163
-165
-125
-123
-97
-78
-59
-50
-56
-26
13
22
49
57
88
86
86
109
82
36
16
5
-13
-3
-12
-1
7
-7
13
-15
-34
-56
-61
-51
-54
-31
-22
-4
9
5
4
15
-3
-12
-14
-36
-59
-62
-66
-44
-19
-5
-5
8
34
56
57
51
50
24
44
59
69
94
59
42
29
12
25
22
37
30
57
58
39
58
34
13
35
25
16
-8
-12
-17
-44
-25
-22
2
-5
-24
-11
-15
-29
-30
-55
-65
-45
-48
-43
-26
1
16
24
42
23
29
13
3
35
69
89
79
89
83
62
31
48
57
64
81
67
61
37
2
-39
-48
-69
-79
-55
-36
-27
-3
8
5
0
14
2
-52
-61
-65
-71
-80
-113
-123
-142
-114
-97
-83
-54
-63
-45
-59
-53
-15
-11
-3
-1
-14
-41
-32
-32
-41
-30
-14
-4
-17
-3
6
5
23
42
73
95
97
74
89
96
87
108
116
144
108
117
115
107
106
82
96
60
39
30
31
-2
-11
-32
-15
-18
-47
-49
-46
-32
-56
-43
-51
-58
-57
-63
-75
-109
-110
-123
-146
-158
-151
-120
-116
-107
-55
-48
-22
18
22
22
18
-1
15
39
23
28
8
34
54
75
109
82
88
84
55
59
58
69
74
70
74
62
48
16
-11
-32
-76
-88
-77
-59
-72
-56
-48
-8
8
7
27
13
-3
8
48
51
20
21
0
-23
-25
-48
-45
-26
-26
-38
-33
-20
-27
-44
-37
-44
-43
-25
-14
5
14
39
22
23
26
16
43
45
34
14
30
36
-6
-1
-34
-57
-68
-72
-54
-20
-1
10
31
41
38
37
48
38
31
29
30
47
54
70
70
85
94
73
72
40
10
-1
-19
-18
-17
-45
-11
30
43
83
145
174
169
130
108
72
38
4
-37
-28
-9
-4
14
15
-3
-7
-32
-48
-53
-80
-95
-93
-84
-96
-108
-94
-63
-69
-65
-40
-34
-49
-45
-46
-52
-68
-87
-110
-133
-122
-105
-114
-109
-91
-70
-82
-87
-36
-29
-14
-8
-28
-32
-36
-32
-20
6
12
7
9
19
16
27
55
48
56
51
56
57
49
68
78
78
87
112
108
97
112
111
128
103
70
72
61
52
26
44
29
-18
-34
-59
-63
-64
-58
-58
-44
-49
-54
-21
-1
1
-11
2
-9
-15
-12
-27
-24
-47
-68
-53
-38
-21
-16
-17
-7
-4
-1
-14
11
-4
-14
0
-12
-2
0
12
5
-12
-4
-5
4
43
36
42
70
98
95
82
113
117
91
83
86
42
35
23
28
35
29
40
55
89
94
102
102
89
55
9
4
-40
-61
-46
-77
-91
-93
-61
-38
-38
-54
-101
-120
-140
-148
-121
-118
-128
-126
-133
-114
-122
-113
-89
-73
-57
-66
-71
-103
-113
-131
-114
-102
-82
-37
-15
-5
-33
-58
-78
-116
-86
-56
-30
-2
20
32
26
18
46
59
92
105
106
99
108
118
118
114
99
106
83
99
109
90
109
140
148
172
207
211
213
198
197
209
210
224
244
252
226
204
168
125
95
40
33
16
-1
3
-11
-17
-25
-40
-56
-55
-86
-112
-115
-140
-166
-205
-211
-218
-223
-225
-247
-235
-251
-289
-279
-257
-233
-210
-199
-175
-139
-98
-77
-74
-63
-35
-25
-46
-35
-28
-31
-27
-46
-33
-13
-1
12
7
-10
-10
-2
-24
-15
7
12
9
22
36
46
52
74
94
98
108
91
122
158
162
138
146
150
157
182
178
180
150
146
114
103
117
107
93
82
95
84
62
52
18
-21
-31
-65
-70
-32
5
39
47
72
81
69
30
-21
-30
-34
-70
-94
-78
-94
-105
-99
-108
-103
-117
-128
-124
-117
-100
-118
-126
-110
-122
-141
-147
-154
-117
-106
-98
-99
-98
-77
-74
-65
-48
-25
16
41
48
56
65
68
73
82
75
94
79
48
65
44
62
49
37
54
46
34
37
51
49
32
30
59
62
75
103
137
138
131
139
133
99
103
102
93
86
59
20
-42
-74
-100
-120
-124
-136
-151
-156
-156
-138
-97
-58
-55
-22
25
33
19
4
-11
-24
-33
-22
-20
3
5
21
36
29
28
1
-3
-3
-14
-31
-58
-87
-78
-28
-19
-9
-18
-50
-43
-23
-21
-20
5
10
-2
-4
-15
-24
-4
1
-21
-16
-38
-52
-32
-36
11
26
39
50
47
24
15
28
7
36
41
42
36
25
-5
-18
-20
-17
-4
14
39
50
61
56
47
25
31
16
19
8
4
31
51
35
17
19
10
-5
14
35
32
49
63
35
-2
-18
-18
-13
-17
5
23
34
24
13
-10
19
17
11
49
20
-1
-19
-20
-35
-30
-20
-39
-11
-2
6
12
14
9
-5
-8
-8
-15
1
-4
-5
-12
-1
16
-11
0
-11
-23
-20
-6
-11
-39
-38
-45
-50
-22
-15
-21
-14
-8
-12
-47
-64
-53
-23
-12
-6
2
7
17
21
1
-11
-12
10
5
-16
37
51
42
60
67
65
59
53
56
46
46
50
43
60
59
85
85
61
66
36
6
-35
-70
-86
-91
-77
-33
-19
-14
-20
-24
-24
-62
-71
-78
-111
-116
-114
-113
-103
-90
-99
-98
-94
-97
-94
-83
-73
-86
-71
-89
-68
-22
-20
-3
-21
-9
-13
2
8
-2
30
28
44
54
58
60
42
57
77
81
98
91
85
74
70
69
42
16
-3
-9
23
28
32
30
31
28
11
7
7
6
-14
-10
-17
-39
-18
-10
-3
-16
3
26
15
18
29
28
18
21
28
60
43
60
71
71
57
49
41
51
61
44
43
51
64
39
32
32
37
53
46
48
41
36
37
8
4
21
28
43
27
-7
-10
-21
-10
7
18
30
-7
-12
-32
-25
-26
-32
-40
-54
-59
-67
-50
-69
-57
-33
-25
-36
-31
-43
-59
-51
-42
-18
-37
-21
-14
-29
-6
-6
-12
-5
-18
-46
-46
-59
-60
-38
-49
-91
-112
-94
-110
-112
-115
-141
-161
-178
-176
-177
-144
-109
-95
-86
-73
-76
-80
-71
-53
-23
10
8
4
2
9
0
23
44
45
45
42
51
56
59
85
142
170
197
229
213
187
152
143
157
170
173
152
135
113
85
98
66
56
44
17
41
66
103
120
143
128
132
99
94
101
78
94
51
33
21
8
8
-18
-28
-6
-1
-26
-30
-47
-67
-68
-55
-37
-35
-45
-49
-63
-61
-40
-37
-24
-13
-28
-63
-72
-100
-128
-136
-136
-144
-158
-151
-162
-155
-133
-129
-130
-136
-136
-132
-102
-100
-107
-125
-140
-112
-103
-75
-49
-28
-9
-3
27
48
52
52
65
43
56
62
55
77
98
124
123
107
116
120
109
111
112
123
138
159
163
177
159
159
158
145
150
137
102
55
32
-3
-26
-29
-46
-27
-27
-40
-46
-54
-39
-49
-58
-67
-69
-67
-78
-84
-98
-109
-90
-107
-115
-118
-126
-127
-150
-141
-119
-125
-117
-104
-97
-86
-103
-96
-53
-41
-15
18
19
10
-6
-19
-21
-30
-23
-20
-4
7
4
7
4
14
18
29
32
45
45
42
49
62
60
58
74
81
79
86
74
53
53
62
71
72
99
110
103
115
121
123
111
90
85
88
81
77
89
98
91
67
57
54
51
26
7
-15
-51
-33
-32
-25
-3
-26
-55
-71
-97
-95
-71
-63
-69
-54
-63
-62
-66
-61
-52
-44
-45
-49
-71
-86
-64
-85
-80
-79
-63
-64
-48
-28
-43
-46
-35
-23
-20
-12
14
33
11
13
4
-10
-12
-18
-16
-23
-26
-25
-28
-10
-15
-3
13
-4
-12
-23
-26
-15
0
11
17
41
56
69
72
67
86
86
96
100
87
75
58
61
48
43
39
31
16
6
16
21
9
-6
-16
-15
-20
-45
-47
-45
-55
-56
-34
-18
-18
-31
-39
-23
-24
-31
-31
-35
-49
-34
-8
-11
-23
-13
-2
15
15
11
19
17
21
45
28
22
11
17
16
11
16
25
47
37
48
16
-2
0
1
20
20
31
26
7
5
-22
-8
-16
-25
-9
-11
-21
-13
1
0
4
-7
5
1
9
13
-6
-4
-10
-17
-16
-26
-15
-17
-9
-13
-2
27
35
31
19
-2
1
9
1
10
10
15
31
31
31
20
16
-4
-10
-14
-17
-4
2
18
-2
-12
-8
-21
-28
-33
-46
-45
-43
-46
-47
-39
-54
-30
-27
-22
-35
-30
-8
-15
9
-7
-15
-24
-19
-29
-13
-17
-17
-1
-9
-6
5
13
22
30
20
0
-9
-1
9
-3
-2
3
-7
-4
1
-6
-13
-16
-16
-8
-2
-2
-4
-17
-18
-13
-19
-12
-16
1
-4
2
-5
-16
7
9
35
39
48
48
33
29
6
18
16
5
12
16
15
15
24
33
43
53
48
50
52
42
32
18
32
41
44
40
43
51
57
52
49
44
35
9
-6
-8
-2
-14
-22
-35
-35
-28
-32
-19
-20
1
-2
3
11
-3
-21
-15
-13
-3
7
5
10
3
3
0
-25
-46
-37
-52
-49
-42
-36
-42
-45
-42
-41
-26
-19
-20
-16
-7
-7
-7
5
2
5
5
1
-6
-19
-27
-17
-12
-10
-6
-2
-11
-22
-22
-16
-32
-27
-30
-33
-24
-34
-43
-48
-46
-49
-34
-30
-26
-25
-24
-17
-15
-5
4
9
13
15
15
1
23
28
34
45
52
49
52
66
67
69
69
75
67
64
64
53
42
33
30
24
20
11
0
-1
-9
6
21
22
26
32
32
20
21
2
-3
-15
-8
4
-3
-1
-30
-39
-39
-33
-39
-20
-15
-8
9
6
10
0
-2
1
-11
-7
-15
-17
-20
-14
-2
3
4
3
6
7
1
-10
-10
-18
-13
-8
-12
-8
-2
7
15
-1
1
6
-5
-9
-17
-22
-23
-38
-53
-50
-56
-41
-25
-22
-17
-14
-9
-3
-3
-9
-18
-23
-19
-5
4
11
11
2
10
12
9
10
19
16
7
3
11
29
34
30
33
37
42
34
38
50
36
39
34
21
8
-8
-9
-2
0
8
7
-14
-22
-15
-30
-44
-44
-44
-40
-34
-33
-30
-30
-37
-35
-34
-28
-31
-31
-15
-1
10
16
21
18
18
8
-9
-7
-10
-6
3
-6
17
25
25
31
22
18
12
13
8
11
10
13
28
31
39
37
43
50
50
52
35
18
9
-5
-10
-15
-21
-20
-24
-27
-26
-21
-11
-8
-17
-14
-14
-11
-10
-9
0
-7
-3
0
7
-8
-10
5
13
26
23
29
36
29
31
30
14
11
5
-5
-13
-23
-27
-24
-25
-28
-31
-38
-33
-43
-46
-49
-41
-55
-56
-48
-42
-23
-12
-1
12
19
18
20
38
30
30
29
21
23
20
31
29
31
45
44
42
33
24
29
28
21
20
28
31
26
19
18
17
18
7
13
12
3
-2
-15
-26
-36
-39
-43
-40
-47
-44
-44
-49
-32
-28
-20
-15
-8
-4
4
0
-5
-10
-5
-1
-12
-5
-6
-17
-24
-22
-23
-25
-15
-4
4
3
10
11
10
6
10
15
18
19
22
23
29
32
27
16
5
4
16
7
-7
-1
0
-2
-6
-8
11
20
25
22
6
5
4
3
6
10
1
4
8
-9
-7
-6
-5
-10
-3
-1
-11
-9
-6
-6
-24
-21
-29
-29
-35
-40
-43
-43
-26
-32
-34
-31
-34
-20
-18
-14
-4
4
2
-3
10
18
8
5
7
14
10
12
10
7
10
15
10
3
4
8
11
26
21
19
22
24
22
5
-3
1
5
4
3
2
2
5
6
15
27
23
27
33
41
40
36
38
44
44
36
27
36
39
29
21
5
-3
-7
-20
-23
-32
-21
-22
-33
-22
-18
-17
-17
-21
-19
-15
-15
-9
5
7
3
-6
-11
-19
-21
-12
-14
-12
1
-2
-9
-13
-8
-11
-9
-5
6
3
0
-8
-2
-6
-6
2
1
-2
-7
3
1
4
4
-2
-15
-26
-19
-22
-26
-22
-21
-21
-29
-34
-40
-45
-36
-31
-29
-23
-20
-10
-4
5
9
10
18
24
25
14
16
12
0
-4
0
1
-1
-3
3
6
8
11
15
22
16
11
13
21
9
1
10
15
17
15
7
14
17
19
26
22
16
7
-4
-5
-11
-4
-5
-2
6
5
12
13
19
20
23
29
33
32
31
25
11
14
8
9
16
22
35
23
24
12
12
15
14
14
18
18
14
6
-9
-9
-17
-23
-27
-29
-35
-41
-29
-30
-37
-28
-31
-34
-25
-33
-32
-31
-14
-3
-1
5
8
2
-7
-21
-24
-26
-26
-23
-22
-28
-21
-22
-28
-23
-18
-17
-3
-2
-1
0
-9
-20
-20
-21
-21
-25
-9
5
8
18
28
36
41
40
37
38
38
39
46
40
38
42
37
32
31
34
19
22
24
12
12
7
4
11
19
6
1
2
0
-6
-5
-10
-13
-19
-22
-20
-27
-37
-27
-27
-27
-34
-40
-34
-43
-44
-45
-45
-36
-33
-38
-39
-35
-41
-36
-36
-32
-31
-29
-26
-33
-23
-19
-14
-3
11
14
22
35
37
49
62
56
52
51
50
50
37
36
42
35
19
18
18
22
26
22
22
26
34
36
37
45
43
42
42
35
40
31
29
34
24
22
14
17
18
-3
-6
-6
-4
-18
-22
-18
-29
-22
-24
-13
-21
-27
-27
-43
-50
-49
-42
-44
-40
-47
-53
-55
-45
-45
-37
-39
-47
-35
-31
-29
-27
-20
-3
-7
-6
1
5
9
9
28
23
20
22
31
37
37
31
16
3
4
4
4
5
-4
11
5
-7
-10
-13
-12
-20
-13
-17
-13
-10
1
3
13
15
6
22
5
14
7
3
14
7
10
4
10
4
5
17
21
20
25
30
29
32
28
24
29
25
21
18
12
9
15
7
-2
0
-3
-10
-15
-32
-29
-25
-33
-31
-27
-17
-27
-30
-24
-32
-31
-36
-35
-29
-25
-12
-11
-9
-9
-11
0
-9
-4
-8
-11
1
3
20
13
6
20
22
34
27
19
23
10
10
3
3
15
2
2
1
0
8
-3
2
9
2
4
-3
-8
0
-4
-2
-2
1
8
-7
-12
-19
-11
-13
-15
-5
-18
0
-7
-1
2
5
6
-5
5
3
1
4
-7
1
11
-2
-7
-11
1
0
-5
6
1
9
4
0
12
12
30
36
24
49
51
47
49
42
35
30
24
2
3
7
-2
-15
-10
-5
-13
-8
-7
-7
-6
-13
-10
-11
-13
-16
-21
-6
-4
-3
-4
-13
-20
-21
-34
-41
-33
-39
-32
-31
-33
-32
-29
-31
-22
-16
-20
-24
-26
-23
-8
0
2
0
8
2
1
15
17
34
35
32
23
21
32
30
37
34
38
37
34
42
32
14
11
6
6
-3
0
-2
-13
2
-14
-18
-11
-17
-7
-1
4
1
1
3
-5
-8
-5
-10
-18
-14
-16
-8
-15
-11
-8
-17
-18
-16
-9
-9
-11
-3
-6
-9
-17
-24
-16
-25
-17
-25
-26
-21
-33
-18
-18
-8
1
4
18
22
13
20
21
28
34
28
38
20
24
16
5
6
2
4
0
9
11
12
23
21
25
20
16
22
20
16
13
8
6
1
-6
8
-4
5
2
-2
12
6
13
6
8
11
17
16
17
15
6
7
4
16
10
-6
-9
-17
-20
-17
-21
-29
-28
-38
-38
-36
-41
-39
-40
-36
-26
-33
-22
-8
-21
-16
-20
-24
-23
-20
-13
-11
-8
-3
-10
-25
-28
-30
-26
-21
-28
-20
-16
-14
-2
1
6
5
8
13
18
24
23
28
31
37
32
42
45
56
55
49
45
45
52
43
44
34
31
23
19
22
8
8
3
6
16
11
14
15
20
17
6
6
9
1
-6
-6
-5
6
15
12
2
-4
-9
-18
-9
-17
-27
-15
-18
-20
-30
-33
-36
-35
-38
-40
-50
-55
-49
-50
-51
-59
-51
-40
-43
-42
-33
-28
-23
-24
-16
-17
-19
-13
-24
-16
-6
-10
2
7
13
11
7
15
17
30
25
23
31
32
33
36
43
48
51
53
56
59
56
46
38
37
43
48
39
42
40
43
37
30
33
19
12
13
7
3
2
-10
-21
-11
-18
-23
-27
-23
-13
-14
-15
-20
-19
-26
-21
-19
-26
-36
-26
-23
-24
-23
-28
-34
-34
-28
-32
-24
-25
-29
-27
-31
-27
-29
-26
-22
-22
-11
-3
6
5
5
2
6
10
12
10
8
5
12
29
33
28
28
20
21
29
21
28
23
17
20
10
4
-2
7
2
-5
-5
-5
-1
0
-8
-5
-4
2
1
1
-7
-15
-11
-13
-9
-11
-3
-5
-4
-9
-13
1
6
6
-1
-6
-7
-7
-7
-6
-3
-9
-2
-5
-3
-5
-7
-2
6
5
-12
-11
-13
-9
-3
7
-5
-15
-11
-10
-8
-7
-5
-12
-5
-4
-10
-9
-3
-4
-10
-13
-11
0
4
10
9
11
12
11
16
24
25
18
24
23
16
21
24
21
23
28
21
17
20
11
9
5
8
9
8
11
11
12
4
2
8
5
7
11
7
4
-2
0
1
4
0
-12
-3
1
-2
-1
-7
-7
-1
-2
1
-1
4
-1
-3
7
2
-2
-11
-6
-1
-1
-10
-15
-11
-20
-21
-28
-32
-35
-30
-34
-38
-28
-34
-30
-30
-28
-17
-10
-12
-3
1
2
2
7
12
15
16
14
12
22
19
19
9
5
2
4
2
7
13
9
15
2
4
-1
-2
6
2
3
1
-2
-3
-1
-7
-12
-3
-5
-6
-4
-3
-4
2
2
-5
-7
-2
7
18
26
22
27
30
23
16
9
4
5
10
2
8
4
6
14
10
2
-2
-4
-5
-3
-9
-17
-20
-11
-14
-9
-7
-13
-23
-21
-16
-22
-19
-16
-10
-5
-9
-8
-8
-4
2
2
4
1
-1
-2
2
0
1
3
5
9
2
-1
1
-1
-4
3
5
6
