-59
-41
-27
-8
16
39
53
70
73
67
73
70
65
53
50
45
53
54
41
37
34
29
24
44
35
35
36
44
62
60
53
43
38
33
21
2
-9
-24
-37
-40
-36
-44
-52
-61
-72
-83
-85
-87
-84
-70
-59
-52
-54
-52
-49
-53
-48
-51
-54
-49
-43
-32
-16
0
12
19
27
32
36
32
26
33
32
28
32
39
41
43
28
27
30
32
38
29
28
36
49
68
81
79
81
72
55
44
43
40
23
20
7
-9
-25
-14
9
18
17
5
-11
-30
-40
-38
-30
-28
-27
-28
-21
-24
-25
-12
-17
-28
-31
-34
-43
-46
-43
-48
-45
-36
-19
-16
-13
-15
-18
-15
-6
5
8
18
22
33
38
38
44
40
44
47
49
43
26
5
-3
-3
-14
-9
0
-2
3
-4
-15
-27
-33
-42
-46
-36
-32
-14
-5
13
32
42
52
42
41
29
24
12
-5
-16
-12
-6
-6
-4
-1
3
5
7
0
-8
-12
-11
-13
-26
-29
-32
-32
-30
-31
-33
-39
-43
-56
-64
-66
-60
-72
-77
-69
-51
-28
-7
1
3
2
-5
-8
-25
-25
-20
-10
5
21
25
29
37
42
46
46
39
31
27
31
44
50
49
44
34
22
24
22
12
11
1
10
7
16
18
18
15
10
13
13
15
8
0
-12
-19
-20
-19
-25
-29
-14
-10
-10
-8
-1
12
16
25
33
37
51
47
53
58
61
63
68
71
55
46
25
-3
-19
-42
-54
-61
-58
-52
-45
-33
-23
-25
-22
-21
-17
-22
-40
-41
-42
-30
-36
-38
-36
-42
-36
-29
-19
-3
-2
11
17
28
40
45
56
71
80
69
52
33
16
-5
-21
-24
-29
-33
-17
5
16
37
45
53
59
50
52
47
36
21
16
4
-10
-12
-12
-12
-19
-27
-24
-22
-27
-19
-18
-2
7
6
16
15
14
4
-12
-33
-57
-75
-88
-92
-93
-93
-112
-142
-143
-131
-118
-106
-77
-52
-53
-50
-52
-46
-54
-55
-61
-49
-40
-27
9
16
24
31
37
34
36
33
39
35
18
17
23
23
22
28
24
16
16
21
36
54
76
99
117
134
161
174
177
178
158
145
140
133
129
124
127
123
106
90
63
39
23
4
1
-11
-8
-12
-15
-7
-19
-28
-36
-39
-32
-25
-31
-40
-36
-48
-51
-38
-51
-64
-79
-88
-99
-104
-103
-101
-102
-112
-125
-132
-128
-138
-135
-125
-108
-98
-91
-77
-69
-45
-14
10
17
26
22
21
7
-7
-6
-17
-12
-10
-2
5
7
9
-3
-11
-6
1
0
-4
6
23
42
65
74
84
98
101
86
79
65
52
44
42
34
34
46
45
53
62
59
60
60
58
62
63
61
52
43
31
12
8
-3
-9
-14
-26
-22
-20
-3
14
15
16
6
1
-16
-27
-32
-25
-10
16
48
59
59
58
44
29
11
-17
-52
-77
-91
-88
-116
-144
-167
-186
-192
-216
-204
-187
-150
-129
-115
-85
-34
21
68
86
127
158
186
210
231
237
254
251
233
223
200
188
156
119
83
64
40
18
-15
-41
-60
-71
-100
-122
-147
-182
-225
-278
-324
-367
-404
-449
-484
-509
-531
-548
-554
-553
-551
-525
-481
-427
-354
-267
-176
-103
-49
-3
68
142
212
294
374
465
551
643
705
763
809
844
854
844
839
839
837
818
798
796
805
800
781
723
656
555
458
362
285
219
161
114
54
-5
-82
-138
-210
-278
-362
-426
-495
-560
-602
-642
-646
-666
-695
-717
-755
-784
-814
-843
-890
-931
-974
-1006
-1025
-1025
-1028
-1024
-1026
-1015
-966
-918
-864
-790
-680
-574
-453
-333
-186
-47
58
151
255
348
426
492
583
675
759
841
926
975
992
1047
1102
1130
1141
1180
1207
1186
1162
1122
1062
936
864
776
692
643
575
521
459
440
435
429
406
376
301
248
178
98
42
-23
-65
-116
-165
-232
-290
-380
-484
-584
-720
-829
-938
-1009
-1037
-1069
-1117
-1202
-1256
-1347
-1410
-1461
-1517
-1554
-1628
-1668
-1684
-1660
-1620
-1593
-1554
-1453
-1332
-1195
-1058
-925
-765
-592
-466
-284
-66
129
311
521
762
990
1191
1363
1514
1660
1775
1939
2061
2177
2275
2333
2419
2448
2483
2453
2392
2313
2229
2166
2079
2020
1977
1877
1747
1633
1453
1290
1102
935
745
544
336
126
-45
-237
-438
-629
-802
-952
-1061
-1229
-1360
-1469
-1525
-1605
-1691
-1725
-1756
-1758
-1812
-1807
-1866
-1866
-1885
-1932
-1980
-2008
-2070
-2120
-2176
-2256
-2264
-2351
-2384
-2404
-2383
-2345
-2295
-2180
-1998
-1763
-1520
-1265
-926
-587
-218
106
415
743
1045
1369
1652
1938
2217
2491
2728
2921
3060
3165
3267
3289
3262
3172
3069
2966
2850
2695
2548
2403
2247
2110
1964
1813
1666
1499
1356
1194
1035
805
606
377
140
-82
-355
-587
-852
-1067
-1242
-1363
-1449
-1547
-1645
-1745
-1760
-1772
-1767
-1720
-1715
-1682
-1700
-1682
-1635
-1614
-1574
-1552
-1539
-1508
-1518
-1487
-1544
-1550
-1564
-1518
-1591
-1651
-1682
-1759
-1757
-1955
-2035
-2131
-2180
-2197
-2244
-2238
-2129
-1925
-1684
-1495
-1229
-902
-527
-237
63
388
790
1243
1648
2028
2417
2793
3094
3343
3547
3703
3780
3802
3705
3549
3441
3362
3299
3210
3117
2994
2914
2817
2664
2502
2292
2067
1776
1486
1224
943
677
356
15
-289
-628
-919
-1157
-1439
-1657
-1865
-1984
-2052
-2107
-2061
-2002
-1967
-1981
-1949
-1931
-1914
-1922
-1902
-1909
-1932
-1954
-1998
-1975
-1963
-1953
-1887
-1756
-1580
-1453
-1355
-1268
-1098
-1072
-1109
-1110
-1239
-1280
-1565
-1691
-1911
-1978
-2028
-2136
-2152
-2076
-1849
-1614
-1391
-1168
-822
-367
56
480
868
1380
1856
2264
2603
2917
3226
3497
3597
3625
3607
3660
3741
3694
3582
3464
3348
3177
3018
2878
2743
2613
2510
2375
2230
1848
1614
1443
1129
779
261
-17
-462
-929
-1323
-1726
-2013
-2174
-2207
-2334
-2464
-2421
-2259
-2119
-2091
-1865
-1636
-1425
-1245
-1158
-1040
-904
-841
-837
-889
-947
-977
-1027
-1123
-1174
-1130
-1018
-1021
-1022
-924
-796
-685
-631
-436
-347
-346
-364
-474
-679
-797
-1092
-1283
-1669
-2008
-2217
-2488
-2615
-2801
-2878
-2808
-2567
-2308
-2008
-1649
-1210
-676
-129
411
857
1255
1695
2030
2341
2637
2904
3084
3225
3309
3325
3316
3353
3406
3395
3385
3326
3331
3319
3253
3162
3004
2900
2607
2363
1974
1596
1351
931
550
168
-134
-399
-631
-892
-1152
-1258
-1280
-1195
-1192
-1169
-1042
-873
-655
-553
-455
-370
-335
-351
-369
-392
-370
-405
-542
-655
-747
-775
-848
-957
-1044
-1068
-1102
-1147
-1147
-1078
-1024
-1021
-978
-1061
-1216
-1446
-1638
-1863
-2063
-2363
-2695
-2936
-3267
-3348
-3588
-3686
-3857
-3955
-3875
-3862
-3719
-3516
-3197
-2771
-2382
-1940
-1500
-941
-362
161
640
1172
1721
2160
2496
2826
3274
3670
3978
4229
4481
4722
4962
5064
5099
5076
5011
4959
4864
4747
4506
4267
4042
3799
3359
2934
2540
2103
1594
1101
737
401
65
-311
-672
-915
-1055
-1123
-1277
-1403
-1498
-1454
-1403
-1327
-1330
-1366
-1335
-1339
-1415
-1474
-1511
-1633
-1784
-1996
-2130
-2229
-2244
-2343
-2446
-2452
-2401
-2301
-2253
-2184
-2062
-1965
-1943
-1893
-1926
-1964
-2122
-2250
-2326
-2486
-2555
-2859
-2993
-3234
-3274
-3405
-3515
-3531
-3627
-3473
-3459
-3283
-2978
-2608
-2107
-1656
-1175
-669
-105
463
949
1453
1859
2323
2744
3139
3541
3895
4212
4519
4718
4915
5200
5387
5584
5711
5877
5932
5844
5749
5670
5448
5203
4869
4450
4016
3427
2970
2388
1872
1295
769
301
-132
-489
-837
-1145
-1393
-1559
-1724
-1810
-1955
-2090
-2194
-2323
-2443
-2707
-2895
-3068
-3230
-3400
-3560
-3626
-3664
-3722
-3709
-3643
-3530
-3330
-3097
-2851
-2616
-2327
-1997
-1792
-1642
-1554
-1437
-1388
-1491
-1610
-1779
-1861
-1975
-2074
-2167
-2250
-2380
-2435
-2498
-2464
-2344
-2461
-2378
-2364
-2147
-1993
-1837
-1665
-1411
-1039
-780
-525
-276
43
521
891
1299
1664
2185
2720
3270
3793
4248
4766
5306
5648
5851
6020
6195
6315
6274
6139
6055
5821
5494
5153
4763
4341
3936
3509
3074
2493
1789
1537
1039
677
21
-365
-578
-1095
-1348
-1764
-2130
-2479
-2680
-2940
-3347
-3597
-3750
-3900
-4198
-4230
-4206
-4244
-4216
-4130
-4030
-3879
-3651
-3484
-3274
-3108
-2812
-2504
-2266
-2139
-1971
-1677
-1506
-1440
-1332
-1242
-1261
-1363
-1314
-1303
-1392
-1395
-1235
-1117
-985
-783
-551
-570
-727
-662
-739
-789
-1098
-1216
-1396
-1528
-1607
-1703
-1692
-1517
-1203
-1008
-716
-320
69
640
1149
1724
2261
2823
3451
3993
4490
4902
5275
5504
5718
5857
5931
5924
5862
5807
5664
5513
5273
5005
4722
4406
3977
3565
3217
2732
2114
1707
1202
802
154
-313
-847
-1484
-1896
-2354
-2899
-3476
-3713
-3998
-4300
-4527
-4567
-4446
-4566
-4422
-4319
-4264
-4162
-3977
-3756
-3580
-3269
-2996
-2757
-2544
-2221
-1940
-1758
-1615
-1406
-1099
-914
-834
-711
-500
-440
-438
-450
-435
-522
-693
-733
-712
-765
-722
-586
-547
-471
-600
-646
-688
-867
-865
-1296
-1412
-1567
-1659
-1736
-1914
-1800
-1747
-1458
-1301
-1090
-711
-270
267
659
1250
1856
2528
3133
3702
4187
4550
4949
5264
5485
5616
5674
5757
5750
5639
5445
5218
4976
4637
4228
3814
3357
2900
2391
2023
1361
792
433
66
-357
-1020
-1296
-1616
-2022
-2411
-2786
-3109
-3338
-3374
-3500
-3735
-3803
-3572
-3360
-3404
-3159
-2924
-2723
-2538
-2311
-2013
-1686
-1381
-1114
-888
-780
-511
-406
-445
-472
-536
-514
-604
-749
-931
-1029
-1150
-1357
-1523
-1686
-1866
-2043
-2097
-2071
-1982
-1767
-1557
-1501
-1398
-1487
-1273
-1471
-1586
-1779
-2164
-2226
-2515
-2524
-2760
-2698
-2560
-2312
-1928
-1572
-1115
-752
-92
579
1187
1843
2417
3042
3636
4227
4679
5120
5529
5801
5970
5979
6038
6027
6000
5804
5447
5195
4860
4530
4069
3690
3259
2866
2492
2183
1651
1091
880
298
-78
-848
-1116
-1415
-1992
-2239
-2664
-2943
-3186
-3218
-3329
-3587
-3590
-3455
-3391
-3475
-3268
-3077
-2875
-2612
-2334
-2076
-1826
-1474
-1259
-1193
-1151
-977
-978
-1192
-1241
-1222
-1217
-1268
-1393
-1408
-1506
-1659
-1900
-2042
-2053
-2166
-2207
-2163
-1953
-1725
-1392
-1088
-931
-790
-919
-800
-1153
-1244
-1538
-1896
-2008
-2356
-2314
-2548
-2561
-2431
-2163
-1859
-1604
-1081
-589
156
802
1452
2007
2652
3370
3928
4506
4928
5313
5619
5901
6005
5996
6052
6045
5942
5641
5401
5065
4784
4548
4073
3638
3277
2907
2447
2063
1673
1240
855
415
-55
-573
-999
-1350
-1802
-2231
-2549
-2687
-2942
-3306
-3575
-3844
-4011
-4134
-4197
-4189
-4167
-3902
-3609
-3354
-3146
-2915
-2597
-2361
-2111
-1825
-1673
-1594
-1587
-1490
-1407
-1374
-1402
-1507
-1572
-1672
-1696
-1681
-1710
-1679
-1554
-1345
-1152
-978
-618
-264
8
95
218
65
83
-132
-451
-676
-1215
-1437
-1895
-2061
-2301
-2560
-2630
-2473
-2128
-1846
-1355
-791
-34
725
1442
2249
2842
3625
4268
4784
5167
5567
5875
6039
6060
6030
6027
5871
5670
5399
4989
4562
4296
4021
3768
3484
3151
2994
2730
2498
1891
1359
1016
448
-135
-926
-1353
-1882
-2436
-2808
-3268
-3630
-3931
-4066
-4342
-4618
-4588
-4292
-4169
-4158
-3737
-3339
-3013
-2747
-2365
-2051
-1809
-1469
-1321
-1306
-1384
-1265
-1240
-1440
-1457
-1481
-1409
-1508
-1570
-1590
-1589
-1654
-1698
-1562
-1417
-1305
-1141
-904
-646
-476
-284
-117
-184
-334
-664
-673
-1045
-1241
-1625
-1942
-2153
-2341
-2265
-2377
-2172
-1938
-1495
-1057
-704
-170
314
1002
1565
2201
2649
3064
3601
3996
4449
4757
5100
5341
5466
5534
5413
5282
5067
4998
4741
4469
4242
3973
3784
3380
2955
2559
2276
1860
1256
799
274
-36
-500
-791
-1075
-1309
-1283
-1505
-1756
-2029
-2116
-2198
-2373
-2453
-2536
-2491
-2540
-2458
-2438
-2441
-2218
-2097
-1995
-1930
-1859
-1704
-1694
-1697
-1702
-1634
-1562
-1527
-1570
-1594
-1577
-1649
-1722
-1866
-1988
-2099
-2081
-2056
-2041
-2073
-1959
-1769
-1656
-1480
-1262
-1029
-897
-803
-593
-675
-626
-829
-876
-1219
-1560
-1721
-2063
-2053
-2293
-2250
-2192
-1954
-1626
-1269
-875
-502
103
632
1272
1786
2281
3037
3541
4003
4322
4655
4972
5128
5191
5189
5265
5235
5185
5046
4774
4589
4413
4280
3989
3810
3551
3293
3023
2760
2320
1880
1718
1305
913
267
-44
-405
-994
-1368
-1796
-2198
-2520
-2713
-3041
-3366
-3396
-3352
-3391
-3611
-3502
-3316
-3262
-3187
-3026
-2928
-2857
-2643
-2397
-2405
-2404
-2227
-2068
-2184
-2338
-2260
-2186
-2129
-2136
-2011
-1906
-1881
-1781
-1646
-1474
-1435
-1264
-1108
-935
-874
-704
-344
-369
-279
-534
-487
-854
-1093
-1309
-1767
-1842
-2210
-2163
-2298
-2307
-2193
-1811
-1425
-1162
-727
-343
357
956
1528
2043
2474
3155
3682
4266
4657
5055
5436
5787
6016
6021
6070
6099
6066
5858
5659
5435
5177
4905
4478
4089
3606
3209
2784
2317
1846
1436
1172
837
391
-11
-310
-608
-1077
-1452
-1860
-2311
-2751
-3198
-3569
-4013
-4292
-4505
-4680
-4852
-4884
-4699
-4561
-4366
-4088
-3760
-3412
-3083
-2814
-2605
-2367
-2067
-1846
-1783
-1733
-1615
-1553
-1540
-1592
-1473
-1469
-1500
-1501
-1478
-1310
-1295
-1144
-1009
-812
-598
-503
-149
-14
113
-21
-48
-304
-565
-713
-1242
-1433
-1802
-1855
-1995
-2145
-1976
-1754
-1410
-1109
-671
-131
562
1303
1962
2679
3283
4014
4689
5139
5468
5720
5974
6101
6075
5985
5833
5667
5480
5342
5050
4756
4365
4036
3630
3149
2782
2394
2005
1570
1142
788
485
136
-360
-845
-1251
-1693
-2145
-2653
-3218
-3639
-3851
-4146
-4361
-4529
-4639
-4677
-4716
-4585
-4408
-4147
-3840
-3463
-3134
-2819
-2396
-2014
-1696
-1455
-1187
-946
-832
-768
-787
-744
-741
-750
-801
-855
-849
-915
-869
-924
-932
-883
-771
-633
-541
-339
-223
-62
-131
-141
-378
-555
-850
-1077
-1289
-1773
-1906
-2152
-2073
-2114
-2123
-1906
-1603
-1230
-874
-456
-11
664
1330
1945
2540
3144
3883
4441
4820
5132
5396
5627
5727
5672
5561
5493
5452
5363
5136
4771
4486
4119
3747
3294
2776
2242
1869
1500
1129
754
446
172
-156
-496
-739
-1138
-1465
-1891
-2304
-2688
-3035
-3194
-3493
-3789
-4082
-4161
-4162
-4254
-4197
-4058
-3778
-3460
-3014
-2616
-2277
-1814
-1436
-1156
-1000
-912
-859
-855
-839
-942
-931
-1025
-1177
-1249
-1393
-1405
-1449
-1498
-1413
-1428
-1254
-1095
-938
-786
-669
-476
-397
-272
-316
-438
-653
-833
-1144
-1314
-1596
-1848
-1958
-2027
-1924
-1919
-1794
-1532
-1141
-736
-319
159
724
1461
2108
2729
3248
3755
4227
4546
4779
4873
4951
5043
4994
4908
4801
4727
4631
4385
4129
3818
3536
3276
2945
2603
2285
2121
1871
1558
1258
988
749
480
138
-279
-673
-938
-1169
-1483
-1832
-2143
-2331
-2521
-2707
-2964
-3150
-3392
-3582
-3622
-3632
-3458
-3279
-3004
-2738
-2465
-2195
-1916
-1690
-1538
-1397
-1262
-1121
-1039
-956
-870
-897
-1021
-1104
-1246
-1362
-1501
-1555
-1667
-1671
-1619
-1428
-1240
-977
-666
-355
-85
135
219
200
70
-64
-307
-446
-658
-972
-1056
-1241
-1206
-1361
-1420
-1449
-1258
-886
-552
-127
340
1007
1651
2251
2774
3223
3652
3961
4154
4286
4371
4513
4498
4407
4250
4016
3808
3503
3240
2845
2537
2148
1889
1730
1559
1496
1447
1386
1250
1051
948
797
577
236
-80
-315
-563
-935
-1332
-1748
-2127
-2455
-2800
-3162
-3512
-3660
-3682
-3606
-3403
-3249
-2994
-2633
-2228
-1972
-1808
-1650
-1503
-1429
-1439
-1404
-1312
-1326
-1386
-1432
-1389
-1417
-1400
-1315
-1183
-1067
-1012
-837
-661
-445
-202
102
482
679
949
1057
1091
1019
928
673
387
243
15
-146
-632
-843
-1029
-1206
-1275
-1464
-1479
-1441
-1191
-888
-630
-398
-49
405
775
1200
1476
1788
2179
2374
2588
2658
2803
2920
2951
2878
2846
2878
2749
2689
2505
2419
2361
2338
2280
2170
2105
2058
1899
1832
1628
1503
1387
1276
1080
858
706
496
283
-72
-421
-882
-1183
-1512
-1889
-2226
-2554
-2681
-2802
-2763
-2768
-2632
-2466
-2278
-2061
-1899
-1681
-1440
-1265
-1120
-1022
-896
-754
-633
-669
-740
-803
-921
-938
-1003
-990
-953
-873
-778
-550
-289
-45
253
493
694
867
952
938
796
626
357
44
-214
-539
-836
-1412
-1786
-2210
-2418
-2599
-2857
-2833
-2694
-2303
-2017
-1676
-1301
-813
-335
-18
351
559
849
1145
1390
1485
1575
1790
1955
2024
2023
2089
2147
2197
2320
2354
2508
2596
2816
2981
3070
3100
3164
3205
3105
2944
2714
2558
2230
1809
1414
1099
831
416
111
-248
-612
-827
-1019
-1273
-1604
-1701
-1700
-1714
-1602
-1446
-1270
-1175
-1069
-959
-910
-871
-770
-713
-771
-771
-723
-607
-592
-519
-400
-364
-318
-341
-247
-258
-250
-239
-175
-116
-104
-67
-137
-163
-262
-311
-451
-692
-839
-1083
-1260
-1596
-1858
-2246
-2488
-2864
-3219
-3373
-3611
-3551
-3716
-3723
-3633
-3303
-2887
-2608
-2301
-1989
-1492
-1091
-637
-229
118
611
1010
1408
1793
2204
2576
2908
3229
3390
3647
3845
3978
4015
4039
4035
4076
4132
4040
3955
3712
3657
3543
3338
3130
3006
2918
2665
2418
2121
1848
1472
1098
635
171
-178
-459
-760
-1165
-1434
-1561
-1588
-1503
-1418
-1385
-1358
-1176
-959
-792
-661
-572
-473
-472
-525
-556
-574
-686
-766
-932
-1086
-1228
-1359
-1322
-1339
-1375
-1504
-1540
-1466
-1484
-1506
-1580
-1566
-1550
-1583
-1597
-1726
-1876
-2141
-2233
-2464
-2667
-2886
-3109
-3235
-3708
-3819
-3973
-3968
-3921
-3882
-3674
-3363
-2823
-2454
-2106
-1805
-1374
-885
-498
16
315
763
1237
1636
2037
2440
3016
3503
3865
4166
4470
4717
4971
5230
5246
5315
5264
5239
5219
4973
4771
4486
4333
4118
3775
3466
3152
2908
2495
2223
1907
1591
1161
725
297
-193
-454
-734
-1048
-1417
-1565
-1623
-1726
-1711
-1696
-1658
-1679
-1528
-1340
-1272
-1193
-1100
-1015
-1033
-1081
-1077
-1088
-1190
-1341
-1480
-1535
-1562
-1592
-1609
-1709
-1736
-1813
-1852
-1820
-1954
-2082
-2151
-2175
-2160
-2287
-2390
-2564
-2673
-2711
-2668
-2777
-2988
-3056
-3284
-3373
-3558
-3610
-3607
-3538
-3381
-3290
-3097
-2807
-2428
-2172
-1911
-1634
-1283
-807
-395
156
573
1056
1573
2013
2461
2943
3501
3940
4279
4513
4737
4912
5161
5348
5368
5395
5321
5223
5124
4892
4704
4407
4177
4017
3725
3489
3226
2982
2678
2324
2082
1770
1407
985
599
200
-83
-276
-547
-806
-1018
-1045
-1180
-1280
-1300
-1331
-1293
-1226
-1089
-990
-914
-877
-838
-900
-1055
-1145
-1288
-1464
-1731
-1941
-2083
-2162
-2261
-2399
-2517
-2702
-2751
-2823
-2874
-2971
-3063
-3071
-3136
-3185
-3172
-3177
-3184
-3355
-3446
-3453
-3426
-3508
-3547
-3596
-3604
-3536
-3588
-3375
-3339
-3129
-2988
-2964
-2788
-2633
-2281
-2004
-1692
-1429
-914
-319
174
701
1052
1617
2113
2660
3226
3706
4238
4669
5081
5421
5698
5908
6094
6158
6037
6027
5907
5875
5784
5594
5454
5230
5106
4915
4682
4415
4093
3844
3497
3212
2826
2509
2167
1752
1350
877
590
175
-213
-666
-1015
-1227
-1498
-1628
-1812
-1917
-2073
-2154
-2229
-2404
-2559
-2811
-3045
-3347
-3664
-3923
-4098
-4204
-4300
-4310
-4304
-4378
-4464
-4500
-4562
-4624
-4615
-4465
-4242
-4196
-4170
-4082
-3974
-3826
-3701
-3601
-3505
-3381
-3154
-2837
-2589
-2438
-2243
-2123
-1981
-1817
-1840
-1617
-1643
-1484
-1461
-1385
-1174
-921
-466
-171
96
468
984
1516
1955
2402
2777
3307
3820
4350
4872
5252
5691
5957
6096
6197
6292
6377
6321
6281
6241
6289
6244
6114
5963
5712
5404
5170
4819
4511
4057
3705
3327
2887
2420
1982
1528
1060
570
73
-408
-848
-1302
-1706
-2055
-2346
-2558
-2715
-2942
-3064
-3107
-3256
-3428
-3542
-3706
-3940
-4150
-4303
-4449
-4581
-4667
-4681
-4687
-4716
-4719
-4665
-4608
-4497
-4350
-4179
-3949
-3774
-3581
-3374
-3195
-3080
-2934
-2770
-2579
-2551
-2414
-2242
-2095
-1883
-1650
-1338
-1110
-901
-833
-728
-679
-564
-561
-581
-495
-543
-446
-507
-506
-423
-314
-84
62
304
615
1071
1541
2028
2575
3094
3664
4210
4658
5047
5401
5724
5941
6108
6230
6384
6429
6422
6317
6145
5978
5765
5468
5062
4751
4417
4176
3775
3372
2937
2583
2247
1853
1432
924
539
124
-332
-767
-1189
-1516
-1958
-2350
-2689
-3007
-3260
-3431
-3616
-3763
-3906
-4063
-4115
-4207
-4352
-4415
-4474
-4510
-4589
-4558
-4518
-4455
-4398
-4300
-4183
-4056
-3884
-3707
-3595
-3460
-3258
-3125
-2974
-2806
-2616
-2417
-2241
-2076
-1915
-1675
-1432
-1254
-1071
-902
-689
-512
-305
-137
-236
-278
-438
-433
-607
-815
-905
-998
-938
-1014
-913
-756
-330
139
554
975
1285
1803
2231
2694
3115
3470
3958
4357
4731
5054
5355
5679
5919
6139
6228
6348
6391
6421
6358
6177
6013
5750
5500
5154
4828
4469
4005
3604
3120
2620
2095
1496
1201
616
95
-479
-946
-1255
-1756
-2132
-2498
-2849
-3247
-3516
-3846
-4176
-4435
-4657
-4639
-4818
-4805
-4658
-4690
-4666
-4607
-4543
-4608
-4613
-4485
-4447
-4446
-4317
-4102
-4068
-3993
-3863
-3589
-3411
-3302
-3101
-2993
-2907
-2717
-2454
-2171
-1953
-1696
-1379
-1127
-890
-636
-304
-192
-127
-106
78
156
221
143
102
47
-60
157
108
301
387
603
861
1017
1378
1695
2070
2253
2524
2744
3039
3326
3540
3881
4039
4343
4637
5051
5427
5715
5965
6184
6327
6299
6240
6137
5948
5667
5267
4903
4453
4039
3492
2910
2327
1766
1359
878
444
117
-179
-322
-575
-807
-1103
-1387
-1734
-2148
-2626
-3036
-3416
-3855
-4218
-4651
-5023
-5228
-5391
-5476
-5652
-5727
-5668
-5533
-5333
-5118
-4902
-4642
-4416
-4223
-4017
-3824
-3671
-3508
-3399
-3240
-3041
-2831
-2578
-2303
-2112
-1831
-1521
-1234
-894
-689
-426
-218
46
365
669
940
1111
1319
1433
1563
1610
1677
1603
1555
1434
1375
1401
1317
1362
1206
1281
1218
1292
1411
1471
1609
1726
2052
2191
2380
2549
2791
3040
3195
3374
3413
3584
3753
4009
4178
4287
4431
4605
4693
4586
4509
4408
4232
3961
3669
3344
2981
2693
2338
2020
1644
1321
1061
697
346
-12
-342
-697
-1113
-1474
-1781
-2009
-2337
-2670
-3048
-3374
-3692
-3965
-4272
-4606
-4818
-5008
-5049
-5032
-5014
-4905
-4861
-4770
-4666
-4542
-4389
-4202
-3993
-3740
-3527
-3246
-2934
-2704
-2402
-2124
-1804
-1570
-1216
-813
-454
-58
209
463
619
784
935
989
1004
996
1005
1062
1032
1050
1073
1158
1182
1255
1301
1385
1402
1360
1409
1419
1428
1308
1347
1229
1132
1092
1024
1037
1039
1188
1240
1319
1491
1845
2206
2454
2736
2939
3216
3518
3767
3982
4116
4270
4388
4456
4471
4370
4253
4050
3764
3444
3124
2786
2480
2089
1698
1387
1039
787
363
-73
-418
-855
-1257
-1650
-2008
-2312
-2607
-2922
-3287
-3644
-3966
-4151
-4361
-4558
-4741
-4934
-5038
-5085
-5082
-5046
-4954
-4849
-4740
-4616
-4424
-4206
-3915
-3637
-3318
-2946
-2584
-2231
-1933
-1584
-1176
-881
-660
-428
-222
-103
100
265
496
642
721
869
954
1079
1122
1281
1303
1356
1447
1553
1791
1884
2087
2122
2148
2105
1948
1945
1723
1687
1486
1474
1450
1389
1495
1443
1478
1493
1652
1737
1813
1883
1970
2239
2373
2635
2751
2929
3120
3235
3328
3337
3408
3400
3365
3255
3124
3016
2865
2754
2483
2230
1853
1528
1197
843
508
130
-228
-587
-936
-1188
-1402
-1635
-1921
-2280
-2604
-2820
-3078
-3309
-3569
-3885
-4132
-4292
-4406
-4466
-4607
-4705
-4812
-4910
-4878
-4781
-4583
-4247
-3925
-3608
-3280
-2944
-2564
-2151
-1774
-1443
-1118
-752
-447
-202
30
203
345
491
569
685
781
890
1050
1151
1180
1287
1430
1565
1697
1807
1860
1865
1892
1933
1910
1929
1903
1977
1959
1975
1925
1843
1699
1554
1460
1203
1158
1039
1024
1014
940
1037
1165
1406
1461
1497
1466
1502
1439
1395
1436
1443
1538
1596
1635
1758
1829
1947
1992
1981
1937
1926
1889
1749
1584
1402
1263
1029
839
599
324
36
-185
-441
-703
-957
-1132
-1193
-1399
-1634
-1853
-2112
-2390
-2690
-2987
-3390
-3768
-3999
-4186
-4344
-4456
-4466
-4464
-4446
-4370
-4165
-3918
-3680
-3366
-3062
-2675
-2306
-1877
-1528
-1267
-977
-708
-399
-192
-1
184
355
510
676
928
1074
1251
1417
1600
1744
1863
2013
2117
2228
2363
2590
2701
2774
2784
2799
2828
2754
2792
2702
2544
2363
2241
2075
1913
1739
1624
1487
1191
1058
816
596
367
114
7
-129
-178
-251
-288
-313
-308
-304
-265
-148
-109
35
182
348
553
756
980
1176
1285
1342
1367
1293
1209
1111
954
845
711
541
378
151
-32
-195
-322
-464
-663
-873
-1055
-1290
-1538
-1736
-1967
-2131
-2384
-2654
-2952
-3241
-3485
-3717
-3914
-4009
-4034
-4049
-3922
-3716
-3536
-3324
-3078
-2762
-2406
-2102
-1782
-1437
-1118
-792
-523
-263
1
227
584
882
1112
1383
1632
1838
1999
2267
2452
2715
2948
3169
3376
3442
3526
3535
3515
3450
3286
3128
2921
2720
2521
2306
2049
1733
1516
1258
1092
837
663
353
101
-97
-324
-513
-747
-1006
-1280
-1427
-1612
-1740
-1808
-1861
-1934
-1999
-1851
-1719
-1501
-1257
-967
-605
-263
113
494
831
1151
1362
1521
1601
1690
1742
1755
1696
1548
1417
1202
1019
794
535
327
96
-67
-261
-469
-668
-911
-1175
-1398
-1623
-1905
-2160
-2465
-2733
-2978
-3170
-3276
-3426
-3510
-3544
-3473
-3402
-3222
-2979
-2663
-2299
-1948
-1561
-1183
-759
-307
160
548
836
1119
1405
1646
1855
2043
2289
2544
2778
3016
3166
3275
3379
3530
3612
3647
3652
3606
3514
3342
3088
2825
2484
2105
1657
1204
854
476
170
-142
-385
-667
-918
-1077
-1300
-1458
-1707
-1843
-1973
-2175
-2320
-2507
-2619
-2740
-2823
-2903
-2903
-2816
-2724
-2562
-2448
-2140
-1799
-1420
-1052
-699
-276
119
530
875
1236
1539
1832
2016
2095
2197
2211
2250
2127
1946
1764
1529
1320
1120
929
715
483
273
13
-233
-419
-624
-809
-1060
-1324
-1519
-1685
-1866
-2048
-2196
-2315
-2395
-2451
-2380
-2368
-2290
-2073
-1857
-1560
-1243
-884
-495
-116
300
679
1023
1356
1730
2017
2315
2557
2725
2882
3057
3170
3248
3318
3313
3305
3223
3117
2972
2790
2577
2307
1965
1613
1278
968
687
358
22
-345
-666
-910
-1182
-1491
-1696
-1882
-2077
-2253
-2445
-2555
-2716
-2774
-2938
-3010
-3051
-3138
-3118
-3132
-3089
-3031
-2938
-2815
-2689
-2482
-2263
-1989
-1774
-1389
-1020
-621
-141
338
855
1295
1744
2150
2506
2797
3042
3264
3330
3383
3337
3193
2937
2597
2258
1951
1601
1264
960
615
327
39
-166
-340
-518
-620
-750
-899
-1069
-1216
-1338
-1429
-1550
-1658
-1723
-1734
-1650
-1545
-1396
-1208
-988
-704
-397
-81
255
618
1022
1386
1704
1994
2220
2403
2491
2552
2581
2594
2468
2286
2126
1881
1705
1483
1229
1008
780
565
388
175
-65
-287
-569
-826
-1064
-1314
-1538
-1778
-2036
-2293
-2534
-2660
-2788
-2877
-2984
-2979
-3002
-2961
-2882
-2784
-2684
-2556
-2461
-2409
-2266
-2202
-2018
-1909
-1806
-1606
-1437
-1157
-912
-666
-353
-13
309
724
1085
1483
1918
2276
2613
2877
3083
3272
3433
3463
3493
3393
3277
3052
2784
2521
2233
1943
1712
1378
1096
866
631
464
205
17
-161
-347
-534
-648
-719
-775
-827
-861
-833
-920
-948
-872
-874
-819
-750
-685
-579
-407
-211
58
356
549
785
987
1215
1364
1494
1607
1634
1593
1507
1475
1361
1268
1177
1023
846
633
447
260
68
-74
-212
-390
-552
-765
-1022
-1270
-1494
-1783
-2053
-2311
-2487
-2663
-2789
-2845
-2885
-2904
-2892
-2869
-2882
-2783
-2683
-2535
-2376
-2239
-2065
-1950
-1824
-1736
-1643
-1470
-1292
-1060
-845
-616
-372
-119
199
440
686
920
1137
1267
1492
1690
1899
2074
2209
2344
2474
2578
2691
2727
2747
2721
2632
2530
2387
2235
2043
1889
1654
1428
1239
1019
829
595
434
341
258
269
298
332
347
314
317
305
307
294
286
247
262
244
272
288
301
391
458
582
651
705
736
746
774
777
797
751
695
575
453
328
158
-35
-270
-525
-721
-913
-1129
-1331
-1503
-1678
-1907
-2145
-2395
-2607
-2835
-3031
-3166
-3230
-3261
-3251
-3181
-3118
-3124
-3143
-3079
-2995
-2896
-2729
-2515
-2269
-1983
-1668
-1299
-948
-674
-418
-199
76
325
519
739
961
1218
1436
1582
1714
1762
1837
1851
1851
1855
1844
1907
1957
2041
2191
2322
2388
2392
2378
2377
2321
2220
2166
2116
2086
2063
2017
1961
1874
1780
1630
1511
1357
1207
1074
933
870
779
679
622
579
570
507
416
290
155
59
39
-9
-22
35
55
45
26
55
44
-46
-165
-285
-382
-491
-557
-627
-701
-754
-792
-873
-1061
-1260
-1460
-1644
-1823
-1962
-2066
-2167
-2282
-2410
-2517
-2675
-2899
-3117
-3318
-3483
-3533
-3564
-3547
-3458
-3331
-3156
-2985
-2744
-2465
-2153
-1897
-1702
-1444
-1157
-796
-470
-139
216
584
931
1196
1455
1706
1884
2046
2228
2391
2515
2611
2704
2676
2695
2742
2736
2703
2645
2559
2385
2245
2137
2103
2064
2005
1945
1859
1751
1686
1650
1640
1578
1556
1512
1476
1475
1486
1503
1437
1329
1149
957
789
593
397
233
126
68
30
-22
-55
-81
-99
-75
-91
-52
-14
-36
-108
-197
-231
-319
-389
-506
-686
-910
-1161
-1418
-1692
-1924
-2103
-2234
-2311
-2368
-2408
-2476
-2551
-2625
-2699
-2711
-2717
-2679
-2715
-2697
-2709
-2709
-2678
-2696
-2681
-2669
-2632
-2570
-2462
-2336
-2182
-1926
-1650
-1327
-1015
-695
-381
-81
220
487
801
1075
1339
1508
1685
1913
2091
2282
2435
2641
2834
2999
3120
3185
3277
3345
3435
3515
3523
3532
3409
3250
3060
2802
2521
2199
1866
1530
1214
932
657
374
174
32
-99
-191
-269
-340
-346
-352
-303
-260
-208
-82
0
107
163
208
218
231
214
155
107
67
48
68
55
6
-39
-118
-189
-304
-458
-557
-675
-759
-860
-997
-1103
-1257
-1441
-1678
-1936
-2138
-2317
-2523
-2760
-2953
-3086
-3181
-3242
-3264
-3216
-3169
-3050
-2872
-2689
-2525
-2394
-2217
-2059
-1897
-1721
-1545
-1304
-1101
-860
-625
-379
-171
21
240
442
704
939
1211
1509
1789
2086
2395
2701
2939
3183
3380
3522
3637
3739
3796
3791
3801
3732
3632
3516
3398
3235
3017
2789
2573
2310
2033
1783
1508
1236
928
598
298
0
-312
-587
-879
-1186
-1488
-1691
-1848
-1920
-1982
-2016
-1986
-1968
-1876
-1784
-1662
-1499
-1333
-1135
-911
-726
-557
-401
-251
-153
-72
-44
-67
-85
-158
-246
-368
-450
-540
-575
-572
-588
-634
-699
-795
-938
-1036
-1158
-1261
-1354
-1512
-1602
-1675
-1747
-1814
-1885
-1902
-1893
-1890
-1853
-1794
-1688
-1493
-1325
-1123
-893
-675
-451
-230
-1
213
436
634
849
1058
1233
1433
1645
1829
1934
2067
2125
2177
2225
2315
2421
2493
2586
2691
2798
2838
2886
2900
2860
2788
2692
2539
2389
2212
1975
1749
1484
1263
1035
738
479
193
-73
-323
-574
-779
-995
-1171
-1403
-1558
-1737
-1909
-2023
-2148
-2239
-2376
-2480
-2560
-2604
-2590
-2557
-2523
-2462
-2433
-2381
-2284
-2174
-2039
-1867
-1647
-1386
-1065
-776
-543
-354
-174
-70
36
122
145
165
185
192
218
260
337
391
400
391
375
392
395
404
411
416
465
543
554
510
485
453
384
322
263
224
181
141
119
186
270
394
517
643
788
912
1056
1172
1278
1413
1591
1763
1933
2011
2086
2161
2136
2147
2080
1989
1854
1727
1649
1536
1440
1309
1197
1101
969
836
701
562
397
215
42
-198
-434
-684
-957
-1190
-1416
-1575
-1785
-1952
-2096
-2262
-2371
-2411
-2427
-2415
-2432
-2472
-2454
-2475
-2499
-2488
-2400
-2338
-2298
-2253
-2228
-2173
-2134
-2066
-1994
-1927
-1823
-1708
-1561
-1402
-1203
-972
-730
-437
-123
233
560
859
1145
1421
1649
1843
2004
2104
2186
2238
2236
2189
2169
2143
2114
2027
1951
1862
1731
1617
1495
1394
1314
1232
1131
1024
933
831
762
677
603
568
525
521
515
524
532
553
595
639
674
726
831
877
914
927
931
950
921
914
906
880
816
708
592
445
281
84
-85
-236
-384
-566
-685
-809
-959
-1110
-1279
-1403
-1609
-1750
-1860
-1955
-2051
-2156
-2248
-2357
-2427
-2496
-2520
-2504
-2497
-2463
-2412
-2365
-2307
-2216
-2095
-1947
-1827
-1728
-1654
-1581
-1521
-1494
-1446
-1371
-1263
-1145
-959
-739
-555
-358
-148
34
270
516
787
1090
1413
1697
1983
2233
2455
2601
2687
2759
2823
2883
2873
2812
2771
2717
2641
2552
2519
2449
2358
2259
2159
2055
1955
1840
1736
1619
1490
1355
1192
1032
878
742
624
479
367
257
116
59
-39
-113
-140
-197
-218
-260
-285
-333
-433
-472
-549
-683
-791
-888
-950
-990
-1016
-1055
-1058
-1135
-1239
-1275
-1316
-1406
-1513
-1582
-1682
-1747
-1851
-1925
-1957
-1993
-2058
-2113
-2158
-2215
-2286
-2333
-2305
-2251
-2184
-2110
-2017
-1905
-1829
-1738
-1608
-1451
-1302
-1120
-938
-787
-591
-410
-253
-110
-34
37
161
345
514
652
806
955
1085
1208
1353
1498
1675
1823
1972
2168
2263
2332
2395
2407
2468
2527
2505
2470
2453
2405
2371
2372
2339
2358
2332
2246
2149
2097
2016
1891
1729
1616
1497
1330
1229
1053
906
748
558
374
201
53
-125
-306
-471
-600
-723
-844
-1006
-1109
-1210
-1332
-1393
-1466
-1544
-1605
-1670
-1694
-1736
-1759
-1762
-1766
-1719
-1668
-1579
-1478
-1433
-1378
-1327
-1279
-1210
-1132
-1069
-1043
-1082
-1172
-1239
-1324
-1392
-1491
-1561
-1610
-1659
-1671
-1667
-1608
-1512
-1429
-1318
-1178
-1032
-827
-609
-437
-242
-30
146
285
405
531
572
650
721
771
823
882
961
1024
1063
1113
1172
1218
1257
1325
1394
1450
1543
1623
1649
1705
1721
1696
1651
1545
1500
1428
1325
1266
1218
1179
1167
1187
1224
1245
1246
1254
1252
1251
1247
1194
1147
1120
1045
933
805
695
575
415
207
38
-106
-268
-386
-461
-521
-587
-639
-662
-688
-696
-709
-749
-821
-947
-1050
-1146
-1193
-1224
-1250
-1288
-1322
-1352
-1407
-1435
-1487
-1492
-1507
-1542
-1547
-1499
-1414
-1351
-1382
-1435
-1532
-1588
-1602
-1647
-1658
-1726
-1718
-1638
-1544
-1408
-1291
-1117
-925
-760
-589
-421
-242
-53
92
308
498
662
829
970
1104
1171
1201
1212
1274
1337
1410
1467
1519
1600
1651
1667
1659
1617
1592
1526
1450
1413
1337
1252
1156
1079
1019
964
910
849
785
680
584
519
489
488
504
554
590
616
632
630
601
507
399
263
160
96
34
-46
-90
-100
-134
-175
-185
-210
-245
-242
-275
-309
-283
-275
-271
-284
-376
-387
-484
-603
-734
-864
-990
-1097
-1132
-1213
-1227
-1262
-1300
-1352
-1396
-1453
-1518
-1543
-1551
-1496
-1440
-1357
-1267
-1188
-1122
-1038
-994
-946
-930
-904
-856
-780
-676
-543
-356
-198
-34
162
335
449
589
662
744
841
959
1068
1145
1249
1360
1404
1416
1409
1400
1406
1417
1451
1528
1601
1609
1605
1586
1573
1468
1322
1146
997
877
737
621
543
461
355
237
124
9
-106
-171
-229
-291
-361
-419
-496
-541
-577
-613
-603
-633
-660
-744
-758
-754
-750
-728
-702
-673
-656
-596
-544
-469
-401
-368
-350
-344
-332
-336
-356
-330
-329
-334
-340
-382
-431
-482
-490
-524
-537
-591
-604
-628
-669
-680
-714
-736
-679
-596
-559
-487
-432
-357
-286
-213
-159
-113
-94
-69
-59
14
90
172
267
330
399
465
525
582
618
695
761
806
872
876
899
909
966
1038
1100
1126
1138
1159
1139
1107
1098
1085
1057
1040
1039
1019
974
929
862
772
687
609
528
417
303
204
25
-117
-270
-436
-563
-657
-759
-842
-906
-968
-1039
-1076
-1080
-1101
-1058
-1016
-950
-901
-890
-861
-802
-776
-718
-648
-581
-527
-480
-450
-442
-437
-388
-341
-352
-342
-377
-412
-449
-478
-460
-441
-439
-468
-520
-546
-580
-627
-640
-677
-689
-686
-651
-544
-443
-349
-247
-165
-80
2
76
148
232
294
335
382
448
520
570
607
684
764
838
928
1016
1068
1095
1129
1137
1184
1195
1199
1176
1182
1175
1131
1073
1028
1013
998
1030
1048
1092
1128
1102
1050
992
939
893
880
868
846
772
640
477
305
110
-99
-285
-489
-665
-830
-982
-1094
-1205
-1293
-1374
-1404
-1413
-1422
-1419
-1401
-1351
-1294
-1232
-1183
-1169
-1167
-1159
-1145
-1169
-1174
-1165
-1154
-1140
-1083
-1016
-961
-871
-786
-667
-545
-456
-388
-338
-291
-292
-316
-309
-341
-322
-329
-367
-342
-314
-262
-238
-191
-145
-98
-32
58
196
288
379
488
580
645
725
806
916
964
1006
1071
1096
1156
1193
1220
1261
1291
1300
1319
1305
1303
1326
1361
1402
1422
1431
1458
1443
1419
1382
1323
1234
1142
1072
1031
988
948
924
830
745
588
445
306
136
-9
-133
-238
-370
-482
-626
-719
-831
-943
-1027
-1122
-1210
-1300
-1336
-1417
-1491
-1553
-1575
-1597
-1596
-1568
-1579
-1595
-1571
-1562
-1583
-1577
-1564
-1532
-1492
-1423
-1307
-1225
-1143
-1051
-933
-845
-806
-725
-677
-604
-521
-436
-296
-178
-78
30
91
135
217
303
334
371
459
559
608
669
746
804
870
924
948
989
1003
1043
1062
1052
1087
1133
1182
1215
1231
1181
1137
1097
1043
1018
962
897
892
886
882
894
883
863
842
803
732
655
575
512
477
479
452
419
384
341
281
186
70
-60
-154
-266
-331
-375
-387
-367
-339
-334
-327
-317
-347
-378
-439
-513
-578
-636
-667
-662
-714
-780
-846
-936
-998
-1060
-1111
-1159
-1190
-1228
-1245
-1254
-1193
-1095
-993
-903
-866
-838
-822
-791
-791
-796
-768
-711
-654
-599
-549
-504
-451
-365
-311
-237
-169
-65
60
174
338
467
639
778
889
955
982
1005
984
962
961
947
935
917
917
891
841
820
742
700
692
683
657
673
671
687
692
683
676
643
644
598
543
500
432
409
410
364
312
239
177
109
24
-65
-116
-160
-214
-288
-339
-342
-337
-336
-276
-243
-242
-217
-245
-248
-239
-257
-246
-242
-271
-297
-344
-384
-403
-415
-452
-501
-522
-580
-624
-642
-629
-625
-624
-621
-602
-607
-686
-712
-772
-833
-858
-859
-849
-810
-778
-755
-720
-661
-616
-546
-488
-480
-444
-395
-302
-190
-68
88
221
352
466
533
582
618
652
690
709
764
803
857
884
903
922
919
917
912
907
904
899
898
938
971
974
995
1011
974
957
914
852
786
725
672
582
504
435
376
331
283
249
207
109
61
12
-66
-98
-126
-144
-161
-213
-271
-316
-421
-513
-606
-704
-727
-779
-837
-889
-883
-880
-892
-868
-842
-820
-802
-759
-740
-722
-710
-675
-630
-585
-545
-503
-457
-440
-492
-511
-467
-480
-499
-522
-512
-515
-481
-464
-448
-389
-348
-316
-311
-279
-226
-207
-179
-111
-51
10
80
156
250
277
320
373
399
426
445
481
517
575
590
610
618
619
642
654
691
716
721
763
810
842
876
890
891
880
855
843
851
794
734
654
591
563
512
462
383
345
311
268
264
248
206
152
79
41
-6
-37
-79
-123
-178
-266
-360
-501
-597
-737
-824
-920
-992
-988
-1009
-1000
-1022
-1010
-1008
-1027
-1036
-1057
-1060
-1026
-980
-902
-853
-802
-716
-685
-676
-617
-557
-509
-454
-375
-282
-169
-105
-26
87
188
264
346
455
530
575
631
661
717
738
773
781
773
769
753
710
663
607
535
496
430
391
365
350
349
351
351
362
360
340
311
308
305
319
347
391
413
423
458
468
480
442
411
374
355
332
322
359
363
369
346
321
313
284
233
201
161
118
63
37
-30
-71
-108
-191
-266
-337
-398
-486
-568
-639
-702
-730
-767
-785
-782
-820
-872
-951
-1027
-1110
-1179
-1262
-1265
-1254
-1264
-1231
-1221
-1240
-1249
-1242
-1230
-1201
-1155
-1099
-1037
-932
-823
-701
-561
-455
-347
-282
-208
-97
3
123
241
355
464
577
683
784
912
990
1064
1156
1196
1251
1295
1308
1336
1383
1408
1421
1430
1402
1359
1319
1276
1224
1184
1126
1091
1058
1016
944
855
791
719
643
565
471
392
327
291
255
237
210
147
112
45
-32
-94
-100
-133
-191
-249
-292
-307
-308
-313
-353
-367
-402
-443
-505
-550
-589
-627
-662
-673
-683
-706
-740
-786
-851
-941
-998
-1021
-1018
-1031
-1036
-1030
-1040
-1024
-977
-940
-899
-864
-867
-854
-840
-828
-787
-734
-693
-630
-559
-499
-429
-413
-385
-349
-312
-237
-143
-58
15
101
164
235
286
362
434
480
555
650
712
778
848
918
973
999
1076
1124
1175
1192
1202
1240
1286
1315
1328
1333
1329
1298
1277
1235
1145
1047
922
794
663
552
467
393
314
218
115
-2
-108
-202
-279
-338
-371
-406
-437
-476
-520
-566
-621
-658
-695
-713
-769
-835
-836
-843
-833
-809
-767
-756
-747
-715
-741
-760
-779
-769
-781
-799
-827
-828
-833
-845
-855
-846
-811
-779
-730
-697
-635
-559
-499
-427
-374
-294
-218
-189
-133
-57
25
122
214
305
393
432
467
502
544
561
609
645
695
725
743
765
794
772
775
779
828
844
822
816
790
784
781
818
882
959
983
1053
1072
1055
1042
1011
981
906
831
739
684
589
496
399
322
218
100
5
-165
-278
-376
-475
-538
-598
-675
-719
-748
-782
-814
-857
-899
-933
-969
-1002
-1049
-1097
-1115
-1115
-1109
-1113
-1096
-1068
-1049
-1006
-957
-907
-842
-799
-767
-747
-692
-634
-579
-539
-509
-444
-364
-299
-254
-219
-140
-69
-38
10
68
135
206
275
364
404
454
508
557
568
604
649
649
638
617
660
707
731
775
830
865
891
919
930
929
877
813
759
712
707
713
693
666
652
645
637
608
566
507
497
504
480
443
414
361
290
203
138
62
5
-47
-152
-227
-306
-401
-472
-526
-569
-641
-714
-760
-795
-814
-825
-848
-870
-920
-923
-921
-935
-920
-934
-942
-951
-954
-957
-972
-932
-903
-876
-810
-728
-643
-585
-540
-479
-395
-328
-259
-218
-148
-85
-48
18
96
166
231
285
317
330
332
338
358
375
411
467
530
566
592
623
626
609
617
613
612
639
676
710
784
861
934
978
997
1004
1002
981
976
979
975
959
933
898
871
847
807
764
709
626
526
415
290
178
59
-34
-111
-171
-223
-290
-345
-399
-468
-543
-614
-704
-774
-815
-812
-836
-874
-868
-885
-933
-973
-987
-988
-950
-927
-907
-905
-905
-884
-875
-837
-810
-764
-747
-728
-696
-667
-619
-605
-538
-500
-458
-400
-353
-348
-306
-279
-273
-249
-202
-119
-28
33
103
165
200
237
254
273
284
300
320
337
360
408
439
470
499
520
542
568
572
558
572
588
618
690
752
769
777
812
844
855
868
868
854
873
874
884
862
858
857
806
742
660
616
552
503
459
446
409
396
373
315
235
153
79
-27
-95
-185
-286
-353
-411
-461
-529
-578
-642
-681
-752
-826
-853
-933
-970
-1018
-1044
-1046
-1085
-1116
-1117
-1102
-1114
-1111
-1096
-1085
-1058
-1036
-997
-916
-806
-707
-642
-595
-525
-470
-425
-357
-280
-208
-140
-62
18
112
191
245
301
333
351
355
376
391
409
433
454
472
496
487
482
446
448
472
483
541
566
614
614
648
676
706
741
772
806
831
824
793
770
725
735
732
701
683
658
596
554
491
465
435
386
339
293
282
307
289
286
284
223
180
138
79
47
-1
-72
-173
-281
-364
-471
-571
-617
-651
-683
-749
-828
-902
-967
-993
-1034
-1046
-1010
-1001
-986
-1010
-1027
-1034
-1020
-985
-936
-879
-860
-810
-756
-705
-659
-572
-494
-397
-299
-245
-163
-91
-37
16
99
157
206
238
271
314
381
437
476
509
520
566
593
601
580
570
550
539
519
533
553
551
537
508
522
558
603
601
638
663
629
608
590
560
532
484
486
487
442
408
359
327
283
279
276
232
199
154
84
70
82
80
60
29
-22
-98
-167
-199
-248
-265
-277
-286
-290
-333
-353
-355
-350
-362
-380
-392
-421
-444
-461
-470
-466
-454
-437
-451
-439
-402
-381
-383
-410
-445
-461
-481
-491
-491
-474
-419
-394
-382
-336
-274
-251
-208
-180
-153
-134
-111
-71
-33
15
67
102
145
208
227
265
298
296
264
249
250
256
281
263
275
258
238
197
159
148
134
117
154
228
276
329
337
374
362
354
364
348
313
291
286
255
263
270
271
263
231
213
189
168
150
155
112
81
79
34
-7
-45
-83
-122
-179
-213
-263
-295
-322
-355
-395
-406
-396
-384
-329
-341
-344
-362
-373
-379
-357
-318
-282
-222
-179
-130
-128
-101
-95
-89
-59
-57
-7
51
76
77
97
113
118
87
59
42
-5
-47
-60
-56
-39
-1
52
92
98
101
66
23
-32
-56
-45
-80
-98
-97
-98
-41
-33
-6
10
22
28
32
38
44
83
128
182
229
286
318
347
335
350
356
394
457
503
527
550
546
493
443
398
354
281
225
159
121
74
73
82
71
47
-27
-113
-185
-252
-307
-344
-375
-375
-373
-368
-378
-404
-421
-464
-488
-535
-540
-538
-564
-577
-534
-460
-407
-364
-336
-274
-242
-227
-218
-194
-165
-127
-73
-20
62
119
160
200
247
300
325
359
340
295
263
237
233
210
194
189
181
167
158
117
92
44
5
-35
-83
-97
-134
-127
-138
-114
-70
-22
-24
-45
-72
-73
-62
-24
-2
15
42
85
129
167
217
258
359
429
497
531
550
552
571
584
563
539
509
492
449
413
368
302
257
238
219
193
153
85
24
-45
-154
-217
-296
-368
-406
-475
-512
-562
-577
-606
-614
-633
-659
-700
-711
-695
-690
-665
-617
-584
-536
-484
-413
-342
-276
-238
-212
-172
-126
-86
-92
-46
1
58
109
118
124
140
118
84
61
59
56
75
120
172
225
273
292
282
263
214
176
166
146
124
117
134
146
140
117
89
49
27
10
-17
-28
-38
-38
-18
7
30
79
103
138
170
168
167
179
155
149
141
172
230
256
317
349
370
383
344
340
336
352
391
394
417
429
438
404
375
352
313
283
237
176
123
71
42
46
2
-31
-99
-157
-226
-312
-357
-394
-405
-422
-459
-463
-468
-471
-479
-526
-542
-556
-535
-504
-458
-420
-385
-303
-282
-253
-241
-242
-256
-264
-242
-250
-234
-237
-272
-271
-296
-284
-290
-295
-312
-300
-278
-259
-240
-222
-173
-145
-102
-71
-47
-49
-77
-98
-117
-133
-143
-148
-101
-56
1
77
137
180
215
247
265
282
303
326
364
418
495
577
616
648
661
666
724
744
745
750
719
674
632
628
628
645
635
612
594
538
506
481
441
424
401
376
363
324
283
210
156
103
13
-53
-150
-247
-294
-355
-408
-457
-479
-512
-559
-596
-626
-651
-674
-694
-690
-644
-612
-591
-580
-550
-507
-504
-492
-475
-485
-481
-509
-515
-507
-541
-518
-488
-471
-469
-456
-442
-430
-412
-394
-314
-229
-168
-93
-45
1
68
64
46
50
58
65
91
126
168
224
265
293
320
322
294
319
340
407
500
567
621
654
684
716
736
735
733
719
676
659
639
624
598
540
503
465
439
425
420
402
382
352
332
304
281
239
209
180
127
67
35
12
-52
-78
-126
-197
-248
-282
-321
-364
-370
-423
-462
-496
-545
-579
-623
-658
-652
-676
-697
-700
-701
-711
-705
-703
-684
-663
-650
-653
-655
-621
-580
-553
-532
-522
-486
-456
-437
-383
-309
-256
-212
-154
-104
-53
-24
13
49
107
200
276
271
266
316
398
406
394
408
418
415
420
385
352
371
435
439
368
377
422
482
460
431
460
470
476
465
491
518
555
524
500
489
430
432
417
406
395
342
287
232
185
155
180
179
148
175
199
197
160
125
101
72
11
-51
-100
-157
-227
-262
-279
-309
-307
-328
-330
-314
-311
-295
-311
-327
-344
-379
-388
-409
-412
-435
-426
-411
-417
-382
-375
-378
-384
-362
-330
-320
-334
-311
-312
-304
-312
-297
-282
-277
-283
-290
-264
-241
-240
-233
-210
-190
-139
-88
-71
-56
-42
-42
-15
2
39
72
87
118
142
163
203
215
231
246
243
218
184
160
186
208
234
269
281
275
264
256
254
242
242
257
247
233
229
240
248
224
231
254
259
274
286
293
280
286
288
279
246
212
169
151
121
57
41
13
-11
-18
-48
-61
-61
-83
-109
-103
-50
-41
-42
-55
-100
-88
-66
-26
10
11
-23
-45
-119
-197
-242
-306
-351
-375
-403
-396
-348
-306
-294
-260
-219
-209
-187
-166
-150
-124
-86
-84
-104
-80
-77
-112
-98
-116
-151
-152
-119
-111
-82
-45
-20
21
77
138
170
221
266
296
311
314
323
311
324
303
291
298
286
300
291
286
266
264
253
224
183
175
154
138
119
99
53
45
46
31
24
8
6
-4
-1
-21
-46
-83
-75
-98
-114
-142
-170
-204
-214
-214
-200
-204
-226
-206
-195
-190
-217
-262
-322
-344
-331
-317
-310
-291
-314
-324
-310
-310
-284
-281
-301
-297
-276
-272
-257
-257
-268
-265
-269
-225
-178
-147
-102
-132
-126
-98
-63
-15
5
74
132
172
215
228
247
268
267
281
322
311
326
358
391
420
431
471
510
531
554
597
637
616
579
565
535
500
481
478
431
396
347
286
245
225
180
132
101
90
85
62
54
25
-11
-50
-76
-125
-131
-154
-199
-231
-277
-284
-306
-335
-348
-372
-402
-409
-428
-464
-495
-506
-494
-464
-442
-430
-439
-440
-424
-421
-415
-407
-418
-413
-401
-352
-319
-276
-236
-207
-198
-201
-184
-179
-162
-161
-130
-82
-62
-17
36
52
66
79
72
58
59
39
57
94
132
152
182
188
189
238
226
227
204
169
154
136
143
194
272
329
380
441
466
492
489
482
498
528
567
573
574
577
546
476
435
353
279
227
168
157
151
127
116
90
45
-5
-55
-88
-126
-188
-230
-267
-297
-314
-325
-349
-344
-335
-344
-338
-341
-363
-387
-391
-365
-354
-365
-338
-335
-317
-320
-298
-284
-292
-263
-269
-249
-208
-166
-128
-99
-60
-17
18
18
28
31
29
28
0
-16
-17
-33
-41
-18
-24
-31
-2
3
18
33
59
40
59
60
34
39
40
49
60
65
65
96
86
72
73
94
131
154
154
201
236
245
268
294
342
383
412
455
488
517
549
561
558
542
535
495
474
454
428
402
374
331
292
264
227
223
198
143
71
9
-92
-177
-278
-362
-430
-513
-559
-594
-639
-664
-713
-739
-776
-800
-804
-796
-760
-735
-696
-654
-601
-570
-573
-578
-555
-556
-528
-484
-449
-370
-307
-254
-171
-130
-134
-109
-64
-10
49
90
169
213
252
280
333
408
460
496
499
543
554
537
527
520
497
468
470
449
436
394
358
309
269
247
234
229
217
228
263
280
270
268
247
264
282
247
200
183
184
191
202
219
227
209
152
109
93
61
52
48
48
25
14
-5
-58
-73
-110
-121
-132
-175
-201
-219
-269
-330
-343
-365
-409
-449
-484
-502
-520
-525
-563
-558
-542
-564
-552
-549
-534
-531
-524
-480
-432
-387
-345
-301
-259
-215
-165
-99
-68
-34
-9
16
47
82
132
169
213
294
349
400
443
460
487
504
504
520
519
497
457
431
382
313
274
229
180
140
151
160
140
130
130
112
72
25
2
-21
-66
-98
-105
-85
-55
-35
-4
36
74
94
92
94
76
51
22
2
-9
-2
20
41
56
69
64
36
12
-25
-75
-82
-91
-103
-83
-41
-31
-18
21
41
12
6
3
-34
-57
-84
-85
-91
-91
-116
-142
-168
-251
-306
-338
-354
-350
-345
-324
-301
-284
-271
-261
-236
-236
-217
-214
-192
-163
-146
-127
-86
-41
-21
18
67
89
118
167
181
212
237
274
327
344
372
395
389
356
320
315
272
285
268
262
254
242
215
186
150
110
107
78
49
-6
-16
-28
-21
-3
28
25
-16
-49
-94
-157
-205
-229
-242
-184
-145
-112
-83
-32
2
16
11
-2
-6
-14
-16
-18
-50
-44
-3
-14
4
11
-9
-51
-64
-70
-78
-61
-27
-10
-5
-8
-9
-21
-65
-93
-120
-156
-193
-200
-209
-262
-269
-239
-220
-193
-160
-167
-188
-205
-228
-225
-203
-166
-124
-76
-30
-13
0
8
-20
-18
-7
6
37
74
103
120
157
182
217
261
298
312
296
258
245
251
260
268
307
355
384
385
368
335
307
264
225
200
174
153
141
133
94
46
2
-36
-43
-62
-85
-106
-116
-103
-84
-32
10
34
26
7
-30
-73
-101
-128
-145
-192
-216
-230
-243
-244
-233
-235
-256
-247
-242
-222
-224
-231
-212
-188
-177
-188
-176
-212
-243
-245
-264
-282
-312
-294
-268
-226
-186
-134
-80
-40
-18
-20
-15
-10
14
43
66
109
156
178
214
222
220
231
224
218
212
206
199
188
197
217
247
254
287
290
260
254
201
156
114
86
77
79
108
133
114
112
105
82
83
66
73
89
85
83
97
92
77
43
-1
-18
-50
-96
-120
-142
-157
-133
-138
-137
-129
-144
-170
-198
-227
-237
-232
-204
-174
-165
-119
-75
-65
-65
-53
-67
-88
-115
-130
-141
-133
-105
-59
-17
11
39
62
56
79
88
53
54
61
68
37
-6
-24
-18
-10
-7
-22
-17
-13
-8
5
38
66
62
75
79
66
72
75
62
26
19
21
-7
-33
-36
-47
-64
-62
-47
-24
-13
-12
-25
-16
12
41
85
157
196
223
272
267
271
228
173
142
105
88
69
74
58
44
19
-15
-32
-58
-55
-67
-38
-29
-7
35
69
93
126
141
149
146
114
59
15
-42
-76
-77
-94
-106
-114
-132
-163
-178
-208
-213
-204
-197
-192
-179
-166
-170
-184
-191
-191
-188
-200
-217
-251
-264
-252
-229
-184
-151
-96
-50
-13
1
-16
-31
-37
-11
-5
-3
25
65
77
74
101
95
89
83
75
74
60
71
61
78
69
54
63
57
43
5
17
42
59
85
109
142
145
138
129
131
100
75
65
80
93
107
104
107
118
136
165
180
210
203
188
177
162
139
115
108
98
113
135
122
115
99
93
73
72
35
19
-3
-24
-46
-54
-53
-75
-104
-119
-138
-169
-192
-207
-219
-238
-234
-235
-225
-234
-246
-255
-238
-237
-243
-264
-266
-257
-266
-228
-179
-132
-96
-88
-64
-72
-61
-46
-41
8
24
43
72
94
95
116
86
100
80
58
52
41
46
49
63
33
30
11
25
28
36
60
73
68
80
91
92
104
123
132
139
152
168
188
173
128
117
125
110
133
157
143
146
176
192
188
158
106
75
35
11
6
-18
-25
-40
-59
-51
-58
-52
-67
-88
-88
-117
-129
-114
-114
-97
-91
-96
-90
-108
-98
-110
-106
-119
-121
-142
-169
-166
-187
-175
-172
-163
-151
-116
-89
-72
-27
-31
-40
-11
5
44
62
62
63
49
28
14
26
44
63
93
105
97
85
89
112
121
125
147
156
123
105
107
92
111
131
157
152
123
113
71
45
39
-9
-35
-58
-78
-83
-106
-103
-122
-142
-174
-216
-250
-246
-214
-157
-90
-33
15
31
39
58
74
86
104
109
127
116
101
77
67
50
18
11
-16
-41
-39
-39
-51
4
22
36
51
40
29
14
26
10
5
5
-15
-29
-37
-46
-35
-36
-42
-53
-47
-39
-40
-16
2
18
13
31
46
54
53
60
70
64
68
92
82
79
82
64
71
39
10
2
2
-20
-62
-46
-47
-57
-31
-16
26
17
28
27
-12
-16
-23
-51
-74
-92
-111
-106
-116
-112
-104
-97
-90
-85
-80
-64
-78
-88
-100
-104
-100
-92
-91
-80
-83
-93
-60
-40
-5
-18
-15
-7
-15
-5
-12
2
22
28
42
55
39
44
67
79
85
115
142
137
135
134
114
91
68
27
27
23
7
7
10
-7
-26
-50
-79
-108
-138
-154
-146
-156
-162
-141
-116
-68
-48
-12
23
23
27
57
96
106
122
121
130
139
141
145
139
118
106
81
53
24
23
36
56
70
91
100
100
101
53
47
21
-3
-10
-15
-44
-46
-24
2
30
42
68
76
77
69
50
52
59
62
77
99
124
147
163
147
139
100
59
18
-34
-87
-132
-175
-179
-158
-142
-111
-103
-84
-91
-71
-51
-25
-1
13
35
47
63
63
89
59
38
-16
-35
-48
-56
-56
-62
-70
-94
-99
-146
-167
-182
-176
-164
-186
-203
-202
-215
-232
-258
-301
-316
-299
-290
-261
-236
-236
-229
-199
-176
-147
-100
-55
-18
-12
7
-4
-1
3
30
76
107
155
181
241
288
292
298
311
295
297
296
312
357
390
395
395
371
343
298
270
230
176
146
124
103
95
106
92
87
75
77
59
31
6
-29
-67
-73
-76
-74
-63
-82
-107
-146
-170
-164
-174
-165
-174
-179
-168
-174
-185
-202
-196
-183
-189
-210
-214
-210
-213
-164
-163
-157
-125
-110
-86
-64
-51
-30
-13
-16
-6
1
27
22
52
111
134
163
192
214
201
193
182
152
142
127
101
80
55
21
-2
-11
-65
-61
-63
-105
-97
-114
-127
-141
-164
-157
-127
-84
-29
27
68
102
146
168
150
134
108
111
68
26
33
12
-15
-44
-69
-85
-118
-145
-165
-166
-145
-107
-76
-52
-34
-45
-34
-48
-58
-58
-35
-23
7
43
49
63
46
41
51
65
107
113
145
158
150
170
153
173
197
181
180
178
169
169
171
146
128
79
40
31
-17
-50
-59
-85
-58
-43
-54
-75
-126
-157
-182
-228
-252
-263
-261
-266
-246
-211
-149
-93
-44
-24
-31
-7
-33
-17
-32
-56
-70
-65
-68
-82
-77
-105
-103
-93
-87
-77
-39
-9
18
77
118
156
180
178
205
189
116
116
104
87
88
72
58
69
61
29
17
12
12
-4
5
18
38
73
92
94
91
90
109
108
105
104
99
75
83
68
70
91
76
98
75
82
81
65
69
56
54
31
3
-9
-45
-73
-102
-128
-104
-112
-112
-122
-137
-129
-113
-99
-109
-112
-154
-183
-208
-238
-225
-201
-187
-172
-145
-121
-80
-72
-33
-3
24
27
21
29
18
42
25
12
-12
-19
-27
-44
-31
-24
-20
-44
-22
13
21
51
91
111
122
154
150
144
130
128
94
47
30
23
19
34
38
50
54
45
30
33
47
61
71
62
84
80
93
97
91
105
104
124
127
122
94
69
42
14
-1
-8
-4
-7
-2
-18
-28
-44
-64
-52
-72
-67
-55
-55
-41
-41
-16
-10
-25
-49
-58
-59
-72
-88
-107
-130
-142
-149
-155
-153
-161
-132
-133
-144
-129
-138
-125
-109
-110
-106
-89
-103
-107
-79
-95
-107
-99
-92
-78
-76
-53
-52
-22
34
82
125
136
150
159
136
145
146
146
152
161
172
169
203
198
204
199
204
222
218
215
177
131
100
70
54
41
42
40
30
24
17
2
-23
-44
-87
-107
-116
-122
-125
-100
-114
-110
-52
-30
-37
-54
-68
-83
-107
-145
-176
-183
-191
-181
-129
-131
-122
-96
-99
-104
-94
-102
-79
-51
-41
-1
19
21
30
-4
19
10
27
30
20
38
37
66
57
43
55
52
33
23
38
69
79
88
74
84
79
101
114
128
150
147
132
99
57
15
5
2
15
9
13
19
16
22
10
18
17
39
48
48
78
70
96
98
102
86
74
63
60
53
42
51
42
51
45
49
49
35
55
50
18
-28
-39
-59
-90
-106
-91
-85
-80
-61
-78
-62
-95
-127
-158
-167
-161
-152
-152
-174
-182
-205
-218
-214
-187
-135
-115
-87
-84
-87
-71
-101
-88
-81
-57
-36
-37
5
3
15
48
66
44
23
12
-6
-45
-86
-102
-125
-114
-109
-112
-98
-73
-52
-8
39
68
99
105
123
119
130
128
109
118
161
168
180
217
192
162
131
94
58
37
39
77
112
134
144
145
147
141
133
146
171
164
142
132
127
118
116
118
121
110
102
97
83
76
59
45
33
33
26
18
14
-12
-24
-34
-56
-59
-69
-70
-129
-166
-181
-202
-223
-247
-236
-243
-225
-248
-228
-214
-219
-197
-188
-150
-146
-174
-182
-209
-200
-190
-194
-161
-148
-155
-144
-154
-173
-171
-165
-145
-104
-102
-104
-73
-48
-20
6
60
97
118
136
164
196
220
237
243
239
234
225
243
272
298
331
349
371
373
327
314
279
231
213
196
174
149
135
85
65
47
43
48
32
20
-1
-30
-41
-33
-49
-45
-47
-60
-47
-50
-62
-54
-42
-19
-18
12
18
0
-19
-39
-67
-82
-85
-119
-95
-128
-118
-135
-128
-119
-135
-160
-200
-191
-232
-252
-250
-221
-213
-201
-183
-156
-107
-90
-92
-92
-125
-164
-187
-199
-223
-234
-246
-249
-249
-251
-256
-268
-281
-297
-271
-261
-210
-142
-99
-37
14
57
84
135
187
237
282
344
371
412
464
496
504
513
538
525
528
504
480
449
416
394
373
364
347
325
313
290
246
209
181
123
59
10
-55
-94
-128
-168
-191
-205
-206
-211
-207
-224
-242
-244
-252
-242
-217
-204
-184
-179
-192
-199
-188
-196
-198
-194
-210
-208
-188
-176
-169
-154
-151
-144
-128
-123
-127
-113
-120
-115
-110
-72
-40
-8
41
59
61
47
53
90
103
101
82
78
70
53
39
29
25
6
-16
-36
-34
-58
-76
-105
-106
-85
-71
-50
1
63
91
129
146
147
123
91
100
101
91
121
149
153
162
155
167
152
138
122
101
106
91
69
57
48
52
38
23
16
-4
-6
-16
-21
-13
2
14
36
72
83
84
79
66
46
8
-24
-28
-48
-34
-19
-23
-16
-15
-17
-28
-39
-66
-81
-98
-96
-87
-106
-121
-125
-138
-168
-170
-169
-160
-137
-120
-114
-115
-99
-89
-74
-64
-67
-49
-51
-55
-56
-73
-70
-78
-73
-93
-106
-98
-113
-114
-136
-149
-132
-130
-148
-118
-70
-27
8
46
71
106
150
178
184
180
171
168
169
162
136
141
140
138
151
149
145
157
153
110
108
103
81
101
114
124
154
148
148
165
150
152
182
179
176
180
168
189
199
192
190
191
169
140
93
66
28
-36
-41
-70
-105
-121
-117
-163
-170
-192
-214
-238
-289
-322
-325
-332
-314
-285
-296
-279
-285
-273
-261
-262
-252
-243
-249
-253
-245
-240
-221
-199
-180
-144
-126
-89
-46
-3
9
16
1
-14
4
8
-4
13
58
81
108
135
168
185
204
227
242
242
240
239
229
204
183
169
185
202
241
244
226
225
199
187
176
151
129
105
68
58
28
6
-31
-42
-47
-87
-97
-98
-115
-136
-128
-113
-105
-94
-99
-108
-123
-81
-65
-51
-13
2
-19
-36
-51
-80
-78
-84
-68
-45
-21
-11
24
42
36
50
54
52
55
45
15
21
-1
-42
-66
-77
-111
-131
-121
-109
-127
-134
-118
-97
-68
-38
-7
-9
-5
3
-4
19
64
99
110
128
134
108
107
106
86
69
52
22
9
-12
-20
-22
-6
33
53
88
117
141
131
130
131
134
124
101
107
74
87
99
113
106
112
135
111
108
91
72
55
11
-15
-53
-88
-104
-116
-139
-164
-163
-183
-181
-183
-212
-213
-223
-242
-226
-195
-172
-157
-140
-137
-167
-176
-177
-156
-126
-116
-91
-83
-64
-46
-34
-14
1
33
67
103
114
114
145
161
190
205
191
169
153
132
102
68
60
45
43
42
16
15
-1
10
23
30
23
27
30
14
3
1
22
37
51
42
42
55
57
57
27
1
-18
-9
-9
3
-3
8
-12
-38
-40
-68
-75
-90
-84
-55
-38
-15
11
20
40
23
-4
-41
-42
-31
-67
-84
-81
-52
-34
-20
-7
12
24
35
20
42
65
58
49
50
68
62
65
56
62
48
15
1
-31
-44
-60
-63
-66
-45
-36
-45
-35
-36
-18
-14
0
6
17
21
10
11
-16
-35
-72
-98
-105
-107
-112
-127
-147
-153
-148
-129
-81
-47
2
36
30
40
44
1
-10
-36
-20
5
22
53
54
62
74
72
45
27
29
48
56
75
82
95
122
134
127
117
115
94
79
59
59
43
38
54
70
80
113
100
97
107
74
63
59
47
50
46
14
25
2
4
5
-19
9
18
2
33
55
49
58
53
68
81
95
92
91
57
21
-9
-49
-65
-95
-110
-116
-101
-115
-97
-98
-106
-137
-159
-179
-220
-234
-240
-257
-274
-264
-276
-263
-238
-219
-207
-196
-176
-141
-120
-91
-64
-58
-52
-58
-31
-46
-44
-25
-1
6
16
45
52
90
123
150
193
223
220
200
201
164
161
171
156
156
174
192
208
225
214
173
148
117
87
65
53
54
38
48
51
84
92
59
42
16
-7
-8
4
11
-3
16
16
12
11
25
33
50
27
1
-8
-26
-11
-31
-26
-25
-44
-51
-51
-52
-59
-78
-95
-123
-157
-141
-151
-150
-138
-124
-129
-158
-183
-182
-171
-168
-167
-174
-171
-155
-154
-132
-132
-119
-88
-52
-18
2
35
48
66
77
95
96
94
92
116
99
87
111
109
119
110
106
101
95
107
111
113
110
118
105
86
80
107
125
120
130
110
126
137
134
123
125
119
105
106
82
73
48
47
24
10
23
16
-22
-49
-72
-84
-95
-98
-100
-100
-73
-81
-106
-117
-124
-112
-110
-135
-146
-166
-187
-206
-202
-194
-176
-186
-205
-208
-202
-193
-164
-124
-77
-31
-2
35
72
113
114
118
133
139
163
190
184
186
189
166
128
112
70
49
31
4
-19
-39
-15
3
29
50
49
45
39
25
-3
-7
-10
-27
-34
-43
-43
-68
-81
-118
-150
-182
-200
-195
-192
-174
-130
-121
-87
-69
-46
-43
-40
-16
-9
7
12
54
87
105
129
139
134
127
123
118
83
75
79
66
87
92
89
81
82
68
82
98
117
133
146
137
106
110
124
158
148
138
99
83
73
39
35
28
-3
-34
-62
-77
-102
-129
-127
-128
-107
-99
-96
-75
-70
-83
-109
-122
-103
-85
-66
-82
-73
-63
-80
-79
-79
-66
-53
-50
-54
-49
-57
-54
-39
-29
6
19
18
4
-14
-33
-33
-17
20
35
21
17
7
4
0
-11
-35
-55
-63
-82
-88
-64
-55
-41
-47
-42
-21
-12
-13
5
36
53
100
146
188
208
223
220
193
178
132
107
79
67
55
67
66
83
95
103
107
101
98
88
124
119
99
70
40
10
6
-14
-3
4
-31
-47
-93
-125
-152
-180
-210
-224
-231
-225
-225
-210
-184
-181
-168
-164
-144
-123
