5
-1
-1
3
0
1
3
2
-4
0
-5
-4
-4
-10
-4
3
2
2
2
-3
-1
-4
-3
2
3
10
12
9
7
9
8
6
4
-4
-7
-17
-25
-26
-30
-34
-31
-31
-38
-29
-27
-28
-28
-24
-11
-8
-2
6
2
2
12
11
13
20
21
25
28
29
25
25
26
25
23
24
29
22
18
21
19
15
16
21
20
18
19
15
13
10
7
9
3
2
2
6
7
12
14
16
20
17
14
14
10
7
5
6
5
1
2
-1
-6
-7
-6
-13
-15
-17
-21
-21
-22
-25
-27
-22
-26
-27
-28
-36
-40
-47
-43
-42
-34
-30
-26
-18
-19
-19
-22
-20
-14
-17
-15
-9
-10
-5
-1
1
2
1
1
0
-3
-9
-7
-7
-7
-3
2
3
6
11
16
23
30
35
41
46
45
43
44
42
42
38
34
30
23
23
12
11
9
2
-2
-9
-10
-8
-6
-3
-1
0
-3
6
4
-3
-2
-9
-10
-13
-17
-16
-16
-17
-24
-22
-19
-18
-12
-12
-9
-3
1
7
12
15
14
15
11
10
7
-1
-1
-2
-8
-10
-13
-20
-21
-16
-17
-14
-10
-10
-8
-4
-4
1
1
3
10
8
12
12
7
4
-5
-14
-17
-25
-24
-21
-21
-13
-12
-5
1
5
4
7
8
3
2
0
-1
1
3
3
6
5
5
10
8
5
6
8
10
9
13
9
12
9
12
6
3
5
0
2
1
4
2
-1
-2
-1
9
3
8
9
3
2
1
0
3
2
-2
-1
-1
-6
-9
-8
-10
-9
-10
-11
-12
-12
-13
-10
-5
1
7
13
16
20
20
23
26
24
25
24
19
16
11
10
3
3
5
0
1
-2
-2
-1
-4
-6
-4
0
0
3
1
2
0
1
0
-6
-10
-11
-15
-21
-23
-24
-25
-25
-24
-21
-18
-18
-20
-23
-26
-23
-26
-24
-21
-23
-19
-18
-17
-5
-1
6
13
15
15
15
15
12
14
10
5
7
9
9
6
4
8
7
11
11
14
24
26
23
26
26
24
21
18
23
20
19
16
21
18
15
9
1
0
5
2
-3
-1
-8
-14
-16
-16
-21
-25
-24
-20
-20
-13
-12
-12
-11
-10
-7
-6
2
-1
-2
-1
-8
-14
-13
-12
-10
-7
-1
1
5
4
5
0
0
-1
-5
-9
-14
-12
-12
-12
-7
-14
-9
-3
-6
-1
-2
-1
1
-1
3
6
4
6
9
7
9
11
14
20
23
19
21
20
19
17
11
7
6
3
3
7
8
7
4
4
5
3
8
11
8
4
3
2
-9
-8
-13
-15
-16
-19
-15
-11
-5
-1
-2
2
1
3
2
0
4
-4
-6
-3
-1
-5
-5
-7
-1
1
-1
0
-2
0
-1
-6
-12
-14
-20
-25
-20
-22
-13
-9
-5
-1
3
10
10
15
21
20
22
24
18
19
18
20
16
14
11
8
10
10
7
4
6
3
5
3
4
2
-1
-1
-4
-12
-8
-8
-6
-7
-9
-5
-8
-3
-6
-3
-4
-8
-7
-12
-14
-14
-21
-20
-21
-23
-19
-17
-19
-20
-22
-23
-21
-16
-15
-11
-4
-7
-7
-7
-6
-5
-4
-1
2
1
-2
3
-1
4
9
18
25
30
25
23
21
19
20
14
22
18
20
18
19
14
16
13
15
16
16
26
24
26
24
19
18
18
16
16
8
4
4
-8
-11
-16
-19
-22
-27
-27
-30
-23
-26
-23
-26
-30
-29
-28
-27
-32
-28
-23
-19
-13
-13
-11
-10
-11
-13
-15
-12
-17
-12
-9
-14
-10
-6
-7
-8
-6
-6
-12
-7
-5
-7
-2
-1
-3
-4
-2
6
7
10
15
17
28
34
39
44
52
51
49
49
49
47
45
43
41
37
37
32
32
29
22
24
23
25
28
26
26
31
35
33
28
24
18
14
9
1
3
-5
-6
-3
-5
-7
-11
-20
-31
-33
-45
-49
-48
-52
-59
-65
-69
-66
-70
-79
-77
-87
-79
-82
-85
-82
-77
-72
-77
-69
-68
-62
-50
-41
-21
-11
-7
6
11
22
34
34
44
48
54
55
54
60
57
61
66
68
64
60
64
60
61
54
49
43
39
34
30
30
32
35
34
39
27
42
43
40
41
34
27
18
19
11
12
13
13
9
-2
-4
-18
-15
-11
-11
-24
-34
-46
-48
-41
-44
-25
-33
-32
-24
-32
-34
-22
-15
-30
-35
-33
-48
-38
-55
-61
-62
-71
-65
-68
-44
-55
-61
-72
-94
-74
-70
-58
-64
-56
-43
-56
-28
-29
-33
-27
-20
-11
5
12
15
10
16
20
24
36
41
52
45
51
58
60
76
72
70
91
87
74
82
93
84
86
109
111
104
97
95
84
72
70
55
52
51
38
37
48
53
55
50
41
31
19
2
-3
-7
-10
-7
-22
-12
-79
-73
-15
33
-18
-146
-142
-53
-7
-108
-148
-126
-66
-35
-79
-110
-146
-93
-18
-35
-87
-72
28
73
-32
-77
17
79
44
-19
-28
44
64
62
66
76
103
102
62
36
57
84
82
10
-17
2
12
-9
-21
-14
-16
-54
-96
-87
-88
-96
-122
-129
-136
-177
-199
-203
-218
-235
-240
-245
-260
-293
-270
-245
-210
-174
-149
-137
-100
-33
4
58
85
141
215
237
271
282
311
335
352
392
403
424
449
482
509
493
461
463
462
449
409
373
340
334
310
244
226
193
139
101
41
7
-34
-69
-94
-142
-192
-236
-262
-292
-319
-362
-372
-408
-461
-485
-469
-421
-520
-574
-648
-598
-480
-537
-618
-799
-778
-620
-553
-657
-790
-693
-527
-410
-485
-543
-457
-281
-98
-103
-150
-5
184
329
341
239
346
520
653
637
585
712
896
996
919
937
1016
1090
1094
923
1018
1067
1060
1052
937
1004
959
865
847
803
736
621
471
457
468
367
192
90
79
95
-60
-343
-456
-401
-399
-487
-681
-764
-718
-786
-843
-972
-1026
-1057
-1054
-1012
-993
-1157
-1137
-1571
-1951
-1763
-1206
-572
-1341
-2361
-2324
-1234
-590
-1372
-2509
-2220
-670
-67
-969
-2424
-2166
-107
883
-268
-1598
-979
1319
2090
428
-709
769
3404
3700
1432
123
1863
4192
3985
2005
1338
3220
4711
3509
1641
1649
3678
4503
2912
1281
1520
2977
3140
1754
752
721
1445
1637
690
-375
-809
-198
41
-710
-1557
-1399
-1277
-1744
-2029
-2005
-1686
-2109
-2510
-2371
-2351
-2241
-1974
-1947
-1928
-2036
-1979
-1982
-1915
-1509
-1195
-1143
-1459
-1489
-1367
-1060
-816
-815
-953
-885
-801
-764
-922
-1367
-929
-488
263
-211
-1488
-1501
-283
626
-153
-1363
-1500
57
797
-65
-1542
-1782
105
1369
591
-739
-693
1160
2341
1148
-177
410
2678
3727
2278
522
1129
3287
3963
2550
1283
2135
3811
3628
1915
1080
2194
3744
3090
1168
664
1617
2392
1712
343
395
1142
1249
326
-748
-708
-144
-148
-956
-1391
-1281
-1077
-1576
-2328
-2110
-1500
-1426
-1964
-2480
-2203
-1667
-1686
-1929
-2011
-1683
-1288
-1427
-1733
-1663
-1197
-810
-935
-1229
-1048
-614
-445
-373
-472
-309
-34
-55
-152
-235
-84
236
123
124
-771
-1132
-401
709
1029
-973
-2302
-1433
444
640
-1220
-2865
-1782
497
554
-1453
-3389
-2217
666
1093
-1045
-2510
-950
1987
2067
-465
-1479
1026
4169
3687
566
-436
2240
4682
3590
1021
811
3405
4621
2617
475
1173
3741
4115
1877
345
1141
2717
2543
1105
459
983
1548
1091
2
-370
106
467
97
-727
-975
-745
-986
-1552
-1552
-1139
-1022
-1609
-2215
-2059
-1392
-1101
-1520
-1958
-1723
-993
-1003
-1672
-1976
-1417
-600
-653
-1413
-1777
-1209
-547
-586
-1089
-1297
-778
-266
-437
-737
-839
-99
-291
-1383
-1355
-477
1099
107
-1965
-2500
-963
602
-546
-2717
-3236
-1008
480
-670
-3250
-3905
-975
1205
-57
-2631
-2801
419
2324
307
-2095
-1041
2722
4220
1644
-991
400
3861
4696
2355
586
2279
4939
4469
1994
985
3104
5410
4423
1980
1125
2840
4395
3460
1710
888
2124
3316
2500
825
-126
1033
1964
1056
-746
-1197
-559
-435
-957
-1711
-1448
-1370
-1982
-2637
-2954
-2385
-1714
-1877
-2418
-2707
-2288
-2032
-2314
-2373
-1895
-1503
-1830
-2354
-2467
-1922
-1349
-1482
-1783
-1811
-1497
-1179
-1194
-1272
-1073
-1004
-1149
-1987
-2295
-1269
-6
292
-1608
-2998
-2039
-48
269
-1666
-3280
-2075
276
526
-1635
-3438
-2069
842
1303
-990
-2353
-647
2410
2625
179
-728
1688
4730
4563
1854
799
3234
5763
5214
2688
2011
4366
6165
4786
2201
2036
4286
5602
3985
1562
1585
3209
3912
2530
885
1071
2089
1999
450
-603
-164
636
-26
-1403
-1794
-1568
-1752
-2470
-2998
-2545
-2407
-3102
-3895
-3964
-3234
-2872
-3411
-4034
-3584
-2764
-2545
-3037
-3427
-2769
-1939
-1839
-2231
-2365
-1807
-1095
-1089
-1290
-1298
-959
-490
-529
-631
-552
-219
94
50
-959
-1249
-244
1287
1555
-573
-1930
-914
1078
1272
-626
-2215
-977
1142
968
-1020
-2680
-1332
1371
1527
-585
-1885
-138
2862
2713
114
-860
1719
4739
4265
1192
159
2906
5479
4549
1653
1374
4286
6003
4063
1307
1574
4304
5275
2895
588
1163
3296
3198
1110
-291
660
1937
986
-711
-1509
-633
-93
-875
-2150
-2369
-1968
-2200
-2985
-3543
-2867
-2374
-3051
-4072
-3982
-2810
-2061
-2755
-3406
-3005
-2003
-1672
-2232
-2417
-1505
-417
-589
-1372
-1682
-916
40
-178
-849
-868
-220
467
113
-270
-5
462
536
-174
-1091
-976
328
1294
790
-1051
-1782
-600
865
522
-1262
-2430
-1027
895
438
-1440
-2710
-1105
1024
807
-1224
-1873
187
2440
1829
-595
-964
1729
4118
3353
755
171
2826
4759
3753
1591
1749
4238
5332
3374
1113
1672
4094
4586
2845
930
1378
3048
2784
1474
272
859
1764
1287
-445
-1248
-428
335
-11
-1546
-2022
-1580
-1719
-2246
-2682
-2344
-1904
-2728
-3707
-3746
-2789
-2194
-2529
-3342
-3132
-2135
-1976
-2482
-2781
-1864
-772
-889
-1939
-2005
-1076
-63
-101
-864
-852
-394
184
98
-209
-164
100
88
-93
-1012
-1179
-134
920
1036
-847
-1930
-1101
651
607
-1145
-2420
-1441
597
300
-1601
-2907
-1543
929
1087
-930
-1995
-482
2032
2102
19
-592
1805
4424
3843
1398
781
3289
5435
4379
2128
2073
4439
5575
3479
1383
2112
4620
5087
2614
662
1458
3438
3385
1193
-254
865
2066
1288
-766
-1530
-436
354
-562
-2146
-2524
-1888
-1545
-2481
-3231
-2987
-2401
-2562
-3560
-3929
-3118
-2247
-2498
-3266
-3089
-2080
-1559
-2025
-2506
-1846
-1025
-768
-1345
-1532
-866
-207
-202
-767
-768
-221
260
166
-189
-299
-14
250
206
-251
-940
-389
390
1084
296
-1356
-1252
-65
864
-294
-2000
-2089
-351
702
-587
-2520
-2778
-747
734
-428
-2118
-1825
322
1654
144
-1314
-311
2577
3557
1768
167
1200
3738
4198
2619
1785
3006
4615
3990
2108
2015
3560
4682
3394
1784
1799
2839
3201
2013
1292
1479
1936
1939
1111
315
425
824
1038
238
-897
-952
-643
-838
-1562
-1966
-1842
-1770
-2362
-2980
-2841
-2406
-2378
-2748
-2973
-2705
-2286
-2227
-2408
-2297
-2043
-1873
-1965
-1993
-1501
-1205
-1263
-1333
-1275
-995
-873
-948
-896
-753
-661
-848
-639
-504
-1228
-1445
-962
304
435
-1324
-2324
-1370
333
225
-1635
-3047
-1589
598
346
-1622
-2989
-1365
1220
1183
-838
-1711
284
2847
2320
-65
-402
2586
5110
4123
1568
1129
3940
5738
4385
2273
2625
5018
5664
3523
1804
2865
4948
4780
2039
780
1888
3453
2800
501
-95
970
1835
783
-831
-1447
-499
250
-731
-2219
-2849
-2038
-1432
-2334
-3344
-3143
-2407
-2456
-3446
-3913
-3179
-2350
-2705
-3479
-3547
-2774
-2196
-2593
-2905
-2537
-1755
-1488
-1904
-2033
-1412
-698
-875
-1306
-1157
-445
106
-167
-427
-308
260
645
425
-597
-902
100
1253
1520
-507
-1755
-529
1387
1401
-778
-2343
-884
1575
1315
-1247
-2948
-1235
1615
1471
-1077
-2238
-126
2719
2059
-689
-1255
1820
4615
3608
717
109
2972
5094
3819
1589
1648
3830
4734
2667
931
1669
3813
4062
1861
326
1202
3007
2855
1098
121
849
1564
1158
-32
-503
39
476
-61
-1279
-1666
-1254
-1042
-1778
-2456
-2250
-1822
-2096
-2905
-2993
-2260
-1971
-2362
-2736
-2379
-1581
-1504
-2079
-2193
-1377
-588
-778
-1627
-1732
-894
-216
-631
-1361
-1147
-197
170
-472
-1155
-818
199
555
-205
-1065
-1637
-600
670
872
5
-1662
-1461
58
799
-416
-2245
-2328
-245
1030
-371
-2441
-2773
-764
991
89
-1721
-1492
758
2303
863
-1004
-59
2974
4391
2554
350
1124
3792
4666
2861
1510
2458
4211
3952
1904
1213
2642
4052
3100
955
742
2113
2817
1730
305
624
1535
1563
453
-394
-60
455
536
-364
-919
-874
-623
-937
-1948
-1993
-1334
-1153
-1915
-2762
-2606
-1930
-1977
-2547
-2780
-2274
-1958
-2307
-2582
-2137
-1383
-1413
-1854
-1979
-1344
-703
-933
-1396
-1305
-476
-130
-624
-1101
-743
-30
406
2
-316
-689
-1149
-451
20
1007
208
-1459
-1355
-51
783
-571
-2428
-2366
289
1229
-464
-2615
-2722
-161
1384
-118
-2057
-1697
782
2340
760
-1098
-177
2806
4059
2437
255
761
3575
4639
3272
1660
2232
4337
4469
2640
1551
2673
4464
3973
1934
1030
2189
3456
2782
1299
970
1832
2182
1126
-15
-91
595
781
-291
-1161
-1274
-744
-981
-1877
-2160
-1583
-1341
-2237
-3273
-3168
-2179
-1995
-2829
-3507
-2965
-1988
-1833
-2619
-2892
-2298
-1614
-1513
-2045
-2059
-1520
-1023
-1199
-1465
-1346
-813
-622
-812
-746
-422
-67
-175
-359
-1430
-1129
-269
662
719
-1288
-1815
-698
698
155
-1609
-2532
-781
1001
254
-1808
-3000
-1352
971
784
-1350
-1974
-95
2403
1926
-508
-758
2067
4604
3690
886
345
3034
5248
4182
2007
1871
4005
5078
3267
1381
1971
4099
4676
2456
656
1424
3239
3373
1187
219
1056
2215
1640
-39
-556
147
1165
291
-1219
-1769
-1022
-436
-1467
-2719
-2483
-1566
-1510
-3051
-4117
-3165
-1814
-1907
-3316
-3671
-2759
-1715
-1960
-3042
-2824
-1796
-928
-1402
-2386
-2089
-1060
-446
-1024
-1563
-1201
-345
-198
-443
-519
-17
440
306
-209
-1432
-744
257
1460
1121
-891
-1247
-296
919
334
-1121
-1911
-150
1050
198
-1575
-2582
-1032
1045
814
-942
-1600
-127
2314
1840
-87
-280
2411
4634
3598
915
615
3626
5532
4249
1855
1821
4391
5251
3080
1235
2100
4407
4243
1523
38
1456
3348
2708
308
-684
466
1629
628
-915
-1282
-540
84
-1023
-2311
-2523
-2028
-1807
-2648
-3307
-2644
-2021
-2530
-3645
-3808
-2723
-1954
-2538
-3461
-3005
-2055
-1704
-2475
-2828
-1717
-734
-909
-1974
-2142
-707
256
-170
-1164
-989
185
615
-101
-522
252
1261
903
150
-805
-636
683
916
1373
80
-805
-471
327
683
-281
-1428
-1361
490
713
-336
-2045
-2096
36
1215
-105
-1615
-1340
1076
2217
476
-953
447
3466
4043
2020
83
1495
4244
4513
2559
1337
2578
4483
3835
1763
1338
2970
4274
2710
483
401
2310
3195
1667
-9
55
1352
1416
-7
-1098
-734
293
109
-1259
-2026
-1531
-973
-1449
-2631
-2886
-1946
-1691
-2602
-3385
-3009
-1936
-1838
-2818
-3122
-2332
-1589
-1770
-2498
-2234
-1221
-673
-1193
-1750
-1258
-195
111
-537
-958
-362
406
181
-343
-213
513
810
293
-6
-905
-393
203
803
1045
-494
-901
-380
728
415
-844
-1943
-793
884
393
-1178
-2622
-1489
877
1197
-626
-1663
-504
2090
2124
-20
-875
1468
4116
3545
780
-327
2289
4735
3822
1295
632
2849
4387
2760
747
1076
3271
3772
1536
-195
823
2635
2526
558
-467
464
1307
596
-778
-1111
-509
74
-866
-1994
-1909
-1432
-1198
-2139
-2970
-2305
-1371
-1667
-2772
-3259
-2195
-1177
-1756
-2756
-2424
-1391
-841
-1536
-2225
-1547
-567
-499
-1186
-1478
-706
64
-192
-804
-633
119
429
114
-291
185
509
514
67
252
47
-754
-264
288
1652
761
-1096
-1356
-171
887
82
-1668
-1824
379
1125
-245
-2363
-2500
52
1885
426
-1543
-1465
1233
2752
1008
-987
220
3594
4260
1860
-568
1094
4462
4669
2046
322
2078
4422
3446
800
229
2342
3779
1880
-315
268
2189
2605
526
-782
145
1458
931
-409
-896
-293
217
-682
-1432
-1518
-1043
-920
-1794
-2584
-1956
-1106
-1216
-2419
-2942
-1879
-915
-1291
-2560
-2484
-1410
-768
-1414
-2292
-1765
-674
-372
-1026
-1558
-889
37
6
-710
-768
-102
279
144
-328
-176
43
149
192
238
78
-1026
-793
-59
1334
1220
-698
-1183
-356
989
496
-1008
-1693
167
1461
330
-1678
-2563
-302
1875
828
-1441
-1878
401
2632
1260
-1110
-691
2358
3674
1858
-618
150
3266
4089
1846
-117
836
3255
3189
736
-348
835
2558
1924
-101
-720
319
1388
899
-261
-495
37
487
66
-535
-762
-802
-398
-477
-610
-916
-1160
-1077
-1043
-903
-916
-896
-1171
-1281
-999
-781
-886
-1150
-1074
-418
-191
-547
-1085
-965
-178
142
-135
-613
-382
166
340
54
-176
68
451
493
262
22
179
209
326
365
197
-590
-1044
-118
842
1287
-398
-1544
-998
448
683
-764
-1899
-947
889
490
-1139
-2516
-1327
795
781
-1173
-2176
-915
1318
1203
-861
-1652
342
2586
2295
339
-618
1263
2963
2323
429
-67
1651
2850
1683
-60
-221
1384
2243
1146
-332
-400
654
1332
824
-47
-93
472
816
398
-293
-499
66
399
62
-469
-701
-463
-315
-561
-968
-1041
-971
-860
-847
-1008
-1156
-1176
-926
-346
-318
-625
-972
-793
-8
270
-158
-438
-329
172
518
-2
-350
-156
441
665
284
-140
19
567
882
719
134
-88
-568
135
735
933
396
-1117
-1207
-279
322
-398
-1269
-1514
-248
70
-1047
-2122
-2240
-959
36
-539
-2075
-1998
-659
667
130
-1579
-1380
761
1942
1078
-706
-473
1790
2735
1406
-140
392
2207
2599
878
-377
729
2368
2339
552
-285
714
1771
1595
369
-52
498
1116
997
299
-143
-80
292
412
151
-309
-348
-141
-333
-693
-688
-479
-340
-595
-940
-867
-780
-619
-604
-581
-636
-623
-551
-272
160
41
-121
-164
129
505
207
-125
136
626
717
269
-17
276
751
823
399
89
-7
240
-377
-158
13
469
506
-768
-1066
-812
-35
-27
-783
-1756
-1114
-218
-308
-1207
-2539
-1833
-85
-174
-1736
-2622
-1379
830
417
-1649
-2042
305
2044
917
-1361
-1241
1375
2440
710
-1044
-357
1982
2251
216
-889
278
2039
1823
86
-573
599
1854
1722
596
93
959
1904
1691
683
7
524
1477
1386
500
-36
289
707
348
-270
-202
170
39
-497
-800
-525
-140
-181
-395
-411
-396
-312
-189
-52
8
-231
-364
-155
62
-122
-416
-356
118
329
-160
-564
-331
250
403
-222
-605
-376
127
94
-939
-926
-369
513
157
-1443
-1793
-892
174
-422
-1916
-2661
-1113
36
-837
-2565
-3157
-1377
299
-661
-2450
-2469
-424
1183
-91
-1972
-1440
1212
2197
468
-1416
-546
2025
2528
777
-423
841
2749
2307
356
-303
1407
2879
1928
302
110
1720
2754
1705
470
579
1727
2311
1429
559
650
1289
1520
957
320
125
464
318
-134
-355
-332
-182
-587
-861
-662
-331
-238
-575
-751
-541
-126
-192
-535
-410
-179
261
118
-363
-437
-167
370
381
-74
-189
19
409
460
119
-165
-192
87
357
340
124
-248
-934
-644
-198
490
321
-985
-1426
-1182
-528
-863
-1771
-2587
-1736
-923
-1515
-2802
-3728
-2273
-561
-958
-2771
-3347
-1440
610
-180
-2452
-2378
469
2062
485
-1986
-1556
1457
2582
639
-1127
-213
2367
2653
585
-519
791
2733
2620
1023
249
1283
2537
2588
1418
910
1468
2402
2326
1340
657
1077
1989
1806
954
425
882
1277
859
259
355
886
892
422
127
462
780
470
224
407
518
431
-56
190
746
651
79
-366
55
690
323
-540
-779
-232
195
-274
-928
-1137
-689
-500
-639
-802
-1010
-728
-1576
-1883
-1560
-879
-224
-1541
-2542
-2581
-1819
-1393
-2177
-3289
-2888
-1682
-1791
-2905
-4010
-3244
-1180
-1040
-2645
-3486
-2235
-73
-230
-2040
-2278
58
1725
765
-1119
-1000
1389
2503
1208
-97
589
2580
3015
1598
657
1686
3320
3520
2330
1470
2281
3447
3639
2822
2007
2416
3281
3341
2495
1588
1774
2620
2903
1944
1092
1107
1518
1531
893
544
702
926
686
417
281
228
202
151
58
-168
-438
-471
-324
-401
-609
-934
-917
-862
-992
-1426
-1763
-1582
-1242
-1058
-1365
-1760
-1775
-1486
-1335
-1495
-1826
-2049
-1832
-2085
-2440
-2408
-2212
-1514
-2009
-2947
-3272
-2787
-2108
-2165
-2816
-3113
-2176
-1660
-1975
-2762
-2839
-1429
-396
-1107
-2075
-1879
-62
856
-40
-962
-34
1932
2282
1062
117
1348
3056
2938
1425
976
2298
3650
2903
1456
1545
3158
4041
2967
1845
2210
3574
3749
2486
1444
2122
3101
3004
1665
717
1230
1955
1873
662
35
437
1243
939
-118
-663
-71
733
261
-820
-1073
-332
359
-170
-1211
-1175
-390
16
-691
-1319
-995
-303
-278
-1141
-1472
-978
-542
-672
-1108
-1123
-904
-854
-939
-997
-902
-815
-763
-785
-814
-957
-897
-831
-1305
-1438
-1234
-559
-527
-1677
-2503
-1862
-805
-975
-2329
-3235
-1991
-579
-861
-2633
-3271
-1711
-30
-425
-2131
-2391
-703
728
-60
-1606
-1538
482
1743
1017
-533
-547
1111
2273
1797
565
656
2129
3039
2229
1143
1564
3205
3718
2731
1471
1696
2887
3274
2642
1702
2018
2740
2727
1723
1084
1497
2223
2145
1295
782
759
975
912
733
638
626
455
258
198
226
123
59
-116
-303
-524
-751
-646
-735
-713
-727
-910
-969
-1062
-1102
-1076
-1163
-1221
-1242
-1359
-1316
-1323
-1355
-1421
-1541
-1420
-1292
-1314
-1502
-1867
-2752
-2574
-1946
-1404
-1584
-3074
-3393
-2406
-1447
-2100
-3248
-3574
-2168
-1023
-1998
-3214
-3474
-2053
-727
-1153
-2397
-2364
-936
333
-50
-1391
-1258
814
2288
1715
110
47
2085
3700
2993
1521
1592
3219
4325
3305
2033
2656
4419
4935
3524
2062
2680
4325
4617
3424
2425
2957
3932
3537
2161
1728
2327
3020
2446
1170
906
1233
1436
884
235
299
580
201
-602
-768
-428
-332
-788
-1421
-1569
-1344
-1378
-1572
-1996
-1977
-1964
-2037
-2221
-2464
-2309
-2140
-2079
-2278
-2361
-2244
-1990
-2153
-2563
-2536
-2121
-1817
-1879
-2209
-2057
-1618
-1420
-1680
-2051
-2316
-1975
-1359
-1115
-1269
-2214
-2474
-1759
-1005
-1219
-1881
-2310
-1428
-413
-873
-1597
-2020
-1149
30
-277
-1223
-1332
-144
1300
1143
77
-162
1422
2723
2572
1453
1262
2830
3813
3200
2018
2209
3720
4443
3524
2313
2551
3787
4309
3575
2641
2876
3418
3359
2644
1991
2323
2695
2467
1652
1019
1064
1348
1409
750
264
164
84
-150
-642
-550
-272
-560
-1314
-1876
-1601
-1283
-1457
-1886
-2026
-1718
-1732
-2097
-2261
-1952
-1364
-1498
-1978
-2224
-1996
-1574
-1767
-1948
-1723
-1362
-1376
-1808
-1895
-1553
-1091
-1080
-1481
-1657
-1632
-1157
-1133
-1428
-1879
-1847
-1092
-797
-1073
-2069
-2351
-1439
-755
-952
-1951
-2340
-1144
-182
-546
-1684
-2128
-1062
263
289
-805
-920
228
1478
1435
147
-7
1658
3176
3065
1554
1155
2885
4463
4030
2447
2230
3741
4730
3563
2025
2404
4131
4579
3109
1661
2211
3669
3635
2196
1242
1741
2622
2339
1098
605
1033
1548
1102
131
-373
-119
201
-230
-925
-1249
-1089
-967
-1408
-2089
-2114
-1807
-1716
-2147
-2701
-2620
-2076
-1962
-2288
-2549
-2390
-2154
-2223
-2454
-2291
-1936
-1901
-2104
-2191
-1905
-1592
-1561
-1706
-1612
-1361
-1250
-1383
-1431
-1246
-1042
-916
-1087
-1220
-1216
-1063
-1264
-1308
-1184
-728
-423
-1148
-1722
-1596
-779
-340
-787
-1665
-1383
-318
139
-425
-1161
-598
815
1231
273
-240
654
2190
2310
1143
899
2360
3653
3236
2072
2215
3559
4171
3299
2386
2837
3882
4123
3065
2360
2834
3444
3392
2368
1879
2416
2845
2638
1647
1313
1811
2175
1679
611
356
892
1424
889
0
-53
262
374
-487
-1233
-824
-480
-784
-1762
-2163
-1581
-1200
-1598
-2395
-2507
-2219
-2057
-2233
-2576
-2587
-2556
-2440
-2413
-2599
-2711
-2667
-2408
-2288
-2487
-2794
-2642
-2202
-1958
-2133
-2423
-2424
-1956
-1744
-1790
-1886
-1921
-1623
-1571
-1675
-1649
-1439
-1048
-816
-1073
-1299
-1149
-608
-272
-408
-720
-443
258
485
369
56
435
1314
1573
1319
1169
1715
2547
2726
2357
2196
2916
3711
3712
3095
2767
3318
3873
3786
3200
2880
3299
3524
3054
2548
2509
2925
2878
2349
1797
1787
2094
2036
1662
1201
1193
1139
824
465
355
418
287
-51
-495
-632
-712
-883
-1103
-1279
-1374
-1571
-1904
-2135
-2078
-2050
-2190
-2514
-2694
-2687
-2767
-2770
-2708
-2546
-2446
-2637
-2728
-2646
-2379
-2270
-2284
-2218
-2076
-1995
-2183
-2180
-1895
-1490
-1406
-1608
-1708
-1521
-1090
-901
-940
-920
-765
-462
-364
-359
-533
-495
-20
261
350
-66
-304
139
674
817
517
105
480
1205
1543
1158
501
767
1702
2216
1684
1201
1635
2580
2699
1768
1326
2358
3477
3392
2164
1551
2484
3416
3250
2305
2211
2920
3274
2627
1811
1977
2683
3015
2358
1432
1240
1721
2131
1733
792
318
534
749
284
-551
-782
-322
-104
-895
-1834
-2156
-1678
-1429
-2023
-2534
-2560
-2366
-2398
-2825
-2978
-2693
-2533
-2613
-2919
-2927
-2790
-2675
-2678
-2605
-2530
-2547
-2520
-2547
-2415
-2234
-1913
-1771
-1731
-1880
-1823
-1571
-1277
-1103
-1088
-950
-713
-699
-744
-575
-263
88
72
78
265
675
918
800
537
600
950
1487
1588
1190
846
985
1521
1744
1390
972
1268
1846
1896
1281
753
1211
2061
2236
1524
988
1495
2166
2027
1316
1122
2033
2741
2434
1512
1345
2208
2797
2431
1673
1712
2291
2519
1905
1128
1288
1856
1788
1020
401
572
1119
1001
282
-246
-194
56
-122
-774
-1126
-972
-962
-1160
-1615
-1855
-1903
-2016
-2222
-2347
-2318
-2402
-2496
-2588
-2635
-2594
-2550
-2636
-2753
-2754
-2656
-2430
-2273
-2191
-2219
-2170
-2016
-1867
-1719
-1653
-1416
-1202
-1151
-1133
-1079
-863
-512
-387
-498
-461
-286
-36
72
124
134
181
277
330
513
611
682
598
592
753
1109
1394
1329
1063
1045
1453
1615
1549
1415
1547
1775
1799
1567
1450
1532
1715
1804
1814
1824
1793
1847
1959
2146
2165
2138
2157
2294
2448
2216
1857
1911
2242
2330
1839
1257
1308
1629
1596
1061
565
604
771
460
-189
-333
-57
183
-358
-1285
-1525
-1241
-1060
-1460
-2086
-2352
-2193
-2250
-2541
-2841
-2921
-2860
-2987
-3280
-3475
-3315
-3127
-3174
-3347
-3293
-3042
-2854
-2932
-2918
-2611
-2170
-1988
-2093
-2089
-1738
-1234
-1005
-908
-887
-530
-207
34
249
347
553
688
882
1070
1168
1278
1442
1718
1876
1800
1728
1862
2103
2193
2035
1904
1965
2040
1955
1853
1897
2049
1983
1770
1650
1586
1662
1617
1537
1522
1351
1163
1081
1186
1323
1181
864
737
870
871
764
682
799
974
820
579
478
673
896
839
625
482
424
472
411
326
280
155
15
-317
-384
-395
-444
-522
-717
-828
-1073
-1200
-1304
-1302
-1413
-1697
-1867
-2051
-2121
-2276
-2428
-2412
-2391
-2349
-2369
-2516
-2416
-2247
-2157
-2190
-2229
-2058
-1823
-1773
-1708
-1479
-1162
-1013
-1058
-1061
-806
-524
-416
-439
-244
153
444
352
122
331
817
1217
1058
828
955
1445
1642
1443
1315
1413
1807
1771
1505
1361
1533
1813
1758
1582
1509
1530
1514
1318
1262
1365
1471
1336
852
706
900
1201
1108
759
545
542
666
525
319
270
371
516
331
203
360
574
703
388
142
166
380
423
176
42
-23
-64
-119
-245
-208
-82
-146
-377
-629
-640
-580
-633
-852
-918
-897
-1001
-1198
-1439
-1360
-1203
-1296
-1664
-1836
-1725
-1493
-1567
-1768
-1744
-1577
-1386
-1574
-1632
-1390
-1060
-1084
-1377
-1485
-1178
-870
-852
-924
-886
-650
-442
-402
-444
-227
113
393
358
170
242
631
1134
1264
1064
812
1063
1484
1692
1561
1288
1474
1704
1777
1520
1346
1586
1915
1893
1580
1388
1333
1480
1473
1265
1052
887
892
866
716
509
494
546
394
57
-179
-30
131
16
-351
-514
-386
-208
-345
-667
-594
-279
-197
-465
-731
-542
-178
-164
-368
-579
-434
-244
-266
-415
-433
-216
-250
-453
-554
-487
-309
-339
-614
-792
-715
-539
-480
-652
-872
-831
-752
-725
-779
-906
-878
-823
-913
-1062
-1160
-1139
-976
-917
-925
-1032
-1045
-884
-684
-500
-490
-500
-398
-233
-65
-16
19
180
449
551
427
341
544
891
1029
919
856
988
1248
1253
1113
1107
1379
1603
1436
1154
1032
1355
1629
1474
1101
913
988
998
859
781
810
817
571
191
80
216
373
233
-39
-145
-134
-155
-291
-368
-347
-327
-389
-659
-805
-660
-508
-346
-437
-532
-463
-331
-198
-358
-347
-147
-14
-164
-402
-379
-89
56
-157
-384
-371
-220
-179
-260
-265
-105
-151
-379
-534
-399
-256
-318
-520
-684
-658
-722
-792
-803
-772
-790
-1007
-1217
-1163
-987
-807
-883
-964
-961
-922
-833
-756
-492
-290
-219
-266
-303
-250
-109
163
277
403
499
546
686
774
974
1214
1382
1393
1315
1290
1474
1732
1773
1658
1532
1504
1554
1553
1536
1538
1393
1117
878
804
762
685
521
506
568
360
-107
-322
-92
62
-201
-721
-819
-558
-429
-724
-1037
-942
-786
-959
-1323
-1454
-1141
-878
-1016
-1229
-1231
-966
-785
-783
-742
-634
-428
-367
-442
-372
-178
59
155
101
-6
78
227
214
130
139
349
392
176
-116
-121
71
118
-93
-352
-375
-216
-243
-451
-504
-483
-431
-646
-776
-822
-710
-514
-504
-531
-565
-511
-387
-177
-47
-54
-23
70
215
242
325
595
856
967
863
787
985
1221
1373
1266
1103
1196
1278
1284
1222
1181
1229
1155
1032
894
826
885
915
829
620
427
333
204
142
25
-85
-184
-318
-423
-575
-669
-750
-783
-867
-1015
-1093
-1067
-941
-889
-959
-1086
-1050
-794
-776
-862
-780
-588
-395
-461
-535
-362
-74
151
37
-116
-54
148
395
432
389
399
449
481
286
240
212
180
108
-123
-215
-230
-230
-287
-395
-563
-631
-673
-703
-742
-743
-716
-694
-670
-788
-856
-803
-540
-366
-451
-533
-476
-199
39
93
23
106
342
477
545
523
732
1035
1161
1120
972
1080
1463
1597
1490
1346
1386
1617
1539
1406
1246
1329
1429
1250
997
787
801
765
648
432
263
132
13
-54
-202
-304
-433
-576
-652
-842
-1023
-1145
-1124
-1037
-1222
-1406
-1511
-1412
-1196
-1204
-1267
-1260
-1180
-1064
-995
-924
-858
-734
-590
-488
-417
-307
-197
-154
-121
-88
28
191
207
115
188
358
335
169
-61
2
195
247
25
-147
9
90
16
-189
-207
-29
53
-66
-237
-273
-79
22
-39
-65
-55
-2
-7
99
242
296
308
339
410
493
593
631
772
918
1006
974
942
1069
1281
1335
1274
1217
1232
1247
1174
1128
1194
1213
1119
891
719
654
659
649
516
299
103
52
-50
-161
-314
-458
-521
-664
-834
-1021
-1102
-1115
-1192
-1425
-1710
-1817
-1738
-1620
-1621
-1768
-1852
-1822
-1776
-1697
-1618
-1566
-1451
-1339
-1257
-1207
-1108
-991
-793
-593
-483
-380
-286
-119
81
335
435
402
388
483
648
783
849
940
1018
1118
1100
1038
1148
1164
1179
1118
1068
1095
1077
964
829
819
890
861
778
729
766
807
693
548
474
535
562
445
239
178
293
413
344
192
139
263
376
277
84
22
188
301
173
-3
6
155
261
76
-93
-10
111
136
-78
-200
-113
-66
-181
-364
-446
-387
-323
-482
-756
-845
-723
-719
-893
-1157
-1246
-1141
-1132
-1282
-1398
-1350
-1228
-1197
-1324
-1402
-1288
-1045
-907
-966
-1007
-960
-863
-696
-558
-470
-438
-444
-386
-272
-139
17
127
221
267
382
496
643
785
876
952
983
1082
1138
1217
1276
1379
1360
1329
1335
1366
1380
1308
1203
1115
1127
1084
997
893
884
788
732
616
501
514
422
351
319
266
207
90
39
54
21
-70
-178
-278
-321
-348
-309
-247
-357
-383
-436
-432
-386
-445
-466
-456
-398
-360
-402
-419
-266
-138
-141
-275
-388
-352
-287
-297
-406
-471
-492
-519
-563
-600
-682
-748
-779
-783
-815
-931
-1013
-997
-887
-910
-1044
-1122
-1035
-902
-930
-932
-906
-776
-691
-690
-603
-507
-368
-283
-228
-94
29
114
234
342
471
567
624
677
768
930
1037
1118
1158
1263
1341
1478
1528
1463
1478
1508
1514
1411
1352
1393
1376
1271
1068
977
1065
1067
913
725
611
619
538
337
167
98
140
29
-154
-284
-279
-289
-368
-432
-462
-472
-503
-501
-530
-557
-590
-581
-492
-478
-487
-551
-590
-543
-533
-602
-643
-696
-679
-709
-792
-816
-776
-664
-679
-706
-733
-761
-745
-740
-743
-779
-727
-696
-681
-632
-570
-478
-468
-513
-555
-559
-537
-592
-638
-613
-545
-494
-484
-536
-475
-304
-209
-183
-211
-117
-2
96
175
292
444
502
563
706
843
921
1012
1104
1283
1401
1387
1380
1468
1591
1596
1525
1513
1611
1670
1637
1492
1369
1317
1196
1077
1003
932
848
677
432
326
206
103
9
-143
-156
-196
-281
-349
-407
-466
-524
-618
-686
-698
-697
-710
-780
-846
-812
-728
-766
-837
-885
-892
-901
-976
-1044
-1042
-1043
-1058
-1081
-1034
-965
-931
-898
-875
-778
-723
-750
-772
-669
-532
-466
-442
-433
-375
-336
-318
-293
-320
-296
-204
-190
-139
-132
-127
-63
-24
44
88
138
195
230
265
247
302
393
402
401
365
457
567
572
633
654
727
785
799
837
902
1055
1140
1166
1107
1132
1166
1193
1174
1112
1159
1155
1134
1030
898
829
847
814
709
546
455
496
444
379
242
137
103
-17
-83
-182
-275
-307
-389
-430
-521
-625
-688
-799
-829
-902
-968
-1034
-1077
-1150
-1183
-1152
-1172
-1209
-1268
-1194
-1085
-1085
-1178
-1221
-1123
-982
-949
-1024
-1035
-914
-761
-737
-740
-680
-526
-379
-324
-301
-277
-180
-6
123
170
159
237
291
413
397
326
405
446
481
427
392
380
489
594
667
719
726
769
795
857
909
899
865
872
936
917
831
827
858
932
861
753
726
769
824
760
655
582
615
676
554
393
361
450
447
333
215
158
224
272
157
-27
-78
-36
-36
-131
-302
-349
-303
-369
-468
-587
-575
-484
-562
-699
-782
-800
-804
-876
-908
-854
-817
-880
-1014
-1058
-1026
-1019
-1072
-1115
-1073
-1049
-1008
-996
-942
-790
-729
-700
-641
-506
-403
-348
-331
-246
-140
-100
-91
-94
20
130
165
191
209
253
312
334
381
455
555
597
540
587
651
681
667
585
563
551
547
534
538
612
675
642
529
512
621
675
628
550
569
613
610
496
393
402
479
504
429
305
263
351
422
415
266
252
340
348
258
113
89
201
234
140
55
100
220
225
44
-48
7
101
23
-118
-204
-211
-235
-385
-473
-564
-609
-709
-817
-878
-902
-857
-878
-944
-1050
-1118
-1111
-1051
-1074
-1121
-1114
-1073
-979
-971
-1020
-986
-865
-776
-729
-717
-559
-398
-318
-292
-214
-16
84
130
208
325
437
494
559
666
729
770
732
755
826
852
873
792
758
766
841
865
873
860
808
829
786
774
677
591
583
611
601
471
390
403
465
475
367
271
334
402
366
203
122
156
173
141
79
45
117
176
128
60
57
138
195
156
44
24
95
122
56
-58
-113
-90
-157
-249
-316
-366
-378
-521
-625
-710
-707
-750
-882
-994
-1084
-1120
-1168
-1228
-1299
-1244
-1195
-1210
-1267
-1337
-1300
-1190
-1069
-1025
-959
-892
-820
-746
-671
-569
-424
-307
-209
-101
6
148
188
284
377
446
538
583
661
768
851
929
933
958
1002
1059
1090
1058
1098
1095
1116
1140
1123
1087
1005
989
934
921
853
790
777
778
761
664
567
461
395
352
374
333
220
179
157
185
99
11
17
28
8
-78
-154
-132
-140
-160
-242
-247
-210
-196
-207
-272
-267
-267
-283
-336
-401
-390
-334
-357
-421
-540
-582
-586
-588
-617
-707
-718
-712
-738
-814
-862
-844
-812
-805
-905
-953
-856
-781
-795
-812
-785
-688
-603
-618
-618
-574
-485
-452
-472
-474
-365
-221
-165
-159
-97
47
172
238
314
398
465
526
570
585
667
742
805
847
821
828
882
914
881
824
770
799
753
773
776
749
806
818
749
661
598
630
644
608
525
442
443
393
386
329
226
160
100
71
7
-23
-33
-48
-122
-209
-267
-235
-213
-222
-226
-232
-191
-196
-188
-215
-179
-138
-154
-226
-298
-286
-266
-279
-326
-381
-382
-393
-472
-551
-602
-632
-687
-740
-811
-808
-747
-718
-733
-783
-823
-822
-763
-759
-698
-721
-712
-639
-584
-553
-554
-473
-396
-359
-346
-313
-227
-96
5
87
122
189
287
369
433
498
573
622
630
622
675
738
746
769
748
762
860
868
807
802
869
900
885
802
757
813
874
845
788
695
701
675
607
543
455
391
334
240
199
140
143
183
170
122
33
53
70
88
28
-79
-98
-124
-120
-151
-196
-189
-214
-212
-282
-309
-286
-329
-351
-378
-429
-460
-520
-561
-620
-637
-650
-701
-742
-786
-758
-740
-738
-811
-861
-854
-850
-811
-840
-831
-792
-836
-830
-769
-778
-778
-690
-603
-550
-499
-462
-365
-244
-207
-157
-141
-124
-20
83
157
211
274
379
416
420
460
506
576
612
625
632
710
742
745
764
781
791
831
844
876
930
930
950
935
969
968
921
924
879
847
770
670
637
601
542
484
383
310
221
139
92
84
88
82
37
-28
-69
-103
-94
-137
-214
-224
-274
-340
-370
-394
-402
-412
-531
-606
-652
-662
-696
-765
-812
-824
-827
-868
-838
-844
-814
-778
-772
-794
-743
-672
-633
-630
-615
-548
-514
-509
-519
-477
-402
-350
-290
-250
-164
-45
33
93
92
108
133
178
211
243
293
282
248
251
286
353
411
443
470
509
546
556
544
559
591
602
579
546
552
554
563
610
603
593
550
560
564
485
432
381
405
419
353
293
239
244
264
218
175
113
64
18
-12
-30
-59
-80
-122
-150
-225
-253
-284
-299
-303
-331
-342
-369
-375
-356
-370
-379
-397
-440
-451
-441
-441
-470
-485
-475
-458
-427
-448
-470
-491
-488
-452
-418
-406
-370
-282
-249
-221
-177
-191
-189
-169
-179
-135
-104
-81
-63
-79
-57
-44
-31
-32
-20
27
48
70
80
99
140
138
149
143
129
149
150
142
132
141
140
157
144
159
200
239
315
320
363
398
423
457
441
509
561
574
565
501
534
556
516
450
419
447
437
414
386
318
327
289
212
155
98
93
112
97
72
69
85
91
54
5
-19
27
14
-41
-79
-152
-167
-168
-210
-280
-338
-341
-358
-340
-364
-406
-434
-472
-479
-497
-516
-536
-560
-572
-589
-600
-623
-623
-599
-621
-625
-595
-556
-495
-453
-451
-424
-378
-348
-289
-227
-228
-186
-160
-123
-66
-85
-43
14
15
69
92
121
124
133
162
190
227
190
250
352
445
474
417
438
512
589
585
523
533
567
591
581
510
546
565
536
490
466
483
504
555
548
519
494
467
448
444
365
288
237
209
185
120
61
19
19
-44
-120
-173
-208
-187
-184
-228
-270
-279
-301
-347
-361
-398
-417
-418
-484
-466
-461
-486
-510
-501
-502
-518
-540
-545
-502
-489
-456
-479
-464
-426
-375
-325
-313
-278
-289
-279
-294
-296
-260
-171
-121
-124
-83
-73
-29
-1
-16
-40
-73
-45
-34
-53
-55
-34
37
97
121
120
158
236
306
282
288
307
355
392
402
408
474
513
530
518
521
572
608
611
542
513
496
510
479
380
368
371
375
363
323
329
318
274
232
158
117
135
94
72
56
56
22
-37
-65
-63
-64
-46
-43
-78
-96
-118
-118
-150
-164
-156
-166
-187
-246
-327
-350
-341
-361
-378
-408
-425
-370
-371
-391
-431
-429
-437
-437
-489
-547
-544
-542
-549
-566
-540
-498
-467
-438
-436
-426
-393
-371
-356
-385
-366
-379
-371
-312
-289
-276
-275
-223
-163
-133
-110
-44
20
71
113
133
159
201
224
259
295
339
431
431
418
429
495
539
551
591
651
717
726
703
697
746
730
728
728
723
718
695
694
618
590
590
497
454
396
348
329
258
205
150
103
116
83
51
29
0
31
-1
-68
-102
-114
-124
-159
-207
-241
-263
-243
-268
-345
-384
-395
-378
-388
-439
-479
-523
-492
-490
-528
-529
-534
-534
-535
-575
-593
-576
-587
-583
-573
-597
-570
-524
-516
-479
-445
-440
-392
-348
-311
-320
-325
-279
-268
-242
-215
-167
-133
-82
-35
13
69
93
97
142
196
248
288
304
345
384
403
394
417
444
489
523
524
553
612
651
707
681
647
642
645
689
695
686
679
621
562
513
452
422
383
334
309
265
245
255
236
234
187
134
82
46
20
-23
-38
-101
-190
-225
-285
-359
-396
-441
-465
-487
-532
-520
-500
-507
-528
-587
-610
-656
-667
-642
-676
-688
-718
-708
-679
-656
-581
-537
-501
-487
-452
-433
-366
-296
-270
-253
-237
-205
-170
-106
-55
14
63
131
161
161
182
246
279
290
283
305
317
367
396
412
463
493
527
487
465
519
514
497
484
447
467
488
516
514
503
526
509
479
450
446
443
454
426
364
337
279
276
240
176
83
33
25
0
-38
-71
-72
-86
-142
-216
-246
-234
-198
-229
-264
-288
-264
-296
-348
-369
-404
-402
-414
-458
-494
-461
-459
-481
-485
-487
-468
-445
-451
-474
-478
-463
-447
-440
-443
-456
-432
-448
-426
-441
-470
-398
-359
-330
-305
-242
-197
-173
-111
-61
-1
62
82
85
86
113
159
185
231
263
300
331
343
391
442
488
486
510
543
584
616
651
667
637
637
635
614
638
612
596
615
595
565
484
446
432
359
293
213
175
157
117
86
59
33
-6
-32
-98
-103
-98
-120
-165
-215
-207
-225
-233
-235
-243
-279
-292
-282
-270
-264
-271
-279
-299
-324
-328
-292
-272
-283
-326
-395
-394
-413
-437
-447
-483
-482
-489
-492
-503
-474
-446
-441
-419
-394
-350
-333
-292
-251
-229
-205
-182
-145
-105
-31
31
68
104
111
155
196
253
296
337
380
436
477
475
502
550
572
585
574
568
577
569
569
521
501
524
511
462
402
362
311
278
206
132
95
73
4
-83
-139
-169
-162
-196
-221
-211
-198
-182
-174
-176
-166
-166
-149
-141
-100
-62
-53
-60
-59
-42
-81
-75
-86
-95
-119
-115
-137
-168
-190
-241
-271
-288
-323
-339
-336
-350
-369
-350
-349
-361
-352
-344
-319
-310
-297
-302
-287
-283
-273
-251
-248
-227
-212
-222
-207
-155
-117
-62
-41
-33
-8
1
28
30
36
79
124
164
195
250
311
358
383
423
423
449
510
489
446
425
436
450
439
464
485
487
505
478
474
492
482
482
474
452
416
349
304
273
223
182
142
143
150
122
122
93
57
35
1
-6
-27
-54
-89
-134
-172
-188
-210
-247
-288
-297
-310
-336
-348
-373
-401
-408
-436
-429
-427
-433
-449
-474
-484
-500
-506
-521
-535
-514
-498
-466
-459
-418
-384
-344
-328
-340
-320
-292
-266
-247
-254
-218
-196
-162
-106
-119
-88
-77
-63
-66
-96
-60
-39
-15
-17
23
88
152
185
198
230
247
291
342
339
365
402
428
465
486
474
465
498
513
550
566
549
521
486
497
486
484
468
442
439
426
446
429
378
350
303
299
262
196
181
132
131
58
-10
-21
-79
-89
-134
-190
-221
-220
-239
-276
-302
-328
-369
-385
-432
-430
-427
-400
-393
-405
-399
-407
-410
-398
-423
-422
-408
-402
-406
-409
-390
-401
-379
-386
-386
-378
-348
-299
-249
-236
-237
-199
-168
-142
-112
-90
-45
10
36
44
110
168
234
266
292
300
303
381
372
380
376
405
418
431
450
444
458
457
444
472
484
495
487
457
432
388
382
372
357
348
299
243
183
116
94
45
-16
-44
-92
-113
-109
-102
-114
-148
-174
-194
-236
-301
-351
-364
-333
-317
-332
-367
-388
-394
-428
-435
-459
-468
-459
-473
-466
-447
-397
-353
-338
-345
-318
-285
-206
-147
-84
-28
18
66
76
82
72
53
37
36
7
4
2
8
29
44
48
68
90
123
155
172
160
152
170
189
181
157
193
215
224
193
180
221
259
282
228
245
243
238
222
183
190
199
207
183
193
191
178
148
121
106
109
168
177
161
135
113
104
88
46
21
30
21
30
6
-33
-42
-51
-51
-77
-85
-59
-77
-79
-84
-67
-25
-34
-81
-94
-121
-116
-141
-160
-164
-191
-202
-214
-215
-230
-231
-224
-227
-240
-268
-272
-285
-285
-279
-250
-216
-205
-185
-223
-262
-283
-269
-238
-191
-143
-98
-66
-52
-15
18
23
70
68
73
106
88
78
49
36
17
69
102
116
145
134
153
156
160
186
208
241
251
252
244
237
257
271
278
298
294
260
225
219
190
216
221
182
184
172
181
181
192
193
179
175
145
95
79
70
54
-2
-25
-48
-44
-55
-71
-114
-160
-185
-225
-235
-283
-317
-302
-295
-293
-259
-271
-246
-256
-292
-318
-354
-331
-323
-322
-341
-337
-321
-292
-293
-309
-265
-241
-213
-212
-205
-173
-138
-96
-57
-20
39
66
95
90
67
97
105
116
147
134
147
162
161
171
181
201
245
265
244
259
263
303
334
313
311
308
313
307
328
346
349
385
347
312
295
284
315
318
278
269
243
241
221
167
141
115
103
64
30
-14
-19
-15
-55
-87
-126
-134
-137
-184
-182
-198
-224
-242
-265
-262
-281
-280
-281
-288
-278
-280
-266
-258
-238
-221
-229
-209
-198
-218
-188
-184
-150
-128
-154
-153
-164
-175
-175
-163
-168
-169
-152
-127
-114
-112
-114
-127
-128
-138
-113
-104
-105
-102
-67
-47
-32
-12
-9
2
2
-2
39
70
54
55
54
63
71
81
97
104
103
116
130
136
173
187
208
218
225
199
186
199
173
153
165
185
199
217
218
245
247
243
217
173
164
195
203
179
135
128
122
91
73
56
45
59
69
53
47
51
36
21
14
6
-39
-92
-118
-159
-215
-229
-234
-253
-240
-224
-214
-210
-192
-169
-164
-166
-157
-127
-112
-142
-162
-165
-182
-199
-207
-212
-165
-159
-178
-143
-124
-108
-108
-114
-80
-76
-49
-39
-33
-1
27
54
60
64
62
53
54
51
71
96
109
103
109
122
82
87
88
98
106
135
172
162
158
157
146
158
172
170
171
160
176
175
202
206
218
244
258
251
221
198
153
158
147
134
111
115
131
123
130
106
72
70
68
35
23
-7
-10
-64
-123
-177
-226
-243
-258
-239
-262
-286
-293
-306
-292
-297
-290
-290
-312
-293
-293
-290
-276
-259
-255
-256
-266
-253
-244
-186
-159
-148
-117
-117
-90
-67
-76
-86
-72
-57
-36
-34
-16
-6
-13
-25
-25
-50
-48
-10
-29
-47
-83
-80
-71
-67
-59
-63
4
46
63
96
116
141
169
194
203
208
241
256
265
270
284
345
336
376
380
356
379
381
362
363
369
325
293
287
248
229
225
203
185
141
97
60
9
5
-21
-29
-27
-58
-80
-111
-109
-116
-139
-127
-164
-194
-185
-197
-189
-223
-213
-208
-235
-218
-239
-230
-207
-185
-176
-171
-149
-115
-98
-91
-103
-92
-44
-29
-23
-22
19
35
47
44
39
88
101
85
79
65
81
110
111
100
88
70
43
11
-11
-13
-11
-37
-55
-90
-123
-134
-121
-150
-161
-156
-176
-178
-179
-167
-143
-122
-133
-109
-79
-54
-39
-22
-2
37
100
135
161
176
172
139
119
101
108
106
123
151
181
173
141
111
109
96
64
63
43
40
79
38
34
50
29
27
2
7
-21
-41
-65
-108
-114
-108
-106
-90
-102
-86
-70
-77
-62
-56
-35
-55
-56
-78
-104
-117
-120
-95
-97
-92
-75
-59
-68
-84
-57
-52
-18
8
31
47
7
17
9
-13
-24
-28
-26
-12
-3
-16
-22
-31
-4
27
27
48
45
26
13
1
5
-5
23
21
37
56
51
39
42
65
53
48
44
45
60
59
57
56
40
40
54
30
51
73
62
96
102
123
134
150
200
218
208
186
204
229
206
218
202
181
176
147
105
87
95
70
77
42
27
38
12
-3
-47
-20
-31
-59
-85
-86
-113
-134
-148
-144
-129
-141
-151
-168
-176
-162
-143
-141
-109
-87
-89
-54
-68
-65
-46
-77
-103
-118
-138
-161
-152
-170
-208
-232
-279
-262
-287
-270
-263
-272
-261
-238
-189
-172
-123
-117
-97
-66
-49
-23
-8
-14
-18
-15
-12
4
10
21
39
27
14
37
50
84
122
149
160
157
153
109
99
73
53
31
26
34
30
0
1
-11
-42
-29
-3
22
48
97
121
142
143
168
198
213
242
245
254
274
266
263
266
262
285
306
320
292
288
285
238
233
208
185
159
128
102
92
73
49
45
20
6
1
-26
-62
-107
-136
-145
-171
-192
-234
-256
-262
-285
-278
-277
-255
-271
-265
-257
-248
-239
-220
-197
-210
-210
-180
-165
-147
-169
-199
-214
-225
-207
-210
-193
-161
-151
-101
-61
-34
10
51
76
62
94
105
108
124
127
144
146
149
167
177
170
182
189
184
186
203
236
219
187
157
180
166
137
132
121
108
65
32
7
5
7
32
69
92
75
65
91
84
56
38
34
36
72
73
63
72
52
-10
-58
-92
-91
-68
-75
-83
-84
-57
-79
-92
-112
-143
-146
-174
-201
-202
-215
-189
-237
-251
-253
-264
-245
-238
-210
-217
-217
-238
-231
-243
-229
-208
-214
-196
-171
-143
-100
-91
-69
-45
-36
-20
-41
-17
-13
-16
-12
-36
-33
-8
27
37
47
64
66
73
116
131
154
163
178
177
200
200
220
235
221
248
212
218
224
215
220
196
186
187
197
200
208
208
215
203
201
208
198
197
185
199
186
181
194
184
194
185
152
154
177
159
117
91
73
74
43
23
0
-26
-34
-40
-45
-36
-38
-69
-86
-115
-159
-205
-213
-216
-209
-216
-209
-223
-256
-270
-310
-356
-390
-405
-389
-365
-339
-312
-300
-303
-314
-302
-287
-261
-225
-230
-224
-229
-221
-196
-189
-158
-130
-72
-39
-28
5
11
33
47
64
76
85
132
160
169
182
222
222
217
238
228
240
239
226
250
229
227
232
220
221
225
236
232
241
219
233
237
227
240
214
228
219
199
171
172
179
151
128
94
83
52
32
16
3
-40
-57
-58
-88
-125
-154
-169
-192
-211
-215
-223
-201
-209
-235
-254
-263
-265
-252
-230
-179
-176
-185
-149
-159
-142
-146
-155
-134
-139
-132
-107
-93
-92
-104
-127
-141
-141
-163
-167
-164
-175
-149
-150
-149
-114
-67
-34
-14
6
52
69
105
119
95
102
130
153
164
166
190
209
230
225
221
232
214
215
244
249
257
255
263
251
229
226
239
252
255
250
266
259
268
271
223
220
184
159
154
147
144
147
127
108
84
52
20
-18
-24
-43
-44
-52
-66
-78
-87
-89
-109
-114
-165
-181
-206
-256
-281
-326
-361
-371
-406
-417
-427
-431
-442
-474
-460
-460
-446
-440
-439
-416
-392
-334
-318
-281
-249
-228
-209
-218
-167
-161
-150
-124
-86
-45
11
76
122
150
211
218
229
259
243
280
277
284
319
330
322
323
317
315
318
288
277
245
201
173
133
139
161
153
172
167
175
180
145
167
163
154
128
117
124
107
116
74
45
32
12
27
42
6
-11
-18
-12
-26
-40
-52
-44
-11
-12
0
-3
-26
-41
-70
-79
-69
-54
-65
-100
-98
-118
-120
-121
-134
-160
-168
-178
-193
-180
-172
-164
-185
-177
-156
-179
-177
-173
-160
-155
-151
-157
-150
-159
-186
-193
-203
-164
-142
-117
-92
-69
-39
5
25
29
63
78
93
120
124
151
166
165
135
158
160
166
191
168
188
161
166
161
161
185
196
190
166
159
149
145
135
126
127
97
111
105
114
120
121
144
118
139
154
163
177
170
173
144
155
151
140
139
92
65
36
13
-13
-46
-82
-115
-146
-164
-192
-212
-194
-219
-237
-251
-266
-271
-284
-292
-281
-267
-267
-246
-256
-254
-241
-224
-231
-220
-216
-217
-209
-180
-162
-146
-123
-110
-103
-80
-60
-40
-18
7
42
57
39
53
55
45
43
44
61
47
46
42
65
54
56
68
69
50
54
68
42
78
87
117
155
158
179
184
185
191
172
210
214
211
210
185
191
185
200
229
224
219
224
214
235
233
248
253
231
197
168
165
135
112
68
12
-41
-67
-96
-134
-139
-167
-176
-193
-219
-230
-246
-263
-291
-279
-276
-276
-258
-259
-249
-262
-293
-304
-330
-350
-358
-356
-339
-327
-330
-326
-318
-298
-280
-251
-215
-175
-128
-103
-41
-7
45
74
85
109
117
152
159
147
152
151
184
181
204
219
237
252
245
252
259
277
276
279
254
244
246
252
258
243
243
215
207
188
161
157
153
164
147
161
148
150
161
147
148
146
125
127
93
65
38
10
6
-46
-36
-35
-30
-39
-20
0
6
17
-8
-46
-95
-116
-144
-172
-186
-179
-172
-166
-171
-186
-200
-233
-222
-217
-239
-263
-288
-279
-283
-273
-239
-217
-205
-217
-211
-200
-195
-181
-181
-176
-170
-134
-100
-104
-85
-53
-52
-36
-46
-19
2
9
12
27
85
103
129
145
125
124
130
130
116
129
124
125
110
87
124
130
137
165
166
160
165
135
110
92
72
73
72
73
71
67
74
46
63
80
70
66
44
65
71
97
119
121
112
87
82
59
30
18
10
17
24
19
29
23
13
41
47
78
82
55
37
-6
3
-43
-53
-65
-99
-109
-124
-128
-138
-121
-116
-135
-131
-137
-177
-196
-185
-192
-162
-127
-100
-86
-109
-91
-82
-84
-66
-70
-91
-66
-85
-61
-51
-50
-17
-29
-10
2
6
25
42
62
101
123
168
178
208
223
181
182
161
163
158
144
150
131
128
113
106
86
94
84
80
75
62
76
69
87
78
75
66
81
87
78
76
62
41
-2
-25
-48
-45
-48
-66
-46
-47
-66
-74
-93
-98
-120
-138
-124
-142
-128
-150
-177
-187
-230
-228
-256
-261
-255
-287
-294
-298
-311
-311
-305
-282
-267
-235
-200
-153
-88
-66
-27
10
25
30
32
53
66
79
101
113
133
141
154
153
159
191
179
202
193
181
203
202
213
213
231
219
207
192
170
142
124
87
83
98
99
95
113
140
122
130
101
106
92
52
47
22
28
21
14
-13
-36
-48
-43
-43
-43
-31
-24
-56
-68
-55
-75
-44
-36
-38
-23
-27
-4
-6
-42
-55
-48
-62
-68
-79
-87
-97
-103
-117
-128
-87
-68
-72
-58
-71
-100
-102
-117
-116
-117
-120
-112
-117
-113
-111
-125
-118
-127
-124
-134
-132
-114
-115
-107
-93
-75
-66
-53
-43
-44
-33
-14
8
28
36
53
77
91
111
117
131
160
167
180
166
169
150
149
147
132
159
178
188
186
168
156
137
114
104
94
112
92
61
26
32
33
19
38
16
34
25
-6
-16
-27
-32
-36
-24
-20
-24
5
30
37
60
63
28
16
-12
-31
-29
-24
-27
-38
-36
-43
-67
-62
-64
-71
-68
-56
-55
-53
-40
-23
-19
-43
-42
-72
-86
-105
-100
-75
-54
-32
-20
-27
-39
-37
-59
-53
-40
-48
-64
-66
-80
-70
-79
-81
-76
-88
-95
-92
-88
-76
-83
-74
-57
-61
-34
-11
37
53
82
93
90
107
110
129
126
139
111
104
122
99
109
96
87
80
60
46
44
34
21
33
26
26
31
44
45
44
51
34
8
-11
-11
-30
-44
-32
-21
-12
-5
14
48
20
3
-16
-30
-33
-42
-31
-19
-22
-39
-42
-41
-68
-55
-46
-42
-42
-17
-36
-44
-21
-46
-35
-64
-79
-84
-81
-76
-53
-72
-80
-93
-133
-157
-174
-155
-153
-119
-98
-86
-63
-44
-27
-32
-23
-8
2
21
43
69
98
126
143
156
146
146
118
105
71
52
41
34
53
65
57
51
48
50
54
54
72
59
86
111
96
114
111
125
108
88
99
95
85
84
76
60
41
15
20
-8
16
-5
-4
2
-17
-29
-41
-45
-69
-71
-78
-71
-48
-39
-46
-68
-51
-42
-42
-9
-33
-13
-14
-25
6
-12
-3
9
-18
-13
-30
-38
-64
-53
-34
-42
-53
-73
-97
-133
-151
-179
-164
-139
-102
-89
-80
-52
-42
-16
5
34
45
53
42
35
33
14
8
-16
15
29
45
57
66
68
81
77
64
72
66
92
70
85
106
81
72
51
14
-5
-37
-35
-59
-73
-79
-64
-65
-37
-29
-43
-18
3
48
59
67
75
81
62
45
43
50
36
56
56
57
71
73
81
89
69
39
35
35
32
-2
-15
-18
-20
-25
-37
-37
-66
-86
-120
-126
-147
-159
-142
-161
-174
-187
-148
-150
-144
-119
-133
-132
-142
-129
-112
-105
-63
-49
-34
1
22
55
68
67
70
64
68
76
92
108
112
103
105
121
141
135
132
109
77
81
76
55
40
28
16
-3
-9
4
5
1
-5
-13
-18
-4
20
45
42
60
51
68
60
71
70
76
97
99
104
109
126
118
114
114
85
73
78
75
76
52
68
70
75
83
84
83
73
69
45
32
24
15
-14
-34
-39
-85
-120
-149
-186
-199
-220
-236
-236
-242
-244
-221
-229
-208
-188
-193
-182
-171
-153
-146
-133
-114
-99
-82
-80
-70
-57
-72
-66
-72
-80
-70
-46
-36
-14
16
48
70
79
107
111
107
118
120
137
135
144
141
136
140
128
132
127
126
89
74
37
8
-2
-2
5
-16
0
13
-1
6
-6
2
-5
8
11
-14
5
9
3
-22
-34
-73
-90
-89
-103
-118
-142
-134
-141
-144
-134
-115
-125
-115
-72
-78
-59
-20
-27
-1
7
25
32
18
26
33
65
74
92
106
126
113
120
104
87
93
61
70
45
21
-1
2
14
17
35
50
82
84
106
113
109
116
116
108
132
152
165
176
185
177
180
173
162
150
123
99
72
29
2
-38
-55
-78
-110
-129
-148
-148
-146
-130
-128
-120
-121
-115
-111
-118
-133
-139
-136
-150
-156
-161
-153
-143
-144
-115
-101
-68
-59
-77
-61
-76
-61
-65
-39
-33
-17
-11
-7
-18
-33
-28
-12
17
31
33
46
36
21
30
35
47
70
73
72
85
82
70
31
19
9
4
4
-4
10
11
21
27
19
62
48
57
74
82
105
105
111
101
108
77
84
83
69
71
58
58
61
77
66
84
78
62
70
46
26
15
2
-16
-27
-51
-85
-119
-148
-142
-167
-175
-184
-190
-211
-219
-201
-196
-179
-192
-159
-150
-126
-80
-51
-28
-18
-6
-3
1
-3
2
21
15
4
10
20
22
10
45
58
58
83
98
119
137
124
123
101
95
79
71
90
83
78
54
62
57
57
66
53
69
81
70
82
63
65
50
38
61
49
56
48
52
44
38
32
51
53
53
51
57
66
40
32
20
1
-21
-31
-40
-59
-55
-73
-90
-116
-132
-129
-146
-155
-174
-170
-179
-186
-175
-176
-154
-164
-157
-137
-135
-111
-94
-60
-25
-19
-13
1
14
31
25
15
33
35
44
46
65
77
68
112
125
152
162
159
140
110
75
50
22
16
12
2
-1
-15
14
14
23
40
37
42
35
16
5
5
14
26
25
35
43
41
46
49
53
52
39
42
34
18
17
3
18
7
-4
0
-16
3
8
-14
-48
-57
-64
-38
-23
-23
-33
-61
-98
-131
-152
-182
-187
-202
-216
-223
-235
-209
-196
-182
-177
-174
-146
-135
-108
-75
-45
-32
1
35
53
64
65
61
43
59
43
76
94
105
123
135
145
138
144
152
130
107
101
74
66
52
55
72
75
75
78
91
106
135
152
160
163
156
154
148
149
136
110
107
93
70
50
45
45
47
50
51
54
40
44
45
51
47
36
24
8
-14
-19
-20
-34
-56
-69
-79
-95
-98
-107
-119
-109
-107
-96
-88
-64
-67
-42
-49
-71
-83
-102
-91
-89
-92
-102
-124
-131
-148
-160
-145
-153
-128
-120
-120
-117
-112
-115
-125
-119
-110
-111
-97
-93
-96
-80
-83
-72
-52
-36
-25
-13
-4
2
31
48
60
72
77
86
101
106
120
125
113
126
137
141
164
179
172
182
174
168
159
154
159
152
152
146
147
135
132
122
98
80
55
29
12
-3
-27
-49
-74
-75
-95
-109
-118
-123
-143
-159
-157
-166
-172
-165
-147
-130
-125
-141
-135
-141
-146
-118
-93
-75
-57
-34
-11
-6
28
40
50
55
45
36
27
46
52
35
43
63
70
77
74
77
66
50
44
39
16
20
19
-7
-12
-22
-59
-72
-87
-91
-73
-62
-26
-30
-6
-3
7
36
46
56
64
71
80
64
70
76
88
102
91
96
87
107
107
138
156
183
201
206
224
205
187
160
126
107
87
46
18
-19
-49
-68
-85
-103
-118
-132
-133
-142
-142
-118
-108
-97
-89
-90
-99
-100
-118
-133
-125
-136
-141
-141
-141
-146
-164
-170
-160
-143
-145
-126
-105
-96
-91
-76
-80
-64
-52
-47
-37
-22
-6
0
8
6
16
9
14
14
22
30
19
27
28
5
5
20
24
21
13
12
5
3
16
7
25
23
13
23
21
32
37
44
36
30
25
14
8
2
-16
1
8
-1
0
16
23
20
27
34
35
41
37
44
49
48
68
70
61
65
74
58
71
77
79
86
71
85
76
81
93
83
93
77
77
58
36
24
25
37
35
61
57
55
60
59
52
41
34
16
-6
-15
-28
-31
-44
-48
-68
-88
-94
-105
-98
-91
-71
-47
-25
-14
-2
2
5
6
13
29
32
36
35
15
11
11
4
-2
-11
-25
-36
-43
-36
-40
-30
2
17
33
36
30
25
16
7
3
13
9
-5
-10
-20
-28
-40
-43
-55
-53
-51
-42
-45
-44
-34
-40
-21
-9
-11
-6
-15
-17
-13
-16
-22
-28
-39
-50
-48
-46
-43
-45
-45
-55
-55
-51
-50
-52
-44
-33
-29
-13
-16
-15
-18
-36
-39
-42
-43
-45
-70
-82
-91
-82
-89
-75
-66
-75
-72
-66
-38
-27
-20
-12
-11
4
13
23
38
49
63
70
69
72
63
67
79
87
103
96
87
67
57
51
37
31
28
37
34
45
46
50
53
68
79
108
125
117
110
95
93
90
89
88
92
97
94
105
108
107
100
79
67
55
47
41
25
5
3
-1
-1
16
-5
-5
-13
-27
-43
-80
-94
-103
-116
-121
-127
-126
-125
-123
-105
-106
-89
-82
-69
-62
-60
-59
-67
-71
-84
-80
-72
-66
-66
-80
-82
-89
-101
-82
-77
-76
-58
-32
-23
-32
-14
-16
-8
-5
6
16
12
4
1
6
13
20
33
46
52
57
71
86
75
88
95
90
81
66
58
46
26
12
9
19
25
29
41
44
49
48
53
30
19
27
28
30
39
45
40
20
10
2
-1
12
8
22
20
16
20
6
10
-2
-12
-22
-32
-39
-51
-68
-73
-78
-68
-60
-52
-35
-41
-41
-57
-58
-66
-73
-72
-89
-99
-107
-105
-102
-84
-73
-58
-46
-45
-29
-25
-33
-40
-39
-40
-40
-39
-33
-32
-29
-28
-23
-8
3
9
16
24
25
34
48
50
55
63
79
89
91
105
93
97
105
99
98
110
117
122
121
127
118
112
107
105
115
114
129
130
124
120
110
100
90
101
104
109
110
102
93
78
69
57
47
33
26
6
-7
-18
-27
-32
-39
-41
-42
-47
-54
-71
-83
-99
-115
-111
-122
-127
-147
-154
-155
-155
-158
-156
-151
-143
-146
-130
-124
-118
-125
-115
-112
-112
-97
-92
-73
-68
-58
-40
-35
-18
-14
-19
-7
2
11
21
20
9
0
-2
-11
-4
-1
1
9
14
15
26
33
30
33
37
30
18
9
10
16
24
32
41
44
40
41
29
26
23
1
-4
1
-14
-1
12
18
27
38
38
30
43
37
38
54
63
57
56
54
46
40
38
41
54
55
43
36
23
17
-4
-19
-29
-47
-60
-78
-90
-98
-91
-82
-76
-56
-53
-60
-58
-56
-56
-48
-46
-27
-23
-21
-20
-25
-24
-20
-17
-4
-5
1
21
35
32
48
52
55
56
52
61
49
46
23
24
20
17
20
22
27
29
22
12
12
17
35
43
63
70
58
57
56
53
50
37
43
40
34
26
27
31
11
21
24
29
36
44
62
72
76
75
66
66
55
48
43
39
46
46
43
43
31
30
27
6
5
-10
-18
-26
-37
-40
-52
-68
-78
-80
-87
-94
-92
-96
-106
-117
-130
-136
-158
-165
-180
-169
-160
-167
-154
-145
-123
-100
-92
-62
-61
-60
-46
-41
-25
-29
-23
-24
-11
-9
-9
4
12
15
30
39
47
54
61
67
72
78
74
86
86
84
78
78
76
71
68
68
66
68
74
72
63
57
52
33
25
18
6
11
-7
-2
6
9
16
11
9
-3
-9
-19
-20
-21
-17
-32
-43
-43
-51
-56
-72
-73
-69
-69
-58
-40
-34
-31
-24
-16
-15
-14
-12
-10
-11
-10
-9
2
10
28
40
44
49
40
48
60
76
90
94
101
104
92
92
88
86
76
77
77
74
74
67
63
37
20
3
14
11
10
8
4
12
-8
-18
-30
-32
-37
-41
-32
-34
-22
-4
4
22
27
15
8
2
-9
-20
-19
-19
-29
-28
-42
-41
-40
-41
-40
-50
-57
-66
-63
-64
-49
-35
-35
-29
-28
-24
-23
-23
-3
-6
-8
-12
-18
-28
-28
-21
-27
-21
-16
-23
-14
-24
-30
-38
-47
-47
-47
-53
-53
-60
-53
-53
-45
-29
-36
-31
-33
-41
-44
-34
-30
-20
-16
-14
-11
-16
-16
-9
3
19
28
35
49
47
56
61
57
68
73
66
60
49
51
44
40
42
40
46
45
48
38
31
24
10
21
9
2
0
-13
-19
-22
-19
-14
-16
-24
-26
-23
-16
-17
-12
-12
-13
-7
-4
-7
-9
-3
7
2
6
8
12
21
27
37
40
42
48
42
51
50
42
37
33
29
18
17
23
31
25
26
26
20
20
8
7
-7
-11
-20
-38
-32
-41
-45
-51
-61
-55
-48
-38
-37
-31
-23
-24
-34
-25
-34
-28
-23
-14
-13
-11
-6
-6
-18
-18
-12
-19
-19
-20
-17
-18
-8
0
2
8
19
23
25
26
23
15
15
15
27
34
37
40
40
42
33
39
36
29
29
25
24
27
35
34
37
40
37
35
33
25
19
12
16
19
13
15
13
15
14
16
23
15
23
28
33
28
10
-4
-17
-29
-33
-40
-39
-44
-45
-49
-58
-54
-60
-59
-70
-78
-68
-70
-60
-45
-34
-26
-22
-18
-15
-23
-27
-31
-43
-42
-38
-34
-35
-35
-34
-38
-42
-35
-38
-35
-25
-21
-5
-2
-4
-10
-15
-22
-21
-16
-22
-17
-11
-8
1
1
7
10
15
24
33
43
51
55
59
56
52
43
42
41
36
39
41
43
34
39
32
34
50
52
51
47
47
42
36
32
38
40
45
51
56
55
42
40
35
30
23
13
11
6
4
10
2
5
-3
-8
-12
-20
-7
-12
-10
-8
-12
-12
-12
-12
-13
-26
-28
-30
-37
-33
-44
-39
-46
-52
-57
-58
-51
-54
-53
-51
-44
-42
-46
-40
-27
-29
-26
-19
-22
-19
-18
-14
-8
-3
-8
0
4
13
21
20
19
17
8
8
1
-3
-12
-12
-10
-17
-7
-25
-26
-41
-38
-36
-38
-16
-8
11
22
27
40
34
30
27
22
27
20
25
20
11
11
2
4
10
8
9
4
-3
-1
-1
2
1
1
6
9
13
22
20
18
24
24
31
38
43
42
40
37
32
29
33
44
52
58
53
40
28
16
8
-2
-1
-3
-12
-29
-45
-56
-58
-53
-43
-35
-29
-28
-25
-25
-21
-15
-13
-18
-24
-28
-32
-29
-31
-36
-33
-31
-26
-14
-12
-7
-9
-12
-14
-13
-12
-10
-7
-8
-14
-15
-19
-26
-26
-32
-28
-32
-38
-30
-20
-16
-4
10
13
11
-4
-13
-15
-5
8
10
13
17
24
37
50
58
62
68
66
69
69
64
66
59
55
50
48
59
59
68
76
79
69
77
71
47
40
29
22
12
8
1
-3
-9
-13
-12
-17
-20
-21
-18
-18
-19
-28
-28
-19
-20
-21
-23
-16
-25
-26
-32
-40
-38
-51
-59
-65
-65
-66
-69
-69
-66
-58
-58
-51
-46
-44
-41
-50
-48
-47
-42
-32
-17
-5
6
23
31
43
50
52
43
42
35
30
31
29
31
24
21
22
22
16
11
9
7
15
26
23
31
28
29
22
11
9
-2
-8
-26
-32
-43
-59
-62
-68
-71
-60
-59
-48
-40
-39
-28
-32
-30
-31
-27
-31
-26
-14
-19
-8
-12
-10
-12
-12
-14
-15
-4
4
7
12
17
12
27
31
36
40
39
36
28
38
37
43
43
43
41
32
30
20
16
16
13
7
5
1
-2
-7
-10
-8
0
8
8
15
21
15
17
12
7
12
11
13
8
8
10
8
7
6
2
2
5
8
22
22
29
35
32
41
36
39
34
31
23
11
6
-4
-17
-24
-23
-26
-23
-22
-12
-19
-16
-16
-21
-19
-23
-19
-23
-20
-17
-12
-16
-14
-11
-11
-6
-2
2
5
2
1
8
6
14
18
17
9
3
3
1
1
-2
6
6
4
7
4
6
6
11
11
14
12
7
11
9
15
25
23
21
23
18
10
9
-6
-19
-30
-42
-50
-54
-53
-55
-48
-49
-47
-49
-48
-48
-44
-43
-41
-43
-46
-47
-50
-46
-46
-38
-31
-25
-21
-22
-20
-16
-21
-19
-12
-12
-4
-9
-3
7
5
3
7
13
12
7
10
14
13
19
25
26
29
27
30
39
40
46
53
54
57
50
51
45
47
46
49
49
41
42
33
28
24
21
14
13
14
20
23
27
33
38
29
24
17
12
10
8
3
1
-3
-9
-10
-12
-18
-22
-17
-18
-24
-19
-30
-31
-37
-47
-35
-28
-17
-10
-9
-9
-15
-19
-17
-13
-11
-9
-9
-15
-16
-9
-8
0
9
12
11
19
21
25
34
33
33
29
27
20
12
9
9
5
0
7
11
9
10
7
8
11
15
23
29
36
42
35
32
29
23
19
16
12
-1
-5
-14
-22
-32
-38
-43
-50
-60
-63
-56
-54
-46
-39
-43
-41
-42
-40
-34
-40
-36
-35
-36
-31
-37
-26
-32
-30
-28
-36
-37
-35
-34
-37
-38
-46
-48
-47
-44
-41
-31
-28
-24
-22
-25
-26
-29
-25
-21
-21
-16
-10
-9
-4
-1
6
16
19
25
29
33
44
49
55
60
67
67
76
73
71
77
65
66
63
64
71
67
71
66
64
61
51
53
54
49
41
44
36
19
11
3
7
6
4
3
-2
2
-2
-6
-7
-13
-15
-21
-25
-24
-25
-23
-27
-29
-21
-17
-8
-3
7
13
19
22
19
19
17
9
8
8
3
4
1
-7
-14
-32
-43
-47
-55
-51
-47
-45
-39
-34
-29
-23
-22
-20
-18
-23
-21
-17
-23
-10
-10
-7
-1
-1
2
-3
-1
-5
-6
-2
-4
-10
-7
-4
0
-3
-6
-17
-20
-23
-28
-21
-19
-21
-14
-7
-7
-2
6
13
25
28
38
39
43
47
35
41
34
23
11
1
-1
-9
-11
-13
-15
-18
-22
-18
-18
-17
-7
-6
-12
-10
-6
-7
-15
-13
-12
-21
-18
-20
-16
-9
-12
-11
-12
-10
-6
1
6
8
2
-4
-5
1
5
7
10
15
17
18
21
27
28
23
22
16
7
-3
-8
-16
-10
-19
-23
-23
-33
-34
-36
-26
-17
-15
-16
-15
-12
-11
-7
-6
0
8
10
11
8
4
4
-1
5
15
22
29
36
43
41
51
51
47
49
51
51
42
42
40
45
50
58
59
53
49
40
39
37
35
35
42
45
41
39
27
20
16
8
8
2
0
0
-2
-7
-12
-20
-25
-28
-31
-31
-41
-51
-59
-59
-55
-54
-47
-43
-46
-43
-50
-44
-40
-40
-35
-36
-33
-40
-36
-41
-40
-37
-42
-47
-47
-52
-55
-56
-56
-53
-53
-46
-44
-40
-36
-26
-18
-16
-17
-11
-5
-5
5
15
27
31
34
36
40
39
39
41
30
33
26
31
33
35
38
37
40
40
40
37
36
35
32
30
32
33
30
26
22
10
-3
-3
-2
-1
1
3
3
0
4
0
-5
-11
-21
-21
-16
-12
-12
-11
-12
-21
-29
-34
-32
-35
-39
-32
-29
-30
-26
-22
-21
-19
-20
-17
-12
-11
-5
0
6
7
7
7
9
9
15
16
13
17
10
4
4
0
-1
3
7
12
11
14
9
9
9
10
14
21
25
26
29
31
29
30
27
24
24
25
27
34
41
49
51
60
58
56
56
51
53
49
43
37
27
18
16
10
-1
-10
-20
-29
-43
-50
-56
-57
-64
-67
-68
-65
-62
-54
-48
-40
-33
-36
-31
-24
-20
-16
-10
-8
-5
-7
-7
-8
-10
-10
-8
-8
-10
-3
-1
-1
6
0
-3
0
-3
-5
-10
