10
10
9
7
11
4
6
12
9
12
4
6
7
-2
-7
-8
-10
-10
-10
-12
-9
-3
-5
-13
-15
-15
-19
-21
-18
-7
-5
-11
-17
-14
-12
-12
-12
-5
1
-3
-4
-8
4
12
13
14
16
25
17
15
13
11
15
16
21
20
17
19
22
16
20
14
1
3
5
7
6
4
2
-9
-15
-13
-14
-9
-6
-9
-13
-12
-13
-21
-23
-28
-28
-28
-29
-27
-23
-27
-28
-28
-31
-29
-32
-36
-30
-34
-37
-29
-25
-17
-16
-16
-14
-21
-18
-9
-10
1
4
4
6
1
3
12
25
27
42
41
33
33
27
28
28
32
32
27
19
20
21
12
17
21
11
7
2
8
5
-2
-1
9
14
13
14
21
25
28
31
25
32
29
19
18
19
19
22
19
15
15
15
13
12
14
14
14
9
8
-1
-1
-10
-18
-16
-13
-14
-14
-10
-4
4
-2
1
2
-12
-13
-14
-22
-22
-25
-27
-33
-27
-26
-24
-14
-15
-15
-12
-10
-12
-8
-11
-16
-20
-18
-20
-21
-12
-7
-8
-7
-12
-12
-7
2
2
-4
-2
3
5
13
19
19
17
25
20
20
24
21
29
28
34
36
29
27
24
22
23
29
25
13
11
12
10
3
-1
-11
-14
-27
-41
-35
-33
-26
-27
-20
-15
-18
-29
-39
-34
-29
-20
-21
-31
-31
-19
-20
-33
-36
-33
-23
-24
-21
-23
-21
-28
-38
-36
-25
-16
4
14
10
13
14
10
8
20
23
21
27
15
35
-8
-74
-125
-49
-10
11
23
68
135
127
114
91
86
79
50
-19
-63
-51
-19
-17
-2
18
48
33
36
36
40
15
-16
-59
-101
-81
-74
-52
-36
27
57
34
47
74
89
54
39
35
12
-7
-30
-37
-5
-73
-182
-286
-211
-147
-117
-45
75
174
209
283
274
242
232
199
94
-25
-7
4
-19
-48
-15
0
-53
-58
-84
-88
-118
-144
-207
-238
-193
-182
-200
-164
-73
-15
3
66
148
164
146
158
139
108
97
62
24
21
38
-7
-77
-63
-55
-105
-167
-170
-176
-219
-216
-184
-129
-55
49
127
157
246
292
274
215
203
171
96
47
29
5
-19
-2
-7
-7
-7
4
-37
-97
-119
-125
-151
-148
-64
-11
15
90
137
109
29
-42
-94
-162
-147
-86
-13
72
170
254
256
266
276
234
128
30
-40
-95
-112
-96
-103
-89
-25
22
40
58
102
106
43
0
-30
-90
-153
-131
-132
-135
-112
-56
-71
-93
-107
-143
-174
-168
-160
-178
-176
-154
-128
-112
-77
-61
-60
-53
-55
-109
-125
-155
-151
-219
-198
-158
-73
4
53
154
197
227
210
217
224
208
210
182
213
252
285
292
293
340
352
306
234
189
179
123
80
71
100
126
115
115
128
161
172
202
198
193
195
171
158
150
169
133
116
124
76
18
-52
-85
-143
-207
-241
-333
-376
-462
-491
-519
-479
-413
-402
-327
-275
-192
-178
-127
-86
-91
-109
-117
-129
-188
-135
-183
-104
-271
-874
-1912
-2556
-2417
-2128
-1870
-1762
-1073
-274
548
955
1194
1540
1916
2017
1416
722
644
949
1318
1416
1525
1630
1790
1895
1656
1148
594
174
-324
-1165
-1797
-2088
-1954
-1650
-1043
-388
245
1059
1934
2547
2691
2619
2539
2255
1866
1360
1373
1616
1848
1642
1265
1115
948
550
-480
-1387
-2193
-2783
-3253
-3515
-3267
-2716
-2046
-1379
-674
-3
651
964
800
593
458
399
197
-6
-78
-120
-140
-126
-81
-192
-500
-1071
-1783
-2461
-3019
-3328
-3636
-3746
-3672
-3353
-3199
-3193
-3030
-2522
-1930
-1344
-815
-66
656
1372
1647
1808
2097
2557
2879
2822
2561
2334
2237
2070
1853
1728
1652
1565
1285
1161
1330
1489
1497
1111
757
281
-145
-330
-260
-15
285
769
1141
1760
2463
2710
2622
2379
2205
1710
1186
910
711
494
194
118
-2
-58
-119
-450
-830
-1208
-1462
-1938
-2272
-2209
-2092
-1872
-1600
-1049
-579
-234
-59
8
-170
-514
-745
-1108
-1227
-1115
-951
-969
-855
-469
-212
-170
-226
-240
-305
-516
-697
-742
-1835
-3711
-5789
-5715
-4850
-3736
-3204
-2275
-471
1055
2018
2011
2227
2692
2973
2318
1169
1036
1770
2774
3430
3694
3901
3759
3784
3316
2733
1812
881
-299
-1514
-2393
-2919
-2985
-2485
-1502
-614
-346
214
1106
1941
2167
2120
2113
2029
2022
1970
2154
2773
3286
3421
2615
2083
1742
1202
-1
-1383
-2280
-3090
-3668
-4153
-4044
-3561
-2724
-1856
-1264
-494
276
859
771
594
583
460
283
80
21
-68
-76
7
18
-96
-364
-1050
-1984
-2502
-2627
-2549
-2432
-2028
-1517
-1276
-848
-157
459
785
750
529
205
-73
-315
-987
-2037
-3177
-3644
-3713
-3326
-2748
-2001
-1341
-611
165
652
1050
1486
1855
1845
1723
2071
2561
3213
3673
3934
3897
3880
3787
3335
2749
2119
1295
120
-800
-1119
-1529
-2130
-2314
-2055
-1626
-1267
-511
175
727
1325
1932
2296
2669
3020
3146
2954
3011
3129
2920
2312
1887
1381
752
32
-570
-1260
-2007
-2475
-3030
-3515
-3655
-3492
-3285
-2944
-2224
-1472
-948
-512
-13
355
445
719
1206
1420
1414
1202
909
718
632
522
214
-159
-482
-849
-1415
-1946
-2268
-2706
-3076
-3232
-3096
-3542
-4381
-5096
-5471
-5330
-4742
-3494
-2168
-911
150
1149
2095
2987
3661
3876
3644
3225
2601
2100
1973
2508
3011
2953
2537
2392
2460
2471
2096
1384
440
-518
-1397
-2158
-2331
-1837
-1270
-824
-169
809
1834
2577
3180
3499
3400
3332
3066
2877
2858
3158
3164
2933
2947
3138
2852
2067
1325
422
-893
-2165
-3095
-3688
-4009
-4039
-3874
-3512
-2706
-1716
-1075
-669
-194
77
-143
-399
-254
-266
-422
-511
-379
-193
141
409
225
-301
-812
-1259
-1931
-2530
-2749
-2958
-3087
-3055
-2744
-2273
-1759
-1272
-1050
-967
-1087
-1259
-1375
-1046
-545
-291
41
553
459
-371
-1320
-1603
-2018
-2750
-3405
-3522
-3197
-2612
-1663
-868
326
1685
2859
3302
3457
3831
4250
4512
4640
4717
4596
4519
4769
4990
5072
4963
4615
3693
2495
1178
-220
-1403
-2069
-2624
-3408
-3797
-3083
-1878
-943
-173
504
1131
1489
1855
2004
2456
3138
3391
3183
2856
3096
3105
2531
1633
696
-589
-2284
-3817
-4933
-5557
-5746
-5859
-5784
-5197
-3956
-2716
-1791
-921
-22
522
610
816
1285
1737
1980
2023
1935
1920
1854
1391
565
-209
-1125
-2251
-3282
-3737
-3757
-3813
-3699
-3095
-2127
-1179
-295
467
1223
1732
1827
1816
1762
1583
640
-1598
-4556
-6685
-6607
-5309
-4042
-3318
-2292
-580
1209
2280
2430
2365
2705
2886
2320
1257
1159
2659
4914
6345
6402
6165
6366
6810
6603
5093
2949
1081
-558
-2456
-4350
-5641
-5595
-4454
-3330
-2913
-2523
-995
891
2019
1741
1285
1366
1762
1835
1862
2584
3839
4770
4589
3795
3155
2645
1602
-371
-2595
-4434
-5814
-6733
-6977
-6367
-5336
-4222
-3049
-1692
-357
550
950
1061
1039
843
511
453
1033
1781
2065
2099
2477
3036
2918
1907
553
-587
-1819
-3155
-4183
-4518
-4209
-3873
-3750
-3245
-1858
-324
501
741
1048
1375
1466
1366
1381
1685
1958
2086
1688
1306
-194
-3068
-6661
-7915
-7084
-5924
-5804
-5327
-3115
-140
2146
3144
3838
5013
5974
5304
3126
1915
2599
4153
4935
4758
4427
4545
5470
6202
5661
3631
1433
-532
-2512
-4720
-6604
-7356
-6479
-4924
-3879
-3126
-986
2101
4359
4445
3914
3782
3653
3083
2480
2480
3152
3934
3989
3244
2964
3107
2498
403
-2243
-4400
-6321
-7769
-8456
-8087
-7180
-5898
-4226
-2222
28
2039
3220
3577
3625
3346
2491
1883
2003
2360
2107
1712
1842
2331
2209
1155
-393
-2001
-3562
-5138
-6518
-6953
-6442
-5663
-5166
-3895
-1552
933
2327
2801
3034
3205
3026
2551
2158
2091
2006
1768
1576
1665
1408
-828
-4516
-8107
-8978
-8698
-8388
-8399
-7352
-4882
-2114
436
2511
4518
6280
6936
6185
4560
3790
4171
5122
5529
5113
4656
5080
6460
7306
6556
4480
2319
446
-1721
-4254
-6379
-7259
-6632
-5578
-4657
-3321
-792
2291
4173
4408
4007
3876
3730
2802
1760
1515
2422
3010
3137
3194
3694
3824
3120
1362
-1027
-3418
-5506
-7297
-8591
-8862
-8276
-7098
-5457
-3117
-717
1061
2195
2936
3224
2917
2289
1777
1615
1795
1907
1839
2104
2900
3090
2110
608
-681
-2070
-3934
-5407
-5996
-5948
-5647
-5195
-4146
-2253
-105
1272
1708
1899
2163
2145
1686
1473
1737
1865
1967
1919
2175
1641
-273
-4040
-7309
-7887
-7277
-7127
-7817
-6808
-4409
-1788
290
1941
3828
5533
6411
5845
4524
4336
5040
5972
5934
5596
5298
5688
6834
7509
6625
4361
2371
701
-1420
-4156
-6679
-7640
-7205
-6232
-5731
-4747
-2141
1323
3449
3584
3416
3879
3919
3007
1913
1835
2408
2736
2571
2339
2764
3121
2693
780
-1559
-3719
-5709
-7630
-8804
-8999
-8818
-8045
-6151
-3626
-1258
644
2321
3553
4096
3909
3359
2994
3135
3144
2511
1847
2408
3199
2854
1635
613
-281
-1680
-3492
-4840
-5429
-5449
-5570
-5580
-4447
-1983
377
1471
1981
2523
2957
2692
2272
2099
1915
1449
1113
1153
1633
1613
-254
-3856
-7244
-8014
-7651
-7580
-7912
-6878
-4769
-2391
-97
2001
4145
5922
6777
6246
4929
4412
4684
5043
5035
4788
4575
5043
6240
7067
6515
4924
3301
1503
-854
-3656
-6089
-7380
-7232
-6458
-5802
-4502
-1716
1507
3546
4124
4306
4330
3782
2802
1647
1185
1502
2077
2233
2093
2608
3057
2707
1124
-915
-3180
-5327
-7071
-8402
-9079
-8899
-7615
-5570
-3354
-1037
1165
2974
4136
4583
4304
3670
3212
2772
2164
1556
1452
1804
2165
2093
1590
654
-600
-2023
-3610
-5049
-6067
-6486
-6576
-6124
-4803
-2776
-714
884
2096
2730
3009
3050
2958
2514
2093
1497
1404
1333
1688
1309
-1264
-5091
-7915
-6984
-6062
-6067
-7032
-6212
-3814
-1492
484
1841
3622
5330
5940
5111
3914
4446
5598
6439
6196
5344
4908
5449
6943
7372
6189
4145
2510
1056
-1126
-3577
-5592
-6315
-5895
-5519
-5445
-4446
-1076
2207
3668
3645
3970
4488
3740
2552
1319
1096
1478
1601
1194
568
1294
1702
989
-1088
-3075
-4736
-6718
-7980
-8651
-8512
-7843
-6193
-3919
-1713
720
2792
4239
4894
4918
4416
3467
2989
2745
2008
899
628
1081
1109
540
-172
-703
-1632
-2966
-4321
-5398
-5581
-5610
-5633
-5179
-3288
-847
784
1865
2961
3750
3589
3150
2832
2719
2299
1730
1277
1821
2557
2593
971
-1707
-4839
-7788
-9025
-9160
-8769
-8868
-7804
-5105
-1511
1737
3895
5465
6881
7851
7726
6321
5364
5496
6013
5742
5312
5519
6333
6974
6823
5823
4385
2633
448
-2573
-5651
-7874
-8832
-8569
-7721
-6311
-4498
-1500
1671
4002
4798
4992
4722
3529
2184
959
548
653
1230
1420
1129
1503
2195
1914
-81
-2540
-4602
-6681
-8374
-9427
-9218
-7961
-5828
-3335
-871
1961
4611
6330
6614
6273
5559
4281
2867
1882
984
-136
-747
-496
127
562
438
-251
-1244
-2213
-3344
-4730
-5620
-5700
-5492
-5177
-3818
-1518
549
1640
2118
2508
2770
2710
2198
1377
711
280
162
461
1531
2353
2074
642
-1086
-3690
-7114
-9388
-9616
-8875
-8566
-7467
-4775
-654
3069
5388
6496
7557
8647
8530
6685
4820
4154
4203
4208
4497
5161
5948
6677
7339
7356
6437
4654
2080
-1050
-4127
-6756
-8707
-9168
-7931
-6038
-4558
-2679
191
3005
4167
3876
3112
2007
834
-299
-751
-339
1053
1966
2048
2304
3301
3447
1738
-650
-3127
-5628
-7918
-8923
-8692
-7829
-6346
-4234
-1677
1217
3816
5229
5335
5043
4310
2780
1204
363
-179
-806
-927
-26
1100
1807
1904
1155
-214
-1628
-3042
-4533
-5522
-5580
-5349
-4953
-3597
-1276
805
1946
2718
3249
3190
2528
1635
839
287
-75
-164
109
1225
2248
2421
1264
-569
-3570
-6995
-9301
-9770
-9403
-9196
-7725
-4791
-663
2950
5492
7037
8295
9228
8690
6595
4669
3967
4013
3918
4168
4929
6276
7446
8036
7702
6547
4707
1888
-1913
-5679
-8414
-9759
-9636
-8294
-6531
-4650
-2234
619
3023
3998
3812
2898
1454
-8
-866
-844
-115
1212
2067
2478
3071
4087
4136
2301
-356
-3038
-5498
-7602
-8783
-8948
-8046
-6155
-3823
-1364
1416
4026
5305
5116
4408
3466
2204
778
-43
-342
-248
197
1090
2085
2696
2564
1475
-15
-1464
-2920
-4552
-5703
-5885
-5488
-4741
-3340
-1307
423
1379
1711
1775
1638
1235
446
-265
-494
-204
339
1077
2546
3732
3823
2540
576
-2274
-6031
-9009
-10267
-9846
-9153
-7514
-4707
-635
3450
6521
8314
9276
9670
8865
6534
4217
3035
2974
3146
3695
4565
5665
6684
7392
7451
6576
4486
1113
-2899
-6371
-8539
-9688
-9997
-9183
-7466
-5406
-2880
31
2692
3897
3463
2116
744
-218
-926
-1230
-861
443
1804
2742
3781
4865
5028
3372
942
-1788
-4378
-6588
-7881
-8215
-7675
-6015
-3645
-1044
1691
4010
5150
5053
4372
3151
1595
277
-446
-686
-746
-211
647
1538
2272
2542
2068
785
-522
-1925
-3399
-4563
-5012
-4913
-4463
-3187
-1573
-182
583
944
990
595
-67
-705
-1161
-1379
-1105
-312
1052
2664
4078
4487
4109
2856
839
-2696
-6247
-8581
-8949
-8243
-7262
-5049
-1857
2085
5120
7015
7610
7493
6761
5129
3191
1679
1078
1490
2498
3991
5158
6376
7561
8420
7952
6101
3363
69
-3212
-6249
-8608
-9855
-9795
-8510
-6627
-4516
-2248
-54
1403
1635
1115
261
-723
-1429
-1677
-1122
-104
1848
3716
5219
6088
6549
6005
3903
1070
-2020
-4649
-6657
-7738
-7877
-7094
-5227
-2854
-457
1624
3164
3794
3404
2756
1832
881
203
99
388
810
1737
3054
4125
4335
3708
2471
856
-827
-2548
-4138
-5189
-5309
-4786
-3963
-2683
-1040
16
305
325
500
186
-573
-1260
-1430
-828
-72
956
1979
3465
4263
3994
2873
1409
-871
-4899
-8202
-9687
-8924
-8037
-6493
-4025
-609
2692
4734
5779
6070
6145
5433
3465
1304
268
723
1670
2943
4396
5814
6925
7533
7612
6757
4873
1862
-1812
-5311
-7786
-9143
-9340
-8461
-6664
-4990
-3088
-1056
1088
2058
1772
799
-436
-1123
-1204
-597
201
2183
4516
5993
6844
7544
7733
6220
3679
708
-2164
-4506
-6233
-7067
-7063
-5831
-3721
-1510
501
2254
3360
3415
2976
2283
1315
453
179
414
703
1432
2491
3435
3661
3287
2133
333
-1264
-2700
-4219
-5664
-6134
-5744
-5076
-3993
-2444
-1063
-385
-185
-277
-660
-990
-1188
-1244
-1139
-545
380
1476
2783
4006
4303
3600
2266
400
-2847
-6707
-9350
-10001
-9170
-8003
-6051
-3557
-119
3001
5214
5999
6066
5901
4802
2942
1269
727
1398
2604
4000
5115
6332
7536
8382
8023
6422
3796
307
-3180
-5911
-7689
-8594
-8299
-6733
-4645
-2716
-777
1047
2326
2416
1700
385
-576
-914
-697
-36
1521
3905
5916
6919
7468
7660
7025
4959
2261
-880
-3856
-6004
-6970
-6981
-6205
-4559
-2590
-548
1296
2528
2905
2382
1426
279
-863
-1296
-1104
-667
-38
1030
2075
2692
2688
2028
655
-1059
-2638
-4079
-5277
-5832
-5497
-4693
-3617
-2259
-985
-328
-267
-416
-875
-1429
-1959
-2166
-1917
-1057
176
1442
2713
4032
4909
4715
3600
1944
-261
-3676
-7363
-9574
-9651
-8228
-6763
-4731
-2125
1362
4149
5585
5725
5307
4704
3538
2030
973
978
2167
3684
5342
6723
7878
8481
8309
7310
5365
2771
-244
-3097
-5334
-6662
-7041
-6380
-4966
-3544
-2402
-1209
71
736
223
-516
-840
-610
-486
-46
1148
3254
5573
7127
7628
7587
7134
5972
3472
553
-2131
-4222
-5916
-6825
-6712
-5947
-4605
-2955
-1398
-400
64
127
-149
-448
-880
-1362
-1568
-1143
-237
493
1210
1917
2266
1771
574
-622
-1512
-2321
-3185
-3930
-4094
-3689
-3063
-2678
-2198
-1511
-1150
-1461
-1994
-2177
-1903
-1512
-876
-167
822
1993
3092
3965
4801
5264
4785
3478
2061
545
-1667
-5116
-7984
-9087
-8076
-6479
-4922
-2999
-650
2079
3794
4687
4727
4759
4457
3672
2788
2484
3155
4493
5715
6659
7130
7637
7847
7527
6161
3998
1443
-1039
-3146
-5002
-6261
-6814
-6730
-6246
-5675
-4649
-3318
-1927
-1054
-487
87
804
1275
1900
2772
3844
4856
5707
6071
5751
5017
4269
3054
1119
-1053
-3161
-5077
-6453
-7086
-7357
-7063
-6205
-5021
-4100
-3022
-1693
-611
-149
-61
111
306
745
1409
1683
1791
1909
2055
1753
1387
1144
743
0
-1016
-1810
-2457
-2740
-2871
-3252
-3590
-3654
-3161
-2748
-2175
-1348
-297
572
1393
2394
3403
4089
4534
4568
4701
4604
4360
3361
2258
997
-879
-3778
-7045
-8496
-8324
-7199
-6555
-5386
-3398
-459
1897
3138
3557
4140
4689
4785
4065
3456
3429
4253
5176
6103
6632
6993
7082
6729
5704
4181
2241
-6
-2576
-5016
-6924
-8072
-8219
-7667
-6831
-5984
-4592
-2870
-1186
102
1004
1877
2396
2858
3086
3597
4297
5291
5630
5152
4546
4027
3389
1902
-66
-2440
-4591
-6303
-7431
-7926
-7561
-6453
-5173
-3894
-2190
-307
1072
1601
1715
1703
1649
1681
1689
1747
1815
1883
1961
1887
1971
1840
1276
179
-943
-1968
-2907
-3392
-3717
-3887
-3974
-3602
-2831
-2052
-1311
-501
438
1375
2178
2730
3164
3696
4016
4072
4030
4100
3959
3376
2476
1402
126
-1843
-4487
-7564
-9362
-9686
-8631
-7741
-6170
-4023
-1256
1292
3058
4299
4825
5156
5061
4455
3616
3288
3989
4825
5378
5600
5723
5989
5772
5010
3460
1640
-569
-2956
-5110
-6633
-7445
-7861
-7729
-6810
-5529
-3835
-1932
-91
1234
2092
2781
3232
3649
3898
3997
3898
3972
4361
4077
3614
3159
2854
1482
-451
-2290
-4098
-5560
-6461
-6693
-6796
-6212
-5025
-3582
-1933
-119
1321
1806
2156
2582
2613
2260
2126
2143
1848
1485
1382
1582
1758
1837
1447
599
-224
-735
-1408
-2229
-2751
-3163
-3714
-4005
-3530
-2544
-1438
-269
759
1545
2272
3038
3399
3412
3472
3342
2845
2416
2367
2138
1422
208
-900
-2384
-4117
-6814
-9160
-10249
-9381
-7838
-6706
-4998
-2621
284
2205
3667
4707
5574
5932
5430
4463
3773
3875
4484
4833
5043
4998
4996
4778
4647
4162
2822
741
-1446
-3463
-5237
-6744
-7506
-7564
-6826
-5735
-4293
-2297
34
2090
3090
3734
4023
4048
3626
3455
3432
3235
3502
3625
3657
3163
3192
2589
1170
-515
-2059
-3857
-5673
-6455
-6590
-6420
-5529
-3937
-2275
-867
735
1986
2501
2581
2453
2131
1730
1573
1265
772
927
1484
1746
1530
1476
1262
298
-841
-1671
-2402
-3337
-3992
-4540
-4827
-4106
-2774
-1573
-798
384
1594
2157
2406
2676
2952
2653
2189
1707
1439
1483
1379
1017
2
-691
-1537
-3000
-5312
-7757
-9098
-9486
-8449
-7301
-5483
-3411
-645
2041
4029
5310
5931
6197
5998
5219
4011
2918
2983
3695
4131
4115
4169
4566
4957
5031
4456
3230
1510
-535
-2672
-4569
-5868
-6346
-6268
-5648
-4719
-3060
-1267
670
2069
2894
3200
3049
2811
2337
2400
2636
3390
4001
4242
4136
3859
3679
2873
1387
-752
-3051
-5094
-6584
-7007
-6730
-6036
-5033
-3870
-2353
-596
1126
2016
2099
1753
1428
1092
835
704
618
711
1030
1536
1904
2101
1998
1477
492
-497
-1331
-2171
-3036
-3699
-3986
-3770
-2966
-1884
-864
9
933
1269
1378
1402
1571
1403
867
442
129
219
485
740
948
809
285
-666
-1923
-3817
-6404
-8336
-8860
-7826
-6897
-5603
-3872
-1102
1720
3585
4518
4828
5202
5047
4046
2667
2037
2648
3516
4091
4435
5146
6246
7108
7211
6269
4851
2935
576
-2086
-4558
-6302
-7411
-7756
-7484
-6682
-5244
-3240
-1048
470
1504
2228
2936
3419
3717
3837
4218
4750
5127
4929
4700
4464
4399
3507
1795
-446
-2606
-4510
-6000
-6975
-7314
-7033
-6136
-4782
-2975
-1030
707
1663
1983
2129
2144
1841
1386
1093
900
959
1279
1810
2035
2132
1916
1383
453
-412
-1118
-2068
-2982
-3635
-3900
-3848
-3244
-2271
-1273
-492
98
453
610
657
622
203
-308
-591
-531
-24
671
1461
1814
2007
1771
1352
152
-1758
-4781
-7387
-8733
-8312
-7439
-6475
-4805
-2268
567
2596
3846
4338
4720
4819
4095
2836
2126
2610
3681
4339
4958
5811
7097
7934
8028
7161
5595
3434
610
-2462
-5133
-7122
-8384
-8957
-8513
-7206
-5282
-3192
-1160
656
1968
3036
3702
4053
3933
3551
3564
4069
4790
4881
4682
4376
4180
3234
1299
-859
-2902
-4738
-6653
-7822
-7907
-7039
-5782
-4493
-2953
-1057
605
1511
1882
2162
2219
1890
1329
1201
1448
1685
1892
2133
2479
2761
2695
2311
1639
945
-78
-1301
-2252
-2914
-3480
-3986
-3898
-3438
-2972
-2680
-2243
-1643
-1158
-914
-995
-864
-510
70
582
1284
2267
3133
3589
3663
3546
2949
1715
-474
-3348
-6619
-8783
-9634
-9059
-8239
-6923
-5128
-2821
-109
2025
3351
3926
4459
4625
4123
3602
3704
4614
5569
6126
6664
7418
8352
8518
7606
5804
3646
1216
-1636
-4471
-6741
-8393
-9225
-9085
-7844
-6176
-4162
-2010
88
1859
3215
4127
4453
4549
4436
4304
4358
4777
4980
4594
3930
3557
3217
2298
832
-1144
-3413
-5271
-6513
-7133
-7243
-6691
-5634
-4571
-3224
-1450
374
1507
1950
1730
1242
1064
1296
1677
1760
1854
2094
2517
3076
3627
3748
3128
1972
465
-1214
-2625
-3573
-4507
-5555
-6334
-6373
-5789
-4735
-3418
-2233
-1462
-936
-542
43
859
1808
2480
2836
3180
3818
4135
4041
3506
2714
1409
-240
-2319
-4447
-6951
-8840
-9879
-9687
-8343
-6723
-4559
-2509
153
2306
4111
5078
5944
6466
6257
5692
5221
5341
5991
6399
6604
6539
6696
6498
5678
4152
2237
-10
-2475
-4886
-6831
-8028
-8426
-8009
-6834
-5301
-3305
-1003
1339
3248
4507
5073
4922
4763
4479
3786
3173
2927
3056
2640
2278
2163
2238
1812
483
-1172
-3098
-4511
-5555
-6494
-6979
-6654
-5551
-4479
-3234
-1474
176
1137
1331
1542
1572
1606
1574
1462
1361
1512
2011
2488
2970
3389
3330
2558
1429
184
-1354
-2928
-4286
-5306
-6112
-6581
-6256
-5300
-3915
-2385
-1250
-386
429
1453
2221
2549
2822
2919
2908
2818
3090
3264
3054
2708
2144
1156
-78
-1774
-3859
-6775
-8906
-9901
-9532
-8254
-6774
-4654
-2517
491
3128
5163
6086
6440
6395
5739
4867
4314
4110
4338
4489
4890
5239
5879
6229
5788
4497
2717
725
-1609
-3919
-5860
-7218
-7820
-7402
-5977
-4174
-1995
261
2368
3822
4583
4769
4478
3911
3165
2151
1583
1177
1607
1644
1878
2087
2400
2283
886
-512
-2330
-3800
-5662
-6774
-7334
-7103
-6323
-5124
-3621
-1752
31
1274
1744
1970
1985
1729
1312
1312
1531
1671
1916
2529
3027
3313
3179
2553
1232
-341
-2016
-3448
-4682
-5636
-6339
-6745
-5939
-4323
-2600
-1313
-18
1354
2251
2842
3280
3586
3424
3049
2604
2412
2690
2881
2584
2031
1581
970
-316
-1846
-3655
-5516
-7936
-9657
-10128
-9085
-7591
-5838
-3586
-721
2342
4509
5601
6103
6530
6497
5645
4614
4175
4389
4852
5133
5561
5868
6094
5649
4580
3069
1306
-816
-3201
-5353
-6711
-7311
-7057
-6057
-4394
-2695
-1063
545
1964
2870
3144
3104
2628
1954
1253
1041
1594
2161
2749
2954
3203
3044
2732
1681
-88
-2112
-4078
-5724
-6884
-7145
-6666
-5880
-4790
-3319
-1725
-407
608
1235
1293
1146
1098
1240
1466
1796
2267
2634
3179
3868
4217
3868
2979
1693
-40
-1726
-3031
-4016
-4950
-5620
-5574
-4946
-3680
-2206
-871
107
988
1843
2306
2479
2548
2744
2652
2535
2432
2509
2617
2629
2279
1625
905
-166
-1229
-2986
-4821
-7369
-9264
-10118
-9438
-7782
-6295
-4277
-2076
711
2999
4667
5760
6108
6078
5473
4831
4451
4488
4787
4744
4777
4889
5096
4980
4447
3483
1982
62
-1825
-3501
-4920
-6073
-6523
-6424
-5693
-4591
-3093
-1485
-75
1180
1837
2333
2408
2558
2517
2264
2175
2235
3004
3432
3522
3329
3191
2784
1551
222
-1598
-3272
-4720
-5723
-6390
-6505
-5785
-4831
-3841
-2548
-938
487
1370
2129
2697
3044
3271
3413
3560
3586
3648
3569
3270
2898
2272
1208
-213
-1422
-2560
-3780
-4914
-5494
-5629
-5422
-4580
-3305
-1941
-725
481
1517
2236
2940
3282
3216
2920
2677
2379
2059
1966
1983
1671
1108
528
-62
-1109
-2268
-3907
-5950
-8228
-9764
-10137
-9623
-8000
-6123
-3677
-1247
1692
4154
5766
6521
6698
6561
5865
4910
4097
3636
3824
3988
4232
4364
4747
4853
4302
3174
1776
120
-1925
-3982
-5526
-6515
-6849
-6498
-5517
-4193
-2649
-1011
445
1882
2811
3334
3165
2994
2894
2433
2455
2785
3591
3559
3618
3689
3556
2754
1331
-405
-2620
-4418
-5873
-6960
-7409
-6982
-5913
-4793
-3062
-731
1244
2693
3539
4087
4150
4043
3810
3405
2931
2613
2365
2085
2028
2004
1312
192
-963
-1942
-3229
-4238
-4782
-5097
-5145
-4750
-3560
-2149
-498
1085
2114
2719
2964
3094
2780
2421
1993
1498
888
550
525
470
99
-503
-1054
-1633
-2472
-3522
-4833
-6308
-7822
-9220
-9504
-8786
-6728
-4798
-2536
-294
2471
4769
6137
6716
6628
6276
5601
4617
3788
3328
3507
3726
4009
4366
4809
4961
4476
3666
2299
672
-1085
-2679
-4202
-5489
-6185
-6086
-5220
-4017
-2688
-1385
-106
1292
2187
2792
3055
3227
3228
2614
2391
2562
3262
3335
3074
2910
2391
1906
871
-265
-2002
-3749
-5077
-6176
-6484
-6222
-5328
-4325
-2893
-846
1075
2599
3608
4293
4266
3789
3399
3037
2563
2008
1439
856
671
789
583
-163
-973
-1586
-2446
-3260
-3684
-3815
-3934
-3868
-3202
-2206
-994
186
877
1268
1571
1920
1970
1575
1262
883
585
235
85
21
-185
-543
-1020
-1410
-1825
-2507
-3537
-4827
-6035
-7343
-8383
-8390
-7472
-5693
-3914
-1672
608
3050
4962
6113
6588
6395
5940
5168
4477
4086
3841
4014
4298
4801
5269
5466
5189
4438
3414
2000
497
-1138
-2677
-4101
-5308
-5774
-5595
-4724
-3721
-2560
-1313
-135
1093
1971
2720
3133
3299
3021
2915
3242
3615
3643
3542
3145
2508
1805
1292
125
-1512
-3196
-4472
-5465
-5989
-5833
-5373
-4477
-3287
-1626
-36
1509
2891
3518
3482
3241
3010
2606
1972
1470
900
490
303
367
294
-40
-448
-1073
-1886
-2434
-2709
-2992
-3302
-3336
-3031
-2590
-1708
-729
1
478
989
1412
1447
1489
1417
1038
294
-180
-448
-708
-871
-1148
-1537
-2031
-2247
-2382
-2552
-3002
-3534
-4596
-5487
-6410
-6482
-6172
-4999
-3321
-1587
327
2155
4255
5709
6352
6195
5902
5709
5392
4895
4316
4072
4504
4898
4973
4799
4617
4096
3240
2197
1101
-218
-1757
-3310
-4368
-4903
-4870
-4590
-3937
-2882
-1518
-219
1081
2279
3116
3370
3274
3203
2719
2178
1699
1609
1330
995
765
509
369
95
-780
-2150
-3263
-3839
-4550
-5194
-5059
-4212
-3080
-1882
-320
1124
2276
3049
3302
3123
2724
2186
1218
99
-525
-848
-1037
-916
-577
-480
-524
-436
-164
-127
-467
-914
-1536
-2037
-2061
-1684
-1229
-661
130
734
1227
1747
2258
1986
1103
210
-709
-1547
-2125
-2448
-2640
-2766
-2567
-2342
-1931
-1498
-1226
-1493
-1951
-2316
-2765
-3516
-4389
-4528
-4143
-2814
-1466
227
1798
3447
4713
5122
5323
5342
5194
4621
3739
3191
2784
2878
3204
3455
3634
3484
3409
3099
2736
2033
935
-448
-1827
-2880
-3605
-3948
-3868
-3552
-3092
-2478
-1515
-572
419
1021
1356
1343
1076
871
637
986
1135
1393
1663
1858
1998
1743
1522
709
-373
-1491
-2299
-2851
-3353
-3351
-3135
-2585
-1675
-688
258
1014
1632
1763
1432
1104
914
497
-96
-447
-595
-480
-120
405
766
944
1232
1179
850
391
-58
-707
-1461
-1791
-1831
-1613
-1282
-780
-312
-125
-5
-147
-568
-1061
-1569
-2067
-2515
-2517
-2214
-1889
-1543
-1041
-454
-59
257
535
642
518
146
-442
-1380
-2260
-3315
-4053
-4296
-3460
-2329
-1443
-490
655
2159
3000
3609
3937
4220
4366
4109
3713
3284
3443
3796
3851
3912
4021
4184
4042
3607
2967
2043
620
-1116
-2792
-4113
-4973
-5372
-5527
-5170
-4362
-3151
-1876
-420
947
1845
2353
2521
2776
2648
2146
1747
1548
1791
1638
1627
1596
1521
1099
342
-461
-1556
-2419
-3322
-4004
-4350
-4103
-3283
-2282
-989
723
2022
2710
2986
3137
2803
2249
1616
1007
432
36
-19
138
571
1037
1187
970
668
348
-420
-1370
-2119
-2663
-3121
-3282
-2874
-2194
-1398
-725
-300
-156
-21
-20
-439
-943
-1368
-1704
-1989
-2037
-1663
-1134
-686
-134
279
583
614
528
28
-746
-1852
-3042
-4331
-5272
-5359
-4962
-3752
-2512
-749
737
2329
3519
4353
4826
4769
4555
3984
3408
3099
3000
3292
3762
4246
4326
4023
3671
3094
2192
896
-489
-1960
-3298
-4244
-4652
-4715
-4263
-3492
-2462
-1348
-89
1091
1996
2543
2754
2425
1906
1842
1850
1903
1702
1946
1986
1802
1578
1462
1072
185
-640
-1528
-2270
-2586
-2776
-2677
-2336
-1464
-481
217
1113
1965
2342
2153
1775
1339
607
-133
-604
-818
-716
-434
-185
-12
348
640
561
102
-213
-749
-1590
-2273
-2568
-2471
-2367
-2071
-1586
-1195
-816
-563
-500
-731
-986
-1367
-1942
-2223
-2155
-1931
-1769
-1344
-719
-217
111
375
432
444
294
143
-341
-820
-1412
-2164
-2922
-3489
-3260
-2807
-1721
-822
195
1047
2085
3177
3638
3691
3451
3235
3046
3047
3117
2992
3051
3234
3238
3161
2956
2707
2128
1349
690
39
-591
-1157
-1510
-1912
-2175
-2116
-1727
-1274
-926
-542
-374
-44
343
642
472
224
167
117
250
594
1016
1455
1741
2025
1967
2034
1917
1390
395
-618
-1207
-1727
-1915
-1800
-1474
-1159
-724
-102
397
638
723
333
-269
-726
-720
-744
-870
-901
-767
-471
-78
352
627
596
474
105
-269
-586
-869
-1160
-1592
-1806
-1915
-1854
-1730
-1580
-1568
-1809
-1954
-2047
-2126
-2263
-2171
-1982
-1766
-1410
-899
-408
6
353
587
797
915
1116
1086
1028
918
684
112
-643
-1454
-2058
-2388
-2361
-1890
-1483
-816
-193
837
1745
2648
3454
3874
4060
3993
3802
3514
3372
3250
3074
2812
2743
2799
2775
2634
2455
2061
1411
585
-395
-1307
-2174
-2790
-3327
-3615
-3524
-3119
-2574
-1836
-1007
-447
18
441
1066
1411
1661
1818
2081
2154
2206
2193
1877
1607
1465
1220
653
-97
-810
-1681
-2403
-2546
-2422
-2215
-1901
-1413
-952
-444
211
566
448
248
-63
-472
-766
-843
-801
-779
-528
153
837
1334
1622
1676
1340
743
140
-668
-1518
-2276
-2900
-3230
-3255
-2918
-2589
-2281
-2003
-1649
-1451
-1311
-1298
-1449
-1546
-1615
-1355
-1050
-547
14
538
1026
1637
2122
2332
2170
1733
981
-42
-1173
-2188
-3164
-3820
-3909
-3315
-2206
-991
430
1655
2804
3550
3892
3770
3449
3069
2649
2218
2085
2273
2838
3359
3751
3875
3807
3653
3198
2361
1223
-9
-1294
-2542
-3454
-3951
-4024
-3840
-3428
-2726
-1806
-747
210
980
1433
1695
1351
937
838
1160
1252
1380
1888
2328
2594
2746
2780
2252
1278
413
-614
-1545
-2065
-2166
-2153
-2121
-1432
-701
-156
307
670
597
171
-197
-604
-1107
-1311
-1371
-1304
-1012
-202
568
927
1171
1317
1051
375
-268
-931
-1621
-2316
-2666
-2725
-2618
-2217
-1917
-1880
-1954
-1859
-1874
-2186
-2389
-2486
-2585
-2555
-2103
-1366
-685
132
902
1480
1930
2293
2353
2035
1717
1416
1067
658
274
-242
-1000
-1589
-2082
-2492
-2777
-2488
-1948
-1355
-626
288
1270
1992
2645
3069
3186
3304
3406
3303
3000
2869
2916
2773
2540
2282
2097
1672
1257
790
221
-439
-1064
-1702
-2314
-2521
-2468
-2396
-2084
-1525
-838
-285
319
954
1512
1629
1395
1391
1498
1646
1603
1694
1874
2007
2217
2262
2156
1953
1458
691
-282
-871
-1303
-1580
-1792
-1731
-1361
-1080
-685
-380
-327
-495
-791
-1072
-1356
-1293
-1216
-1157
-1036
-659
-121
185
526
799
845
493
51
-413
-1054
-1728
-2476
-3118
-3557
-3622
-3417
-3162
-2691
-2092
-1626
-1330
-1098
-757
-717
-675
-573
-330
94
496
1009
1487
2010
2470
2602
2587
2400
2186
1629
996
391
-195
-972
-1905
-2459
-2942
-3019
-2868
-2108
-1319
-417
430
1274
1923
2280
2538
2547
2396
2295
2008
1731
1544
1658
1811
1797
1777
1787
1793
1725
1631
1405
1023
557
78
-449
-884
-1282
-1539
-1660
-1560
-1445
-1223
-950
-600
-350
-408
-180
13
258
477
926
1517
1980
2575
2826
2918
2960
3050
2766
2113
1396
691
-124
-861
-1356
-1647
-1968
-2084
-2026
-1948
-1787
-1610
-1486
-1591
-1657
-1741
-1892
-1836
-1582
-1186
-936
-470
131
601
924
993
926
441
-139
-736
-1341
-1926
-2369
-2704
-2907
-2663
-2134
-1683
-1481
-1217
-923
-651
-593
-505
-442
-281
-19
311
863
1560
2255
2608
2854
2979
3044
2732
2111
1456
775
-1
-891
-1693
-2516
-3177
-3738
-3931
-3841
-3228
-2543
-1920
-1293
-671
41
439
851
1211
1526
1735
2067
2535
2986
3222
3494
3573
3554
3389
3190
2952
2578
2141
1508
852
220
-418
-1159
-1836
-2261
-2457
-2534
-2459
-2131
-1620
-1094
-445
109
459
896
1665
2449
2908
3747
4382
4794
4729
4554
4018
3120
2338
1439
384
-744
-1642
-2384
-2944
-3267
-3258
-3366
-3461
-3312
-3031
-2797
-2447
-2031
-1713
-1495
-1176
-782
-486
-49
481
781
896
1049
1172
922
546
105
-443
-1090
-1631
-1875
-2230
-2372
-2432
-2491
-2528
-2431
-2038
-1803
-1557
-1178
-739
-243
249
796
1185
1500
1865
2173
2321
2271
2252
1910
1320
848
441
-70
-687
-1151
-1535
-2062
-2588
-3175
-3667
-4191
-4355
-4335
-3981
-3112
-2103
-975
9
1193
2231
3068
3568
3922
4108
4085
3939
3694
3462
3348
3259
3106
2921
2803
2623
2253
1855
1475
1007
284
-434
-1143
-1746
-2153
-2248
-2066
-1671
-1019
-165
565
1211
1838
2466
2810
2876
3032
2985
2841
2672
2596
2250
1704
1272
814
121
-670
-1485
-2378
-3230
-3757
-3910
-3904
-3720
-3363
-2823
-2169
-1344
-471
-11
123
195
52
-241
-285
-300
-493
-603
-439
-281
-189
50
284
205
-237
-660
-1010
-1532
-1903
-2186
-2452
-2578
-2322
-1774
-1264
-645
32
465
685
840
949
750
500
337
186
72
181
442
574
580
548
340
28
-261
-645
-1056
-1485
-1663
-1930
-2168
-2330
-2358
-2400
-2449
-2335
-2117
-1615
-890
-120
535
1164
1987
2585
2974
3214
3439
3558
3444
3360
3192
2989
2862
2726
2610
2522
2488
2403
2282
2159
1931
1576
966
392
-150
-625
-882
-912
-844
-660
-474
-275
-114
237
472
723
852
976
1130
1040
1065
931
878
595
319
-106
-519
-910
-1323
-1707
-1965
-2094
-2079
-2065
-1893
-1573
-1194
-906
-796
-742
-846
-1002
-1192
-1392
-1534
-1547
-1534
-1400
-1052
-610
-163
232
452
494
300
79
-211
-483
-706
-949
-1084
-1122
-920
-618
-341
-187
-127
-161
-327
-638
-912
-1046
-1140
-1081
-930
-563
-130
265
649
944
1137
1078
821
491
66
-334
-716
-912
-1029
-980
-940
-1017
-988
-1092
-1286
-1724
-1979
-2155
-2090
-1660
-1084
-242
642
1641
2529
3299
4011
4388
4410
4184
3807
3343
2820
2519
2317
2266
2365
2570
2876
2985
3081
2926
2434
1588
597
-380
-1364
-2114
-2635
-2821
-2626
-2100
-1384
-730
-127
261
523
586
502
384
277
155
19
131
251
472
705
875
946
840
632
204
-332
-876
-1397
-1996
-2439
-2577
-2595
-2501
-2348
-2101
-1879
-1644
-1471
-1349
-1229
-1031
-898
-711
-374
31
491
805
1024
1185
1256
1082
762
343
-93
-588
-1163
-1627
-1823
-1815
-1731
-1643
-1408
-1067
-774
-579
-493
-428
-411
-437
-378
-275
-77
177
391
564
603
719
667
563
263
-154
-642
-1157
-1410
-1587
-1652
-1753
-1784
-1732
-1541
-1246
-870
-529
-181
186
644
1055
1487
1907
2269
2590
2833
3043
3155
3208
3253
3293
3221
3165
3118
3044
2897
2698
2479
2220
1874
1466
950
366
-246
-882
-1470
-1854
-2085
-2253
-2233
-2081
-1753
-1317
-750
-251
198
634
939
1188
1312
1410
1415
1311
1238
1207
1185
1106
929
668
243
-243
-830
-1361
-1907
-2415
-2753
-2926
-2834
-2602
-2253
-1881
-1475
-1122
-812
-547
-377
-145
27
190
339
491
635
678
658
458
265
31
-190
-561
-938
-1223
-1492
-1585
-1549
-1414
-1300
-1211
-1081
-944
-915
-817
-824
-883
-927
-951
-967
-911
-813
-729
-598
-456
-255
-171
-166
-295
-506
-633
-624
-503
-310
-83
147
298
308
301
271
116
-145
-376
-481
-470
-301
151
673
1297
2007
2650
3189
3560
3735
3646
3385
3121
2831
2535
2270
2028
1884
1811
1795
1832
1705
1442
1051
501
-38
-578
-990
-1398
-1739
-1794
-1612
-1250
-775
-274
108
328
461
597
548
427
320
272
270
372
621
835
1058
1200
1162
899
556
113
-547
-1252
-1841
-2185
-2349
-2294
-2103
-1839
-1487
-1063
-721
-546
-443
-372
-479
-679
-724
-681
-570
-480
-285
-30
197
373
370
245
-12
-427
-915
-1343
-1597
-1830
-2097
-2232
-2205
-2018
-1833
-1562
-1366
-1237
-1271
-1373
-1531
-1712
-1844
-1951
-1852
-1599
-1136
-599
-27
521
992
1357
1540
1597
1501
1225
887
523
212
77
-7
35
43
194
398
664
1003
1274
1545
1710
1918
2032
2146
2288
2439
2603
2742
2861
2887
2886
2761
2503
2232
1859
1517
1173
898
648
419
199
-16
-122
-218
-378
-569
-687
-733
-712
-635
-505
-408
-262
-97
107
270
413
544
595
633
656
670
628
451
251
-2
-214
-418
-597
-767
-968
-1166
-1299
-1289
-1246
-1101
-1049
-1003
-917
-751
-705
-707
-707
-797
-915
-1071
-1085
-1082
-1007
-982
-985
-923
-820
-810
-886
-972
-1143
-1282
-1403
-1493
-1468
-1388
-1363
-1324
-1230
-1101
-1037
-1099
-1215
-1346
-1486
-1613
-1711
-1670
-1516
-1340
-1071
-666
-143
332
717
1025
1191
1301
1265
1176
1030
906
698
575
545
702
895
1000
1108
1219
1316
1370
1394
1396
1446
1435
1520
1662
1903
2114
2285
2363
2420
2437
2291
2030
1704
1383
1063
808
560
436
398
342
417
471
551
505
416
301
168
68
-75
-160
-275
-301
-273
-158
51
242
397
489
488
425
342
228
43
-105
-246
-356
-452
-456
-376
-289
-248
-247
-239
-307
-489
-723
-996
-1274
-1567
-1836
-2000
-2073
-2039
-2075
-2073
-1969
-1768
-1619
-1493
-1363
-1246
-1158
-1056
-882
-743
-631
-519
-419
-295
-213
-150
-250
-367
-524
-733
-970
-1182
-1332
-1471
-1571
-1608
-1502
-1326
-1050
-765
-397
-90
248
557
774
971
1160
1298
1354
1385
1458
1514
1495
1479
1334
1146
896
596
329
-15
-236
-425
-560
-517
-348
-13
351
778
1246
1600
1885
2123
2147
2073
1925
1738
1482
1305
1160
1055
979
972
997
940
944
964
875
724
540
384
260
86
21
34
75
137
245
369
488
613
602
487
356
219
74
8
53
226
409
549
718
807
837
682
433
59
-371
-762
-1192
-1521
-1804
-2035
-2162
-2164
-2094
-1995
-1860
-1712
-1554
-1418
-1354
-1249
-1150
-1097
-1084
-1020
-890
-706
-523
-423
-335
-290
-267
-409
-575
-783
-980
-1184
-1377
-1485
-1551
-1516
-1493
-1329
-1089
-844
-592
-330
-50
119
248
273
333
320
300
165
39
41
38
49
68
149
180
161
108
8
-81
-151
-221
-314
-325
-164
54
272
530
850
1206
1492
1717
1905
2044
2153
2151
2080
1984
1949
1849
1719
1573
1467
1454
1409
1436
1508
1592
1624
1613
1624
1642
1630
1497
1402
1279
1183
1049
875
725
585
392
142
3
-109
-238
-353
-376
-317
-238
-132
-72
-61
-110
-248
-421
-599
-796
-965
-1095
-1221
-1318
-1331
-1353
-1410
-1472
-1571
-1654
-1797
-1895
-1961
-1975
-1926
-1857
-1769
-1648
-1507
-1332
-1218
-1118
-1009
-933
-889
-903
-911
-962
-991
-1050
-1066
-1062
-974
-870
-734
-562
-414
-191
-66
35
173
228
241
135
-5
-176
-373
-535
-711
-852
-959
-944
-888
-723
-555
-250
95
404
626
799
991
1039
1014
886
753
678
536
441
386
401
526
690
886
1088
1303
1437
1521
1636
1788
1933
2060
2186
2273
2308
2347
2347
2332
2252
2064
1880
1722
1574
1451
1342
1270
1269
1203
1150
1103
996
867
712
497
310
116
-93
-296
-455
-494
-518
-471
-404
-370
-340
-337
-371
-424
-545
-655
-744
-816
-915
-979
-1042
-1073
-1142
-1272
-1373
-1476
-1603
-1831
-2026
-2157
-2266
-2286
-2222
-2082
-1853
-1618
-1454
-1314
-1196
-1109
-1097
-1106
-1098
-1060
-1069
-1089
-1003
-865
-674
-523
-382
-362
-326
-362
-412
-478
-474
-498
-612
-712
-735
-713
-754
-736
-772
-761
-826
-821
-743
-618
-407
-133
133
476
835
1168
1407
1471
1560
1506
1401
1259
1126
1027
897
829
785
891
1086
1280
1441
1639
1803
1946
2028
2073
2114
2102
2104
2137
2176
2173
2191
2156
2079
2000
1944
1848
1730
1660
1581
1448
1329
1257
1106
919
672
368
95
-263
-573
-892
-1168
-1358
-1468
-1478
-1447
-1350
-1246
-1111
-1000
-870
-769
-686
-662
-668
-646
-714
-741
-784
-869
-976
-1116
-1244
-1416
-1554
-1639
-1767
-1841
-1862
-1859
-1786
-1638
-1516
-1407
-1257
-1060
-861
-695
-512
-368
-256
-114
24
116
196
160
134
90
10
-107
-193
-297
-454
-591
-737
-866
-954
-1048
-1107
-1140
-1188
-1228
-1249
-1232
-1188
-1182
-1161
-1065
-928
-721
-475
-169
116
400
678
854
987
1092
1172
1157
1116
1077
1124
1110
1114
1135
1165
1203
1264
1336
1319
1412
1469
1561
1651
1770
1912
2080
2237
2386
2483
2500
2542
2476
2374
2218
2084
1940
1766
1608
1402
1196
986
793
590
392
196
10
-117
-292
-468
-644
-827
-957
-996
-1028
-1010
-953
-880
-790
-724
-607
-576
-572
-665
-792
-865
-975
-1063
-1170
-1251
-1285
-1320
-1372
-1395
-1358
-1353
-1365
-1313
-1259
-1180
-1176
-1166
-1088
-970
-864
-754
-614
-467
-352
-270
-260
-250
-301
-441
-646
-832
-993
-1196
-1368
-1493
-1553
-1584
-1612
-1580
-1485
-1376
-1273
-1172
-1078
-1015
-940
-922
-912
-839
-759
-641
-469
-291
-84
114
348
628
883
1165
1372
1499
1578
1613
1619
1577
1529
1480
1462
1401
1355
1363
1390
1445
1530
1584
1632
1737
1838
1854
1848
1910
1965
2024
2070
2117
2119
2051
1944
1823
1684
1530
1415
1300
1216
1132
1049
955
831
686
474
219
-38
-307
-613
-858
-1033
-1190
-1303
-1353
-1305
-1217
-1112
-997
-860
-719
-606
-578
-590
-650
-716
-841
-948
-1002
-1022
-1072
-1113
-1105
-1099
-1076
-1096
-1094
-1106
-1132
-1180
-1201
-1127
-1021
-881
-739
-614
-495
-420
-431
-449
-483
-594
-707
-873
-1015
-1127
-1223
-1297
-1352
-1351
-1359
-1348
-1315
-1232
-1181
-1136
-1065
-1002
-838
-738
-647
-535
-412
-253
-160
-50
63
176
259
317
386
446
509
565
637
744
877
1058
1189
1307
1433
1506
1571
1562
1561
1574
1581
1583
1516
1514
1501
1514
1533
1558
1598
1601
1588
1564
1515
1497
1491
1450
1439
1426
1420
1418
1424
1489
1473
1393
1301
1156
999
737
459
221
-2
-235
-456
-671
-830
-963
-1039
-1074
-1094
-1069
-1018
-960
-879
-760
-671
-607
-617
-603
-627
-657
-666
-715
-745
-767
-777
-797
-837
-858
-896
-948
-1006
-1045
-1073
-1089
-1068
-1044
-998
-910
-860
-834
-820
-856
-889
-957
-1042
-1117
-1192
-1257
-1329
-1299
-1285
-1257
-1205
-1198
-1158
-1092
-999
-917
-831
-753
-622
-490
-375
-212
-68
38
115
209
290
352
414
421
442
446
476
519
540
584
644
701
808
960
1124
1255
1338
1423
1438
1456
1440
1390
1353
1303
1225
1143
1108
1066
1035
979
901
882
908
952
995
1017
1033
1070
1089
1084
1120
1196
1182
1166
1136
1047
921
781
664
488
324
194
54
-29
-116
-194
-255
-320
-341
-366
-328
-268
-229
-160
-100
-24
91
137
147
129
72
31
-10
-104
-222
-345
-506
-663
-819
-954
-1091
-1160
-1196
-1188
-1190
-1197
-1212
-1279
-1349
-1424
-1490
-1545
-1586
-1578
-1518
-1473
-1434
-1370
-1301
-1237
-1181
-1142
-1137
-1130
-1124
-1143
-1104
-1057
-997
-940
-864
-774
-697
-624
-577
-529
-466
-405
-377
-294
-196
-112
-5
77
193
289
302
362
447
535
609
683
754
862
924
994
1115
1184
1259
1282
1277
1233
1142
1097
1010
948
945
990
1086
1173
1288
1396
1481
1563
1608
1653
1685
1662
1652
1610
1558
1551
1553
1542
1486
1417
1381
1252
1117
955
774
621
468
319
174
104
-5
-110
-166
-104
-72
-97
-81
-133
-162
-225
-264
-315
-362
-462
-602
-704
-836
-988
-1115
-1180
-1280
-1281
-1329
-1371
-1352
-1339
-1358
-1388
-1381
-1450
-1527
-1608
-1700
-1760
-1825
-1845
-1821
-1749
-1641
-1519
-1359
-1255
-1141
-1054
-989
-925
-885
-875
-882
-849
-802
-806
-733
-671
-586
-478
-377
-287
-218
-119
-19
141
270
413
570
629
643
696
734
747
781
781
784
787
777
772
798
856
907
951
959
1010
1024
1043
1056
1071
1100
1091
1083
1092
1080
1079
1141
1151
1163
1149
1117
1082
1038
991
939
943
936
948
897
866
868
895
878
836
778
698
655
588
518
446
359
260
200
117
50
31
-30
-112
-140
-190
-255
-327
-436
-536
-613
-640
-670
-658
-650
-666
-671
-664
-617
-621
-638
-660
-676
-661
-670
-710
-760
-842
-944
-1056
-1162
-1241
-1312
-1448
-1518
-1584
-1649
-1657
-1620
-1522
-1436
-1301
-1179
-1066
-936
-837
-754
-691
-625
-605
-581
-560
-521
-461
-372
-282
-137
-2
120
205
248
356
436
512
551
516
452
394
412
418
419
441
498
542
552
592
637
689
696
728
761
796
820
855
895
986
1042
1083
1159
1178
1154
1107
1057
1013
950
860
813
742
673
626
550
531
524
525
551
592
628
701
768
812
873
895
866
827
758
680
560
454
347
230
133
17
-67
-178
-316
-474
-599
-681
-713
-745
-738
-728
-724
-684
-675
-652
-679
-741
-823
-813
-796
-760
-719
-703
-726
-778
-831
-851
-914
-969
-1018
-1138
-1152
-1183
-1171
-1162
-1144
-1099
-1050
-989
-906
-798
-717
-637
-582
-557
-512
-460
-376
-322
-283
-227
-165
-74
-20
71
142
154
215
224
218
207
184
166
145
155
175
159
154
157
148
167
151
128
122
102
100
162
257
362
452
550
624
692
770
835
825
877
924
931
948
930
959
974
965
953
883
816
769
663
599
517
447
449
437
475
552
625
793
913
1055
1180
1237
1260
1215
1169
1043
845
707
589
445
310
189
50
-63
-189
-325
-436
-521
-584
-667
-730
-762
-759
-699
-658
-586
-549
-538
-525
-578
-592
-680
-796
-902
-999
-1044
-1105
-1171
-1179
-1155
-1136
-1125
-1096
-1072
-1082
-1069
-1033
-969
-939
-866
-830
-798
-735
-642
-507
-411
-317
-266
-222
-203
-203
-201
-191
-206
-220
-216
-175
-162
-167
-129
-127
-113
-99
-108
-133
-147
-183
-210
-195
-139
-96
-58
-37
10
99
205
310
414
521
644
737
825
950
990
1009
1040
1063
1079
1068
1056
1028
990
947
931
897
839
797
771
783
782
804
868
889
914
950
1027
1065
1122
1156
1150
1151
1111
1065
967
853
705
580
421
271
104
-53
-197
-355
-452
-574
-665
-740
-851
-900
-945
-968
-932
-919
-860
-788
-711
-630
-600
-567
-562
-604
-647
-728
-829
-908
-979
-1047
-1059
-1053
-1027
-965
-932
-874
-824
-745
-702
-693
-633
-598
-568
-512
-500
-483
-494
-496
-463
-434
-429
-404
-372
-370
-308
-279
-217
-241
-245
-216
-216
-129
-40
12
95
90
74
69
52
62
49
57
70
95
135
193
252
333
378
447
537
573
613
638
665
723
769
829
887
990
1028
1059
1075
1064
1064
1038
1032
988
952
920
882
866
836
820
796
746
743
732
683
658
593
546
489
429
397
341
284
211
194
155
85
21
-66
-137
-235
-337
-416
-508
-515
-560
-602
-594
-563
-558
-577
-597
-584
-577
-627
-627
-679
-719
-753
-793
-796
-779
-740
-715
-664
-649
-598
-583
-589
-586
-599
-628
-670
-707
-712
-677
-637
-614
-575
-498
-473
-436
-415
-382
-399
-418
-405
-361
-346
-329
-292
-267
-187
-173
-116
-22
10
24
27
75
86
94
129
138
142
209
286
360
399
403
414
398
365
341
313
311
334
378
462
577
706
819
918
991
989
961
945
919
913
903
894
903
922
917
922
882
825
743
623
489
387
267
157
46
-31
-38
-30
-11
42
68
83
81
33
-32
-93
-186
-279
-343
-381
-412
-420
-433
-461
-480
-486
-513
-516
-506
-495
-464
-458
-409
-361
-295
-229
-182
-154
-147
-166
-173
-163
-193
-215
-225
-272
-291
-296
-261
-226
-189
-167
-149
-135
-125
-162
-191
-222
-290
-328
-385
-421
-414
-377
-340
-327
-298
-273
-253
-262
-265
-273
-296
-323
-320
-289
-259
-226
-196
-176
-177
-195
-217
-240
-273
-233
-237
-179
-147
-86
-46
-3
84
83
115
128
189
243
303
397
474
534
572
614
652
687
712
724
727
707
695
657
642
634
610
562
505
471
444
405
411
413
418
442
430
457
495
517
531
522
540
513
464
386
318
247
185
152
116
69
16
-73
-152
-241
-350
-413
-452
-525
-571
-579
-540
-478
-417
-351
-303
-266
-250
-247
-312
-360
-414
-447
-447
-459
-453
-458
-478
-491
-471
-469
-437
-477
-523
-554
-586
-554
-537
-513
-484
-468
-429
-390
-313
-250
-207
-185
-178
-199
-243
-299
-317
-386
-394
-352
-347
-286
-267
-246
-180
-190
-172
-100
-83
-34
20
81
171
228
301
392
473
528
585
605
601
586
506
455
389
395
381
383
401
414
437
456
507
531
564
570
566
573
627
644
596
589
585
573
567
568
577
546
531
488
428
418
395
374
327
284
266
262
203
164
135
117
51
-46
-109
-187
-243
-271
-297
-303
-312
-330
-359
-394
-408
-427
-430
-458
-473
-492
-504
-521
-476
-473
-471
-453
-439
-443
-465
-475
-511
-512
-522
-467
-430
-387
-339
-307
-234
-201
-158
-130
-141
-162
-200
-218
-244
-244
-223
-215
-266
-316
-347
-396
-447
-475
-504
-515
-502
-469
-403
-339
-282
-207
-113
-15
98
181
252
340
391
438
468
500
546
525
476
420
365
285
188
123
56
25
41
106
146
176
222
298
359
455
556
606
636
664
682
678
703
718
708
666
624
627
600
527
487
415
341
294
234
207
198
207
182
160
183
202
191
160
139
135
86
30
-34
-93
-125
-142
-127
-128
-133
-130
-149
-184
-255
-307
-339
-395
-433
-473
-443
-404
-366
-340
-340
-344
-347
-376
-385
-382
-410
-434
-434
-425
-391
-397
-361
-323
-317
-326
-360
-387
-465
-543
-591
-636
-666
-675
-682
-663
-625
-559
-491
-449
-396
-329
-255
-204
-175
-121
-116
-84
-45
39
125
184
256
289
358
401
415
397
370
331
313
311
269
232
216
196
149
173
192
200
218
246
279
339
427
496
606
629
602
606
627
616
600
547
497
483
432
412
392
364
332
265
210
212
196
188
150
130
122
88
118
158
157
158
148
143
132
99
88
53
2
-5
-29
-24
-27
-54
-68
-103
-116
-136
-153
-211
-272
-352
-394
-428
-451
-446
-427
-396
-405
-369
-340
-304
-301
-323
-353
-345
-335
-370
-415
-410
-397
-393
-415
-427
-401
-395
-395
-401
-405
-367
-331
-320
-330
-317
-280
-259
-190
-149
-115
-67
-50
-20
3
32
19
-18
-46
-55
1
77
164
266
335
388
417
421
424
412
402
381
355
357
341
333
329
358
381
366
354
331
290
261
250
242
290
285
297
349
374
403
421
466
513
544
512
448
412
377
354
334
280
237
178
84
23
-5
-50
-110
-145
-185
-204
-248
-261
-256
-274
-287
-285
-258
-242
-216
-176
-159
-147
-169
-187
-193
-207
-229
-220
-240
-270
-273
-311
-336
-362
-364
-368
-352
-315
-317
-327
-328
-341
-343
-325
-311
-256
-243
-209
-205
-191
-179
-164
-169
-166
-145
-155
-179
-178
-146
-104
-94
-94
-95
-84
-79
-93
-75
-65
-33
-16
-37
-41
-39
-41
-20
-10
20
74
79
104
137
163
197
235
271
249
250
245
275
323
324
298
248
203
137
90
69
88
70
58
48
50
89
139
189
244
303
378
426
463
482
503
519
557
557
551
508
474
409
322
293
285
268
236
219
204
194
195
188
182
156
121
110
51
33
6
-23
-102
-170
-196
-202
-214
-240
-277
-344
-365
-363
-384
-431
-451
-486
-524
-557
-592
-603
-578
-564
-540
-516
-444
-375
-348
-292
-301
-310
-330
-353
-336
-304
-273
-250
-235
-245
-226
-223
-179
-135
-124
-93
-72
-52
-12
37
59
95
109
150
147
149
148
135
156
159
201
204
224
232
226
213
213
222
205
173
150
146
139
129
113
107
110
96
82
55
58
40
18
-31
-65
-47
-31
-37
-36
-6
23
57
106
185
221
298
337
371
411
404
377
353
339
315
314
289
244
185
117
83
54
43
29
29
39
73
84
86
117
119
110
86
86
93
44
0
-54
-66
-85
-115
-168
-199
-212
-250
-254
-261
-243
-254
-296
-320
-349
-388
-360
-362
-363
-382
-399
-355
-325
-299
-262
-225
-203
-171
-129
-76
-23
0
1
3
21
15
23
34
36
59
90
104
103
92
76
84
78
88
78
73
66
59
80
95
81
48
35
55
2
-18
-36
-80
-93
-109
-95
-86
-91
-69
-33
9
23
36
48
63
55
53
45
37
30
14
20
43
63
107
114
123
147
169
182
202
222
236
226
256
320
349
399
404
395
390
346
313
323
293
268
239
207
208
224
197
197
179
168
157
122
96
69
24
-38
-80
-164
-218
-267
-331
-370
-382
-380
-380
-399
-440
-470
-466
-470
-491
-515
-502
-471
-464
-434
-404
-368
-326
-331
-337
-313
-305
-289
-285
-251
-199
-166
-119
-39
20
54
67
99
139
147
194
221
229
245
245
229
223
227
187
181
169
165
120
52
16
-13
1
-18
-43
-73
-103
-137
-171
-165
-150
-124
-83
-75
-63
-28
-5
-6
11
57
79
95
98
145
182
211
215
240
235
230
232
246
271
266
264
266
289
320
358
403
428
446
434
421
415
392
374
351
337
316
277
241
174
90
22
-30
-72
-111
-120
-112
-130
-107
-110
-81
-79
-115
-142
-169
-177
-199
-228
-249
-242
-240
-239
-271
-283
-290
-305
-317
-344
-315
-326
-363
-378
-366
-347
-319
-263
-231
-170
-172
-163
-152
-129
-131
-127
-122
-128
-119
-148
-159
-196
-180
-160
-171
-149
-132
-137
-128
-111
-90
-53
-43
-55
-93
-103
-122
-103
-117
-134
-130
-157
-153
-125
-106
-91
-55
-41
-20
13
41
137
178
212
285
338
397
432
468
460
456
472
460
448
421
383
359
323
332
330
331
344
311
335
346
368
379
363
350
344
342
334
329
290
233
170
134
97
93
75
14
-63
-121
-144
-177
-212
-226
-230
-238
-243
-254
-254
-272
-289
-313
-325
-327
-320
-306
-299
-279
-258
-263
-267
-255
-266
-274
-274
-252
-238
-245
-226
-173
-138
-109
-78
-65
-30
-44
-39
-1
34
43
57
66
55
49
49
66
64
69
72
64
79
89
72
87
89
86
81
73
74
71
52
30
19
22
25
0
4
-10
-42
-93
-132
-131
-145
-119
-98
-87
-53
-30
-28
-7
12
4
7
7
13
18
3
24
75
87
109
128
126
105
61
37
42
36
45
50
77
105
117
164
197
249
286
287
275
271
232
177
132
117
86
46
17
-1
7
-33
-62
-74
-58
-22
-15
-18
-27
-19
-73
-125
-140
-115
-96
-65
-47
-54
-65
-89
-124
-170
-181
-168
-166
-143
-95
-43
-7
37
60
43
54
64
54
53
36
24
46
24
18
0
-9
-36
-63
-105
-118
-144
-172
-208
-236
-247
-258
-262
-252
-222
-206
-167
-139
-98
-76
-78
-87
-73
-55
-64
-54
-46
-53
-74
-67
-56
-74
-93
-105
-104
-126
-106
-97
-45
8
57
106
133
160
151
120
110
137
160
194
210
224
261
279
285
283
271
301
309
340
370
384
339
302
295
263
239
211
203
175
132
89
38
-23
-72
-107
-143
-140
-155
-184
-154
-179
-150
-121
-107
-86
-96
-93
-96
-107
-102
-102
-60
-15
13
72
70
89
88
29
7
-18
-11
-45
-48
-35
-18
-19
-42
-10
16
43
15
-20
-38
-52
-69
-110
-98
-81
-92
-114
-149
-160
-192
-228
-225
-238
-236
-214
-227
-215
-193
-191
-180
-143
-105
-71
-57
-18
12
17
17
11
17
16
19
41
68
61
61
46
33
24
14
23
9
-1
-15
6
39
55
81
91
132
135
135
120
114
132
114
95
85
121
129
147
151
159
188
170
155
159
153
140
123
133
105
84
77
43
42
49
45
42
14
-12
-29
-57
-82
-106
-105
-103
-66
-36
-30
-23
-14
-6
5
10
35
53
87
106
108
126
129
120
105
120
134
111
78
50
-1
-37
-60
-80
-93
-133
-162
-183
-190
-182
-176
-137
-120
-112
-104
-120
-126
-174
-209
-256
-279
-297
-304
-279
-260
-240
-208
-179
-150
-95
-30
-6
-35
-19
-6
8
34
73
79
91
100
82
66
107
125
142
180
189
178
177
185
145
120
94
106
98
91
72
85
106
115
118
109
91
88
77
74
114
116
112
97
86
75
66
58
64
69
83
71
70
89
54
19
0
-22
-41
-59
-71
-107
-117
-111
-125
-143
-168
-184
-176
-176
-149
-148
-124
-124
-148
-144
-150
-143
-139
-124
-115
-91
-62
-46
-29
-39
-48
-67
-67
-68
-60
-38
-33
-12
4
-4
18
15
18
6
-29
-52
-59
-66
-74
-69
-61
-50
-33
-35
-33
-18
-3
22
10
22
35
32
51
45
41
34
35
33
33
23
19
23
27
57
90
127
162
180
177
178
142
153
145
158
175
153
154
151
154
140
120
107
94
66
54
44
9
-24
-53
-56
-67
-60
-58
-48
-44
-18
3
-2
33
34
47
68
61
56
49
29
11
-20
-15
-10
5
1
-25
-26
-67
-74
-70
-64
-36
-2
6
17
30
26
28
18
28
14
35
30
9
-1
-21
-17
-38
-15
-26
-61
-91
-101
-106
-116
-110
-119
-96
-75
-64
-66
-87
-95
-100
-112
-93
-75
-31
-14
2
29
40
39
29
15
21
26
46
83
89
103
81
46
30
8
-13
-27
-74
-61
-81
-95
-76
-58
-9
39
44
71
91
72
47
36
25
18
8
6
12
4
-14
-50
-56
-66
-77
-73
-59
-69
-86
-102
-84
-83
-101
-77
-41
-60
-78
-88
-78
-77
-74
-58
-49
-45
-41
-32
5
52
65
92
87
128
141
137
146
132
140
157
142
125
122
122
109
101
108
87
66
89
81
80
65
32
25
17
42
50
57
47
40
44
47
55
50
46
57
44
33
38
25
2
-17
-34
-23
-39
-52
-82
-103
-125
-168
-173
-187
-160
-161
-135
-115
-77
-55
-15
4
15
18
2
-11
-27
2
15
11
-3
-6
-9
-15
-31
-6
3
0
-11
-28
-38
-37
-47
-65
-78
-97
-111
-90
-71
-76
-65
-68
-65
-54
-64
-70
-50
-69
-65
-43
-45
-56
-56
-74
-62
-65
-45
-39
-53
-42
-59
-38
-33
-21
-25
-4
8
21
72
95
128
168
205
228
244
259
261
267
241
250
239
222
249
219
187
178
167
168
127
112
112
95
70
42
23
14
-2
-9
-3
-4
4
-30
-55
-72
-95
-134
-155
-151
-177
-161
-151
-182
-211
-244
-265
-294
-324
-350
-364
-378
-371
-354
-308
-283
-245
-224
-183
-152
-130
-90
-61
-27
25
64
115
128
154
177
168
175
177
172
152
140
120
108
119
135
156
168
165
160
166
180
200
215
220
241
234
216
203
186
163
142
127
110
123
102
74
34
-1
-6
-21
-31
-54
-71
-67
-37
-52
-60
-55
-41
-54
-73
-87
-87
-78
-77
-69
-67
-64
-92
-88
-94
-72
-64
-68
-70
-48
-62
-54
-18
-21
-14
-6
5
7
-4
-46
-75
-74
-78
-78
-36
13
44
90
108
160
188
175
162
133
131
93
74
48
26
28
42
36
23
34
12
-4
-31
-29
-31
4
14
-15
-35
-45
-27
-36
-17
0
-4
21
6
5
16
17
24
39
25
10
8
3
-17
-19
-6
-2
-9
-9
-13
-45
-29
-21
-5
-1
-32
-71
-79
-107
-124
-138
-153
-157
-185
-194
-199
-180
-186
-219
-226
-234
-241
-248
-255
-252
-256
-234
-245
-215
-190
-152
-125
-127
-75
-59
-42
-43
-54
-38
-21
22
51
50
75
96
125
167
198
253
269
278
291
275
286
265
264
245
215
242
262
281
289
293
291
283
294
261
235
205
181
154
104
91
78
55
5
-18
-59
-60
-82
-109
-108
-96
-96
-82
-57
-67
-77
-81
-100
-115
-128
-159
-163
-161
-143
-137
-141
-135
-131
-123
-123
-119
-103
-106
-87
-75
-62
-42
-1
8
16
12
15
1
-24
-11
0
11
36
48
47
71
48
49
56
25
22
-4
-23
-15
-35
-18
-37
-35
-52
-76
-94
-65
-29
-19
5
-3
9
4
3
16
18
2
-14
8
20
17
45
32
48
41
40
45
31
50
49
43
67
85
76
74
66
58
10
4
-1
4
18
26
52
76
83
46
39
36
18
-10
-38
-58
-68
-90
-116
-118
-122
-113
-112
-90
-52
-7
-1
-4
3
-10
-12
-31
-20
-18
-24
2
7
-1
1
13
20
1
-14
-27
-24
-16
2
47
47
39
58
58
69
56
37
3
-14
-16
-8
13
17
46
39
49
42
30
15
-3
-15
-15
-15
-11
7
3
-5
21
42
33
66
51
61
43
33
48
22
12
8
31
42
61
62
40
26
3
-6
-9
-27
-5
-14
-31
-44
-62
-52
-22
-5
-13
19
34
41
61
57
51
64
49
35
41
28
8
-9
-9
-9
-7
-26
-44
-44
-51
-65
-62
-50
-34
-6
9
7
11
18
-3
-44
-64
-83
-80
-62
-54
-37
-30
-34
-7
10
-6
-17
-31
-44
-41
-41
-22
-7
0
-8
-25
3
28
50
41
41
43
54
59
57
93
104
103
100
86
80
68
14
-42
-80
-96
-112
-146
-159
-163
-151
-136
-131
-138
-157
-173
-163
-195
-188
-188
-157
-109
-80
-60
-40
-48
-52
-69
-65
-36
-27
3
-3
-22
-35
-48
-46
-22
-35
-32
-6
16
20
19
57
58
45
58
37
37
46
33
17
-1
8
-3
-24
-23
-16
-14
-17
-8
7
11
24
59
72
90
109
131
178
210
204
198
208
207
218
253
273
289
291
301
287
273
267
212
192
165
135
106
51
30
15
13
10
-7
-29
-36
-36
-37
-23
-4
20
6
5
-11
-23
-19
-42
-51
-60
-70
-71
-59
-78
-109
-135
-145
-144
-157
-164
-161
-166
-150
-149
-136
-125
-145
-157
-141
-118
-108
-80
-65
-50
-38
-61
-61
-74
-103
-105
-97
-83
-85
-91
-56
-54
-61
-59
-63
-34
-35
-40
-46
-53
-46
-28
-14
39
64
71
86
80
89
89
103
89
74
78
62
70
66
76
79
81
95
76
50
30
-4
-23
-42
-65
-76
-67
-59
-76
-51
-58
-37
-26
-35
8
-2
-1
-5
-11
-2
-33
-32
-18
-17
-4
36
33
16
-27
-25
-16
-7
21
15
29
24
57
80
84
112
157
168
159
149
150
162
157
158
168
168
161
132
100
87
70
49
42
21
34
33
29
31
44
59
69
93
99
85
79
109
69
52
47
46
20
-13
-45
-76
-99
-139
-152
-183
-182
-188
-188
-185
-188
-181
-165
-152
-144
-149
-152
-133
-138
-128
-127
-95
-97
-90
-80
-90
-89
-107
-121
-143
-176
-181
-157
-164
-149
-149
-133
-108
-100
-64
-44
-30
-21
-4
22
60
79
114
124
117
128
132
153
138
141
135
129
145
129
139
149
155
148
138
145
162
137
134
117
91
79
28
15
9
16
-6
-21
-12
-21
-30
-40
-53
-62
-51
-41
-45
-75
-105
-137
-171
-158
-164
-151
-136
-124
-103
-94
-80
-83
-70
-66
-71
-65
-54
-23
20
52
57
56
43
57
65
81
77
77
83
56
53
62
68
89
96
93
117
118
88
91
60
56
57
44
71
105
123
96
78
70
85
82
49
10
-10
-38
-65
-63
-79
-79
-82
-78
-91
-91
-58
-21
0
-10
15
23
25
22
4
-15
-1
31
18
12
2
4
-13
4
1
3
13
-2
6
-3
12
2
-13
-5
-6
-3
-6
-21
-28
-35
-16
-19
-29
-35
-39
-33
-32
-15
-35
-31
-41
-77
-102
-99
-81
-64
-57
-41
-21
-31
-31
-12
3
16
66
89
105
138
115
108
93
64
81
92
94
99
97
106
117
130
122
109
115
108
85
78
83
67
68
68
60
70
76
64
13
-19
-34
-71
-81
-99
-98
-115
-141
-160
-169
-185
-201
-191
-193
-186
-183
-197
-185
-142
-111
-127
-103
-75
-47
-67
-89
-83
-96
-113
-124
-110
-99
-68
-74
-89
-95
-95
-88
-83
-84
-80
-56
-52
-38
-31
-9
-6
12
26
40
68
86
114
115
111
109
118
118
118
163
191
197
189
182
175
174
181
213
237
256
280
262
259
249
215
209
195
158
102
98
50
49
28
8
2
-13
-19
-34
-40
-26
-28
-64
-72
-76
-55
-56
-60
-69
-83
-77
-93
-104
-93
-86
-92
-93
-88
-100
-115
-115
-116
-108
-118
-106
-100
-98
-110
-143
-142
-152
-178
-179
-156
-142
-154
-141
-130
-117
-78
-68
-65
-41
-31
-11
4
18
33
50
55
55
61
47
53
44
22
18
7
15
-25
-29
-40
-65
-30
-15
-16
-25
-25
-47
-31
-34
-53
-23
-20
-38
-42
-46
-35
-11
-34
0
37
49
76
87
102
124
118
108
96
81
89
90
81
85
92
86
89
90
80
84
94
96
100
106
135
150
160
165
165
154
154
138
121
104
68
64
47
48
59
66
38
32
41
4
13
2
9
24
-8
-5
-6
-33
-56
-83
-73
-90
-113
-112
-128
-118
-107
-103
-88
-58
-66
-74
-78
-81
-52
-64
-53
-41
-75
-98
-101
-106
-126
-110
-106
-103
-93
-93
-50
-31
-40
-45
-53
-37
-21
6
-3
-1
8
10
5
-2
21
17
33
37
26
24
18
0
-16
-25
-43
-52
-60
-64
-43
-15
-3
38
38
44
44
28
42
65
53
69
84
64
66
72
70
62
67
89
131
141
119
84
72
55
62
62
63
56
8
-16
-34
-66
-109
-103
-91
-75
-53
-63
-53
-45
-38
-58
-54
-33
-11
-1
-20
-10
14
9
9
7
21
15
-8
-18
-14
-5
-10
-14
-28
-17
-11
-8
6
5
20
16
17
26
33
37
19
25
32
25
25
-10
11
7
-4
40
37
46
49
43
36
-10
-9
-25
-47
-47
-50
-38
-39
-31
-14
5
-3
-12
-23
-13
-2
-2
1
10
24
40
40
45
74
62
36
41
21
3
-21
-39
-42
-58
-85
-75
-78
-95
-85
-102
-105
-95
-58
-42
-46
-59
-80
-70
-68
-52
-30
-18
14
41
58
75
54
52
56
42
48
36
44
43
31
70
97
119
114
91
69
50
53
31
51
42
46
43
21
26
0
-21
-24
-29
-34
-46
-53
-67
-66
-88
-117
-131
-161
-160
-154
-150
-117
-116
-109
-98
-93
-70
-41
-23
-23
-16
-1
13
21
-6
-3
4
-15
-18
-29
-33
-56
-53
-36
-26
1
30
41
66
96
111
121
113
91
86
104
113
128
109
124
137
118
134
141
181
202
216
225
220
212
153
128
104
52
40
47
40
49
54
43
30
33
6
-14
-33
-48
-70
-94
-67
-75
-66
-85
-106
-116
-126
-160
-160
-162
-161
-157
-186
-189
-174
-166
-144
-145
-131
-93
-87
-67
-77
-73
-53
-34
-27
-28
0
17
32
41
23
52
67
68
85
75
95
109
109
117
128
139
141
155
151
160
146
115
114
87
81
67
63
46
43
54
40
20
0
-18
-23
-54
-69
-88
-120
-114
-117
-135
-139
-115
-104
-119
-128
-130
-127
-126
-136
-154
-172
-174
-174
-152
-126
-91
-73
-76
-80
-79
-66
-69
-62
-51
-54
-66
-60
-49
-43
-28
-28
-11
6
10
11
-4
0
-20
-24
-1
4
24
26
34
62
96
115
122
132
139
130
131
127
147
145
146
155
151
155
154
166
172
186
209
226
240
220
207
174
148
150
140
128
131
112
73
64
49
34
26
27
11
11
16
47
38
34
9
-18
-24
-39
-51
-47
-57
-74
-74
-91
-85
-88
-102
-103
-130
-147
-151
-165
-162
-170
-167
-175
-170
-142
-146
-141
-133
-134
-137
-143
-114
-93
-86
-73
-85
-107
-96
-96
-82
-70
-67
-49
-47
-33
-15
-26
-35
-34
-33
-13
-23
-38
-45
-55
-61
-50
-1
21
59
61
48
67
81
90
108
113
92
77
57
64
50
62
84
80
100
74
71
62
59
46
21
26
-10
-1
-19
-56
-74
-91
-98
-122
-136
-126
-122
-108
-83
-81
-67
-45
-48
-53
-46
-23
10
9
17
8
26
53
51
75
83
108
102
100
112
104
119
116
129
149
136
127
123
102
68
79
104
105
130
127
132
129
102
95
93
90
91
55
36
40
30
28
7
4
0
1
2
13
-12
-21
1
-5
-32
-56
-74
-94
-84
-88
-74
-67
-79
-112
-133
-100
-83
-121
-109
-119
-105
-95
-69
-82
-102
-99
-112
-89
-72
-47
-101
-113
-104
-77
-72
-75
-65
-85
-82
-75
-45
-14
24
29
33
52
71
47
50
72
82
127
116
128
121
103
79
41
47
58
71
71
78
111
117
115
109
78
90
82
79
122
118
103
79
60
55
26
0
-40
-54
-67
-68
-84
-67
-51
-51
-37
-31
-11
-13
-15
-30
-32
-21
-14
-16
-32
-17
-26
-32
-48
-53
-34
-42
-35
-35
-31
-49
-59
-69
-95
-80
-115
-110
-80
-76
-69
-82
-81
-91
-78
-72
-67
-58
-31
-27
-22
-21
-20
-40
-84
-88
-70
-97
-126
-102
-97
-77
-64
-52
-26
-22
-8
8
40
49
54
65
77
84
88
106
112
123
125
99
78
77
71
77
85
109
100
93
111
111
119
130
133
132
154
146
121
102
86
90
60
37
17
-1
-1
1
-20
-16
-13
-12
-29
-22
-4
-5
0
18
33
24
30
-9
-23
-27
-23
-17
-22
-1
2
-13
-26
-22
9
20
34
26
21
29
19
8
-10
2
-22
-40
-63
-66
-59
-55
-49
-38
-38
-46
-78
-85
-91
-105
-115
-111
-79
-114
-134
-113
-94
-83
-106
-84
-68
-55
-61
-60
-55
-43
-28
-27
-18
2
14
7
7
24
23
17
22
23
59
70
57
44
39
57
31
14
21
16
8
-9
-5
-15
-31
-53
-43
-48
-46
-32
-19
-13
-7
7
30
31
18
10
-15
-29
-21
-6
-8
10
1
4
13
11
-5
-21
-11
0
5
26
32
47
44
23
30
37
63
68
63
67
77
76
74
63
51
51
47
56
55
62
57
48
44
52
48
33
27
19
31
11
0
4
10
25
47
77
83
108
99
90
96
78
63
69
63
68
77
77
50
33
11
1
-12
-36
-29
-26
-18
-24
-42
-65
-67
-62
-80
-59
-64
-77
-82
-88
-98
-99
-114
-117
-128
-120
-120
-143
-132
-145
-147
-152
-160
-160
-135
-138
-118
-103
-77
-60
-70
-76
-55
-29
-21
-2
20
33
45
58
67
65
59
62
55
65
58
44
52
67
79
73
89
83
66
56
53
63
65
61
59
53
50
50
43
40
46
52
49
54
59
48
16
5
19
38
46
58
78
68
60
21
6
7
2
-9
-5
12
11
-1
0
-18
-29
-26
