578
507
471
415
365
312
276
237
188
174
108
64
77
29
24
3
-54
-106
-160
-223
-277
-311
-303
-316
-359
-342
-307
-275
-276
-253
-226
-245
-220
-209
-196
-199
-224
-244
-289
-301
-355
-371
-413
-476
-516
-591
-630
-653
-676
-708
-691
-671
-636
-620
-575
-556
-502
-442
-403
-339
-276
-146
-67
40
127
219
325
393
444
504
556
549
546
546
522
477
447
361
311
258
242
244
247
278
286
284
304
326
345
385
400
409
403
404
420
425
432
401
392
361
322
271
201
160
116
35
0
-69
-145
-232
-312
-324
-347
-348
-371
-335
-393
-409
-431
-459
-464
-478
-465
-454
-415
-358
-305
-233
-163
-95
1
58
141
248
339
391
427
489
490
526
533
560
569
545
473
477
412
320
238
117
37
-41
-102
-183
-202
-204
-207
-169
-177
-191
-202
-233
-284
-316
-333
-393
-403
-445
-396
-406
-323
-254
-222
-166
-122
-111
-118
-67
-99
-39
-6
9
29
50
13
34
52
20
26
-12
-44
-93
-74
-121
-106
-129
-124
-157
-144
-154
-141
-162
-191
-142
-182
-187
-198
-225
-221
-178
-174
-118
-104
-63
5
104
205
260
323
367
388
397
447
485
486
538
522
560
537
508
507
448
454
418
364
309
258
226
140
54
13
-114
-124
-214
-244
-240
-273
-344
-378
-404
-435
-451
-450
-412
-387
-357
-330
-267
-211
-116
-50
41
103
179
202
229
237
223
200
207
191
179
142
115
131
68
51
-15
-34
-84
-138
-175
-239
-291
-298
-309
-325
-292
-269
-274
-264
-262
-293
-289
-261
-262
-271
-225
-205
-195
-182
-183
-160
-114
-110
-70
-31
-28
16
59
101
164
156
177
160
161
198
197
229
246
296
333
348
349
365
380
381
441
465
454
457
414
411
414
419
400
373
336
268
226
156
149
106
62
45
35
23
-12
-23
-32
-78
-80
-89
-103
-106
-149
-162
-155
-159
-173
-168
-191
-221
-245
-265
-317
-331
-342
-379
-378
-375
-343
-298
-286
-245
-222
-221
-203
-221
-212
-213
-208
-163
-148
-116
-128
-122
-125
-126
-94
-103
-80
-19
-19
-3
30
80
133
170
151
160
177
131
129
102
108
88
41
29
31
59
41
73
56
29
22
-11
-22
2
-4
51
99
90
139
127
115
77
69
70
74
89
80
121
156
169
184
196
222
202
211
215
225
210
238
227
173
174
112
60
15
-39
-31
-82
-84
-62
-92
-99
-78
-94
-143
-128
-138
-126
-139
-117
-135
-148
-132
-148
-129
-127
-120
-75
-81
-66
-21
-6
28
40
51
92
65
127
124
114
107
60
57
26
14
-35
-29
-43
-90
-102
-147
-182
-236
-288
-301
-337
-339
-328
-289
-277
-255
-276
-272
-282
-283
-256
-212
-169
-147
-85
-20
33
41
88
120
136
166
198
207
241
287
299
312
308
346
361
412
434
470
510
492
501
467
446
422
368
278
225
134
59
-13
-72
-129
-176
-167
-184
-166
-184
-195
-207
-254
-245
-232
-237
-216
-150
-134
-121
-137
-130
-125
-172
-193
-250
-250
-308
-337
-310
-284
-272
-248
-198
-189
-156
-155
-149
-124
-124
-119
-98
-99
-84
-68
-40
-30
13
82
127
216
269
314
318
346
334
336
381
383
397
416
437
444
485
483
501
476
476
489
454
454
414
386
332
283
180
62
-32
-138
-233
-317
-340
-423
-465
-519
-589
-605
-643
-619
-614
-622
-579
-567
-513
-476
-465
-436
-430
-434
-424
-390
-361
-330
-292
-237
-201
-183
-117
-56
-12
73
104
170
204
225
296
337
413
447
454
451
404
386
333
322
280
258
242
202
182
172
148
104
103
109
110
110
111
154
141
161
171
146
143
123
118
124
130
157
168
174
220
178
122
76
68
-14
-40
-70
-104
-103
-118
-82
-81
-86
-38
-7
18
40
73
66
64
70
44
14
3
-42
-58
-87
-123
-139
-164
-169
-170
-167
-189
-188
-179
-189
-198
-207
-205
-205
-212
-195
-241
-233
-213
-220
-215
-216
-166
-164
-106
-74
-98
-85
-111
-111
-116
-130
-136
-155
-200
-221
-230
-232
-191
-140
-112
-83
-94
-78
-99
-77
-105
-75
-59
-37
15
20
64
102
100
123
141
107
155
167
199
209
220
281
289
289
335
366
386
373
390
366
370
354
366
374
313
327
325
331
315
297
300
312
337
351
374
365
375
340
345
327
261
239
192
111
32
-57
-128
-163
-221
-249
-257
-294
-315
-326
-322
-330
-335
-353
-381
-409
-471
-490
-504
-498
-470
-463
-405
-381
-373
-371
-389
-403
-438
-436
-450
-428
-386
-387
-326
-308
-263
-267
-246
-204
-193
-172
-109
-86
-29
12
63
120
166
223
295
318
329
368
378
383
365
407
403
380
385
356
309
304
276
268
251
243
230
228
210
190
177
159
154
119
98
122
90
105
109
113
147
158
172
165
165
102
108
94
74
98
122
140
153
154
153
131
115
48
23
-26
-36
-57
-83
-57
-40
-33
1
15
19
26
-34
-71
-100
-118
-159
-172
-224
-269
-319
-358
-348
-338
-322
-329
-313
-336
-360
-347
-327
-281
-275
-268
-213
-234
-172
-140
-104
-80
-86
-61
-82
-78
-115
-114
-132
-119
-134
-132
-89
-119
-84
-75
-118
-95
-63
-47
-40
-1
-18
-18
-7
-18
23
82
118
173
242
299
355
402
467
442
451
464
450
495
493
508
453
420
373
283
214
134
101
55
3
-45
-104
-155
-155
-190
-211
-216
-246
-279
-303
-327
-352
-353
-368
-343
-345
-348
-324
-326
-329
-317
-293
-267
-239
-179
-130
-71
-30
-30
61
135
178
272
331
359
414
372
396
421
416
439
450
438
440
401
366
325
301
270
252
217
151
181
116
110
112
136
123
122
128
95
86
78
80
42
8
-62
-75
-141
-154
-151
-182
-156
-193
-165
-159
-150
-141
-127
-136
-147
-120
-160
-168
-208
-236
-242
-287
-293
-334
-387
-431
-483
-508
-528
-516
-471
-464
-422
-377
-313
-256
-219
-145
-114
-68
-34
-18
-18
-10
6
19
1
-11
4
4
3
40
53
56
66
52
62
79
102
131
160
166
177
176
171
177
168
122
102
65
20
-15
-35
12
48
91
201
267
319
353
433
481
531
627
626
661
654
660
639
573
522
467
429
321
266
193
85
47
12
-40
-85
-135
-218
-234
-301
-345
-426
-476
-487
-533
-531
-512
-448
-475
-431
-398
-356
-339
-276
-220
-183
-114
-99
-60
-33
-34
-85
-72
-28
-27
16
41
47
72
82
121
108
144
109
99
126
129
118
125
103
115
114
89
140
107
59
38
-24
-94
-119
-203
-224
-218
-187
-149
-187
-172
-169
-145
-117
-142
-68
-80
-21
-2
-5
41
38
91
93
111
88
108
65
52
84
88
100
123
88
87
53
-51
-38
-91
-72
-76
-63
-26
9
70
90
89
60
68
38
-1
-23
-73
-58
-96
-98
-66
-8
-22
-42
-17
-26
-76
-102
-145
-187
-152
-141
-96
-52
-24
0
60
55
112
147
206
188
191
148
147
106
122
183
133
152
197
209
158
190
189
148
116
100
26
49
6
-53
-5
-15
-66
-3
-43
-14
-28
-55
-41
-64
29
9
7
62
94
116
45
-8
30
-40
-32
-13
-52
-8
16
28
44
21
4
-6
-40
-13
-55
-162
-142
-200
-251
-235
-179
-162
-100
-70
-35
15
35
31
-18
-5
-15
-43
-49
-33
-14
-56
-14
-100
-224
-301
-308
-419
-359
-338
-339
-265
-268
-238
-279
-203
-164
-109
-109
-102
-67
41
74
92
94
148
212
234
317
336
388
409
384
373
327
287
254
304
219
157
133
108
15
-13
-89
-218
-239
-297
-259
-249
-252
-287
-272
-205
-118
-69
-11
72
50
80
70
79
124
135
172
210
281
303
289
396
513
564
564
494
432
369
376
378
329
285
209
195
209
233
157
193
207
147
39
14
173
164
95
7
35
164
180
104
-15
-95
-80
-118
-228
-443
-497
-337
-348
-480
-492
-363
-321
-378
-436
-324
-286
-296
-322
-343
-311
-485
-512
-465
-365
-314
-366
-374
-304
-305
-399
-507
-626
-514
-426
-367
-287
-329
-278
-233
-261
-324
-331
-163
-373
-459
-322
71
239
-218
-570
-469
59
189
-216
-592
-226
427
550
13
-557
-158
877
926
310
-18
512
1158
751
53
134
884
1236
930
588
770
1015
1036
971
994
1181
1343
928
896
1156
1291
1062
691
1043
1285
840
405
617
831
575
172
47
246
152
-82
-149
-176
-128
-256
-473
-540
-501
-705
-931
-873
-670
-641
-1000
-917
-667
-771
-827
-946
-840
-939
-1603
-1664
-1139
-411
-792
-1875
-2123
-1504
-998
-1485
-2381
-2324
-1172
-596
-1169
-2113
-2115
-923
-203
-792
-1462
-1216
-46
376
-310
-660
40
1295
1661
995
713
1413
2174
2193
1801
1820
2420
2604
2270
1979
2130
2606
2619
2189
1953
1999
1974
1716
1410
1366
1552
1527
1220
932
894
904
591
304
174
-59
-315
-710
-742
-641
-759
-1030
-1329
-1444
-1607
-1635
-1806
-1835
-1842
-1949
-1974
-1933
-1884
-2036
-1998
-1880
-1646
-1581
-1489
-1246
-1018
-821
-822
-634
-369
-138
-112
34
251
475
530
427
347
288
317
487
673
511
120
14
200
413
203
-181
-261
-175
-30
-241
-554
-583
-36
275
94
-44
68
401
428
239
253
629
1100
1134
1054
1191
1535
1623
1507
1418
1482
1455
1205
985
990
1266
1364
1231
1110
1120
1230
1225
836
610
642
710
518
119
-44
63
38
-96
-492
-687
-851
-890
-914
-1119
-1073
-1132
-1075
-1172
-1347
-1311
-1204
-987
-1051
-1106
-1189
-1053
-919
-1084
-1013
-978
-723
-785
-990
-1787
-1699
-1175
-145
-198
-1594
-1957
-1307
-246
-354
-1598
-2428
-1093
96
10
-1838
-2809
-995
897
412
-1245
-1718
244
2009
863
-468
-1
2300
3522
2106
670
1380
3023
3390
2383
1628
2399
3327
2935
1997
1570
2374
3082
2417
1660
1308
1550
1789
1184
544
505
728
939
494
-254
-325
65
239
-181
-987
-845
-550
-684
-1143
-1363
-1000
-776
-1162
-1594
-1247
-850
-910
-1327
-1385
-954
-946
-1254
-1274
-952
-522
-731
-1026
-1085
-1042
-946
-1116
-1137
-1081
-1130
-1175
-1018
-1197
-1138
-2178
-2701
-1937
-701
123
-1767
-3396
-2938
-1090
-407
-1893
-3888
-2633
29
697
-1390
-4059
-2732
1391
2541
18
-2278
-728
3331
3594
634
-900
1798
5360
4873
1377
146
2799
5454
4869
2160
1455
3461
4656
3402
1510
1618
3711
3995
2216
643
958
2700
2608
1187
186
839
1620
873
-688
-1510
-613
-55
-552
-1979
-2222
-1306
-1099
-2111
-3057
-2150
-1000
-1502
-2660
-2751
-1599
-877
-1742
-2295
-1684
-707
-857
-1537
-1568
-596
1
-532
-1022
-906
-141
1
-408
-452
-117
267
293
80
13
-106
-597
-1253
-1043
-443
252
-473
-1861
-2387
-1772
-628
-922
-2480
-2936
-1621
-285
-948
-3366
-3725
-1140
1027
-32
-2568
-2578
432
1913
121
-1657
-456
2848
3739
1545
-32
1406
4023
4375
2761
1781
2787
3933
3634
2523
2295
3549
4432
3873
2602
1982
2724
3384
3046
1789
1094
971
1974
1980
518
-285
-387
688
444
-1034
-1710
-1452
-1479
-1118
-1162
-1697
-1958
-2126
-1357
-1001
-2021
-2345
-1578
-1062
-844
-2002
-2503
-1723
-1076
-1169
-1927
-2335
-1931
-1315
-1478
-1419
-1249
-1280
-1368
-1385
-885
-694
-1042
-1688
-3184
-2576
-1496
262
-114
-3029
-3787
-2670
-260
-271
-3231
-4825
-1952
889
215
-3937
-5858
-1264
3315
1573
-3020
-4358
689
4878
1945
-2235
-1534
3998
6910
3380
-788
548
5466
7370
4462
1397
2544
5870
6262
3756
1953
3518
6213
5699
3020
1333
2788
5149
4662
2371
1151
2242
3702
2745
261
-534
1153
2093
875
-1550
-1983
-744
-675
-2032
-2965
-2551
-2176
-2947
-4155
-4104
-3405
-3292
-3885
-4106
-3694
-3409
-3705
-3828
-3341
-2917
-2772
-2996
-2816
-2292
-1939
-2006
-1976
-1617
-1292
-1106
-1153
-1263
-1180
-954
-696
-666
-757
-1410
-1903
-749
345
865
-687
-2121
-1419
293
698
-970
-2916
-2084
704
1207
-1048
-3834
-3063
836
2445
-401
-2783
-1501
2660
3677
300
-1512
1292
5474
5525
1763
-99
2858
6356
6060
3190
1924
4177
6205
5078
2944
2565
4749
5832
4264
2090
1779
3389
4198
2822
988
515
709
1605
862
-812
-1552
-1585
-1013
-1851
-3340
-3357
-3094
-3438
-3188
-3564
-4048
-4294
-4626
-3820
-3135
-3753
-3730
-3410
-2756
-1944
-2545
-2790
-1903
-773
-338
-768
-1366
-959
-57
203
1
-254
-190
320
410
491
398
19
359
-1302
-1177
-249
1530
2126
-1209
-2926
-1879
858
1589
-1123
-3974
-1329
2221
2109
-2312
-5591
-1755
4089
3267
-2228
-4734
-308
5221
2952
-2430
-2801
2893
6647
3446
-2014
-1577
3972
6809
4174
-89
271
4330
5927
3471
564
1437
4862
5580
2757
-99
554
3860
4686
2102
-526
328
2466
2124
73
-1671
-203
1049
229
-2098
-3193
-2112
-1221
-2455
-3852
-2932
-2678
-3231
-4330
-4043
-2374
-2667
-3950
-3503
-2493
-1748
-2707
-3574
-2107
-423
-557
-1697
-1985
-1086
-20
-264
-695
-499
-209
176
139
-9
286
143
566
968
738
-319
-1664
-511
1047
1216
-296
-1843
-1383
-81
282
-896
-2171
-2193
-171
820
-308
-2249
-2924
-585
1678
1065
-1497
-2060
707
3189
1756
-1164
-784
2928
5116
3140
37
616
4145
5666
3956
1519
2242
4919
5187
3153
1401
2318
4454
4379
2367
778
1292
2748
2776
1438
282
426
1038
115
-666
-838
-586
-586
-1783
-2187
-2143
-2056
-2445
-3519
-3776
-2087
-1806
-3595
-4530
-3651
-1614
-1679
-3746
-3685
-1658
-179
-1129
-2971
-2232
140
761
-731
-1554
-965
512
555
-324
-477
84
565
140
-417
-249
603
585
401
-680
-2247
-1590
175
2104
626
-2988
-3303
-497
1961
716
-3171
-3777
154
2463
368
-4227
-4729
322
3611
393
-3962
-3801
1198
4191
400
-3558
-1855
3694
5519
1463
-2292
-74
4846
5946
2660
-139
1819
5480
5650
2735
1079
3008
5797
5106
2138
771
2410
4869
4400
1633
310
1399
2938
2209
-181
-878
724
1479
-47
-2415
-2353
-477
-58
-1839
-3449
-3056
-1626
-1971
-3769
-3987
-2675
-1795
-2724
-3895
-3602
-2246
-2061
-2747
-3043
-2397
-1470
-1634
-2060
-1768
-1000
-678
-777
-954
-779
-603
-580
-387
-226
-364
-225
-243
199
-510
-1714
-1034
432
1714
-76
-1995
-1725
92
686
-794
-2858
-2185
335
828
-940
-3405
-2926
108
1643
-165
-2145
-1827
1253
2509
231
-1364
750
4271
4868
1746
-137
2447
5706
5802
3130
1927
4108
5728
4447
2162
2269
4607
5280
3184
888
989
2844
3261
1730
31
-36
1054
1048
-632
-2021
-1662
-625
-407
-1934
-3394
-3064
-1955
-1408
-2582
-3725
-3114
-2306
-2496
-3431
-3262
-2129
-1737
-2339
-2670
-1897
-1139
-1251
-1588
-1240
-566
-797
-1501
-972
152
456
-517
-1151
-350
731
1056
512
244
544
789
538
71
41
-946
-639
526
1645
831
-2436
-2810
-528
1268
-185
-3792
-4449
-412
1875
-520
-4664
-5037
-177
3048
-285
-4668
-3907
1224
4242
315
-4079
-2057
3818
5818
1825
-2325
-113
5042
6484
2884
-78
1835
5559
5868
2454
719
2849
5993
5383
1968
170
1939
4583
4132
1045
-221
1505
3287
2085
-1237
-1155
936
2041
-31
-2773
-2379
-674
-338
-2403
-4050
-3543
-1429
-1940
-4360
-4693
-2980
-1206
-2311
-4555
-3912
-1994
-1147
-2164
-3310
-2100
-7
24
-1496
-1581
-699
332
101
-459
-521
-245
253
299
-184
-356
146
457
585
-1420
-1738
-531
1402
2453
-1099
-3026
-1446
1829
2193
-1379
-4535
-1789
2270
2006
-2050
-5395
-2292
2862
2367
-2266
-4375
-1137
3983
2959
-1873
-2974
1484
5795
4472
-267
-1392
3114
6469
4765
971
386
3597
5582
3763
909
1347
4067
4907
2164
-313
616
3338
3877
1198
-621
389
2761
2386
-585
-1940
-10
2059
892
-1980
-3063
-921
569
-994
-3410
-3396
-1531
-795
-2848
-4096
-2945
-1178
-1130
-3029
-3726
-2358
-801
-1363
-2729
-2822
-1684
-482
-826
-1822
-1529
-646
-342
-630
-1180
-681
150
111
-622
-1278
-677
548
587
-457
-2323
-1893
-316
1016
254
-2153
-2236
-891
446
-464
-2531
-3026
-336
1270
-324
-3203
-3881
-810
1757
-97
-2718
-2385
626
2706
484
-1988
-513
3544
4960
2239
-555
804
4220
5197
3445
1888
2582
4463
4533
2990
2281
3392
4722
4213
2792
1658
2419
3924
3713
2182
1044
1784
3106
2534
486
-258
1022
2161
1183
-958
-1398
262
865
-927
-2749
-2060
-202
-595
-2754
-3721
-2410
-1094
-2075
-3617
-3604
-2255
-1687
-2502
-3308
-2650
-1568
-1669
-2200
-2487
-1979
-1559
-1861
-2094
-2361
-1910
-1543
-1746
-1656
-1867
-1688
-1381
-1112
-1609
-3025
-2540
-1325
-82
-754
-2575
-2068
-712
360
-565
-2584
-2546
6
1265
-259
-2797
-3307
-207
2293
753
-1494
-1687
1369
3596
1190
-1290
217
4153
5464
2242
-440
1301
5090
5712
2883
1240
2680
5175
4580
2312
1858
3654
4996
3576
1545
1349
2992
4357
3282
1417
704
1768
2811
1837
285
-60
1220
1935
599
-1093
-1623
-153
451
-1165
-2562
-2251
-688
-1133
-2721
-3505
-2251
-929
-1646
-3149
-3742
-2528
-1785
-2250
-2971
-3049
-1980
-1631
-2193
-2575
-2350
-1724
-1520
-1600
-1747
-1728
-1094
-678
-1172
-1283
-1104
-350
-474
-861
-1489
-1805
-675
-205
-48
-878
-1369
-995
-316
-211
-778
-1716
-1075
538
623
-1107
-2917
-1895
971
1849
-455
-2276
-1192
2313
2526
-73
-944
1673
4728
3847
597
-220
3125
5891
4659
1655
1002
3539
5200
3931
1979
2141
4052
4771
3384
1560
1732
3304
3862
2831
1274
916
1888
2199
1046
-57
-29
650
85
-1707
-2383
-1687
-1098
-2012
-3474
-3415
-2674
-2859
-4049
-4275
-3178
-2469
-3163
-4192
-3757
-2510
-2011
-2744
-3297
-2778
-1676
-1373
-1765
-1842
-1377
-587
-311
-774
-1048
-632
182
612
-63
-664
-167
836
1249
407
-228
-527
47
458
439
973
230
-359
-871
-249
841
463
-1257
-1083
670
1162
-360
-2832
-1795
1602
2595
52
-2244
-1031
2667
3166
406
-735
1540
4252
3549
614
133
2671
4860
4029
1621
1215
3094
4362
3472
2054
1885
3116
3734
2658
1077
783
2030
2827
1668
39
-621
484
1272
-135
-1469
-1768
-809
-848
-2147
-3223
-2744
-2093
-2308
-3134
-3585
-3294
-3352
-3679
-3367
-2896
-3032
-3398
-3499
-2738
-2047
-2118
-2177
-1730
-1056
-1017
-1176
-803
30
483
313
-43
195
740
1072
1166
1153
1335
820
783
1272
1558
1261
802
437
-145
544
593
1521
998
-723
-984
-556
604
426
-1405
-2156
-98
986
-144
-2655
-3064
-53
1971
106
-2283
-2334
1012
2964
547
-1712
-361
2863
3823
1611
-226
1424
4024
4481
2127
854
2265
4131
3868
1784
1077
2267
3740
2861
888
260
1413
2810
2051
17
-802
416
1615
752
-1577
-2369
-950
-39
-936
-2710
-2972
-1460
-1006
-2450
-3566
-3264
-1838
-1683
-2872
-3506
-2856
-1935
-1955
-2427
-2513
-1621
-1192
-1435
-1726
-1278
-604
-464
-779
-650
-256
-91
-9
-104
512
985
686
51
-163
403
1092
827
510
286
505
628
-789
-657
187
1808
1605
-683
-1710
-668
1166
1123
-1073
-2453
-198
1614
925
-1952
-2848
293
3064
1439
-1842
-2270
1468
4075
1641
-1900
-916
3390
4870
1990
-1148
406
3985
4375
1424
-734
951
3662
3188
760
-591
891
2539
1747
-44
-920
324
1777
1223
-685
-1390
-94
1539
808
-1448
-2264
-693
1100
305
-1711
-2155
-777
3
-1251
-2506
-1919
-924
-1236
-2256
-2670
-1607
-764
-1108
-1715
-1712
-1058
-875
-1244
-1256
-715
-440
-407
-481
-570
-440
-285
-156
50
-42
-193
-192
113
175
140
122
635
1120
779
35
424
172
168
184
626
1871
527
-708
-643
901
1919
652
-1833
-1128
1301
1721
-406
-2806
-1355
1980
1381
-1495
-2673
-318
2828
1678
-1789
-2488
995
3499
1985
-1343
-1642
1273
3121
1525
-772
-652
1779
2739
744
-1295
-563
2223
3002
809
-1327
-1049
1407
2236
391
-1309
-568
1518
1640
-681
-2044
-257
1491
995
-1422
-2370
-483
1036
1
-2077
-2255
-623
524
-632
-2070
-1645
-51
416
-731
-1702
-620
846
537
-608
-1138
-194
887
549
-162
-314
307
767
402
13
85
514
449
44
203
218
378
321
102
149
362
244
-1017
-891
-16
1310
931
-1153
-1947
-688
992
152
-2032
-3015
-433
1237
-35
-3052
-3681
-596
1862
18
-2903
-3052
125
2457
-8
-2634
-1856
1820
3361
851
-2047
-1167
2320
3504
1515
-825
-161
2383
3148
1314
-356
750
2798
3168
1043
-616
383
2583
2969
899
-443
276
2094
2203
202
-659
256
1361
891
-732
-877
-15
710
-365
-1247
-709
124
9
-1091
-1057
-372
-4
-950
-1482
-1233
-322
-179
-1265
-1633
-1255
-497
-414
-896
-1270
-1029
-156
-170
-594
-1339
-755
374
642
-408
-1122
-407
916
1098
109
-233
389
1325
403
-1015
-748
960
2111
154
-2095
-1880
120
1164
-90
-2541
-2078
-158
602
-830
-3178
-2314
368
930
-1403
-3382
-2399
774
1125
-1695
-3265
-1088
1691
1421
-1671
-2249
397
2530
1399
-1458
-1250
1464
3162
1368
-805
146
2385
3326
1311
-438
824
2980
3626
1783
361
1067
3002
3392
1559
-132
328
2211
2273
853
-359
288
1713
1092
-577
-960
263
1632
580
-1071
-1189
666
1881
606
-462
-209
685
998
-102
-809
-34
780
688
-298
-635
-241
529
600
82
-405
-698
-255
-58
-299
-796
-822
-313
-209
-778
-1241
-1454
-863
-1792
-2469
-2431
-1453
-643
-2488
-3694
-3594
-1809
-1518
-3003
-4560
-3822
-1831
-1710
-3026
-4127
-2968
-1086
-1064
-2628
-3231
-1769
331
50
-1748
-2436
-554
1673
1425
-104
-570
1281
3251
2700
1170
1138
2917
4364
3538
2387
2470
4160
4957
4026
2832
2849
4454
4757
3862
2338
2268
3636
3747
2650
1452
1583
2424
2683
1329
188
671
1792
1461
-136
-846
-32
558
-304
-1561
-1628
-570
-454
-1369
-1978
-1445
-830
-1027
-1557
-1407
-1004
-1220
-1651
-1424
-617
-908
-1232
-1495
-1271
-834
-962
-1151
-1303
-1016
-1180
-1327
-1491
-1222
-1305
-1503
-1557
-1500
-1883
-2378
-2053
-1649
-602
-1581
-2828
-2831
-1844
-1108
-1617
-3316
-3185
-1544
-794
-1578
-3605
-3408
-1321
198
-1041
-2587
-2448
-72
1004
-582
-1766
-554
2147
2723
758
-139
1581
3633
3621
2027
1319
2999
4552
3798
2496
2304
3613
4421
3484
2262
2008
2848
3783
3118
2315
1650
2022
2811
2401
1571
1446
2175
2420
1603
424
484
1593
1799
635
-130
197
1126
714
-371
-762
-90
412
-502
-1506
-1546
-754
-486
-1540
-2380
-1941
-1468
-1136
-1812
-2224
-1924
-1602
-1619
-2037
-2484
-2399
-1795
-1637
-1892
-2304
-2316
-1680
-1209
-1475
-2148
-2010
-1366
-917
-2047
-2809
-2177
-708
-273
-1871
-2826
-2095
-766
-778
-1822
-2825
-1694
-331
-369
-1604
-2560
-1368
72
230
-805
-1435
-218
1274
1108
-186
-389
1416
2890
2595
1152
988
2653
4033
3352
2109
1999
3272
4429
3566
1990
2006
3289
4230
3586
2015
1696
2517
3359
2949
1796
1643
2422
2937
1872
470
499
1386
2055
1365
105
-264
219
661
42
-666
-627
-373
-425
-877
-1494
-1600
-1155
-984
-1290
-1774
-2022
-1991
-1839
-1835
-1870
-2149
-2105
-1847
-1951
-2188
-2333
-2131
-1718
-1894
-2139
-2263
-2105
-1744
-2068
-2218
-2210
-1716
-1641
-2007
-2150
-1729
-1290
-1247
-1994
-2465
-1835
-1027
-557
-1159
-1733
-1628
-870
-562
-815
-1325
-969
166
541
133
-913
-671
1050
2011
1361
101
303
2281
3045
2015
739
1574
3276
3549
2339
1621
2560
3979
3874
2607
2187
3006
3957
3644
3013
2505
2994
3501
3262
2912
2312
2504
2891
3062
2694
1835
1564
1732
1882
1480
767
256
604
936
412
-313
-808
-515
-183
-549
-1490
-1710
-1582
-1237
-1487
-2312
-2639
-2126
-1679
-2118
-2945
-3319
-2820
-2213
-2512
-3472
-3829
-3192
-2499
-2687
-3286
-3420
-2606
-2081
-2408
-3021
-3079
-2207
-1884
-2281
-2503
-2275
-1771
-1798
-2452
-2797
-1811
-818
-646
-1656
-2356
-1538
-281
-134
-1044
-1721
-820
1027
669
-1020
-1685
50
2277
2150
189
-498
1490
3642
2835
850
644
3249
4867
3559
1371
1515
4043
5188
4030
2279
2669
4216
4636
3250
2124
3064
4364
4593
3057
1999
2688
3765
4115
2805
1771
2074
2841
2871
1587
796
1070
1559
1315
-46
-834
-144
252
-279
-1411
-2111
-1731
-1372
-1891
-2796
-2755
-2490
-2452
-3025
-3345
-3253
-3353
-3457
-3721
-3773
-3500
-3404
-3593
-3615
-3523
-3115
-2904
-3073
-3008
-2801
-2635
-2634
-2520
-2585
-2173
-1792
-1794
-1729
-1639
-1157
-928
-738
-826
-969
-502
-186
-385
-171
155
190
357
250
603
1179
969
562
538
1258
1765
1638
813
750
1652
2289
2240
1408
1466
2399
2980
2380
1624
1767
3029
3326
2417
1557
2095
3227
3211
2206
1469
2013
2819
2845
2057
1523
1779
2321
2205
1730
1373
1519
1732
1578
1212
783
918
1022
896
444
-186
-157
452
211
-520
-1107
-928
-380
-566
-1321
-1726
-1714
-1376
-1330
-1884
-2168
-2043
-1617
-1875
-2367
-2467
-2275
-1850
-1961
-2373
-2651
-2310
-1839
-1988
-2354
-2404
-2143
-1861
-1992
-2527
-2650
-2142
-1672
-1653
-2145
-2177
-1676
-1353
-1408
-1602
-1295
-712
-411
-361
-1020
-1227
-343
574
805
35
-823
-578
549
1170
509
-782
-225
1275
1713
471
-823
-105
2052
2950
1385
322
1093
3131
3436
1696
1022
2510
4180
4075
2366
2003
3082
4274
3993
2891
2456
3026
3755
3530
2838
2164
2467
3114
2937
2075
1348
1538
2290
1949
785
245
588
1398
881
-524
-903
-534
-21
-727
-1835
-2070
-1729
-2014
-2792
-2900
-2748
-2459
-3239
-3706
-3512
-3565
-3661
-3896
-3776
-3534
-3671
-3960
-3716
-3331
-3051
-3183
-3334
-3083
-2946
-2811
-2614
-2215
-2012
-1594
-1433
-1399
-1026
-913
-483
-296
-52
124
110
264
629
861
810
1169
1559
1795
1822
1798
2143
2421
2436
2640
2561
2474
2513
2430
2952
3214
2948
2336
2028
2331
2592
2107
1353
1516
2258
2132
1167
434
986
2254
1784
358
-299
724
1827
1041
-434
-666
773
1625
709
-692
-701
770
1415
494
-721
-746
332
878
4
-1141
-929
-5
358
-431
-1415
-1388
-602
-133
-738
-1261
-1270
-874
-786
-1421
-1613
-1273
-1048
-1541
-1669
-1638
-1390
-1433
-1935
-2060
-1682
-1461
-1646
-1950
-2036
-1590
-1370
-1706
-1572
-1293
-1174
-1001
-1304
-1335
-1170
-804
-527
-730
-998
-917
-441
-126
-304
-587
-370
279
706
424
32
244
882
1214
970
690
1116
1747
1780
1413
1327
1696
1785
1716
1722
1793
2028
1862
1542
1561
1654
1468
1125
945
1079
1226
1093
793
433
728
971
841
709
848
912
869
746
604
820
939
675
645
799
878
863
744
778
720
612
344
402
435
377
168
-40
33
-187
-553
-771
-412
-166
-809
-1467
-1401
-872
-865
-1668
-2431
-2159
-1656
-1683
-2313
-2763
-2517
-1977
-1939
-2443
-2551
-2513
-1917
-1649
-1821
-2023
-2096
-1704
-1318
-1193
-1412
-1434
-1129
-462
-128
-569
-860
-515
120
594
205
-318
-80
601
1108
927
436
429
1123
1559
1375
1009
889
1406
1692
1515
1170
1258
1665
1876
1663
1367
1503
1920
2016
1769
1290
1036
1342
1424
1534
1183
956
1184
1192
1163
930
584
693
868
635
273
-4
106
368
477
73
-49
106
200
148
-335
-290
43
239
166
-224
-235
-131
29
85
-180
-279
-173
-187
-326
-507
-539
-531
-537
-772
-1085
-1190
-1087
-1022
-1315
-1561
-1642
-1628
-1615
-1658
-1681
-1747
-1834
-1824
-1867
-1793
-1787
-1671
-1615
-1741
-1536
-1312
-1245
-1159
-1045
-939
-714
-618
-384
-131
141
199
208
444
767
1020
1085
1182
1297
1454
1703
1815
1991
2126
1993
2024
2210
2150
1867
1707
1825
2046
1942
1483
1271
1562
1806
1317
693
635
1004
1055
375
-185
-88
174
46
-374
-717
-703
-453
-952
-1290
-1236
-980
-755
-1308
-1724
-1460
-994
-851
-1073
-1526
-1460
-934
-684
-784
-1082
-752
-229
-193
-131
-191
-22
258
380
236
-24
94
357
493
356
126
228
445
378
113
-56
187
381
146
-390
-781
-433
-55
-122
-371
-512
-331
-400
-580
-635
-391
-129
-116
-366
-549
-203
-98
-126
-109
-85
103
-19
-146
-82
149
433
449
335
94
445
812
912
812
590
850
998
996
714
581
856
1056
859
621
657
821
788
583
411
233
152
197
403
570
378
166
64
195
298
135
-43
16
142
32
-118
-324
-51
1
-183
-312
-453
-347
-541
-655
-628
-632
-831
-995
-1184
-974
-799
-1098
-1113
-1174
-1144
-1069
-1211
-1050
-642
-567
-615
-829
-758
-367
-185
-143
-203
-33
232
321
236
175
226
330
370
260
262
159
276
378
407
166
-3
121
126
155
-169
-212
-163
-39
-48
-299
-409
-362
-41
-46
-176
-211
-353
-270
-126
-70
27
149
391
591
673
616
774
1218
1436
1424
1379
1488
1747
1722
1497
1482
1669
1731
1483
1252
1310
1604
1512
1114
905
774
769
540
123
32
28
-58
-486
-903
-898
-975
-1235
-1435
-1465
-1404
-1471
-1708
-1847
-1827
-1713
-1612
-1615
-1750
-1739
-1683
-1529
-1272
-1239
-1294
-1257
-1107
-831
-870
-898
-720
-379
-165
-239
-349
-267
58
189
30
-48
234
572
507
151
292
829
1014
882
539
518
714
655
406
332
470
600
466
212
213
468
410
256
174
-80
29
95
117
240
397
429
244
252
360
488
635
649
770
834
889
766
751
915
1056
1087
1037
823
969
1085
982
1023
941
991
897
935
771
598
540
396
250
118
120
-27
-200
-261
-403
-535
-824
-1027
-885
-818
-1082
-1402
-1680
-1638
-1469
-1543
-1739
-1804
-1688
-1522
-1535
-1578
-1417
-1198
-1108
-1273
-1222
-1075
-833
-579
-705
-862
-737
-489
-188
-221
-419
-312
0
330
227
-86
-82
307
744
661
351
160
613
926
768
404
322
861
1265
1069
587
618
1177
1498
1200
754
744
1129
1124
713
486
701
1181
1175
614
400
682
1022
863
443
398
694
896
658
336
330
630
730
388
-16
-147
45
159
-59
-249
-214
107
99
-248
-499
-362
83
120
-256
-532
-399
135
131
-228
-551
-485
-155
-266
-642
-923
-685
-424
-787
-1328
-1535
-1190
-886
-1107
-1535
-1685
-1455
-1196
-1281
-1504
-1499
-1296
-1117
-1210
-1205
-1080
-747
-537
-608
-700
-451
-49
202
151
200
406
514
641
604
703
895
889
787
729
986
1187
1100
904
805
881
849
759
597
652
773
790
651
446
542
720
666
480
322
336
582
601
479
386
482
577
561
448
338
433
791
866
758
576
667
834
966
896
659
579
523
496
329
167
101
-13
-13
-154
-398
-520
-588
-613
-722
-911
-1023
-1096
-1144
-1233
-1231
-1330
-1307
-1228
-1265
-1171
-1207
-1118
-1180
-1320
-1230
-1132
-887
-741
-751
-823
-872
-826
-684
-518
-470
-401
-292
-183
-151
-241
-177
21
181
181
189
349
505
432
301
350
422
601
526
367
363
513
670
532
438
481
591
834
766
585
549
626
823
786
552
366
540
866
950
703
486
705
971
954
696
529
610
881
878
646
382
390
601
597
424
241
204
283
303
158
7
-35
138
179
-117
-323
-281
-110
-229
-522
-806
-694
-365
-465
-637
-703
-604
-509
-601
-670
-567
-445
-454
-643
-782
-653
-452
-383
-518
-597
-403
-266
-331
-562
-599
-468
-356
-473
-650
-451
-196
-156
-496
-741
-686
-432
-344
-633
-719
-560
-413
-452
-736
-809
-639
-468
-459
-592
-503
-337
-237
-295
-340
-117
73
86
102
107
373
445
515
473
508
698
791
869
829
832
976
1128
1084
963
848
978
1083
1076
981
916
1085
1164
1009
862
935
1045
1020
736
637
806
894
744
463
387
628
708
582
245
232
361
462
369
115
0
-16
155
196
81
-140
-224
-133
-216
-442
-647
-543
-317
-400
-782
-1111
-925
-826
-961
-1188
-1182
-926
-855
-1118
-1403
-1356
-1172
-1151
-1338
-1515
-1351
-1029
-992
-1219
-1458
-1235
-937
-841
-947
-999
-770
-574
-418
-491
-613
-401
-94
42
6
-7
114
366
336
214
188
343
544
627
599
571
686
751
689
601
698
871
990
859
772
759
836
968
981
997
1012
1060
959
901
1057
1257
1391
1369
1180
1096
1212
1321
1194
1010
945
870
874
753
640
579
543
546
404
239
95
89
137
-49
-340
-605
-629
-546
-619
-823
-935
-883
-841
-1112
-1257
-1222
-1008
-942
-1146
-1237
-1147
-975
-1019
-1033
-954
-876
-850
-1010
-1005
-952
-898
-903
-974
-957
-905
-837
-818
-876
-856
-944
-1047
-975
-884
-664
-638
-668
-765
-735
-645
-589
-505
-280
-137
33
224
272
328
338
442
607
670
684
761
881
1050
1117
1058
1167
1413
1523
1414
1317
1582
1762
1766
1503
1360
1559
1815
1739
1436
1278
1432
1551
1333
1031
949
1199
1201
958
600
536
682
651
422
123
92
218
247
20
-263
-356
-284
-355
-696
-954
-931
-780
-720
-934
-1150
-1058
-990
-984
-1236
-1413
-1329
-1136
-1033
-1186
-1391
-1248
-877
-645
-889
-1050
-889
-630
-580
-832
-871
-787
-649
-680
-798
-823
-769
-670
-687
-763
-814
-744
-717
-676
-730
-749
-733
-747
-706
-733
-633
-519
-278
-161
-194
-197
-137
3
54
88
199
413
566
606
706
875
980
999
994
1069
1227
1332
1309
1262
1238
1285
1381
1472
1515
1529
1574
1649
1674
1503
1438
1581
1634
1526
1366
1295
1331
1324
1200
1036
1024
1003
871
579
485
483
379
200
-45
-27
-2
-70
-287
-464
-455
-524
-671
-836
-983
-1052
-1153
-1242
-1340
-1575
-1678
-1564
-1338
-1264
-1531
-1737
-1710
-1636
-1604
-1716
-1623
-1419
-1285
-1357
-1482
-1399
-1273
-1208
-1316
-1303
-1237
-1106
-1059
-936
-777
-689
-608
-638
-495
-348
-224
-190
-134
23
46
25
7
49
212
378
459
479
480
556
606
822
895
1018
1153
1298
1395
1220
1086
1189
1488
1543
1540
1514
1681
1776
1688
1546
1551
1700
1755
1632
1473
1489
1492
1440
1211
1099
1140
1134
1044
740
660
665
711
583
376
363
303
207
42
-190
-215
-229
-310
-439
-635
-754
-796
-902
-1190
-1313
-1308
-1313
-1347
-1452
-1521
-1525
-1482
-1554
-1659
-1724
-1705
-1621
-1668
-1701
-1765
-1700
-1554
-1471
-1491
-1502
-1453
-1308
-1177
-1203
-1238
-1104
-890
-746
-754
-688
-485
-275
-152
-199
-112
89
318
373
323
519
785
946
970
964
1074
1209
1241
1163
1104
1216
1394
1406
1279
1187
1208
1242
1295
1230
1165
1122
1238
1334
1267
1162
1113
1171
1164
1028
807
759
898
970
782
580
599
729
812
596
327
273
362
407
227
72
92
234
265
-7
-289
-430
-438
-511
-601
-739
-777
-652
-634
-872
-1176
-1258
-1158
-1108
-1252
-1405
-1473
-1336
-1358
-1472
-1584
-1597
-1456
-1395
-1423
-1441
-1382
-1216
-1131
-1143
-1158
-1161
-944
-802
-729
-774
-689
-541
-533
-468
-352
-140
67
99
84
141
362
489
483
529
623
700
826
886
975
1055
1102
1162
1173
1258
1321
1426
1392
1296
1314
1392
1401
1295
1212
1254
1408
1408
1321
1204
1156
1084
1050
909
885
900
798
738
576
493
443
438
392
343
218
99
-6
-64
-139
-255
-302
-369
-437
-507
-617
-618
-664
-723
-778
-858
-829
-859
-1032
-1093
-1126
-1195
-1248
-1345
-1394
-1432
-1400
-1313
-1215
-1138
-1136
-1227
-1292
-1285
-1225
-1180
-1060
-964
-803
-712
-776
-802
-795
-659
-582
-621
-612
-556
-424
-351
-259
-242
-218
-94
57
162
102
91
180
292
440
393
459
594
725
871
897
927
1096
1225
1274
1323
1384
1351
1363
1340
1311
1407
1461
1485
1483
1491
1490
1413
1379
1391
1338
1330
1205
1098
918
813
799
770
667
688
686
616
526
477
384
308
237
67
-3
-126
-229
-231
-256
-316
-458
-600
-707
-807
-960
-1179
-1256
-1158
-1159
-1339
-1496
-1437
-1284
-1239
-1347
-1380
-1432
-1387
-1448
-1595
-1625
-1587
-1462
-1433
-1453
-1466
-1426
-1362
-1215
-1175
-1047
-994
-852
-711
-651
-565
-600
-427
-264
-100
-61
9
157
260
371
380
450
545
637
716
769
889
891
1010
1059
1073
1089
1106
1169
1253
1326
1363
1335
1288
1315
1205
1273
1224
1269
1268
1202
1147
1018
1020
993
915
857
771
767
720
538
444
388
356
347
239
179
229
123
-4
-128
-205
-208
-241
-263
-311
-423
-437
-416
-453
-480
-460
-508
-543
-699
-750
-741
-751
-737
-825
-872
-836
-871
-912
-923
-883
-769
-764
-835
-893
-934
-830
-787
-812
-825
-835
-707
-726
-709
-754
-635
-476
-456
-516
-603
-503
-374
-296
-291
-212
-112
-67
-124
-150
-58
4
128
137
195
274
279
367
407
545
585
617
656
707
708
662
663
637
683
757
825
783
783
726
822
849
903
896
920
938
853
761
680
702
739
731
612
523
450
471
479
433
415
334
285
229
88
17
2
-29
-110
-155
-179
-113
-77
-183
-294
-331
-309
-287
-369
-448
-390
-299
-297
-481
-471
-407
-366
-376
-521
-628
-678
-691
-749
-800
-712
-606
-545
-587
-720
-829
-791
-737
-644
-603
-748
-844
-727
-530
-480
-570
-505
-352
-332
-382
-435
-259
-148
-163
-248
-281
-135
33
88
58
-10
74
143
191
288
359
552
678
744
675
661
699
818
848
809
847
958
1074
1104
1001
805
778
762
778
704
689
714
785
687
538
449
326
432
343
269
146
76
63
0
-38
-64
-41
-84
-102
-214
-352
-415
-452
-456
-453
-447
-467
-474
-554
-556
-591
-505
-466
-464
-399
-431
-426
-423
-409
-420
-395
-463
-454
-477
-499
-438
-394
-393
-376
-366
-283
-241
-213
-218
-179
-109
-76
-82
-61
-5
74
108
60
67
111
115
71
-40
-172
-207
-128
-70
-66
-42
11
87
97
50
36
82
138
182
77
135
209
162
232
186
218
272
238
272
387
423
397
387
458
549
525
547
584
673
727
651
588
599
598
615
466
362
360
394
473
403
346
242
181
157
125
116
81
117
167
105
-36
-173
-193
-33
-58
-182
-371
-455
-400
-405
-454
-503
-517
-543
-609
-729
-819
-815
-757
-781
-788
-879
-973
-978
-955
-897
-925
-935
-903
-757
-666
-754
-799
-739
-561
-424
-476
-480
-404
-258
-160
-170
-130
-36
190
266
289
304
349
471
483
527
569
618
662
664
673
664
695
727
674
611
517
455
460
498
533
571
532
485
483
460
470
557
576
614
597
558
571
626
640
614
607
595
603
540
550
544
521
483
454
382
379
372
318
211
84
8
-20
-11
-30
-87
-165
-250
-338
-365
-470
-597
-682
-693
-702
-752
-813
-886
-902
-916
-995
-1099
-1091
-971
-941
-924
-929
-922
-885
-861
-807
-812
-758
-618
-512
-351
-305
-293
-226
-207
-92
-77
-3
99
152
137
124
107
161
280
291
356
381
481
518
485
424
341
347
373
353
347
384
373
385
288
273
315
362
408
408
403
381
393
404
418
432
417
444
442
402
385
352
348
353
358
361
284
262
230
125
75
41
57
88
49
39
49
35
5
-27
-139
-176
-175
-184
-145
-170
-173
-150
-145
-168
-190
-112
-8
-26
-59
-138
-120
-198
-225
-277
-287
-262
-251
-246
-295
-261
-300
-327
-385
-399
-368
-357
-393
-472
-556
-586
-551
-486
-428
-442
-381
-379
-346
-313
-276
-161
-101
-42
-127
-188
-121
-53
1
-31
-27
16
141
171
131
143
203
252
266
213
215
304
369
365
363
385
368
368
346
355
384
365
351
330
360
366
311
269
228
206
225
181
138
101
81
85
77
92
136
149
153
122
81
79
88
174
164
192
205
228
209
91
99
60
96
57
80
45
60
95
161
176
147
105
112
113
78
29
-71
-23
-66
-124
-205
-244
-291
-312
-325
-367
-352
-345
-368
-464
-552
-595
-572
-537
-534
-472
-449
-461
-491
-536
-516
-498
-429
-442
-444
-509
-540
-483
-394
-335
-263
-192
-207
-164
-176
-124
-40
-7
-13
0
12
111
241
321
374
377
392
435
480
525
566
593
540
503
494
544
562
559
586
584
561
511
436
381
372
348
326
278
239
248
307
326
310
307
313
329
297
240
246
291
272
190
124
127
131
156
124
41
53
41
-51
-194
-275
-251
-228
-198
-266
-276
-291
-333
-429
-503
-450
-434
-436
-457
-509
-531
-534
-527
-543
-525
-462
-455
-391
-367
-345
-387
-364
-352
-395
-383
-371
-340
-259
-194
-151
-125
-67
-63
-85
-81
-132
-89
-51
-95
-77
-29
40
100
130
122
137
174
169
168
122
121
147
172
239
249
290
329
356
420
447
493
535
561
568
580
585
571
539
496
464
431
407
345
271
245
181
150
156
123
120
113
36
35
20
12
-21
-32
-28
-27
6
-72
-183
-215
-235
-253
-243
-241
-259
-277
-283
-332
-317
-332
-323
-309
-279
-266
-287
-334
-375
-443
-476
-434
-308
-178
-149
-187
-260
-283
-258
-222
-141
-50
-25
-37
-40
-86
-40
21
94
120
68
42
4
68
94
153
115
153
127
46
28
13
21
-10
18
12
2
24
69
92
107
101
47
24
38
87
130
160
78
106
151
149
181
125
143
154
120
131
161
171
175
201
247
254
214
229
264
226
170
153
149
180
186
178
169
175
148
138
142
151
193
153
58
-55
-85
-63
-25
-49
-129
-157
-174
-192
-233
-274
-216
-208
-269
-345
-382
-388
-352
-346
-401
-434
-439
-438
-445
-426
-445
-440
-348
-336
-310
-307
-281
-202
-193
-213
-233
-201
-151
-112
-48
3
21
79
122
118
161
154
248
289
284
294
330
407
438
440
469
497
527
568
541
525
486
481
472
435
363
343
396
370
317
290
268
233
216
210
236
196
158
102
5
12
-19
-28
-94
-108
-69
-94
-140
-228
-284
-314
-327
-362
-296
-318
-207
-138
-197
-234
-346
-328
-330
-346
-372
-352
-320
-287
-279
-287
-316
-284
-270
-257
-281
-296
-276
-340
-370
-343
-321
-282
-288
-303
-291
-258
-211
-172
-156
-129
-105
-83
-61
-36
27
60
57
45
41
51
156
191
279
301
317
423
480
475
449
498
599
672
649
607
602
598
554
472
443
434
405
344
303
261
190
185
161
130
50
26
-21
-68
-103
-92
-46
-21
35
-22
-53
-33
3
5
-24
-45
-77
-49
-53
-66
-60
-80
-88
-143
-141
-101
-58
-96
-91
-140
-249
-332
-393
-343
-360
-370
-392
-370
-353
-411
-415
-394
-384
-417
-477
-450
-442
-437
-419
-421
-430
-455
-420
-430
-445
-459
-406
-348
-318
-231
-184
-123
-29
-3
39
78
119
156
173
191
205
284
285
306
321
332
325
373
385
385
386
352
341
325
323
354
386
450
483
471
512
531
542
556
527
512
565
604
648
646
645
623
590
556
541
571
590
597
565
500
405
295
199
196
168
162
134
88
45
-75
-118
-161
-182
-252
-353
-392
-454
-507
-548
-629
-706
-778
-866
-911
-952
-931
-931
-951
-936
-907
-901
-932
-893
-867
-829
-770
-762
-683
-608
-524
-537
-503
-436
-436
-424
-406
-299
-215
-173
-177
-136
-42
40
109
75
40
68
137
197
188
207
246
325
327
296
314
354
421
460
395
394
440
533
646
649
695
762
816
846
758
721
670
691
673
642
663
620
665
658
628
593
564
573
494
422
377
364
306
295
245
235
199
106
26
-23
-45
-34
-36
-81
-101
-114
-149
-256
-361
-413
-431
-421
-437
-451
-451
-478
-498
-527
-502
-524
-567
-572
-546
-530
-521
-476
-460
-446
-418
-408
-397
-392
-425
-463
-462
-479
-491
-506
-442
-447
-397
-365
-378
-283
-294
-242
-259
-270
-219
-190
-146
-55
-36
1
-48
-36
-29
19
90
144
226
228
256
277
291
352
413
484
593
603
671
667
771
805
826
818
764
691
625
592
553
508
510
467
428
407
354
320
283
230
158
89
28
28
4
-8
-26
-15
-59
-145
-246
-267
-236
-209
-212
-208
-191
-220
-209
-248
-248
-238
-248
-249
-249
-315
-306
-341
-330
-346
-379
-360
-379
-339
-369
-402
-411
-445
-422
-449
-439
-462
-473
-453
-463
-419
-426
-435
-348
-335
-286
-280
-233
-143
-97
-31
-50
-4
35
96
197
247
281
353
383
441
427
393
405
402
486
499
505
565
612
640
700
649
650
610
585
511
428
417
397
413
442
426
427
434
401
372
274
218
169
154
121
92
58
49
38
27
17
-46
-36
-97
-174
-271
-358
-393
-451
-452
-468
-465
-419
-463
-455
-475
-474
-454
-536
-597
-607
-627
-570
-542
-517
-563
-567
-543
-532
-513
-483
-433
-400
-345
-367
-356
-360
-293
-253
-151
-123
-85
-19
-3
58
107
147
123
128
141
159
194
193
241
229
246
260
283
256
242
246
254
286
309
388
459
511
517
527
500
492
500
471
446
454
436
426
408
333
321
251
227
155
137
165
173
170
219
204
233
186
149
168
118
104
33
44
33
4
33
68
44
-1
-32
-48
-88
-154
-153
-189
-167
-167
-233
-238
-265
-266
-279
-269
-296
-332
-321
-349
-376
-412
-432
-461
-479
-492
-430
-387
-417
-405
-414
-419
-414
-398
-383
-383
-352
-361
-371
-375
-316
-243
-257
-239
-183
-132
-91
-43
-19
7
33
85
104
85
111
155
219
241
266
285
340
404
421
469
488
531
542
536
533
572
567
587
554
536
514
502
517
495
490
477
492
459
450
425
391
346
305
236
190
182
172
172
141
96
18
-49
-119
-147
-184
-227
-265
-305
-394
-460
-508
-522
-500
-479
-497
-555
-593
-634
-653
-603
-575
-514
-485
-478
-435
-441
-484
-469
-503
-481
-469
-412
-336
-267
-181
-144
-92
-122
-133
-154
-144
-120
-54
-47
-15
23
30
54
78
141
180
233
235
239
262
298
319
344
373
425
435
414
353
336
395
418
431
407
385
371
343
314
268
303
335
376
371
319
303
278
276
246
203
135
89
32
-59
-96
-65
-50
-34
-32
-38
-12
-9
-21
-44
-32
-47
-58
-39
-58
-34
-43
-24
-33
-41
-37
-38
-13
-87
-106
-140
-100
-105
-126
-116
-89
-78
-148
-222
-239
-240
-212
-174
-191
-159
-228
-207
-248
-262
-251
-283
-268
-298
-312
-301
-267
-278
-288
-281
-286
-215
-173
-187
-211
-215
-190
-224
-256
-266
-269
-180
-151
-143
-84
-59
-31
-32
-50
8
71
103
146
119
88
95
126
206
241
353
450
509
574
571
564
570
598
601
611
551
551
548
509
491
444
444
374
348
357
354
337
312
325
299
272
240
203
139
53
-19
-123
-193
-270
-303
-321
-364
-397
-448
-496
-529
-566
-585
-625
-647
-618
-598
-554
-561
-536
-516
-472
-405
-382
-372
-338
-315
-318
-285
-281
-260
-224
-197
-152
-117
-79
-70
-112
-99
-70
-69
-25
10
29
64
66
68
71
86
121
139
162
207
237
221
230
212
215
186
169
201
205
265
286
350
361
368
389
390
422
470
493
508
458
418
372
325
382
412
438
428
402
372
335
307
282
281
263
275
268
218
214
151
87
63
29
15
18
-7
-91
-164
-220
-277
-306
-350
-377
-378
-425
-418
-425
-422
-420
-460
-478
-480
-471
-430
-387
-396
-408
-402
-409
-395
-425
-413
-392
-397
-390
-397
-357
-317
-281
-202
-159
-115
-95
-104
-94
-76
-34
-5
47
87
123
111
108
114
88
83
72
62
86
114
134
138
157
174
154
161
189
158
168
179
156
194
193
223
230
226
255
217
191
155
156
153
135
130
140
155
126
141
136
165
202
198
213
255
262
247
231
224
226
179
145
150
124
102
80
66
48
47
43
45
5
24
41
30
54
3
-47
-53
-77
-110
-140
-129
-173
-208
-212
-221
-189
-206
-194
-202
-246
-218
-221
-227
-220
-255
-244
-242
-223
-226
-206
-196
-172
-158
-155
-150
-159
-174
-195
-215
-227
-182
-186
-164
-166
-197
-216
-199
-189
-185
-143
-143
-114
-98
-86
-54
7
29
103
144
178
203
218
236
260
307
317
322
335
354
393
420
414
453
450
421
399
359
331
360
350
345
333
276
242
219
174
178
146
152
108
40
-6
-83
-123
-157
-173
-170
-195
-220
-264
-271
-306
-353
-342
-346
-310
-339
-368
-332
-311
-281
-259
-277
-267
-283
-256
-258
-259
-263
-279
-249
-231
-169
-136
-114
-89
-105
-128
-109
-89
-47
-36
17
34
34
63
104
159
199
251
224
235
191
192
193
214
201
160
180
191
252
290
319
279
252
230
195
163
171
171
208
202
164
160
131
132
150
157
155
123
87
-27
-87
-148
-168
-136
-114
-49
-61
-70
-83
-103
-80
-69
-17
8
-11
-9
-5
-15
-19
-9
3
26
46
85
89
91
80
93
103
48
22
-45
-78
-111
-145
-158
-137
-100
-104
-77
-102
-121
-152
-189
-198
-229
-235
-237
-238
-233
-196
-170
-125
-119
-128
-134
-161
-158
-157
-131
-119
-115
-88
-58
-58
-29
-39
-15
27
6
6
-28
-50
-48
-13
13
61
76
71
88
91
79
121
160
187
242
222
201
202
215
188
178
159
179
203
190
155
151
183
188
152
138
127
77
62
35
16
40
53
42
18
27
21
12
-17
-39
-54
-67
-69
-53
-63
-61
-59
-71
-92
-112
-66
-37
15
-14
-13
-28
-35
-52
-90
-67
-46
-38
-8
25
40
69
71
69
19
14
42
31
59
38
45
42
35
-7
-12
10
12
14
-44
-54
-85
-99
-134
-110
-146
-136
-133
-136
-137
-131
-144
-167
-140
-174
-168
-187
-156
-153
-143
-154
-135
-142
-168
-135
-90
-37
-9
-50
-51
-76
-106
-87
-128
-92
-81
-62
-31
-49
-22
-23
8
-3
23
48
103
145
182
191
218
257
260
285
242
257
257
265
264
252
239
230
242
209
201
171
164
171
152
170
157
146
157
150
177
169
149
129
94
72
39
34
10
8
50
22
-36
-94
-125
-116
-119
-97
-106
-132
-135
-140
-145
-148
-108
-84
-108
-124
-145
-179
-204
-211
-204
-205
-196
-205
-207
-221
-234
-264
-288
-281
-287
-253
-262
-271
-225
-194
-176
-146
-148
-168
-138
-143
-121
-121
-70
-7
61
87
103
131
126
157
131
154
180
225
248
250
275
312
331
313
344
336
300
287
272
236
200
244
239
214
194
153
169
130
95
68
57
59
52
22
-17
-17
-34
-32
-71
-91
-50
-23
7
-22
-8
-22
-32
-41
-74
-68
-87
-61
-64
-61
-46
-27
-51
-67
-83
-104
-74
-92
-82
-75
-47
-46
-37
-38
-48
-53
-65
-72
-97
-66
-66
-80
-76
-72
-57
-52
-48
-51
-47
-63
-83
-111
-137
-117
-117
-142
-153
-180
-206
-192
-188
-176
-180
-177
-198
-209
-168
-145
-139
-128
-103
-59
-42
-18
7
42
37
26
53
82
144
161
196
217
234
260
258
242
232
217
207
201
202
228
236
253
257
251
250
237
233
203
196
182
159
154
153
166
134
129
114
82
62
18
-23
-33
-61
-43
-47
-60
-65
-100
-135
-196
-216
-235
-255
-238
-230
-231
-232
-231
-207
-195
-179
-147
-134
-167
-178
-148
-131
-135
-128
-152
-153
-168
-158
-114
-100
-76
-44
-5
-7
-8
-12
-27
24
32
29
20
38
53
42
34
8
26
-10
-15
27
29
25
41
56
63
64
102
126
159
202
174
165
169
147
157
158
179
169
178
203
192
183
185
227
214
215
210
204
227
225
230
220
218
237
189
157
114
38
16
-28
-49
-58
-101
-131
-175
-206
-275
-315
-319
-338
-365
-390
-412
-404
-383
-387
-377
-361
-354
-337
-314
-296
-312
-277
-245
-228
-192
-189
-163
-127
-121
-71
-30
15
65
104
148
180
192
217
196
201
215
211
202
167
175
164
156
148
111
67
29
-3
-21
-29
-18
27
42
21
-7
21
13
20
14
56
76
79
103
93
109
120
149
160
184
189
187
190
202
209
240
238
236
245
225
221
245
264
253
271
261
208
170
124
66
40
19
-14
-92
-137
-155
-153
-128
-121
-163
-198
-201
-191
-179
-170
-172
-183
-200
-204
-177
-155
-117
-118
-151
-168
-198
-206
-194
-190
-185
-191
-207
-222
-220
-250
-271
-248
-215
-156
-130
-120
-87
-83
-88
-102
-102
-103
-93
-106
-106
-54
-50
-15
-17
-2
47
50
80
133
149
180
188
211
220
259
282
286
312
264
225
187
152
147
126
123
125
123
142
155
152
137
121
72
79
85
88
135
145
169
148
122
96
67
36
11
-4
7
-20
-51
-49
-58
-85
-117
-80
-72
-43
-38
-33
-48
-33
-40
-55
-47
-44
-17
-76
-89
-87
-95
-110
-140
-183
-223
-244
-294
-302
-326
-352
-328
-310
-265
-234
-215
-168
-147
-129
-106
-75
-43
-7
-10
-20
-18
-18
11
42
75
78
93
83
94
99
103
127
114
102
101
100
75
55
57
96
121
125
140
132
143
174
165
179
157
141
138
134
112
121
130
120
132
128
143
177
219
241
209
195
202
198
195
192
175
117
98
69
14
28
4
-6
-18
-30
-14
-31
-37
-41
-48
-70
-75
-79
-95
-103
-141
-173
-174
-190
-189
-210
-224
-225
-236
-220
-225
-242
-245
-231
-230
-213
-225
-231
-222
-243
-246
-224
-231
-197
-218
-194
-165
-176
-170
-167
-176
-146
-102
-81
8
29
71
116
124
135
144
168
174
196
208
224
241
205
196
176
155
186
181
170
147
119
140
156
146
131
152
155
159
178
186
203
195
228
250
248
264
243
237
257
232
219
203
187
163
146
131
107
115
125
114
117
88
38
7
-70
-105
-145
-160
-161
-194
-234
-255
-302
-321
-340
-371
-368
-369
-390
-399
-373
-367
-326
-274
-254
-247
-279
-291
-291
-292
-276
-246
-224
-218
-202
-218
-171
-159
-163
-115
-110
-94
-75
-48
-16
-6
-23
21
12
20
39
33
