0
1
7
10
11
12
16
13
9
9
8
9
9
12
12
10
7
6
-1
-2
-1
-8
-11
-12
-12
-8
-6
-3
0
-2
-2
2
3
3
9
10
12
14
13
11
5
7
4
3
1
1
0
-1
2
7
11
12
11
10
8
4
1
1
6
2
2
5
3
3
5
2
0
4
5
7
6
9
10
8
12
13
15
16
13
10
8
7
0
0
-2
-7
-10
-13
-10
-13
-15
-16
-19
-21
-20
-21
-19
-22
-19
-21
-20
-12
-15
-16
-14
-13
-5
-6
-3
-2
-5
-5
-8
-10
-11
-16
-14
-16
-16
-16
-15
-14
-10
-10
-12
-8
-8
-2
-1
2
0
0
-4
-6
-9
-10
-9
-8
-9
-7
-4
-3
1
3
12
17
19
20
21
26
30
32
31
28
32
26
26
26
18
18
14
15
13
12
12
15
16
12
14
15
15
12
8
7
4
7
1
-2
-8
-10
-13
-15
-13
-8
-4
-4
-3
-2
1
3
2
0
-3
-5
-11
-10
-6
-6
-7
-8
-12
-12
-11
-10
-9
-9
-10
-11
-16
-12
-11
-11
-10
-7
-7
-7
-6
-7
-5
-6
-3
-2
3
4
5
7
11
11
15
22
20
24
24
25
24
27
29
28
26
23
22
14
12
11
10
12
8
7
2
-1
-6
-11
-12
-14
-17
-15
-12
-11
-12
-13
-12
-13
-13
-15
-16
-16
-21
-24
-26
-25
-22
-14
-10
-7
-8
-9
-12
-14
-13
-20
-22
-24
-28
-27
-29
-26
-30
-32
-26
-24
-19
-16
-10
-5
-6
2
7
13
21
31
28
29
27
24
25
25
22
18
13
9
7
5
6
5
6
3
7
4
5
3
2
4
1
0
0
-1
-3
1
3
-2
-2
-4
-10
-14
-20
-22
-24
-24
-23
-20
-17
-12
-10
-8
-4
-3
3
4
7
10
8
6
8
11
11
10
5
1
3
2
0
4
3
4
8
11
13
15
15
15
13
15
15
18
22
22
20
18
20
22
28
37
37
42
40
38
36
34
33
26
25
27
25
22
21
17
22
17
17
14
15
12
11
9
1
0
-8
-9
-6
-6
-4
-7
-7
-13
-16
-22
-27
-29
-33
-37
-45
-47
-46
-50
-49
-49
-52
-50
-47
-40
-38
-32
-28
-26
-25
-26
-26
-26
-22
-23
-20
-20
-22
-21
-21
-23
-24
-21
-22
-24
-23
-21
-19
-19
-16
-13
-9
-3
-3
0
3
11
14
21
27
33
35
33
36
35
34
37
44
44
40
36
37
39
40
38
35
34
30
26
25
21
13
11
12
10
4
0
-2
1
-3
-3
-1
-4
-2
-1
1
4
1
-2
0
0
-3
-6
-9
-12
-14
-14
-14
-15
-14
-16
-19
-19
-21
-19
-17
-19
-21
-21
-23
-21
-14
-13
-16
-18
-18
-17
-13
-11
-6
-5
3
9
15
17
16
22
24
22
18
15
18
15
22
29
25
27
26
20
20
17
16
14
14
14
15
15
17
13
6
5
3
7
4
4
4
4
5
5
13
16
17
17
14
14
9
8
9
5
5
1
-1
-3
-6
-4
-8
-10
-13
-17
-20
-22
-22
-19
-17
-16
-18
-25
-28
-26
-26
-26
-24
-27
-26
-27
-28
-33
-34
-38
-37
-39
-40
-34
-33
-27
-24
-29
-31
-30
-29
-23
-22
-18
-13
-8
-6
-4
5
10
15
19
23
25
26
30
24
20
17
7
5
4
2
4
0
4
1
-2
-11
-12
-10
-2
3
9
14
11
12
9
11
8
13
10
1
0
1
5
7
18
18
20
19
20
26
29
33
31
34
38
49
55
56
54
49
47
47
42
40
38
32
26
19
9
4
1
-2
0
-3
-1
1
9
10
12
14
9
6
-3
-3
-14
-16
-18
-19
-17
-21
-25
-30
-31
-40
-44
-35
-32
-30
-31
-38
-32
-30
-31
-31
-30
-32
-38
-33
-31
-28
-25
-28
-30
-28
-25
-20
-17
-17
-16
-16
-21
-20
-15
-9
-8
-3
8
14
14
11
12
8
6
13
18
18
25
27
28
28
32
27
29
29
25
32
27
21
17
12
3
-1
-5
-3
0
-8
-16
-14
-11
-4
-2
1
1
-7
-9
-6
-4
-4
-4
1
-1
0
-3
-11
-13
-8
-5
3
3
12
20
16
7
3
5
-10
-6
-14
-17
-13
-7
-1
1
1
0
0
1
5
-1
1
-3
3
3
12
10
3
6
2
-5
-19
-25
-37
-23
-18
-12
-9
-19
-15
-7
1
-2
0
9
20
34
34
28
37
22
12
23
11
29
-33
-36
14
77
68
-41
-45
25
60
18
-8
-10
8
63
79
57
-38
7
132
131
65
35
112
127
58
16
43
97
107
61
12
12
12
17
12
-1
-2
-26
-48
-67
-54
-57
-73
-99
-104
-145
-152
-141
-114
-93
-131
-168
-180
-154
-189
-223
-219
-192
-176
-209
-256
-252
-213
-188
-213
-211
-199
-192
-169
-187
-186
-156
-108
-92
-59
-26
58
139
156
194
237
314
362
362
371
405
496
542
514
476
500
546
533
503
478
520
518
498
445
393
383
366
359
316
265
239
197
147
92
41
-9
-51
-92
-164
-205
-226
-257
-289
-366
-418
-434
-442
-469
-537
-564
-551
-569
-576
-618
-626
-642
-688
-705
-701
-679
-722
-765
-733
-649
-674
-720
-730
-652
-592
-663
-675
-629
-555
-452
-425
-426
-314
-80
134
182
178
276
490
640
700
726
822
968
1079
1117
1141
1138
1168
1262
1293
1218
1129
1155
1176
1165
1111
1075
1062
1053
985
853
762
765
792
684
538
438
454
463
362
223
105
50
10
-93
-185
-257
-285
-340
-463
-527
-530
-515
-591
-673
-744
-754
-786
-835
-844
-858
-873
-966
-990
-1047
-1024
-1035
-1068
-1086
-1004
-899
-778
-840
-1235
-1372
-1407
-923
-1003
-1270
-1241
-963
-636
-1062
-1516
-1514
-831
-542
-850
-1374
-1313
-579
-357
-654
-1074
-731
337
668
181
-273
345
1585
1943
1478
1208
2042
3013
2903
2142
2143
3155
3791
3246
2337
2395
3333
3491
2720
2117
2335
2719
2250
1454
1183
1410
1345
880
445
319
284
-18
-496
-787
-779
-675
-1013
-1541
-1640
-1498
-1580
-2044
-2154
-1884
-1698
-1862
-2024
-1904
-1562
-1236
-1343
-1365
-1319
-1056
-809
-760
-665
-634
-527
-463
-435
-493
-454
-355
-170
-6
-57
-189
-475
-646
-1076
-1036
-510
-13
-279
-1473
-2121
-1506
-622
-1078
-2307
-2723
-1629
-579
-1268
-2757
-3080
-1460
202
-155
-1462
-1463
197
1461
654
-517
160
2310
3328
2044
653
1372
3345
3948
2807
2020
2950
4326
4025
2685
2367
3522
4461
3638
2114
1812
2591
3095
2199
1351
810
1004
1633
1254
427
-821
-694
-106
-437
-1409
-1890
-1814
-1926
-1698
-2026
-2224
-2557
-2527
-2059
-2452
-2702
-2403
-1874
-1595
-1862
-1984
-1591
-987
-771
-882
-1055
-768
-384
-460
-312
53
171
-78
22
81
408
53
-137
-941
-1372
-523
251
606
-1115
-2234
-1911
-538
-486
-1964
-3051
-2279
-376
-634
-2571
-4076
-2681
92
371
-1713
-3118
-1425
1312
1097
-1220
-1704
1119
3692
2659
-136
-250
2723
4595
3270
1124
1626
4163
4748
2745
1406
2834
5007
4587
2501
1576
2898
4230
3434
1745
1536
2493
2085
1474
820
957
978
109
-150
-437
-550
-679
-1360
-2265
-1881
-1000
-1169
-2400
-3346
-2321
-1347
-1988
-2616
-2555
-1521
-1044
-1927
-2430
-1957
-756
-402
-1273
-1700
-1225
-528
-393
-646
-802
-559
-354
-381
-346
-408
-428
-353
-873
-1749
-1527
-595
659
-295
-2571
-3246
-1506
336
-687
-3320
-4003
-1420
260
-1144
-4140
-4348
-949
1112
-696
-3538
-2862
764
2323
-163
-2364
-385
3460
4185
1113
-690
1620
4945
4978
2306
1469
3793
5895
4651
2307
2270
4652
5925
4297
2234
2407
4264
4795
3252
1645
1990
2396
2645
1685
666
685
843
969
-150
-1178
-1271
-991
-1820
-2537
-2187
-1703
-2157
-3568
-3509
-2395
-2273
-2906
-3469
-3098
-2419
-2571
-2993
-2930
-2144
-1580
-1833
-2240
-2154
-1660
-1260
-1072
-1120
-1274
-1076
-854
-579
-679
-875
-780
-884
-1629
-1673
-874
487
47
-2381
-3255
-1651
482
-166
-3027
-3916
-1241
1109
-35
-3235
-4000
-724
2013
605
-2546
-2483
1106
3319
1044
-1589
-151
3897
5269
2359
-77
1755
5367
5855
3210
1902
3848
6205
5468
3071
2635
4504
6038
4726
2667
2358
3659
4322
3187
1636
1725
2162
1797
1263
235
267
144
-133
-695
-1581
-1796
-1683
-2372
-3494
-3077
-2496
-2700
-4144
-4871
-3634
-2792
-3402
-4134
-3904
-2833
-2511
-3208
-3459
-2672
-1677
-1516
-1972
-2111
-1589
-977
-828
-851
-891
-718
-534
-371
-338
-374
-284
-100
-978
-1519
-803
409
1030
-1049
-2870
-2240
17
533
-1819
-3835
-2511
647
716
-2129
-4197
-2352
1327
1587
-1368
-2915
-490
2892
2345
-767
-1110
2338
5285
3949
699
800
4288
6413
4785
2317
2894
5519
6360
4258
2645
3631
5823
5854
3513
2049
2909
4521
4331
2287
1232
1612
1880
1749
290
-310
-280
-5
-491
-1934
-2585
-2264
-2194
-3328
-3490
-3106
-2931
-3913
-4912
-4090
-3125
-3237
-3855
-3935
-3221
-2874
-3209
-3256
-2570
-1809
-1668
-2146
-2194
-1586
-1023
-772
-650
-396
-265
35
26
369
299
383
470
124
-688
-939
84
1402
1243
-1459
-2637
-1162
1018
409
-2604
-3788
-1360
1046
-206
-3372
-4328
-1295
1526
342
-2726
-2843
401
2833
982
-1535
-594
3022
4727
2306
-183
1137
4638
5631
3359
1545
2921
5620
5646
3218
2002
3744
6069
5348
2720
1685
3280
4940
3989
1511
646
1932
2881
1587
-534
-963
209
584
-1057
-2518
-2356
-1433
-1863
-3210
-3518
-2880
-2583
-3385
-4134
-3845
-3175
-3124
-3597
-3744
-3215
-2708
-2717
-2934
-2812
-2275
-1820
-1710
-1747
-1510
-892
-532
-403
-535
-232
270
353
332
34
448
617
533
-291
-1288
-353
901
1642
-269
-2264
-1617
345
784
-1364
-3021
-1951
569
816
-1651
-3562
-2515
507
1334
-874
-2675
-1506
1434
2048
-326
-1639
455
3667
4009
1123
-277
2145
5377
5086
2158
1255
3754
6175
4696
1996
2087
4916
6139
3590
1020
1897
4447
4527
1734
163
1274
2310
1901
-145
-787
26
367
-562
-2057
-2194
-1356
-1413
-3134
-3558
-2721
-2041
-2814
-4394
-3926
-2582
-2268
-3141
-3658
-2904
-1972
-1959
-2716
-2487
-1574
-782
-934
-1483
-1198
-623
-27
-137
-495
-502
-39
304
294
-137
61
260
149
-985
-1856
-746
704
1332
-1136
-3087
-2457
61
747
-1628
-3731
-2949
205
503
-2022
-4475
-3101
644
1113
-1842
-4082
-1853
2237
2395
-1165
-2877
435
4457
3987
234
-814
2945
6019
4541
1121
1275
5073
6960
4406
1666
2621
5770
6257
3271
1446
2935
5235
4581
1949
859
2809
3395
1938
451
251
1607
1085
-396
-1296
-967
-505
-994
-2720
-3193
-1859
-1691
-2710
-4349
-4039
-2518
-2638
-3744
-3886
-3021
-2293
-2873
-3587
-3085
-1911
-1372
-1670
-2172
-2070
-1484
-1285
-1274
-1176
-798
-542
-890
-1168
-779
-666
-102
-585
-674
-1504
-1761
-659
355
768
-1556
-2703
-1909
431
429
-1940
-3368
-1970
901
314
-2418
-4067
-1952
1588
1116
-2017
-3067
-77
3217
2040
-1296
-1502
2444
5478
3839
428
496
4267
6528
4503
1813
2380
5717
6787
4265
2073
2874
5648
5676
3185
1431
2395
4135
3771
2003
720
1499
2143
1610
146
-796
-246
231
-372
-1699
-2202
-1901
-1840
-2698
-3247
-2950
-2695
-3255
-4154
-4363
-3653
-3066
-3269
-3807
-3922
-3149
-2606
-2690
-2960
-2699
-1905
-1707
-1973
-2074
-1633
-912
-554
-593
-847
-748
-374
66
251
-139
-366
-425
-33
-770
-1216
-535
765
1278
-1137
-2645
-1475
1004
1192
-1431
-3201
-1390
1360
758
-2249
-3701
-1224
1982
1153
-1987
-2640
467
3516
2046
-1155
-985
3061
5564
3464
27
571
4616
6581
4091
1111
2304
6091
6794
3301
925
2574
5887
5590
2038
211
2212
4524
3389
300
-571
1610
2226
1139
-1095
-1385
219
229
-814
-2512
-2469
-1360
-1667
-3590
-3982
-2655
-2151
-3181
-4931
-4213
-2236
-2191
-3234
-3921
-2830
-1272
-1504
-2541
-2432
-1052
57
-351
-1600
-1685
-541
609
178
-769
-1048
-246
368
263
-714
-1025
-361
26
-781
-2232
-1460
391
1528
-1030
-3438
-2759
236
1365
-1525
-4081
-3184
406
995
-1989
-4483
-2890
980
1458
-1712
-3570
-1241
2801
2674
-977
-2310
1086
5293
4554
594
-571
3161
6711
5267
1507
1149
4972
7135
4515
987
1312
5143
6617
3374
323
1116
4112
4809
1733
-258
968
3218
2736
-259
-1776
-197
1698
555
-1662
-2645
-1365
-653
-2238
-3389
-2866
-1660
-1895
-3565
-4354
-3223
-1990
-2217
-3208
-3514
-2362
-1575
-2198
-2949
-2649
-1170
-492
-1487
-2393
-1787
-236
431
-669
-1541
-1091
108
239
-378
-1027
-443
114
-229
-999
-2257
-919
358
1128
-438
-2629
-2173
-88
1312
-584
-2940
-2901
-25
1265
-809
-3292
-3011
430
2049
-235
-2539
-1528
1898
2998
219
-1610
599
4507
4775
1412
-486
2096
5678
5176
1913
913
3887
6560
4621
1185
957
4306
6219
3480
407
694
3649
4310
1888
-258
666
2762
2206
44
-1421
-296
1048
442
-1282
-2196
-1547
-1076
-1943
-3049
-2765
-1882
-2158
-3598
-4215
-3034
-1842
-2449
-3513
-3525
-2346
-1822
-2734
-3214
-2241
-1001
-1500
-2875
-2923
-1224
105
-754
-2065
-1840
-564
120
-683
-1164
-384
164
108
-782
-336
-193
-320
-316
165
870
-571
-1550
-1126
695
869
-1077
-2664
-1568
991
903
-1427
-3315
-1897
1211
1508
-947
-2252
-391
2599
2235
-433
-1003
2092
4939
3707
622
385
3642
5653
3811
1500
2263
5192
5499
2618
987
2896
5571
4822
1721
457
2469
4034
2892
910
716
2177
2325
879
-196
112
909
884
-167
-1265
-1564
-1285
-1187
-1703
-2422
-2352
-2591
-3168
-3580
-3559
-2712
-2652
-3387
-3861
-3472
-2870
-2693
-2753
-2742
-2420
-2480
-2569
-2175
-1729
-1406
-1662
-1760
-1330
-1152
-904
-824
-411
-48
-441
-780
-549
233
-531
-597
-292
1048
1297
-1017
-1617
-210
1807
957
-1818
-2761
-332
1715
254
-2477
-3213
-374
2015
441
-2215
-2184
1015
3079
1016
-1622
-410
3306
4856
2597
-23
1348
4829
5614
3195
1475
3136
5786
4980
2196
1373
3718
5805
4260
1177
713
3057
4468
3136
626
633
2190
2593
1250
-566
-416
876
971
-723
-2339
-2256
-1156
-1215
-2565
-3254
-3077
-2663
-3227
-3925
-3523
-3083
-3135
-3903
-4256
-3705
-2814
-2653
-3307
-3446
-2845
-2078
-2118
-2555
-2295
-1462
-949
-1301
-1782
-1350
-479
67
-139
-619
-492
42
529
440
184
-565
-204
720
1416
1157
-412
-524
437
1268
352
-1375
-1547
107
1368
148
-1925
-2353
-205
1454
289
-1487
-1256
1181
2372
551
-989
535
3771
4432
2031
145
1927
4990
5289
3048
1881
3692
5505
4500
2266
2275
4333
5314
3418
980
1243
3078
3790
2191
409
695
1654
1607
176
-753
-513
210
10
-1504
-2283
-2157
-1590
-1973
-3323
-3778
-3404
-2894
-3311
-4238
-4284
-3627
-3128
-3594
-3845
-3600
-3061
-2808
-3105
-2873
-2324
-1823
-1766
-1952
-1519
-948
-521
-709
-875
-264
300
705
268
12
264
1064
1346
980
29
-646
646
1559
1834
62
-1186
-267
1173
1145
-902
-2239
-1392
846
860
-1169
-2754
-2104
341
1023
-629
-1838
-918
1416
1930
285
-526
1409
3958
3922
1864
873
2891
5096
4647
2941
2336
4138
5247
3931
2427
2714
4462
4700
2618
1056
1785
3299
3100
1395
247
956
1609
794
-620
-1201
-448
-376
-1472
-2475
-2573
-2219
-2703
-3677
-4131
-3647
-3284
-3659
-4070
-4174
-3714
-3664
-4045
-3954
-3441
-2663
-2699
-3017
-2863
-2066
-1337
-1482
-1762
-1243
-205
-47
-715
-872
-71
1130
1142
214
-167
641
1687
1728
937
557
585
538
808
852
1315
799
65
-45
445
461
-827
-1641
-967
800
585
-1250
-2635
-1875
425
1202
-388
-1524
-643
1535
1997
364
-163
1724
4125
3945
1947
1027
2781
4802
4625
3021
2224
3349
4481
3879
2853
2503
3381
3973
2832
1568
1341
2128
2294
1410
355
153
345
81
-666
-1300
-1379
-1297
-1751
-2503
-2780
-2815
-2894
-3561
-3897
-3600
-3406
-3434
-3916
-4133
-3736
-3467
-3225
-3328
-3285
-2807
-2210
-1994
-2290
-2148
-1586
-680
-458
-730
-704
-337
348
522
366
395
666
709
672
629
922
1300
1108
920
622
535
314
-14
584
1390
1566
327
-1185
-1021
429
1130
-45
-1422
-1191
538
1022
-832
-2226
-1206
1206
1801
-202
-1458
56
2610
2768
857
311
2421
4536
3622
1513
1486
3697
5196
3780
1760
2016
3639
4205
2491
1194
1846
3085
2561
672
-99
802
1776
796
-723
-1408
-704
-148
-861
-1957
-2420
-2078
-1990
-2482
-3170
-3211
-3055
-3295
-3518
-3503
-3248
-3283
-3684
-3532
-2972
-2475
-2602
-2831
-2377
-1542
-1312
-1575
-1540
-801
16
23
-453
-368
413
916
710
287
428
1030
1240
1042
989
1176
1464
1385
1082
1115
1028
456
722
1274
1903
1174
-426
-566
634
1337
105
-1414
-1225
864
1239
-473
-2219
-1532
998
1725
-27
-1473
-371
1919
2423
537
-413
1311
3561
3427
1112
86
2021
4218
3727
1264
388
2020
3503
2347
469
344
1895
2448
837
-710
-258
1098
971
-463
-1382
-777
-221
-781
-1634
-1797
-1589
-1557
-2076
-2423
-2227
-2208
-2420
-2724
-2628
-2399
-2373
-2752
-2818
-2329
-2048
-2013
-2274
-2112
-1439
-1124
-1076
-1196
-867
-238
-16
-328
-522
-44
520
721
273
-4
400
857
886
729
882
1166
1198
865
1021
1302
1390
926
275
769
1581
1896
1179
89
166
960
1308
510
-616
-657
542
1234
273
-1158
-1475
95
1612
876
-613
-819
830
2126
1037
-360
220
2487
3293
1722
-44
578
2601
2876
1343
60
880
2321
1860
138
-592
517
1694
933
-896
-1534
-533
649
348
-1051
-1687
-1006
-214
-637
-1898
-2361
-1573
-927
-1448
-2492
-2731
-1942
-1390
-1907
-2460
-2332
-1613
-1218
-1536
-1898
-1691
-1087
-684
-722
-852
-664
-219
52
-19
-108
187
666
864
642
427
664
825
833
704
970
1393
1196
695
589
1317
1824
1463
727
619
954
703
434
679
1390
1202
-113
-681
121
1135
574
-1106
-1449
-38
864
-484
-2298
-2047
175
1257
-467
-2279
-1484
1152
1725
-498
-1973
-232
2646
2337
-452
-1521
705
2981
2042
-584
-1039
1084
2384
916
-1106
-727
1231
1782
160
-1316
-858
823
1138
-21
-1009
-542
747
756
-278
-1338
-831
15
251
-498
-1341
-1058
-568
-360
-774
-1013
-706
-525
-559
-807
-761
-493
-319
-122
-218
-80
-146
59
265
178
219
244
396
275
-13
49
485
698
418
-192
43
762
1035
391
-453
-146
686
1127
569
-55
-261
-92
128
302
590
448
-146
-716
-551
-5
-98
-849
-1285
-813
-295
-828
-1926
-2061
-859
180
-372
-1684
-1707
-388
556
-5
-1049
-589
752
1360
471
-625
-87
1265
1830
791
-453
-50
1326
1710
393
-501
366
1847
1753
84
-404
733
2047
1529
-183
-458
750
1693
1054
-294
-667
340
1009
517
-380
-615
-130
43
-566
-952
-610
-179
-155
-686
-843
-579
-376
-271
-278
-181
95
100
-279
-249
81
514
599
264
275
385
375
240
281
668
912
479
-61
-50
334
781
589
107
246
457
718
154
-480
22
922
1164
-46
-1470
-1298
54
482
-717
-2230
-1965
-531
-239
-1613
-2695
-2233
-924
-830
-2177
-2691
-1689
-368
-597
-1984
-2494
-1258
62
31
-1055
-1496
-554
588
485
-228
-366
509
1305
900
209
267
1240
1922
1407
595
713
1636
2093
1601
1040
1182
1748
1661
1143
750
845
1080
893
711
485
488
434
138
5
405
733
630
-27
-364
277
909
794
91
-283
301
989
759
64
-8
663
1012
515
-196
-69
731
1105
627
-124
-26
570
831
520
-37
10
405
594
199
-168
-88
162
-128
-1024
-1493
-1057
-267
-536
-1691
-2539
-2100
-1396
-1658
-2877
-3399
-2598
-1928
-2330
-3496
-3697
-2692
-1842
-2156
-2922
-2858
-1828
-1138
-1567
-2181
-1723
-484
275
-212
-901
-467
800
1664
1290
554
889
2044
2755
2276
1472
2012
3275
3601
2563
1666
2292
3450
3687
2765
2089
2259
2668
2543
1997
1676
1760
1957
1678
1143
886
1071
1134
810
458
382
514
496
130
-165
-162
-3
-77
-451
-508
-161
25
-329
-837
-894
-364
-179
-578
-987
-837
-495
-639
-1017
-863
-458
-320
-654
-1166
-942
-597
-534
-656
-763
-794
-835
-1061
-1153
-1573
-1691
-1461
-1078
-1137
-2095
-2566
-2271
-1529
-1742
-2448
-3016
-2527
-1829
-2082
-2569
-2956
-2533
-1929
-1916
-2187
-2207
-1754
-972
-602
-764
-997
-519
461
1282
1188
694
1053
2050
2665
2364
1842
2472
3511
3649
2804
2132
2792
3685
3698
2823
2184
2495
3104
3094
2308
1795
1950
2523
2368
1597
1033
1247
1852
1727
1131
588
776
1017
823
425
184
417
512
66
-353
-441
-162
-112
-470
-725
-741
-589
-667
-801
-800
-776
-745
-836
-924
-865
-837
-819
-923
-1045
-1118
-1072
-1043
-1163
-1370
-1509
-1395
-1420
-1683
-1893
-1920
-1557
-1765
-2367
-2483
-2272
-1559
-1850
-2498
-2696
-2351
-1993
-2380
-2959
-2843
-1933
-1668
-2166
-2872
-2887
-1849
-1216
-1441
-1897
-1729
-579
138
-152
-572
26
1393
2090
1412
696
1441
2829
3506
2925
2335
2922
3903
4007
3488
3090
3498
4119
4002
3488
3103
3168
3566
3588
3155
2903
2724
2842
2735
2320
1998
1949
2011
1829
1453
1251
1270
1105
777
463
329
185
-172
-571
-564
-476
-837
-1434
-1792
-1492
-1342
-1769
-2279
-2350
-1885
-1903
-2427
-2636
-2252
-1898
-2237
-2704
-2664
-2215
-2060
-2348
-2543
-2334
-2011
-2047
-2210
-2148
-1951
-1997
-2201
-2837
-2600
-1925
-1368
-1527
-2720
-3069
-2433
-1453
-1660
-2680
-3084
-1992
-928
-1431
-2604
-2934
-1519
30
-274
-1376
-1474
-57
1439
1125
154
349
2091
3349
2888
1573
1657
3441
4887
4376
3070
2997
4519
5281
4325
3284
3511
4941
5059
3612
2578
3254
4589
4543
2986
2038
2757
3674
3327
2122
1510
1988
2455
1705
739
463
987
977
-67
-976
-928
-463
-867
-1898
-2343
-1882
-1781
-2568
-3325
-3112
-2540
-2606
-3369
-3635
-3015
-2635
-2960
-3517
-3286
-2561
-2456
-2905
-3225
-2736
-2052
-2068
-2416
-2617
-2321
-2033
-2036
-1922
-1882
-1789
-1743
-1633
-1458
-1323
-1226
-1001
-863
-1261
-1457
-1302
-546
-194
-833
-1356
-1211
-471
-220
-629
-1089
-557
39
71
-267
-653
-30
859
1148
877
483
917
1843
2386
2216
1994
2476
3322
3753
3173
2807
3299
4130
4362
3586
3019
3475
4008
3897
3220
2788
3185
3444
3140
2612
2398
2589
2804
2577
2114
1775
1574
1620
1516
1014
550
354
436
349
-341
-994
-1112
-921
-1106
-1725
-2214
-2200
-2063
-2217
-2542
-2741
-2599
-2449
-2520
-2710
-2887
-2854
-2530
-2443
-2541
-2666
-2770
-2509
-2260
-2465
-2753
-2719
-2330
-2071
-2310
-2442
-2243
-1883
-1892
-2151
-2148
-1713
-1303
-1485
-1894
-1762
-1564
-1992
-2128
-1742
-586
-566
-1783
-2378
-1327
142
134
-1231
-1833
-189
1330
1145
-507
-1175
671
2726
2523
865
470
2399
4232
3449
1575
1661
4021
5527
4350
2157
2417
4809
5980
4480
2369
2637
4677
5378
3801
2253
2719
4350
4490
2750
1523
2148
3374
3201
1664
690
1158
2003
1592
99
-833
-437
234
-224
-1482
-2150
-1764
-1488
-2241
-3026
-3038
-2690
-2798
-3540
-3800
-3439
-3190
-3491
-3868
-3755
-3434
-3191
-3434
-3580
-3449
-3244
-3089
-3098
-2991
-2820
-2778
-2680
-2466
-2288
-2100
-1886
-1616
-1620
-1783
-1863
-1440
-886
-755
-915
-1190
-989
-624
-441
-283
-142
76
133
-182
-93
447
1096
1224
762
656
1028
1541
1641
1487
1449
1766
2070
1821
1602
1547
2039
2644
2510
2073
1878
2344
3104
3100
2574
2412
3010
3563
3313
2637
2573
3250
3656
3172
2370
2267
2820
3003
2464
1864
1703
2012
1918
1399
1052
996
918
715
312
49
-78
-172
-212
-484
-943
-1338
-1364
-1223
-1354
-1860
-2276
-2223
-2104
-2410
-2865
-2940
-2552
-2527
-3098
-3536
-3371
-2882
-2950
-3268
-3250
-2788
-2624
-3024
-3240
-2778
-2169
-2131
-2664
-2911
-2509
-1864
-1602
-1940
-2080
-1685
-1076
-941
-1192
-1218
-672
39
171
-144
-220
323
882
906
561
755
1082
1141
1021
1283
2135
2107
1461
864
1517
2576
2478
1450
990
1967
2782
2350
1067
778
1912
2805
2339
1188
951
2033
2799
2217
1225
1197
2355
3123
2623
1510
1381
2390
2922
2334
1247
1429
2320
2523
1558
430
652
1425
1472
623
-82
131
708
621
-88
-596
-507
-188
-367
-1091
-1563
-1592
-1362
-1387
-1806
-2280
-2561
-2515
-2566
-2643
-2821
-2912
-3062
-3210
-3264
-3198
-3143
-3131
-3234
-3270
-3091
-2935
-2749
-2554
-2468
-2307
-2190
-2093
-1858
-1682
-1483
-1235
-1148
-1174
-1056
-768
-252
-13
103
237
498
779
781
884
1273
1688
1688
1350
1307
1764
2262
2200
1557
1614
2258
2982
2550
1415
1329
2110
2925
2449
1182
706
1644
2665
2291
886
189
1245
2421
1892
452
122
1630
2724
1767
229
383
2248
3185
1990
440
755
2390
2810
1619
588
1053
2141
1994
905
233
516
1140
915
87
-589
-644
-252
-249
-637
-1204
-1572
-1499
-1377
-1620
-2258
-2558
-2407
-2362
-2631
-3197
-3436
-3262
-3264
-3392
-3592
-3609
-3454
-3344
-3226
-3093
-3041
-2996
-2907
-2612
-2328
-2190
-2137
-1934
-1576
-1327
-1032
-865
-643
-408
-187
29
301
514
700
1039
1200
1268
1269
1445
1693
1897
1945
1950
2219
2398
2299
2020
2011
2356
2473
2268
1679
1512
2053
2439
2084
1210
888
1406
1886
1579
709
416
1023
1449
1060
161
-71
671
1395
1040
84
-110
766
1586
1081
-5
-73
1078
1951
1265
57
-35
1010
1682
944
-113
-31
914
1187
342
-488
-185
545
588
-315
-1069
-943
-419
-463
-1129
-1652
-1760
-1550
-1746
-2205
-2596
-2683
-2423
-2385
-2651
-3006
-2940
-2734
-2741
-2926
-2899
-2390
-2170
-2481
-2552
-2129
-1455
-1368
-1715
-1614
-979
-380
-510
-807
-456
309
673
360
95
460
1076
1271
1032
1090
1481
1977
2078
1834
1736
1742
1860
1884
1818
1756
1758
1906
1934
1829
1624
1611
1822
1816
1527
904
856
1382
1739
1521
798
518
699
950
803
419
198
240
389
257
-130
-359
-163
321
370
-78
-411
-269
357
582
154
-276
-6
663
734
125
-311
51
695
627
-151
-647
-235
314
27
-730
-1099
-708
-385
-848
-1485
-1635
-1183
-1030
-1475
-1899
-1938
-1637
-1603
-1871
-2134
-2103
-1955
-1909
-1887
-2015
-1992
-1875
-1805
-1618
-1463
-1330
-1353
-1360
-1133
-770
-567
-649
-571
-173
316
450
238
256
683
1199
1186
822
892
1375
1793
1621
1256
1359
1811
2147
1910
1633
1794
1989
1998
1801
1725
1831
1842
1740
1546
1567
1487
1251
1083
1040
1072
901
533
342
540
715
502
-69
-446
-278
-128
-321
-802
-1198
-1033
-798
-879
-1147
-1372
-1132
-776
-774
-1102
-1190
-810
-306
-253
-657
-819
-364
163
191
-228
-480
-196
146
166
-73
-134
26
151
225
5
-192
-271
-174
-8
-97
-326
-628
-564
-319
-277
-516
-823
-723
-545
-743
-1045
-1016
-668
-519
-875
-1261
-1104
-772
-689
-923
-973
-528
-242
-260
-449
-271
211
544
495
352
397
656
933
1093
1081
998
1030
1141
1277
1269
1289
1336
1383
1350
1210
1203
1243
1340
1316
1263
1113
831
597
580
784
843
518
95
52
204
144
-287
-621
-588
-482
-707
-987
-887
-747
-935
-1313
-1359
-1066
-1011
-1369
-1614
-1290
-817
-964
-1527
-1697
-1067
-473
-580
-932
-847
-202
68
-264
-480
-64
626
749
221
-159
284
939
1015
520
291
681
1030
855
294
123
662
1080
759
40
-188
252
517
270
-168
-263
-67
-46
-378
-745
-662
-377
-285
-490
-679
-545
-326
-318
-485
-360
-106
65
14
-102
86
431
653
653
574
694
897
1047
1009
943
1033
1082
1089
1083
1183
1181
1050
893
866
883
780
637
555
468
316
128
6
-20
-92
-301
-548
-573
-485
-579
-791
-933
-934
-974
-1174
-1349
-1301
-1235
-1303
-1435
-1407
-1266
-1318
-1535
-1621
-1552
-1355
-1305
-1410
-1343
-1149
-946
-836
-730
-550
-272
50
198
311
477
712
959
1046
1043
1269
1640
1767
1535
1337
1575
1873
1733
1272
1115
1413
1570
1198
642
623
917
927
350
-125
-11
164
51
-382
-676
-540
-434
-643
-947
-1003
-774
-612
-748
-853
-783
-613
-528
-468
-415
-319
-109
14
103
110
255
528
659
645
603
660
786
849
793
743
795
727
624
525
496
497
259
96
57
-8
-243
-462
-357
-196
-387
-772
-932
-699
-494
-708
-1062
-1097
-880
-930
-1325
-1586
-1388
-1073
-1207
-1643
-1751
-1308
-844
-943
-1275
-1194
-688
-353
-488
-684
-436
159
509
356
81
189
704
1108
1053
822
868
1196
1394
1253
1145
1418
1743
1655
1207
1009
1291
1597
1425
957
663
763
806
531
246
246
446
358
-121
-429
-302
-42
-100
-415
-624
-572
-444
-400
-421
-395
-349
-423
-525
-504
-284
-36
64
-4
-92
-13
181
332
432
394
358
399
417
417
408
513
669
662
464
206
210
388
484
337
124
-5
8
1
-115
-263
-366
-342
-456
-740
-1023
-1077
-969
-1048
-1310
-1613
-1723
-1537
-1427
-1496
-1638
-1547
-1400
-1365
-1388
-1260
-848
-540
-507
-682
-690
-365
-4
187
251
212
190
210
380
559
598
501
330
380
537
595
526
494
715
913
819
548
540
950
1200
1022
658
637
917
1009
808
560
617
750
715
423
265
403
594
570
354
240
316
435
467
354
347
523
667
604
405
377
538
711
625
370
317
454
492
298
94
181
413
393
125
-76
150
450
331
-16
-190
-48
49
-209
-496
-529
-346
-313
-591
-888
-841
-672
-685
-929
-1204
-1223
-1134
-1095
-1168
-1395
-1493
-1481
-1409
-1460
-1535
-1473
-1325
-1239
-1332
-1420
-1312
-1000
-834
-842
-938
-791
-531
-341
-247
-187
-31
88
114
110
189
327
503
556
502
507
562
748
881
930
977
1097
1268
1342
1220
1141
1278
1400
1401
1177
1044
1170
1334
1349
1175
1035
1015
1063
994
928
940
908
787
601
556
694
822
736
580
456
463
443
260
89
94
101
-27
-208
-385
-347
-225
-278
-442
-593
-631
-563
-576
-674
-718
-653
-608
-682
-871
-897
-769
-753
-790
-962
-1080
-1061
-982
-982
-1064
-1103
-1121
-1082
-1074
-1120
-1128
-1047
-931
-937
-1037
-1052
-945
-856
-877
-992
-1032
-859
-689
-742
-891
-875
-561
-283
-302
-385
-302
-63
140
65
-70
80
305
383
317
364
644
948
1071
1031
1035
1262
1453
1521
1530
1527
1646
1659
1643
1633
1686
1796
1806
1804
1777
1734
1739
1772
1744
1623
1497
1387
1236
1096
1004
974
927
739
445
336
301
228
85
-103
-116
-161
-311
-485
-611
-573
-607
-773
-916
-997
-1021
-1086
-1073
-1091
-1169
-1307
-1390
-1371
-1277
-1255
-1321
-1379
-1401
-1346
-1367
-1328
-1252
-1163
-1213
-1296
-1343
-1299
-1174
-1105
-1018
-1088
-1147
-1132
-1161
-1099
-969
-895
-893
-920
-843
-758
-646
-540
-553
-605
-510
-402
-321
-295
-319
-226
-70
37
51
113
291
524
706
729
762
961
1180
1333
1391
1475
1586
1764
1938
2064
2104
2132
2175
2291
2350
2340
2283
2280
2400
2352
2239
2035
1869
1799
1758
1756
1627
1380
1168
996
839
683
520
371
275
77
-198
-346
-392
-404
-576
-858
-1061
-1090
-1135
-1309
-1538
-1562
-1399
-1390
-1637
-1842
-1854
-1697
-1661
-1788
-1855
-1764
-1653
-1664
-1723
-1793
-1715
-1571
-1491
-1445
-1481
-1448
-1343
-1193
-1115
-1171
-1261
-1260
-1023
-932
-992
-1014
-942
-808
-798
-794
-724
-573
-481
-487
-523
-421
-219
-41
65
109
162
268
505
655
768
854
967
1136
1253
1308
1364
1540
1718
1841
1891
1949
2081
2162
2185
2191
2167
2223
2286
2326
2379
2428
2358
2227
2166
2120
2096
1922
1781
1684
1572
1394
1114
878
816
776
521
152
-118
-174
-256
-414
-634
-755
-817
-993
-1247
-1508
-1577
-1493
-1547
-1759
-2026
-2088
-2064
-2076
-2222
-2391
-2351
-2283
-2213
-2243
-2247
-2114
-1968
-1878
-1851
-1845
-1782
-1613
-1455
-1393
-1360
-1329
-1177
-1023
-928
-908
-840
-690
-575
-580
-602
-485
-309
-225
-277
-253
-124
133
235
223
287
453
685
762
753
765
912
1132
1217
1243
1234
1283
1460
1537
1548
1571
1657
1763
1805
1790
1784
1824
1887
1938
1916
1955
1936
1849
1803
1793
1774
1681
1598
1558
1530
1486
1410
1313
1263
1219
1036
831
628
578
531
358
130
-32
-37
-129
-310
-533
-637
-685
-792
-962
-1092
-1246
-1345
-1447
-1675
-1951
-2072
-2034
-2003
-1985
-2121
-2212
-2209
-2190
-2150
-2179
-2136
-2036
-2023
-2022
-2045
-1909
-1686
-1599
-1593
-1560
-1395
-1239
-1149
-1026
-841
-630
-560
-500
-461
-381
-248
-124
-36
-33
34
113
320
480
597
661
679
710
781
898
1045
1203
1182
1157
1193
1281
1374
1390
1393
1479
1584
1573
1530
1552
1641
1712
1730
1628
1598
1543
1538
1567
1573
1527
1397
1317
1321
1292
1165
1022
943
993
982
891
796
805
845
757
593
453
453
410
321
171
10
-98
-159
-280
-483
-632
-701
-749
-934
-1097
-1172
-1146
-1220
-1448
-1666
-1747
-1767
-1830
-1944
-2015
-2049
-2085
-2128
-2226
-2253
-2241
-2270
-2259
-2179
-2042
-1922
-1857
-1766
-1590
-1395
-1366
-1368
-1213
-1007
-844
-758
-637
-439
-219
-80
34
186
421
647
778
879
1040
1175
1262
1286
1279
1401
1525
1642
1670
1670
1681
1740
1823
1796
1714
1670
1677
1664
1619
1553
1507
1523
1490
1404
1314
1247
1271
1238
1106
1020
983
923
878
738
662
644
573
464
365
303
265
208
117
-3
-48
-25
-11
-44
-215
-343
-392
-430
-489
-670
-758
-809
-847
-967
-1149
-1174
-1151
-1173
-1274
-1400
-1499
-1545
-1586
-1683
-1737
-1836
-1886
-1856
-1903
-1916
-1918
-1909
-1802
-1744
-1741
-1703
-1580
-1377
-1259
-1276
-1221
-1068
-808
-669
-641
-557
-420
-209
-58
49
252
457
633
823
950
1112
1206
1353
1544
1708
1825
1843
1851
1883
1945
1985
1946
1903
1868
1850
1838
1698
1584
1586
1574
1501
1327
1205
1249
1204
1092
880
731
687
648
417
160
108
127
126
-47
-230
-266
-187
-130
-206
-258
-187
-104
-68
-178
-235
-219
-196
-231
-304
-382
-439
-422
-453
-488
-472
-550
-644
-734
-844
-803
-812
-880
-1036
-1127
-1180
-1193
-1154
-1160
-1189
-1277
-1247
-1229
-1237
-1308
-1325
-1324
-1321
-1361
-1388
-1319
-1228
-1085
-1028
-971
-961
-892
-795
-675
-587
-460
-361
-248
-115
6
155
277
426
526
573
684
857
970
1053
1150
1290
1375
1373
1417
1523
1692
1716
1581
1451
1450
1601
1587
1490
1354
1355
1406
1372
1218
1140
1188
1171
1032
802
645
656
686
548
347
202
150
147
51
-139
-255
-279
-289
-357
-517
-585
-491
-432
-439
-600
-666
-580
-410
-405
-590
-652
-595
-582
-679
-832
-832
-678
-618
-721
-857
-846
-757
-727
-830
-918
-890
-841
-891
-954
-990
-948
-893
-915
-959
-999
-949
-849
-764
-786
-784
-726
-598
-504
-498
-445
-368
-281
-219
-193
-106
58
180
218
229
328
449
562
632
685
787
851
910
962
961
1025
1101
1146
1138
1144
1149
1205
1252
1228
1206
1171
1167
1089
1019
1005
1061
1051
965
946
975
975
868
715
627
581
520
437
284
176
125
96
-16
-189
-302
-395
-462
-527
-610
-673
-688
-688
-750
-782
-741
-742
-795
-891
-906
-906
-868
-873
-946
-910
-892
-884
-909
-856
-778
-750
-755
-784
-764
-779
-774
-707
-703
-711
-708
-674
-637
-645
-591
-540
-544
-562
-545
-488
-397
-311
-280
-258
-259
-208
-157
-130
-50
32
83
148
217
256
294
365
441
515
536
542
608
683
786
839
894
933
949
1015
1071
1144
1231
1249
1163
1085
1040
988
977
969
992
1021
938
855
821
850
838
737
640
626
666
666
588
485
407
299
170
47
-49
-22
-110
-213
-336
-410
-437
-481
-479
-557
-664
-750
-799
-791
-784
-858
-857
-929
-971
-1005
-1033
-1003
-949
-883
-857
-929
-900
-823
-749
-699
-721
-691
-653
-675
-734
-713
-603
-509
-514
-598
-643
-550
-423
-369
-410
-416
-346
-248
-201
-229
-205
-93
57
87
61
85
228
344
311
250
237
344
471
503
530
578
663
705
654
714
784
840
874
819
836
911
904
859
831
872
857
805
734
730
778
724
620
564
519
515
485
428
396
325
291
240
198
126
82
90
85
54
19
-27
-43
-24
-54
-129
-195
-168
-159
-217
-283
-338
-327
-347
-435
-530
-586
-558
-538
-565
-624
-739
-754
-703
-687
-696
-723
-691
-655
-651
-679
-650
-593
-562
-547
-583
-599
-553
-471
-459
-476
-394
-290
-250
-214
-192
-122
-23
46
47
39
81
150
189
216
221
200
207
222
215
185
228
287
272
249
237
267
295
288
259
209
228
224
255
314
379
422
417
423
435
502
533
559
577
567
567
548
539
534
560
539
467
375
328
387
385
320
289
286
261
216
144
118
185
262
229
132
53
33
97
81
15
-71
-137
-166
-182
-238
-349
-447
-444
-450
-499
-582
-664
-633
-617
-648
-742
-804
-750
-692
-697
-725
-749
-683
-598
-614
-639
-620
-552
-529
-541
-526
-450
-294
-160
-109
-73
25
143
200
215
187
232
281
275
240
205
220
246
231
170
101
142
206
165
81
24
60
103
64
10
3
55
74
30
26
34
92
178
239
274
317
340
355
420
498
493
454
512
586
616
602
562
564
594
635
562
467
495
567
533
459
424
405
382
309
215
179
134
114
73
9
-105
-229
-288
-317
-344
-388
-450
-506
-498
-493
-510
-584
-565
-524
-513
-543
-591
-611
-559
-576
-686
-733
-743
-658
-559
-502
-515
-451
-375
-343
-347
-346
-257
-237
-216
-184
-139
-101
-67
-10
52
109
123
132
151
118
156
213
188
190
189
230
268
266
217
232
293
355
419
403
442
474
498
450
367
364
357
362
365
352
355
357
276
260
228
213
212
156
158
195
166
134
169
190
216
215
169
135
121
113
95
98
70
-3
36
46
39
10
-53
-72
-100
-126
-170
-197
-199
-228
-226
-234
-264
-319
-371
-348
-311
-352
-420
-479
-454
-420
-429
-424
-459
-398
-352
-346
-335
-326
-254
-226
-237
-241
-226
-182
-115
-105
-127
-104
-94
-97
-133
-149
-76
5
35
54
45
79
131
99
89
143
197
194
163
194
282
325
273
182
173
241
258
193
174
206
294
303
254
211
237
345
400
375
342
345
392
373
330
279
334
364
319
289
259
276
222
178
147
117
100
101
75
55
5
-35
-91
-126
-114
-141
-129
-165
-188
-200
-216
-166
-138
-148
-149
-180
-163
-173
-201
-233
-242
-185
-183
-201
-225
-217
-229
-241
-267
-310
-301
-245
-233
-301
-374
-368
-325
-307
-292
-316
-310
-291
-322
-352
-375
-337
-332
-318
-322
-378
-380
-333
-266
-224
-175
-119
-76
-100
-121
-114
-73
30
51
102
129
147
215
261
327
411
431
502
576
580
616
607
646
631
583
558
523
487
477
445
421
440
453
410
415
415
379
383
334
277
251
261
248
205
178
123
99
59
24
18
-15
-34
-36
-50
-81
-83
-71
-56
-24
-16
-58
-79
-65
-99
-140
-155
-214
-235
-236
-264
-306
-317
-340
-378
-421
-470
-512
-499
-502
-550
-619
-649
-588
-534
-550
-539
-525
-445
-401
-458
-517
-500
-455
-420
-438
-455
-413
-365
-310
-306
-297
-261
-190
-132
-133
-97
-18
49
99
129
150
212
301
324
349
379
485
566
580
598
623
664
697
668
658
642
674
688
684
675
644
656
663
615
585
581
578
541
451
403
397
400
385
311
253
226
233
181
108
52
10
-14
-81
-147
-163
-132
-128
-140
-181
-175
-112
-115
-167
-218
-256
-244
-245
-284
-334
-352
-397
-478
-555
-618
-635
-604
-598
-614
-650
-628
-583
-569
-557
-557
-526
-512
-519
-551
-563
-527
-505
-512
-554
-559
-515
-457
-423
-406
-323
-191
-130
-75
-30
43
145
170
178
225
315
415
460
461
473
498
509
464
463
513
576
627
630
674
692
706
719
749
736
729
698
666
663
636
624
581
540
503
454
372
368
330
249
184
114
119
91
58
35
17
3
-11
-35
-44
-73
-110
-145
-199
-222
-243
-258
-229
-236
-236
-278
-300
-287
-350
-414
-463
-478
-540
-571
-607
-620
-629
-645
-697
-753
-747
-744
-743
-774
-800
-781
-748
-717
-633
-608
-552
-479
-465
-399
-370
-334
-282
-226
-212
-229
-215
-182
-132
-60
7
76
140
186
268
356
407
471
539
602
626
612
632
661
690
700
698
687
707
747
739
709
693
691
685
651
629
626
677
679
630
562
511
503
452
379
306
281
295
258
210
183
166
156
132
85
47
12
22
-18
-49
-130
-186
-202
-227
-236
-301
-329
-353
-397
-416
-460
-462
-464
-488
-516
-539
-499
-458
-502
-562
-606
-606
-591
-636
-659
-717
-683
-668
-685
-693
-641
-588
-541
-502
-516
-474
-447
-420
-418
-398
-351
-303
-228
-177
-171
-134
-63
-1
64
130
193
249
306
387
429
488
571
618
622
657
690
723
728
709
717
700
722
688
646
634
605
588
542
525
516
510
484
458
442
433
422
389
329
287
306
278
261
219
178
171
146
87
17
-27
-57
-99
-162
-189
-176
-157
-175
-231
-284
-323
-374
-401
-442
-451
-453
-436
-444
-474
-502
-504
-502
-521
-546
-575
-579
-595
-587
-578
-582
-571
-580
-620
-606
-566
-490
-453
-437
-430
-385
-346
-298
-253
-237
-189
-147
-125
-145
-138
-69
-19
-10
15
108
203
276
317
349
395
441
470
514
544
576
621
644
623
593
614
634
615
604
600
596
625
621
620
582
588
616
572
528
510
498
488
451
411
379
379
345
288
217
172
166
130
71
25
-8
15
-15
-95
-121
-142
-141
-165
-192
-220
-276
-356
-418
-485
-550
-573
-603
-600
-633
-661
-651
-679
-696
-740
-767
-761
-743
-740
-724
-695
-692
-654
-650
-629
-608
-615
-541
-498
-474
-454
-431
-410
-407
-345
-312
-265
-193
-166
-129
-58
25
113
136
190
248
305
335
379
452
515
565
561
574
615
638
653
708
722
743
812
832
841
835
834
874
845
782
741
710
669
644
627
602
570
528
484
427
357
319
251
201
125
63
10
-55
-105
-168
-174
-194
-225
-288
-320
-343
-388
-429
-464
-489
-535
-569
-577
-578
-567
-562
-538
-506
-502
-484
-479
-477
-454
-405
-390
-426
-452
-457
-486
-486
-500
-534
-576
-544
-527
-523
-496
-477
-431
-414
-393
-387
-366
-314
-283
-245
-223
-196
-94
-41
-9
52
111
165
213
267
362
422
472
508
570
648
664
689
714
739
713
724
747
781
803
803
806
773
748
735
754
752
708
643
615
592
555
490
424
353
335
301
221
110
43
-10
-52
-111
-200
-236
-257
-280
-317
-366
-393
-395
-401
-424
-451
-451
-444
-438
-498
-557
-587
-590
-576
-575
-575
-579
-552
-525
-502
-489
-463
-435
-405
-390
-377
-384
-409
-378
-358
-346
-298
-224
-210
-211
-242
-271
-258
-231
-218
-192
-164
-148
-103
-90
-78
-26
2
23
64
111
121
167
204
185
215
232
265
334
383
426
465
480
490
494
503
545
554
542
577
605
625
614
605
612
607
632
611
608
614
590
575
517
475
441
409
344
299
236
195
142
87
25
-42
-72
-110
-151
-206
-266
-311
-309
-372
-403
-439
-461
-512
-550
-568
-559
-493
-512
-538
-568
-557
-532
-482
-475
-482
-473
-447
-405
-413
-421
-420
-379
-349
-316
-291
-299
-288
-299
-300
-284
-262
-275
-249
-239
-230
-226
-205
-188
-172
-131
-113
-78
-37
12
55
106
126
159
180
222
243
280
288
315
363
401
478
484
525
554
577
592
645
681
674
695
671
645
647
639
628
620
640
607
557
513
470
458
428
360
319
283
225
161
117
66
31
-10
-58
-83
-123
-131
-150
-166
-213
-253
-304
-352
-389
-404
-430
-495
-511
-539
-551
-590
-640
-652
-691
-699
-712
-716
-692
-658
-657
-670
-638
-624
-613
-610
-590
-541
-497
-461
-454
-410
-367
-333
-290
-296
-256
-249
-237
-226
-209
-135
-105
-52
-57
-18
54
103
188
219
238
310
373
396
454
508
559
633
681
704
728
742
769
766
781
796
791
805
785
755
709
685
690
711
723
708
666
591
543
515
481
436
352
301
275
215
153
89
26
-9
-49
-107
-162
-198
-222
-213
-223
-254
-291
-330
-330
-370
-415
-475
-481
-486
-543
-571
-618
-628
-648
-650
-663
-703
-700
-669
-640
-610
-617
-609
-583
-564
-545
-503
-487
-418
-366
-366
-362
-334
-294
-231
-203
-223
-220
-212
-174
-156
-109
-82
-27
33
51
83
140
228
294
326
315
350
414
434
452
456
490
492
525
525
528
544
569
563
551
532
546
587
608
601
586
542
517
519
521
526
541
506
441
380
318
268
221
182
102
62
4
-41
-63
-100
-143
-174
-203
-208
-229
-215
-213
-235
-235
-273
-313
-371
-381
-414
-417
-424
-431
-416
-398
-395
-390
-384
-411
-436
-442
-447
-446
-463
-462
-458
-472
-468
-470
-407
-335
-315
-271
-258
-224
-198
-215
-218
-241
-209
-184
-144
-119
-104
-41
9
8
-2
28
36
52
69
97
130
152
153
146
182
218
220
253
287
304
316
360
415
403
415
428
443
457
465
470
495
507
512
493
507
502
500
505
474
468
446
446
407
379
371
335
333
282
273
229
218
184
148
145
104
87
77
47
13
-39
-84
-103
-185
-218
-284
-331
-385
-452
-450
-443
-450
-443
-449
-447
-440
-428
-448
-450
-421
-415
-400
-424
-397
-391
-365
-335
-340
-346
-338
-315
-321
-339
-325
-318
-329
-294
-307
-310
-268
-238
-247
-234
-219
-202
-190
-167
-162
-161
-135
-125
-110
-138
-108
-63
-66
-13
-9
14
28
28
49
80
107
98
110
113
143
156
191
245
272
280
308
355
409
481
504
546
556
542
540
557
573
576
599
583
565
561
541
528
507
498
473
425
375
353
327
294
229
187
130
72
33
-19
-76
-137
-190
-242
-295
-339
-369
-378
-394
-414
-464
-489
-488
-490
-487
-490
-499
-465
-463
-461
-448
-433
-411
-396
-373
-356
-311
-270
-265
-229
-205
-167
-142
-93
-29
-15
24
30
39
50
94
84
91
76
60
69
72
118
153
154
171
172
164
183
171
175
200
198
229
286
321
328
314
303
314
342
329
332
346
361
348
281
292
291
283
270
244
220
213
227
202
197
202
198
156
149
126
97
62
41
14
2
2
-40
-73
-101
-137
-150
-169
-187
-253
-297
-358
-400
-444
-490
-493
-516
-520
-533
-550
-548
-489
-455
-427
-412
-400
-408
-433
-446
-436
-378
-351
-312
-271
-252
-231
-185
-126
-81
0
42
67
112
136
169
166
165
137
133
158
162
174
184
207
233
231
201
218
214
183
150
131
132
126
157
170
178
199
192
199
161
148
135
131
98
61
73
53
75
67
68
68
76
83
71
97
90
87
65
73
94
117
145
158
192
216
231
236
231
214
197
189
189
190
183
168
176
186
190
197
189
184
164
139
105
39
2
-28
-67
-117
-145
-183
-234
-278
-311
-334
-378
-403
-400
-380
-355
-373
-390
-421
-401
-374
-374
-365
-362
-338
-310
-278
-262
-255
-257
-225
-192
-168
-155
-152
-147
-132
-128
-97
-69
-39
-36
5
49
80
109
130
123
123
140
115
132
108
132
131
103
125
134
189
219
230
246
266
275
271
294
327
321
336
327
310
294
287
291
287
280
260
261
249
190
132
128
98
85
73
49
40
-8
-47
-60
-65
-79
-76
-98
-106
-113
-110
-109
-104
-110
-124
-142
-139
-121
-151
-130
-138
-160
-191
-189
-174
-161
-141
-126
-123
-129
-106
-85
-80
-110
-117
-155
-160
-180
-219
-191
-189
-186
-200
-214
-197
-211
-187
-169
-135
-109
-101
-95
-109
-97
-118
-91
-57
-67
-65
-63
-42
-4
16
30
31
52
77
109
149
187
234
271
282
303
325
335
344
326
332
355
379
334
318
325
311
316
336
298
272
256
212
187
168
136
105
77
47
52
56
67
41
2
-34
-52
-75
-62
-10
-13
-7
-21
-13
-8
-10
-11
-34
-27
-49
-48
-83
-108
-109
-139
-163
-211
-217
-223
-226
-227
-228
-231
-226
-201
-189
-186
-184
-209
-199
-193
-196
-176
-173
-150
-143
-127
-137
-149
-145
-141
-151
-165
-174
-163
-156
-183
-176
-156
-146
-125
-88
-72
-82
-73
-19
-7
9
48
82
85
76
92
112
119
148
158
181
193
199
214
223
214
191
171
171
181
154
172
171
166
141
102
110
107
92
66
56
43
49
45
47
47
38
44
10
-2
-36
-44
-48
-50
-28
-24
-3
4
-12
-11
-1
0
39
54
74
84
83
53
43
26
12
-14
-3
-16
-60
-73
-112
-124
-128
-145
-141
-145
-152
-145
-144
-115
-81
-72
-41
-8
-24
-43
-60
-83
-119
-104
-91
-110
-112
-114
-137
-146
-149
-152
-138
-135
-130
-122
-75
-25
12
26
26
22
22
38
41
58
62
68
97
123
129
135
145
180
199
223
240
214
195
166
141
110
141
157
156
143
157
187
200
228
236
238
261
285
262
252
213
213
190
159
149
130
141
95
62
18
1
-9
-18
-48
-81
-73
-64
-79
-91
-105
-94
-87
-119
-143
-177
-161
-173
-197
-183
-190
-194
-214
-238
-258
-290
-293
-284
-302
-299
-298
-300
-298
-285
-283
-309
-287
-300
-289
-285
-284
-259
-246
-223
-193
-176
-139
-125
-134
-113
-85
-73
-76
-46
-24
-15
-13
-1
40
57
91
96
112
130
144
173
177
191
212
248
258
279
285
275
286
305
296
306
326
319
323
329
351
345
361
364
311
304
310
312
312
291
264
248
234
233
200
227
261
253
257
234
183
145
109
46
10
-13
-43
-59
-83
-104
-116
-145
-180
-183
-193
-204
-198
-212
-236
-275
-268
-294
-319
-314
-307
-308
-329
-351
-362
-356
-349
-324
-334
-342
-326
-311
-293
-283
-259
-260
-251
-223
-191
-175
-176
-144
-141
-121
-129
-110
-114
-132
-108
-108
-89
-93
-86
-66
-39
-2
32
65
98
99
98
103
130
170
180
224
234
239
245
278
280
290
303
286
282
283
303
290
276
274
277
283
275
285
308
290
297
249
220
200
162
136
92
81
42
23
-5
-6
17
27
15
18
-1
-13
-33
-33
-48
-36
-34
-85
-86
-142
-150
-157
-156
-150
-166
-151
-164
-176
-191
-207
-199
-199
-231
-230
-220
-253
-234
-225
-222
-217
-212
-206
-194
-212
-237
-206
-203
-205
-199
-170
-174
-179
-163
-179
-160
-113
-78
-49
-12
20
32
66
104
125
155
173
185
191
186
197
206
219
243
254
308
337
323
360
348
347
346
321
292
250
235
205
169
146
128
90
75
54
44
56
40
61
48
64
87
59
38
36
29
22
23
9
-12
-27
-73
-118
-152
-172
-172
-176
-175
-185
-206
-210
-226
-230
-219
-208
-190
-172
-150
-159
-143
-124
-90
-97
-114
-99
-118
-106
-130
-120
-80
-82
-70
-86
-89
-102
-93
-96
-101
-98
-88
-67
-68
-85
-99
-90
-103
-81
-58
-65
-50
-51
-52
-37
-18
6
25
61
52
66
88
102
127
137
164
171
170
156
175
208
177
169
160
158
176
194
187
211
214
236
259
270
286
300
308
274
268
250
226
198
180
183
162
162
154
161
157
143
139
104
54
14
-24
-58
-87
-103
-141
-191
-226
-266
-263
-271
-265
-277
-278
-280
-268
-250
-244
-220
-237
-248
-249
-250
-255
-275
-253
-255
-268
-266
-288
-298
-272
-270
-235
-197
-148
-107
-74
-42
-44
-20
-25
-13
-1
8
40
59
66
75
93
84
89
100
82
81
92
93
83
104
143
171
168
171
209
210
221
242
251
219
236
230
207
227
215
206
229
225
219
205
169
182
168
137
150
162
160
162
172
181
182
167
158
149
125
110
98
73
52
28
-8
-53
-107
-135
-157
-188
-230
-275
-305
-325
-338
-353
-391
-362
-358
-380
-371
-364
-374
-383
-360
-365
-368
-351
-331
-300
-296
-281
-270
-266
-247
-222
-186
-155
-118
-93
-72
-51
-29
-19
14
40
66
86
75
89
107
145
201
207
236
255
268
289
289
292
309
320
360
393
388
373
355
321
286
273
241
206
164
149
130
130
136
125
121
119
110
136
156
141
114
74
60
41
8
-8
-17
-9
0
-22
-23
-45
-48
-29
-43
-34
-29
-44
-52
-84
-89
-83
-118
-123
-142
-126
-118
-130
-151
-175
-177
-183
-192
-204
-197
-213
-226
-212
-243
-239
-225
-208
-208
-260
-259
-270
-258
-249
-249
-241
-215
-206
-188
-156
-137
-106
-33
13
22
70
92
101
93
113
152
162
170
157
173
202
205
231
236
263
296
321
324
344
326
297
282
256
221
221
224
231
258
251
254
240
245
232
213
191
187
183
149
155
130
101
71
28
27
-8
-33
-34
-55
-69
-74
-100
-72
-75
-101
-105
-159
-181
-218
-257
-266
-292
-286
-316
-356
-348
-351
-344
-342
-329
-295
-309
-329
-322
-294
-280
-252
-197
-157
-141
-131
-144
-133
-152
-153
-147
-124
-126
-128
-119
-105
-66
-56
-52
-36
-8
10
60
69
89
95
131
178
178
190
161
178
156
153
180
203
243
251
286
290
297
289
274
297
280
288
305
313
299
270
259
227
215
205
171
162
163
148
144
136
146
119
79
59
59
55
66
85
88
67
36
8
-28
-53
-101
-112
-140
-142
-138
-169
-189
-200
-229
-234
-222
-230
-233
-246
-249
-259
-275
-262
-239
-241
-273
-285
-293
-304
-305
-280
-256
-243
-221
-205
-184
-163
-130
-104
-55
-47
-16
-31
-21
-39
-28
0
5
48
44
74
72
62
57
82
83
112
120
169
165
168
197
195
214
183
150
135
106
102
80
86
108
117
135
125
120
137
135
117
134
134
123
120
117
112
122
137
141
123
109
90
67
56
45
68
56
57
52
50
49
32
29
60
76
70
86
59
52
15
1
-10
-15
-33
-60
-90
-118
-150
-196
-228
-250
-269
-290
-290
-312
-312
-292
-281
-266
-265
-223
-219
-193
-190
-188
-135
-120
-99
-110
-95
-92
-76
-50
-25
-41
-31
-18
-3
31
24
65
112
113
118
122
138
118
110
110
111
110
99
96
71
71
75
77
47
67
62
60
50
28
25
12
11
28
44
72
125
125
148
152
145
154
169
158
145
129
131
154
165
192
218
238
225
208
217
197
162
168
153
129
102
90
72
41
15
-18
-20
-19
-55
-82
-111
-153
-172
-205
-199
-191
-200
-226
-246
-248
-246
-229
-225
-243
-229
-233
-230
-227
-229
-211
-177
-149
-135
-108
-99
-108
-109
-111
-123
-95
-74
-63
-77
-48
-27
-5
7
1
9
20
49
58
47
43
67
58
76
63
89
105
109
108
110
127
139
140
138
144
133
152
132
108
84
87
108
124
132
140
154
170
164
165
169
171
155
130
113
99
86
58
69
44
0
0
-6
11
-8
-11
-3
-6
-7
-29
-47
-77
-98
-126
-156
-185
-189
-226
-258
-271
-296
-300
-293
-283
-276
-260
-254
-243
-240
-242
-207
-180
-160
-118
-96
-53
-27
-5
18
10
8
15
36
61
73
77
77
65
55
84
108
121
119
131
135
171
194
187
179
170
165
140
126
119
103
90
118
111
85
87
48
36
32
53
77
66
89
50
54
32
25
19
36
39
33
28
25
29
13
0
-6
21
22
30
27
16
-7
-45
-41
-33
-3
-11
-20
-17
-45
-62
-66
-56
-56
-37
-24
-24
-5
1
-8
-10
-12
2
-8
-20
-25
-45
-47
-54
-54
-44
-55
-63
-63
-62
-60
-94
-75
-78
-99
-119
-121
-108
-125
-137
-127
-121
-108
-101
-97
-77
-75
-49
-67
-57
-33
-33
-48
-73
-53
-18
11
28
41
52
37
50
40
55
51
45
47
34
31
23
41
42
45
55
84
92
100
85
96
83
101
108
90
99
79
87
79
72
66
68
72
64
58
45
55
76
109
152
160
164
160
150
144
159
152
141
137
95
72
38
32
28
3
-26
-42
-51
-72
-68
-84
-99
-93
-93
-89
-72
-88
-90
-95
-110
-122
-127
-133
-132
-145
-160
-164
-184
-181
-175
-155
-147
-143
-124
-105
-90
-60
-51
-33
-16
7
35
47
74
100
104
102
114
104
95
59
50
35
46
18
30
44
-7
-10
-41
-48
-47
-50
-27
-6
-8
-8
8
29
43
60
61
84
62
55
52
23
5
21
34
37
48
29
36
19
18
39
57
51
51
65
55
78
91
81
93
81
81
52
32
36
8
9
8
-8
-31
-35
-50
-43
-20
-7
-43
-56
-71
-103
-110
-119
-103
-97
-99
-103
-110
-112
-109
-114
-124
-145
-148
-139
-155
-135
-101
-95
-73
-73
-61
-71
-63
-54
-71
-49
-33
-30
-25
-5
-10
-6
15
32
39
63
64
66
83
78
81
92
99
97
97
113
133
124
131
138
127
119
119
125
127
138
117
91
71
60
54
39
34
30
28
19
14
4
4
-22
-40
-55
-70
-85
-108
-84
-77
-63
-40
-35
-32
-5
-13
1
27
-3
-29
-47
-41
-48
-49
-10
-3
13
37
40
77
99
94
84
66
51
28
30
47
35
23
10
-6
-31
-77
-121
-133
-172
-170
-169
-166
-158
-162
-141
-152
-137
-86
-46
-18
24
54
52
48
35
26
23
28
30
30
4
-16
-35
-40
-29
-33
-36
-55
-65
-47
-25
7
13
52
49
52
67
80
71
48
55
74
62
48
51
49
29
25
18
24
66
79
84
78
67
54
56
68
78
83
97
102
90
79
76
75
72
103
107
123
135
131
118
116
97
62
29
-9
-5
-28
-14
-8
-22
-11
-14
-5
10
-8
-17
-51
-76
-97
-121
-126
-122
-118
-127
-107
-83
-89
-91
-103
-105
-92
-111
-100
-93
-76
-81
-67
-56
-67
-54
-61
-73
-83
-118
-116
-119
-132
-117
-132
-139
-124
-90
-69
-48
-45
-39
-35
-18
-17
-23
-21
-18
-11
-15
4
20
34
49
61
98
126
125
137
130
131
129
148
169
169
178
186
185
163
154
128
125
120
118
150
156
171
181
175
154
144
142
108
94
47
3
-35
-79
-75
-58
-43
-34
-38
-45
-62
-68
-60
-74
-78
-107
-113
-112
-125
-134
-115
-111
-133
-125
-158
-172
-168
-177
-174
-202
-184
-160
-147
-126
-100
-85
-90
-90
-75
-70
-45
-32
-17
1
18
30
64
59
62
47
37
50
47
81
98
131
147
114
103
93
74
74
83
99
83
62
61
42
27
37
15
-1
13
4
16
21
17
24
14
21
7
-3
-8
-35
-30
-5
-11
11
21
14
18
16
19
32
13
9
4
-7
-9
-33
-22
-36
-27
-14
-18
-24
-33
-47
-48
-48
-55
-92
-115
-137
-147
-166
-161
-148
-127
-92
-73
-41
-30
-5
11
38
64
70
79
90
84
71
74
64
48
60
37
54
59
41
43
15
23
26
9
38
44
68
74
73
82
71
74
63
67
73
67
33
37
15
-6
3
-8
-8
-30
-43
-54
-27
-25
-28
-15
-24
-43
-59
-73
-63
-42
-44
-44
-38
-17
-8
5
18
27
36
21
16
23
53
53
47
44
60
66
56
66
63
44
36
18
23
22
13
19
11
9
-1
-8
-5
3
17
10
-1
-9
-29
-13
-25
-34
-38
-41
-44
-68
-72
-83
-58
-75
-67
-48
-51
-59
-66
-47
-37
-46
-39
-30
-8
-1
6
40
28
29
4
3
26
48
88
112
87
88
50
29
24
22
44
37
40
28
26
20
9
9
22
19
10
22
20
19
17
-14
-31
-24
-20
-32
-41
-28
-24
-6
9
38
76
79
92
90
60
69
75
46
42
4
-23
-41
-79
-80
-75
-78
-100
-85
-75
-85
-81
-76
-75
-56
-46
-56
-64
-60
-77
-74
-77
-79
-67
-62
-42
-28
-21
-10
1
18
-9
-13
-7
-32
-39
-41
-47
-71
-62
-62
-59
-53
-41
-43
-39
-13
-18
-14
6
16
-5
-23
-23
-5
3
17
32
31
30
31
39
41
44
12
4
25
8
-5
-3
4
-2
15
37
39
62
58
73
83
90
97
110
143
123
126
110
112
89
74
101
93
83
84
77
71
55
27
24
28
47
37
63
82
87
97
73
46
23
15
25
23
17
14
2
-1
-37
-63
-59
-62
-57
-61
-53
-55
-70
-68
-85
-117
-131
-127
-134
-134
-148
-141
-136
-126
-126
-136
-142
-140
-128
-130
-123
-104
-94
-88
-56
-44
-27
-22
-3
6
35
68
58
57
49
40
23
11
21
4
1
-6
1
8
18
42
23
18
-2
-14
-31
-22
-18
-21
-3
-3
24
46
48
62
92
80
72
65
44
26
26
28
28
52
45
61
69
65
90
93
114
124
123
133
143
147
157
167
165
170
159
146
132
119
87
70
40
29
51
43
34
17
9
0
-8
-19
-33
-53
-77
-96
-104
-97
-110
-121
-136
-158
-156
-166
-153
-131
-139
-147
-155
-144
-149
-144
-148
-144
-142
-141
-138
-124
-113
-100
-81
-75
-38
-37
-14
-8
-8
12
49
72
85
119
128
116
121
123
120
113
101
79
82
102
85
69
50
50
51
30
56
37
40
49
9
21
29
14
14
14
-2
-12
-14
-37
-52
-16
-9
-5
10
29
15
12
2
-15
-22
-47
-53
-54
-50
-46
-69
-56
-55
-43
-25
-9
4
9
12
8
17
25
23
10
24
5
0
6
6
0
-22
-41
-46
-41
-52
-69
-84
-87
-83
-72
-64
-47
-40
-45
-50
-44
-57
-81
-78
-93
-85
-87
-84
-55
-19
-8
6
31
38
58
66
72
79
104
122
121
123
124
120
125
125
124
125
112
114
109
91
77
70
68
55
49
47
31
13
10
12
27
35
43
38
37
21
16
14
-3
-6
-10
-8
-19
-13
-10
-14
-30
-41
-38
-34
-24
-10
7
6
-15
-26
-39
-50
-52
-57
-47
-23
-14
-10
2
9
10
-11
-10
-8
-11
-19
-23
-26
-57
-86
-103
-118
-136
-147
-170
-167
-182
-189
-177
-181
-171
-172
-153
-145
-139
-126
-128
-115
-92
-88
-73
-54
-32
-6
10
24
38
52
54
65
85
102
101
121
146
136
131
136
125
131
130
141
154
164
181
193
188
178
163
147
135
134
127
124
113
98
103
92
91
82
78
68
36
15
-6
-12
-21
-39
-46
-55
-68
-59
-69
-94
-109
-119
-115
-121
-117
-100
-81
-79
-65
-64
-58
-56
-56
-55
-61
-56
-62
-63
-55
-35
-23
-8
8
19
40
32
44
47
41
58
60
53
52
59
61
64
47
34
12
-4
-13
-11
-14
-36
-44
-37
-37
-33
-29
-24
-24
-33
-35
-21
-12
5
36
39
41
40
37
27
35
43
49
44
51
46
45
44
43
58
42
69
69
64
66
69
66
52
60
38
41
29
32
9
5
9
9
7
-4
-11
-13
-14
-22
-26
-45
-45
-53
-63
-86
-105
-116
-139
-134
-140
-150
-152
-153
-143
-143
-140
-137
-147
-154
-151
-151
-142
-130
-118
-104
-99
-79
-67
-44
-23
-17
-29
-39
-53
-50
-43
-38
-17
-6
4
11
12
17
35
39
58
67
75
85
79
93
96
99
105
107
108
114
98
101
104
105
108
111
118
120
116
120
127
132
133
135
147
137
132
118
94
88
69
75
65
57
59
47
54
30
39
32
37
40
34
44
42
39
37
26
7
-18
-24
-38
-35
-48
-60
-58
-72
-56
-56
-66
-66
-70
-73
-73
-84
-83
-92
-100
-104
-108
-101
-110
-105
-105
-92
-94
-109
-112
-113
-107
-108
-111
-102
-96
-101
-105
-91
-82
-69
-62
-74
-81
-83
-79
-65
-40
-32
-18
7
8
24
37
44
57
61
82
95
109
136
136
130
131
131
118
98
80
71
48
39
36
39
39
43
57
55
46
46
44
49
47
47
38
22
4
-13
-16
-26
-15
-18
-13
-4
10
15
11
23
14
1
9
10
2
14
17
14
16
15
1
-3
-22
-36
-41
-45
-61
-72
-74
-72
-51
-57
-62
-65
-62
-58
-56
-53
-41
-39
-44
-54
-57
-56
-48
-22
-5
-3
-9
-4
-13
-7
-6
8
13
9
18
-4
-10
-20
-11
-9
-7
-2
0
3
11
19
15
23
23
15
16
22
46
58
64
88
109
114
116
118
123
108
110
110
118
121
110
112
98
101
96
97
85
78
82
79
93
92
80
67
68
50
32
21
5
0
-14
-21
-33
-35
-52
-61
-77
-102
-113
-122
-132
-143
-145
-140
-128
-110
-101
-85
-70
-75
-69
-72
-91
-104
-114
-123
-133
-128
-118
-117
-110
-114
-104
-93
-75
-58
-51
-32
-32
-25
-13
-7
-7
-1
-10
-18
-9
-4
-2
13
23
24
26
27
32
41
50
59
72
82
81
75
75
74
84
86
88
85
72
72
68
66
54
40
22
9
0
-9
-11
-17
-7
-3
-4
-6
-11
-27
-43
-53
-46
-32
-24
-22
-16
3
13
14
6
9
-14
-26
-29
-41
-40
-39
-26
-15
4
9
21
31
38
30
31
28
17
10
-2
-6
-22
-25
-24
-24
-22
-1
-1
10
22
23
27
15
12
8
5
2
5
23
29
33
27
38
37
34
33
33
29
15
9
8
9
7
-1
-19
-19
-34
-46
-52
-48
-30
-19
-5
2
16
14
25
36
36
53
51
57
50
48
44
53
58
63
74
72
66
57
44
39
