185
188
188
177
146
140
130
114
101
84
96
79
109
60
67
41
-11
-13
5
3
22
42
46
76
87
100
62
38
33
32
29
98
140
153
148
131
137
131
147
152
153
121
124
136
130
104
87
95
54
51
41
-11
-47
-51
-54
-33
-46
-92
-127
-124
-125
-132
-135
-151
-153
-178
-199
-188
-199
-191
-172
-185
-176
-121
-162
-121
-116
-161
-183
-183
-148
-114
-106
-99
-82
-92
-49
-15
56
65
37
15
27
46
21
26
51
55
26
-4
-54
-53
-52
-39
-38
-29
-11
10
49
82
99
136
154
183
169
155
152
190
159
135
147
109
92
96
87
65
63
19
16
28
24
13
18
-16
14
12
32
29
23
23
14
10
-4
11
-11
-44
-36
-7
-17
9
39
51
22
-29
-44
-80
-130
-136
-94
-63
-95
-100
-129
-156
-110
-110
-140
-153
-135
-137
-153
-127
-64
-49
-46
-81
-66
-47
-45
-20
30
50
37
32
33
17
-8
16
10
38
29
41
58
49
26
19
24
7
-28
-45
-69
-72
-69
-32
25
49
50
74
80
137
136
165
194
197
185
166
166
202
218
229
228
154
183
198
210
177
126
69
18
-24
-47
-16
-37
-68
-67
-87
-131
-57
-44
-98
-104
-145
-146
-143
-139
-104
-88
-69
-32
-6
48
87
62
16
9
12
1
11
1
-38
-22
-14
-37
-54
-76
-111
-139
-158
-186
-178
-142
-93
-135
-130
-94
-63
-57
-44
-38
-57
-41
-9
37
43
15
8
-5
-3
27
49
53
25
33
44
78
92
58
65
36
-10
-28
-58
-67
-42
-42
-96
-108
-68
-40
-33
-26
-35
-41
-10
16
30
18
31
35
19
-1
-39
-49
-51
-61
-52
-27
-15
-8
-20
-68
-59
-75
-68
-18
-25
-21
-2
0
70
93
93
112
157
191
219
253
259
269
277
259
212
215
176
157
167
183
145
114
80
72
79
40
118
140
173
182
190
194
180
159
93
93
57
51
13
-1
-24
-32
-66
-91
-85
-93
-117
-152
-149
-168
-175
-202
-216
-231
-226
-228
-257
-304
-289
-298
-322
-333
-355
-362
-331
-300
-294
-307
-291
-278
-279
-269
-241
-181
-171
-166
-136
-103
-55
13
45
85
149
184
209
215
246
233
213
180
199
208
190
184
175
148
153
135
97
87
102
103
75
80
119
149
128
114
92
108
111
112
113
106
82
67
59
1
3
-14
-8
-3
-18
-52
-64
-62
-84
-86
-43
-38
-71
-108
-91
-57
-50
-26
6
20
50
41
48
83
33
51
38
27
6
-16
33
65
70
31
22
58
100
92
109
108
90
84
49
62
97
99
75
82
43
19
8
7
-22
-42
-60
-46
-59
-95
-137
-200
-230
-262
-268
-252
-257
-241
-273
-313
-280
-227
-244
-250
-213
-206
-168
-175
-147
-118
-124
-94
-94
-93
-24
-20
-3
35
64
117
144
161
177
158
149
156
171
176
182
196
200
201
228
289
294
289
316
269
249
234
239
215
193
214
177
161
151
205
209
151
85
90
80
55
92
86
101
94
85
83
69
35
1
-13
-26
11
-32
-51
-96
-163
-151
-176
-162
-163
-225
-218
-247
-238
-237
-293
-290
-362
-363
-358
-355
-333
-302
-281
-216
-187
-168
-138
-143
-111
-133
-131
-130
-138
-116
-147
-145
-167
-159
-110
-106
-113
-96
-39
2
32
73
68
68
141
145
154
192
217
229
252
237
202
238
256
257
233
246
242
253
268
263
281
295
276
279
273
255
222
209
201
162
170
138
81
25
-15
-24
-80
-110
-159
-167
-164
-208
-222
-224
-170
-183
-160
-133
-103
-86
-88
-100
-88
-40
-28
19
38
28
-11
-18
-2
-21
-28
-2
-18
-24
-45
-86
-89
-115
-100
-74
-104
-76
-35
-23
-32
-71
-80
-49
-3
-9
-4
20
57
57
38
70
3
-17
5
-13
3
-6
-42
-74
-64
-64
-54
-18
-55
-58
-29
-44
-14
14
51
59
51
49
18
11
34
48
33
50
31
18
34
45
55
83
79
98
103
107
107
128
134
75
38
8
-3
-23
4
-10
-51
-68
-42
-29
-22
-59
-80
-42
-37
-53
-107
-91
-78
-75
-52
-15
10
-39
-60
-34
-32
-11
21
43
-4
-27
-21
32
61
42
35
37
49
67
110
123
75
92
94
90
90
52
-1
-42
-25
-11
9
8
-20
-78
-94
-81
-92
-83
-87
-127
-104
-104
-68
-51
-82
-101
-140
-155
-89
-44
-28
-22
-62
-70
-60
-36
-64
-116
-68
-87
-97
-27
26
31
54
57
68
81
62
72
107
98
83
80
89
110
49
22
34
44
1
-48
-72
-112
-81
-83
-79
-53
-87
-66
-23
-1
26
46
32
85
112
130
155
180
209
219
226
210
228
180
153
156
147
135
157
152
133
113
86
58
38
29
37
35
15
23
15
-30
-40
-71
-103
-108
-117
-123
-167
-190
-234
-186
-173
-188
-188
-194
-199
-217
-234
-190
-141
-102
-86
-113
-106
-46
-7
13
-2
-9
10
-3
27
30
46
68
114
168
190
171
184
205
208
210
210
222
246
257
234
221
226
216
198
199
133
105
83
74
40
34
20
-6
4
-11
-17
-55
-80
-82
-77
-129
-171
-182
-225
-223
-238
-284
-297
-306
-328
-346
-348
-354
-325
-318
-274
-234
-216
-166
-146
-96
-113
-121
-131
-139
-120
-82
-74
-82
-88
-94
-77
-109
-121
-128
-116
-133
-45
-5
9
9
0
-4
5
27
51
80
111
157
160
246
292
311
324
305
305
317
292
303
307
338
326
312
308
321
370
332
319
270
256
252
211
186
200
219
215
191
175
158
91
58
26
-17
-26
-45
-52
-70
-84
-125
-159
-186
-211
-236
-245
-248
-235
-228
-229
-251
-257
-245
-251
-248
-266
-267
-304
-301
-281
-265
-272
-271
-240
-212
-228
-179
-166
-127
-81
-72
-41
-34
-11
15
26
62
129
152
144
140
163
186
223
210
196
176
143
165
109
43
17
16
-27
-53
-40
-51
-45
-47
-65
-66
-44
-11
-10
8
-3
13
31
44
49
51
79
77
68
92
93
88
94
98
83
55
53
43
4
48
94
67
64
82
62
76
64
80
44
41
41
-2
16
32
1
-23
-40
-88
-122
-91
-42
-39
-9
-1
-6
1
-40
-44
-79
-113
-148
-154
-136
-146
-124
-113
-80
-97
-96
-90
-81
1
18
14
21
-30
-11
-16
-61
-63
-66
-24
16
31
16
9
-6
-1
-3
7
22
36
5
35
93
92
104
124
123
122
71
43
73
63
57
68
56
41
50
40
10
-27
-27
-37
-53
-70
-33
-30
-26
-14
-7
14
-24
1
43
45
51
28
51
65
77
82
109
95
88
90
77
104
97
96
105
83
75
82
74
94
69
44
52
86
89
93
85
63
30
-52
-81
-45
-58
-113
-131
-138
-133
-99
-111
-62
-110
-119
-105
-99
-35
-28
-44
-16
9
22
48
55
36
-23
-52
-53
-56
-75
-87
-103
-116
-154
-186
-187
-230
-232
-238
-282
-249
-205
-228
-217
-235
-223
-193
-152
-128
-128
-108
-82
-42
-61
-69
-56
-48
-32
-41
9
18
11
48
47
54
67
106
132
155
166
173
225
251
240
211
201
211
210
238
251
238
246
235
232
255
263
227
190
213
195
204
171
188
191
144
138
134
139
116
70
47
73
109
121
94
91
81
60
33
54
71
19
14
-22
-72
-98
-117
-137
-164
-183
-202
-224
-255
-238
-271
-298
-344
-279
-240
-272
-263
-256
-247
-248
-222
-195
-183
-199
-189
-193
-188
-136
-94
-31
2
-15
1
16
11
-5
-7
1
-47
-82
-73
-53
-41
-69
-90
-59
-17
6
-5
8
39
84
131
177
204
217
197
176
181
177
198
192
203
193
145
116
43
9
-35
-76
-59
-53
-53
-65
-63
-32
-20
4
21
-12
-6
-28
-35
-3
-31
-17
-31
-38
-18
-19
16
41
25
12
-2
9
55
50
59
74
110
122
130
147
133
109
51
33
39
29
29
14
12
7
32
61
37
49
9
5
45
50
34
36
54
34
56
86
63
33
3
5
-21
-59
-66
-47
-31
-69
-110
-155
-152
-201
-180
-145
-110
-118
-126
-106
-138
-122
-110
-112
-64
-20
-31
-27
8
-5
19
66
90
114
120
114
122
131
104
48
36
25
8
19
7
26
74
78
63
86
58
35
37
24
3
41
22
12
47
91
90
44
31
38
55
95
81
43
46
50
25
26
52
80
31
7
22
-26
-25
-56
-85
-122
-128
-122
-109
-114
-140
-151
-130
-147
-169
-162
-178
-153
-135
-161
-140
-146
-164
-120
-90
-51
-24
-38
-39
4
-8
11
-11
-12
-34
-36
6
7
34
18
61
28
55
95
76
98
78
72
52
83
86
49
34
-13
-8
-2
-14
-40
-50
-70
-69
-58
-41
-88
-111
-75
-34
-10
31
70
40
20
34
70
55
61
51
45
43
35
77
101
116
100
67
90
97
90
90
73
76
100
104
123
107
109
104
87
84
89
87
62
64
75
51
59
89
91
63
35
-28
-8
60
65
61
67
76
59
60
37
0
-43
-68
-44
-47
-29
-46
-65
-122
-158
-162
-138
-108
-128
-165
-171
-164
-155
-153
-193
-209
-169
-169
-151
-124
-156
-171
-182
-156
-176
-214
-207
-208
-210
-225
-245
-234
-189
-169
-141
-122
-50
21
51
109
131
142
160
152
138
178
187
211
219
241
242
236
213
196
190
157
172
184
164
143
163
161
180
230
273
303
298
245
220
186
141
103
79
72
28
2
-23
-9
-13
-35
-18
-18
-44
-52
-35
-33
-17
-35
-51
-41
-20
-28
-16
-9
-16
-24
-36
-40
-58
-59
-97
-105
-106
-88
-88
-87
-92
-157
-247
-263
-277
-318
-272
-319
-319
-306
-308
-291
-298
-264
-248
-256
-245
-232
-182
-129
-89
-47
-48
-16
-34
-12
5
-25
-12
1
45
54
73
75
90
129
163
187
181
214
194
207
206
199
201
201
165
119
120
115
120
149
150
138
184
223
262
302
334
314
347
394
415
408
391
360
311
254
223
215
190
155
98
24
21
33
48
26
19
38
78
87
78
39
26
-7
-75
-129
-202
-246
-288
-310
-328
-321
-361
-393
-437
-458
-461
-486
-528
-515
-501
-519
-502
-468
-454
-442
-393
-363
-390
-377
-326
-251
-190
-145
-86
-65
9
32
89
166
202
247
280
308
331
367
379
360
369
360
340
327
313
311
292
266
236
215
166
150
179
127
113
94
52
62
74
83
76
87
39
-14
14
28
15
28
-41
-84
-106
-143
-100
-94
-142
-183
-146
-122
-111
-77
-75
-120
-139
-126
-129
-147
-105
-97
-111
-125
-117
-57
-34
-44
-19
-24
-37
-53
-86
-90
-119
-86
-132
-118
-75
-102
-81
-102
-44
-12
-31
-28
-33
-80
-72
-46
-52
-2
28
51
105
153
160
182
171
185
186
213
224
241
250
240
223
183
167
204
199
191
176
128
122
128
138
154
184
198
158
123
163
176
153
110
60
32
38
30
40
13
32
43
65
22
-2
41
-26
-24
-62
-83
-102
-121
-76
-70
-73
-72
-80
-77
-121
-119
-79
-69
-56
-47
-31
-44
-91
-57
-44
-97
-119
-133
-122
-144
-184
-170
-166
-227
-277
-272
-288
-304
-301
-272
-267
-302
-275
-258
-231
-200
-182
-164
-126
-109
-128
-117
-109
-95
-67
2
15
13
21
28
24
41
87
79
70
65
33
58
80
123
144
132
123
168
196
217
259
268
285
257
270
259
258
212
196
150
147
174
163
143
130
84
87
46
35
51
28
34
2
-2
32
56
42
6
-39
-24
-33
-29
-19
-9
-31
-21
-47
-26
-20
16
13
-57
-23
-15
21
17
24
14
36
19
25
12
-37
-51
-75
-78
-65
-24
-8
-12
22
37
86
115
133
122
73
75
94
100
136
127
95
69
74
91
76
73
45
14
0
2
-48
-69
-78
-103
-83
-105
-172
-119
-132
-153
-148
-134
-122
-130
-147
-191
-246
-218
-189
-202
-197
-154
-131
-142
-141
-172
-164
-184
-187
-169
-157
-112
-93
-102
-123
-114
-104
-76
-55
-58
-34
26
51
81
120
146
155
169
211
206
204
230
230
247
249
229
190
131
111
105
60
13
-40
-48
-38
-20
-36
-64
-119
-157
-177
-128
-100
-111
-75
-64
-43
-39
-16
3
-26
-16
26
22
6
37
81
61
49
43
1
33
36
23
74
53
52
36
12
17
4
18
2
-39
-71
-73
-77
-46
-14
-30
-55
-88
-77
-24
-18
-39
-8
42
54
37
53
51
53
32
71
94
119
163
128
135
108
104
97
72
79
91
74
117
130
125
134
123
75
70
94
87
65
17
4
52
44
48
48
26
9
27
44
112
110
107
110
58
42
37
94
84
107
70
27
-28
-65
-86
-102
-88
-115
-95
-105
-145
-139
-126
-144
-183
-150
-169
-176
-141
-172
-144
-126
-102
-108
-117
-110
-99
-101
-131
-105
-108
-156
-182
-145
-193
-206
-181
-189
-162
-113
-55
-58
-77
-69
-80
-36
-34
-47
-72
-104
-53
-25
28
65
84
102
77
91
113
150
152
111
98
107
87
79
104
98
100
90
96
136
151
120
100
72
96
109
134
154
167
150
100
54
57
43
37
31
32
3
7
25
60
74
36
42
26
63
59
73
88
91
158
191
176
150
128
102
79
44
25
-5
-26
-43
-102
-107
-118
-157
-156
-184
-201
-219
-182
-158
-159
-161
-176
-153
-170
-144
-101
-116
-121
-111
-125
-110
-70
-86
-93
-71
-79
-68
-94
-23
19
65
77
49
96
66
78
36
15
8
-15
-17
-12
-14
-19
-34
9
38
48
62
25
49
98
120
147
152
137
136
103
107
84
49
94
84
108
149
150
137
81
97
140
150
198
222
194
176
136
133
90
20
-24
-65
-120
-171
-160
-171
-191
-199
-198
-207
-215
-227
-213
-169
-189
-181
-156
-139
-154
-156
-174
-175
-177
-162
-146
-164
-165
-167
-166
-190
-148
-81
-64
-49
-43
0
40
53
65
70
88
56
55
32
-22
5
-8
-35
-36
-55
1
46
58
64
75
129
136
160
166
154
142
109
56
-10
-16
26
18
0
-14
-49
-63
-52
-39
-55
-75
-33
35
53
100
81
93
87
109
170
194
180
186
173
109
104
109
73
64
118
160
171
229
220
242
247
259
285
308
299
260
227
206
206
188
183
116
70
-26
-78
-59
-82
-135
-134
-162
-187
-232
-221
-189
-218
-218
-247
-283
-228
-218
-256
-257
-254
-275
-243
-256
-215
-172
-197
-167
-88
-38
21
19
22
45
18
4
-47
-48
-28
-74
-75
-98
-106
-98
-122
-120
-96
-153
-161
-154
-174
-124
-71
-34
-27
-19
-13
13
35
56
38
7
31
41
41
80
54
45
81
80
93
120
152
134
133
113
83
86
82
96
115
95
87
110
127
151
184
125
122
102
41
4
-21
17
17
41
36
13
16
10
24
30
21
-16
-35
-26
-14
24
45
42
46
74
79
43
20
21
-31
-28
5
-22
-10
-47
-74
-89
-98
-68
-82
-42
-27
-5
15
10
18
-3
-5
-19
-7
2
5
20
19
17
8
49
64
57
42
22
14
-9
-45
-29
-51
-31
-1
-62
-62
-2
9
-23
-18
-18
-38
-25
-15
-15
-6
-17
-18
-8
36
56
32
13
-12
-22
-47
-34
-39
-54
-39
-46
-51
-83
-54
-71
-111
-137
-131
-113
-116
-112
-73
-66
-80
-63
-63
-68
-60
-70
-40
5
17
25
71
94
86
89
73
102
89
96
114
160
155
155
131
123
199
97
142
113
101
59
64
43
-1
35
-32
-53
-110
-99
-96
-142
-192
-198
-203
-194
-185
-184
-148
-176
-192
-182
-159
-123
-94
-55
-26
-19
-2
55
25
-21
26
65
8
-1
8
23
26
33
54
15
43
4
38
34
32
24
57
62
46
40
58
91
69
102
109
102
100
137
144
115
149
158
199
163
150
125
107
94
104
104
40
58
62
79
95
104
88
100
56
38
31
14
40
7
-6
-15
7
43
68
55
49
41
55
29
14
20
4
10
13
34
42
59
38
19
-15
-75
-87
-125
-169
-147
-171
-190
-204
-214
-253
-309
-290
-305
-314
-275
-250
-211
-197
-181
-194
-207
-208
-210
-235
-219
-191
-138
-114
-95
-42
-36
18
33
66
104
153
183
184
206
226
218
183
201
213
234
183
185
173
164
145
101
125
73
70
84
105
125
137
140
137
168
165
153
114
115
109
112
90
70
21
32
3
-90
-56
-65
-61
-89
-72
-98
-107
-78
-100
-142
-124
-128
-150
-140
-120
-110
-111
-130
-119
-92
-73
-52
-96
-90
-60
-48
-30
-25
-6
9
-23
-39
-35
-40
-5
28
45
34
-6
-21
-73
-81
-72
-78
-68
-44
-74
-84
-51
-16
-10
-31
39
55
81
85
101
118
118
139
142
132
167
139
85
58
-8
-16
-1
-21
0
5
8
30
32
68
30
13
19
-13
-49
-42
-56
-56
-48
-22
23
32
34
40
25
24
45
33
49
68
99
103
157
146
125
87
92
73
59
63
44
62
62
54
33
42
40
74
98
93
102
69
60
52
10
-25
-57
-124
-142
-179
-193
-180
-204
-184
-158
-171
-151
-138
-157
-132
-134
-138
-172
-183
-158
-166
-176
-174
-170
-183
-246
-262
-229
-257
-248
-189
-176
-130
-114
-105
-73
-95
-61
-60
-21
40
75
87
132
151
130
161
164
171
161
156
149
148
157
158
161
151
199
204
215
248
254
215
196
187
198
219
165
213
216
214
181
156
145
176
159
135
127
73
67
16
-46
-92
-115
-131
-113
-138
-151
-120
-101
-100
-75
-72
-78
-55
-11
3
1
0
-2
30
69
76
54
31
-4
-40
-42
-49
-56
-52
-64
-22
-49
-50
-49
-36
-34
-61
-104
-112
-98
-99
-144
-184
-150
-119
-93
-94
-86
-62
-83
-90
-84
-71
-29
11
18
18
40
63
44
34
34
23
11
-5
37
62
46
16
-4
-23
-17
-24
-25
-20
-29
-27
-24
-15
2
34
53
110
103
108
149
207
205
206
271
259
198
195
176
125
85
68
78
11
-11
-2
-30
-61
-62
-61
-109
-158
-149
-168
-239
-213
-215
-215
-237
-235
-240
-250
-256
-281
-273
-247
-157
-143
-152
-112
-81
-72
-26
-2
10
40
78
66
49
45
-9
-80
-82
-69
-57
-41
-76
-103
-87
-56
-28
-9
24
19
45
47
42
72
126
160
151
172
189
177
181
183
168
211
190
203
234
276
299
324
297
248
243
192
209
224
230
227
228
215
223
200
177
155
121
113
58
60
27
-28
-30
-18
-48
-63
-78
-88
-121
-141
-134
-119
-102
-134
-185
-187
-192
-250
-265
-277
-309
-312
-345
-341
-333
-288
-270
-241
-216
-187
-152
-160
-163
-148
-104
-99
-99
-93
-77
-48
-21
-3
29
45
78
64
110
115
134
141
131
144
145
131
108
76
20
52
32
46
20
-17
-3
-21
-31
-27
-34
-50
-47
-12
55
41
38
35
27
30
10
-2
-35
-22
-40
19
24
23
-5
11
20
-13
18
5
34
16
-12
20
51
39
49
71
107
118
77
55
-8
-39
-66
-75
-37
-74
-116
-141
-132
-103
-126
-114
-67
-55
-55
-9
-8
-14
-22
-34
-13
20
24
-3
2
4
31
15
57
59
79
132
184
218
199
231
232
243
235
207
214
196
164
100
48
26
5
82
-23
-20
-39
96
23
-75
1
110
204
117
133
204
288
299
214
240
226
322
261
148
124
210
238
67
-42
-70
-33
-163
-330
-383
-434
-475
-550
-586
-693
-683
-696
-703
-699
-673
-527
-431
-362
-331
-220
-128
-36
33
89
158
175
224
203
240
238
274
327
214
213
211
264
168
133
151
127
140
61
53
7
5
-42
-57
-9
-21
10
-56
-17
-73
-37
51
34
75
65
71
20
34
13
30
-11
-54
-33
-60
-41
-40
-20
-55
-60
-80
-90
-89
-82
-58
-44
-11
23
35
20
27
-1
28
50
51
82
74
103
126
111
103
122
119
159
190
188
189
200
187
135
135
118
116
93
98
70
63
86
60
23
-33
-38
-5
-30
-11
-35
-33
-26
22
20
-29
-12
-73
-62
-122
-95
-100
-84
-118
-226
-178
-257
-226
-207
-214
-217
-212
-147
-218
-184
-201
-144
-93
-86
-33
-81
-28
-57
-54
-76
-43
5
-53
-7
-38
27
7
-15
37
53
88
82
141
132
127
124
125
158
136
158
136
142
121
132
137
83
128
113
97
72
115
106
151
143
115
124
96
69
38
47
-3
-12
-40
-37
-17
-80
-123
-104
-104
-72
-10
23
-13
-32
-35
-44
4
-9
-13
-21
-42
-45
-15
-13
33
-15
-8
-34
-80
-81
-106
-99
-121
-114
-128
-157
-155
-128
-53
-47
-16
27
107
111
116
120
108
99
95
148
126
105
115
113
85
69
60
32
25
-10
-14
-11
-40
-50
-68
-112
-125
-111
-132
-98
-112
-94
-144
-190
-207
-254
-210
-269
-243
-269
-229
-142
-141
-107
-52
16
-21
16
5
68
67
69
98
49
77
107
127
118
123
113
156
181
206
223
230
189
203
177
189
168
176
141
124
80
39
75
60
56
24
38
12
40
10
-11
-5
-61
-23
-33
14
5
-17
-12
-29
16
-11
31
25
24
58
65
43
54
48
42
46
36
23
60
67
68
5
-24
-108
-160
-173
-171
-144
-162
-132
-121
-107
-102
-74
-26
-56
-64
-98
-44
-50
-48
-11
14
38
-21
16
46
80
104
54
46
26
18
2
-54
-54
-61
-29
-33
-8
-38
-55
-36
-83
-73
-79
-32
-48
-41
-74
-50
-81
-124
-63
-102
-27
-57
-27
-57
-64
-91
-77
-44
-38
11
-38
22
32
46
28
-33
-7
-36
-5
-24
-3
10
-38
-54
-80
-34
-64
-1
6
-7
-2
-7
60
82
113
89
165
104
108
135
146
149
78
123
94
163
103
52
79
50
73
43
61
46
49
23
-28
-23
-36
20
-1
12
-3
-2
12
-44
-19
4
42
53
28
42
42
68
59
37
15
36
17
-11
16
31
-3
-50
-62
-31
9
8
-1
-81
-94
-62
-51
-18
-1
27
22
23
34
22
17
-57
-35
-59
-5
-24
-55
-49
-48
-27
-25
60
56
109
98
89
97
62
95
95
118
89
13
-26
-51
-76
-152
-144
-159
-131
-116
-120
-104
-96
-72
-123
-126
-94
-64
-49
-72
-43
-59
-59
-35
-24
-8
-9
-13
-40
-60
-56
4
38
-32
-63
-86
-27
32
88
127
90
73
48
36
77
117
76
-1
-95
-89
-111
-133
-183
-236
-269
-281
-269
-282
-317
-332
-347
-319
-304
-240
-165
-125
-112
-81
-22
6
98
172
217
267
330
463
566
618
686
793
800
780
828
868
883
834
826
742
706
666
609
531
433
330
201
84
16
-54
-129
-187
-248
-251
-242
-271
-287
-330
-334
-342
-361
-382
-399
-402
-469
-455
-425
-480
-515
-528
-538
-594
-661
-675
-772
-810
-896
-916
-986
-992
-931
-931
-846
-843
-767
-778
-736
-721
-729
-747
-811
-817
-847
-895
-965
-1011
-988
-974
-872
-796
-593
-435
-180
172
514
890
1244
1717
2130
2484
2813
3107
3366
3482
3567
3601
3599
3498
3362
3181
2955
2728
2459
2156
1774
1462
1132
833
460
62
-261
-638
-940
-1218
-1360
-1513
-1540
-1547
-1583
-1470
-1466
-1329
-1258
-1107
-993
-892
-769
-808
-791
-832
-890
-979
-1072
-1147
-1193
-1206
-1297
-1432
-1535
-1549
-1640
-1717
-1766
-1790
-1853
-1921
-1903
-1841
-1780
-1763
-1803
-1770
-1690
-1517
-1416
-1306
-1241
-1142
-1098
-1013
-947
-933
-897
-746
-575
-404
-140
173
518
890
1226
1650
2101
2531
2940
3297
3616
3857
4126
4270
4328
4243
4171
4003
3731
3487
3146
2833
2448
2042
1625
1228
855
492
69
-334
-603
-924
-1158
-1400
-1535
-1601
-1645
-1566
-1520
-1460
-1354
-1301
-1228
-1252
-1193
-1192
-1177
-1205
-1221
-1197
-1221
-1210
-1278
-1364
-1508
-1471
-1551
-1557
-1569
-1530
-1549
-1693
-1708
-1855
-1881
-1902
-1945
-1913
-2048
-1931
-1970
-1843
-1830
-1622
-1460
-1334
-1088
-928
-600
-527
-277
-156
-10
233
243
366
458
661
830
984
1199
1362
1728
1960
2280
2547
2930
3205
3381
3544
3615
3745
3676
3610
3437
3187
2970
2716
2423
1968
1632
1270
973
573
341
87
-173
-363
-621
-739
-824
-885
-1035
-1136
-1116
-1171
-1156
-1186
-1170
-1179
-1156
-1149
-1158
-1073
-1194
-1087
-1200
-1209
-1275
-1332
-1332
-1343
-1301
-1368
-1286
-1407
-1336
-1350
-1408
-1358
-1507
-1348
-1459
-1373
-1368
-1302
-1312
-1347
-1216
-1327
-1251
-1400
-1423
-1625
-1845
-1939
-2178
-2162
-2341
-2314
-2296
-2085
-1843
-1540
-1006
-585
97
706
1428
2025
2651
3356
3756
4210
4561
4987
5141
5237
5283
5143
5029
4661
4382
3968
3586
3087
2537
2018
1440
854
184
-273
-804
-1174
-1614
-1922
-2080
-2213
-2202
-2299
-2136
-2006
-1795
-1624
-1507
-1274
-1109
-867
-799
-560
-427
-342
-256
-246
-132
-157
-45
-46
-69
-49
-79
-128
-338
-453
-749
-1056
-1399
-1744
-1971
-2259
-2431
-2558
-2507
-2467
-2427
-2113
-1983
-1682
-1506
-1222
-1089
-1108
-1125
-1292
-1473
-1869
-2179
-2520
-2797
-2997
-3114
-3035
-2908
-2484
-2117
-1601
-949
-292
463
1193
2016
2697
3448
4024
4437
4867
5130
5352
5408
5372
5294
5134
4887
4531
4258
3856
3475
3039
2542
2022
1631
1238
763
289
-209
-523
-899
-1180
-1363
-1508
-1536
-1542
-1471
-1454
-1255
-1045
-842
-656
-476
-234
-52
100
217
335
406
412
383
260
148
-14
-191
-411
-709
-991
-1379
-1682
-2056
-2381
-2658
-2890
-3018
-3111
-3080
-3041
-2898
-2795
-2614
-2309
-2115
-1912
-1715
-1578
-1529
-1479
-1510
-1572
-1666
-1868
-2033
-2207
-2455
-2734
-2858
-2961
-2953
-2913
-2748
-2476
-2151
-1697
-1282
-803
-220
439
1181
1765
2420
3073
3681
4198
4629
5022
5365
5634
5784
5786
5779
5697
5534
5212
4871
4526
4150
3710
3178
2729
2183
1679
1126
623
248
-159
-455
-757
-1013
-1134
-1175
-1155
-1062
-951
-776
-523
-359
-140
90
261
407
442
448
387
249
64
-250
-496
-814
-1208
-1562
-1883
-2252
-2577
-2883
-3184
-3436
-3681
-3848
-3948
-4042
-4123
-4056
-3935
-3864
-3712
-3469
-3187
-2925
-2691
-2397
-2101
-1837
-1618
-1371
-1193
-1098
-955
-1034
-1100
-1244
-1432
-1695
-2046
-2289
-2407
-2550
-2684
-2662
-2455
-1980
-1488
-901
-159
687
1549
2359
3095
3862
4622
5255
5656
5990
6350
6634
6718
6661
6567
6469
6284
6015
5679
5282
4945
4508
3982
3463
2909
2409
1822
1229
584
13
-488
-895
-1294
-1691
-1855
-1933
-1890
-1870
-1741
-1452
-1241
-998
-836
-692
-561
-574
-668
-865
-1129
-1477
-1801
-2216
-2611
-3000
-3319
-3579
-3797
-3941
-4039
-4053
-4065
-4115
-4022
-3977
-3848
-3774
-3635
-3461
-3294
-3073
-2915
-2618
-2296
-1992
-1743
-1489
-1140
-788
-491
-297
-16
162
358
556
476
300
-86
-463
-909
-1397
-1782
-2035
-2187
-2278
-2274
-2095
-1617
-1071
-399
307
1044
1968
2845
3653
4416
5109
5826
6401
6805
7164
7460
7585
7514
7430
7231
6918
6462
5915
5372
4742
4050
3197
2322
1492
607
-256
-1214
-1971
-2593
-3140
-3586
-4023
-4144
-4088
-3878
-3692
-3436
-2980
-2532
-2190
-2084
-1849
-1678
-1544
-1622
-1816
-1922
-2053
-2145
-2371
-2536
-2575
-2613
-2621
-2650
-2573
-2418
-2229
-2197
-2230
-2152
-2104
-2076
-2253
-2375
-2463
-2488
-2522
-2577
-2528
-2445
-2212
-1969
-1635
-1248
-769
-288
4
351
492
882
872
852
682
391
91
-355
-678
-1291
-1690
-2063
-2197
-2163
-2196
-1834
-1467
-723
-25
720
1510
2350
3322
4001
4700
5190
5855
6292
6556
6746
6774
7002
6909
6746
6526
6230
5971
5433
4917
4211
3638
2827
2007
1114
171
-657
-1532
-2291
-3082
-3622
-4051
-4349
-4474
-4468
-4315
-4098
-3747
-3395
-2972
-2595
-2213
-1917
-1828
-1705
-1689
-1682
-1825
-1949
-2057
-2101
-2063
-2050
-1893
-1751
-1558
-1301
-1057
-834
-670
-487
-514
-585
-812
-1105
-1434
-1796
-2192
-2506
-2654
-2862
-2854
-2873
-2679
-2425
-2022
-1597
-1093
-596
-192
316
502
803
979
1108
1022
579
108
-462
-946
-1497
-2041
-2371
-2722
-2659
-2669
-2405
-2002
-1422
-566
243
1122
1966
2898
3771
4543
5227
5784
6364
6743
7083
7198
7273
7274
7095
6852
6389
5773
5183
4465
3581
2552
1532
583
-411
-1397
-2379
-3124
-3740
-4168
-4523
-4668
-4578
-4282
-3869
-3431
-2840
-2098
-1405
-793
-324
169
542
782
850
799
669
456
180
-112
-354
-510
-677
-819
-919
-1060
-1181
-1358
-1582
-1928
-2223
-2551
-2991
-3502
-3887
-4232
-4554
-4748
-4813
-4727
-4363
-3941
-3364
-2741
-2027
-1186
-418
343
877
1467
1783
2123
2206
2156
2094
1719
1466
741
175
-682
-1470
-2077
-2836
-3166
-3533
-3661
-3731
-3557
-3035
-2408
-1668
-984
24
979
2033
3025
3818
4783
5487
6298
6743
7158
7638
7808
7845
7533
7299
6830
6350
5681
4895
4078
3210
2395
1485
672
-180
-954
-1641
-2165
-2631
-2946
-3075
-3080
-2993
-2807
-2544
-2186
-1835
-1539
-1357
-1297
-1196
-1277
-1367
-1539
-1746
-1874
-1964
-2028
-2003
-1934
-1841
-1700
-1625
-1461
-1330
-1174
-1131
-1269
-1516
-1780
-2078
-2493
-2934
-3383
-3770
-4137
-4414
-4510
-4383
-4103
-3739
-3233
-2599
-1816
-1060
-389
276
724
1109
1382
1379
1395
1275
1122
738
474
179
23
-164
-408
-572
-767
-710
-997
-1007
-1062
-931
-756
-728
-479
-136
440
826
1272
1785
2464
3217
3681
4244
4684
5370
5769
5964
6094
6107
6086
5759
5323
4786
4282
3845
3235
2559
1914
1432
919
401
-43
-377
-701
-972
-1088
-1394
-1428
-1572
-1585
-1732
-1781
-1820
-1791
-1708
-1790
-1739
-1753
-1752
-1779
-1781
-1700
-1724
-1630
-1661
-1569
-1532
-1459
-1311
-1309
-1265
-1353
-1420
-1561
-1723
-1920
-2120
-2329
-2618
-2769
-2979
-3191
-3336
-3371
-3274
-3213
-3016
-2802
-2398
-2013
-1632
-1184
-822
-420
-137
90
228
280
397
348
440
396
280
324
278
433
69
64
-298
-305
-515
-927
-1004
-1243
-946
-1142
-1196
-1146
-770
-105
251
762
1213
2130
2871
3470
3893
4340
5045
5268
5388
5308
5477
5672
5616
5361
5070
4920
4708
4409
3989
3578
3245
2781
2313
1564
1125
591
83
-541
-1091
-1488
-1883
-2131
-2445
-2555
-2533
-2388
-2219
-2082
-1822
-1590
-1365
-1291
-1244
-1272
-1348
-1402
-1704
-1840
-2013
-2162
-2424
-2605
-2808
-2893
-2923
-2985
-3001
-3098
-3133
-3170
-3287
-3333
-3424
-3472
-3469
-3409
-3272
-3021
-2672
-2331
-1929
-1421
-896
-386
221
683
1172
1557
1903
2143
2213
2163
2044
1795
1538
1138
777
360
-221
-814
-1459
-1994
-2437
-2885
-3057
-3182
-3189
-3086
-2842
-2233
-1746
-1056
-380
433
1259
2004
2665
3319
4038
4612
5021
5431
5812
6270
6514
6728
6822
6878
6847
6617
6355
5966
5594
4963
4161
3295
2317
1369
295
-708
-1677
-2579
-3357
-3868
-4195
-4355
-4285
-4090
-3734
-3353
-2800
-2269
-1743
-1337
-1087
-932
-900
-936
-1065
-1312
-1678
-1977
-2180
-2385
-2427
-2488
-2379
-2293
-2171
-1982
-1814
-1661
-1622
-1635
-1706
-1836
-2041
-2309
-2571
-2802
-2959
-3107
-3075
-2886
-2655
-2206
-1687
-1119
-562
15
512
935
1273
1410
1471
1503
1340
1084
768
435
25
-536
-1251
-1939
-2307
-2577
-2665
-2925
-2944
-2677
-2225
-1697
-1282
-560
264
1272
2068
2700
3435
4140
4959
5314
5716
6057
6510
6882
6947
6935
6850
6850
6574
6074
5452
4902
4358
3559
2743
1761
881
22
-925
-1797
-2666
-3207
-3696
-4002
-4201
-4077
-3765
-3410
-3002
-2540
-1882
-1311
-857
-567
-404
-243
-227
-239
-452
-739
-1052
-1353
-1653
-1902
-2103
-2283
-2399
-2505
-2566
-2630
-2737
-2801
-2971
-3149
-3380
-3544
-3721
-3904
-3948
-3977
-3829
-3599
-3183
-2666
-2074
-1474
-711
99
776
1325
1765
2159
2298
2412
2278
2069
1889
1599
1379
1076
801
661
470
235
-64
-301
-548
-733
-1100
-1345
-1474
-1727
-1737
-1871
-1536
-1234
-996
-583
-110
658
1318
1992
2579
3383
4204
4816
5325
5618
6062
6223
6168
5909
5658
5296
4791
4185
3383
2770
2143
1479
990
322
-25
-425
-770
-1023
-1191
-1180
-1205
-1172
-1162
-933
-821
-678
-691
-719
-727
-821
-896
-1132
-1372
-1680
-1887
-2118
-2314
-2345
-2470
-2529
-2633
-2646
-2638
-2608
-2666
-2785
-2792
-2820
-2901
-3025
-3118
-3222
-3243
-3212
-3107
-2794
-2619
-2250
-1799
-1293
-672
-91
416
777
1190
1402
1644
1606
1462
1293
978
663
275
-23
-336
-648
-940
-1087
-989
-1272
-1384
-1866
-2098
-2268
-2596
-2533
-2902
-2830
-2844
-2658
-2251
-1960
-1073
-319
685
1360
2246
3187
4021
4990
5416
6085
6385
6830
7010
6981
6838
6508
6375
5801
5386
4733
4244
3762
3118
2609
2017
1649
1045
632
91
-327
-653
-1062
-1296
-1720
-1789
-2036
-2089
-2200
-2253
-2155
-2218
-2117
-2243
-2197
-2242
-2233
-2292
-2511
-2622
-2828
-2731
-2862
-2884
-2968
-3022
-2956
-3027
-2911
-2950
-2834
-2834
-2678
-2513
-2478
-2170
-2083
-1843
-1774
-1641
-1420
-1207
-870
-708
-404
-185
63
136
255
354
423
470
303
255
35
-47
-310
-500
-616
-877
-820
-1040
-917
-967
-978
-839
-1289
-1203
-1438
-1233
-1215
-1401
-1245
-1266
-681
-587
-209
210
886
1741
1990
2521
2924
3776
4416
4621
4884
5010
5661
5837
5980
5805
5900
6073
5759
5483
4965
4756
4347
3706
3023
2354
1905
1280
677
-144
-592
-1023
-1380
-1746
-2137
-2088
-2161
-2095
-2196
-2138
-1994
-1931
-1944
-2125
-2126
-2262
-2362
-2683
-2950
-3195
-3327
-3239
-3297
-3104
-2938
-2660
-2418
-2136
-1679
-1288
-937
-821
-762
-690
-742
-941
-1206
-1429
-1776
-2030
-2430
-2642
-2850
-2993
-3027
-3060
-2840
-2584
-2292
-2014
-1742
-1410
-1136
-879
-749
-558
-444
-392
-265
-179
-132
39
19
-8
20
-520
-408
-695
-483
-571
-860
-758
-838
-310
-260
28
345
968
1722
1957
2583
2947
3853
4392
4686
5157
5527
6367
6654
6868
6916
7143
7286
6991
6771
6218
5914
5332
4484
3591
2641
1970
986
295
-637
-1096
-1690
-2087
-2457
-2654
-2473
-2557
-2339
-2397
-2125
-1984
-2076
-2116
-2401
-2500
-2843
-3110
-3478
-3687
-3851
-4047
-4073
-4173
-3890
-3673
-3320
-3055
-2735
-2264
-1936
-1713
-1738
-1684
-1840
-2135
-2484
-3042
-3367
-3923
-4234
-4644
-4764
-4695
-4506
-4141
-3756
-3060
-2370
-1462
-748
-30
651
1168
1691
1884
2061
2112
2112
1982
1706
1571
1379
1368
1160
980
696
255
240
20
198
102
-159
-20
-48
289
213
425
732
1220
1779
1939
2460
2959
3855
4361
4621
5151
5613
6356
6515
6638
6725
6956
6947
6566
6125
5574
5312
4649
3898
3053
2307
1786
989
371
-308
-568
-838
-1134
-1491
-1783
-1730
-1957
-2180
-2549
-2777
-3071
-3453
-3950
-4558
-4919
-5410
-5747
-6181
-6437
-6400
-6292
-6001
-5758
-5209
-4622
-4027
-3527
-2967
-2427
-2003
-1694
-1665
-1612
-1722
-1793
-2013
-2265
-2461
-2625
-2575
-2470
-2148
-1772
-1241
-713
-52
622
1198
1785
2151
2463
2636
2701
2640
2490
2263
1986
1674
1454
1186
1132
968
892
891
829
948
516
604
447
751
856
511
529
356
739
524
509
647
1131
1760
1870
2281
2666
3633
4280
4612
5031
5468
6255
6460
6633
6587
6666
6726
6266
5741
5035
4563
3862
2888
1945
910
331
-485
-1236
-2096
-2653
-3013
-3370
-3720
-4126
-4282
-4534
-4649
-4921
-5229
-5440
-5603
-5759
-6066
-6358
-6474
-6413
-6340
-6111
-5782
-5298
-4661
-4158
-3494
-2860
-2132
-1520
-1001
-543
-247
46
158
181
131
-63
-160
-392
-549
-659
-676
-628
-558
-346
-117
219
487
802
1192
1485
1830
2004
2172
2250
2197
2236
2046
2011
1827
1829
1847
1879
1977
2056
2295
2457
2537
2553
2270
2337
2099
2022
1570
1008
800
501
396
-106
-234
-66
298
671
747
1263
1839
2696
3135
3424
3979
4512
5163
5208
5233
5237
5322
5186
4689
4144
3639
3157
2422
1575
738
37
-518
-1251
-1893
-2545
-2920
-3406
-3773
-4284
-4575
-4808
-5126
-5330
-5790
-5980
-6134
-6297
-6509
-6738
-6758
-6652
-6321
-5996
-5517
-5014
-4350
-3563
-2772
-1843
-1011
-98
679
1342
1883
2232
2546
2543
2387
2082
1820
1522
1231
946
632
436
224
263
308
557
838
1137
1533
1841
2169
2351
2572
2729
2673
2635
2472
2338
2086
1900
1567
1478
1342
1363
1443
1511
1607
1576
1533
1243
1275
868
689
59
-563
-867
-1481
-1721
-2203
-2276
-2259
-2011
-1662
-1374
-603
-13
962
1522
2205
2820
3494
4264
4528
4846
4899
5008
4980
4687
4327
3795
3354
2678
2134
1318
646
-111
-768
-1395
-2315
-2768
-3495
-3808
-4495
-5042
-5440
-5794
-5915
-6340
-6392
-6492
-6242
-6051
-5909
-5556
-5093
-4185
-3582
-2799
-2105
-1079
-135
647
1484
2085
2914
3384
3747
3951
4058
4082
3841
3506
2983
2676
2183
1759
1191
776
657
408
411
307
431
534
693
851
1012
1179
1133
1077
961
954
784
576
275
-62
-226
-370
-305
-213
-61
134
460
693
995
1025
1033
668
61
-364
-1037
-1414
-2292
-2920
-3497
-3856
-4056
-4423
-4289
-3957
-3293
-2737
-2101
-1176
-119
1051
1677
2535
3392
4437
5087
5309
5608
5862
6118
5876
5445
4829
4301
3789
2986
2111
1299
606
-131
-896
-1739
-2310
-2774
-3245
-3718
-4301
-4478
-4710
-4855
-5098
-5233
-5164
-5048
-4867
-4752
-4404
-3854
-3202
-2628
-1989
-1133
-229
797
1579
2425
3172
3899
4440
4769
4965
4997
5002
4647
4155
3645
3131
2582
1891
1204
711
291
-88
-355
-582
-658
-639
-635
-631
-575
-539
-643
-803
-1104
-1177
-1404
-1505
-1805
-1940
-1922
-1964
-1823
-1794
-1519
-1388
-1162
-977
-855
-702
-922
-1033
-1732
-1946
-2533
-2889
-3408
-4170
-4287
-4743
-4454
-4484
-4082
-3354
-2603
-1462
-786
462
1502
2793
3856
4625
5582
6239
7102
7342
7561
7483
7397
7190
6548
6026
5184
4668
3867
3011
2175
1277
723
-259
-938
-1896
-2392
-3063
-3704
-4215
-4745
-4841
-5321
-5383
-5566
-5400
-5027
-4693
-4083
-3532
-2634
-1948
-1020
-261
618
1577
2314
3122
3614
4254
4535
4794
4741
4607
4415
3867
3316
2596
1970
1224
474
-228
-951
-1403
-1945
-2192
-2542
-2663
-2808
-2901
-2878
-2968
-2787
-2853
-2823
-2959
-2997
-2934
-2929
-2873
-3010
-2925
-2857
-2642
-2403
-2120
-1689
-1441
-970
-788
-466
-255
-75
-220
-493
-1033
-1311
-1594
-1883
-2341
-2748
-2704
-2590
-2239
-1983
-1461
-656
374
1455
2232
3227
4259
5284
5948
6324
6726
7024
7393
7206
6960
6578
6378
5935
5232
4504
3856
3333
2669
1763
996
306
-268
-1046
-1848
-2546
-3120
-3614
-4098
-4494
-4746
-4874
-4863
-4758
-4503
-4041
-3494
-2974
-2407
-1914
-1282
-608
80
719
1304
1741
2157
2566
2832
3127
3134
3218
3132
2945
2676
2250
1707
1033
346
-324
-1063
-1676
-2347
-2888
-3388
-3733
-3991
-4054
-3985
-4016
-3971
-3909
-3714
-3561
-3351
-3184
-3028
-2824
-2654
-2379
-2169
-1914
-1640
-1318
-1000
-670
-283
32
367
681
919
1120
1231
1365
1150
1109
648
364
16
-374
-351
-802
-743
-859
-498
-222
37
695
1260
2104
2654
3300
3857
4500
5173
5362
5691
5753
6047
5973
5730
5494
5205
4972
4385
3760
3109
2535
2012
1236
568
-117
-754
-1378
-2056
-2665
-3118
-3541
-3804
-4054
-4288
-4313
-4384
-4138
-3981
-3653
-3234
-2750
-2248
-1769
-1167
-686
-56
409
884
1273
1565
2055
2172
2477
2579
2570
2381
2011
1633
1055
490
-175
-790
-1449
-2134
-2634
-2963
-3241
-3520
-3734
-3743
-3784
-3807
-3805
-3763
-3656
-3601
-3549
-3454
-3364
-3188
-3014
-2817
-2647
-2346
-1938
-1578
-1116
-798
-240
257
839
1352
1652
2093
2358
2732
2713
2743
2727
2637
2262
2003
1677
1597
1420
1169
1109
1108
1392
1387
1587
1859
2273
2683
2873
3266
3447
3886
4111
4074
4159
4177
4418
4297
4115
3834
3589
3387
2955
2430
1839
1408
890
181
-446
-1130
-1590
-2184
-2760
-3265
-3514
-3791
-3894
-4087
-4120
-3948
-3857
-3545
-3332
-2851
-2456
-2118
-1777
-1382
-838
-427
-47
269
722
1023
1283
1418
1429
1570
1484
1342
1027
711
392
7
-396
-812
-1219
-1547
-1875
-2209
-2464
-2675
-2938
-3187
-3332
-3402
-3416
-3424
-3333
-3219
-3088
-2820
-2593
-2310
-2042
-1694
-1294
-881
-471
-25
446
944
1366
1773
2137
2565
2935
3177
3346
3493
3498
3459
3295
3112
2819
2364
2089
1634
1439
1012
754
455
238
195
-138
-95
15
215
360
329
577
774
1219
1217
1366
1581
1901
2145
2115
2208
2266
2417
2344
2111
1908
1711
1493
1012
575
107
-278
-798
-1332
-1841
-2315
-2508
-2773
-2918
-3164
-3147
-3082
-2878
-2624
-2374
-1935
-1614
-1232
-931
-434
-22
354
626
762
1089
1157
1328
1253
1212
1192
1069
972
748
563
260
96
-135
-359
-550
-892
-1188
-1598
-1871
-2076
-2274
-2413
-2576
-2681
-2719
-2719
-2686
-2588
-2459
-2213
-2007
-1735
-1445
-1064
-695
-293
93
439
834
1153
1489
1646
2033
2334
2536
2744
2785
2977
2932
2951
2849
2668
2444
1837
1434
817
533
-62
-748
-1275
-1936
-2021
-2565
-2762
-2882
-2661
-2332
-2219
-1772
-1345
-400
189
633
1066
1690
2537
2962
3222
3329
3740
3908
3926
3691
3453
3422
3015
2572
1936
1553
1280
731
267
-271
-475
-839
-1003
-1358
-1417
-1377
-1493
-1503
-1634
-1383
-1304
-1250
-1197
-1137
-874
-679
-450
-352
-92
125
322
414
616
845
861
912
747
737
600
413
-47
-622
-1040
-1549
-1969
-2593
-3075
-3419
-3828
-4112
-4402
-4361
-4307
-4113
-4039
-3853
-3447
-3002
-2461
-2079
-1496
-1014
-417
84
447
956
1318
1759
2047
2351
2655
2960
3222
3364
3597
3703
3859
3829
3762
3612
3267
2878
1961
1350
578
-62
-832
-1766
-2217
-2789
-3007
-3480
-3642
-3554
-3227
-2694
-2440
-1828
-1141
-222
484
1014
1750
2411
3244
3669
4092
4368
4639
4773
4650
4423
4099
3931
3455
2990
2402
1809
1268
682
71
-599
-958
-1480
-1670
-2099
-2418
-2481
-2552
-2429
-2571
-2286
-2116
-1866
-1673
-1476
-1059
-835
-553
-454
-224
-148
-15
194
262
489
516
630
587
584
448
248
63
-328
-630
-1040
-1361
-1818
-2172
-2604
-2932
-2987
-3041
-2965
-2920
-2713
-2369
-2009
-1528
-1045
-564
-119
300
767
1121
1451
1693
1851
1939
1986
1984
2027
2026
1971
1989
1938
1878
1805
1726
1607
1441
1268
904
473
-76
-816
-1366
-2095
-2544
-3211
-3733
-3970
-4138
-4119
-4312
-4124
-3773
-3149
-2537
-2045
-1302
-477
613
1297
1959
2673
3391
4049
4386
4684
4876
5114
5084
4885
4681
4482
4344
3743
3295
2739
2334
1859
1174
667
53
-158
-622
-1094
-1567
-1764
-1886
-2109
-2253
-2450
-2288
-2250
-2223
-2171
-1983
-1718
-1450
-1247
-1064
-593
-328
12
247
546
872
1048
1204
1161
1141
1048
834
544
253
59
-243
-523
-862
-1081
-1183
-1325
-1470
-1618
-1618
-1553
-1495
-1503
-1460
-1380
-1326
-1225
-1082
-845
-615
-341
-133
96
334
623
836
1041
1196
1229
1287
1265
1202
1046
888
684
522
255
52
-193
-479
-812
-1077
-1425
-1818
-2299
-2613
-3029
-3417
-3725
-4043
-3975
-3908
-3725
-3400
-2959
-2366
-1775
-1068
-356
580
1398
2172
2830
3533
4348
4953
5410
5746
6052
6135
5985
5600
5255
4819
4313
3586
2913
2177
1457
746
36
-585
-1152
-1670
-2092
-2482
-2647
-2778
-2928
-2969
-2901
-2742
-2536
-2272
-1930
-1572
-1180
-819
-397
109
638
1078
1482
1844
2194
2431
2480
2527
2488
2394
2181
1858
1461
990
549
73
-395
-746
-1229
-1596
-2077
-2438
-2678
-2773
-2783
-2694
-2570
-2431
-2163
-1877
-1534
-1114
-801
-523
-227
47
247
351
372
334
215
70
-24
-154
-365
-572
-693
-750
-860
-908
-1010
-1122
-1239
-1367
-1586
-1904
-2369
-2711
-3009
-3363
-3590
-3935
-4023
-4153
-3912
-3693
-3470
-2938
-2377
-1462
-725
146
1140
2202
3319
4052
4824
5441
6110
6469
6606
6569
6555
6438
6057
5466
4851
4332
3766
3143
2423
1827
1371
924
407
-101
-412
-633
-796
-1092
-1310
-1413
-1561
-1618
-1811
-1826
-1785
-1766
-1715
-1581
-1236
-927
-521
-133
331
856
1362
1729
2001
2363
2514
2521
2354
2097
1658
1170
513
-146
-707
-1332
-1840
-2351
-2803
-3047
-3181
-3266
-3167
-3050
-2806
-2646
-2499
-2332
-2151
-2083
-2077
-2074
-2212
-2261
-2355
-2437
-2505
-2590
-2458
-2437
-2282
-2078
-1869
-1466
-1192
-852
-543
-249
38
156
293
270
194
154
-127
-381
-784
-1208
-1554
-1920
-2112
-2342
-2321
-2259
-2075
-1708
-1336
-775
-48
803
1646
2367
3216
3980
4800
5418
5879
6270
6545
6708
6627
6485
6238
6011
5658
5180
4688
4178
3745
3137
2506
1913
1366
827
257
-364
-971
-1495
-2032
-2603
-3109
-3410
-3680
-3862
-3996
-4032
-3743
-3439
-3099
-2657
-2065
-1326
-708
-35
540
1188
1603
1895
2069
2166
2116
1855
1553
1105
692
208
-300
-766
-1219
-1543
-1785
-1971
-2218
-2465
-2635
-2839
-2995
-3120
-3234
-3382
-3591
-3782
-3876
-3962
-3962
-3887
-3736
-3468
-3166
-2762
-2313
-1710
-1165
-539
63
578
1140
1622
1961
2121
2327
2390
2245
2013
1716
1446
1208
803
509
224
5
-235
-546
-746
-958
-1080
-1200
-1293
-1253
-1172
-921
-701
-374
2
499
1060
1656
2225
2774
3360
3934
4335
4717
4971
5300
5499
5516
5483
5346
5146
4773
4290
3742
3216
2518
1792
982
251
-378
-1055
-1674
-2257
-2696
-3019
-3123
-3214
-3180
-2964
-2762
-2406
-2093
-1734
-1331
-952
-609
-268
9
317
489
656
822
869
821
693
618
551
457
312
150
-88
-296
-536
-809
-1212
-1633
-2100
-2631
-3196
-3712
-4132
-4595
-4977
-5202
-5311
-5283
-5155
-4819
-4276
-3703
-3070
-2299
-1498
-691
12
662
1246
1773
2117
2298
2382
2306
2339
2149
1968
1764
1586
1430
1218
1136
967
869
865
817
794
723
615
478
178
-86
-546
-788
-1051
-1250
-1405
-1533
-1424
-1333
-937
-535
-31
664
1379
2278
3056
3827
4447
5043
5572
5720
5795
5752
5647
5281
4718
4183
3658
3048
2370
1655
1071
569
192
-260
-610
-831
-942
-1106
-1437
-1666
-1859
-2044
-2322
-2638
-2831
-2965
-3155
-3259
-3324
-3281
-3038
-2748
-2446
-2030
-1528
-944
-471
-16
413
746
968
1078
1017
949
690
333
-217
-767
-1263
-1867
-2492
-3077
-3510
-3822
-3997
-4110
-4035
-3910
-3567
-3217
-2777
-2278
-1676
-1140
-720
-238
150
581
881
1128
1312
1501
1631
1690
1813
1844
1909
1941
2040
2098
2152
2246
2214
2205
2061
1937
1748
1469
1170
787
459
-41
-519
-1061
-1441
-1676
-1962
-2150
-2184
-2006
-1743
-1565
-1222
-804
-143
445
877
1377
1859
2424
2766
3076
3309
3516
3728
3741
3646
3501
3408
3259
2875
2512
2226
2004
1759
1474
1122
795
533
92
-312
-724
-1225
-1606
-2121
-2607
-3009
-3330
-3574
-3775
-3816
-3703
-3442
-3111
-2734
-2231
-1678
-1134
-521
90
640
1044
1392
1702
1899
1928
1835
1629
1322
981
504
16
-464
-911
-1336
-1751
-2063
-2243
-2303
-2342
-2337
-2245
-2079
-1866
-1646
-1436
-1198
-956
-670
-438
-111
190
421
638
926
1187
1431
1764
1964
2238
2404
2484
2526
2458
2226
1936
1531
1042
496
-152
-762
-1234
-1729
-2191
-2465
-2618
-2604
-2531
-2331
-2032
-1619
-1224
-851
-421
-160
82
200
243
405
408
445
419
520
759
867
992
1183
1471
1809
1945
2082
2298
2535
2496
2329
2125
1970
1784
1384
953
535
274
9
-331
-651
-740
-720
-766
-812
-834
-674
-541
-533
-597
-600
-470
-495
-525
-693
-638
-562
-460
-443
-477
-279
-138
15
85
314
554
663
697
748
830
887
854
721
531
377
178
-93
-304
-475
-662
-796
-873
-904
-796
-626
-472
-364
-215
0
207
339
464
605
739
740
609
578
473
328
120
-115
-314
-526
-740
-1072
-1326
-1554
-1753
-1927
-2052
-2214
-2251
-2277
-2268
-2192
-2029
-1851
-1720
-1482
-1307
-1039
-764
-533
-309
-90
60
214
255
195
104
57
8
-54
-143
-188
-170
-51
22
124
307
578
842
1073
1274
1478
1695
1874
2051
2041
2045
2161
2192
2219
2078
2089
2078
2038
1976
1805
1836
1768
1677
1480
1295
1220
1064
813
545
292
56
-101
-268
-388
-386
-281
-117
95
374
688
1026
1255
1413
1579
1687
1609
1427
1208
975
696
385
34
-332
-646
-915
-1111
-1244
-1335
-1402
-1496
-1635
-1727
-1731
-1704
-1715
-1835
-1928
-2081
-2277
-2343
-2463
-2583
-2653
-2686
-2697
-2654
-2609
-2447
-2304
-2185
-2060
-1903
-1734
-1635
-1541
-1453
-1401
-1349
-1394
-1368
-1346
-1267
-1144
-1048
-879
-734
-491
-320
12
269
449
724
883
1035
1198
1365
1452
1497
1457
1395
1300
1224
1119
990
931
920
996
1034
1138
1315
1550
1784
1987
2262
2423
2702
2967
3144
3287
3378
3497
3483
3470
3334
3175
3026
2807
2630
2324
2133
1953
1697
1401
1138
906
654
433
138
-137
-302
-569
-721
-910
-966
-985
-1101
-1146
-1244
-1281
-1354
-1407
-1462
-1436
-1431
-1472
-1418
-1392
-1326
-1259
-1247
-1224
-1234
-1236
-1253
-1318
-1428
-1496
-1715
-1887
-2081
-2294
-2478
-2674
-2814
-2971
-3021
-3063
-3059
-3093
-3028
-2792
-2546
-2276
-2059
-1785
-1532
-1298
-1032
-833
-586
-452
-325
-244
-158
-19
128
258
358
520
736
930
1185
1371
1571
1749
1900
2057
2135
2209
2244
2178
2007
1908
1685
1458
1224
1005
762
563
535
447
393
442
560
721
919
1157
1435
1740
1969
2250
2464
2656
2805
2804
2784
2748
2704
2602
2413
2220
2026
1783
1524
1254
941
688
439
205
-64
-355
-604
-817
-1000
-1276
-1435
-1529
-1627
-1725
-1821
-1782
-1747
-1760
-1661
-1529
-1435
-1324
-1169
-1061
-889
-797
-711
-721
-704
-647
-765
-801
-954
-1130
-1274
-1410
-1560
-1711
-1846
-1920
-1942
-1998
-1996
-1950
-1828
-1729
-1599
-1475
-1337
-1188
-1078
-925
-796
-615
-463
-324
-242
-137
-53
98
283
432
609
725
832
908
1039
1079
1092
1080
1080
1008
896
863
730
668
597
543
505
476
445
423
447
362
359
310
302
299
351
376
297
297
341
407
402
521
674
865
1012
1189
1368
1509
1661
1744
1832
1912
1928
1926
1761
1623
1419
1239
1055
775
594
352
125
-149
-309
-441
-500
-552
-612
-595
-595
-519
-467
-404
-280
-202
-98
-45
-17
9
12
-48
-68
-97
-159
-179
-240
-312
-368
-442
-499
-612
-748
-831
-994
-1184
-1319
-1452
-1562
-1674
-1758
-1796
-1760
-1739
-1639
-1529
-1451
-1273
-1144
-964
-770
-553
-383
-185
-88
-14
46
51
61
88
97
109
132
110
128
147
150
203
191
135
79
53
-2
-39
-128
-228
-274
-296
-297
-303
-286
-252
-159
-69
-14
17
118
180
252
347
341
417
463
527
611
662
713
752
835
820
895
892
925
997
994
1024
1078
1099
1087
1145
1157
1194
1119
1038
1022
1016
1020
975
940
895
838
792
729
703
663
664
648
590
517
479
440
286
250
188
133
89
55
57
23
9
-83
-181
-289
-418
-484
-589
-640
-802
-937
-1089
-1244
-1379
-1552
-1664
-1766
-1844
-1797
-1730
-1705
-1614
-1483
-1318
-1146
-999
-877
-712
-623
-527
-474
-439
-394
-416
-512
-501
-499
-488
-441
-433
-401
-356
-306
-244
-191
-172
-140
-199
-249
-234
-228
-278
-291
-284
-319
-366
-306
-156
-97
-13
41
189
351
483
659
847
904
943
981
1009
1051
965
908
802
750
653
535
415
316
271
277
298
363
413
521
549
618
671
733
872
951
1101
1118
1166
1135
1144
1150
1049
1039
988
996
985
975
1017
989
1062
1052
1065
1039
993
908
836
710
537
450
256
179
17
-111
-257
-428
-565
-762
-917
-1113
-1198
-1307
-1502
-1621
-1693
-1855
-1923
-1987
-2058
-2131
-2184
-2206
-2144
-2031
-1910
-1783
-1614
-1362
-1132
-920
-713
-446
-219
-93
48
179
213
206
139
139
94
23
7
-54
-127
-161
-58
-3
30
98
126
143
150
148
158
196
144
127
90
58
64
88
125
204
257
412
552
647
721
781
844
850
914
933
869
762
655
469
319
194
41
-52
-214
-284
-309
-337
-310
-263
-186
-120
14
105
250
393
519
759
920
1098
1273
1315
1403
1491
1550
1626
1641
1682
1669
1649
1573
1494
1445
1378
1305
1176
1045
853
720
471
278
48
-233
-433
-713
-995
-1217
-1450
-1691
-1835
-1980
-2154
-2262
-2312
-2299
-2241
-2129
-2019
-1900
-1742
-1582
-1331
-1156
-922
-708
-491
-321
-174
28
78
101
96
71
77
45
93
106
-8
-62
-149
-229
-247
-280
-338
-325
-289
-298
-342
-409
-428
-475
-484
-523
-537
-491
-478
-370
-196
41
291
570
762
968
1134
1210
1324
1368
1384
1356
1266
1124
1004
791
500
202
-13
-245
-508
-690
-880
-1050
-1104
-1176
-1161
-1136
-1050
-887
-742
-585
-359
-102
147
418
685
960
1273
1574
1833
2106
2367
2520
2636
2771
2779
2757
2726
2579
2370
2073
1787
1462
1053
720
353
26
-251
-494
-792
-1023
-1186
-1396
-1506
-1670
-1721
-1766
-1768
-1689
-1662
-1603
-1524
-1366
-1189
-1019
-861
-717
-505
-295
-110
71
181
304
323
296
236
98
3
-175
-370
-552
-711
-911
-1050
-1189
-1295
-1378
-1487
-1569
-1638
-1684
-1673
-1675
-1539
-1371
-1254
-1052
-871
-660
-375
-81
147
386
592
787
932
1049
1175
1216
1262
1261
1217
1188
1160
1052
895
771
599
416
167
-18
-240
-472
-625
-786
-847
-920
-932
-972
-961
-885
-781
-548
-314
-60
260
588
905
1230
1502
1795
2031
2237
2433
2507
2538
2579
2482
2300
2122
1933
1697
1456
1208
960
702
486
201
-33
-208
-330
-458
-551
-644
-707
-732
-858
-888
-927
-961
-942
-933
-899
-841
-810
-733
-643
-575
-544
-469
-389
-353
-291
-241
-229
-230
-269
-390
-477
-550
-596
-630
-735
-785
-852
-929
-996
-1056
-1089
-1089
-1077
-1030
-961
-810
-638
-535
-382
-203
-25
83
166
245
340
442
462
488
490
480
392
354
281
240
164
96
76
81
28
-53
-92
-167
-195
-245
-267
-297
-341
-412
-444
-450
-403
-365
-316
-290
-245
-180
-88
45
120
254
371
495
612
655
703
818
925
977
1012
1001
1066
1101
1071
1112
1073
1032
986
921
899
837
756
689
611
518
462
372
293
228
142
125
144
100
27
-32
-115
-227
-237
-240
-274
-333
-457
-614
-752
-844
-996
-1070
-1123
-1099
-1047
-1010
-931
-876
-740
-638
-510
-366
-251
-213
-168
-104
-50
52
83
87
94
129
98
57
122
134
125
147
136
147
177
170
196
165
130
96
73
-13
-67
-63
-127
-130
-195
-242
-216
-167
-133
-53
5
60
174
188
234
250
291
274
207
143
67
27
-54
-133
-241
-333
-466
-548
-608
-640
-580
-581
-593
-578
-536
-536
-465
-428
-359
-259
-104
13
68
206
269
372
414
503
573
584
643
688
707
727
787
760
719
674
637
600
598
574
530
473
360
263
153
69
-29
-112
-146
-205
-213
-187
-170
-199
-249
-248
-242
-181
-124
-19
74
126
219
253
290
288
310
308
341
362
328
348
333
382
362
357
373
337
315
265
210
148
53
-43
-123
-217
-268
-351
-404
-435
-461
-482
-548
-571
-604
-556
-513
-473
-446
-437
-417
-411
-349
-387
-460
-537
-571
-573
-573
-576
-566
-551
-534
-541
-563
-534
-512
-560
-533
-599
-686
-679
-729
-759
-761
-842
-857
-835
-812
-739
-639
-585
-590
-565
-457
-295
-140
-37
118
280
492
661
797
871
972
1082
1082
1140
1228
1280
1349
1437
1522
1659
1767
1801
1816
1805
1832
1760
1654
1532
1411
1354
1215
1058
927
737
592
394
226
188
64
-11
-85
-149
-150
-148
-118
-202
-246
-304
-386
-396
-349
-348
-374
-398
-434
-429
-422
-387
-316
-283
-222
-188
-220
-275
-295
-308
-362
-458
-528
-636
-705
-760
-844
-927
-1067
-1161
-1254
-1354
-1400
-1374
-1419
-1421
-1419
-1400
-1359
-1299
-1233
-1128
-1038
-922
-811
-737
-606
-494
-334
-202
-108
57
141
194
269
290
324
335
330
225
112
33
-39
-109
-246
-278
-306
-341
-330
-359
-286
-249
-146
58
210
406
576
740
880
1040
1258
1413
1516
1643
1698
1776
1805
1794
1867
1838
1825
1842
1806
1760
1653
1554
1367
1239
1087
921
739
570
405
185
68
-155
-306
-409
-492
-540
-587
-615
-673
-726
-751
-783
-672
-609
-580
-502
-463
-362
-273
-172
-80
-10
48
44
93
143
110
62
-5
-62
-171
-292
-386
-494
-677
-867
-983
-1101
-1193
-1253
-1332
-1345
-1345
-1277
-1240
-1181
-1131
-1101
-1014
-970
-902
-833
-763
-664
-586
-483
-388
-261
-153
-6
181
294
435
500
541
484
495
488
440
392
280
187
63
28
-27
-95
-155
-205
-213
-167
-97
-54
73
193
289
418
541
678
745
820
898
943
941
991
987
983
1011
1023
1058
1004
1051
995
915
887
866
807
692
645
551
473
334
147
-22
-190
-289
-461
-632
-754
-841
-877
-893
-842
-778
-686
-566
-398
-197
-56
84
223
289
345
409
412
365
347
310
259
228
167
112
59
-49
-161
-246
-275
-327
-405
-441
-520
-614
-662
-727
-831
-892
-982
-1072
-1142
-1212
-1236
-1180
-1098
-983
-936
-815
-644
-526
-352
-164
46
176
313
449
584
646
662
753
819
839
908
891
850
806
766
716
645
604
547
462
395
308
229
82
57
-8
-78
-164
-233
-263
-360
-307
-304
-234
-160
-95
-24
80
176
226
279
341
398
418
390
391
388
324
271
235
224
149
81
5
-87
-159
-277
-364
-450
-498
-553
-594
-580
-541
-536
-470
-380
-330
-309
-286
-221
-149
-40
-11
14
67
166
249
279
352
403
487
474
476
459
442
406
420
374
273
126
8
-139
-182
-177
-246
-277
-365
-349
-385
-372
-334
-314
-244
-192
-136
-98
-88
-75
-37
-75
-74
39
115
226
252
277
332
428
498
599
730
804
892
886
905
930
871
799
693
595
492
376
224
39
-129
-314
-482
-613
-697
-822
-863
-941
-1008
-1028
-1048
-1018
-1001
-990
-991
-946
-858
-768
-729
-730
-723
-661
-639
-570
-482
-454
-428
-424
-367
-298
-185
-138
-91
-43
-30
22
41
57
66
80
77
71
60
85
10
-15
-24
-41
27
-2
67
198
288
368
517
678
867
984
1128
1238
1269
1290
1269
1206
1152
1106
1004
979
926
862
840
839
765
706
600
482
406
374
309
244
170
66
-11
-123
-237
-324
-387
-436
-473
-414
-447
-393
-343
-267
-178
-89
30
185
304
331
446
535
595
585
528
463
299
196
63
-129
-243
-444
-605
-776
-887
-986
-1107
-1223
-1362
-1441
-1512
-1625
-1638
-1669
-1691
-1651
-1616
-1555
-1494
-1419
-1343
-1225
-1133
-1000
-818
-695
-516
-400
-224
-81
7
84
147
227
269
321
362
375
358
311
216
156
139
129
166
263
330
368
430
499
580
649
690
776
891
1029
1103
1161
1267
1389
1489
1571
1653
1630
1613
1551
1546
1526
1462
1431
1336
1287
1151
1019
904
731
602
501
438
443
329
222
81
-27
-74
-155
-188
-228
-262
-339
-372
-387
-397
-408
-501
-529
-499
-443
-472
-491
-502
-514
-470
-416
-361
-326
-356
-429
-554
-680
-755
-844
-935
-1053
-1160
-1272
-1352
-1460
-1510
-1579
-1652
-1653
-1716
-1678
-1668
-1565
-1483
-1410
-1287
-1164
-1049
-900
-770
-671
-477
-291
-120
-10
118
186
258
341
439
538
629
673
709
762
773
818
818
776
759
738
760
783
731
707
685
633
627
664
714
758
733
733
764
820
929
997
1021
1060
1110
1132
1142
1131
1169
1170
1129
1092
1004
983
884
812
746
585
503
405
268
155
65
28
-82
-252
-381
-463
-547
-607
-611
-630
-695
-694
-654
-627
-548
-511
-512
-450
-421
-366
-259
-242
-235
-206
-222
-186
-193
-251
-310
-368
-409
-454
-484
-502
-517
-531
-634
-716
-768
-789
-780
-834
-849
-893
-892
-882
-865
-787
-722
-650
-604
-504
-400
-353
-283
-277
-206
-162
-123
14
141
247
269
329
394
364
392
389
382
388
378
378
353
295
275
210
162
177
116
83
107
88
82
91
82
126
242
313
287
263
283
331
340
352
357
348
348
388
409
404
482
474
531
520
462
354
281
247
160
153
92
62
36
-34
-109
-128
-168
-126
-93
-39
67
128
191
231
323
324
363
349
344
366
403
454
414
419
389
398
373
310
248
190
111
43
-31
-127
-165
-183
-274
-305
-338
-379
-393
-460
-450
-427
-378
-392
-355
-296
-291
-266
-301
-246
-252
-297
-312
-345
-348
-401
-380
-391
-410
-413
-469
-427
-451
-410
-382
-334
-281
-272
-207
-192
-160
-155
-177
-215
-210
-199
-171
-198
-232
-206
-224
-286
-373
-398
-411
-410
-361
-337
-309
-342
-323
-269
-227
-178
-83
46
143
205
276
401
478
521
489
468
425
420
384
427
494
515
587
628
649
693
754
753
683
622
574
607
564
515
482
455
455
448
417
444
445
423
453
451
412
480
471
450
430
394
351
282
249
214
137
-4
-95
-244
-252
-343
-367
-434
-495
-489
-605
-572
-570
-558
-540
-527
-482
-418
-322
-263
-200
-135
-166
-178
-224
-281
-318
-303
-317
-315
-332
-391
-390
-361
-326
-319
-237
-243
-264
-294
-304
-308
-377
-441
-487
-566
-661
-695
-756
-844
-906
-928
-970
-1002
-964
-928
-862
-754
-658
-541
-400
-251
-138
10
206
356
453
584
704
825
919
946
1013
968
920
876
932
971
990
1041
1063
1102
1074
1080
1066
1069
1003
906
904
831
714
594
502
430
422
389
309
316
340
298
315
320
339
356
317
325
296
263
253
226
169
44
-36
-123
-221
-299
-365
-458
-548
-625
-697
-711
-732
-741
-699
-639
-595
-547
-551
-492
-538
-523
-451
-427
-390
-404
-379
-371
-358
-339
-298
-219
-267
-356
-420
-504
-548
-609
-617
-613
-627
-586
-620
-631
-647
-660
-637
-626
-641
-698
-712
-656
-560
-469
-388
-365
-334
-285
-270
-195
-94
14
47
115
243
385
535
696
798
886
885
919
991
973
943
906
873
850
855
827
793
806
759
753
777
743
737
621
601
518
439
433
411
434
386
349
323
272
228
193
120
127
89
70
66
-37
-93
-147
-147
-160
-176
-199
-223
-236
-237
-239
-273
-300
-292
-282
-288
-324
-328
-340
-408
-418
-367
-346
-296
-261
-249
-138
-83
9
86
149
226
233
212
191
189
180
139
15
-33
-91
-152
-162
-262
-228
-224
-212
-196
-303
-339
-365
-416
-435
-462
-511
-519
-524
-546
-558
-550
-491
-414
-402
-358
-333
-312
-293
-296
-295
-333
-376
-358
-305
-235
-187
-153
-164
-155
-94
-62
-23
-38
-21
15
-26
-84
-7
-30
-40
-28
-91
-92
-79
-50
-12
14
-11
45
77
178
250
364
487
534
603
555
545
542
543
586
578
640
756
758
784
839
808
796
858
846
880
857
876
871
808
762
696
656
618
566
499
511
475
486
475
401
391
334
287
293
233
180
170
79
-14
-93
-229
-316
-410
-518
-530
-629
-668
-691
-733
-770
-826
-823
-853
-847
-888
-900
-921
-976
-976
-961
-963
-904
-896
-879
-840
-878
-874
-862
-829
-815
-799
-689
-575
-522
-496
-479
-417
-419
-425
-379
-371
-326
-246
-217
-188
-102
-47
1
52
71
103
157
163
267
336
384
406
416
409
406
437
491
534
542
634
748
795
868
949
912
954
994
997
1078
1085
1070
1050
992
929
873
778
655
586
551
492
422
367
302
212
208
207
198
166
117
92
18
-22
19
57
40
-8
-2
-30
-7
-19
-71
-100
-150
-185
-259
-351
-425
-508
-614
-663
-663
-675
-611
-619
-627
-624
-669
-636
-640
-625
-609
-550
-510
-528
-514
-505
-543
-540
-532
-494
-497
-482
-500
-520
-474
-433
-394
-348
-298
-250
-207
-215
-134
-127
-126
-158
-195
-220
-281
-350
-352
-352
-354
-358
-421
-370
-340
-314
-235
-193
-127
-55
-15
105
201
280
419
473
573
624
652
714
730
787
885
942
964
1022
1063
1076
1087
1049
1040
1033
1022
1001
976
950
902
885
809
746
708
691
590
522
448
408
423
342
263
192
129
60
-35
-82
-61
-77
-91
-112
-145
-197
-282
-338
-357
-409
-393
-422
-446
-447
-545
-532
-536
-561
-550
-522
-604
-643
-705
-783
-745
-755
-758
-703
-653
-690
-707
-690
-696
-648
-673
-638
-594
-560
-476
-432
-392
-334
-324
-291
-297
-346
-311
-360
-331
-299
-309
-299
-369
-352
-339
-306
-276
-270
-182
-178
-101
7
91
186
199
190
223
267
321
338
416
474
509
475
487
552
536
520
464
484
518
580
645
733
787
786
749
698
652
624
585
546
485
465
468
425
398
361
307
211
214
176
125
91
41
12
1
-33
-72
-112
-141
-237
-305
-251
-204
-223
-215
-164
-215
-212
-162
-154
-108
-87
-31
-30
-46
-86
-89
-153
-121
-104
-107
-27
37
40
55
75
78
123
107
138
143
140
120
142
121
115
133
154
191
187
180
146
113
49
-7
-85
-158
-137
-169
-210
-215
-264
-293
-343
-361
-407
-407
-440
-486
-500
-505
-497
-459
-394
-365
-381
-331
-324
-349
-356
-370
-365
-384
-458
-473
-420
-409
-418
-416
-327
-349
-353
-361
-309
-306
-290
-233
-185
-59
36
132
182
211
257
250
278
392
400
399
379
387
331
301
308
291
296
296
339
330
330
322
233
171
190
203
221
258
322
363
514
586
633
677
703
752
755
701
690
687
618
602
558
545
458
408
375
306
236
201
131
101
133
177
201
195
146
116
34
-60
-141
-221
-272
-360
-337
-390
-497
-605
-636
-631
-699
-709
-693
-673
-675
-672
-681
-692
-697
-659
-642
-673
-700
-698
-650
-643
-621
-574
-537
-456
-385
-391
-367
-324
-294
-263
-232
-181
-68
2
92
199
257
352
366
384
385
395
407
419
407
408
390
328
329
270
227
139
108
114
132
184
165
135
104
17
-23
-80
-117
-59
-38
-4
4
47
94
126
172
203
288
321
391
356
371
413
370
400
394
464
501
488
480
517
483
434
409
339
320
265
198
156
121
125
107
93
93
114
142
99
74
45
-18
-109
-114
-142
-176
-176
-247
-327
-339
-386
-447
-461
-494
-540
-556
-565
-510
-449
-466
-420
-423
-389
-388
-370
-348
-392
-419
-492
-498
-476
-416
-405
-397
-340
-331
-286
-271
-212
-136
-101
-88
-31
65
24
-10
-34
-106
-104
-116
-160
-167
-129
-130
-120
-117
-80
-14
71
154
175
247
237
288
300
278
266
261
297
300
357
366
431
488
499
580
647
711
728
692
656
602
549
516
508
474
495
520
517
520
429
389
364
310
302
269
240
214
119
113
95
81
54
70
13
-12
-52
-76
-107
-165
-167
-212
-270
-326
-338
-407
-449
-490
-543
-591
-607
-597
-638
-643
-636
-607
-549
-528
-510
-461
-362
-305
-279
-268
-254
-203
-147
-141
-99
-60
-37
-8
37
31
48
24
-19
-59
-110
-106
-112
-77
-75
-94
-140
-206
-199
-228
-281
-333
-382
-355
-281
-249
-171
-173
-147
-47
-32
-12
26
73
86
59
64
119
173
214
302
336
310
346
396
432
438
412
440
407
366
382
413
412
424
443
416
435
439
425
423
393
412
437
435
495
493
475
462
408
327
254
145
103
89
-5
-111
-198
-271
-360
-458
-502
-498
-493
-435
-406
-417
-352
-360
-340
-347
-336
-321
-284
-176
-125
-50
-33
-38
-53
-90
-111
-139
-131
-114
-31
31
53
81
95
95
88
-34
-64
-48
-85
-77
-89
-136
-210
-259
-314
-285
-304
-311
-285
-258
-246
-204
-140
-119
-48
38
128
199
206
271
274
313
367
362
379
319
301
299
292
236
163
155
175
114
50
38
-56
-84
-112
-163
-185
-141
-153
-158
-173
-176
-150
-178
-212
-188
-181
-166
-103
-81
-42
-16
-24
19
56
68
26
5
-24
-21
-22
-9
-13
-4
-52
-56
-38
-57
-33
-51
5
38
68
141
205
258
326
291
278
269
250
205
166
80
66
80
16
-4
-9
-33
3
35
45
65
42
99
160
142
170
198
205
236
234
201
202
150
110
65
-11
-79
-154
-185
-224
-198
-215
-200
-237
-235
-213
-265
-235
-253
-236
-229
-252
-254
-265
-284
-346
-293
-279
-257
-190
-149
-167
-146
-97
-58
11
50
106
134
93
121
149
159
144
76
67
-14
-48
-51
-85
-78
-87
-137
-106
-93
-121
-101
-101
-49
-34
-21
-10
0
40
1
13
81
107
42
70
22
36
131
168
219
255
336
332
381
455
509
532
553
629
574
509
446
331
283
247
215
176
127
125
90
-8
-48
-50
-10
-22
-95
-116
-160
-170
-203
-173
-126
-167
-161
-167
-181
-147
-141
-123
-117
-128
-98
-86
2
0
-11
-36
-52
-17
7
-42
-76
-124
-212
-341
-477
-536
-554
-571
-576
-567
-593
-566
-529
-407
-283
-179
-81
2
0
8
-6
-5
1
-23
-78
-125
-98
-44
-13
-19
-64
-115
-106
-177
-143
-131
-75
-53
-27
9
19
-37
3
-3
2
21
20
59
65
100
139
244
331
443
523
531
520
530
503
494
536
569
524
508
542
535
510
500
473
424
458
400
324
304
333
364
362
388
408
344
278
231
163
81
17
-78
-180
-209
-203
-225
-217
-180
-262
-252
-342
-348
-412
-428
-435
-496
-470
-511
-504
-503
-504
-499
-464
-488
-467
-483
-449
-426
-460
-433
-414
-411
-377
-350
-281
-177
-160
-88
-24
2
30
43
70
51
56
40
43
36
40
73
58
61
84
42
-52
20
-31
-34
-30
-40
-49
-76
-59
-96
-44
4
46
88
110
157
174
196
230
213
197
192
222
193
215
227
250
298
329
424
465
511
556
570
543
502
472
494
517
493
488
461
376
338
295
258
253
246
196
118
132
103
20
-48
-74
-125
-145
-191
-311
-336
-385
-440
-502
-492
-506
-524
-568
-607
-611
-644
-678
-626
-643
-614
-551
-501
-490
-494
-464
-446
-337
-274
-234
-184
-132
-126
-129
-154
-153
-109
-63
-17
66
124
201
285
221
261
302
314
326
260
284
286
283
276
314
318
252
264
250
265
265
295
328
303
329
342
294
322
249
176
202
178
117
87
47
17
-87
-105
-102
-134
-176
-147
-116
-134
-144
-73
-60
-77
-20
-37
-25
-76
-61
-84
-61
-5
32
28
11
10
3
-6
-23
0
-16
-5
-97
-110
-125
-91
-84
-93
-119
-135
-163
-236
-230
-226
-220
-181
-90
-30
-37
63
28
1
56
76
109
151
139
159
143
102
93
73
106
102
141
165
136
143
183
180
180
228
255
223
277
301
323
296
231
190
161
180
151
126
128
132
76
91
68
57
76
90
80
13
-20
-75
-138
-190
-145
-120
-138
-207
-269
-322
-350
-347
-395
-402
-487
-552
-543
-503
-420
-406
-421
-393
-469
-476
-437
-417
-415
-356
-334
-293
-206
-185
-173
-206
-197
-154
-122
-98
-82
-83
43
84
95
207
239
257
244
256
226
230
200
182
170
252
192
185
178
189
265
273
276
277
262
229
241
166
193
166
213
251
217
239
206
187
204
193
216
236
184
188
230
215
199
146
131
103
125
147
137
137
87
122
125
136
129
118
26
-36
-17
-48
-8
-18
-28
5
-23
3
-12
-14
-12
19
18
62
-1
-38
-98
-158
-215
-256
-286
-378
-408
-408
-330
-341
-319
-386
-379
-370
-311
-253
-211
-167
-177
-133
-107
-74
-35
-36
-12
20
-25
-9
-41
-95
-70
-92
-44
-17
19
69
59
70
73
76
77
54
49
48
60
62
99
115
160
169
181
201
184
160
156
138
161
112
113
139
92
86
97
100
117
34
-27
21
47
102
101
135
75
36
23
4
-42
-47
11
-11
21
15
1
-112
-133
-163
-184
-164
-115
-24
-11
-21
-55
-51
46
79
86
90
96
108
39
9
-28
43
55
44
23
-15
-44
-26
21
35
45
9
-40
-84
-90
-119
-162
-211
-190
-240
-245
-188
-162
-155
-180
-142
-146
-182
-133
-118
-110
-142
-92
-121
-139
-146
-205
-194
-214
-229
-207
-207
-160
-136
-99
-39
1
58
80
117
168
206
243
263
266
285
289
310
273
303
292
330
380
369
371
337
355
423
398
349
316
272
291
290
237
206
173
101
47
18
19
-27
-19
-43
-42
-65
-65
-17
15
6
-83
-111
-172
-159
-186
-193
-214
-215
-141
-93
-65
-49
-92
-95
-59
-73
-53
-52
-82
-118
-155
-144
-144
-192
-177
-251
-302
-341
-328
-253
-257
-236
-237
-237
-202
-179
-187
-164
-164
-99
-40
-43
-62
-15
-54
-39
-38
-19
53
86
125
99
91
145
192
185
171
161
183
146
204
249
191
158
103
43
-39
-75
-70
-44
-10
31
16
8
40
-17
-71
-32
-22
-18
-1
47
123
30
18
18
27
-42
-109
-95
-97
-37
-56
-74
-40
-39
-12
35
21
11
-9
-53
-22
-35
-35
-27
-57
-28
-35
-36
-38
1
28
30
-33
-47
-60
-41
-36
-17
-56
-75
-53
-55
-18
8
24
97
93
3
12
37
45
86
136
156
223
267
240
218
230
192
216
287
337
350
371
407
355
350
335
347
348
341
289
213
168
123
152
156
114
84
29
-48
-68
-64
-72
-95
-173
-222
-264
-280
-295
-320
-295
-290
-302
-325
-310
-288
-288
-303
-280
-237
-215
-194
-209
-284
-299
-377
-441
-455
-438
-418
-381
-360
-334
-279
-177
-155
-71
16
24
57
52
101
131
106
104
134
164
208
246
281
292
346
327
280
238
205
193
172
162
121
108
-6
24
41
41
45
27
12
-9
-22
-90
-77
-59
-88
-104
-93
-76
1
-3
-12
26
-31
-70
8
17
-2
13
-18
-4
-9
-10
7
75
123
167
208
205
198
157
125
80
132
156
195
248
208
191
183
152
109
74
-4
-57
-147
-209
-260
-287
-296
-337
-363
-379
-314
-311
-327
-314
-331
-340
-323
-343
-323
-312
-242
-158
-67
-35
13
61
43
52
66
101
166
151
134
168
105
130
111
119
164
157
160
177
210
199
162
160
167
214
260
249
286
301
341
375
378
407
374
369
371
362
383
383
350
332
292
307
250
236
206
123
135
95
116
48
-28
-29
-60
-111
-123
-135
-207
-246
-192
-201
-189
-159
-131
-152
-205
-268
-342
-382
-406
-452
-459
-534
-540
-516
-550
-535
-597
-569
-602
-587
-548
-510
-475
-430
-446
-427
-435
-433
-441
-420
-343
-320
-258
-210
-163
-116
-88
-133
-101
-60
-31
18
42
84
151
198
313
391
426
486
566
603
613
607
658
672
659
650
613
627
613
581
615
604
546
529
425
382
312
279
239
229
272
257
259
274
245
233
252
255
225
165
103
21
-20
-98
-151
-172
-155
-167
-172
-181
-181
-231
-263
-277
-353
-380
-464
-509
-524
-558
-574
-551
-573
-586
-618
-599
-514
-442
-347
-334
-336
-309
-271
-250
-278
-242
-184
-120
-56
34
99
124
158
170
244
268
277
266
246
246
239
212
137
101
70
26
20
55
70
121
104
109
116
80
93
105
102
81
60
29
-20
-13
-41
-52
-31
-12
52
80
99
119
102
139
101
116
188
191
210
271
311
304
275
257
263
262
283
225
183
156
129
118
123
160
148
71
57
21
-46
-28
-19
-13
-30
-34
-79
-125
-118
-94
-62
-87
-92
-92
-119
-135
-119
-142
-167
-158
-199
-259
-342
-384
-420
-391
-384
-407
-399
-391
-390
-413
-410
-428
-404
-363
-250
-221
-193
-148
-99
4
-16
35
79
119
186
184
293
309
318
320
278
291
273
323
364
359
416
390
348
319
242
220
148
123
41
21
29
-34
-8
-45
-105
-120
-110
-122
-207
-172
-121
-177
-189
-214
-265
-249
-258
-265
-255
-261
-187
-138
-99
-23
-18
35
46
94
73
67
82
56
82
108
117
129
146
138
163
221
211
198
199
154
117
62
83
81
64
58
32
59
72
53
99
94
123
143
144
141
119
68
84
62
19
38
66
50
39
43
63
95
124
129
149
151
127
104
37
-42
-83
-80
-115
-197
-227
-251
-281
-236
-210
-146
-131
-121
-170
-213
-191
-192
-175
-118
-50
-82
-112
-60
-83
-84
-24
-57
-32
1
0
-21
-40
-51
-81
-88
-108
-118
-101
-86
-49
-61
-84
-149
-163
-116
-116
-142
-132
-148
-145
-127
-95
-44
19
-3
12
25
8
46
49
87
169
162
168
191
170
177
212
238
257
276
281
247
200
222
226
200
212
232
183
226
243
212
249
138
115
73
60
56
66
77
7
-17
-44
-26
-96
-129
-173
-166
-130
-143
-175
-184
-190
-191
-186
-152
-85
-79
-82
-94
-119
-125
-101
-127
-75
-30
-38
-8
-77
-120
-169
-140
-163
-123
-78
-132
-58
-47
18
66
59
119
121
138
126
119
68
50
73
113
98
-10
-3
-50
-76
-84
-124
-195
-231
-251
-216
-222
-264
-243
-244
-231
-216
-174
-114
-85
-21
-21
-60
3
14
51
46
107
140
167
227
198
215
234
244
251
231
217
195
112
112
78
137
214
219
301
370
395
402
365
326
285
246
230
194
215
197
197
149
92
96
58
43
35
17
43
45
47
48
21
-1
-20
-63
-114
-115
-116
-90
-102
-161
-158
-182
-231
-241
-246
-197
-216
-220
-201
-258
-225
-265
-311
-334
-342
-216
-221
-203
-161
-152
-199
-271
-256
-254
-218
-201
-181
-125
-106
-38
17
32
21
2
-4
-49
-120
-170
-179
-246
-212
-216
-301
-365
-397
-303
-307
-262
-191
-165
-117
-114
-54
-26
7
49
82
100
92
151
138
172
224
267
331
363
407
372
350
316
325
382
472
518
512
479
415
401
338
315
299
339
343
290
270
248
243
285
271
227
172
155
115
122
122
94
90
27
83
60
74
97
96
141
91
53
2
-1
-39
-35
-57
-73
-130
-242
-311
-370
-396
-403
-382
-348
-293
-219
-153
-115
-117
-148
-224
-172
-164
-193
-150
-220
-279
-311
-319
-298
-265
-272
-288
-300
-337
-348
-368
-374
-374
-344
-330
-280
-175
-134
-104
-84
-126
-65
-44
34
61
42
86
107
99
94
122
151
138
137
171
162
255
286
303
349
347
301
268
253
253
218
214
281
310
378
387
379
424
402
365
403
354
371
380
385
416
347
266
183
126
92
109
119
115
8
-54
-150
-231
-206
-205
-239
-335
-374
-448
-449
-481
-433
-409
-395
-337
-292
-285
-306
-365
-368
-344
-314
-273
-277
-292
-266
-243
-247
-235
-215
-213
-195
-182
-155
-106
-128
-68
-71
-57
-32
-21
10
17
-22
-36
3
4
39
48
65
88
85
112
105
101
113
86
96
104
102
133
153
181
212
165
184
286
311
357
333
298
257
272
304
338
406
398
368
377
429
424
392
371
354
353
303
282
244
204
200
170
163
91
50
-4
-33
-136
-183
-236
-284
-299
-343
-316
-343
-277
-223
-265
-312
-316
-325
-340
-361
-349
-318
-298
-317
-368
-396
-345
-313
-286
-307
-266
-277
-299
-260
-294
-258
-258
-241
-254
-174
-156
-109
-49
-38
-3
59
106
91
87
92
131
138
107
160
228
174
192
213
190
239
284
303
352
405
385
380
391
325
341
335
279
270
236
202
258
269
276
330
290
293
279
261
223
164
128
47
-13
-97
-117
-140
-170
-180
-263
-291
-293
-307
-367
-379
-373
-411
-378
-430
-427
-403
-409
-382
-376
-327
-312
-299
-322
-270
-215
-126
-79
-62
-18
-62
-48
-11
-97
-101
-68
-54
-14
19
58
81
58
51
29
-5
52
161
230
287
304
308
273
283
299
334
379
351
344
373
381
393
431
357
326
325
258
251
226
155
155
106
42
0
-7
-25
-64
-83
-80
-62
-94
-59
-106
-118
-100
-114
-79
-45
-8
49
16
-17
-57
-88
-125
-173
-139
-117
-106
-134
-173
-188
-202
-208
-242
-242
-205
-202
-182
-189
-156
-169
-193
-186
-147
-117
-65
-92
-55
-12
-15
-19
-35
17
82
106
80
62
-26
-101
-111
-185
-224
-248
-274
-244
-289
-287
-264
-165
-156
-103
-37
-31
21
-32
-35
9
27
14
34
72
91
87
107
109
113
169
144
179
161
162
168
145
190
217
205
215
259
296
317
292
294
297
275
292
278
227
151
152
113
109
135
121
99
119
125
114
135
148
115
96
110
106
143
112
104
57
-6
-36
-81
-111
-125
-129
-130
-200
-230
-261
-272
-237
-227
-227
-280
-285
-311
-350
-333
-307
-314
-298
-264
-198
-178
-121
-109
-55
28
3
71
68
18
8
-13
42
70
83
128
117
101
45
26
6
-18
5
32
79
128
89
145
129
171
195
195
237
228
222
184
138
105
97
58
-11
-22
-26
-95
-159
-191
-203
-206
-263
-221
-207
-157
-116
-147
-116
-196
-116
-127
-186
-203
-177
-180
-203
-136
-152
-124
-97
-63
-2
41
110
105
95
114
95
121
152
171
168
136
112
111
106
88
64
28
-34
-47
-53
-14
89
88
141
192
200
199
252
194
150
178
160
115
68
83
82
104
185
246
203
176
171
180
176
243
320
257
254
187
144
76
40
65
-37
-63
-80
-103
-135
-158
-194
-260
-328
-329
-304
-375
-356
-364
-378
-363
-321
-399
-368
-366
-398
-374
-330
-295
-260
-178
-167
-182
-162
-122
-75
-44
-33
-4
-39
-23
19
-29
-46
-15
22
69
80
139
159
168
205
153
176
177
171
228
233
276
292
243
166
182
179
224
217
173
220
254
269
216
202
176
149
136
102
95
99
133
91
53
32
22
-77
-121
-125
-132
-93
-27
51
78
155
184
191
210
192
155
127
20
-30
-53
-130
-98
-109
-154
-176
-193
-201
-267
-248
-254
-288
-328
-321
-276
-273
-233
-292
-309
-245
-177
-148
-51
-77
-105
-87
-128
-110
-43
-63
-50
-39
-26
-88
-140
-111
-144
-148
-123
-79
-22
7
-32
-35
-45
-2
14
29
46
107
132
150
191
168
182
163
136
133
137
166
241
317
307
317
259
241
259
203
217
194
198
169
150
160
113
143
130
125
141
156
178
130
129
143
107
102
92
93
40
-82
-128
-189
-239
-288
-314
-304
-285
-291
-277
-255
-216
-145
-101
-65
-26
-20
-50
-37
-31
-26
-31
-52
-70
-33
-42
-54
-96
-93
-130
-130
-64
-57
10
37
121
100
87
102
90
51
35
46
41
83
56
102
109
126
150
125
124
64
99
61
-17
-28
-81
-51
-26
-37
-18
-110
-111
-110
-82
-99
-110
-93
-147
-183
-227
-254
-242
-250
-243
-232
-232
-210
-172
-117
-158
-137
-119
-83
-87
-108
-89
-126
-77
-104
-106
-63
-40
-11
39
78
158
212
255
306
308
322
345
430
417
419
443
460
409
368
385
357
379
377
349
287
249
181
150
84
-37
-14
-154
-242
-241
-253
-219
-250
-212
-241
-309
-286
-313
-332
-326
-341
-295
-327
-288
-212
-168
-101
-70
-40
49
61
69
38
83
69
80
133
129
137
121
49
1
32
-1
-22
-23
-31
-38
13
60
75
118
117
104
43
29
33
-17
-37
-64
-107
-50
-40
-17
-53
-69
17
75
159
143
179
206
200
231
191
155
66
39
-10
-51
-67
-65
-14
-60
-47
-8
9
-36
-59
-72
-95
-54
-42
-6
68
76
26
25
0
-21
-18
-40
-52
-30
-41
-69
-122
-135
-156
-195
-167
-148
-132
-111
-78
-65
-38
-25
-64
-66
-122
-154
-178
-194
-161
-167
-143
-93
-128
-111
-79
-51
-68
-77
-17
21
-8
-20
20
26
33
-18
-56
-103
-146
-164
-121
-60
20
-17
79
137
135
158
169
110
98
129
125
196
225
207
162
188
201
172
190
169
145
164
192
265
307
352
367
329
313
324
340
292
301
235
179
147
76
46
44
55
52
76
14
6
-65
-99
-86
-105
-111
-113
-131
-179
-203
-281
-257
-257
-242
-184
-180
-164
-193
-261
-293
-339
-373
-361
-354
-357
-344
-340
-323
-300
-224
-216
-264
-234
-285
-228
-199
-187
-172
-154
-94
-141
-63
6
11
25
36
61
93
166
235
234
293
287
275
259
247
294
254
277
272
288
284
309
348
334
330
301
361
357
304
319
258
165
92
43
42
29
2
-15
-42
-92
-103
-135
-139
-146
-184
-153
-227
-266
-272
-233
-215
-192
-233
-273
-232
-194
-177
-154
-73
16
87
128
188
240
278
325
380
327
313
245
155
124
65
20
19
27
31
56
35
18
-23
-39
-76
-105
-87
-108
-162
-175
-199
-219
-204
-234
-239
-271
-275
-282
-263
-199
-142
-100
-89
-71
-96
-42
-39
-13
8
69
109
98
119
65
7
-95
-121
-135
-170
-121
-132
-106
-176
-169
-124
-124
-93
-108
-59
-47
-19
44
51
54
62
30
64
90
123
178
177
208
242
265
272
274
299
294
283
329
279
249
247
227
242
218
161
122
62
13
-45
-45
-4
7
2
-13
-11
20
12
-18
34
46
53
68
4
-29
-41
-31
-28
-54
-115
-140
-142
-170
-236
-257
-280
-270
-279
-259
-246
-289
-270
-229
-205
-166
-159
-90
-109
-130
-91
-86
-20
8
42
74
69
49
44
-2
-42
-87
-147
-175
-205
-213
-227
-174
-106
-29
8
49
66
75
92
86
116
87
96
145
169
237
250
278
291
272
284
267
254
210
191
221
264
308
293
261
173
120
167
200
203
219
188
158
134
140
171
219
204
180
176
113
61
12
-102
-100
-134
-211
-235
-284
-284
-315
-311
-323
-342
-333
-362
-369
-351
-367
-357
-337
-316
-320
-330
-289
-222
-187
-151
-155
-164
-195
-203
-180
-244
-186
-170
-132
-112
-122
-158
-143
-171
-119
-70
-16
71
136
198
237
241
238
244
257
298
267
298
249
253
224
254
273
288
310
300
318
295
310
301
282
248
203
190
208
239
226
155
161
162
155
144
73
55
13
-57
-71
-127
-48
-36
-39
-58
-116
-95
-135
-176
-213
-151
-157
-117
-95
-72
-79
-86
-64
-74
-51
-38
-24
-44
-66
-119
-112
-127
-193
-171
-101
-116
-100
-97
-106
-117
-142
-176
-186
-216
-238
-219
-225
-176
-196
-238
-186
-165
-134
-43
62
183
246
243
272
321
310
324
378
400
354
328
275
203
171
116
55
73
88
57
19
43
-1
-22
22
-19
-32
-14
-77
-136
-177
-204
-230
-229
-216
-224
-253
-294
-268
-274
-214
-246
-233
-222
-253
-221
-143
-116
-130
-127
-166
-144
-143
-157
-107
-78
-46
26
48
53
67
126
137
130
120
59
94
111
87
29
24
0
67
96
63
113
163
144
191
285
313
398
449
473
422
398
342
339
354
327
374
321
277
235
116
55
20
-68
-81
-61
-118
-87
-117
-134
-139
-187
-149
-123
-143
-152
-162
-144
-171
-196
-148
-107
-102
-23
-5
-9
-8
-79
-165
-229
-281
-356
-357
-356
-350
-349
-386
-343
-377
-343
-285
-254
-203
-154
-57
-5
85
130
152
216
232
265
269
239
177
158
189
225
276
306
310
284
176
147
166
228
242
201
171
117
43
27
84
94
119
130
103
65
50
-1
-14
2
46
30
75
8
-13
-9
-23
-87
-75
53
54
98
18
-13
-64
-105
-191
-187
-133
-117
-126
-204
-243
-339
-323
-401
-430
-417
-466
-423
-418
-385
-314
-255
-198
-198
-161
-199
-193
-209
-217
-141
-93
-21
2
9
46
42
82
138
190
328
380
433
500
540
535
494
483
500
498
559
551
485
424
371
349
243
310
289
311
244
197
204
131
65
-29
-34
-126
-181
-170
-154
-188
-216
-264
-324
-361
-331
-342
-332
-300
-285
-220
-221
-233
-224
-200
-200
-171
-197
-192
-202
-191
-216
-199
-171
-167
-134
-167
-127
-101
-53
1
27
114
111
113
121
101
127
118
147
176
205
220
230
223
171
204
221
171
138
140
179
237
251
226
203
224
189
172
137
105
75
18
39
-7
-52
-125
-169
-283
-351
-352
-359
-371
-350
-318
-289
-250
-251
-235
-275
-206
-191
-188
-185
-165
-163
-165
-128
-111
-126
-177
-183
-282
-254
-221
-263
-252
-211
-123
-87
-40
-17
27
101
129
194
246
252
213
261
342
399
413
457
493
483
529
542
611
613
621
630
564
485
419
412
310
247
221
240
199
122
55
-30
-82
-174
-198
-208
-224
-251
-243
-249
-257
-332
-387
-397
-448
-411
-441
-415
-447
-471
-496
-453
-451
-414
-395
-394
-321
-323
-243
-205
-140
-38
-45
-54
-39
33
44
23
11
20
19
-10
48
50
115
148
187
202
161
202
160
172
183
193
252
281
283
315
348
353
387
379
324
290
254
196
260
248
226
170
135
76
7
12
-27
-10
-76
-67
-111
-109
-109
-124
-92
-77
-82
-111
-59
-64
-51
-69
-75
-45
-7
60
31
33
56
5
28
26
-22
-32
-64
-98
-90
-140
-132
-130
-146
-156
-210
-212
-214
-223
-237
-250
-199
-226
-289
-239
-284
-305
-262
-313
-300
-269
-244
-249
-186
-179
-190
-190
-202
-199
-165
-100
-45
-19
16
57
89
121
151
171
138
179
195
193
231
258
243
184
196
223
255
296
330
296
374
403
380
449
453
452
392
373
392
359
394
344
274
272
272
241
183
190
155
113
55
-8
-65
-93
-81
-137
-166
-175
-203
-215
-165
-124
-76
-55
-75
-125
-194
-202
-180
-157
-84
-45
-29
-64
-65
-116
-154
-205
-195
-239
-269
-215
-217
-223
-242
-225
-235
-193
-219
-238
-241
-271
-286
-292
-312
-284
-272
-244
-210
-187
-159
-164
-136
-87
39
35
46
49
56
119
100
182
257
282
356
356
287
233
164
181
178
249
289
244
288
306
353
346
385
316
325
341
280
279
155
71
3
-65
-100
-129
-176
-201
-258
-308
-371
-370
-373
-395
-379
-328
-280
-246
-213
-138
-111
-126
-114
-87
-127
-140
-125
-118
-52
51
93
64
55
3
-62
-109
-169
-228
-270
-266
-218
-136
-61
-9
88
79
103
88
31
52
66
148
196
201
220
210
173
153
185
207
236
253
277
280
301
282
278
316
261
239
225
230
235
220
203
168
142
127
117
117
113
64
35
5
-11
-2
-28
-41
-8
-10
-36
22
29
-38
-46
-46
-79
-92
-76
-112
-102
-131
-193
-216
-210
-237
-284
-254
-202
-227
-266
-254
-205
-204
-193
-171
-189
-151
-172
-140
-122
-99
-77
-151
-120
-126
-50
15
65
111
61
6
24
13
-8
-18
-74
-102
-98
-98
-80
-104
-66
-54
-86
-59
-45
-41
-6
46
51
61
76
131
138
107
139
112
56
-14
-19
-65
-50
19
67
127
133
118
138
181
205
221
266
250
212
199
229
215
159
105
72
74
19
11
-5
-41
-68
-127
-154
-170
-216
-186
-209
-229
-261
-288
-225
-198
-178
-172
-210
-209
-177
-159
-129
-113
-37
-26
3
53
55
117
164
159
165
141
169
194
170
223
207
160
123
150
210
246
324
337
343
358
312
309
265
291
327
276
280
249
219
190
180
201
145
70
22
7
-13
-33
-50
-112
-213
-262
-305
-360
-315
-344
-302
-275
-279
-257
-205
-201
-156
-165
-181
-197
-254
-275
-237
-244
-216
-172
-101
-72
-50
-15
-57
-49
-68
-49
-69
-65
-40
7
57
101
96
93
35
29
-32
-79
-73
-54
-63
-54
-43
-148
-146
-191
-180
-232
-193
-183
-169
-163
-178
-189
-195
-142
-115
-68
-1
14
91
168
245
318
315
348
328
293
260
216
196
197
191
217
223
221
252
222
192
220
210
167
180
127
85
79
57
85
67
60
-14
-83
-106
-125
-159
-185
-180
-160
-192
-236
-250
-217
-238
-235
-201
-229
-169
-153
-99
-62
-33
38
82
132
126
86
52
19
-18
-77
-64
-108
-107
-134
-139
-134
-122
-80
-79
-22
13
48
71
107
134
170
155
125
120
153
158
151
188
207
187
211
226
250
223
206
158
55
29
-8
-37
-79
-75
-32
-66
-65
-82
-75
-53
-8
-32
-70
-35
-77
-65
-26
-56
-10
25
66
82
46
53
17
58
43
112
130
101
139
80
74
4
-25
-92
-138
-179
-248
-227
-215
-215
-261
-238
-202
-121
-95
-91
-90
-148
-134
-155
-119
-114
-35
5
10
62
56
114
134
181
210
165
247
188
183
144
129
138
135
141
76
74
19
31
34
-36
-110
-131
-168
-115
-28
11
50
53
61
47
0
-8
-48
-106
-98
-123
-113
-99
-84
-56
-76
-65
-60
-63
-28
-29
-73
-81
-81
-73
-109
-101
-95
-32
6
11
3
-52
-95
-106
-139
-155
-109
-88
-78
-60
-54
-48
4
22
10
-14
20
72
53
108
109
151
217
213
226
246
223
187
92
58
66
7
-8
-31
-43
-58
-50
-41
-32
-10
-8
62
76
60
41
63
46
83
70
78
70
13
33
8
12
42
72
31
20
16
35
36
61
121
120
199
226
180
196
169
158
138
170
160
143
109
83
72
75
77
55
74
35
-8
26
-9
-17
-13
-45
-72
-118
-164
-159
-156
-193
-164
-182
-153
-169
-174
-199
-210
-235
-304
-287
-322
-350
-355
-368
-406
-361
-286
-249
-202
-122
-88
-55
-45
0
-25
-16
-7
-66
-13
34
63
96
54
53
78
55
112
111
100
110
97
91
31
51
33
57
83
65
101
111
122
134
109
102
107
66
22
8
-48
-112
-89
-90
-40
-55
-65
-32
-107
-134
-148
-103
-72
-44
30
25
-21
-18
46
81
103
151
152
147
165
209
210
157
168
184
192
197
201
178
169
167
115
146
152
188
177
191
178
145
152
96
25
18
9
4
11
9
-1
-20
-54
-67
-56
-62
-109
-129
-132
-131
-113
-153
-109
-116
-126
-142
-173
-153
-209
-271
-280
-297
-294
-305
-334
-322
-302
-324
-278
-235
-175
-136
-60
64
128
147
141
160
142
102
122
132
128
143
176
212
231
218
204
226
190
188
183
216
261
221
242
287
241
239
266
276
219
154
147
147
110
91
102
143
149
80
99
52
68
85
39
29
16
-64
-108
-182
-263
-367
-441
-429
-419
-378
-388
-406
-440
-425
-453
-466
-444
-429
-438
-441
-428
-460
-501
-502
-468
-498
-443
-382
-331
-267
-157
-79
-37
40
99
159
196
255
282
331
395
445
469
454
514
488
487
488
449
458
459
464
432
425
410
400
375
322
326
330
332
343
303
215
175
149
88
107
77
54
74
71
35
35
-12
-106
-154
-198
-209
-262
-235
-232
-214
-208
-205
-148
-112
-96
-133
-185
-223
-260
-327
-322
-325
-309
-275
-238
-194
-183
-190
-205
-187
-174
-138
-129
-107
-71
-81
-62
-37
-2
-37
27
62
64
120
170
247
247
249
278
285
306
304
334
320
254
243
167
109
124
116
131
159
165
153
109
142
117
89
100
48
63
-10
-43
-26
-77
-95
-93
-95
-100
-114
-121
-162
-244
-309
-393
-419
-456
-489
-448
-419
-392
-382
-376
-367
-345
-305
-378
-396
-334
-292
-215
-168
-98
-49
15
22
15
7
-4
45
23
33
-4
31
80
101
129
183
226
218
231
211
168
133
123
78
51
49
75
105
104
100
99
97
101
133
183
221
251
304
228
207
180
194
237
248
310
384
423
447
438
434
406
370
327
249
276
277
257
242
237
191
155
155
119
59
43
31
-33
-56
-110
-127
-176
-211
-255
-271
-300
-288
-246
-229
-210
-208
-241
-267
-326
-395
-441
-483
-444
-473
-491
-534
-532
-494
-453
-451
-380
-326
-250
-185
-169
-134
-76
-20
-23
-7
59
138
176
232
255
280
265
275
290
268
251
272
274
260
167
149
163
138
158
179
183
182
168
208
184
136
167
137
125
148
181
110
67
68
26
-22
-70
-90
-80
-99
-98
-113
-172
-131
-137
-121
-101
-107
-131
-185
-186
-181
-150
-148
-147
-135
-202
-188
-228
-258
-263
-254
-237
-221
-168
-117
-66
-80
-51
-14
-61
-49
-7
47
87
135
160
139
150
164
169
172
225
233
232
260
285
291
250
253
163
52
0
-3
44
36
77
111
74
66
92
80
74
50
104
112
100
164
214
218
276
342
354
299
306
281
262
208
160
69
-13
-33
-113
-87
-108
-138
-101
-144
-206
-205
-248
-296
-281
-288
-310
-317
-351
-320
-308
-332
-266
-299
-325
-269
-208
-254
-221
-182
-203
-194
-243
-205
-184
-137
-101
-113
-81
-83
-122
-85
-74
-71
-93
-99
-102
-84
-51
-62
-68
-39
-3
6
1
-15
-50
-68
-58
-46
25
67
104
160
186
241
320
321
389
432
381
374
351
354
371
330
319
223
171
152
145
154
157
171
157
121
84
75
96
100
97
104
65
48
-16
-31
-12
11
-44
-24
-23
-47
-88
-107
-88
-120
-170
-161
-115
-139
-139
-155
-136
-142
-116
-136
-163
-167
-189
-195
-205
-243
-240
-215
-211
-180
-115
-89
-87
-70
-86
-37
-44
-49
-40
-48
-32
-10
-15
-11
-15
-12
32
78
118
142
228
257
220
226
210
204
246
253
297
285
276
214
151
77
-3
-33
-68
-89
-133
-159
-178
-195
-137
-151
-150
-138
-125
-135
-194
-145
-140
-100
-53
-23
3
49
71
58
49
93
83
73
118
135
174
223
236
250
220
217
234
213
257
264
237
250
206
163
193
168
132
130
136
124
103
108
99
117
93
21
-10
-41
-74
-86
-113
-99
-141
-151
-143
-209
-244
-308
-306
-341
-355
-349
-345
-341
-357
-324
-290
-233
-226
-206
-211
-208
-232
-212
-207
-247
-204
-179
-153
-153
-98
-120
-108
-133
-204
-159
-131
-86
-73
-40
-41
-51
-33
-27
12
25
62
104
119
120
155
228
176
140
141
115
138
114
127
163
178
183
226
239
194
241
232
211
275
245
216
254
251
250
255
240
246
203
178
120
83
77
63
21
-23
-51
-51
-31
-57
-51
-43
-41
-53
-63
-74
-68
-10
-19
-23
1
-82
-109
-120
-94
-58
-14
-19
-8
10
20
79
96
82
44
31
100
118
118
82
49
-56
-150
-174
-165
-149
-78
-28
-39
-25
-7
-69
-109
-130
-196
-241
-240
-278
-311
-271
-237
-228
-222
-155
-193
-200
-170
-165
-121
-129
-152
-155
-128
-144
-92
-4
43
108
156
169
168
183
175
210
212
211
259
282
267
285
248
196
151
82
83
58
29
44
51
35
-18
-37
-68
-65
-72
-80
-66
-44
-59
-94
-106
-80
-114
-105
-69
-87
-42
-69
-108
-120
-152
-146
-118
-74
-35
-22
10
13
46
67
70
80
82
36
67
98
132
179
225
235
226
186
142
154
134
155
139
148
110
117
197
181
115
114
128
115
130
124
137
138
117
146
161
135
142
89
3
-66
-107
-102
-105
-108
-78
-90
-60
-117
-164
-169
-219
-258
-305
-269
-284
-257
-266
-242
-270
-283
-328
-345
-333
-333
-299
-305
-322
-329
-268
-239
-199
-156
-110
-127
-106
-79
-78
-40
-15
1
49
49
55
97
94
132
208
284
313
349
382
355
379
458
524
511
521
535
513
519
484
466
398
352
342
300
305
299
289
289
250
196
142
79
71
33
5
-40
-98
-152
-259
-263
-291
-323
-340
-366
-426
-463
-479
-548
-566
-578
-565
-530
-500
-413
-391
-364
-351
-377
-380
-390
-316
-246
-193
-177
-127
-99
-103
-49
-11
6
28
33
55
44
63
101
141
218
246
240
230
215
237
228
230
249
233
238
283
296
280
281
217
213
207
207
170
196
201
154
140
111
99
54
8
-14
-30
-49
-106
-71
-62
-40
-51
-65
-70
-103
-117
-123
-83
-55
-52
-82
-88
-100
-148
-150
-119
-157
-122
-123
-110
-82
-148
-151
-131
-128
-115
-85
-50
-40
-38
-6
-1
29
32
29
50
91
75
65
82
71
86
110
128
104
99
61
