418
434
451
440
438
429
408
399
376
329
292
253
219
183
147
118
98
61
44
29
10
3
-12
-21
-29
-34
-39
-32
-31
-31
-33
-37
-32
-27
-34
-39
-49
-54
-65
-58
-59
-66
-74
-86
-92
-105
-108
-120
-125
-147
-193
-232
-293
-317
-393
-455
-534
-578
-618
-668
-717
-752
-759
-772
-760
-738
-703
-651
-589
-511
-435
-340
-238
-118
13
132
273
399
535
661
759
848
935
1017
1072
1110
1155
1191
1223
1245
1257
1240
1233
1188
1138
1091
1032
980
904
827
759
668
577
482
388
285
149
26
-94
-191
-317
-418
-496
-599
-671
-754
-817
-889
-942
-990
-1062
-1072
-1133
-1155
-1200
-1164
-1210
-1257
-1308
-1322
-1337
-1417
-1459
-1531
-1498
-1529
-1544
-1598
-1561
-1522
-1455
-1356
-1256
-1110
-924
-725
-526
-336
-89
167
415
686
925
1157
1437
1718
1982
2170
2344
2481
2620
2685
2705
2694
2660
2643
2542
2444
2276
2140
1983
1778
1568
1308
1091
854
673
449
293
140
-6
-100
-244
-340
-438
-494
-557
-608
-647
-707
-723
-716
-702
-702
-671
-639
-632
-632
-647
-668
-692
-707
-718
-741
-738
-749
-756
-779
-760
-735
-735
-726
-688
-702
-744
-847
-971
-1095
-1277
-1459
-1712
-1886
-2058
-2202
-2419
-2538
-2615
-2625
-2548
-2494
-2338
-2145
-1849
-1517
-1183
-797
-444
-18
386
789
1120
1467
1799
2117
2379
2574
2779
2971
3176
3319
3406
3470
3528
3588
3567
3482
3364
3213
3054
2843
2554
2165
1878
1511
1107
603
214
-124
-475
-785
-1102
-1352
-1557
-1684
-1831
-1886
-1911
-1912
-1859
-1772
-1629
-1496
-1386
-1267
-1192
-1170
-1096
-1011
-994
-958
-884
-858
-786
-698
-620
-561
-469
-331
-278
-175
-41
13
-79
-144
-332
-441
-759
-999
-1280
-1522
-1734
-2017
-2299
-2500
-2557
-2644
-2575
-2513
-2349
-2066
-1736
-1330
-964
-590
-99
318
742
1155
1518
1790
2092
2352
2533
2665
2806
2952
3080
3114
3110
3127
3236
3301
3310
3258
3220
3163
3064
2912
2653
2373
2122
1727
1262
808
331
-92
-642
-1038
-1480
-1823
-2157
-2333
-2515
-2624
-2619
-2647
-2524
-2399
-2213
-2001
-1808
-1612
-1458
-1287
-1116
-936
-786
-611
-415
-328
-154
5
164
247
409
555
644
746
893
936
940
942
870
695
360
177
-169
-517
-964
-1388
-1819
-2136
-2387
-2713
-2901
-3065
-3027
-2956
-2795
-2574
-2346
-2018
-1662
-1269
-853
-484
-115
206
589
914
1176
1436
1699
1920
2004
2146
2287
2478
2680
2875
3017
3110
3290
3390
3417
3419
3333
3226
3030
2815
2509
2218
1785
1318
805
287
-163
-677
-1076
-1475
-1796
-2107
-2239
-2348
-2371
-2321
-2278
-2148
-1953
-1787
-1579
-1379
-1134
-920
-711
-503
-309
-122
56
257
422
636
819
971
1187
1306
1393
1422
1458
1511
1437
1314
1173
957
641
276
-138
-524
-979
-1407
-1899
-2329
-2756
-3023
-3330
-3537
-3710
-3763
-3705
-3612
-3430
-3240
-2948
-2618
-2293
-1946
-1606
-1265
-956
-583
-227
62
361
649
999
1310
1622
1936
2263
2603
2916
3185
3433
3696
3894
4002
4051
3976
3931
3804
3632
3355
3014
2685
2371
1824
1446
1000
581
139
-299
-530
-869
-1042
-1215
-1248
-1400
-1349
-1374
-1376
-1243
-1181
-1055
-991
-865
-696
-611
-460
-369
-264
-169
-3
24
81
234
292
315
313
439
425
352
392
342
161
28
-72
-245
-536
-878
-1190
-1623
-1965
-2299
-2640
-2973
-3318
-3546
-3806
-3921
-4058
-4005
-3953
-3822
-3648
-3411
-3035
-2677
-2317
-1905
-1480
-1107
-696
-227
195
551
899
1303
1702
2012
2366
2699
2979
3291
3534
3760
3956
4121
4257
4339
4355
4354
4376
4350
4230
4000
3666
3441
3043
2661
2154
1777
1314
841
453
98
-179
-530
-654
-873
-995
-1079
-1120
-1094
-1075
-1017
-1005
-1026
-992
-994
-1022
-1055
-1113
-1220
-1244
-1322
-1416
-1486
-1471
-1504
-1519
-1500
-1326
-1165
-1058
-880
-780
-661
-621
-565
-592
-687
-946
-1131
-1445
-1717
-2063
-2390
-2679
-2962
-3174
-3356
-3441
-3517
-3402
-3269
-3052
-2824
-2519
-2115
-1717
-1334
-984
-589
-205
198
570
872
1157
1387
1637
1883
2069
2253
2465
2692
2906
3056
3247
3473
3663
3841
3991
4086
4153
4204
4190
4077
3865
3679
3408
2976
2712
2264
1939
1406
1034
645
296
-12
-293
-481
-724
-765
-975
-1002
-978
-984
-1028
-1110
-1062
-1063
-1135
-1164
-1257
-1384
-1474
-1552
-1716
-1801
-1897
-2015
-2088
-2141
-2062
-2052
-1987
-1813
-1744
-1664
-1512
-1386
-1369
-1375
-1333
-1458
-1592
-1778
-1897
-2060
-2336
-2515
-2742
-2823
-2977
-3038
-3082
-2955
-2830
-2647
-2367
-2088
-1736
-1314
-911
-498
-176
263
729
1072
1427
1760
2040
2255
2496
2703
2901
3058
3265
3484
3594
3753
3911
4082
4276
4375
4477
4465
4479
4439
4364
4180
3949
3650
3160
2832
2308
1894
1343
905
443
-97
-498
-888
-1163
-1539
-1674
-1920
-1971
-1983
-1987
-1920
-1923
-1848
-1798
-1789
-1755
-1777
-1815
-1917
-2033
-2188
-2274
-2309
-2388
-2396
-2324
-2241
-2162
-2020
-1808
-1633
-1561
-1361
-1201
-1068
-994
-905
-896
-1000
-1078
-1255
-1400
-1685
-1929
-2165
-2420
-2562
-2761
-2832
-2856
-2738
-2641
-2378
-2110
-1765
-1331
-922
-433
-45
339
791
1140
1449
1736
2004
2187
2377
2595
2774
2940
3068
3298
3506
3668
3869
4079
4325
4498
4611
4655
4685
4686
4539
4350
4043
3699
3282
2777
2284
1710
1201
655
122
-350
-764
-1093
-1414
-1666
-1867
-1991
-2087
-2117
-2158
-2216
-2251
-2350
-2455
-2567
-2693
-2822
-2948
-3109
-3263
-3420
-3498
-3502
-3449
-3334
-3134
-2842
-2489
-2082
-1628
-1155
-740
-308
152
538
855
1047
1229
1195
1062
876
593
380
-58
-372
-772
-1070
-1347
-1607
-1703
-1817
-1775
-1747
-1579
-1471
-1262
-979
-721
-452
-265
-35
219
382
552
707
876
993
1131
1329
1555
1756
1950
2201
2451
2688
2976
3261
3513
3723
3891
4012
4068
4129
4067
3970
3711
3469
3108
2705
2265
1720
1285
717
279
-226
-595
-937
-1197
-1462
-1661
-1750
-1874
-1882
-1944
-1939
-1964
-2035
-2049
-2068
-2179
-2302
-2461
-2586
-2696
-2778
-2857
-2806
-2744
-2608
-2387
-2077
-1705
-1337
-937
-510
-99
220
522
752
860
886
894
807
543
294
-38
-319
-826
-1225
-1568
-1898
-2157
-2405
-2569
-2697
-2590
-2547
-2321
-2151
-1950
-1641
-1321
-994
-732
-524
-241
-69
93
258
435
570
737
1000
1236
1469
1723
2112
2467
2805
3192
3540
3899
4222
4427
4594
4699
4728
4598
4397
4083
3729
3352
2855
2387
1854
1420
981
586
213
-118
-312
-584
-733
-841
-917
-957
-1036
-1048
-1139
-1197
-1321
-1466
-1619
-1837
-2054
-2292
-2486
-2664
-2807
-2900
-2880
-2773
-2626
-2370
-2018
-1694
-1332
-1046
-701
-432
-215
-64
53
92
65
-6
-88
-283
-537
-795
-1113
-1346
-1735
-1965
-2267
-2422
-2587
-2680
-2783
-2758
-2651
-2525
-2335
-2215
-1951
-1700
-1487
-1297
-1088
-858
-628
-426
-185
75
332
681
1070
1464
1850
2228
2670
3131
3523
3878
4219
4501
4763
4943
5031
5086
5033
4942
4770
4503
4181
3844
3471
3043
2606
2174
1794
1409
1085
763
448
143
-143
-385
-631
-859
-1095
-1318
-1562
-1782
-2021
-2289
-2464
-2720
-2989
-3202
-3375
-3505
-3600
-3664
-3660
-3551
-3374
-3141
-2881
-2541
-2236
-1877
-1597
-1319
-1085
-926
-776
-688
-634
-585
-542
-495
-597
-664
-828
-945
-1078
-1235
-1343
-1538
-1586
-1714
-1729
-1842
-1780
-1773
-1713
-1613
-1547
-1334
-1168
-966
-736
-535
-273
-4
276
599
905
1220
1572
1968
2289
2638
2948
3286
3565
3775
3960
4117
4278
4439
4563
4623
4624
4639
4560
4499
4349
4149
3959
3658
3315
2900
2590
2135
1714
1208
726
255
-223
-637
-1096
-1427
-1801
-2077
-2378
-2656
-2824
-3014
-3155
-3294
-3405
-3459
-3505
-3529
-3559
-3541
-3589
-3620
-3594
-3499
-3352
-3161
-2917
-2624
-2366
-2007
-1652
-1281
-966
-638
-281
-65
180
344
532
459
418
357
177
84
-245
-433
-798
-998
-1213
-1438
-1654
-1784
-1737
-1764
-1641
-1617
-1444
-1201
-1011
-783
-557
-286
15
218
507
724
965
1153
1472
1751
2019
2309
2577
2912
3204
3493
3811
4099
4399
4645
4808
4845
4884
4871
4726
4525
4209
3870
3456
3048
2554
2057
1553
1061
574
60
-355
-730
-1078
-1324
-1612
-1855
-2069
-2261
-2468
-2671
-2879
-3109
-3383
-3602
-3817
-4011
-4156
-4243
-4289
-4258
-4090
-3896
-3582
-3217
-2752
-2202
-1659
-1114
-550
-52
425
748
1049
1275
1477
1575
1619
1592
1504
1385
1094
917
589
392
5
-281
-533
-842
-1001
-1296
-1502
-1787
-1860
-2028
-2165
-2263
-2343
-2294
-2297
-2238
-2085
-1938
-1647
-1375
-1000
-585
-158
300
803
1321
1830
2343
2803
3309
3749
4158
4496
4760
4957
5126
5163
5091
4969
4797
4582
4308
3978
3644
3281
2875
2467
2000
1605
1197
808
381
-32
-461
-912
-1322
-1709
-2080
-2467
-2827
-3176
-3499
-3748
-3933
-4072
-4143
-4194
-4137
-4067
-3904
-3663
-3396
-3091
-2719
-2315
-1868
-1334
-898
-426
-29
343
679
995
1241
1369
1464
1503
1514
1485
1460
1441
1281
1004
810
455
219
-211
-571
-1028
-1396
-1790
-2179
-2543
-2897
-3076
-3351
-3482
-3629
-3586
-3517
-3373
-3149
-2842
-2498
-2057
-1602
-1110
-574
-27
511
1157
1747
2329
2885
3333
3804
4156
4448
4748
4957
5159
5297
5323
5263
5123
5006
4830
4572
4261
3936
3583
3231
2833
2423
1980
1504
1003
496
-19
-507
-944
-1391
-1792
-2148
-2472
-2771
-2996
-3203
-3387
-3522
-3615
-3641
-3613
-3537
-3449
-3333
-3202
-3009
-2830
-2532
-2215
-1895
-1574
-1216
-852
-528
-149
162
479
652
798
916
950
959
892
801
625
408
129
-178
-421
-766
-1032
-1453
-1741
-2066
-2317
-2564
-2816
-3033
-3149
-3197
-3266
-3186
-3161
-2952
-2717
-2461
-2124
-1739
-1320
-798
-310
211
794
1339
1897
2474
2984
3491
3927
4364
4740
5021
5276
5418
5530
5552
5508
5396
5181
4939
4695
4354
3966
3507
3109
2631
2156
1694
1194
772
324
-120
-549
-958
-1347
-1686
-2050
-2393
-2670
-2932
-3145
-3311
-3448
-3512
-3596
-3607
-3599
-3546
-3435
-3280
-3115
-2922
-2687
-2436
-2136
-1812
-1472
-1123
-771
-436
-138
103
318
479
618
708
730
699
604
505
371
209
52
-225
-446
-813
-1102
-1389
-1739
-1998
-2341
-2510
-2758
-2891
-3037
-3000
-2994
-3000
-2918
-2837
-2564
-2301
-1929
-1504
-1070
-587
-9
534
1046
1616
2150
2651
3127
3534
3952
4278
4591
4875
5042
5141
5193
5225
5216
5118
4926
4647
4381
4070
3693
3280
2827
2386
1952
1534
1067
627
186
-237
-649
-1069
-1426
-1738
-2070
-2400
-2608
-2771
-2857
-2897
-2910
-2959
-2964
-2900
-2805
-2699
-2597
-2516
-2431
-2276
-2092
-1865
-1621
-1418
-1189
-952
-721
-451
-190
8
181
317
430
544
579
582
467
328
159
-47
-226
-469
-698
-1046
-1284
-1651
-1850
-2148
-2337
-2494
-2660
-2705
-2841
-2835
-2887
-2767
-2781
-2677
-2575
-2402
-2137
-1904
-1587
-1241
-899
-448
49
595
1156
1713
2226
2775
3280
3757
4217
4584
4970
5178
5283
5290
5257
5174
5000
4704
4323
3959
3564
3174
2757
2353
1997
1633
1335
1003
740
507
288
35
-247
-448
-696
-919
-1130
-1350
-1573
-1798
-2020
-2215
-2377
-2541
-2698
-2797
-2902
-2881
-2826
-2715
-2548
-2381
-2175
-1932
-1685
-1489
-1220
-1025
-854
-678
-578
-494
-411
-394
-398
-466
-581
-693
-792
-893
-986
-1055
-1129
-1133
-1131
-1207
-1195
-1307
-1375
-1493
-1621
-1673
-1809
-1876
-2052
-2173
-2330
-2368
-2416
-2358
-2274
-2158
-1913
-1689
-1329
-943
-583
-98
400
950
1475
2032
2558
3084
3594
3972
4323
4578
4797
4913
4910
4861
4740
4573
4421
4204
3992
3802
3599
3384
3168
2936
2718
2499
2279
2043
1825
1616
1375
1114
790
460
84
-251
-586
-914
-1180
-1525
-1806
-2073
-2311
-2484
-2666
-2757
-2826
-2857
-2885
-2843
-2811
-2745
-2700
-2676
-2601
-2514
-2422
-2367
-2295
-2248
-2166
-2083
-2008
-1894
-1802
-1748
-1640
-1572
-1499
-1408
-1308
-1176
-1080
-953
-857
-771
-816
-795
-898
-925
-1013
-1146
-1226
-1366
-1407
-1567
-1618
-1788
-1752
-1786
-1740
-1691
-1584
-1313
-1050
-719
-371
-13
469
979
1461
1945
2419
2890
3353
3783
4096
4366
4544
4715
4772
4805
4796
4703
4600
4475
4309
4124
3922
3760
3577
3360
3151
2970
2771
2536
2228
1889
1608
1270
945
536
147
-309
-746
-1160
-1545
-1922
-2292
-2619
-2953
-3212
-3400
-3580
-3654
-3721
-3753
-3730
-3668
-3570
-3494
-3430
-3375
-3234
-3110
-2947
-2768
-2564
-2346
-2132
-1888
-1644
-1396
-1165
-889
-662
-449
-276
-168
-3
93
210
265
319
345
345
255
156
19
-134
-321
-528
-734
-935
-1083
-1299
-1456
-1632
-1667
-1746
-1699
-1628
-1495
-1287
-1034
-724
-355
-1
461
949
1448
1962
2432
2934
3402
3839
4188
4525
4713
4855
4942
4953
4923
4812
4689
4560
4363
4087
3808
3551
3292
2985
2652
2375
2094
1810
1469
1129
781
375
6
-420
-814
-1258
-1684
-2138
-2555
-2913
-3300
-3636
-3954
-4157
-4357
-4499
-4529
-4521
-4433
-4348
-4195
-4043
-3847
-3614
-3371
-3112
-2842
-2548
-2262
-1937
-1624
-1332
-1057
-794
-529
-281
-106
44
176
289
346
425
448
501
517
523
522
548
531
513
454
371
307
122
38
-131
-214
-380
-484
-691
-775
-866
-917
-886
-894
-725
-539
-299
25
386
835
1315
1833
2352
2860
3360
3757
4153
4419
4675
4787
4860
4845
4702
4531
4265
3990
3705
3403
3078
2740
2432
2154
1864
1592
1325
1040
780
501
228
-44
-342
-651
-1045
-1393
-1780
-2164
-2551
-2953
-3282
-3624
-3878
-4130
-4272
-4355
-4409
-4373
-4284
-4085
-3933
-3734
-3467
-3230
-2962
-2694
-2444
-2206
-1949
-1678
-1429
-1200
-994
-826
-623
-430
-244
-14
147
279
410
539
623
745
830
921
944
974
1008
1092
1060
1015
900
764
650
463
369
183
92
-94
-242
-388
-428
-484
-476
-454
-400
-232
14
299
647
973
1333
1744
2104
2526
2878
3167
3393
3585
3718
3784
3753
3696
3564
3347
3128
2895
2682
2454
2198
1938
1664
1421
1224
1022
820
578
362
166
-101
-345
-635
-925
-1252
-1596
-1931
-2258
-2599
-2916
-3180
-3420
-3608
-3767
-3829
-3819
-3756
-3616
-3469
-3304
-3096
-2852
-2594
-2381
-2123
-1906
-1692
-1491
-1277
-1068
-873
-644
-471
-336
-162
22
195
331
497
575
684
771
828
908
965
1017
994
1028
1014
1069
1044
1019
877
781
664
586
471
334
259
89
25
-44
-152
-215
-224
-254
-153
-104
54
258
515
782
1043
1270
1596
1897
2196
2488
2697
2846
2926
3011
3027
2976
2845
2694
2520
2311
2071
1800
1560
1303
1022
717
394
133
-109
-319
-548
-752
-966
-1162
-1328
-1524
-1722
-1950
-2137
-2336
-2537
-2698
-2879
-2994
-3080
-3127
-3128
-3062
-2944
-2827
-2664
-2495
-2295
-2041
-1798
-1572
-1328
-1125
-915
-726
-545
-379
-209
-82
55
192
278
394
482
591
648
731
799
852
893
931
967
972
987
963
958
937
981
993
1001
1063
1081
1067
1123
1106
1133
1031
1008
943
872
791
666
551
413
348
269
235
159
184
197
263
387
496
620
769
889
1081
1195
1264
1302
1315
1278
1181
1051
901
763
520
271
-5
-260
-447
-621
-811
-997
-1142
-1222
-1272
-1324
-1343
-1324
-1285
-1196
-1144
-1098
-1056
-1025
-1013
-1039
-1075
-1103
-1151
-1194
-1184
-1207
-1175
-1129
-1048
-931
-801
-637
-454
-289
-121
24
155
274
375
416
452
484
466
448
434
447
443
435
449
505
576
666
767
826
882
923
995
1085
1183
1299
1357
1398
1457
1471
1448
1452
1351
1246
1129
952
823
598
384
100
-135
-401
-629
-850
-1103
-1241
-1413
-1521
-1616
-1696
-1716
-1742
-1745
-1750
-1714
-1652
-1574
-1424
-1332
-1240
-1167
-1089
-989
-902
-801
-700
-564
-466
-294
-161
-30
181
336
497
623
771
932
1124
1203
1286
1346
1337
1387
1390
1362
1293
1234
1184
1136
1033
919
837
724
622
559
447
376
312
210
155
64
-50
-157
-241
-396
-504
-578
-648
-679
-678
-656
-625
-508
-422
-289
-122
16
156
319
447
579
716
770
857
938
979
1019
1054
1038
963
923
857
738
655
573
452
351
248
92
-62
-205
-442
-687
-938
-1243
-1488
-1761
-2093
-2397
-2646
-2867
-3022
-3137
-3266
-3242
-3196
-3128
-2922
-2724
-2496
-2141
-1814
-1458
-1025
-618
-248
183
565
830
1139
1443
1687
1874
2090
2200
2304
2461
2566
2553
2660
2757
2724
2834
2757
2640
2636
2563
2407
2279
2161
1934
1778
1572
1337
1105
895
651
356
139
-110
-384
-560
-739
-918
-1064
-1200
-1267
-1377
-1384
-1372
-1410
-1325
-1241
-1128
-991
-860
-736
-633
-464
-267
-132
2
181
269
304
448
498
534
582
541
439
387
333
198
121
-4
-148
-282
-350
-473
-581
-660
-783
-983
-1160
-1288
-1510
-1758
-1954
-2234
-2486
-2652
-2830
-3024
-3158
-3217
-3302
-3264
-3162
-2992
-2819
-2557
-2234
-1904
-1507
-1008
-605
-132
375
769
1124
1571
1915
2180
2511
2690
2854
2979
3078
3110
3129
3109
3134
3097
3102
3129
3054
3051
3069
3038
2968
3002
2886
2765
2691
2564
2336
2122
1953
1578
1296
1072
744
421
182
-37
-283
-460
-597
-759
-869
-902
-945
-976
-896
-847
-882
-832
-771
-768
-815
-805
-862
-951
-967
-998
-1101
-1173
-1161
-1304
-1378
-1341
-1415
-1488
-1498
-1529
-1581
-1566
-1571
-1651
-1674
-1676
-1775
-1911
-1958
-1991
-2088
-2160
-2170
-2231
-2317
-2314
-2311
-2378
-2320
-2274
-2297
-2173
-2018
-1961
-1844
-1688
-1575
-1432
-1259
-1032
-807
-590
-283
23
283
637
963
1275
1628
1997
2293
2608
2948
3187
3420
3622
3694
3797
3876
3885
3901
3916
3880
3857
3851
3796
3735
3656
3627
3523
3339
3246
3151
2999
2759
2554
2271
1931
1713
1391
966
649
336
-86
-431
-654
-951
-1233
-1460
-1667
-1913
-2105
-2240
-2383
-2542
-2695
-2815
-2941
-3045
-3130
-3162
-3271
-3392
-3318
-3293
-3415
-3267
-3162
-3145
-2994
-2822
-2708
-2547
-2356
-2247
-2088
-1987
-1839
-1670
-1606
-1512
-1327
-1290
-1243
-1028
-851
-814
-647
-463
-310
-219
-59
168
219
306
452
582
528
556
673
624
488
523
513
354
334
424
409
398
588
838
936
1173
1551
1827
2136
2521
2883
3171
3490
3780
4000
4180
4267
4368
4422
4308
4146
4134
3994
3650
3547
3401
2983
2701
2666
2359
1953
1823
1646
1263
984
863
525
87
-142
-431
-895
-1300
-1589
-1994
-2492
-2858
-3212
-3564
-3921
-4205
-4392
-4607
-4766
-4763
-4711
-4687
-4617
-4385
-4174
-4033
-3779
-3433
-3261
-3126
-2754
-2461
-2312
-2043
-1724
-1599
-1472
-1215
-999
-907
-689
-459
-288
-127
90
343
520
719
955
1167
1326
1491
1579
1732
1758
1779
1819
1775
1645
1548
1495
1339
1186
1053
948
723
540
522
484
377
404
495
453
522
767
940
1054
1333
1639
1801
2022
2376
2594
2720
2904
3084
3143
3196
3276
3252
3163
3061
2955
2843
2661
2512
2384
2214
1995
1823
1693
1461
1234
1045
799
466
159
-38
-415
-853
-1151
-1434
-1898
-2288
-2541
-2928
-3360
-3591
-3793
-4160
-4315
-4388
-4508
-4552
-4485
-4422
-4305
-4132
-3940
-3697
-3487
-3230
-2937
-2672
-2386
-2107
-1866
-1583
-1362
-1144
-840
-614
-383
-91
181
394
603
888
1138
1321
1562
1732
1813
1909
2040
2122
2103
2130
2162
2067
2048
2039
1917
1857
1811
1754
1694
1674
1674
1629
1585
1449
1354
1303
1156
1057
958
768
632
608
489
400
445
361
265
399
438
443
665
856
939
1094
1344
1499
1597
1772
1849
1819
1792
1775
1685
1484
1381
1241
987
788
636
424
187
46
-164
-359
-585
-810
-997
-1253
-1551
-1820
-2096
-2425
-2680
-2949
-3232
-3537
-3736
-3893
-4109
-4190
-4147
-4150
-4101
-3996
-3810
-3578
-3351
-3037
-2666
-2348
-2039
-1624
-1286
-1009
-608
-253
-18
239
584
829
1021
1332
1574
1723
1943
2212
2401
2541
2733
2925
2943
2996
3113
3133
3071
3052
3036
2877
2792
2722
2632
2443
2263
2122
1877
1677
1510
1323
1028
775
576
262
12
-203
-428
-649
-890
-1094
-1185
-1384
-1443
-1368
-1443
-1498
-1342
-1222
-1137
-943
-738
-547
-414
-175
90
309
400
556
766
811
874
1037
1100
1047
1006
985
924
810
695
582
372
155
-25
-220
-500
-683
-823
-1182
-1431
-1518
-1739
-2034
-2179
-2229
-2490
-2700
-2712
-2739
-2839
-2847
-2703
-2609
-2552
-2428
-2208
-1941
-1762
-1559
-1218
-911
-663
-394
-36
266
526
760
1038
1351
1608
1827
2101
2333
2429
2585
2762
2859
2951
3009
2971
2957
2968
2801
2693
2658
2438
2193
1988
1777
1515
1245
977
694
397
148
-62
-294
-450
-632
-864
-1114
-1268
-1354
-1526
-1655
-1752
-1841
-2005
-2138
-2159
-2212
-2311
-2333
-2270
-2232
-2170
-1989
-1731
-1540
-1315
-993
-660
-355
52
394
669
990
1221
1358
1554
1715
1750
1743
1762
1691
1561
1449
1326
1150
986
794
640
485
319
193
44
-98
-281
-410
-520
-672
-868
-971
-1069
-1271
-1361
-1374
-1501
-1569
-1521
-1485
-1474
-1343
-1126
-1005
-793
-466
-276
-98
251
547
666
932
1259
1371
1470
1700
1849
1822
1853
1873
1851
1870
1818
1750
1731
1690
1556
1426
1386
1278
1083
889
769
609
375
184
10
-165
-371
-591
-810
-956
-1096
-1261
-1420
-1493
-1622
-1782
-1876
-1937
-1993
-2045
-2056
-2097
-2062
-2051
-2118
-2066
-2012
-2021
-1952
-1916
-1831
-1627
-1529
-1346
-1067
-805
-581
-313
-5
259
586
828
1120
1437
1609
1780
1936
2080
2173
2151
2162
2178
2060
1990
1975
1877
1718
1657
1461
1230
1107
975
776
562
424
201
3
-172
-286
-386
-566
-678
-707
-777
-858
-823
-784
-789
-752
-626
-494
-391
-243
-101
36
178
323
427
497
501
542
576
519
516
590
530
426
491
541
430
418
535
474
450
506
512
449
404
358
263
101
-74
-214
-397
-597
-765
-955
-1194
-1333
-1454
-1608
-1674
-1711
-1820
-1833
-1795
-1819
-1778
-1722
-1663
-1613
-1566
-1464
-1439
-1365
-1260
-1246
-1162
-1020
-912
-860
-700
-419
-298
-181
164
437
588
859
1201
1436
1694
1923
2172
2380
2442
2590
2698
2620
2541
2489
2384
2187
2002
1854
1642
1408
1191
1017
851
610
451
322
152
29
-47
-216
-373
-410
-473
-629
-719
-688
-787
-1000
-997
-910
-1016
-1095
-974
-916
-920
-844
-696
-551
-426
-273
-167
-56
116
291
370
474
601
619
613
622
631
600
466
345
320
191
-52
-153
-155
-373
-619
-673
-724
-949
-1087
-1068
-1218
-1398
-1418
-1460
-1672
-1767
-1726
-1872
-2024
-1930
-1953
-2030
-1936
-1813
-1751
-1591
-1388
-1215
-1012
-803
-612
-389
-133
50
228
450
666
857
1049
1251
1429
1580
1682
1839
1968
2081
2206
2324
2433
2539
2619
2650
2605
2572
2548
2459
2286
2133
2027
1837
1552
1359
1208
915
635
497
342
88
-38
-138
-349
-494
-558
-635
-732
-776
-831
-876
-923
-971
-958
-934
-947
-914
-897
-912
-853
-762
-731
-704
-612
-473
-389
-360
-246
-187
-238
-211
-207
-266
-341
-364
-405
-535
-635
-672
-726
-830
-897
-947
-1024
-1108
-1158
-1167
-1220
-1280
-1303
-1302
-1311
-1341
-1333
-1284
-1183
-1262
-1219
-1069
-966
-885
-765
-607
-432
-272
-191
16
234
361
427
583
732
783
861
1020
1119
1113
1110
1161
1211
1233
1250
1297
1358
1417
1419
1471
1575
1611
1639
1659
1666
1668
1681
1648
1568
1481
1423
1377
1249
1088
995
877
749
657
537
419
360
257
97
-11
-108
-194
-331
-488
-559
-635
-790
-893
-950
-1010
-1034
-1163
-1255
-1211
-1214
-1325
-1368
-1268
-1247
-1282
-1239
-1177
-1124
-1045
-960
-920
-865
-736
-645
-610
-564
-458
-455
-469
-444
-438
-502
-557
-543
-558
-582
-583
-555
-545
-487
-454
-394
-371
-316
-194
-129
-132
-85
63
108
73
171
287
230
200
353
379
264
343
468
437
391
478
569
567
581
678
786
814
821
879
948
1023
1068
1083
1123
1213
1238
1183
1239
1286
1236
1217
1260
1212
1176
1210
1182
1102
1068
1084
1003
848
802
766
578
429
353
171
-44
-219
-389
-590
-767
-928
-1130
-1229
-1310
-1469
-1634
-1674
-1629
-1710
-1784
-1738
-1687
-1727
-1657
-1578
-1489
-1394
-1318
-1177
-1045
-943
-839
-725
-643
-525
-468
-392
-304
-234
-138
-49
-21
12
127
121
150
286
289
256
291
327
302
288
262
257
196
184
210
188
159
137
134
105
55
15
33
9
-4
103
126
115
197
325
301
330
488
518
562
643
729
745
772
781
830
898
904
928
993
992
1021
1112
1130
1092
1126
1172
1192
1136
1146
1178
1182
1139
1073
1027
939
815
664
565
393
191
20
-64
-260
-501
-600
-762
-997
-1094
-1152
-1321
-1459
-1469
-1513
-1608
-1631
-1647
-1703
-1709
-1698
-1627
-1547
-1483
-1493
-1402
-1241
-1207
-1134
-992
-870
-745
-587
-458
-334
-203
-98
-19
149
292
325
333
402
521
581
558
472
508
544
443
370
429
380
255
281
375
347
192
175
259
282
263
169
159
196
205
190
161
191
175
144
234
276
307
339
312
322
434
502
474
559
582
574
634
726
760
718
723
773
810
822
837
818
764
791
761
748
720
648
549
498
515
421
283
207
152
2
-126
-193
-384
-527
-579
-655
-863
-981
-1031
-1237
-1382
-1383
-1393
-1440
-1492
-1536
-1517
-1419
-1353
-1297
-1179
-1141
-1130
-973
-694
-609
-583
-435
-237
-123
-30
87
185
206
249
346
463
525
475
454
548
640
613
611
653
698
642
632
679
627
489
417
408
420
352
290
187
127
110
-17
-105
-196
-252
-329
-345
-303
-327
-313
-271
-241
-159
-71
14
91
97
161
279
296
341
378
406
403
361
425
474
443
414
463
475
433
405
427
459
378
364
462
456
376
418
467
428
355
378
377
296
224
209
107
-17
-16
-74
-230
-287
-234
-367
-447
-456
-427
-487
-531
-513
-497
-500
-487
-435
-421
-439
-491
-466
-447
-414
-409
-400
-389
-381
-391
-391
-372
-413
-396
-368
-322
-332
-293
-287
-238
-182
-220
-251
-273
-258
-309
-306
-308
-330
-360
-310
-245
-267
-251
-246
-234
-179
-95
-25
15
57
44
75
160
215
221
176
189
261
318
306
319
342
331
359
400
405
451
539
530
570
635
696
722
680
707
709
686
660
641
632
584
504
532
558
464
390
449
474
416
462
502
473
465
470
440
471
500
424
354
286
290
257
151
64
-64
-229
-368
-409
-488
-642
-741
-754
-809
-779
-778
-856
-885
-903
-890
-840
-859
-905
-890
-904
-938
-954
-928
-896
-908
-931
-881
-823
-785
-717
-610
-521
-423
-305
-188
-96
-38
36
110
215
247
212
236
313
335
377
459
510
441
447
580
598
523
553
550
482
483
472
399
314
234
174
147
114
120
48
-20
-11
5
11
43
147
178
153
154
246
353
335
323
378
364
342
382
402
385
343
349
394
410
434
476
473
513
512
561
610
591
575
566
570
510
436
379
326
186
49
24
-89
-266
-381
-474
-608
-777
-848
-889
-997
-1100
-1080
-1083
-1106
-1123
-1109
-1092
-1071
-1032
-1005
-954
-880
-907
-901
-764
-724
-695
-674
-577
-540
-480
-354
-237
-122
-59
42
150
324
452
480
559
690
748
765
842
927
924
845
853
846
741
685
689
605
511
509
500
449
441
407
324
310
316
263
204
187
211
161
128
113
87
100
116
78
39
108
114
68
139
279
251
215
319
341
303
348
379
336
303
329
326
274
270
210
114
102
121
16
-85
-105
-184
-272
-352
-399
-477
-575
-651
-704
-781
-844
-986
-1109
-1182
-1217
-1277
-1334
-1314
-1312
-1313
-1306
-1187
-1137
-1186
-1164
-1005
-890
-785
-682
-603
-523
-447
-259
-134
-32
114
158
238
386
549
625
711
805
901
939
1047
1172
1134
1163
1172
1168
1152
1172
1214
1130
1102
1077
1055
1037
989
951
895
837
776
723
671
607
518
478
430
369
310
254
224
181
155
69
58
38
5
24
54
42
-36
-40
25
95
61
13
-12
-32
-102
-87
-41
-168
-368
-495
-483
-507
-550
-687
-863
-923
-1048
-1156
-1161
-1187
-1249
-1313
-1340
-1336
-1350
-1322
-1285
-1312
-1394
-1413
-1409
-1394
-1328
-1257
-1301
-1288
-1206
-1087
-917
-794
-694
-544
-393
-201
42
265
439
632
805
993
1146
1256
1341
1449
1537
1601
1629
1571
1554
1571
1670
1636
1571
1547
1506
1486
1558
1600
1521
1446
1366
1298
1250
1234
1178
1043
814
666
614
500
404
221
115
16
-59
-110
-151
-218
-337
-366
-345
-392
-468
-495
-490
-468
-469
-487
-551
-643
-699
-624
-638
-707
-736
-812
-831
-826
-872
-879
-890
-983
-1068
-1061
-1097
-1185
-1165
-1186
-1239
-1306
-1369
-1337
-1297
-1356
-1446
-1391
-1340
-1327
-1322
-1274
-1194
-1162
-1057
-919
-842
-821
-733
-551
-346
-171
-96
32
107
160
373
645
776
753
797
855
1009
1210
1387
1467
1451
1420
1489
1645
1816
1911
1845
1777
1808
1791
1788
1846
1852
1752
1547
1424
1387
1327
1255
1154
1012
850
696
598
577
523
381
249
161
111
86
8
-27
-72
-196
-286
-295
-286
-376
-468
-539
-563
-629
-657
-678
-727
-740
-780
-792
-777
-834
-890
-852
-891
-940
-936
-946
-945
-936
-971
-1004
-1037
-1019
-939
-997
-1080
-1115
-1166
-1159
-1173
-1198
-1211
-1196
-1222
-1218
-1102
-1052
-1002
-907
-806
-776
-722
-601
-466
-327
-168
-54
-19
59
146
303
470
589
645
679
706
838
973
1120
1210
1207
1203
1270
1398
1481
1550
1549
1560
1565
1534
1577
1623
1587
1531
1459
1350
1265
1115
1023
1008
913
751
610
519
432
374
287
189
43
-43
-82
-99
-128
-199
-283
-365
-447
-485
-483
-551
-617
-715
-748
-758
-830
-814
-835
-933
-940
-957
-1023
-1012
-1014
-1032
-996
-995
-1030
-1084
-1050
-1017
-1022
-993
-1017
-1073
-1054
-950
-901
-842
-758
-707
-651
-566
-495
-421
-368
-352
-272
-149
-85
-27
19
72
152
224
302
349
377
398
470
604
708
754
760
800
874
944
1041
1102
1137
1106
1088
1105
1134
1157
1150
1121
1046
1021
976
1024
1073
990
982
931
873
882
930
896
805
743
655
547
493
460
371
262
142
11
-114
-233
-312
-336
-371
-479
-560
-664
-749
-746
-774
-824
-897
-971
-1038
-1102
-1103
-1055
-1033
-1037
-1100
-1142
-1146
-1136
-1101
-1065
-1074
-1164
-1196
-1195
-1131
-979
-893
-957
-941
-869
-772
-639
-511
-424
-404
-410
-352
-247
-158
-95
-17
55
89
146
202
312
399
457
524
583
619
666
722
763
786
808
829
846
854
864
886
887
895
954
946
884
845
849
865
869
856
829
761
663
604
598
596
572
493
430
414
349
337
387
396
340
263
191
197
253
291
223
112
-46
-168
-184
-151
-97
-188
-343
-501
-540
-505
-523
-524
-534
-666
-846
-887
-848
-827
-833
-872
-948
-1029
-1035
-1009
-927
-856
-870
-934
-939
-886
-823
-763
-689
-649
-644
-602
-611
-568
-504
-424
-340
-291
-230
-191
-123
31
167
268
261
286
334
424
535
603
639
638
671
742
836
882
920
943
939
905
948
999
959
991
1047
1010
961
927
882
851
855
820
748
674
594
528
422
365
363
350
289
203
96
2
-46
-7
20
-7
-117
-238
-241
-243
-274
-259
-230
-327
-401
-458
-505
-547
-561
-546
-579
-650
-733
-777
-759
-683
-648
-663
-701
-762
-774
-735
-715
-707
-702
-692
-682
-706
-751
-762
-756
-727
-658
-561
-521
-579
-614
-518
-383
-356
-277
-196
-184
-177
-115
-13
46
60
74
115
190
306
305
328
416
492
559
609
643
591
581
594
665
806
861
821
751
759
784
798
872
909
856
769
723
750
774
743
732
640
556
512
493
483
445
352
267
228
191
176
116
50
34
18
-96
-156
-136
-127
-142
-148
-157
-260
-320
-317
-237
-236
-303
-360
-462
-501
-528
-460
-412
-387
-439
-507
-508
-492
-468
-455
-426
-468
-561
-619
-638
-631
-629
-597
-563
-591
-655
-600
-614
-672
-606
-565
-506
-564
-611
-569
-460
-371
-286
-219
-194
-180
-97
58
176
253
250
221
250
395
525
552
600
534
469
491
591
746
747
736
673
624
621
676
777
826
814
703
618
607
578
584
565
513
429
313
281
305
316
301
256
127
71
52
-34
-66
-99
-131
-214
-274
-204
-217
-265
-243
-273
-309
-339
-302
-295
-311
-303
-316
-325
-337
-327
-300
-245
-207
-214
-247
-284
-291
-305
-286
-252
-237
-264
-320
-343
-324
-282
-249
-277
-340
-421
-511
-499
-483
-454
-380
-368
-402
-408
-393
-323
-285
-248
-194
-194
-185
-116
-25
62
113
170
217
222
287
345
418
461
544
557
549
563
573
623
676
768
776
733
712
750
760
752
736
721
661
589
545
489
440
401
347
267
184
112
40
-67
-41
-56
-128
-233
-270
-316
-354
-348
-329
-328
-378
-415
-430
-466
-509
-467
-455
-462
-448
-439
-461
-484
-426
-330
-277
-247
-205
-216
-288
-310
-247
-152
-141
-139
-115
-176
-203
-164
-101
-70
-21
-75
-158
-124
-87
-135
-148
-60
-61
-116
-161
-139
-181
-193
-167
-135
-75
-66
-109
-100
-51
7
102
175
251
234
183
167
198
245
263
304
334
297
254
216
258
307
294
318
314
294
237
219
206
195
221
238
234
175
159
171
99
45
130
171
147
159
152
98
60
57
88
64
53
70
38
-39
-59
-52
-15
76
63
17
-10
-53
-97
-59
18
37
17
-13
-78
-91
-79
-99
-105
-108
-132
-159
-178
-199
-247
-250
-276
-298
-268
-253
-273
-270
-246
-242
-292
-296
-229
-218
-222
-258
-243
-221
-214
-142
-50
15
43
20
25
26
49
144
244
312
301
274
263
261
265
348
340
317
324
241
158
130
137
84
98
125
120
104
99
81
57
17
36
50
48
21
-39
-123
-158
-138
-114
-73
-75
-81
-97
-112
-162
-106
-41
0
72
102
135
122
113
179
205
216
236
249
198
68
8
-25
-18
34
31
3
-103
-161
-164
-185
-93
-75
-181
-249
-237
-247
-272
-282
-276
-312
-361
-357
-355
-411
-444
-446
-448
-426
-413
-408
-407
-413
-457
-437
-335
-273
-190
-139
-125
-69
-37
47
141
182
227
276
333
372
421
446
427
442
432
461
520
527
530
511
466
419
402
434
457
448
402
372
295
277
313
297
250
191
131
48
-8
19
8
-37
-28
-32
-110
-139
-98
-49
-60
-26
55
29
-44
-59
-1
28
-7
-7
0
-53
-95
-48
7
-22
-32
-23
-62
-123
-98
-81
-97
-127
-188
-247
-269
-286
-333
-363
-426
-454
-456
-451
-416
-403
-410
-422
-447
-414
-379
-431
-415
-355
-364
-396
-366
-348
-344
-286
-235
-227
-175
-86
-36
22
120
183
216
276
383
435
489
569
596
625
637
640
615
558
559
583
516
499
503
424
359
274
258
254
245
227
153
65
24
19
13
0
-16
-44
-137
-198
-185
-179
-189
-183
-248
-242
-233
-233
-155
-142
-195
-153
-115
-115
-47
-10
-42
-96
-130
-97
-25
54
122
120
84
69
46
60
121
124
118
90
50
35
26
18
50
75
79
82
27
-29
-92
-120
-47
0
-2
-51
-46
-93
-141
-100
-41
-21
-7
-19
-93
-151
-174
-149
-88
-70
-98
-115
-125
-127
-100
-91
-81
-72
-42
15
53
135
104
110
147
137
109
138
178
106
77
95
62
15
44
16
-48
-77
-82
-123
-148
-100
-90
-135
-169
-190
-175
-163
-160
-162
-170
-142
-128
-113
-98
-122
-158
-125
-70
-67
-78
-28
-61
-62
7
-8
-36
-11
33
94
113
72
-25
-57
13
62
110
110
53
-18
-38
27
62
91
76
40
14
25
57
47
62
108
75
25
53
113
155
146
132
117
92
94
115
142
125
108
78
51
91
106
114
122
103
71
56
54
20
34
8
-12
-17
-63
-91
-98
-96
-85
-111
-122
-117
-147
-146
-161
-152
-145
-121
-94
-44
-32
-19
-54
-68
-28
-17
30
49
21
-6
-36
-24
36
68
98
111
92
35
12
9
-3
46
83
54
20
28
23
12
61
114
93
33
0
15
21
-4
-16
-21
-5
-18
-28
-3
-41
-36
-32
-19
29
51
42
49
63
61
63
95
110
130
156
200
257
247
221
215
267
303
286
232
179
90
84
74
48
98
94
40
-12
-50
-133
-166
-136
-148
-178
-183
-229
-272
-317
-346
-389
-377
-363
-363
-342
-315
-332
-357
-342
-316
-329
-285
-233
-267
-244
-220
-229
-200
-125
-98
-39
54
59
59
85
62
92
126
152
168
165
143
176
185
161
167
214
225
240
254
236
213
166
148
179
209
177
121
52
-13
-78
-84
-59
-48
-32
-12
-28
-97
-83
-51
1
10
37
82
97
79
75
143
218
184
165
198
171
187
206
230
202
170
166
231
266
234
240
221
180
174
160
156
132
59
5
-47
-104
-119
-119
-133
-136
-171
-249
-262
-267
-282
-269
-298
-316
-308
-301
-284
-237
-290
-323
-333
-324
-291
-298
-298
-357
-406
-410
-369
-315
-232
-111
-92
-104
-57
-57
-64
-17
28
41
16
38
56
83
132
170
176
184
244
269
291
290
289
258
237
272
284
346
343
283
225
214
198
204
228
246
231
201
227
271
265
266
277
299
295
274
264
195
162
157
126
88
72
33
-24
-96
-150
-161
-199
-210
-210
-219
-275
-290
-311
-319
-313
-326
-311
-340
-355
-354
-386
-403
-424
-447
-448
-424
-455
-448
-420
-447
-437
-385
-340
-334
-309
-317
-296
-293
-232
-177
-147
-113
-95
-47
15
40
47
11
7
38
62
122
148
193
253
323
365
402
443
477
464
515
575
556
568
579
588
581
602
598
596
566
574
579
557
529
476
454
420
423
428
412
312
238
252
229
214
203
158
68
7
-73
-117
-146
-149
-122
-140
-170
-225
-297
-364
-398
-388
-350
-362
-410
-431
-479
-498
-480
-459
-472
-457
-446
-467
-527
-550
-553
-506
-493
-519
-487
-486
-540
-578
-548
-542
-565
-517
-431
-416
-416
-358
-320
-338
-291
-168
-86
-40
16
79
94
90
117
158
200
225
281
336
366
347
389
450
448
498
567
606
583
547
551
534
499
529
574
565
540
550
550
512
538
599
599
553
578
565
508
492
453
405
379
334
271
218
187
114
57
30
-15
-76
-128
-165
-201
-220
-238
-279
-327
-358
-368
-400
-445
-500
-553
-598
-636
-623
-611
-633
-600
-576
-588
-603
-604
-604
-603
-598
-573
-540
-553
-556
-512
-491
-443
-362
-335
-345
-350
-381
-363
-280
-202
-131
-99
-95
-65
-36
47
131
190
213
245
275
308
358
397
433
422
398
369
384
438
493
512
505
499
475
475
500
544
553
563
569
573
567
560
562
576
563
517
493
510
521
462
440
391
316
331
338
368
322
227
189
148
125
118
124
75
5
-58
-144
-228
-273
-305
-348
-382
-407
-490
-552
-577
-615
-599
-568
-593
-664
-714
-743
-755
-729
-665
-614
-642
-651
-650
-636
-648
-647
-592
-566
-555
-569
-566
-519
-481
-441
-402
-353
-351
-364
-302
-255
-211
-163
-150
-114
-23
16
62
139
219
255
291
343
367
399
456
547
590
605
637
633
623
654
703
713
732
803
810
783
793
828
789
746
753
731
683
609
575
562
497
435
451
419
382
358
296
216
173
116
92
62
3
-62
-149
-226
-257
-263
-299
-310
-337
-402
-480
-528
-549
-534
-541
-529
-519
-537
-550
-510
-507
-504
-465
-431
-393
-385
-455
-495
-504
-539
-492
-443
-442
-460
-452
-442
-447
-425
-387
-345
-336
-316
-305
-317
-323
-294
-272
-197
-149
-150
-97
-39
-22
-11
84
180
197
245
326
345
365
385
416
473
525
556
569
622
647
640
648
690
717
715
731
738
739
758
738
701
672
640
625
595
572
539
461
365
306
293
235
196
164
93
8
-33
-97
-161
-208
-253
-286
-331
-374
-410
-461
-491
-500
-525
-538
-508
-505
-522
-536
-567
-594
-588
-613
-595
-585
-595
-624
-645
-626
-595
-533
-495
-471
-478
-469
-445
-395
-342
-289
-269
-242
-223
-215
-189
-164
-164
-167
-144
-163
-199
-189
-164
-186
-187
-142
-120
-66
2
69
142
189
253
331
391
443
460
494
515
564
619
648
671
667
703
746
796
839
840
840
842
803
830
843
828
801
791
767
710
699
660
578
513
449
394
353
268
234
145
32
-24
-77
-169
-186
-231
-339
-422
-455
-489
-512
-541
-622
-675
-710
-785
-829
-825
-882
-909
-897
-892
-899
-880
-855
-868
-842
-812
-753
-723
-676
-590
-562
-533
-489
-430
-398
-333
-246
-181
-117
-49
-7
59
135
197
217
247
288
304
323
367
389
372
335
345
363
352
345
327
317
322
315
300
362
414
388
404
468
468
488
509
528
516
491
458
456
472
461
450
405
351
341
352
316
311
267
205
187
219
246
252
218
186
125
65
80
63
6
-4
-44
-120
-161
-174
-202
-237
-246
-291
-379
-431
-440
-448
-463
-477
-487
-508
-522
-561
-564
-563
-610
-619
-623
-650
-639
-624
-631
-610
-558
-533
-515
-458
-382
-344
-316
-264
-207
-175
-166
-132
-117
-81
-15
35
94
130
123
168
212
204
207
256
308
319
354
423
450
482
505
494
511
549
542
523
548
583
597
625
609
576
509
486
503
470
468
473
398
339
316
298
295
262
247
210
173
136
129
128
76
60
14
-14
-27
-56
-71
-108
-147
-155
-171
-176
-199
-250
-313
-326
-306
-319
-324
-321
-341
-369
-410
-424
-400
-411
-405
-383
-380
-386
-396
-405
-403
-419
-416
-412
-381
-339
-311
-310
-335
-313
-308
-303
-278
-252
-225
-211
-157
-124
-102
-97
-81
-32
14
26
29
59
62
106
132
155
198
201
235
242
250
274
298
293
305
320
314
295
309
333
300
284
309
344
370
395
412
407
336
295
308
306
292
266
265
225
161
136
166
173
131
94
66
20
-12
10
10
-41
-78
-118
-144
-150
-150
-159
-151
-152
-165
-182
-185
-213
-235
-225
-229
-208
-191
-185
-189
-177
-141
-153
-181
-172
-181
-184
-174
-161
-181
-177
-146
-186
-206
-236
-258
-238
-236
-214
-204
-178
-170
-150
-131
-145
-107
-76
-50
-12
9
42
39
41
81
90
145
214
193
148
193
213
198
217
277
288
277
310
323
300
261
246
260
253
267
280
251
214
193
181
216
256
253
237
209
195
167
178
181
171
150
115
65
25
24
6
-41
-103
-122
-161
-223
-214
-225
-272
-319
-339
-274
-244
-244
-259
-314
-393
-414
-448
-464
-446
-429
-421
-417
-407
-383
-348
-321
-248
-208
-195
-216
-206
-151
-118
-100
-70
-12
16
51
60
57
72
126
147
171
207
206
191
205
240
251
269
303
332
315
321
285
260
304
292
310
312
316
271
236
281
261
239
218
186
194
188
149
124
87
31
16
-11
-27
-36
-40
-72
-94
-61
-39
-61
-62
2
37
14
32
59
45
45
19
13
-8
-4
-26
-29
-26
-108
-142
-155
-155
-149
-136
-177
-221
-235
-248
-263
-269
-262
-284
-300
-254
-244
-259
-278
-253
-218
-220
-216
-213
-214
-196
-173
-131
-82
-65
-48
3
19
37
51
86
86
99
199
245
256
279
280
247
282
299
306
296
268
260
278
346
316
298
313
298
271
298
303
253
213
185
167
163
150
74
56
-5
-81
-86
-89
-133
-138
-165
-199
-197
-201
-222
-242
-274
-295
-254
-242
-254
-257
-245
-256
-232
-182
-178
-183
-162
-165
-198
-174
-139
-116
-105
-105
-85
-88
-115
-71
-20
-21
-3
25
-11
-61
-37
13
16
44
47
35
-20
-46
-20
9
4
2
34
-16
-24
27
52
52
79
99
108
124
99
116
126
130
158
174
198
160
105
94
85
125
131
108
85
74
103
102
95
153
172
146
137
113
90
42
8
31
72
59
50
52
27
0
-5
-14
-5
-45
-87
-85
-98
-140
-160
-163
-177
-196
-173
-121
-111
-146
-168
-131
-118
-110
-74
-38
-55
-107
-106
-74
-45
-31
6
31
12
33
46
59
87
137
144
119
132
152
180
146
141
121
83
54
40
48
38
35
2
-38
-57
-42
-34
-47
-62
-48
-28
-44
-64
-35
-45
-54
-34
-15
-4
-43
-49
-31
-33
-32
-18
-28
-68
-68
-54
-41
-25
-14
-9
-46
-69
-58
-37
-38
-65
-29
-32
-78
-47
-5
-19
-23
-64
-64
-1
17
-3
-34
-44
-60
-58
-14
21
-11
-39
-34
-61
-78
-43
-28
6
26
38
36
45
27
14
60
82
91
116
115
54
87
147
84
79
115
85
61
53
70
88
41
32
49
64
86
83
71
58
64
80
96
116
91
66
79
18
-5
41
59
11
15
67
36
41
55
47
41
10
41
54
38
14
-6
-38
-26
-19
-40
-25
-32
-103
-86
-49
-91
-94
-90
-107
-103
-61
-86
-103
-107
-120
-98
-69
-35
-27
-46
-59
-88
-77
-44
3
32
4
-5
-19
-10
-12
-5
-17
19
49
36
-13
-9
-19
-45
-6
13
-4
-46
-25
-30
-81
-75
-78
-92
-125
-154
-134
-96
-106
-149
-149
-126
-86
-78
-80
-106
-113
-101
-63
5
64
97
90
61
38
41
45
91
126
131
148
119
89
102
112
145
178
187
199
162
156
162
142
138
169
184
144
141
148
117
107
116
80
56
75
47
17
22
-23
-51
-67
-76
-85
-102
-123
-113
-127
-127
-116
-144
-135
-121
-158
-165
-154
-142
-159
-110
-60
-51
-32
-55
-54
-98
-98
-34
-14
-40
-41
-61
-79
-55
-5
-10
-65
-69
-39
-35
-10
43
-44
-106
-65
-52
-32
41
47
21
22
59
71
82
118
89
76
122
138
121
102
98
65
73
139
123
131
152
130
103
75
100
132
123
110
78
32
12
48
48
67
74
30
1
-39
-31
-4
-14
-41
-37
-48
-52
-33
-39
-45
-65
-57
-47
-8
8
-14
-27
-56
-50
3
33
24
-26
-57
-70
-90
-75
-70
-75
-77
-71
-109
-122
-147
-151
-111
-47
-27
-39
-49
-103
-129
-117
-97
-108
-148
-159
-167
-172
-130
-109
-107
-88
-6
6
-21
-22
-43
-73
-93
-73
-19
-8
-27
-30
-34
-31
-13
37
61
71
47
54
21
29
112
109
71
138
223
200
194
222
163
199
188
186
224
175
207
206
205
248
255
187
304
293
222
212
177
199
180
168
159
186
152
130
111
92
99
55
101
91
35
-8
-75
-88
-86
-55
-66
-113
-117
-167
-176
-256
-265
-182
-176
-177
-220
-199
-286
-292
-280
-271
-269
-357
-369
-354
-313
-292
-292
-302
-251
-201
-178
-151
-125
-105
-95
-80
-28
18
32
56
91
96
63
86
135
178
176
162
157
127
126
121
108
149
185
158
130
68
9
14
38
59
48
50
31
17
72
70
65
54
10
-11
3
24
-12
-10
0
-33
-22
12
62
78
58
13
-8
50
52
33
59
76
25
10
21
22
27
15
12
34
12
-16
-40
-66
-60
-46
-9
-4
27
8
-70
-101
-56
-63
-90
-97
-112
-111
-149
-148
-131
-91
-135
-182
-166
-138
-136
-131
-94
-91
-85
-64
-18
7
47
60
25
42
98
113
111
112
89
63
46
69
81
49
27
57
94
126
160
171
150
151
167
213
290
306
273
261
263
282
327
307
264
248
203
191
174
156
177
130
72
44
26
-11
-30
-42
-99
-130
-115
-88
-97
-103
-124
-141
-187
-208
-187
-226
-231
-214
-224
-219
-226
-250
-226
-220
-219
-216
-244
-246
-254
-251
-243
-244
-260
-301
-326
-328
-261
-224
-181
-143
-158
-166
-121
-80
-119
-148
-123
-106
-83
-30
14
23
20
24
25
59
66
110
105
91
92
104
139
161
179
128
126
164
182
205
256
231
191
214
222
219
215
216
179
215
213
205
231
230
196
163
145
143
120
117
167
136
118
112
117
116
117
139
137
112
91
89
83
94
85
78
69
49
44
11
18
20
-1
6
43
2
-52
-43
-89
-108
-93
-109
-129
-129
-152
-191
-184
-195
-217
-249
-273
-286
-270
-270
-255
-239
-277
-268
-233
-241
-209
-220
-215
-223
-225
-159
-121
-98
-66
-45
-79
-72
-17
36
64
105
121
98
127
158
137
160
176
149
118
109
130
117
119
152
114
75
105
85
94
123
62
53
97
104
83
141
173
82
48
43
45
83
105
64
46
53
5
38
103
76
15
2
27
37
58
61
65
42
-3
14
26
31
77
40
-19
-18
-29
-41
-65
-75
-66
-96
-123
-127
-206
-214
-209
-234
-229
-217
-242
-286
-283
-296
-220
-204
-201
-176
-203
-234
-182
-148
-198
-129
-116
-177
-152
-102
-98
-68
-57
-42
2
-20
46
68
23
45
71
93
120
195
205
163
221
215
186
218
257
180
184
244
163
165
195
180
178
224
241
192
214
221
173
214
209
151
175
180
130
130
97
55
76
117
129
93
136
122
101
138
181
126
97
107
52
13
32
41
14
16
-13
-63
-84
-97
-154
-150
-125
-96
-137
-160
-164
-213
-211
-186
-197
-175
-183
-261
-308
-298
-258
-270
-272
-263
-276
-334
-355
-342
-352
-302
-283
-267
-176
-184
-208
-170
-121
-127
-109
-64
-62
-51
-33
-20
-7
40
80
89
122
181
160
142
165
162
172
221
223
186
248
299
259
277
291
261
198
229
286
280
267
241
221
226
229
210
189
182
194
92
40
92
62
5
80
57
-9
47
59
19
42
52
-1
5
-4
-28
-4
-9
-44
-96
-71
-66
-142
-155
-169
-235
-258
-232
-222
-275
-254
-228
-280
-280
-224
-249
-285
-207
-222
-245
-191
-204
-221
-182
-145
-182
-197
-124
-86
-68
-36
-17
-18
-14
0
24
84
96
72
55
71
92
57
118
200
182
214
230
201
187
211
252
272
323
298
264
215
224
248
185
223
249
168
162
237
184
127
137
176
119
100
167
114
-2
24
55
14
31
54
-14
-56
-68
-56
-60
-94
-95
-104
-101
-79
-71
-100
-164
-161
-159
-161
-153
-103
-68
-154
-185
-120
-112
-183
-156
-119
-263
-273
-195
-250
-287
-268
-260
-288
-289
-260
-236
-226
-262
-225
-174
-242
-214
-127
-176
-171
-110
-145
-119
-36
6
-19
0
28
62
63
57
157
202
186
223
283
268
233
258
259
267
294
294
299
256
250
269
292
313
285
280
224
216
287
310
277
256
205
117
68
121
126
61
42
13
-48
-55
-5
-48
-48
-41
-93
-101
-93
-141
-135
-71
-109
-162
-123
-166
-242
-174
-65
-112
-127
-104
-150
-180
-108
-42
-71
-66
-54
-97
-85
-20
-37
-37
-65
-103
-125
-153
-166
-134
-161
-163
-167
-167
-89
-81
-69
-53
-58
-102
-46
0
-62
-37
16
-41
-71
37
53
31
91
94
35
65
130
137
169
226
216
159
171
234
199
237
267
197
140
144
147
138
173
140
92
75
119
144
171
162
83
51
82
85
64
81
76
-11
-63
-32
-39
-42
-33
-39
-70
-122
-95
-105
-144
-101
-122
-182
-157
-133
-156
-140
-110
-150
-231
-177
-170
-224
-226
-263
-299
-318
-297
-247
-238
-249
-231
-258
-243
-200
-173
-143
-73
-42
-75
-95
-79
-92
-73
31
29
40
77
37
55
120
136
100
180
205
128
190
261
240
204
274
297
258
275
296
253
219
195
154
179
237
235
218
221
159
159
133
126
192
175
131
125
82
11
24
46
38
39
72
24
12
7
-41
-39
-23
-25
-14
28
-16
-15
-18
-76
-43
5
-51
-83
-49
-89
-119
-115
