-17
-15
-14
-20
-23
-17
-12
-8
-5
-1
1
2
3
11
9
11
5
5
6
2
0
-9
-12
-15
-22
-30
-26
-31
-30
-29
-34
-31
-24
-18
-8
-13
-14
-16
-19
-21
-17
-14
-6
3
10
18
7
9
-3
6
-3
-5
-3
-7
-4
2
13
16
21
20
24
18
9
10
10
4
7
12
8
12
14
12
9
10
8
18
24
14
13
-3
-7
-11
-21
-31
-33
-30
-18
-14
-19
-16
-22
-21
-14
-19
-15
-13
-15
-17
-19
-13
-7
-5
1
-1
-11
-9
-11
-12
-16
-24
-27
-28
-21
-24
-19
-11
-8
-8
-8
11
9
6
7
10
20
23
28
39
45
40
45
54
56
54
52
50
43
38
38
40
37
29
26
24
24
11
6
0
-3
2
-8
-21
-20
-18
-23
-19
-23
-27
-27
-28
-28
-31
-31
-22
-21
-19
-28
-28
-14
-7
-1
-6
1
-1
-1
-3
-7
4
1
-1
-6
-8
-2
-2
-5
0
-1
-2
-8
-8
-9
-15
-19
-25
-32
-34
-29
-32
-27
-23
-16
-11
-7
2
-1
0
6
10
22
18
23
27
29
28
26
31
29
27
19
14
15
11
8
8
8
8
10
10
8
13
19
20
21
23
28
29
32
24
21
20
15
19
18
17
20
25
21
27
22
21
18
5
-7
-13
-16
-24
-18
-23
-22
-23
-26
-32
-36
-38
-41
-36
-32
-23
-28
-23
-20
-23
-25
-23
-18
-19
-26
-24
-26
-22
-17
-18
-7
0
-3
-2
-5
-5
-6
-14
-4
-4
0
4
3
6
6
8
15
13
22
24
24
34
27
13
18
7
4
8
-3
4
3
3
5
-4
4
11
5
4
10
13
15
3
0
7
4
14
10
13
12
4
10
0
-1
5
1
6
10
8
8
5
1
0
-3
0
1
-5
-11
-11
-2
-6
-4
0
2
4
0
-1
-3
-14
-23
-27
-27
-20
-20
-22
-18
-10
-6
-7
-8
-10
-10
-15
-21
-22
-25
-24
-24
-12
-3
0
6
5
8
5
-3
-1
-3
8
2
9
19
16
15
16
17
17
20
17
21
12
18
17
17
23
22
20
13
15
19
18
19
19
17
16
14
4
-4
-10
-14
-7
-5
1
13
15
19
23
17
16
15
11
4
4
8
1
0
-5
-1
0
-16
-21
-19
-12
-16
-21
-11
-16
-13
-17
-19
-12
-15
-17
-25
-26
-29
-41
-44
-42
-43
-51
-54
-48
-53
-52
-43
-39
-32
-24
-8
-4
5
6
2
12
20
17
18
17
15
16
11
17
20
20
17
10
9
16
21
19
26
34
33
35
34
33
35
34
35
38
36
33
20
19
16
7
5
-2
-2
-4
-10
2
1
2
1
0
-7
-10
-15
-18
-15
-11
-2
-3
-5
-3
0
-2
-1
-6
-1
0
9
15
12
13
15
19
19
17
24
25
25
25
19
14
13
7
3
3
2
-6
-10
-7
-8
-11
-20
-17
-16
-18
-14
-13
-11
-15
-19
-19
-24
-26
-21
-22
-18
-15
-13
-16
-14
-17
-17
-11
-7
-2
-1
5
-1
-5
-4
-18
-15
-1
5
8
17
23
31
30
26
14
9
-2
-12
-14
-20
-12
0
10
12
10
9
3
0
-11
-20
-30
-32
-33
-41
-41
-49
-41
-41
-36
-21
-22
-10
-4
-2
-9
-11
-8
-16
-20
-22
-17
-13
-7
2
15
13
17
31
28
35
36
36
35
23
26
24
23
19
23
31
40
46
31
44
50
41
45
41
43
40
30
40
38
34
31
19
21
5
-1
-6
-15
-18
-25
-18
-15
-8
-19
-18
-21
-30
-35
-47
-53
-49
-45
-47
-43
-28
-11
-8
-7
-7
-3
5
5
-19
-33
-31
-29
-20
-18
-18
-26
-22
-17
-8
2
7
15
12
27
36
41
52
49
40
38
26
12
6
-8
5
4
8
7
3
2
-3
-1
4
13
15
14
0
2
-3
-3
-3
8
-3
4
13
8
9
-4
-11
-19
-24
-43
-54
-54
-53
-62
-58
-49
-42
-28
-17
-17
-11
-6
-1
1
-2
11
16
18
14
10
15
6
13
19
30
37
43
55
47
35
33
25
22
9
4
9
3
7
1
11
19
9
15
28
29
28
24
13
13
4
4
7
-5
-15
-32
-41
-43
-47
-53
-59
-49
-32
-22
-18
-10
17
18
23
20
31
32
21
22
8
2
0
-11
-12
-5
-13
-10
0
-1
-5
-14
-27
-45
-41
-39
-24
-7
-4
17
21
18
15
18
19
20
10
-5
-7
10
24
20
16
17
20
22
8
12
14
1
-7
-27
-37
-40
-53
-45
-32
-32
-30
-24
-28
-8
-9
-11
3
7
14
-1
-7
7
7
2
5
10
12
11
15
28
27
25
19
24
19
-16
-56
-85
-68
-48
-32
-2
69
124
155
160
172
155
131
102
43
-14
-48
-61
-71
-72
-68
-50
-27
-3
6
15
20
16
-14
-35
-85
-89
-121
-230
-325
-311
-177
-104
-14
136
305
374
432
463
394
315
216
101
-75
-177
-186
-202
-256
-267
-242
-234
-188
-166
-156
-141
-126
-152
-192
-183
-185
-154
-106
-23
64
133
209
211
201
204
201
154
96
59
12
-36
-52
-46
-48
-49
-47
-13
2
-1
-38
-72
-87
-78
-67
-65
9
85
140
177
225
280
305
293
257
207
151
105
33
-20
-61
-70
-79
-98
-85
-62
-40
-43
-36
-27
-44
-28
19
31
27
49
77
109
127
153
131
80
33
-10
-57
-130
-174
-284
-392
-390
-257
-169
-110
13
123
195
240
277
248
196
157
106
12
-68
-78
-47
-41
-77
-55
-29
-20
-52
-103
-117
-124
-163
-229
-241
-273
-275
-248
-199
-134
-46
-8
27
85
144
162
127
135
57
-45
-157
-204
-234
-261
-290
-323
-321
-292
-262
-244
-207
-176
-129
-48
26
102
231
363
436
475
515
560
561
508
464
382
349
285
183
136
101
108
83
64
79
86
99
118
107
136
161
152
119
119
168
196
213
255
290
303
300
287
230
97
2
-115
-249
-376
-447
-546
-612
-623
-609
-621
-514
-342
-251
-216
-160
-95
-49
58
75
102
45
122
-77
-857
-2008
-2666
-2415
-2037
-1859
-1889
-1260
-289
663
1017
1191
1615
2195
2379
1614
797
448
869
1089
819
454
531
1166
1484
1448
1206
1192
986
211
-850
-1738
-1905
-1925
-1884
-1765
-1056
-34
789
1504
2073
2692
2940
2924
2349
1698
1266
1002
787
529
461
403
465
482
485
216
-246
-859
-1556
-2322
-3120
-3528
-3549
-3045
-2461
-1786
-791
350
1345
1796
1953
1936
1753
1149
337
-434
-1008
-1293
-1425
-1434
-1351
-1115
-906
-976
-1155
-1392
-1580
-1842
-2187
-2551
-2818
-3121
-3642
-3817
-3221
-2077
-1110
-396
408
1317
2247
2618
2508
2376
2398
2467
2034
1266
774
977
1259
1224
1070
1106
1315
1281
1035
849
893
1009
826
583
417
590
939
1237
1457
1742
2152
2343
2308
2265
2322
2093
1646
1190
799
553
419
274
110
-1
-24
-118
-266
-329
-444
-563
-857
-1225
-1617
-1962
-2110
-2073
-1946
-1707
-1371
-1031
-676
-359
-225
-240
-440
-612
-668
-763
-826
-861
-914
-881
-775
-827
-1451
-2861
-4478
-5411
-5307
-4939
-4518
-3931
-2603
-969
630
1800
2661
3625
4137
4049
2893
1715
1073
950
894
541
393
730
1613
2507
3099
3272
3259
2921
1981
592
-841
-1894
-2572
-2851
-2765
-2405
-1355
73
1530
2870
3879
4634
4720
4298
3545
2740
1969
1366
943
563
334
397
774
888
619
161
-452
-1270
-2333
-3401
-4025
-4065
-3737
-3271
-2486
-1276
61
1123
1828
2304
2466
2253
1582
707
-199
-901
-1417
-1824
-1890
-1670
-1493
-1413
-1364
-1269
-1304
-1555
-1894
-2339
-2724
-2860
-2631
-2282
-1625
-797
10
683
1346
1666
1161
-14
-1361
-2238
-2894
-3230
-3343
-3152
-2520
-1540
-376
763
1857
2794
3333
3299
2891
2556
2366
2210
1951
1650
1608
1828
2162
2541
2765
2723
2509
1929
990
8
-1018
-1873
-2461
-2599
-2384
-1716
-682
437
1500
2426
3229
3653
3640
3323
2836
2237
1722
1331
1099
855
696
576
412
331
37
-445
-1134
-1914
-2619
-3175
-3413
-3409
-3173
-2726
-2026
-1009
-163
517
1006
1366
1574
1480
1241
884
634
416
175
-65
-41
33
14
-95
-424
-747
-1142
-1886
-3079
-4510
-5820
-6814
-7118
-6955
-5963
-4749
-3340
-1797
205
2544
4231
5073
4944
4763
4159
3366
2188
1209
663
432
499
267
552
1297
2329
2792
2401
1670
765
-6
-1083
-2217
-3257
-3698
-3551
-2947
-1876
-548
1041
2663
4045
4782
5055
5025
4677
4087
3406
2694
2127
1891
1834
1754
1700
1822
1804
1374
401
-595
-1499
-2436
-3348
-4069
-4204
-3803
-3017
-2201
-1180
6
1043
1754
1844
1645
1291
776
116
-598
-977
-1058
-940
-901
-759
-499
-208
-169
-466
-975
-1604
-2208
-2750
-3140
-3297
-3107
-2640
-1906
-1150
-425
-2
360
443
15
-1285
-3003
-4317
-4968
-5147
-5149
-4773
-3828
-2242
-625
772
1879
2870
3553
3601
3135
2363
1956
1815
1727
1559
1601
2189
2992
3707
4088
4229
4107
3630
2642
1236
-73
-1266
-1973
-2391
-2494
-2030
-1279
-103
1089
2297
3200
4052
4596
4615
4258
3767
3463
3049
2844
2444
2040
1665
1639
1607
1112
324
-608
-1463
-2397
-3226
-3981
-4470
-4500
-4298
-3941
-3377
-2487
-1626
-951
-315
85
283
329
413
454
392
417
451
340
177
191
137
-192
-829
-1610
-2317
-2810
-3424
-4069
-4375
-4135
-3643
-3178
-2688
-2223
-1999
-2306
-2920
-3317
-3700
-3805
-3531
-2832
-1743
-640
567
1591
2733
3658
4227
4147
3671
3192
2692
2194
1590
1434
1639
2253
2764
3098
3728
4326
4699
4386
3682
2637
1506
518
-523
-1341
-1918
-1970
-1494
-648
510
1535
2302
2805
3349
3619
3323
2936
2563
2349
1946
1655
1521
1488
1482
1217
709
-159
-903
-1762
-2943
-4137
-4894
-5200
-5438
-5363
-4768
-3758
-2712
-1830
-1043
-351
274
552
453
350
403
457
325
320
534
865
1067
1004
785
406
40
-456
-1281
-2176
-2914
-3520
-3973
-4254
-4115
-3721
-2952
-1984
-974
28
984
1932
2596
3112
3333
2919
1765
570
-353
-1849
-3934
-5569
-5736
-4856
-4133
-3670
-3168
-1569
486
1999
2392
2460
3302
4362
4758
4178
3913
4483
5603
6233
5966
5618
5695
6009
5585
4299
2573
927
-472
-1928
-3683
-5293
-5895
-5306
-4262
-3514
-2774
-1237
906
2448
2740
2637
3172
3794
3645
2956
2572
2666
2791
2621
1774
761
264
-177
-1548
-3581
-4989
-5603
-6114
-6682
-6679
-5902
-4521
-2906
-1532
-176
1406
2704
3128
3019
2843
2668
2284
1744
1203
707
468
444
541
381
129
-371
-1170
-1943
-2639
-3237
-3813
-3985
-3798
-3504
-2846
-1671
-405
564
1143
1557
2036
2311
2448
2220
2096
1951
1159
-1525
-5354
-8002
-7904
-6423
-5950
-6088
-5552
-2656
453
2393
2586
2980
4507
5606
4935
2504
1463
2519
4568
5169
4146
3547
4494
6542
7342
6497
4891
3694
2633
529
-2506
-5431
-6553
-6113
-5606
-5951
-5917
-3601
264
3257
3845
3564
4395
5554
5116
3396
2390
2670
3010
2509
1618
1287
2202
3209
2408
-36
-1850
-2665
-4058
-6325
-7962
-8022
-7428
-6551
-5422
-3612
-1007
1510
2786
3113
3548
3829
3357
2415
1563
673
-44
-107
295
618
776
812
473
-194
-1004
-2088
-3375
-4384
-5124
-5939
-6214
-5193
-3263
-1601
-406
764
2010
3148
3788
3700
3199
2578
1807
825
53
-902
-2997
-5818
-7027
-5919
-4281
-3900
-4185
-3364
-1459
302
667
505
1143
2691
3505
2810
2229
3342
5561
6982
6695
5689
5596
6511
6971
5933
4005
2618
1910
1023
-646
-2573
-3808
-3859
-3408
-3533
-3802
-3010
-1113
648
1082
1031
1595
2666
2961
2464
2106
2369
2966
3111
2783
2058
1935
2055
1642
15
-1772
-2865
-3839
-5147
-6496
-6946
-6728
-5973
-5147
-4127
-2485
-562
824
1334
1740
2198
2479
2397
2183
1910
1686
1715
1789
1694
1466
1079
298
-707
-1620
-2474
-3426
-4300
-4745
-4899
-4810
-4177
-2842
-1315
-77
820
1486
2315
3194
3764
3770
3678
3183
2369
1181
-1165
-4563
-7769
-8236
-7175
-6461
-6816
-6451
-4203
-1390
624
892
1431
3040
4938
4923
3302
2727
4165
6338
6860
6109
5388
5983
7466
7798
6618
4810
3438
1850
-392
-2916
-5045
-6106
-6298
-6222
-6398
-5847
-3562
-509
1714
2725
3530
4412
4979
4799
4136
3640
3495
3427
2854
2195
2033
2513
2654
1533
-533
-2495
-3949
-5393
-7064
-8414
-8859
-8522
-7649
-6248
-4076
-1352
994
2389
3180
4081
4958
5092
4411
3493
2769
2265
1818
1459
1378
1352
798
-275
-1280
-1971
-2596
-3578
-4786
-5766
-6135
-5868
-4964
-3653
-2116
-628
744
1976
2885
3576
3938
4003
3696
3402
2790
2206
1081
-1471
-5385
-8747
-9072
-7917
-7152
-7681
-7227
-4817
-1667
681
1426
2439
3993
5693
5656
4502
4340
5542
7053
7053
6211
5550
6123
7174
7341
6365
4769
3489
1991
-49
-2620
-5073
-6680
-7205
-7056
-6954
-6497
-4794
-2028
818
2863
4212
5296
5872
5935
5313
4469
3893
3537
2934
1685
913
1181
1669
775
-1304
-3243
-4618
-5830
-7339
-8650
-9261
-8871
-7740
-6044
-3587
-671
1976
3649
4753
5624
6169
6035
5257
4082
2833
1607
710
284
48
-285
-960
-1623
-2055
-2357
-2945
-3844
-4694
-5389
-5993
-6082
-5040
-3388
-1852
-828
160
1483
3006
4051
4240
3788
3159
2468
1635
987
920
1170
-346
-3496
-6025
-5612
-4394
-4327
-5419
-5647
-4286
-2373
-901
-380
600
2161
3908
4304
4099
4551
5780
6999
7085
6468
5996
6372
6757
6338
5167
4069
3545
2825
1372
-974
-3230
-4374
-4536
-4945
-5876
-6199
-4803
-2451
-746
278
1379
2857
3560
3246
2410
2262
2766
2907
2117
952
703
1211
1289
110
-1389
-2548
-3461
-4875
-6417
-7327
-7236
-6398
-5601
-4532
-2814
-482
1737
3273
4086
4522
4786
4791
4309
3248
1912
847
162
-383
-895
-1205
-1348
-1449
-1670
-2027
-2361
-2700
-3059
-3569
-4006
-3913
-3073
-2052
-1204
-472
354
1325
2170
2865
3181
3220
2992
2759
2684
1954
-868
-5134
-8269
-8224
-6925
-6678
-7450
-6938
-4319
-1454
255
696
1960
3921
5124
4205
2687
2902
4828
6648
6726
5950
5885
7059
8405
8623
7616
6140
4735
3038
821
-1783
-4173
-5656
-6317
-6821
-7260
-6502
-4119
-1354
564
1604
2603
3785
4245
3616
2445
1766
1749
1566
875
525
1088
2157
2542
1607
-41
-1572
-2980
-4918
-7155
-8754
-9089
-8615
-7529
-5892
-3465
-482
2242
4267
5444
6194
6508
6070
4959
3576
2163
842
-140
-603
-649
-614
-609
-612
-668
-954
-1695
-2781
-4026
-4999
-5657
-5736
-5131
-3899
-2364
-787
679
1973
3268
4180
4563
4206
3526
2851
2370
1894
827
-653
-2844
-5516
-7890
-8614
-7804
-7077
-6869
-6540
-4762
-2172
286
1604
2330
3605
5237
6226
6060
5944
6500
7195
7230
6691
6298
6234
6236
5782
5016
4364
3750
2571
678
-1332
-3095
-4613
-5540
-6016
-6105
-5781
-4680
-2527
-290
1536
2742
3554
4007
4029
3539
2602
1851
1271
653
-266
-813
-505
-38
-356
-1601
-2741
-3653
-4586
-5804
-6710
-6753
-6035
-4904
-3542
-1682
540
2631
3961
4805
5390
5507
4947
3835
2590
1352
78
-958
-1337
-1151
-914
-1083
-1322
-1296
-1319
-1704
-2527
-3465
-4164
-4480
-4410
-3856
-2869
-1658
-530
468
1594
2731
3524
3726
3450
2990
2406
1715
951
5
-1148
-3260
-6090
-8335
-8573
-7586
-6807
-6445
-5538
-3192
-664
1526
2619
3522
4766
6086
6670
6264
6166
6679
7512
7458
6900
6510
6612
6818
6375
5531
4632
3838
2453
419
-1842
-3747
-5086
-6030
-6619
-6700
-5990
-4604
-2793
-1014
624
1892
2570
2636
2482
2306
1868
1430
1098
799
339
-52
13
224
-176
-1582
-2940
-3988
-5005
-6173
-6862
-6638
-6173
-5281
-4093
-2112
263
2285
3455
4014
4515
4693
4298
3434
2532
1508
451
-179
-370
-275
-174
-234
-623
-1101
-1540
-1942
-2463
-3240
-4012
-4466
-4291
-3491
-2383
-1547
-709
474
1961
3006
3538
3701
3792
3578
3000
2467
2080
1479
407
-1054
-3313
-5983
-8142
-8506
-7801
-7276
-7170
-6204
-3454
-196
2401
3720
4713
6210
7698
8093
7309
6724
6763
7041
6756
6045
5681
5885
6179
5914
5198
4254
3161
1419
-1067
-3830
-6206
-7689
-7955
-7557
-7067
-6082
-4182
-1735
149
1272
1985
2585
2635
2055
1226
710
828
1050
734
32
-90
539
770
-207
-1748
-3270
-4581
-5731
-6561
-7054
-6865
-5966
-4305
-2149
77
2432
4413
5686
6068
5689
4900
3979
2761
1319
-44
-928
-1169
-1039
-620
-244
-92
-314
-515
-679
-985
-1526
-2398
-3261
-3896
-3708
-3014
-2161
-1373
-480
305
908
1514
1954
2060
1838
1481
1201
1186
1345
1282
796
5
-1278
-3437
-5884
-7248
-7103
-6589
-6206
-5292
-3183
-188
2443
4271
5508
7039
8291
8365
7102
5739
5130
4816
4464
3904
3800
4155
4699
5140
5283
5256
4653
3124
500
-2423
-4907
-6587
-7527
-8070
-8285
-7935
-6504
-4227
-1895
-170
895
1409
1574
1427
1133
926
852
811
358
132
498
1448
1897
1493
439
-810
-1941
-3191
-4340
-5389
-5821
-5592
-4705
-3282
-1336
913
2750
3747
4026
4003
3681
2928
1957
947
287
-112
-166
84
679
1360
1741
1752
1541
1055
315
-610
-1680
-2837
-3716
-4099
-3865
-3308
-2525
-1704
-648
412
1198
1592
1844
2310
2476
2433
2388
2596
2878
2514
1778
856
-451
-2785
-5723
-7661
-7911
-7119
-6709
-5944
-4115
-1085
1502
3332
4668
5736
6443
6063
5096
4066
3668
3618
3649
3690
3697
3933
4360
5042
5377
4793
3104
1024
-1008
-3068
-5244
-7288
-8585
-9046
-8709
-7704
-5951
-3724
-1558
0
1149
2036
2645
2832
2437
1847
1341
1262
1273
1367
1629
1954
2301
2353
1992
1239
141
-1131
-2557
-3675
-4364
-4387
-3788
-2710
-1229
395
1955
3145
3927
4216
4137
3718
2952
2193
1607
1183
886
792
1034
1418
1624
1416
1048
518
-226
-1174
-2306
-3295
-3932
-4170
-4266
-4066
-3561
-2714
-1599
-668
2
505
965
1359
1702
1898
2008
2241
2282
1975
1212
592
-288
-1680
-4270
-6744
-8173
-7855
-6893
-5917
-4644
-2886
-568
1203
2632
3562
4588
5128
4771
3796
2975
3098
3529
3972
3925
3940
4412
4939
5214
4805
4010
2596
643
-1830
-4157
-5840
-6831
-7359
-7533
-7060
-5930
-4047
-2069
-398
663
1432
1927
2227
2386
2446
2616
2900
3536
4168
4709
4926
5046
4851
4214
2935
1402
-223
-1978
-3790
-5019
-5261
-4692
-3548
-2462
-1161
283
1620
2545
3037
3230
2897
2162
1275
703
574
606
540
401
439
554
526
131
-480
-1332
-2395
-3485
-4320
-4828
-5039
-4967
-4672
-3936
-3052
-2201
-1478
-683
7
638
1039
1251
1381
1591
1884
2020
2219
2234
1969
632
-1105
-2561
-3558
-5060
-6775
-7436
-6901
-5646
-4371
-2739
-777
1325
3149
4200
4601
4727
4846
4617
4037
3458
3189
3268
3621
4157
4687
5124
5251
4834
4001
2854
1399
-334
-2184
-3684
-4803
-5632
-5766
-5095
-4214
-3408
-2423
-1146
174
1173
1689
2088
2721
3507
4018
4124
4558
5415
5849
5339
4637
4263
3590
1997
19
-1711
-2974
-3992
-4859
-5149
-4823
-3857
-2845
-2080
-1257
-276
538
771
729
376
34
-172
-326
-434
-640
-684
-482
-207
20
-43
-530
-1130
-1660
-2237
-2988
-3512
-3747
-3979
-4376
-4502
-4115
-3356
-2430
-1646
-1087
-418
530
1321
1952
2374
2919
3278
3406
3390
3410
3169
2465
1521
456
-949
-3230
-5845
-7489
-7524
-6714
-6167
-5385
-3792
-1450
557
2111
3374
4494
5315
5457
5184
4719
4796
5063
5265
5153
4974
4982
5071
5314
5204
4724
3850
2731
1119
-985
-3144
-4942
-6105
-6959
-7533
-7441
-6215
-4248
-2082
-135
1613
3354
4656
5377
5611
5673
5702
5467
4827
3947
3278
2853
2447
1739
616
-956
-2557
-3834
-4992
-6079
-6816
-7139
-7116
-6742
-5572
-3782
-2010
-762
-5
618
1308
1854
1797
1264
624
132
29
213
658
1050
1189
1191
1037
724
80
-850
-1920
-3297
-4531
-5331
-5416
-4770
-3749
-2529
-1415
-60
1361
2728
3817
4493
4591
4085
3649
3477
3440
3128
2649
2126
1522
999
97
-1336
-3831
-6055
-7445
-7621
-7479
-7075
-5989
-4168
-1709
379
2255
3714
5172
5935
5792
5061
4343
4170
4200
4215
3931
3973
4527
5289
5743
5519
4689
3053
923
-1684
-4272
-6582
-8215
-8960
-8814
-7958
-6377
-3953
-1119
1549
3583
4952
5795
6147
5796
4949
3894
3426
3113
2572
1806
1378
1452
1159
476
-759
-2220
-3851
-5317
-6515
-7211
-7326
-6950
-6138
-4728
-2711
-711
828
1939
2742
2934
2562
2089
1668
1315
968
604
481
795
1196
1319
1102
665
71
-773
-1868
-2933
-3775
-4341
-4566
-4240
-3183
-1766
-175
1210
2544
3704
4589
4888
4686
4372
3766
2958
2166
1650
1548
1553
1335
753
142
-642
-1773
-3810
-6444
-8245
-8987
-8520
-7992
-6637
-4836
-2203
256
2422
4287
5721
6835
6760
5923
4617
3916
3708
3519
3190
2762
2915
3338
3755
3625
3103
2069
382
-1761
-3949
-5479
-6675
-7516
-7628
-6776
-5030
-2885
-518
1724
3600
4891
5587
5654
5329
4515
3368
2243
1595
1245
606
287
484
878
410
-492
-1392
-2327
-3391
-4787
-5895
-6382
-5926
-4938
-3814
-2487
-698
1058
2187
2961
3307
3452
3158
2474
1739
1164
980
815
656
820
1382
1782
1689
1207
676
-85
-1098
-1975
-2615
-2953
-3101
-2929
-2461
-1476
-172
1001
1848
2282
2499
2485
2242
1897
1510
1040
593
237
-20
-127
-188
-252
-641
-1357
-2553
-3963
-5821
-7541
-8633
-8720
-7865
-6790
-5111
-3063
-290
1964
3858
5082
5811
6022
5541
4707
3491
2646
2213
2377
2841
3430
4087
4618
5053
4991
4492
3355
1802
-214
-2526
-4560
-5790
-6077
-5746
-5115
-3970
-2322
-231
1871
3467
4456
4700
4258
3334
2316
1599
1189
1072
905
851
1123
1725
2107
1872
933
-368
-1750
-3133
-4301
-5142
-5416
-5162
-4542
-3476
-1898
90
1731
2509
2640
2536
2494
2186
1622
828
278
77
147
506
1093
1782
2130
1930
1353
733
-2
-848
-1927
-3037
-3831
-3887
-3300
-2370
-1333
-346
453
844
1160
1274
1269
863
48
-843
-1304
-1125
-826
-453
-178
112
209
86
-53
-795
-2116
-4417
-6556
-7870
-7961
-7170
-6318
-4710
-2820
-134
1988
3875
5087
5721
5780
5080
4263
3325
2951
2959
3215
3666
4349
5298
5994
6359
5989
4978
3252
1088
-1295
-3759
-5876
-7299
-7784
-7305
-5988
-4221
-2198
-183
1709
3102
3964
4269
4172
3638
2667
1951
1488
1643
1794
1974
2077
2381
2448
1986
1271
-8
-1411
-3114
-4551
-5530
-5773
-5377
-4698
-3598
-2214
-464
1089
2053
2528
2610
2536
2155
1670
1237
1062
1177
1505
2053
2461
2680
2490
1918
1108
34
-1223
-2635
-3868
-4897
-5411
-5347
-4753
-3892
-3025
-1996
-1169
-318
359
923
1148
1003
678
353
340
521
879
1081
1196
1250
1074
833
220
-637
-2197
-4066
-6260
-7904
-8685
-8432
-7322
-6007
-4038
-1822
981
3334
5122
6072
6610
6844
6627
6328
5840
5581
5517
5538
5588
5527
5394
4974
4169
2907
1381
-394
-2274
-4077
-5427
-6350
-6594
-6167
-5101
-3678
-2083
-374
1170
2545
3398
3879
3755
3594
3264
2816
2431
2342
2605
2524
2420
2288
2143
1620
590
-659
-2133
-3435
-4816
-5939
-6485
-6382
-5794
-5086
-3847
-2132
-352
926
1780
2403
2908
3256
3253
3067
2819
2647
2490
2353
2174
1905
1404
568
-488
-1581
-2732
-3978
-5122
-6015
-6454
-6362
-5701
-4572
-3114
-1575
-155
1122
2240
3006
3325
3347
3052
2566
1993
1564
1411
1282
896
237
-400
-826
-1230
-2009
-3060
-4177
-5314
-6421
-7542
-7812
-7292
-5738
-4022
-2010
366
3044
5492
6897
7771
7867
7773
6941
5868
4622
3459
2607
1890
1776
1741
1894
1753
1554
1458
1226
821
-110
-1187
-2309
-3159
-3711
-3852
-3489
-2743
-1747
-660
519
1547
2487
3021
3256
3013
2655
2283
1982
1719
1404
1335
1079
918
806
816
329
-575
-1612
-2528
-3407
-4346
-4931
-5154
-4642
-3735
-2513
-916
880
2548
3619
4219
4455
4378
3890
3148
2187
1120
86
-795
-1470
-1958
-2361
-2835
-3271
-3606
-3717
-3690
-3639
-3422
-3076
-2519
-1699
-584
572
1452
2164
2711
3086
3096
2724
2100
1413
646
-194
-988
-1577
-1866
-2179
-2459
-2748
-2777
-2575
-2447
-2460
-2592
-2662
-2960
-3363
-3982
-4170
-3750
-2679
-1519
-331
1174
2677
3959
4301
4593
4630
4594
3948
3074
2359
1917
1931
1957
2336
2745
3211
3415
3503
3662
3530
2911
1653
246
-1256
-2470
-3294
-3622
-3533
-3056
-2278
-1161
50
1224
2251
2913
3187
3044
2720
2164
1718
1217
885
582
357
381
383
300
-250
-927
-1745
-2442
-3025
-3450
-3536
-3228
-2480
-1530
-284
1087
2309
3040
3316
3109
2413
1343
41
-1238
-2456
-3422
-3970
-4061
-3699
-2937
-2121
-1225
-401
225
575
605
378
-15
-370
-725
-893
-892
-475
61
506
794
1020
1157
976
620
-50
-728
-1310
-1861
-2122
-2044
-1697
-1234
-844
-397
52
482
517
211
-388
-1336
-2511
-3979
-4914
-5223
-4488
-3327
-2121
-775
724
2527
3698
4595
4901
4961
4607
4077
3696
3346
3321
3430
3637
3764
3879
4038
3988
3603
2782
1635
245
-1144
-2327
-3424
-4162
-4357
-4024
-3217
-2246
-1035
16
1134
2100
2720
2860
2513
2142
1551
1039
604
590
618
514
432
370
499
428
9
-869
-1704
-2363
-2898
-3254
-3325
-2983
-2424
-1683
-744
290
1150
1533
1545
1162
627
31
-538
-1001
-1393
-1421
-1316
-897
-228
360
760
915
910
665
116
-431
-860
-1363
-1856
-1891
-1492
-798
-107
388
691
776
805
551
113
-419
-960
-1520
-1921
-2017
-1884
-1696
-1492
-1232
-950
-572
-198
-71
-284
-694
-1238
-2044
-2896
-3757
-4100
-3943
-3100
-1968
-666
749
2313
3694
4510
5010
5122
5145
4760
4253
3638
3216
3226
3407
3451
3252
3110
2886
2675
2193
1393
458
-734
-1859
-2832
-3404
-3516
-3397
-3155
-2637
-1702
-519
537
1216
1652
1850
1854
1754
1538
1226
732
447
217
167
12
94
110
-76
-516
-965
-1381
-1905
-2312
-2831
-3068
-3087
-2575
-1769
-882
89
885
1468
1672
1664
1341
906
450
-130
-544
-657
-367
46
448
754
1067
1219
1163
1009
536
69
-449
-785
-1006
-1025
-843
-655
-350
-180
5
-9
-125
-446
-999
-1590
-2142
-2488
-2695
-2665
-2551
-2217
-1600
-945
-302
132
586
967
1193
984
571
-43
-863
-1713
-2598
-3032
-3059
-2563
-1738
-871
258
1413
2704
3340
3553
3466
3257
2978
2588
2274
1844
1694
1775
1967
2112
2190
2215
1998
1695
1250
655
-7
-740
-1500
-2153
-2476
-2491
-2255
-1851
-1363
-682
-106
352
557
531
483
359
135
-203
-394
-287
47
527
1145
1653
1902
2076
2162
1934
1446
699
29
-583
-909
-1157
-1331
-1114
-599
28
480
912
1174
1115
772
304
30
-213
-326
-455
-587
-443
34
616
1064
1348
1428
1213
812
335
-227
-917
-1536
-2134
-2691
-3013
-3016
-2847
-2794
-2816
-2769
-2646
-2583
-2477
-2436
-2262
-2068
-1789
-1387
-820
-62
579
931
1168
1293
1466
1472
1351
1059
553
-35
-732
-1482
-2142
-2794
-3253
-3391
-2828
-1986
-1108
-292
665
1736
2457
3032
3198
3413
3308
3171
2960
2776
2862
2835
2945
2919
2955
2966
2873
2740
2306
1656
658
-293
-1283
-2090
-2741
-3157
-3253
-3005
-2428
-1773
-820
180
1106
1637
1868
2053
2182
2128
2010
1969
1797
1791
1745
1732
1655
1535
1264
748
76
-612
-1198
-1707
-1961
-1958
-1760
-1486
-1118
-679
-227
192
416
450
258
121
-59
-302
-455
-547
-470
-284
-19
206
236
164
-1
-341
-804
-1403
-1998
-2560
-2966
-3167
-3293
-3245
-3009
-2660
-2331
-1945
-1464
-1021
-726
-587
-542
-584
-541
-401
-278
-131
48
205
422
655
902
1035
1006
932
701
289
-320
-848
-1662
-2601
-3495
-3784
-3470
-2546
-1497
-398
807
2134
3406
4155
4472
4355
4109
3590
2971
2369
1902
1698
1495
1365
1295
1429
1566
1651
1620
1331
919
414
-93
-555
-1082
-1510
-1606
-1352
-1012
-379
327
1076
1567
1658
1518
1383
1065
543
224
27
175
396
1097
1501
1775
1975
2048
1801
1311
822
221
-410
-980
-1311
-1464
-1365
-994
-624
-383
-260
-191
-479
-899
-1273
-1653
-1988
-2070
-1837
-1523
-974
-182
440
807
1017
1109
749
116
-585
-1276
-1994
-2538
-2918
-3139
-3086
-2741
-2370
-2135
-1835
-1583
-1468
-1623
-1739
-1914
-2000
-1908
-1556
-1082
-536
347
1220
1862
2300
2578
2621
2400
2171
1682
1003
168
-648
-1479
-2180
-2497
-2819
-2910
-2798
-2171
-1483
-790
-89
500
1023
1255
1685
1901
2229
2564
2958
3298
3582
3950
4128
4220
4081
3833
3394
2915
2325
1683
1005
268
-411
-1125
-1643
-1914
-2037
-2062
-1829
-1523
-1179
-818
-352
39
352
760
1007
1339
1461
1750
1998
2248
2526
2546
2498
2097
1669
1129
553
-248
-1039
-1727
-2309
-2592
-2782
-2673
-2387
-2077
-1863
-1711
-1431
-1144
-910
-825
-710
-620
-491
-346
-123
199
437
629
707
702
486
143
-366
-988
-1627
-2217
-2627
-2971
-3101
-3007
-2715
-2348
-1951
-1570
-1281
-1049
-766
-520
-217
128
410
652
894
1279
1713
2033
2147
2120
1938
1612
1204
802
340
-140
-813
-1611
-2310
-2805
-3003
-3242
-3325
-2983
-2135
-1192
-349
442
1165
2044
2704
3107
3195
3200
3225
3118
3004
2820
2736
2677
2555
2260
1883
1611
1422
1173
846
488
124
-171
-443
-643
-890
-1069
-1163
-1202
-1056
-857
-559
-287
0
140
332
494
698
934
1272
1671
1837
2122
2198
2265
2073
1785
1323
602
-90
-871
-1595
-2296
-2706
-2922
-2954
-2751
-2525
-2128
-1786
-1350
-1034
-860
-750
-733
-765
-741
-505
-224
105
470
839
1120
1331
1379
1136
581
-143
-855
-1478
-1991
-2319
-2501
-2521
-2268
-1863
-1401
-944
-487
-131
-34
-26
-20
52
140
210
383
592
963
1451
1846
2107
2189
2018
1577
990
335
-386
-1208
-1804
-2319
-2848
-3225
-3359
-3261
-3116
-2884
-2544
-1908
-1109
-346
210
712
1324
1847
2153
2301
2524
2674
2624
2553
2448
2451
2462
2386
2180
1977
1923
1797
1545
1199
877
460
-16
-515
-915
-1304
-1662
-1789
-1699
-1328
-719
1
691
1270
1702
2144
2548
2787
2664
2532
2263
2022
1717
1445
1166
708
354
-145
-668
-1370
-1906
-2251
-2478
-2476
-2437
-2177
-1869
-1419
-905
-420
113
487
622
685
755
654
476
283
89
-39
-162
-206
-336
-521
-626
-720
-931
-1249
-1609
-1971
-2245
-2369
-2399
-2240
-1916
-1443
-987
-453
128
663
943
953
828
562
314
2
-329
-590
-735
-783
-789
-744
-627
-410
-271
-314
-343
-391
-495
-814
-1258
-1866
-2399
-2786
-2851
-2690
-2427
-1945
-1310
-533
230
865
1419
1915
2275
2369
2317
2311
2375
2486
2552
2596
2642
2732
2827
2926
2925
2836
2628
2235
1814
1354
991
563
88
-226
-307
-296
-199
-77
161
358
520
698
729
710
768
902
853
940
1026
1273
1336
1327
1300
1078
779
361
-68
-556
-965
-1267
-1506
-1622
-1575
-1289
-985
-759
-681
-841
-1115
-1416
-1642
-2007
-2286
-2328
-2281
-2034
-1572
-1023
-612
-174
246
408
382
204
-95
-538
-999
-1313
-1636
-1782
-1669
-1451
-1239
-983
-696
-525
-473
-597
-718
-808
-879
-882
-831
-613
-313
141
602
1011
1287
1447
1406
1127
699
92
-614
-1304
-1954
-2407
-2830
-3112
-3225
-3141
-2882
-2477
-1857
-1139
-455
318
1140
1884
2598
3195
3695
4038
4278
4278
4169
3957
3692
3374
2927
2593
2238
2014
1864
1642
1424
1195
978
643
296
-51
-275
-502
-654
-618
-457
-177
221
659
945
1306
1646
1912
1954
1949
1859
1634
1167
706
231
-292
-734
-1166
-1452
-1655
-1698
-1684
-1729
-1766
-1663
-1681
-1783
-1959
-2091
-2153
-2122
-2036
-1957
-1703
-1342
-975
-766
-528
-221
-71
-209
-392
-508
-687
-875
-1101
-1302
-1392
-1356
-1347
-1232
-1020
-763
-595
-591
-520
-398
-289
-159
25
247
478
708
931
1101
1219
1227
1116
907
645
228
-319
-864
-1195
-1508
-1742
-1756
-1664
-1404
-1199
-1030
-984
-964
-924
-890
-846
-711
-405
-34
406
875
1452
1946
2270
2444
2498
2422
2203
1903
1603
1301
1054
889
855
991
1255
1556
1886
2266
2553
2701
2612
2413
2023
1570
1107
672
336
267
236
323
466
524
617
516
378
89
-252
-606
-857
-1134
-1335
-1342
-1313
-1163
-1031
-808
-691
-563
-439
-320
-162
-173
-168
-273
-366
-492
-637
-822
-998
-1198
-1357
-1439
-1498
-1467
-1454
-1410
-1315
-1154
-952
-666
-363
-92
158
349
522
667
767
791
712
601
506
325
158
79
24
-74
-221
-378
-512
-715
-920
-1180
-1437
-1600
-1673
-1614
-1537
-1336
-1106
-843
-639
-438
-315
-330
-468
-642
-815
-1120
-1378
-1616
-1740
-1735
-1527
-1264
-855
-433
0
448
816
1228
1538
1701
1820
1875
1909
1934
2037
2077
2185
2365
2579
2793
2941
3047
3021
2832
2525
2211
1869
1489
1077
742
473
264
142
2
-27
-67
-137
-205
-174
-111
-84
-147
-219
-169
-72
56
174
318
381
378
307
171
-14
-226
-492
-855
-1128
-1285
-1380
-1444
-1479
-1421
-1298
-1135
-1078
-1019
-913
-856
-813
-779
-678
-478
-284
-124
32
261
431
531
511
397
168
-68
-355
-661
-900
-1157
-1313
-1390
-1333
-1161
-990
-868
-686
-521
-445
-357
-395
-445
-540
-656
-663
-630
-444
-313
-315
-316
-293
-405
-621
-979
-1442
-1895
-2345
-2602
-2689
-2583
-2316
-1957
-1312
-512
284
1028
1618
2125
2456
2568
2622
2641
2597
2487
2376
2336
2407
2562
2674
2736
2698
2596
2357
2020
1641
1193
878
533
311
207
216
297
370
501
600
662
686
644
565
379
140
40
10
92
155
261
376
411
332
174
-43
-415
-883
-1348
-1636
-1757
-1764
-1678
-1522
-1166
-765
-354
78
335
427
378
303
216
110
-52
-236
-398
-491
-479
-360
-233
-136
-149
-263
-463
-652
-845
-1097
-1380
-1625
-1752
-1765
-1656
-1383
-1048
-794
-604
-457
-350
-248
-237
-370
-510
-600
-631
-641
-619
-508
-467
-513
-653
-740
-854
-1064
-1355
-1625
-1803
-1891
-1907
-1826
-1662
-1357
-1001
-526
-100
346
841
1228
1571
1832
2083
2281
2472
2620
2726
2794
2834
2796
2666
2514
2304
1983
1668
1377
1112
898
780
774
844
932
1046
1071
1068
1041
948
713
451
148
-166
-317
-463
-499
-464
-393
-270
-141
-15
97
172
131
33
-103
-243
-323
-436
-566
-666
-693
-744
-706
-671
-646
-557
-508
-413
-344
-241
-132
-44
-16
22
116
186
231
219
208
201
127
-2
-181
-327
-448
-670
-871
-1066
-1214
-1313
-1425
-1523
-1583
-1589
-1475
-1349
-1220
-1096
-1030
-941
-854
-773
-596
-449
-349
-188
-81
-18
-62
-90
-292
-564
-815
-1104
-1337
-1520
-1619
-1602
-1469
-1283
-1035
-748
-375
-4
322
599
832
1083
1230
1389
1584
1883
2121
2373
2575
2747
2912
2920
2858
2643
2365
2012
1558
1095
655
321
64
-81
-115
-47
101
237
377
506
568
494
429
320
213
95
-9
-6
47
79
88
130
165
219
194
126
36
-108
-307
-478
-552
-603
-632
-663
-595
-489
-409
-340
-303
-304
-387
-513
-533
-509
-461
-376
-260
-132
1
79
52
21
-104
-285
-488
-657
-797
-881
-961
-1046
-1050
-988
-933
-909
-868
-818
-791
-807
-776
-769
-714
-669
-655
-631
-610
-518
-448
-380
-346
-306
-376
-408
-463
-548
-654
-736
-751
-790
-731
-735
-648
-479
-347
-158
72
269
505
713
924
1151
1365
1505
1597
1661
1654
1692
1660
1605
1505
1388
1290
1151
1022
855
731
608
442
275
160
102
27
25
82
169
321
468
573
647
731
803
823
837
718
610
454
347
160
-22
-149
-316
-391
-453
-436
-399
-321
-204
-64
84
193
275
328
386
453
471
438
338
139
-92
-354
-623
-858
-1012
-1102
-1098
-1039
-917
-757
-601
-444
-383
-337
-307
-280
-249
-254
-254
-231
-171
-128
-133
-199
-329
-481
-778
-1030
-1281
-1491
-1668
-1750
-1814
-1766
-1595
-1335
-1019
-724
-359
-92
150
301
412
380
371
308
141
-57
-207
-317
-379
-307
-202
-30
109
303
457
590
687
752
794
747
697
573
525
418
395
443
458
459
529
643
774
811
813
876
846
903
934
1012
1045
1094
1069
1040
1048
987
949
875
791
670
573
439
277
137
78
28
-91
-113
-81
-52
21
116
255
378
412
405
405
410
429
414
338
265
157
-11
-150
-362
-567
-882
-1114
-1283
-1431
-1501
-1525
-1440
-1238
-1000
-753
-526
-273
-98
-60
-76
-141
-236
-294
-312
-344
-368
-365
-358
-405
-450
-574
-732
-881
-1062
-1137
-1190
-1216
-1194
-1133
-968
-707
-414
-184
45
224
359
450
483
492
480
404
276
127
-26
-99
-145
-156
-202
-201
-180
-97
4
19
112
254
396
557
689
773
810
742
636
514
376
248
135
90
74
179
337
536
766
957
1146
1193
1198
1081
885
683
386
165
39
76
104
199
328
424
463
440
376
236
65
-104
-206
-267
-220
-162
-93
54
209
322
358
321
249
140
45
-59
-132
-230
-266
-312
-272
-176
-152
-160
-162
-186
-248
-293
-351
-397
-445
-445
-423
-362
-245
-134
-56
32
69
134
104
41
-53
-150
-218
-324
-385
-528
-580
-662
-777
-844
-878
-827
-772
-708
-624
-494
-420
-315
-253
-204
-174
-210
-203
-135
-114
-108
-118
-108
-81
-72
-27
-45
2
-12
-31
-64
-12
37
11
-20
-65
0
74
153
112
100
85
9
-63
-147
-175
-195
-199
-177
-119
29
199
403
513
623
759
842
841
787
717
623
516
472
465
461
483
526
605
609
577
459
327
192
58
-14
-5
34
126
293
482
665
843
1001
1110
1184
1200
1129
1101
1064
1022
986
885
792
655
500
301
86
-85
-300
-523
-737
-914
-1051
-1146
-1186
-1151
-1094
-986
-798
-602
-416
-280
-220
-215
-246
-294
-425
-551
-690
-843
-983
-1115
-1173
-1207
-1246
-1278
-1275
-1173
-1032
-912
-797
-715
-577
-498
-393
-235
-86
72
239
362
428
463
483
413
298
172
56
-72
-270
-437
-549
-660
-807
-846
-905
-909
-880
-804
-703
-549
-371
-223
-27
55
123
222
309
374
451
510
564
660
762
904
1026
1141
1179
1197
1146
1122
1046
948
880
812
778
744
791
840
958
1015
1087
1055
1017
1024
968
901
844
785
752
769
809
880
947
1006
1051
1038
1014
950
815
629
428
236
-6
-240
-430
-567
-745
-894
-1034
-1119
-1181
-1212
-1208
-1237
-1202
-1107
-1059
-1016
-940
-864
-824
-808
-820
-840
-899
-928
-1023
-1134
-1209
-1233
-1268
-1279
-1257
-1212
-1096
-1016
-833
-752
-678
-592
-462
-291
-151
36
210
416
506
610
680
675
646
516
350
153
-31
-142
-292
-405
-500
-594
-619
-653
-683
-692
-661
-577
-506
-367
-230
-108
18
102
207
302
414
492
534
575
605
646
707
813
944
1018
1133
1191
1296
1375
1397
1445
1453
1420
1411
1381
1293
1183
1061
972
865
797
755
703
689
670
675
700
722
719
665
577
499
412
295
175
73
8
-59
-108
-128
-136
-158
-198
-287
-449
-592
-711
-840
-996
-1153
-1308
-1398
-1464
-1507
-1479
-1359
-1242
-1163
-1056
-969
-899
-823
-791
-776
-748
-751
-674
-639
-578
-519
-470
-406
-367
-330
-343
-333
-348
-314
-237
-122
-21
140
290
430
551
648
753
775
736
626
493
272
75
-151
-328
-514
-672
-797
-857
-916
-899
-845
-810
-751
-712
-605
-472
-320
-252
-106
48
168
285
391
470
514
542
598
654
732
763
746
725
638
568
494
449
427
471
517
651
828
1013
1216
1322
1461
1522
1527
1455
1376
1251
1088
889
738
646
550
489
392
303
245
172
98
25
-63
-107
-145
-109
-72
-37
2
5
19
30
-7
-48
-159
-329
-484
-691
-916
-1017
-1127
-1179
-1178
-1174
-1056
-912
-739
-611
-543
-492
-461
-450
-431
-420
-382
-342
-285
-188
-113
-21
48
91
115
94
29
24
-25
-88
-166
-225
-282
-370
-407
-489
-527
-601
-683
-799
-869
-988
-1090
-1188
-1263
-1233
-1144
-1070
-989
-867
-755
-662
-581
-451
-358
-210
-106
-45
44
146
237
298
317
323
336
362
447
535
642
776
895
974
1061
1167
1223
1308
1364
1448
1527
1579
1650
1661
1641
1616
1525
1453
1369
1209
1076
925
782
551
379
272
157
123
106
92
77
50
67
49
54
83
65
39
3
-48
-84
-133
-140
-172
-239
-313
-412
-567
-738
-865
-1017
-1156
-1324
-1372
-1396
-1324
-1228
-1165
-961
-771
-547
-298
-64
133
317
461
501
525
482
397
271
126
-14
-132
-191
-243
-259
-261
-228
-200
-149
-88
-101
-143
-186
-253
-374
-442
-510
-598
-651
-657
-645
-678
-746
-760
-776
-831
-854
-836
-802
-751
-705
-698
-658
-593
-501
-404
-334
-201
-34
97
238
290
378
422
415
424
407
433
480
503
560
619
623
605
557
529
564
609
641
693
760
784
819
852
877
901
852
846
784
755
767
751
732
743
738
745
795
853
885
842
754
665
580
488
391
310
209
116
-10
-86
-110
-141
-124
-123
-199
-219
-201
-219
-227
-224
-242
-242
-255
-241
-204
-201
-193
-173
-176
-170
-214
-273
-342
-449
-538
-611
-705
-800
-823
-825
-793
-719
-634
-523
-481
-444
-436
-399
-360
-377
-403
-483
-551
-683
-784
-885
-983
-1039
-1036
-1071
-1115
-1114
-1095
-1009
-966
-921
-828
-710
-604
-485
-402
-317
-208
-43
118
174
224
293
333
358
422
453
459
448
463
494
487
509
560
619
675
720
823
913
1046
1107
1198
1291
1331
1300
1213
1108
961
902
817
726
632
631
622
632
656
695
757
745
723
687
622
555
433
330
280
229
237
232
215
157
121
87
15
-101
-203
-269
-364
-421
-445
-451
-425
-417
-426
-402
-377
-452
-460
-414
-404
-363
-357
-370
-367
-378
-358
-367
-321
-293
-296
-296
-339
-349
-403
-442
-490
-512
-507
-524
-542
-558
-575
-658
-718
-812
-851
-875
-933
-946
-938
-856
-799
-766
-672
-591
-511
-416
-423
-407
-409
-373
-379
-365
-359
-355
-316
-251
-155
-80
22
101
169
216
276
352
391
462
531
657
760
853
936
964
1001
979
957
959
933
891
843
776
753
699
656
574
560
539
546
569
563
544
520
542
539
565
590
609
603
623
620
605
557
493
398
291
157
30
-134
-270
-371
-469
-533
-548
-523
-465
-360
-297
-242
-180
-108
-83
-24
46
94
105
72
36
-1
-12
-70
-115
-191
-253
-280
-294
-312
-376
-428
-494
-529
-568
-604
-644
-667
-660
-600
-569
-554
-534
-511
-453
-404
-425
-448
-426
-461
-490
-497
-514
-545
-632
-712
-741
-767
-781
-774
-752
-671
-510
-410
-269
-137
-21
81
144
244
302
400
456
516
572
631
662
665
705
739
731
744
747
718
696
668
600
551
516
448
375
294
197
132
79
49
-14
-9
41
94
203
269
368
418
413
427
431
374
322
251
205
171
146
138
108
71
-7
-73
-125
-140
-152
-123
-93
-30
34
105
167
234
313
421
509
582
610
625
560
439
357
236
121
-5
-110
-215
-309
-345
-352
-338
-334
-360
-391
-396
-400
-400
-391
-393
-394
-376
-317
-263
-214
-172
-171
-153
-194
-275
-326
-411
-516
-605
-675
-704
-689
-682
-669
-656
-660
-586
-564
-554
-525
-491
-443
-371
-313
-276
-218
-211
-160
-132
-100
-77
-79
-73
-86
-57
-38
40
87
116
130
158
217
294
376
411
420
382
357
298
264
199
152
123
108
123
131
128
132
130
123
158
181
263
336
403
455
548
668
761
817
867
898
920
921
923
916
888
891
818
781
756
770
759
724
661
615
546
475
456
381
318
223
164
92
62
20
-74
-152
-217
-243
-321
-414
-479
-570
-635
-726
-852
-910
-959
-1023
-1044
-1077
-1040
-1029
-1048
-1013
-1002
-981
-969
-964
-938
-909
-889
-864
-859
-814
-735
-675
-592
-556
-492
-441
-405
-384
-332
-277
-230
-176
-118
-41
34
110
182
256
289
336
331
324
272
250
205
194
216
198
228
273
341
379
405
438
479
498
492
481
478
469
437
388
339
294
296
291
335
400
399
463
500
536
543
576
585
581
599
562
570
578
630
643
615
569
544
529
472
376
270
242
218
201
180
171
114
102
65
27
32
-19
-3
-66
-118
-147
-152
-201
-232
-268
-322
-317
-382
-426
-506
-562
-584
-584
-600
-614
-571
-550
-486
-435
-360
-338
-353
-367
-404
-415
-422
-407
-421
-403
-377
-339
-300
-266
-247
-253
-270
-296
-315
-300
-309
-293
-238
-205
-130
-65
55
122
155
179
167
129
87
32
-28
-61
-135
-150
-192
-188
-153
-168
-146
-138
-111
-48
-13
31
76
102
91
83
77
89
112
128
155
159
177
194
167
181
207
217
245
265
285
319
334
354
369
400
464
503
500
535
564
564
568
575
574
525
484
458
439
408
416
390
366
332
336
330
303
304
219
172
130
82
43
35
-12
-19
9
32
97
84
74
23
-66
-143
-199
-275
-333
-402
-459
-472
-499
-517
-557
-584
-602
-678
-710
-760
-819
-824
-831
-832
-783
-711
-669
-608
-521
-462
-421
-359
-311
-301
-261
-225
-168
-76
-5
26
44
54
68
43
5
-37
-135
-186
-257
-264
-271
-234
-210
-167
-101
-55
1
45
156
209
261
302
353
349
352
366
347
365
390
442
446
448
442
455
463
457
429
408
391
344
301
284
265
260
287
305
316
366
379
371
374
380
373
343
349
329
346
347
307
293
279
288
267
258
255
252
227
181
109
28
10
-37
-88
-121
-163
-180
-176
-159
-133
-105
-76
-96
-123
-131
-166
-207
-195
-200
-189
-189
-215
-257
-301
-321
-342
-370
-377
-378
-416
-417
-457
-453
-451
-443
-404
-366
-315
-267
-245
-218
-190
-173
-174
-224
-259
-302
-378
-435
-473
-501
-489
-506
-494
-476
-440
-446
-478
-456
-453
-405
-336
-267
-239
-174
-113
-93
-77
-54
-24
14
34
63
124
169
175
197
271
299
353
412
481
530
529
555
580
605
682
724
762
764
803
853
837
869
816
726
648
587
547
492
475
443
462
464
466
493
507
509
475
434
407
347
289
242
178
99
38
25
-11
-51
-104
-131
-149
-228
-309
-322
-356
-400
-414
-447
-445
-420
-452
-414
-397
-420
-468
-559
-614
-644
-694
-721
-719
-707
-696
-645
-541
-464
-408
-336
-297
-277
-258
-241
-246
-231
-207
-169
-146
-151
-114
-79
-59
-7
11
13
23
-22
-42
-42
-69
-57
-28
9
17
53
89
116
129
169
156
107
83
62
42
11
22
43
52
89
105
75
82
54
83
68
72
44
0
-5
-5
34
45
120
211
250
320
371
423
439
434
391
375
340
292
255
217
190
206
242
272
333
336
320
281
265
240
227
232
231
224
240
218
206
196
153
85
29
-17
-53
-89
-164
-195
-236
-267
-262
-243
-270
-240
-241
-252
-239
-229
-219
-250
-273
-254
-252
-189
-133
-85
-88
-108
-115
-110
-102
-117
-127
-103
-112
-113
-137
-147
-145
-139
-171
-210
-218
-236
-202
-198
-236
-284
-253
-253
-297
-314
-269
-189
-129
-64
-6
13
47
56
33
30
18
-14
-46
-18
2
-13
-23
-73
-98
-123
-150
-197
-186
-135
-89
-53
-28
32
84
111
132
200
232
266
316
343
383
391
423
457
467
499
508
483
468
479
449
415
362
327
293
230
190
193
199
192
194
172
128
58
24
5
-24
-57
-64
-51
-58
-56
-54
-62
-44
-15
-15
-34
-30
-30
-27
-19
-68
-126
-136
-124
-122
-114
-79
-119
-119
-115
-121
-142
-175
-160
-167
-143
-125
-79
-56
-55
-11
-3
-27
-23
-50
-77
-127
-153
-196
-250
-275
-294
-279
-302
-312
-304
-302
-286
-312
-339
-357
-360
-382
-361
-351
-317
-280
-279
-236
-209
-181
-164
-175
-187
-193
-198
-197
-193
-121
-61
15
96
178
245
261
315
305
281
284
286
289
288
293
339
360
387
438
484
504
505
504
472
415
349
287
231
167
151
155
182
229
264
293
290
252
221
179
131
99
93
100
108
80
51
48
53
61
96
105
75
93
107
57
49
54
43
55
60
112
139
161
148
104
25
-36
-96
-121
-159
-168
-162
-182
-176
-168
-187
-239
-259
-274
-321
-356
-341
-392
-439
-426
-427
-460
-463
-470
-487
-497
-478
-487
-512
-485
-465
-452
-453
-446
-414
-348
-318
-312
-334
-348
-359
-327
-314
-275
-223
-231
-237
-196
-150
-101
-30
37
147
230
305
383
434
501
597
657
668
659
654
635
550
508
502
472
435
412
401
398
374
380
381
362
366
340
349
333
321
334
309
310
307
290
256
218
174
160
127
119
55
17
-33
-82
-128
-181
-191
-212
-196
-190
-179
-188
-175
-132
-94
-67
-91
-86
-50
-58
-60
-58
-81
-76
-89
-132
-142
-117
-149
-191
-216
-253
-268
-271
-237
-224
-201
-167
-140
-102
-53
-60
-59
-109
-177
-203
-239
-222
-206
-196
-197
-209
-225
-241
-225
-224
-225
-230
-222
-243
-270
-235
-214
-217
-210
-155
-157
-145
-115
-103
-109
-107
-57
8
93
161
194
206
233
252
270
287
315
340
349
333
305
270
262
246
229
242
274
257
247
228
210
171
145
147
134
87
52
33
14
42
63
47
84
90
76
43
-2
-21
-63
-89
-98
-87
-83
-43
4
48
84
135
150
138
105
91
115
118
125
147
146
125
127
157
154
131
121
100
44
39
-18
-54
-85
-122
-136
-156
-150
-131
-98
-87
-69
-53
-5
17
3
2
-24
-30
-49
-91
-115
-113
-160
-184
-206
-226
-203
-218
-252
-304
-337
-367
-376
-352
-336
-341
-340
-294
-272
-248
-199
-207
-186
-153
-117
-72
-24
45
61
66
54
56
65
64
57
65
67
97
106
101
88
114
133
144
187
152
174
193
193
219
258
270
212
194
160
139
119
99
93
66
39
1
0
2
-3
-4
29
70
83
82
115
130
127
123
135
135
93
60
52
43
29
7
-7
-7
20
14
38
69
70
92
69
96
101
127
129
125
107
87
67
11
-19
-28
-48
-63
-91
-78
-66
-93
-64
-49
-37
-9
32
61
45
47
50
18
14
-26
-24
-45
-127
-176
-280
-323
-373
-415
-417
-416
-363
-346
-319
-274
-252
-233
-201
-190
-157
-149
-132
-112
-106
-96
-95
-71
-47
-60
-108
-131
-141
-151
-167
-196
-141
-88
-48
35
104
170
210
221
253
270
316
364
367
335
336
327
317
306
282
266
248
230
194
164
156
150
127
55
26
13
-17
22
44
74
88
101
109
118
129
122
123
108
95
98
105
124
171
179
182
193
191
180
151
121
81
98
75
69
37
25
-6
-28
-19
-31
-6
-2
-19
-70
-90
-117
-204
-226
-231
-243
-226
-253
-276
-319
-343
-385
-444
-463
-508
-513
-495
-469
-437
-399
-378
-393
-392
-375
-354
-354
-334
-297
-260
-194
-126
-51
-35
-20
20
53
98
128
143
173
171
194
226
225
224
208
233
264
285
305
336
334
340
320
340
359
353
378
382
377
377
390
369
336
288
225
171
111
63
-8
-30
-85
-95
-92
-85
-51
-11
7
9
32
11
26
37
19
49
45
46
37
4
7
-47
-79
-100
-127
-127
-173
-177
-114
-90
-77
-6
20
9
17
25
47
91
107
133
120
110
131
115
93
68
61
17
-36
-88
-142
-198
-255
-296
-322
-322
-318
-281
-264
-223
-165
-164
-137
-134
-128
-105
-105
-121
-156
-183
-160
-165
-151
-132
-110
-118
-122
-109
-93
-67
-89
-72
-108
-135
-111
-89
-49
29
61
111
109
108
114
101
118
111
141
154
151
176
223
240
237
229
194
154
103
38
24
11
12
-2
38
46
86
155
153
163
140
127
87
66
93
62
48
59
24
14
15
14
21
40
18
3
8
7
36
38
55
73
66
36
16
7
44
75
115
130
123
110
67
11
-56
-45
-36
-19
14
36
55
45
50
17
-26
-55
-116
-153
-147
-163
-189
-157
-141
-145
-163
-165
-151
-142
-124
-108
-98
-133
-141
-157
-142
-157
-175
-153
-153
-118
-133
-131
-112
-155
-145
-155
-164
-157
-160
-113
-101
-78
-29
26
73
92
142
183
182
204
221
221
222
222
201
199
204
170
164
164
157
137
96
74
91
65
34
28
12
-11
-22
19
59
65
76
95
108
94
69
56
12
-37
-96
-137
-158
-149
-115
-72
-72
-35
-30
-25
-40
-42
-39
-37
5
30
55
74
105
124
126
103
101
98
109
113
90
68
57
42
43
64
57
95
108
122
119
112
104
95
38
52
24
-38
-82
-144
-151
-200
-225
-277
-271
-267
-270
-285
-278
-300
-316
-315
-311
-269
-237
-189
-140
-102
-74
-48
-84
-91
-88
-90
-60
-6
60
97
121
164
166
167
164
121
106
111
81
85
110
118
114
107
111
112
86
82
88
48
19
-2
-8
-14
-26
-53
-27
-6
12
49
62
89
107
107
104
91
114
144
162
171
158
134
101
82
67
32
13
6
-3
-11
-10
11
46
33
39
13
14
37
24
70
89
112
126
122
143
143
130
118
108
83
28
41
22
2
-33
-52
-63
-105
-139
-150
-159
-169
-175
-164
-156
-181
-165
-143
-155
-172
-175
-184
-197
-205
-225
-214
-203
-220
-215
-213
-210
-215
-233
-193
-188
-178
-160
-117
-50
-26
9
11
36
51
94
120
133
173
216
261
269
262
264
244
217
214
203
199
202
209
188
167
161
142
145
100
77
51
-3
-38
-74
-103
-156
-167
-177
-184
-172
-154
-148
-147
-138
-151
-172
-153
-185
-207
-157
-158
-124
-71
-24
0
2
21
-3
16
21
19
9
-4
-29
-32
-16
-31
-7
5
57
72
119
165
170
185
198
227
232
244
229
230
213
155
144
115
59
31
27
55
84
120
123
135
138
119
81
48
-3
-41
-40
-48
-40
-61
-73
-85
-118
-133
-154
-207
-216
-232
-242
-213
-221
-173
-135
-105
-102
-85
-44
-32
-11
-22
-36
-50
-47
-52
-47
-59
-27
-10
-11
-4
9
19
6
16
15
19
20
23
10
23
46
45
61
77
70
91
57
79
105
94
92
108
131
130
139
128
115
75
85
77
45
53
27
33
57
76
84
73
81
76
57
32
10
17
17
-1
29
15
15
18
0
2
-4
-22
-37
-54
-102
-111
-141
-154
-136
-151
-140
-102
-91
-72
-60
-47
-73
-99
-101
-113
-107
-122
-124
-141
-151
-144
-145
-141
-107
-80
-67
-45
-23
-5
-4
-5
-3
11
44
73
44
63
53
13
16
17
34
5
10
27
43
69
83
65
78
82
107
116
145
139
130
116
91
111
84
65
49
6
-17
-16
-21
-20
-60
-49
-70
-89
-98
-127
-128
-125
-113
-70
-52
-76
-80
-63
-64
-53
-5
23
81
95
119
90
104
123
127
152
145
212
197
204
218
191
203
184
195
178
140
130
87
64
36
37
27
48
38
23
5
6
-36
-54
-93
-138
-153
-170
-180
-205
-202
-213
-206
-198
-185
-190
-202
-185
-202
-191
-173
-162
-159
-174
-161
-151
-140
-123
-98
-104
-94
-51
-71
-70
-78
-108
-107
-103
-81
-71
-54
-5
55
96
151
185
196
231
222
240
251
242
194
201
198
176
191
159
127
92
103
88
82
76
69
72
32
29
13
-6
-39
-52
-47
-44
-60
-73
-97
-98
-102
-127
-126
-130
-109
-85
-81
-103
-80
-108
-83
-77
-19
51
75
132
157
191
187
181
164
139
104
73
63
66
49
57
63
58
53
40
37
35
5
-19
-15
-24
-18
-10
0
-23
-30
-61
-73
-84
-119
-150
-178
-203
-204
-193
-175
-148
-130
-115
-107
-103
-106
-86
-69
-93
-72
-45
-15
-21
-31
-19
12
14
3
36
41
30
2
2
-12
-24
-8
8
13
38
58
93
98
91
102
103
88
78
63
87
99
102
148
173
170
159
148
149
135
115
121
138
132
118
78
92
100
81
80
79
118
109
103
100
65
9
-14
-44
-45
-41
-33
5
32
60
83
102
75
56
-4
-33
-39
-86
-72
-61
-29
-26
-68
-93
-129
-140
-145
-123
-142
-154
-182
-196
-191
-196
-183
-187
-191
-193
-225
-222
-168
-175
-175
-151
-168
-175
-175
-180
-173
-157
-160
-160
-162
-195
-178
-207
-190
-158
-134
-98
-73
-30
0
34
74
132
144
171
184
197
211
206
195
181
174
170
175
184
217
209
184
175
187
183
201
226
197
221
192
167
130
101
112
123
131
142
124
121
112
75
70
58
43
-4
-46
-111
-115
-136
-163
-159
-152
-126
-105
-75
-59
-46
-32
-5
24
40
24
61
62
55
61
65
82
49
27
21
2
-6
-11
-2
-15
19
4
6
6
-2
-41
-57
-84
-118
-106
-118
-85
-70
-67
-82
-112
-102
-74
-58
-56
-77
-92
-117
-114
-106
-128
-127
-128
-103
-72
-51
-40
-45
6
10
9
-3
14
11
4
20
25
57
76
60
59
53
45
35
-1
7
20
2
6
16
31
47
70
71
89
85
82
121
106
115
80
47
45
43
46
72
47
24
25
18
36
3
-15
-49
-81
-81
-46
-37
-40
-35
-41
-25
-21
-36
-42
-75
-126
-116
-95
-94
-88
-78
-64
-41
2
23
42
59
44
10
25
43
22
37
54
48
42
51
47
57
79
113
142
145
115
73
76
21
-15
-19
-36
-33
-46
-35
-58
-63
-41
-52
-70
-89
-101
-107
-92
-102
-102
-88
-80
-40
-38
-29
-15
-9
16
-15
-29
-33
-52
-72
-106
-95
-97
-79
-65
-24
17
11
59
71
48
96
91
112
130
147
138
149
135
119
126
90
100
96
82
64
46
26
17
21
20
-10
-18
-39
-73
-80
-90
-68
-48
-70
-49
-51
-38
-17
10
37
41
59
114
129
128
146
136
126
115
112
86
77
60
48
38
62
72
38
34
-14
-43
-59
-48
-35
-28
-19
-36
-48
-72
-112
-107
-85
-89
-68
-68
-60
-76
-72
-64
-69
-66
-50
-56
-56
-42
-50
-49
-44
-51
-43
-36
-52
-59
-71
-83
-99
-71
-62
-41
-35
-59
-67
-67
-71
-82
-87
-105
-129
-113
-116
-117
-93
-73
-36
-41
-5
-19
-43
-52
-67
-57
-63
-43
-22
0
-8
17
65
95
96
131
172
169
191
213
247
252
255
283
262
245
220
169
161
158
143
125
72
42
-7
-42
-51
-49
-68
-75
-66
-71
-83
-114
-111
-141
-120
-101
-113
-80
-49
-31
-26
-51
-51
-82
-120
-136
-180
-166
-144
-138
-103
-60
-40
-19
45
48
36
46
53
70
68
95
112
113
135
144
158
154
159
176
178
150
153
180
169
154
150
169
159
151
130
145
141
124
106
64
31
5
-11
-22
-36
-69
-69
-103
-101
-111
-113
-104
-129
-127
-150
-188
-254
-278
-297
-285
-272
-257
-251
-247
-247
-230
-214
-203
-161
-150
-145
-141
-140
-115
-83
-58
-41
-39
-44
-46
-41
-37
-62
-65
-37
-18
-29
4
42
93
109
89
80
66
60
42
44
84
102
121
140
151
192
213
231
256
274
250
250
245
245
231
184
170
169
149
132
128
103
62
46
10
21
18
0
-8
-1
27
38
48
78
105
106
101
111
65
71
63
40
44
33
47
73
62
33
30
24
11
-21
-33
-38
-67
-93
-116
-130
-148
-166
-182
-202
-207
-221
-246
-252
-271
-263
-251
-246
-235
-228
-236
-227
-201
-201
-195
-188
-172
-176
-131
-113
-135
-104
-82
-80
-102
-78
-57
-18
10
61
97
134
139
110
103
103
116
101
124
96
75
88
84
92
110
111
109
117
94
59
63
62
38
22
32
44
35
37
36
34
66
67
51
94
120
131
166
183
190
185
148
136
110
75
67
68
69
70
74
86
129
150
154
143
119
100
69
87
81
80
68
62
33
20
1
-7
-8
-35
-68
-106
-125
-138
-115
-125
-115
-114
-115
-131
-120
-76
-62
-64
-73
-94
-128
-140
-152
-137
-134
-128
-131
-140
-132
-138
-146
-159
-154
-144
-179
-205
-216
-234
-220
-219
-240
-199
-176
-129
-96
-78
-43
-10
20
45
76
83
89
77
72
42
15
41
61
84
82
79
83
75
62
40
47
33
44
46
79
89
100
120
133
163
155
147
117
97
104
93
102
135
149
158
161
189
183
184
170
162
167
170
172
178
158
123
108
81
66
36
2
-14
-18
-45
-50
-69
-80
-113
-125
-131
-175
-188
-158
-166
-147
-120
-110
-95
-87
-91
-127
-135
-154
-152
-147
-123
-79
-61
-64
-41
-33
-22
-2
3
1
-18
-3
-20
-19
-4
32
47
28
30
69
75
45
62
80
73
63
73
71
95
84
56
76
104
97
100
104
89
75
68
52
61
64
47
22
-1
16
-7
-37
-50
-69
-92
-106
-134
-165
-176
-188
-194
-192
-183
-183
-161
-152
-146
-146
-145
-119
-115
-79
-47
-48
-64
-69
-88
-101
-75
-73
-57
-36
-20
-10
-8
-9
19
39
55
93
115
150
180
186
191
199
191
161
138
112
121
139
139
148
175
179
154
155
140
109
96
99
97
57
61
56
26
51
47
14
19
11
-5
-5
-15
-13
-22
-30
-46
-38
-44
-69
-71
-64
-58
-76
-44
-59
-80
-83
-95
-66
-68
-57
-47
-22
-19
-19
-17
-12
-16
-40
-54
-54
-70
-60
-51
-71
-60
-45
-52
-64
-42
-29
-40
-37
-34
-29
-51
-31
-20
-21
-25
-19
-2
-29
-26
-30
-41
-47
-48
-48
-67
-59
-56
-75
-57
-33
-25
-7
-10
20
22
7
16
-25
-6
33
71
103
112
121
135
149
160
171
179
190
181
217
217
188
186
135
100
67
64
41
14
33
23
25
24
13
-38
-62
-109
-134
-117
-123
-113
-107
-86
-77
-62
-66
-56
-50
-35
-49
-52
-66
-86
-91
-79
-64
-60
-37
-40
-31
-30
-30
-39
-31
-42
-30
-11
-15
-28
-28
-28
-31
-22
-31
-44
-39
-20
-32
-28
-39
-35
-10
-21
-40
-31
-17
-27
-13
-7
-17
16
22
30
31
31
35
39
47
53
50
82
91
82
83
75
78
71
76
93
61
42
35
11
2
-24
-35
-55
-68
-70
-71
-61
-86
-71
-95
-114
-102
-105
-108
-89
-107
-115
-74
-37
-1
16
29
39
37
8
7
3
30
33
55
82
90
87
71
90
96
85
79
101
141
169
203
233
243
220
191
187
153
134
137
129
102
76
19
-29
-74
-110
-132
-164
-167
-170
-180
-157
-114
-82
-95
-93
-85
-91
-89
-83
-65
-9
27
56
85
102
95
74
67
55
74
81
64
51
22
10
-25
-41
-61
-79
-96
-122
-105
-78
-79
-73
-76
-41
-37
-53
-43
-76
-99
-100
-98
-121
-115
-119
-145
-145
-132
-133
-128
-132
-135
-132
-128
-117
-76
-51
-37
-19
-4
8
14
26
48
62
56
67
88
144
130
149
166
157
162
173
192
243
242
260
275
253
264
229
229
217
214
191
145
107
60
18
-9
-15
-45
-67
-68
-65
-84
-103
-121
-119
-104
-116
-102
-88
-71
-68
-84
-56
-27
-41
-48
-31
-44
-53
-44
-72
-77
-61
-60
-47
-62
-75
-102
-85
-111
-108
-104
-117
-120
-109
-92
-97
-70
-65
-61
-86
-67
-50
-50
-48
-9
7
52
78
84
94
94
112
90
71
60
72
72
74
66
62
59
53
42
14
-2
-25
-25
-40
-40
-34
-44
-39
-49
-19
20
44
56
63
53
71
66
63
78
65
39
34
14
7
24
25
25
12
9
27
29
16
5
5
-21
-34
-31
-45
-33
-37
-33
-13
7
4
27
14
13
-3
11
18
23
36
43
36
22
16
5
-11
-25
-35
-39
-41
-60
-52
-84
-63
-39
-58
-94
-94
-119
-100
-67
-39
-13
8
24
17
-4
1
-8
-9
17
19
3
-13
-21
-26
-23
-33
-41
-20
-6
-14
-27
-37
-49
-54
-80
-95
-80
-74
-55
-51
-64
-76
-70
-80
-66
-39
-30
-1
14
42
56
40
50
72
76
81
76
90
84
78
79
49
54
38
24
20
14
-2
21
46
88
102
119
117
91
111
136
153
167
166
169
187
168
184
184
174
161
125
95
94
78
65
51
26
9
-22
-46
-83
-86
-80
-76
-73
-92
-92
-92
-84
-112
-80
-77
-76
-53
-79
-69
-60
-57
-69
-84
-92
-76
-65
-57
-54
-74
-51
-35
-57
-35
-33
-43
-54
-60
-40
3
43
27
39
36
25
19
30
29
34
18
4
-6
-44
-35
-46
-59
-100
-110
-127
-134
-118
-126
-134
-140
-97
-95
-109
-102
-96
-70
-64
-48
-23
-7
8
23
45
70
74
61
43
48
36
29
47
49
57
33
25
19
38
49
73
84
104
123
119
111
91
74
42
24
2
11
23
32
37
28
19
12
16
36
46
61
65
38
32
33
28
9
5
7
2
-8
27
47
58
73
56
41
33
47
78
125
142
140
135
118
103
91
66
40
27
2
1
-1
-27
-29
-31
-55
-99
-111
-120
-121
-101
-98
-89
-58
-46
-48
-52
-79
-109
-137
-159
-151
-165
-193
-200
-203
-198
-215
-212
-202
-212
-215
-195
-161
-147
-141
-121
-115
-75
-34
-25
-9
-6
7
7
7
25
34
56
53
77
103
135
157
163
158
148
167
183
210
229
248
233
208
202
178
138
134
130
136
134
128
125
101
80
65
23
-13
-57
-56
-53
-82
-99
-111
-116
-141
-139
-137
-108
-105
-98
-79
-68
-36
-12
11
9
8
16
12
20
8
8
6
22
40
30
38
35
32
15
-17
-26
-24
-35
-32
-22
-13
-22
-19
-19
-16
14
14
23
0
0
7
-5
-14
14
28
44
59
40
60
66
70
52
40
25
-4
-16
-25
-32
-44
-38
-28
-20
-20
-27
-28
-19
-8
4
34
51
60
52
48
78
82
92
113
117
91
79
74
43
28
4
-5
-37
-53
-64
-94
-96
-108
-115
-114
-116
-118
-114
-123
-106
-102
-117
-97
-81
-79
-54
-41
-52
-52
-45
-48
-36
-17
8
17
13
18
42
55
51
66
79
84
79
88
92
101
110
104
113
92
68
43
16
8
2
-10
-7
10
4
-1
-4
7
19
36
31
29
41
29
20
26
38
28
13
-3
-23
-31
-42
-48
-37
-47
-28
-42
-40
-35
-65
-65
-55
-48
-52
-52
-34
-20
-19
-51
-44
-50
-50
-55
-88
-81
-82
-65
-45
-35
-40
-41
-43
-26
-31
-28
-17
-15
-5
-11
-21
-25
-18
-12
-28
-38
-44
-38
-42
-60
-70
-61
-62
-50
-35
-40
-18
-3
7
24
43
54
60
56
59
70
90
85
93
114
101
114
115
133
145
143
168
139
145
134
138
132
124
138
122
126
108
76
63
51
33
22
29
43
49
54
58
60
67
69
59
41
25
13
-6
-18
-35
-43
-43
-55
-42
-59
-47
-40
-47
-65
-73
-66
-80
-94
-121
-125
-120
-99
-115
-118
-106
-96
-100
-87
-76
-76
-73
-91
-95
-94
-83
-81
-71
-82
-101
-99
-120
-112
-120
-137
-156
-162
-158
-158
-142
-122
-121
-127
-131
-119
-88
-96
-89
-75
-50
-36
-23
-7
10
23
32
51
64
80
80
101
104
91
100
89
85
87
71
62
85
97
72
73
89
89
88
105
108
139
163
172
187
183
184
203
205
188
196
190
176
163
162
167
153
160
151
150
142
130
124
124
121
122
100
86
70
39
29
15
13
6
11
-5
-20
-45
-50
-58
-75
-81
-84
-88
-108
-123
-149
-163
-173
-171
-153
-161
-162
-148
-168
-157
-155
-159
-140
-143
-137
-130
-134
-124
-120
-108
-103
-96
-87
-75
-78
-74
-70
-73
-59
-53
-50
-49
-43
-34
-2
16
25
35
46
48
38
43
55
35
28
45
33
36
39
17
7
17
30
31
37
36
39
37
41
33
35
52
54
39
35
21
16
9
-18
-25
-38
-45
-33
-21
-19
-26
-39
-48
-66
-68
-51
-29
-20
-18
-10
-10
-19
-41
-51
-41
-30
-6
4
35
55
55
50
62
59
56
62
70
72
64
73
64
65
54
41
37
20
8
1
-13
-17
-12
-7
-9
-1
-9
-17
-42
-47
-30
-12
18
32
53
57
54
55
66
55
55
64
70
83
97
105
118
104
98
86
58
56
38
24
15
15
17
-5
-2
9
-2
5
-9
-9
-11
-8
-8
-12
-24
-17
-28
-57
-72
-84
-97
-105
-109
-101
-89
-88
-92
-105
-107
-121
-123
-129
-128
-112
-83
-79
-83
-78
-91
-97
-80
-48
-16
18
30
37
53
75
97
112
127
120
136
123
103
95
91
65
64
69
58
48
43
38
39
55
51
53
45
42
39
27
16
25
8
1
-19
-35
-39
-68
-70
-77
-85
-92
-93
-97
-93
-88
-90
-87
-79
-83
-93
-104
-113
-125
-118
-108
-93
-88
-68
-45
-46
-27
-37
-16
-11
0
10
12
32
45
54
55
66
66
57
39
61
59
59
66
61
60
54
47
29
36
39
28
31
35
50
65
64
77
72
48
26
16
3
8
15
28
32
34
24
24
0
-21
-31
-22
-10
-13
-1
24
20
32
40
37
43
41
58
75
89
85
83
86
52
56
53
41
38
29
47
33
31
46
47
49
60
55
42
43
32
37
21
8
-9
-23
-18
-38
-38
-43
-50
-54
-69
-72
-71
-70
-79
-88
-100
-93
-93
-88
-70
-49
-51
-58
-57
-64
-63
-66
-77
-83
-90
-83
-79
-66
-37
-43
-33
-13
-16
-6
-8
-22
-14
-19
-15
-21
-29
-42
-63
-55
-47
-41
-42
-34
-11
-8
0
-3
0
10
0
12
14
23
32
22
18
2
-11
-5
-6
-4
-5
-11
-26
-31
-46
-48
-36
-38
-28
-25
-24
-14
-5
11
14
15
30
26
31
46
40
57
56
56
67
75
75
85
94
109
116
116
115
90
77
74
85
72
73
73
73
71
69
67
50
45
38
14
28
27
40
55
43
37
25
12
-8
-12
-25
-25
-19
-26
-44
-50
-62
-74
-60
-74
-61
-43
-32
-21
0
2
6
26
17
6
2
-8
-26
-37
-42
-39
-32
-29
-31
-25
-26
-23
-20
-13
-8
0
-14
-12
-11
1
23
17
32
34
28
26
19
17
9
5
0
-3
-21
-32
-41
-37
-38
-55
-53
-59
-58
-60
-60
-49
-41
-52
-61
-59
-47
-44
-49
-57
-62
-68
-72
-64
-60
-49
-49
-35
-23
-16
-4
-5
3
16
23
23
24
25
21
12
10
31
42
40
68
53
44
49
34
29
22
28
35
33
24
37
44
52
59
48
39
34
34
33
31
33
41
43
36
25
15
12
22
16
10
22
18
1
-2
-6
-5
-5
3
-4
3
-3
-4
-8
-9
-5
-16
-7
-10
-8
-12
-16
-20
-28
-45
-33
-40
-48
-61
-67
-66
-67
-57
-57
-49
-32
-22
-11
-2
9
21
19
19
15
12
6
7
2
10
21
43
47
58
56
47
43
35
34
32
37
45
36
43
51
46
55
45
35
27
27
18
11
4
16
18
5
-5
-6
-7
-8
0
-1
13
18
11
7
-9
-22
-17
-31
-35
-34
-41
-37
-44
-62
-63
-54
-55
-66
-73
-71
-59
-57
-60
-51
-32
-33
-26
-24
-15
-5
-4
-7
-21
-21
-16
-9
-9
-13
-12
-3
0
0
3
-11
-17
-22
-25
-9
1
28
37
41
54
74
90
76
80
98
100
101
98
97
94
83
68
59
40
20
23
16
12
5
12
2
7
2
-11
-9
-9
15
8
5
-9
-31
-40
-48
-52
-74
-71
-87
-88
-88
-88
-69
-67
-56
-53
-42
-46
-40
-35
-39
-28
-13
-21
-21
-19
-20
-12
-17
-8
-9
-3
2
3
-2
-5
3
5
14
26
32
34
41
42
56
65
81
67
62
56
46
52
60
78
78
72
69
65
56
47
49
39
25
21
17
25
11
-8
-20
-28
-28
-38
-48
-56
-59
-74
-77
-79
-69
-62
-60
-56
-52
-53
-48
-41
-46
-37
-45
-40
-40
-31
-31
-36
-34
-42
-32
-42
-44
-46
-52
-62
-65
-50
-45
-44
-35
-26
-13
-12
-8
-7
-4
7
-4
9
23
24
27
26
40
34
45
42
44
24
20
35
41
43
38
42
40
39
34
38
44
53
57
66
70
74
78
81
92
97
103
106
97
86
85
81
71
71
68
61
44
33
16
-4
-3
-17
-11
7
10
14
17
26
21
6
5
-2
-15
-37
-51
-58
-80
-92
-100
-101
-106
-112
-119
-113
-112
-108
-108
-109
-108
-103
-105
-95
-85
-82
-62
-45
-33
-28
-17
-1
-5
-13
-10
-6
7
7
18
32
31
40
40
38
45
53
47
45
53
62
58
55
65
56
55
64
59
56
54
43
37
20
14
18
21
20
11
3
3
-1
-2
-9
-14
-11
-13
-13
-13
-18
-7
-7
-15
-20
-27
-35
-51
-56
-59
-62
-56
-52
-46
-45
-46
-33
-22
-20
-12
-6
-2
-8
-13
-19
-20
-16
-24
-17
-13
9
20
21
27
28
25
24
17
18
18
26
28
27
19
12
14
19
23
25
24
25
43
34
26
30
15
9
6
2
9
16
19
13
15
21
20
9
4
2
5
10
10
11
27
35
41
43
49
58
61
66
65
54
38
37
34
19
12
10
13
8
0
8
-9
-24
-26
-33
-36
-40
-54
-82
-85
-88
-91
-86
-92
