-28
-34
-16
-18
-21
-22
-26
-19
-19
-19
-14
2
-6
1
0
5
1
12
14
9
27
36
41
34
32
29
29
29
24
21
25
18
16
14
5
12
6
6
11
11
22
17
18
24
25
13
0
13
17
23
22
12
12
15
3
7
13
15
12
15
16
9
2
3
3
-1
-3
-4
-7
-19
-18
-26
-29
-35
-29
-15
-28
-26
-22
-23
-28
-25
-28
-37
-25
-22
-25
-27
-24
-23
-20
-21
-19
-20
-12
-15
-14
-8
-18
-13
-8
-3
-1
-1
-5
-6
5
2
-3
3
4
7
4
9
13
21
27
32
24
28
18
26
18
22
31
22
32
23
18
27
28
24
26
30
22
11
12
16
18
9
10
16
12
16
13
13
7
0
-2
0
-7
-12
-9
-10
-11
-15
-18
-26
-17
-28
-22
-28
-20
-15
-28
-21
-17
-16
-28
-15
-16
-20
-14
-4
-6
-9
-8
-1
2
-4
-5
-2
-3
-5
4
-2
-4
-3
2
3
4
13
19
14
13
13
10
12
20
16
16
25
23
32
27
25
31
29
25
17
19
14
8
11
3
1
3
-2
-1
-7
-13
-10
-11
-18
-29
-24
-28
-25
-27
-32
-32
-34
-26
-30
-30
-25
-19
-23
-22
-18
-13
-17
-18
-15
-15
-15
-12
-13
-4
2
0
-5
-3
-2
-4
3
3
10
10
8
9
13
19
12
13
19
23
22
16
24
30
26
31
37
30
33
17
14
17
15
14
17
17
11
6
2
4
2
0
-11
-7
-1
-9
-16
-16
-11
-18
-19
-19
-21
-25
-30
-24
-24
-21
-25
-25
-32
-33
-26
-21
-18
-19
-16
-13
-15
-27
-19
-21
-15
-9
-11
-12
-11
-8
-16
-14
-7
-3
-5
-10
1
11
12
4
12
23
21
22
28
29
16
21
29
35
30
21
28
24
31
32
34
29
21
37
30
35
33
30
47
35
37
46
29
27
31
34
38
46
50
48
49
44
44
33
24
16
13
7
5
0
-11
-6
-18
-29
-38
-44
-46
-49
-49
-55
-58
-56
-56
-56
-55
-52
-48
-49
-54
-38
-37
-40
-32
-30
-35
-33
-28
-26
-19
-26
-29
-23
-26
-28
-19
-18
-18
-14
-14
-10
-10
-6
-8
-3
-1
-7
-1
-7
-4
-10
-11
-5
3
3
5
11
11
12
12
10
14
12
12
23
33
28
27
28
28
33
30
37
39
40
35
33
33
36
22
25
24
28
13
6
-1
5
7
-14
-10
-20
-4
-14
-17
-1
5
-1
-1
11
5
8
19
19
34
38
45
51
61
66
60
63
49
39
37
40
34
21
12
5
-5
-25
-33
-56
-76
-77
-83
-96
-101
-107
-115
-125
-132
-129
-132
-136
-130
-125
-134
-131
-119
-111
-105
-96
-76
-68
-58
-42
-29
-12
-10
6
34
48
66
83
106
127
139
154
170
184
192
196
203
209
207
207
205
208
209
201
192
181
173
161
138
116
110
92
70
54
36
20
-6
-24
-43
-60
-78
-103
-112
-125
-135
-154
-168
-176
-191
-205
-215
-231
-249
-261
-277
-284
-290
-300
-296
-293
-295
-284
-282
-267
-253
-226
-205
-171
-133
-100
-71
-38
6
29
64
98
145
175
210
244
258
285
326
347
366
397
419
452
459
456
450
447
439
418
410
385
359
326
269
248
216
180
151
117
81
41
10
-28
-69
-103
-148
-186
-226
-253
-294
-316
-348
-391
-418
-451
-496
-535
-576
-610
-649
-657
-678
-697
-701
-702
-662
-640
-606
-555
-508
-424
-354
-289
-192
-108
-20
56
133
207
296
365
433
505
578
639
677
720
756
780
775
783
806
798
770
746
740
734
690
662
624
577
525
453
387
332
275
183
153
115
60
23
-9
-42
-62
-68
-102
-92
-133
-138
-148
-196
-219
-245
-281
-303
-335
-366
-391
-430
-457
-480
-501
-542
-559
-600
-636
-674
-725
-752
-799
-867
-917
-955
-1012
-1061
-1088
-1142
-1138
-1159
-1119
-1079
-1007
-892
-815
-683
-561
-400
-245
-74
125
318
494
694
872
1039
1201
1338
1446
1543
1611
1675
1709
1753
1800
1834
1855
1860
1876
1870
1830
1777
1730
1631
1529
1423
1292
1160
986
803
655
498
319
116
-5
-185
-375
-522
-665
-810
-936
-1049
-1155
-1209
-1271
-1294
-1335
-1390
-1403
-1450
-1491
-1519
-1541
-1558
-1580
-1592
-1663
-1712
-1731
-1770
-1835
-1862
-1928
-1939
-1954
-2001
-2011
-1972
-1882
-1734
-1586
-1414
-1205
-937
-660
-388
-84
251
575
884
1203
1507
1794
2026
2256
2387
2583
2676
2757
2790
2737
2692
2604
2531
2401
2300
2173
2057
1895
1756
1672
1521
1365
1218
1105
927
758
576
445
304
97
-51
-261
-404
-557
-717
-859
-1008
-1118
-1209
-1314
-1443
-1495
-1549
-1596
-1634
-1654
-1680
-1698
-1673
-1686
-1662
-1622
-1565
-1505
-1424
-1328
-1249
-1130
-1063
-927
-903
-859
-818
-813
-823
-920
-933
-1058
-1101
-1191
-1280
-1395
-1434
-1419
-1443
-1374
-1345
-1140
-962
-704
-391
-104
298
604
1023
1380
1730
2065
2345
2615
2808
2962
3035
3092
3106
3022
2942
2850
2782
2662
2534
2391
2251
2136
1971
1866
1765
1615
1435
1260
1083
848
630
392
138
-77
-331
-566
-801
-972
-1142
-1353
-1510
-1627
-1690
-1799
-1853
-1885
-1904
-1889
-1925
-1932
-1933
-1975
-1996
-1988
-1957
-1932
-1885
-1823
-1743
-1657
-1532
-1368
-1174
-975
-796
-578
-424
-262
-193
-159
-138
-140
-219
-334
-476
-628
-732
-868
-1042
-1176
-1193
-1230
-1252
-1180
-1043
-818
-568
-272
21
367
750
1115
1506
1810
2105
2350
2560
2717
2795
2821
2825
2884
2802
2746
2637
2566
2445
2295
2150
2021
1940
1793
1644
1496
1363
1133
941
688
433
144
-170
-467
-794
-1046
-1305
-1535
-1702
-1812
-1874
-1886
-1827
-1776
-1679
-1546
-1448
-1317
-1196
-1114
-1015
-929
-911
-848
-799
-781
-730
-717
-656
-639
-588
-544
-445
-320
-186
-41
98
242
330
395
430
417
337
259
55
-113
-412
-707
-1033
-1306
-1559
-1829
-2044
-2212
-2283
-2285
-2210
-2097
-1892
-1624
-1378
-1063
-741
-442
-97
215
523
782
1047
1215
1445
1616
1749
1917
2048
2188
2268
2381
2436
2540
2613
2593
2582
2510
2471
2338
2220
2034
1787
1492
1160
859
545
268
-18
-265
-487
-671
-813
-915
-929
-913
-835
-774
-628
-476
-393
-298
-206
-131
-115
-101
-76
-81
-105
-106
-141
-150
-151
-156
-154
-165
-152
-95
-94
-51
-40
-40
-31
-45
-64
-110
-174
-285
-411
-641
-860
-1117
-1375
-1631
-1924
-2171
-2422
-2587
-2739
-2885
-3013
-3062
-3042
-2973
-2851
-2725
-2493
-2290
-2016
-1723
-1472
-1133
-810
-447
-78
290
666
1050
1452
1785
2124
2448
2723
3007
3215
3377
3454
3533
3578
3557
3476
3387
3220
2990
2742
2492
2257
1913
1688
1370
1139
865
650
447
263
135
-17
-81
-146
-104
-96
-63
-13
1
54
70
84
91
66
15
-89
-157
-274
-380
-535
-659
-797
-926
-1023
-1154
-1244
-1366
-1422
-1438
-1457
-1456
-1418
-1355
-1309
-1287
-1284
-1265
-1310
-1353
-1507
-1670
-1850
-2061
-2239
-2501
-2710
-2966
-3079
-3219
-3340
-3399
-3408
-3272
-3168
-2962
-2717
-2430
-2076
-1707
-1282
-833
-339
161
661
1156
1609
2074
2503
2947
3317
3633
3900
4165
4394
4538
4617
4700
4768
4798
4724
4596
4443
4297
4005
3609
3350
2898
2596
2085
1785
1393
1011
713
323
91
-256
-349
-667
-762
-882
-991
-1062
-1157
-1088
-1217
-1240
-1318
-1397
-1493
-1646
-1730
-2015
-2102
-2270
-2408
-2494
-2562
-2631
-2737
-2664
-2606
-2589
-2470
-2323
-2194
-2066
-1926
-1733
-1626
-1476
-1358
-1189
-1131
-1057
-1024
-1065
-1158
-1288
-1394
-1507
-1734
-1941
-2110
-2147
-2225
-2306
-2279
-2212
-2069
-1948
-1725
-1566
-1274
-998
-678
-368
-69
327
700
1098
1501
1924
2359
2787
3243
3612
3950
4244
4535
4797
4918
5024
5003
5011
4901
4737
4524
4284
4037
3692
3350
2995
2648
2287
1918
1568
1264
984
665
381
134
-127
-392
-682
-917
-1151
-1381
-1600
-1792
-1975
-2142
-2329
-2518
-2693
-2841
-2985
-3101
-3192
-3240
-3253
-3237
-3206
-3165
-3077
-2998
-2878
-2762
-2584
-2411
-2180
-1926
-1716
-1451
-1260
-1049
-893
-731
-612
-507
-452
-401
-411
-494
-537
-645
-759
-987
-1114
-1297
-1388
-1514
-1645
-1719
-1778
-1740
-1675
-1572
-1460
-1221
-919
-636
-286
73
493
906
1346
1794
2213
2652
3068
3473
3808
4160
4439
4711
4898
5008
5042
5019
4967
4840
4636
4401
4134
3835
3531
3186
2823
2411
2011
1576
1174
791
392
20
-346
-690
-959
-1260
-1504
-1731
-1921
-2118
-2295
-2462
-2612
-2721
-2893
-3075
-3233
-3387
-3547
-3688
-3777
-3831
-3860
-3788
-3692
-3545
-3357
-3115
-2850
-2563
-2235
-1874
-1481
-1162
-796
-434
-186
37
211
383
467
548
568
553
451
324
189
7
-115
-361
-505
-678
-797
-913
-1006
-1071
-1112
-1058
-1024
-963
-906
-736
-537
-355
-133
59
408
742
1079
1456
1805
2232
2607
3037
3375
3713
3989
4254
4478
4550
4586
4550
4485
4370
4143
3906
3633
3325
3013
2566
2157
1677
1246
730
262
-165
-653
-1023
-1421
-1747
-2073
-2282
-2512
-2669
-2754
-2833
-2835
-2856
-2751
-2676
-2647
-2557
-2452
-2322
-2266
-2134
-2050
-1943
-1816
-1647
-1459
-1252
-985
-810
-582
-367
-156
-22
174
318
389
414
450
485
422
341
302
235
143
2
-122
-356
-603
-784
-1069
-1237
-1551
-1748
-1984
-2149
-2326
-2547
-2650
-2829
-2853
-2902
-2873
-2842
-2740
-2481
-2278
-1956
-1611
-1148
-630
-90
553
1131
1785
2387
3029
3545
3997
4416
4741
5062
5204
5240
5209
5198
5055
4800
4527
4202
3879
3527
3182
2804
2436
2108
1748
1434
1046
744
420
63
-254
-600
-890
-1216
-1486
-1779
-2017
-2231
-2432
-2548
-2632
-2689
-2758
-2728
-2694
-2612
-2528
-2441
-2299
-2176
-2012
-1876
-1698
-1582
-1469
-1319
-1175
-1061
-945
-803
-723
-625
-541
-426
-335
-253
-214
-177
-161
-138
-144
-177
-266
-473
-606
-898
-1090
-1456
-1758
-2058
-2332
-2519
-2819
-2936
-3102
-3077
-3042
-2958
-2804
-2602
-2230
-1889
-1471
-1057
-563
-23
446
1001
1468
2022
2467
2982
3442
3840
4236
4560
4915
5079
5247
5312
5383
5379
5279
5103
4922
4690
4431
4059
3622
3248
2745
2299
1692
1267
726
241
-173
-652
-1049
-1441
-1653
-1982
-2171
-2375
-2523
-2618
-2746
-2722
-2797
-2798
-2788
-2781
-2760
-2807
-2777
-2805
-2743
-2761
-2693
-2632
-2493
-2361
-2274
-2050
-1875
-1748
-1633
-1421
-1247
-1124
-921
-691
-548
-470
-307
-180
-155
-63
-96
-91
-261
-373
-536
-743
-895
-1206
-1329
-1582
-1608
-1817
-1893
-1947
-1979
-1863
-1852
-1729
-1719
-1466
-1210
-980
-679
-362
111
472
963
1464
1983
2493
3008
3579
4027
4531
4921
5346
5608
5743
5817
5799
5705
5471
5130
4712
4280
3779
3287
2775
2202
1697
1169
702
195
-237
-610
-991
-1330
-1673
-1874
-2110
-2308
-2550
-2741
-2903
-3116
-3226
-3345
-3423
-3509
-3566
-3539
-3535
-3459
-3371
-3184
-2950
-2661
-2333
-1995
-1677
-1404
-1065
-808
-599
-478
-323
-194
-147
-88
-20
63
85
94
113
132
135
138
127
116
24
-128
-229
-434
-584
-860
-1068
-1284
-1538
-1667
-1936
-2117
-2333
-2399
-2465
-2483
-2395
-2250
-1943
-1642
-1242
-800
-279
330
908
1571
2178
2785
3348
3866
4347
4718
5047
5314
5481
5497
5451
5319
5147
4932
4618
4274
3897
3507
3106
2678
2197
1727
1264
795
321
-184
-628
-1105
-1555
-1975
-2306
-2619
-2935
-3171
-3357
-3490
-3576
-3584
-3533
-3459
-3338
-3177
-2955
-2758
-2545
-2384
-2202
-1983
-1813
-1599
-1404
-1182
-1026
-843
-662
-528
-407
-295
-165
-33
133
247
415
499
591
677
721
780
737
739
623
492
247
27
-296
-593
-923
-1283
-1541
-1882
-2077
-2314
-2511
-2670
-2724
-2703
-2675
-2610
-2465
-2170
-1870
-1526
-1132
-724
-184
298
871
1426
1986
2526
3048
3564
3959
4356
4629
4888
4970
5000
4943
4836
4694
4411
4087
3708
3333
2921
2506
2053
1583
1165
739
355
-26
-335
-623
-876
-1062
-1216
-1324
-1438
-1528
-1609
-1622
-1660
-1664
-1652
-1633
-1644
-1689
-1708
-1740
-1754
-1790
-1809
-1825
-1836
-1803
-1733
-1670
-1559
-1420
-1263
-1069
-984
-843
-763
-682
-655
-641
-586
-620
-640
-679
-695
-729
-746
-765
-861
-890
-1080
-1123
-1378
-1531
-1724
-1972
-2073
-2322
-2314
-2505
-2590
-2682
-2637
-2557
-2478
-2329
-2156
-1840
-1552
-1170
-797
-370
182
668
1247
1812
2367
2923
3440
3928
4321
4693
4945
5223
5346
5401
5364
5305
5210
4992
4723
4375
4049
3688
3258
2854
2415
1987
1544
1168
773
428
91
-236
-508
-811
-1046
-1294
-1500
-1655
-1737
-1835
-1932
-1975
-2081
-2136
-2198
-2231
-2251
-2359
-2417
-2452
-2469
-2472
-2445
-2410
-2348
-2295
-2256
-2130
-2007
-1944
-1901
-1830
-1764
-1715
-1618
-1512
-1447
-1388
-1266
-1151
-1016
-972
-919
-869
-881
-962
-1049
-1117
-1262
-1301
-1502
-1535
-1663
-1747
-1811
-1904
-1931
-1958
-1838
-1770
-1623
-1526
-1284
-951
-621
-217
176
658
1165
1673
2229
2718
3245
3714
4207
4583
4912
5196
5416
5552
5527
5471
5318
5183
4911
4614
4256
3857
3446
3021
2606
2125
1681
1218
804
383
-69
-449
-820
-1159
-1501
-1769
-1977
-2194
-2381
-2514
-2553
-2659
-2715
-2750
-2751
-2733
-2736
-2720
-2701
-2687
-2700
-2677
-2615
-2526
-2418
-2298
-2160
-2010
-1871
-1730
-1627
-1533
-1473
-1352
-1237
-1135
-985
-793
-615
-513
-366
-235
-113
-65
28
96
79
-99
-188
-425
-593
-894
-1147
-1331
-1538
-1566
-1754
-1801
-1867
-1793
-1732
-1629
-1538
-1400
-1116
-864
-582
-240
139
624
1071
1616
2098
2598
3067
3540
3988
4293
4656
4875
5102
5186
5246
5181
5058
4913
4686
4373
4004
3595
3196
2775
2277
1846
1369
932
481
28
-383
-808
-1178
-1533
-1831
-2092
-2341
-2589
-2789
-2849
-2905
-2945
-2959
-2928
-2922
-2905
-2874
-2806
-2801
-2763
-2702
-2618
-2487
-2378
-2189
-2005
-1793
-1628
-1440
-1245
-1072
-930
-759
-555
-387
-232
-68
74
159
284
397
434
409
364
266
211
84
-156
-322
-599
-749
-1018
-1225
-1431
-1604
-1707
-1883
-1954
-2081
-2052
-2068
-2030
-2009
-1846
-1624
-1425
-1163
-921
-536
-106
349
879
1368
1915
2428
2984
3509
4002
4449
4812
5148
5287
5419
5407
5406
5253
5036
4742
4416
4044
3652
3224
2754
2216
1765
1309
782
354
-175
-508
-1003
-1348
-1710
-1986
-2295
-2509
-2662
-2815
-2861
-2968
-2924
-2970
-2940
-2890
-2847
-2786
-2725
-2618
-2521
-2427
-2259
-2067
-1836
-1656
-1447
-1298
-1097
-1022
-933
-854
-777
-694
-660
-593
-585
-576
-533
-458
-411
-427
-354
-339
-307
-247
-240
-340
-458
-599
-744
-872
-1180
-1321
-1549
-1674
-1799
-1956
-2034
-2093
-2103
-2127
-2053
-1934
-1682
-1378
-1037
-646
-228
329
926
1510
2077
2647
3259
3756
4281
4702
5072
5352
5579
5666
5613
5516
5324
5131
4804
4434
4049
3592
3178
2686
2225
1732
1292
851
424
28
-394
-719
-1114
-1433
-1802
-2106
-2406
-2703
-2925
-3133
-3287
-3429
-3509
-3562
-3639
-3635
-3619
-3548
-3446
-3300
-3127
-2920
-2682
-2489
-2264
-2023
-1775
-1584
-1363
-1169
-1001
-817
-654
-466
-351
-177
-56
129
260
333
453
527
621
628
643
582
530
350
197
-6
-254
-426
-739
-914
-1159
-1330
-1435
-1561
-1617
-1673
-1574
-1500
-1418
-1245
-955
-642
-312
88
433
955
1410
1910
2432
2886
3329
3780
4224
4490
4775
4939
5070
5113
5003
4850
4657
4395
4033
3695
3265
2849
2423
1972
1443
934
461
-47
-481
-925
-1350
-1688
-2008
-2303
-2553
-2786
-2989
-3115
-3244
-3316
-3364
-3399
-3420
-3409
-3405
-3352
-3260
-3199
-3087
-2932
-2743
-2554
-2297
-2105
-1900
-1623
-1425
-1233
-966
-749
-550
-369
-212
-88
60
187
321
385
503
575
593
646
667
646
664
610
541
371
230
85
-73
-205
-444
-558
-789
-842
-935
-1016
-1107
-1063
-993
-1018
-926
-831
-627
-380
-115
129
461
921
1301
1795
2267
2661
3118
3511
3884
4167
4362
4476
4588
4517
4409
4230
4054
3814
3475
3076
2657
2204
1766
1300
796
284
-186
-608
-1044
-1418
-1710
-1932
-2156
-2345
-2505
-2599
-2660
-2728
-2786
-2789
-2852
-2836
-2793
-2764
-2730
-2726
-2681
-2563
-2444
-2381
-2236
-2055
-1934
-1782
-1634
-1436
-1233
-1084
-908
-708
-532
-404
-222
-104
80
207
356
459
564
616
702
775
793
787
785
743
651
530
447
340
136
30
-176
-243
-498
-561
-692
-777
-836
-856
-788
-760
-671
-614
-399
-246
21
298
546
971
1322
1680
2001
2312
2668
2960
3300
3467
3663
3737
3825
3757
3586
3462
3209
3003
2629
2285
1887
1459
1094
674
269
-182
-551
-923
-1250
-1533
-1825
-1985
-2123
-2233
-2353
-2381
-2349
-2371
-2378
-2406
-2398
-2431
-2412
-2375
-2323
-2280
-2208
-2164
-2098
-1952
-1864
-1669
-1470
-1307
-1084
-851
-648
-439
-201
34
237
382
520
705
809
870
935
948
962
969
975
990
933
846
815
754
707
589
451
297
47
-56
-312
-439
-689
-865
-956
-1148
-1275
-1422
-1423
-1485
-1473
-1476
-1308
-1104
-899
-610
-367
16
467
876
1333
1714
2103
2509
2909
3170
3396
3549
3643
3704
3633
3508
3332
3121
2780
2453
2070
1687
1261
881
468
66
-321
-697
-1047
-1336
-1607
-1790
-1925
-2016
-2095
-2113
-2077
-2048
-2021
-1969
-1871
-1827
-1747
-1665
-1584
-1526
-1458
-1393
-1302
-1217
-1111
-1027
-896
-814
-703
-578
-435
-317
-152
5
136
313
438
561
677
733
795
823
814
801
734
697
579
498
364
237
94
-31
-197
-405
-528
-714
-765
-985
-1054
-1194
-1250
-1276
-1392
-1402
-1462
-1364
-1389
-1339
-1278
-1138
-944
-827
-573
-323
56
492
869
1323
1721
2139
2524
2912
3193
3481
3634
3740
3788
3694
3597
3294
3001
2597
2180
1693
1242
814
368
15
-332
-677
-922
-1102
-1293
-1427
-1498
-1577
-1567
-1591
-1622
-1635
-1652
-1691
-1725
-1707
-1784
-1783
-1808
-1778
-1774
-1773
-1727
-1608
-1475
-1384
-1197
-1039
-852
-643
-390
-184
0
214
378
534
674
766
871
949
993
1068
1067
1047
1023
980
946
908
896
856
832
787
746
654
558
506
331
257
48
-167
-381
-598
-751
-1017
-1207
-1416
-1530
-1670
-1750
-1844
-1814
-1665
-1524
-1305
-1062
-723
-357
-16
382
733
1122
1456
1766
2028
2210
2307
2333
2365
2249
2124
1907
1675
1395
1150
856
601
343
142
-51
-243
-389
-532
-630
-700
-804
-856
-869
-882
-867
-881
-908
-946
-974
-1003
-1004
-1066
-1037
-1060
-1044
-991
-978
-871
-791
-696
-554
-447
-319
-177
-28
148
312
489
658
819
1000
1145
1252
1382
1463
1534
1554
1598
1611
1546
1461
1365
1315
1193
1067
904
778
636
469
298
64
-126
-351
-550
-818
-1000
-1266
-1482
-1663
-1926
-2162
-2331
-2469
-2598
-2664
-2714
-2664
-2593
-2460
-2246
-2027
-1751
-1429
-1066
-685
-293
134
546
934
1252
1471
1630
1814
1858
1838
1800
1643
1573
1438
1312
1144
1034
896
798
735
597
613
569
563
557
538
545
548
554
474
426
367
236
136
-13
-119
-274
-404
-506
-540
-546
-542
-453
-362
-240
-129
53
158
349
499
647
851
961
1051
1146
1228
1227
1201
1184
1084
991
832
674
540
346
203
99
0
-118
-159
-233
-297
-423
-472
-575
-740
-872
-1094
-1176
-1459
-1665
-1916
-2168
-2374
-2639
-2844
-3057
-3124
-3246
-3260
-3257
-3177
-2949
-2715
-2348
-2014
-1565
-1052
-585
-32
410
918
1300
1677
1975
2192
2331
2391
2485
2390
2359
2233
2178
2140
2064
2031
1939
1941
1939
1959
1931
1911
1878
1802
1723
1562
1445
1256
1062
815
564
310
41
-195
-487
-677
-853
-972
-1046
-1031
-1011
-986
-891
-762
-572
-446
-286
-144
-15
86
181
288
301
342
379
424
395
390
366
315
279
210
166
121
-7
-86
-154
-227
-290
-344
-407
-467
-529
-601
-657
-840
-958
-1124
-1220
-1373
-1574
-1693
-1899
-2006
-2185
-2355
-2521
-2624
-2697
-2732
-2701
-2647
-2438
-2215
-1953
-1625
-1316
-872
-475
-23
385
804
1161
1486
1811
2029
2220
2274
2360
2369
2323
2245
2170
2097
1996
1894
1798
1748
1731
1718
1695
1673
1652
1629
1591
1491
1380
1229
1037
823
567
352
146
-103
-350
-526
-679
-774
-825
-825
-773
-718
-595
-446
-252
-56
86
256
366
458
537
621
675
667
688
673
634
551
462
370
287
205
127
45
-8
-92
-155
-233
-286
-358
-388
-453
-555
-643
-763
-852
-1106
-1261
-1512
-1667
-1942
-2192
-2390
-2629
-2754
-2951
-3074
-3240
-3282
-3337
-3332
-3275
-3190
-2966
-2721
-2421
-2116
-1707
-1232
-802
-298
122
588
962
1366
1734
2001
2254
2403
2599
2683
2813
2846
2918
2962
2979
2990
2968
2965
2969
2917
2845
2736
2670
2568
2432
2276
2063
1888
1636
1403
1139
906
630
380
173
-20
-138
-245
-275
-287
-258
-230
-191
-114
-54
34
3
-12
-21
-95
-149
-273
-397
-534
-643
-751
-821
-886
-926
-960
-969
-995
-1008
-1040
-1026
-1026
-1017
-1036
-1096
-1111
-1161
-1191
-1236
-1292
-1380
-1449
-1533
-1676
-1774
-1927
-2020
-2196
-2367
-2531
-2647
-2714
-2847
-2882
-2959
-2931
-2864
-2749
-2597
-2420
-2155
-1892
-1575
-1261
-859
-417
17
444
870
1301
1698
2140
2497
2791
3016
3226
3434
3532
3618
3592
3638
3603
3592
3587
3495
3477
3383
3360
3211
3113
2980
2837
2705
2501
2343
2064
1852
1552
1307
1066
817
600
362
183
-23
-168
-316
-352
-399
-502
-535
-597
-635
-741
-828
-955
-1043
-1159
-1308
-1376
-1495
-1575
-1654
-1702
-1736
-1741
-1739
-1705
-1673
-1660
-1581
-1532
-1515
-1497
-1490
-1481
-1535
-1581
-1626
-1646
-1653
-1707
-1731
-1720
-1785
-1823
-1866
-1945
-2030
-2150
-2208
-2259
-2332
-2373
-2419
-2487
-2493
-2470
-2387
-2262
-2097
-1829
-1548
-1209
-821
-422
-7
433
840
1296
1730
2141
2530
2925
3242
3518
3743
3922
4045
4068
4054
4035
4024
3967
3855
3758
3610
3487
3330
3185
2973
2770
2591
2377
2160
1896
1673
1395
1141
838
568
342
56
-152
-352
-536
-719
-858
-928
-1001
-1079
-1125
-1129
-1202
-1274
-1329
-1383
-1446
-1495
-1545
-1578
-1576
-1602
-1590
-1524
-1482
-1439
-1392
-1321
-1252
-1175
-1099
-1020
-976
-1007
-1008
-1066
-1125
-1179
-1250
-1315
-1395
-1457
-1515
-1550
-1642
-1701
-1794
-1862
-1907
-1982
-1978
-2076
-2124
-2190
-2182
-2197
-2231
-2210
-2208
-2108
-2031
-1873
-1699
-1457
-1157
-920
-569
-233
190
623
1065
1522
1956
2396
2746
3121
3429
3686
3859
3999
4083
4098
4099
4038
3970
3862
3751
3609
3454
3360
3199
3054
2873
2724
2561
2382
2196
1954
1750
1519
1291
1017
786
508
236
-44
-326
-552
-813
-1027
-1238
-1411
-1581
-1682
-1713
-1782
-1771
-1790
-1757
-1718
-1693
-1659
-1649
-1663
-1672
-1669
-1676
-1649
-1629
-1602
-1572
-1568
-1535
-1516
-1524
-1515
-1532
-1549
-1604
-1655
-1671
-1727
-1770
-1785
-1798
-1800
-1778
-1757
-1737
-1711
-1762
-1776
-1826
-1884
-1900
-1945
-1912
-1902
-1827
-1771
-1707
-1612
-1497
-1339
-1145
-972
-764
-500
-220
97
441
800
1158
1532
1924
2297
2668
3043
3364
3650
3855
4036
4141
4236
4256
4222
4139
4044
3967
3800
3643
3466
3310
3148
2988
2859
2691
2542
2342
2128
1903
1674
1425
1136
828
510
234
-77
-384
-659
-905
-1143
-1359
-1529
-1675
-1821
-1954
-2036
-2122
-2158
-2183
-2200
-2215
-2236
-2251
-2277
-2268
-2280
-2275
-2248
-2245
-2216
-2187
-2140
-2062
-2039
-1969
-1886
-1843
-1809
-1789
-1741
-1717
-1638
-1611
-1575
-1544
-1493
-1435
-1379
-1270
-1211
-1112
-1032
-953
-891
-794
-747
-730
-707
-678
-637
-635
-612
-616
-583
-510
-435
-374
-306
-180
-22
200
470
721
1036
1373
1706
2020
2384
2669
2952
3217
3445
3638
3785
3908
3947
3963
3939
3869
3788
3662
3555
3405
3230
3062
2864
2691
2471
2257
2011
1823
1606
1370
1104
869
602
328
99
-154
-411
-691
-960
-1204
-1442
-1702
-1953
-2155
-2337
-2500
-2650
-2739
-2783
-2842
-2852
-2886
-2886
-2908
-2876
-2849
-2808
-2716
-2655
-2538
-2459
-2351
-2233
-2127
-2008
-1880
-1803
-1711
-1592
-1548
-1444
-1353
-1270
-1116
-994
-848
-722
-546
-377
-218
-102
-28
78
174
257
297
276
249
191
177
99
40
-29
-65
-64
-90
-76
-64
-13
16
49
94
215
377
565
758
977
1215
1522
1810
2072
2347
2601
2842
3076
3293
3438
3566
3631
3699
3684
3632
3562
3451
3351
3200
3047
2896
2739
2597
2374
2162
1936
1736
1480
1228
943
689
399
60
-256
-610
-916
-1288
-1600
-1934
-2227
-2514
-2771
-2935
-3121
-3262
-3397
-3467
-3521
-3550
-3511
-3438
-3351
-3262
-3176
-3058
-2938
-2836
-2695
-2565
-2445
-2318
-2194
-2029
-1894
-1740
-1545
-1332
-1083
-865
-613
-360
-103
143
346
536
644
748
836
880
884
901
871
823
792
747
719
664
612
545
488
393
320
234
164
81
12
-48
-92
-100
-129
-81
-36
23
151
295
485
704
980
1291
1603
1924
2223
2525
2787
3063
3243
3414
3526
3568
3598
3565
3497
3384
3245
3107
2914
2698
2520
2298
2061
1813
1560
1303
1052
759
484
179
-113
-427
-755
-1099
-1441
-1744
-2077
-2399
-2680
-2942
-3190
-3393
-3551
-3681
-3793
-3854
-3889
-3865
-3820
-3758
-3649
-3513
-3369
-3201
-3007
-2795
-2576
-2355
-2122
-1887
-1664
-1407
-1134
-909
-681
-434
-195
-12
199
345
485
614
687
765
800
850
888
929
950
986
1034
1081
1129
1154
1160
1180
1168
1138
1117
1057
1018
930
895
808
738
656
582
536
496
488
486
537
614
769
947
1149
1364
1567
1802
2051
2293
2534
2743
2935
3077
3173
3234
3249
3198
3131
3022
2852
2638
2407
2152
1838
1530
1176
813
497
189
-116
-397
-637
-892
-1115
-1334
-1548
-1752
-1992
-2206
-2446
-2676
-2931
-3177
-3429
-3641
-3840
-4039
-4171
-4270
-4317
-4289
-4197
-4058
-3853
-3620
-3348
-2983
-2616
-2226
-1822
-1481
-1110
-764
-449
-181
50
266
448
576
695
830
945
1078
1184
1327
1453
1565
1667
1738
1794
1847
1892
1916
1904
1861
1816
1769
1720
1636
1529
1434
1303
1182
1115
1033
952
845
742
629
560
519
475
436
378
303
255
195
145
139
156
178
254
311
396
515
656
832
1018
1219
1367
1562
1696
1815
1870
1886
1865
1772
1677
1525
1351
1164
981
759
525
301
107
-110
-290
-485
-682
-869
-1033
-1208
-1388
-1588
-1818
-2029
-2241
-2454
-2675
-2854
-3033
-3205
-3291
-3353
-3382
-3358
-3300
-3192
-3038
-2847
-2647
-2378
-2082
-1764
-1427
-1127
-833
-530
-255
5
260
459
663
838
975
1127
1227
1348
1488
1633
1780
1893
2001
2066
2133
2140
2132
2095
2016
1924
1823
1705
1581
1443
1280
1130
1011
877
775
689
579
471
392
290
205
100
-6
-119
-263
-375
-472
-590
-695
-797
-903
-967
-1031
-1037
-1007
-973
-877
-740
-576
-411
-192
36
249
458
678
872
1064
1228
1342
1465
1551
1595
1581
1545
1499
1401
1299
1156
998
858
656
481
287
62
-137
-377
-624
-865
-1086
-1318
-1532
-1739
-1932
-2113
-2275
-2402
-2506
-2579
-2634
-2613
-2563
-2497
-2360
-2238
-2095
-1905
-1706
-1474
-1225
-991
-742
-481
-219
31
252
467
654
811
958
1076
1186
1310
1449
1579
1707
1817
1866
1939
2013
2042
2036
2007
1961
1917
1841
1731
1600
1427
1265
1100
909
730
566
416
258
118
-6
-130
-254
-389
-501
-629
-740
-841
-932
-1027
-1136
-1226
-1313
-1377
-1448
-1466
-1465
-1462
-1383
-1282
-1147
-968
-760
-535
-284
-16
237
513
746
979
1181
1390
1555
1655
1763
1802
1798
1742
1632
1509
1326
1146
941
738
535
277
75
-176
-415
-674
-919
-1126
-1330
-1513
-1717
-1837
-1960
-2058
-2148
-2209
-2228
-2239
-2194
-2113
-1979
-1820
-1604
-1397
-1170
-873
-621
-331
-52
223
489
771
1011
1253
1459
1644
1819
1912
2027
2094
2160
2186
2158
2114
2039
1953
1864
1772
1646
1504
1370
1193
1014
844
629
393
156
-71
-301
-530
-759
-988
-1194
-1362
-1518
-1656
-1740
-1800
-1846
-1870
-1881
-1861
-1821
-1778
-1704
-1637
-1570
-1497
-1425
-1354
-1262
-1178
-1081
-930
-772
-573
-392
-191
40
278
541
791
1060
1320
1532
1758
1938
2105
2221
2303
2332
2325
2263
2149
2025
1858
1654
1422
1160
885
626
324
60
-234
-435
-654
-851
-1005
-1164
-1286
-1401
-1462
-1541
-1558
-1586
-1556
-1495
-1407
-1262
-1134
-958
-787
-597
-405
-183
61
285
520
743
956
1156
1330
1463
1551
1612
1629
1608
1561
1507
1434
1358
1232
1110
996
851
694
533
382
228
70
-83
-269
-474
-662
-834
-1018
-1210
-1361
-1529
-1643
-1715
-1772
-1806
-1831
-1825
-1776
-1732
-1663
-1565
-1426
-1287
-1156
-1016
-875
-768
-659
-522
-409
-286
-198
-106
-24
74
168
292
352
418
506
567
612
635
682
724
745
804
863
918
987
1032
1069
1077
1060
1015
967
870
775
662
560
440
306
162
3
-108
-237
-322
-380
-430
-406
-373
-325
-238
-163
-60
69
174
261
340
410
481
532
578
628
657
698
748
780
786
807
804
783
776
738
708
676
642
621
559
507
433
340
235
134
24
-108
-215
-342
-435
-524
-607
-683
-760
-810
-877
-908
-940
-984
-1002
-1055
-1094
-1118
-1150
-1162
-1166
-1162
-1139
-1115
-1081
-1008
-931
-880
-819
-749
-672
-598
-528
-437
-367
-288
-242
-229
-213
-223
-257
-269
-311
-347
-354
-376
-382
-406
-414
-376
-345
-296
-199
-102
-8
100
204
331
464
593
722
826
950
1043
1124
1185
1223
1273
1298
1313
1366
1386
1389
1401
1394
1419
1427
1448
1468
1449
1424
1378
1331
1255
1171
1036
898
788
648
504
362
258
142
33
-50
-114
-180
-230
-276
-323
-340
-381
-419
-487
-547
-637
-690
-756
-852
-931
-1020
-1086
-1133
-1163
-1187
-1202
-1216
-1240
-1219
-1201
-1188
-1158
-1126
-1090
-1056
-1024
-989
-961
-929
-898
-881
-855
-840
-837
-837
-831
-831
-801
-751
-717
-668
-604
-570
-517
-441
-357
-267
-179
-127
-77
-29
-17
27
59
93
138
182
237
301
361
433
547
659
802
959
1100
1263
1419
1587
1734
1861
1945
2034
2122
2181
2205
2193
2163
2098
2041
1955
1876
1766
1634
1502
1375
1248
1131
1006
867
736
607
487
319
184
31
-112
-259
-402
-537
-676
-812
-932
-1049
-1169
-1225
-1302
-1359
-1390
-1417
-1432
-1417
-1405
-1401
-1385
-1371
-1345
-1344
-1347
-1324
-1313
-1349
-1369
-1390
-1434
-1430
-1429
-1435
-1430
-1385
-1365
-1332
-1289
-1241
-1159
-1061
-960
-868
-762
-678
-595
-517
-442
-374
-310
-228
-148
-82
1
103
190
291
433
549
651
744
823
906
988
1056
1106
1145
1185
1229
1236
1260
1294
1301
1337
1349
1354
1366
1392
1397
1410
1432
1476
1497
1523
1547
1528
1545
1529
1511
1473
1405
1329
1268
1179
1091
979
874
757
667
571
444
320
211
71
-75
-182
-330
-423
-539
-626
-737
-830
-913
-1014
-1084
-1157
-1235
-1311
-1402
-1475
-1526
-1583
-1627
-1672
-1680
-1692
-1695
-1707
-1699
-1713
-1703
-1665
-1622
-1596
-1590
-1574
-1555
-1533
-1481
-1425
-1403
-1341
-1258
-1176
-1045
-946
-866
-741
-611
-468
-348
-212
-56
83
227
385
575
725
861
986
1120
1256
1385
1483
1572
1676
1715
1776
1803
1805
1825
1832
1831
1795
1753
1687
1605
1519
1417
1303
1169
1062
956
866
807
718
657
596
548
495
458
433
393
386
386
388
402
387
389
405
406
406
417
420
416
404
375
333
284
230
139
35
-56
-145
-248
-356
-488
-613
-756
-876
-982
-1126
-1260
-1405
-1549
-1665
-1782
-1872
-1957
-2029
-2084
-2135
-2178
-2230
-2231
-2208
-2179
-2115
-2053
-2000
-1902
-1814
-1713
-1610
-1513
-1392
-1274
-1148
-1034
-884
-735
-592
-416
-239
-50
175
390
605
857
1078
1288
1536
1721
1906
2083
2217
2357
2463
2527
2562
2586
2566
2508
2408
2303
2192
2057
1918
1763
1646
1501
1364
1223
1087
976
865
753
636
513
376
254
151
31
-86
-182
-287
-370
-446
-501
-553
-566
-553
-546
-564
-580
-564
-543
-472
-422
-390
-342
-330
-304
-271
-239
-217
-237
-282
-329
-394
-456
-516
-584
-672
-761
-867
-971
-1088
-1185
-1280
-1365
-1427
-1492
-1552
-1608
-1656
-1683
-1716
-1718
-1734
-1720
-1686
-1617
-1572
-1503
-1413
-1321
-1193
-1039
-885
-742
-547
-377
-174
57
276
488
708
902
1092
1274
1427
1586
1750
1882
1990
2085
2160
2224
2280
2302
2317
2296
2274
2241
2176
2109
2043
1966
1853
1729
1587
1434
1279
1089
896
700
478
303
147
-23
-166
-291
-393
-488
-595
-680
-764
-854
-936
-1013
-1054
-1102
-1138
-1164
-1174
-1181
-1209
-1222
-1236
-1229
-1219
-1175
-1110
-1074
-1028
-972
-911
-847
-778
-697
-608
-526
-451
-383
-301
-236
-211
-188
-206
-258
-294
-338
-420
-498
-570
-645
-706
-768
-781
-785
-801
-777
-755
-719
-673
-611
-545
-474
-399
-310
-208
-90
44
183
331
456
598
699
803
953
1083
1215
1365
1488
1595
1720
1777
1842
1881
1893
1877
1831
1794
1711
1636
1533
1420
1297
1177
1094
991
894
805
714
623
531
401
286
168
61
-67
-178
-310
-423
-541
-666
-751
-865
-953
-1055
-1129
-1167
-1176
-1229
-1228
-1190
-1173
-1143
-1119
-1089
-1049
-1019
-994
-953
-934
-919
-924
-915
-936
-959
-956
-950
-949
-915
-871
-846
-780
-722
-640
-552
-478
-418
-340
-257
-216
-185
-144
-120
-121
-89
-48
-35
-22
4
46
95
135
180
270
369
456
549
655
755
807
882
969
1026
1104
1155
1178
1191
1211
1227
1252
1278
1290
1329
1327
1312
1325
1292
1234
1194
1137
1080
1011
890
804
704
596
474
346
206
77
-45
-172
-276
-388
-474
-508
-542
-559
-562
-572
-556
-554
-559
-582
-595
-612
-636
-657
-682
-717
-760
-806
-845
-859
-863
-869
-881
-865
-825
-796
-792
-762
-748
-747
-717
-706
-674
-674
-671
-694
-713
-748
-801
-843
-889
-897
-894
-875
-828
-781
-727
-658
-579
-492
-448
-360
-283
-202
-112
2
98
188
286
375
494
592
683
782
883
989
1085
1189
1276
1344
1383
1456
1511
1505
1527
1562
1556
1560
1568
1542
1501
1445
1382
1302
1178
1072
956
849
763
656
569
476
374
256
154
63
5
-65
-121
-201
-301
-372
-445
-527
-579
-604
-672
-697
-702
-716
-724
-731
-697
-696
-691
-685
-683
-709
-726
-745
-752
-742
-772
-811
-831
-838
-839
-851
-841
-838
-865
-845
-839
-832
-845
-838
-831
-824
-782
-748
-764
-726
-712
-729
-722
-707
-703
-676
-641
-606
-518
-475
-420
-340
-251
-167
-73
46
166
262
390
520
612
705
780
857
963
1062
1136
1216
1294
1345
1395
1425
1441
1457
1475
1497
1516
1506
1483
1462
1439
1410
1384
1345
1284
1202
1122
1048
960
845
719
586
445
341
224
129
35
-64
-134
-168
-235
-306
-356
-422
-483
-521
-569
-630
-695
-756
-796
-851
-925
-974
-994
-1040
-1051
-1059
-1081
-1095
-1093
-1105
-1106
-1108
-1114
-1100
-1089
-1085
-1061
-1032
-1016
-998
-971
-958
-955
-945
-936
-915
-854
-800
-731
-692
-629
-554
-487
-371
-287
-223
-124
-59
16
92
161
256
326
390
439
512
598
656
728
786
848
903
930
984
1039
1069
1114
1151
1179
1183
1182
1142
1101
1067
1019
968
925
872
822
795
757
732
716
677
640
593
560
528
464
417
375
305
275
240
176
148
86
66
26
-18
-36
-55
-92
-118
-122
-158
-187
-192
-220
-256
-296
-358
-406
-470
-524
-580
-655
-729
-807
-842
-878
-917
-956
-985
-1002
-1024
-1012
-1020
-1019
-1042
-1055
-1027
-1053
-1044
-989
-980
-938
-861
-779
-730
-688
-642
-564
-499
-426
-325
-260
-155
-56
18
102
178
249
327
411
467
550
620
650
720
797
860
884
907
945
954
941
985
1011
1004
970
947
945
879
828
782
714
643
570
509
439
375
325
283
264
242
184
162
127
96
75
43
22
4
-29
-40
-37
-44
-44
-26
-6
21
79
94
105
77
57
71
61
44
26
0
-31
-38
-83
-124
-172
-246
-318
-338
-386
-444
-502
-579
-627
-692
-739
-784
-831
-888
-939
-962
-1015
-1043
-1054
-1036
-998
-982
-949
-935
-897
-846
-812
-747
-679
-612
-501
-416
-312
-223
-144
-58
28
125
205
297
396
498
598
683
797
886
927
989
1043
1082
1079
1094
1103
1118
1107
1096
1107
1080
1044
1008
986
948
905
859
809
730
647
574
489
388
316
249
177
140
64
-16
-65
-123
-159
-187
-243
-268
-276
-298
-322
-339
-329
-318
-338
-349
-367
-404
-448
-469
-486
-510
-519
-526
-549
-576
-581
-587
-589
-612
-630
-633
-653
-633
-636
-619
-624
-622
-590
-619
-620
-626
-599
-606
-572
-558
-511
-470
-459
-412
-370
-339
-289
-236
-196
-149
-81
-23
36
96
118
165
226
282
354
420
490
559
644
732
776
810
844
882
892
922
921
915
914
896
869
830
791
755
732
715
671
647
608
566
543
522
490
442
397
343
311
254
187
142
115
60
-12
-79
-131
-201
-286
-335
-385
-443
-513
-555
-581
-633
-669
-673
-692
-713
-736
-755
-760
-749
-755
-759
-764
-766
-732
-728
-684
-654
-609
-573
-559
-524
-461
-446
-392
-349
-309
-252
-211
-163
-135
-73
-55
-22
27
58
91
125
166
170
190
199
216
241
245
275
273
273
319
343
386
395
387
398
398
364
350
366
323
328
359
378
381
413
444
453
482
493
530
539
527
504
486
477
447
416
391
353
346
334
349
384
361
369
372
330
304
265
201
152
120
58
1
-48
-109
-160
-205
-249
-297
-328
-415
-453
-482
-539
-596
-646
-676
-718
-742
-781
-781
-771
-768
-800
-786
-785
-797
-756
-757
-702
-665
-628
-600
-558
-509
-463
-399
-374
-321
-275
-226
-135
-56
-5
54
107
162
206
276
318
327
400
442
476
496
514
530
547
559
580
589
565
548
533
493
449
426
390
352
291
265
240
220
205
184
184
184
184
183
187
194
213
230
241
230
198
199
211
210
216
219
199
203
211
214
190
215
218
200
215
225
237
225
212
193
171
130
74
22
-33
-87
-170
-208
-293
-359
-421
-465
-505
-548
-561
-594
-582
-583
-599
-615
-645
-642
-648
-650
-615
-585
-549
-548
-533
-502
-485
-447
-402
-383
-329
-276
-227
-175
-144
-102
-53
-10
53
88
127
175
210
218
217
256
272
260
279
292
276
286
306
314
325
355
343
374
384
404
392
363
367
350
309
283
245
225
201
177
196
178
164
152
125
104
91
78
93
85
71
93
115
151
162
207
247
282
345
345
357
374
354
356
315
254
238
207
144
80
43
-3
-45
-101
-111
-150
-191
-226
-251
-271
-305
-320
-331
-345
-384
-411
-433
-458
-498
-550
-590
-631
-643
-651
-672
-689
-679
-680
-677
-625
-591
-563
-506
-485
-395
-331
-276
-210
-169
-143
-79
-11
8
72
72
103
119
127
140
139
151
113
114
133
136
168
173
198
251
246
297
313
337
389
430
471
516
558
568
569
575
577
589
591
581
594
592
573
548
532
505
496
470
422
414
390
348
329
311
299
268
239
228
231
185
162
147
91
29
-31
-55
-112
-176
-245
-285
-344
-396
-419
-464
-503
-542
-578
-626
-616
-650
-638
-617
-620
-609
-611
-618
-571
-554
-518
-466
-445
-417
-374
-368
-362
-354
-329
-311
-282
-204
-196
-138
-85
-72
-59
-44
-37
-26
-31
-17
-19
6
60
66
110
146
179
201
210
219
191
186
183
175
160
150
131
80
76
35
0
-2
7
5
-29
10
34
76
101
118
139
163
223
265
313
370
413
447
502
518
545
547
589
591
618
627
620
614
574
553
523
506
457
417
345
315
273
204
152
92
28
-9
-42
-63
-88
-133
-199
-247
-292
-353
-386
-415
-465
-489
-479
-534
-548
-541
-581
-590
-584
-577
-564
-578
-557
-535
-521
-494
-468
-438
-413
-366
-333
-299
-248
-215
-214
-194
-216
-155
-161
-165
-117
-84
-51
-72
-63
-37
-1
-19
-3
31
14
5
23
42
69
93
95
104
111
108
107
98
71
88
146
178
217
250
278
324
356
394
446
493
506
537
551
588
597
630
633
659
667
663
659
646
647
612
580
545
486
440
390
356
304
252
184
109
64
-11
-41
-122
-181
-224
-271
-336
-371
-431
-475
-513
-580
-612
-629
-654
-671
-686
-703
-722
-715
-696
-735
-725
-713
-717
-674
-666
-641
-609
-551
-533
-507
-477
-475
-416
-385
-307
-247
-209
-152
-97
-64
-36
9
50
90
111
147
181
174
190
192
212
230
204
216
243
240
242
286
319
364
406
459
473
522
532
506
536
527
520
524
526
542
548
573
605
612
595
583
580
606
601
567
563
551
522
481
413
353
288
198
132
65
-16
-90
-145
-192
-226
-275
-304
-335
-367
-392
-406
-452
-482
-531
-537
-570
-612
-626
-652
-700
-718
-709
-701
-702
-703
-649
-592
-555
-531
-452
-398
-323
-279
-249
-193
-159
-146
-116
-113
-64
-52
-47
-55
-38
-13
19
56
85
150
198
219
228
276
296
341
362
343
336
310
302
312
283
277
252
256
249
248
229
234
249
204
211
209
210
220
223
257
300
316
337
346
371
367
376
356
347
352
352
342
337
317
289
271
226
182
127
99
69
21
-25
-78
-95
-129
-153
-165
-198
-200
-223
-281
-316
-338
-386
-381
-440
-481
-523
-537
-551
-578
-592
-596
-611
-634
-636
-654
-638
-628
-610
-595
-551
-509
-452
-413
-346
-278
-232
-197
-139
-57
-16
44
59
81
79
112
147
161
178
142
162
178
217
237
241
255
267
304
317
344
353
366
377
391
387
402
430
419
461
510
513
503
501
486
486
453
429
429
407
379
355
326
320
297
298
319
317
326
322
315
289
284
273
244
212
172
127
65
-7
-30
-100
-148
-192
-243
-247
-271
-313
-315
-326
-352
-374
-410
-433
-434
-484
-490
-508
-524
-534
-540
-556
-596
-605
-620
-625
-655
-659
-667
-660
-641
-616
-561
-498
-447
-409
-336
-284
-253
-192
-177
-128
-135
-117
-58
-38
5
45
83
115
196
209
247
287
334
359
383
397
408
426
419
417
425
374
379
394
361
376
378
408
427
453
474
503
522
544
593
610
634
620
597
569
502
462
431
368
339
329
274
251
205
198
175
114
105
95
85
96
52
30
-7
-53
-61
-107
-146
-207
-280
-340
-398
-431
-489
-529
-564
-597
-596
-624
-630
-665
-675
-696
-744
-753
-776
-788
-769
-753
-719
-690
-650
-646
-612
-569
-554
-511
-460
-424
-402
-378
-325
-269
-222
-177
-120
-67
-10
38
78
134
183
237
283
352
403
486
564
605
630
670
700
716
744
727
744
769
789
782
777
786
757
740
743
730
700
669
610
565
514
481
448
428
391
350
306
288
240
178
136
97
70
32
15
-26
-66
-106
-150
-213
-252
-300
-345
-388
-432
-473
-526
-578
-608
-619
-637
-664
-638
-636
-625
-679
-665
-654
-659
-639
-608
-574
-551
-482
-437
-398
-359
-318
-302
-298
-267
-202
-165
-146
-113
-54
-57
-43
-22
-24
7
22
39
66
86
135
153
160
178
203
201
210
205
214
240
221
226
209
204
195
187
180
205
238
268
305
326
370
379
378
429
456
442
454
458
436
418
408
403
390
367
353
326
288
294
265
243
223
198
185
162
163
125
100
50
6
-31
-81
-117
-156
-171
-196
-213
-235
-280
-311
-363
-390
-439
-473
-482
-502
-507
-534
-567
-579
-564
-559
-566
-522
-516
-492
-468
-422
-389
-361
-338
-315
-260
-206
-174
-154
-107
-75
-37
-12
24
37
59
69
92
147
185
198
211
229
233
234
240
242
222
222
190
197
176
147
142
118
104
98
98
89
137
135
171
207
208
236
258
292
313
316
321
325
325
336
339
343
360
350
344
348
343
361
350
339
337
342
316
289
243
216
190
156
138
97
56
35
10
11
21
-24
-71
-106
-114
-165
-232
-288
-310
-381
-435
-456
-510
-539
-584
-606
-636
-648
-663
-675
-682
-694
-664
-655
-602
-582
-571
-502
-456
-429
-387
-326
-282
-253
-207
-148
-106
-81
-38
13
28
64
78
117
139
194
254
268
297
325
360
361
393
391
400
412
418
456
450
434
392
352
355
346
327
346
355
320
324
321
298
297
250
224
244
251
241
229
212
187
183
166
177
187
169
177
185
164
145
137
122
104
90
55
45
22
10
-20
-63
-65
-112
-170
-205
-233
-273
-281
-308
-357
-356
-365
-385
-415
-435
-473
-499
-519
-565
-572
-588
-601
-609
-586
-574
-588
-517
-496
-468
-394
-341
-303
-273
-220
-183
-149
-112
-66
-5
22
73
131
153
200
226
281
354
352
372
397
367
382
408
392
390
391
395
404
435
444
482
506
507
492
487
463
449
449
430
408
354
322
265
235
208
217
207
169
156
126
112
86
52
21
-2
-53
-80
-107
-161
-173
-195
-212
-209
-212
-234
-218
-221
-225
-195
-196
-206
-201
-221
-231
-207
-199
-208
-247
-263
-263
-253
-228
-233
-251
-258
-271
-283
-267
-277
-294
-285
-289
-272
-269
-281
-273
-254
-251
-248
-253
-269
-267
-261
-254
-237
-210
-178
-136
-109
-95
-65
-26
13
46
100
154
199
227
220
234
249
288
303
298
304
334
356
354
368
355
371
387
406
428
412
419
413
390
398
402
409
395
373
354
354
332
297
303
271
237
223
187
162
103
57
24
-18
-43
-85
-105
-154
-187
-181
-229
-261
-285
-288
-266
-277
-308
-322
-332
-359
-363
-356
-360
-370
-360
-351
-337
-308
-299
-299
-319
-300
-274
-287
-287
-276
-255
-242
-236
-226
-200
-171
-159
-148
-134
-104
-79
-87
-73
-49
-24
-16
11
-1
-13
26
34
35
70
77
103
133
145
157
159
131
131
150
155
178
156
157
148
160
201
223
252
279
314
341
381
414
428
439
458
479
463
475
476
451
428
422
415
381
323
260
205
166
128
85
39
25
-8
-25
-62
-94
-132
-164
-208
-240
-272
-282
-289
-329
-344
-369
-367
-386
-413
-429
-412
-404
-410
-419
-423
-423
-408
-397
-361
-362
-373
-351
-335
-308
-258
-230
-185
-112
-55
-14
39
66
76
104
138
160
148
135
130
127
142
164
159
166
145
158
160
152
161
119
84
80
63
54
36
1
-41
-46
-38
-35
-34
-18
-18
-8
23
17
33
55
58
72
85
86
125
153
162
193
172
193
197
225
236
242
244
243
248
242
277
274
267
270
234
210
174
159
123
104
85
55
4
-23
-54
-101
-115
-148
-167
-200
-218
-233
-247
-262
-265
-236
-242
-239
-231
-241
-234
-237
-224
-218
-176
-168
-147
-136
-129
-113
-82
-59
-30
9
25
38
37
48
47
56
62
35
42
30
8
9
11
-10
-16
-12
-38
-50
-79
-110
-135
-139
-165
-185
-192
-182
-192
-227
-253
-265
-247
-261
-240
-197
-172
-151
-120
-83
-80
-55
-2
36
97
153
196
226
254
261
269
272
266
293
282
311
344
389
435
448
475
449
421
407
392
393
393
377
370
364
330
291
233
196
179
135
107
63
12
-28
-89
-117
-165
-209
-239
-274
-306
-322
-362
-343
-342
-362
-350
-358
-358
-343
-304
-278
-248
-239
-242
-223
-237
-212
-170
-155
-145
-111
-131
-106
-84
-82
-48
-33
-19
-20
10
-3
-14
-27
-57
-49
-36
-4
-3
-6
3
-19
-7
-18
-22
-15
-19
-12
-16
-8
2
-5
-12
12
33
35
42
56
85
112
141
140
155
179
189
192
192
204
192
190
223
235
243
237
212
191
185
204
205
207
168
143
121
116
115
121
109
85
79
64
47
3
-7
-20
-56
-62
-112
-108
-137
-170
-186
-190
-186
-201
-204
-186
-155
-159
-164
-172
-170
-183
-207
-196
-179
-166
-152
-147
-131
-123
-103
-126
-85
-68
-77
-76
-82
-41
-31
-12
17
29
19
30
46
52
64
57
40
46
45
25
28
14
8
2
-20
-27
-36
-14
3
4
-2
-9
-9
-19
-5
19
12
7
20
17
40
35
38
40
16
31
38
40
51
74
63
72
103
105
125
129
120
121
122
131
125
138
144
159
153
160
163
159
166
153
132
125
103
94
95
77
74
55
48
35
37
14
-2
-14
-23
-10
-17
-34
-59
-79
-107
-121
-128
-131
-125
-138
-152
-159
-171
-216
-233
-237
-243
-253
-242
-226
-237
-243
-252
-242
-229
-227
-215
-183
-167
-134
-112
-90
-51
3
40
45
70
72
74
87
100
132
131
147
155
159
189
182
203
225
234
207
209
209
202
180
158
170
143
113
98
85
80
40
38
15
6
2
-14
-13
-4
-4
-3
-6
3
-3
-19
-27
-51
-53
-63
-67
-58
-59
-46
-62
-74
-61
-59
-18
-31
-34
-46
-51
-65
-87
-70
-66
-32
-33
-13
7
-9
15
20
8
-13
-30
-50
-43
-39
-44
-42
-58
-57
-57
-57
-61
-78
-102
-110
-113
-117
-121
-108
-96
-89
-66
-63
-33
-25
-34
-23
-7
-33
-39
-22
-3
1
5
16
12
51
56
67
113
126
136
142
149
147
160
148
147
168
150
127
108
96
87
84
62
61
67
47
47
39
37
45
20
17
14
3
12
10
-8
1
14
-4
-16
-31
-15
-10
-12
-16
-16
-47
-59
-45
-50
-43
-20
-6
-3
13
19
18
34
38
42
50
62
71
41
15
6
-11
-33
-43
-69
-93
-92
-90
-81
-80
-87
-108
-112
-150
-188
-207
-226
-235
-241
-255
-256
-250
-253
-247
-217
-194
-167
-137
-121
-98
-71
-46
-15
23
69
92
121
145
167
185
199
216
208
222
221
228
265
285
303
325
327
319
329
321
285
266
227
208
200
185
173
136
108
102
86
73
52
35
12
5
-20
-45
-56
-68
-84
-94
-96
-102
-114
-116
-119
-149
-163
-165
-165
-155
-140
-117
-96
-76
-91
-77
-84
-88
-64
-71
-57
-62
-56
-65
-87
-97
-97
-102
-138
-127
-166
-168
-148
-138
-127
-121
-125
-160
-156
-147
-131
-129
-141
-139
-149
-157
-150
-156
-142
-122
-115
-102
-78
-58
-33
-1
24
43
70
98
97
100
125
141
151
172
200
208
206
218
226
236
244
260
279
304
296
286
280
261
246
221
196
176
166
141
91
80
64
42
7
-16
-58
-91
-94
-107
-92
-97
-114
-109
-112
-106
-98
-90
-59
-52
-60
-48
-59
-78
-85
-94
-102
-90
-85
-95
-81
-78
-70
-75
-63
-51
-69
-72
-81
-101
-110
-89
-73
-73
-54
-60
-69
-54
-54
-42
-14
-4
-1
25
17
39
26
19
11
-3
-26
-57
-61
-68
-55
-62
-80
-98
-70
-56
-28
4
12
33
54
50
68
87
107
117
122
134
149
142
140
145
154
119
92
103
77
79
101
93
95
84
74
99
101
130
126
119
114
96
101
91
83
93
86
75
82
68
65
56
47
47
21
-14
-21
-36
-47
-48
-62
-74
-90
-83
-82
-90
-96
-115
-114
-119
-118
-109
-134
-133
-136
-157
-174
-190
-203
-212
-222
-239
-243
-234
-229
-235
-231
-234
-245
-251
-262
-255
-263
-241
-234
-193
-166
-160
-124
-105
-78
-65
-43
-31
-25
-1
41
67
91
105
158
199
209
219
248
275
288
304
318
337
343
329
325
311
303
299
315
302
296
296
299
300
301
293
271
251
242
216
182
155
141
121
108
103
93
82
51
34
18
-9
-34
-64
-79
-99
-119
-148
-166
-189
-216
-236
-261
-245
-269
-315
-311
-318
-304
-309
-313
-317
-330
-311
-304
-290
-294
-282
-283
-278
-252
-243
-219
-188
-152
-122
-103
-98
-82
-69
-49
-41
-24
8
5
20
57
81
109
120
138
173
195
212
234
227
230
245
245
258
245
258
263
254
249
245
242
254
260
236
229
216
218
200
207
187
180
153
109
88
69
54
43
22
4
-19
-54
-56
-93
-85
-96
-98
-95
-100
-99
-136
-145
-170
-178
-181
-187
-166
-166
-156
-151
-148
-113
-117
-119
-132
-125
-117
-122
-104
-98
-87
-91
-78
-79
-96
-88
-113
-127
-137
-117
-95
-72
-55
-59
-46
-42
-23
-23
-22
-18
-24
-32
-32
-38
-71
-68
-86
-93
-85
-73
-60
-60
-70
-40
-34
-32
-14
6
14
18
27
31
48
59
71
97
114
101
120
134
138
154
161
159
150
160
168
172
183
184
192
183
168
162
153
146
139
145
158
139
126
128
140
135
150
149
133
151
170
171
154
152
140
118
94
71
66
47
14
-1
-28
-40
-35
-56
-68
-82
-110
-127
-128
-141
-164
-166
-191
-217
-229
-260
-287
-284
-305
-292
-280
-286
-272
-262
-244
-244
-224
-221
-210
-180
-174
-164
-161
-158
-150
-128
-131
-103
-80
-39
-23
6
17
11
47
60
94
107
131
151
182
184
197
218
228
232
224
236
254
263
246
246
239
224
208
206
201
194
178
150
141
128
110
98
82
64
48
21
9
8
-17
-36
-24
-47
-38
-27
-33
-33
-34
-50
-49
-50
-73
-81
-85
-75
-67
-54
-69
-79
-77
-87
-97
-96
-91
-84
-110
-150
-177
-209
-249
-266
-296
-298
-304
-319
-324
-315
-311
-303
-279
-262
-230
-216
-211
-182
-135
-104
-64
-18
0
-26
5
45
107
143
177
190
187
214
256
297
302
297
310
334
353
354
345
355
387
362
326
304
302
316
290
270
262
250
242
214
179
151
112
94
72
62
14
-30
-48
-59
-63
-69
-80
-88
-103
-108
-101
-112
-141
-140
-150
-134
-119
-139
-123
-143
-150
-165
-185
-167
-171
-166
-159
-145
-131
-118
-116
-90
-72
-75
-59
-49
-59
-50
-42
-33
-39
-51
-59
-56
-74
-77
-75
-73
-73
-96
-98
-104
-117
-105
-111
-110
-125
-130
-123
-114
-104
-86
-61
-61
-53
-39
-40
-21
-21
-23
-10
10
46
71
