7
9
12
11
13
21
30
40
44
46
50
47
46
40
39
35
36
27
20
12
2
-8
-19
-30
-37
-40
-43
-42
-38
-30
-28
-30
-35
-50
-58
-69
-76
-76
-72
-73
-70
-62
-57
-53
-49
-39
-40
-34
-29
-24
-17
-10
0
3
8
15
24
28
30
29
25
24
20
14
15
15
14
10
3
2
-7
-5
-4
1
10
8
9
10
12
12
9
15
9
8
-2
-7
-14
-23
-25
-23
-20
-14
-9
-16
-14
-21
-25
-27
-29
-33
-39
-35
-32
-35
-33
-25
-19
-8
1
12
16
17
26
32
33
31
34
34
33
35
29
30
39
37
45
49
53
57
62
59
53
44
38
31
27
25
18
15
12
15
11
15
20
21
22
20
15
14
9
7
4
-2
0
0
0
4
12
14
16
16
16
16
14
19
23
20
22
20
16
13
6
-3
-8
-15
-25
-28
-30
-34
-36
-40
-37
-41
-40
-46
-48
-47
-51
-45
-47
-47
-43
-39
-42
-43
-42
-41
-40
-31
-30
-24
-17
-24
-21
-23
-23
-20
-18
-15
-10
-16
-20
-23
-24
-27
-28
-20
-23
-19
-23
-29
-35
-37
-35
-41
-36
-30
-22
-7
2
15
25
36
44
45
43
47
46
48
49
56
55
57
50
49
55
51
51
44
38
26
20
16
11
10
4
-4
-8
-13
-13
-18
-18
-18
-14
-13
-14
-5
-6
-6
-9
-5
-2
0
9
11
12
10
13
16
19
15
15
20
26
29
35
33
31
35
28
28
22
16
17
16
11
10
12
5
5
6
8
9
6
8
10
10
6
4
7
-2
-4
-13
-20
-25
-35
-41
-51
-51
-47
-46
-45
-42
-44
-37
-31
-29
-26
-36
-37
-41
-39
-34
-25
-15
-2
12
15
17
18
18
20
20
20
24
21
27
34
30
36
34
38
39
41
34
29
34
29
27
21
16
1
-1
-8
-15
-13
-18
-23
-22
-21
-23
-25
-27
-25
-21
-18
-20
-22
-27
-33
-29
-32
-37
-37
-35
-37
-37
-37
-40
-37
-35
-39
-41
-39
-38
-28
-20
-13
-3
0
7
8
8
6
3
-3
-5
-5
-8
-4
-7
-9
-6
-12
-4
4
1
1
3
1
-3
8
12
17
21
23
25
24
29
39
47
55
53
53
55
58
58
54
58
53
49
51
52
51
43
39
38
30
23
24
28
32
33
35
38
38
40
44
39
38
40
46
56
58
58
58
57
48
43
37
30
22
2
-11
-28
-42
-53
-62
-68
-72
-80
-84
-81
-81
-87
-84
-83
-89
-91
-94
-85
-75
-66
-59
-52
-47
-41
-32
-25
-20
-15
-12
-19
-21
-22
-18
-8
-5
2
4
-1
1
6
5
3
4
-6
-7
-5
-6
-4
2
0
6
7
6
12
14
14
14
4
3
7
8
15
14
18
20
23
18
13
12
7
9
9
10
14
18
26
29
27
25
25
23
20
14
7
3
6
4
8
11
7
7
3
-2
-9
-7
-13
-23
-27
-35
-36
-39
-40
-39
-42
-48
-46
-49
-53
-57
-60
-63
-64
-55
-53
-51
-43
-43
-40
-32
-25
-19
-17
-12
-13
-3
4
8
13
19
20
22
27
29
29
26
23
18
18
19
18
25
21
22
28
32
47
52
62
68
72
74
74
77
81
83
84
88
89
81
76
66
61
59
60
64
66
71
69
69
72
68
65
61
53
49
37
28
20
14
2
-3
-5
-13
-14
-16
-26
-30
-36
-39
-46
-50
-52
-64
-69
-72
-80
-82
-87
-87
-84
-87
-85
-86
-86
-89
-91
-91
-96
-95
-90
-87
-87
-88
-88
-92
-93
-85
-71
-62
-55
-44
-31
-21
-11
-6
2
12
13
22
27
32
34
43
49
49
45
45
43
41
40
31
30
31
28
30
23
24
30
31
34
43
40
31
33
27
30
32
33
33
34
38
38
38
31
25
17
10
2
-4
-11
-22
-23
-32
-31
-27
-24
-15
-8
0
4
9
14
11
5
-2
3
-3
-3
-7
-9
-7
-5
-1
-2
9
10
17
25
25
31
37
41
43
38
33
26
26
24
21
8
-7
-14
-18
-15
-16
-14
-11
-5
3
4
2
2
4
9
11
14
20
13
19
21
23
26
27
25
21
25
23
21
21
18
12
8
3
-7
-8
-9
-10
-2
-3
-9
-19
-29
-33
-32
-32
-31
-33
-36
-34
-31
-28
-28
-27
-27
-21
-19
-23
-19
-20
-21
-18
-18
-22
-17
-18
-18
-15
-13
-12
-16
-9
-4
-1
-2
-2
2
0
3
3
7
6
4
8
7
4
3
-4
-10
-17
-17
-26
-29
-28
-36
-40
-39
-33
-32
-26
-26
-21
-21
-21
-20
-18
-19
-22
-22
-23
-24
-24
-22
-24
-23
-20
-14
-13
-11
-7
-9
-13
-9
-9
-6
-2
7
17
19
23
21
22
25
25
27
26
32
35
35
41
45
46
47
39
39
36
35
33
29
36
39
42
42
39
34
29
27
29
28
29
30
38
44
44
38
33
23
17
13
9
9
6
10
1
4
3
0
-2
-7
-14
-15
-13
-11
0
2
3
10
11
11
7
8
5
10
12
8
5
-2
-2
-6
-7
-12
-16
-13
-8
-9
1
5
6
6
10
2
0
-3
-11
-13
-16
-12
-11
-5
-4
-9
-12
-17
-19
-17
-20
-20
-19
-25
-27
-35
-41
-45
-50
-43
-44
-41
-40
-48
-46
-39
-31
-20
-18
-21
-10
-11
-7
-7
-14
-15
-22
-39
-37
-41
-33
-32
-31
-26
-31
-14
-6
-11
2
12
17
31
25
45
56
55
57
53
54
53
46
51
37
33
42
33
38
36
43
46
41
49
62
62
56
39
30
14
-2
-3
-23
-32
-27
-34
-29
-38
-42
-36
-33
-35
-21
-16
-5
-1
-3
4
4
7
1
-7
-5
-13
-16
-12
-21
-26
-28
-36
-26
-18
-14
0
-9
-2
-5
-10
-14
-22
-34
-43
-46
-51
-45
-44
-48
-43
-35
-27
-13
-11
-1
5
11
33
38
38
33
44
52
43
38
28
30
33
31
25
18
20
23
41
45
63
71
69
65
58
54
68
68
51
58
36
31
22
10
2
-2
-13
-23
-29
-44
-56
-65
-54
-50
-43
-40
-41
-41
-32
-24
-31
-30
-44
-35
-29
-32
-21
-33
-37
-28
-41
-41
-36
-40
-34
-24
2
29
36
42
51
49
35
26
16
19
18
13
10
1
6
-18
-60
-86
-119
-128
-114
-103
-96
-90
-66
-56
-55
-56
-42
-36
-41
-37
-31
-36
-17
-9
3
27
37
58
77
111
110
109
121
122
128
123
119
103
105
114
120
117
76
54
54
54
45
24
29
44
46
32
-2
4
10
8
-15
-43
-39
-34
-53
-43
-46
-51
-33
-22
-10
-28
-37
-40
-39
-34
-44
-31
-29
-40
-42
-29
-27
-11
19
3
9
-1
37
25
50
-34
-90
-6
39
45
-119
-123
-15
-3
-49
-56
-31
-54
-33
-11
-8
-89
-17
105
43
-10
52
143
99
-18
26
148
197
182
128
131
200
235
188
169
211
252
193
70
69
93
94
103
48
40
6
-91
-270
-284
-107
9
-182
-576
-662
-430
-236
-429
-854
-897
-556
-277
-494
-984
-1028
-571
-186
-313
-696
-640
-101
228
-114
-408
-97
628
801
324
84
431
1005
977
654
641
1027
1236
930
634
789
1085
1074
813
657
746
801
727
632
609
626
559
414
371
371
281
107
40
115
4
-167
-276
-290
-288
-404
-510
-549
-568
-617
-635
-554
-527
-583
-680
-598
-461
-471
-591
-623
-498
-409
-525
-861
-944
-770
-474
-526
-945
-1234
-1078
-793
-747
-1014
-1339
-1202
-860
-649
-932
-1381
-1236
-694
-404
-679
-919
-472
165
169
-267
-213
444
1154
1138
748
856
1371
1811
1724
1584
1836
2147
2182
1965
1898
2066
2375
2505
2329
2060
1848
2009
2139
2029
1804
1619
1520
1513
1326
849
654
755
869
384
-283
-467
-358
-428
-792
-1110
-1153
-1128
-1416
-1785
-1896
-1941
-1925
-2126
-2314
-2052
-1982
-2029
-2129
-2138
-2019
-2080
-2039
-1887
-1695
-1542
-1583
-1566
-1425
-1189
-1023
-986
-741
-1011
-1609
-1841
-797
501
266
-1228
-2044
-736
743
467
-1465
-2054
-302
1382
790
-1799
-2618
-558
1680
1203
-1138
-1523
840
2649
1394
-795
-188
2819
4239
2205
-83
959
3734
4451
2358
976
2418
4187
3570
1281
934
3057
4413
3084
981
978
2551
3109
1733
450
859
1665
1479
261
-192
160
-119
-179
-606
-785
-1367
-1975
-1619
-1674
-2033
-2222
-2172
-2531
-2481
-2341
-2244
-2626
-3053
-2239
-1809
-2009
-2026
-1963
-1516
-1299
-1289
-966
-777
-410
-159
-237
-285
-106
190
444
596
359
114
151
481
598
412
290
143
-263
-555
-209
460
552
-388
-1468
-1479
-690
-474
-1323
-2267
-1623
-400
-518
-1915
-2991
-1857
-140
27
-1410
-2124
-800
709
343
-925
-686
1347
2780
1897
490
845
2658
3568
2684
1648
2226
3578
3601
2472
1879
2848
3869
3412
2281
1728
2405
3043
2621
1663
1307
1662
1971
1443
639
-330
-105
754
561
-509
-1707
-1183
-681
-1224
-2094
-2118
-1921
-1830
-2038
-2642
-2663
-2647
-2197
-1997
-2507
-2244
-1412
-1050
-1312
-1776
-1240
-311
50
-241
-468
-197
204
244
-242
-39
425
337
-47
-422
60
523
193
-1155
-1635
-371
1385
854
-2169
-3141
-1306
686
-269
-3331
-4184
-1712
703
-185
-3784
-5385
-2485
966
301
-3249
-4168
-643
2495
532
-3042
-2409
2331
4876
1851
-1695
-239
4366
5701
2640
415
2558
5886
5359
2191
1260
4059
6504
4878
1790
1388
3778
5238
3686
1413
1233
2821
3110
1547
15
579
1302
671
-168
-987
-586
-839
-1685
-2304
-2714
-2197
-1918
-3045
-4094
-3242
-2129
-2238
-3908
-4359
-2577
-1546
-2259
-3009
-2557
-1231
-850
-1734
-1757
-851
125
-15
-1022
-982
-128
274
7
-181
-120
43
-345
-415
10
251
123
-424
-1264
-1577
-847
160
783
-782
-2730
-2762
-1001
196
-1341
-3393
-2684
-219
169
-2284
-4531
-2855
645
1172
-1578
-3299
-1014
2261
1888
-798
-1074
2019
4732
3491
852
1010
4002
5837
4337
2319
2689
5023
5751
4050
2489
3187
5248
5364
3413
1801
2566
4259
4134
1997
477
1283
2616
1977
23
-1251
-957
553
126
-1521
-2841
-2461
-1428
-2287
-3693
-3765
-2817
-2954
-3620
-4211
-3715
-3276
-3755
-3570
-3354
-2850
-2134
-2106
-2104
-2058
-1652
-881
-399
-416
-679
-809
-423
133
112
-49
395
616
520
191
198
616
735
320
-1004
-1044
-46
1372
687
-1633
-1788
-519
566
-563
-2547
-2532
-412
975
-502
-3406
-4082
-1175
1570
521
-2234
-2823
112
2458
786
-1593
-744
3066
4582
1680
-952
888
4779
5422
2477
715
2908
5495
4439
1692
1324
4005
5402
3160
699
1088
3434
3938
1944
411
1137
2343
1917
556
-115
484
787
103
-755
-1290
-1004
-968
-1526
-2270
-2822
-2563
-2299
-2622
-3426
-3463
-2649
-2451
-3064
-3689
-2978
-1875
-1830
-2599
-2883
-1768
-850
-1086
-1681
-1470
-405
-99
-645
-1041
-382
480
548
55
-320
51
584
655
581
410
587
337
-791
-703
303
1963
1236
-1377
-2292
-759
1304
420
-2200
-3211
-729
1277
-304
-3690
-4537
-785
2237
512
-3096
-3331
783
3310
808
-2265
-823
3495
4661
1285
-1299
903
4787
5003
1931
285
2623
5254
4175
1715
1209
3498
4958
3317
1159
1096
2926
3824
2623
694
512
1726
2398
1402
-139
-976
-308
891
221
-1411
-2316
-1503
-723
-1966
-3259
-2809
-2070
-2028
-2769
-3395
-2805
-2508
-2460
-2385
-2548
-1982
-1506
-1524
-1683
-1720
-1202
-477
-240
-525
-733
-931
-734
-374
-310
-28
-11
-282
-445
-566
-152
115
227
-182
-1413
-1566
-478
974
521
-1646
-2341
-1218
70
-604
-2308
-2640
-735
985
-349
-3208
-4324
-1434
1777
969
-2206
-3395
-136
3024
1605
-1581
-1201
3005
5157
2305
-1203
212
4699
5960
2661
-127
1842
5401
5057
1802
622
3044
5324
3804
1024
1084
3462
4563
2867
801
883
2295
2562
1599
437
564
228
-377
-30
-361
-514
-1592
-1986
-1937
-2318
-2346
-2309
-2789
-3156
-2389
-2218
-2434
-3462
-3368
-1657
-1317
-2113
-2769
-2172
-736
-643
-1490
-1607
-636
129
-18
-852
-1063
-128
347
220
-238
-635
-508
-186
-27
215
-221
-356
-941
-1893
-1457
-257
882
-328
-2467
-3142
-1604
-106
-936
-3036
-3459
-835
304
-1514
-4450
-4131
30
1988
-339
-3599
-2628
1817
3442
587
-1940
400
4404
4814
1380
-455
2386
5684
5225
2007
840
3658
6022
4746
1994
1505
3926
5394
3842
1408
1141
3462
4729
3112
577
596
2746
3736
1893
-664
-804
263
1655
305
-1699
-1937
-1128
-379
-2072
-3254
-2505
-1543
-2285
-3152
-3300
-2823
-2562
-3262
-2940
-2475
-2448
-2352
-2428
-2070
-1757
-1704
-1557
-1376
-1484
-1410
-1364
-1404
-1245
-1004
-630
-656
-1234
-1426
-1056
-289
246
-430
-890
-577
-355
-1469
-1985
-556
1579
1276
-2119
-3721
-1524
1811
1526
-2276
-4142
-1334
1727
825
-2867
-3818
-281
2703
984
-2614
-2376
1848
4589
1906
-1508
-444
3781
5709
2895
45
1501
4974
5570
2714
831
2821
5697
5113
1793
307
2585
5383
4541
1227
-127
1949
3962
2769
9
-320
1932
2976
838
-1703
-1629
-266
1063
-198
-2312
-2660
-2095
-1400
-2604
-3577
-2853
-1998
-2736
-3491
-3602
-2850
-2018
-2649
-2699
-2544
-2332
-1612
-1516
-1453
-1252
-1064
-607
-575
-972
-948
-346
-59
-303
-482
-546
-65
225
87
69
-86
213
330
439
441
128
-912
-1509
-19
1506
1678
-1239
-3286
-1703
1285
1677
-1751
-4333
-2380
1200
1165
-2598
-4905
-2313
1483
1337
-2368
-3433
-117
3345
1910
-1998
-1981
2272
5388
3337
-519
-549
3144
5442
3560
908
1455
4384
5204
2719
805
1949
4809
5265
2662
510
1273
3601
3949
2153
594
1277
2449
2039
379
-746
79
1072
406
-1273
-2215
-1600
-1002
-1597
-2726
-2820
-2167
-2102
-2978
-3708
-2923
-2008
-2095
-3036
-3416
-2409
-1479
-1498
-2156
-2282
-1489
-904
-1134
-1586
-1352
-411
-107
-559
-874
-493
182
324
-13
-210
226
233
207
278
522
739
9
-621
-1439
-733
288
630
-261
-2221
-2266
-1079
-141
-1039
-2646
-2646
-850
10
-1299
-3146
-3198
-818
1204
214
-1777
-1685
845
2620
979
-859
318
3615
4611
1791
-496
1395
5132
5527
2530
636
2774
5820
5011
2026
1248
3701
5748
3877
886
832
3406
4672
2634
-58
240
2280
2660
626
-1102
-871
-84
552
-723
-2136
-2413
-1790
-1344
-2484
-3426
-2768
-2035
-2562
-2868
-3128
-2635
-2480
-3100
-2899
-2382
-1939
-1827
-2094
-2056
-1824
-1568
-1142
-733
-792
-868
-866
-728
-476
-87
-38
140
147
-201
-249
-263
673
878
307
-288
-356
-761
-1429
-771
418
1405
-623
-3178
-3103
-640
980
-884
-3514
-3101
-252
609
-1701
-3772
-2395
994
1615
-1226
-2898
-923
2691
2814
-224
-1293
1411
4248
3451
641
473
3441
5494
3607
921
1379
4469
5881
3419
1233
2043
4464
4863
2393
847
1827
3630
3501
1517
436
1103
2306
1798
90
-1297
-816
395
280
-933
-2285
-1686
-797
-921
-2087
-2710
-1970
-1265
-1695
-2962
-3252
-2300
-1449
-1746
-2861
-2936
-1981
-1620
-2091
-2888
-2140
-1088
-1140
-1961
-2289
-1435
-768
-814
-1009
-955
-661
-649
-830
-573
-149
32
-76
-9
2
110
34
30
-67
-845
-368
581
1279
192
-1677
-1449
57
999
-467
-2213
-2075
298
1623
-50
-2366
-2828
-151
1918
768
-1475
-1640
1234
2874
1000
-1384
-202
3666
4671
1624
-1124
690
4598
5039
1778
-79
2350
5286
4070
730
289
3209
5047
2797
-15
162
2673
3690
1534
-316
37
1525
1531
-60
-1024
-298
862
390
-958
-2079
-1505
-575
-828
-1627
-2252
-1770
-1337
-1810
-2638
-2740
-1820
-1430
-1949
-2912
-2745
-1621
-1259
-1743
-2307
-1915
-1214
-1168
-1418
-1287
-678
-513
-1106
-1197
-564
284
196
-573
-680
-12
563
383
48
108
531
520
-262
-1232
-460
1060
2002
345
-2104
-2063
176
1652
-114
-2905
-2829
294
1513
-817
-4141
-3540
613
2350
-537
-3753
-2461
1630
2592
-733
-2912
-110
3730
3602
-278
-1823
1616
5168
4345
582
-109
3122
5485
3574
388
647
3766
5170
2691
-100
643
3866
4631
1951
-348
700
3462
3305
769
-763
644
2666
2069
-480
-1834
150
1459
448
-2138
-2735
-410
293
-1547
-3742
-3156
-935
-766
-2930
-4169
-2438
-821
-1394
-3237
-3400
-1635
-622
-1397
-2347
-1959
-934
-608
-1204
-1177
-534
-290
-404
-702
-607
-396
-171
107
99
-220
-326
-93
191
-356
-1463
-752
657
992
-943
-2844
-1748
449
518
-1885
-3631
-2388
353
380
-2221
-4170
-2852
252
821
-1519
-3117
-1470
1493
1590
-1028
-2090
865
4086
3204
3
-656
2833
5454
3765
1029
1337
4359
5287
2774
1028
2590
5163
4762
1908
795
2723
4663
3735
1512
900
2396
3213
2116
639
709
1387
931
449
-146
-74
-71
-664
-1025
-1496
-1559
-1260
-1906
-2991
-2779
-2362
-2139
-2766
-3553
-3130
-2326
-2222
-2573
-2736
-2326
-1792
-1934
-1937
-1509
-1095
-810
-963
-1210
-1080
-633
-295
-282
-642
-795
-721
-507
38
-12
-123
-162
-53
-194
-675
-1553
-847
710
1161
-117
-2647
-2573
-338
688
-963
-3136
-3184
-668
440
-1269
-3308
-3254
-511
1202
-303
-2449
-1743
1238
2502
517
-1473
350
3681
4046
1627
31
2153
5005
4663
2120
1401
3690
5662
4507
2000
1737
3591
4761
3639
1845
1838
2980
3417
2609
1414
1388
2127
2381
1562
345
-81
546
874
443
-581
-752
-455
-811
-1512
-1956
-1225
-974
-1839
-2912
-2852
-2050
-1881
-2344
-2811
-2329
-1847
-2116
-2636
-2611
-1850
-1348
-1515
-1855
-1912
-1711
-1505
-1369
-1338
-1169
-1075
-1211
-1265
-1252
-1002
-724
-647
-918
-1272
-1126
-669
-497
-1002
-1748
-1678
-1230
-709
-858
-1402
-1733
-1763
-1346
-1059
-1249
-1855
-1957
-1167
-248
-495
-1786
-2072
-524
1156
952
-764
-828
1179
2678
1855
273
1178
3803
4775
2787
1144
2410
4907
5140
2973
2028
3475
4873
3787
1634
1737
3691
4646
3261
1332
1464
2984
3579
2405
1243
1376
2063
2011
923
9
438
510
339
239
-627
-716
-976
-887
-951
-1606
-1887
-1649
-1919
-2190
-1975
-2418
-2408
-2606
-2631
-2210
-2359
-2547
-2205
-1658
-1562
-2067
-2519
-2012
-1173
-1411
-1746
-1671
-1410
-1335
-1636
-1818
-1334
-1005
-1255
-1636
-1566
-945
-771
-1076
-1148
-813
-989
-1857
-1835
-551
559
-125
-2345
-2896
-999
738
-93
-2414
-2858
-422
1448
380
-1728
-2375
39
2186
1234
-934
-1104
1527
3397
1950
-400
345
3620
4970
2923
388
1319
4577
5419
3062
975
2244
4866
4731
2127
1069
2959
5161
4295
1598
900
2710
4323
3124
1021
536
2085
2910
1539
-261
-664
777
1433
548
-982
-1131
-221
-302
-1338
-2310
-1728
-860
-1274
-2572
-3322
-2580
-1824
-2222
-3197
-3378
-2710
-2570
-3120
-3407
-2664
-1985
-2446
-3405
-3417
-2286
-1621
-2142
-2895
-2585
-1728
-1368
-1843
-2278
-1891
-1243
-960
-1368
-1820
-1610
-921
-308
-574
-973
-1472
-1333
-455
244
442
-348
-823
-557
370
643
42
-557
-32
1250
1631
767
-448
-182
1556
2664
1870
551
682
2450
3364
2449
1424
2025
3688
4146
2909
1947
2927
4460
4293
2760
1826
2984
4428
3887
2319
1523
2670
3653
2773
1281
935
2263
3019
2071
457
26
1038
1750
1151
-302
-730
-240
276
-88
-1301
-1737
-1392
-1019
-1590
-2492
-2587
-2182
-2008
-2680
-3230
-3099
-2670
-2870
-3460
-3497
-3013
-2699
-3124
-3584
-3291
-2639
-2463
-2789
-3030
-2782
-2351
-2283
-2359
-2465
-1947
-1451
-1400
-1553
-1818
-1367
-752
-226
-399
-807
-885
-222
235
-469
-774
-228
1137
1236
-293
-1116
-50
1735
1735
-309
-1327
393
2630
2569
25
-1412
385
3053
3090
711
-357
1724
4168
3383
653
336
3014
5291
4064
1428
1343
3854
5182
3467
1362
1961
4365
4875
2629
867
1928
4073
4142
1800
370
1464
3096
2654
545
-265
954
2038
1043
-983
-1373
-187
496
-448
-2052
-2261
-1540
-1237
-2127
-3052
-3019
-2641
-2739
-3523
-3998
-3693
-3350
-3346
-3919
-4213
-3853
-3524
-3508
-3795
-3545
-2924
-2584
-2892
-3263
-2744
-1787
-1431
-1858
-2158
-1601
-722
-492
-806
-864
-397
137
211
84
87
368
865
1009
941
88
-175
692
2025
2304
879
-4
574
1929
1921
975
345
1134
2160
1756
649
-43
744
2187
2304
1133
201
862
2416
2797
1535
461
1446
3217
3400
1802
856
1915
3428
3241
1873
1352
2285
3157
2598
1491
1306
1927
2212
1711
1207
1136
1263
1194
886
567
250
93
260
349
-137
-763
-1131
-887
-688
-973
-1357
-1778
-1942
-2348
-2355
-2076
-1961
-2379
-3248
-3307
-2866
-2430
-2571
-2954
-3058
-2840
-2618
-2646
-2570
-2390
-2270
-2201
-2176
-1949
-1875
-1955
-1828
-1666
-1286
-1221
-1391
-1310
-1007
-549
-417
-524
-620
-331
83
544
492
134
-141
-30
650
1143
1280
756
541
858
1306
1174
909
759
1115
1893
1869
1466
646
504
1499
2402
2246
1387
1097
1939
2707
2233
1398
1935
3352
3879
2490
1287
2013
3655
3951
2454
1148
1727
3067
2847
1485
790
1491
2364
1742
433
109
1035
1619
803
-378
-630
69
460
-262
-1228
-1568
-1211
-965
-1423
-2021
-2056
-2005
-2319
-2668
-2788
-2578
-2738
-3254
-3672
-3383
-2748
-2641
-3232
-3779
-3203
-2428
-2245
-2785
-3121
-2658
-1895
-1712
-2124
-2104
-1690
-1051
-1135
-1589
-1375
-576
226
137
-355
-533
-99
616
906
622
454
691
1236
1363
1284
1209
1094
1536
1633
1825
1492
1118
1268
1478
1837
1540
1036
846
1324
1921
1747
938
413
1072
1904
1573
766
655
1774
2358
1379
219
784
2298
2775
1724
848
1316
2109
1829
1248
1546
2268
2306
1229
523
889
1558
1596
1026
451
299
157
0
139
162
39
-359
-764
-986
-1122
-1234
-940
-834
-1101
-1684
-2156
-2115
-1892
-1777
-1822
-2025
-2472
-2746
-2722
-2505
-2295
-2458
-2624
-2593
-2578
-2743
-2714
-2051
-1250
-1190
-1985
-2396
-1725
-783
-569
-1089
-1290
-746
-358
-444
-684
-278
385
667
433
127
303
891
1510
1615
1190
821
1103
1194
1234
1012
1520
2297
1907
701
57
1077
2379
2367
600
-122
913
1992
1479
-273
-400
1300
2143
712
-1033
-381
1825
2417
372
-980
176
2190
2256
333
-500
889
2395
1673
-129
-342
1565
2637
1333
-446
-443
1440
2291
961
-645
-366
1145
1372
109
-729
60
971
602
-671
-1181
-337
433
202
-905
-1385
-1042
-742
-1063
-1720
-1836
-1573
-1609
-2232
-2787
-2496
-1815
-1759
-2454
-3006
-2646
-1795
-1576
-2015
-2400
-2038
-1400
-1299
-1643
-1685
-1069
-565
-788
-1142
-1054
-354
291
139
-264
-366
47
642
872
688
627
964
1222
1190
1024
1379
1736
1762
1189
976
1778
2179
1927
1052
1026
1819
1985
1049
355
1176
2209
1876
169
-572
770
2100
1643
163
-211
893
1437
622
-53
543
1547
1477
302
-312
466
1377
1376
630
89
471
873
810
554
183
423
688
308
-202
-582
-99
273
106
-433
-719
-560
-431
-552
-861
-763
-701
-1040
-1447
-1431
-888
-859
-1632
-2089
-1893
-1413
-1506
-2094
-2212
-1899
-1729
-1938
-2160
-1856
-1321
-1321
-1720
-1909
-1589
-1074
-834
-885
-906
-746
-593
-352
-218
-123
66
433
480
200
-13
356
1311
1590
973
69
267
703
916
1061
1151
1608
986
-8
-232
625
1726
1464
267
-41
823
1320
738
-287
50
1532
1844
404
-667
155
2019
2303
601
-326
881
2368
2207
666
247
1683
2705
1855
319
239
1721
2494
1275
-139
-77
1163
1656
571
-556
-469
531
913
-140
-1056
-692
269
380
-761
-1691
-1179
-189
-139
-885
-1571
-1267
-827
-1248
-1632
-1474
-984
-992
-1683
-2163
-1980
-1656
-1716
-1788
-1675
-1574
-1844
-2156
-1897
-1274
-1065
-1373
-1582
-1224
-794
-909
-1151
-864
-148
141
-288
-882
-652
217
801
628
145
60
681
1332
1192
790
692
1217
1800
1592
1088
1103
1463
1680
1530
1321
1676
1697
1463
1233
1367
1752
1495
706
267
861
1306
997
-79
-584
37
453
196
-365
-294
377
388
-521
-928
-150
571
374
-620
-993
-403
68
-126
-644
-634
-111
33
-408
-843
-557
8
184
-99
-399
-324
-62
321
632
525
220
57
248
504
343
163
282
490
601
225
-78
-59
41
19
-182
-407
-607
-841
-832
-616
-593
-965
-1422
-1450
-1048
-697
-1027
-1416
-1429
-1087
-885
-1094
-1310
-1249
-937
-779
-978
-1258
-1105
-671
-268
-152
-500
-477
-107
525
525
256
337
906
966
336
276
1128
2404
1769
139
-274
1046
2159
1273
-505
-419
1556
2107
614
-1350
-829
1469
1873
210
-1236
-491
1465
1533
-169
-1016
189
1700
1554
-152
-738
432
1735
1467
32
-658
457
1729
1234
29
-300
952
1807
830
-374
-243
1216
1892
947
-108
215
1204
1179
364
-246
276
788
308
-682
-941
-235
-166
-761
-1580
-1562
-1111
-1278
-1778
-1918
-1561
-1366
-1927
-2501
-2432
-1799
-1420
-1691
-2089
-2087
-1675
-1508
-1484
-1357
-932
-764
-1023
-1138
-679
-28
122
-321
-488
-14
612
643
431
691
1264
1633
1048
458
815
1769
2373
1899
1065
1000
1649
2127
1739
936
1205
2012
2251
1459
350
599
1694
1892
825
-544
-718
482
1118
248
-1308
-1703
-584
264
-454
-1768
-1724
-298
264
-1078
-2495
-1742
92
482
-990
-2272
-1364
353
495
-734
-1192
-226
751
295
-643
-458
814
1555
979
274
323
1179
1503
1080
676
767
1194
1206
676
142
222
777
887
176
-614
-465
272
429
-433
-1044
-675
-146
-488
-1226
-1274
-665
-411
-1031
-1636
-1283
-529
-394
-878
-1202
-921
-497
-332
-510
-618
-482
-282
-150
-78
-57
11
232
465
263
-31
78
684
1016
642
252
537
1026
982
432
374
611
912
626
194
477
822
726
68
-197
80
345
-252
-752
-644
-391
-406
-1072
-1311
-853
-576
-842
-1278
-1146
-641
-491
-790
-922
-462
-66
27
-292
-352
120
396
462
354
376
799
1091
1183
1005
875
1358
1718
1736
1358
1081
1454
1670
1625
1251
1059
1160
1279
1105
615
312
232
482
514
96
-350
-586
-454
-413
-644
-904
-1002
-1099
-1301
-1487
-1309
-1049
-1205
-1497
-1403
-994
-933
-1173
-1374
-1057
-593
-612
-940
-928
-506
-286
-322
-467
-153
194
168
100
136
547
733
547
385
556
853
1063
853
527
389
742
933
671
101
-463
-35
404
619
76
-516
-424
-238
-298
-613
-688
-617
-496
-612
-861
-1156
-1433
-1101
-587
-503
-972
-1504
-940
-246
-352
-1010
-933
196
899
315
-538
-94
1162
1666
975
413
963
1917
1800
1261
1240
1572
1944
1690
1311
1302
1437
1471
1349
1124
916
845
907
855
545
216
233
222
56
-276
-569
-479
-639
-1018
-1280
-1035
-586
-847
-1463
-1507
-885
-622
-1035
-1327
-897
-424
-705
-1288
-1084
-316
-76
-631
-1044
-425
385
510
-60
-244
213
602
525
209
270
630
768
659
494
375
417
576
785
746
314
-90
77
433
379
0
-308
-111
-93
-431
-733
-398
-103
-505
-1193
-1444
-1015
-785
-1138
-1450
-1222
-920
-1022
-1683
-1769
-1026
-402
-607
-1192
-1114
-477
-104
-359
-422
68
603
681
313
355
900
1283
1314
1155
1219
1439
1521
1465
1543
1592
1605
1603
1680
1794
1769
1660
1540
1492
1335
1268
1195
1091
907
740
657
444
367
293
270
155
-181
-554
-590
-367
-419
-671
-930
-1021
-1039
-1178
-1215
-954
-780
-918
-1276
-1308
-939
-573
-690
-919
-769
-465
-379
-651
-779
-510
-251
-326
-573
-615
-335
-186
-317
-481
-455
-343
-425
-551
-701
-713
-668
-785
-821
-744
-475
-556
-984
-1173
-959
-537
-647
-1285
-1470
-892
-306
-484
-1300
-1536
-585
246
38
-590
-492
418
954
577
168
824
1885
2102
1342
878
1649
2659
2832
2251
1866
2270
2770
2590
2051
1943
2446
2732
2192
1355
1129
1616
1995
1613
784
508
736
895
467
-151
-177
-21
-140
-670
-1132
-992
-872
-1098
-1697
-1928
-1638
-1582
-1831
-2098
-1878
-1479
-1476
-1854
-2015
-1484
-943
-977
-1332
-1306
-722
-410
-543
-764
-572
-19
181
-70
-283
-78
432
499
250
-28
237
567
640
381
-67
21
197
260
103
-128
-53
113
92
-222
-455
-250
10
-27
-513
-704
-438
-99
-221
-702
-931
-614
-308
-529
-791
-852
-513
-276
-568
-735
-530
-200
-56
-192
-193
37
212
356
438
561
867
937
1012
994
1072
1273
1642
1704
1457
1316
1440
1868
1924
1546
1298
1616
1980
1659
1001
840
1281
1463
888
228
170
641
670
130
-361
-367
-104
-204
-547
-713
-621
-577
-781
-969
-791
-531
-480
-901
-1243
-1085
-730
-565
-743
-960
-699
-310
-299
-635
-861
-610
-201
-258
-736
-854
-486
-131
-284
-778
-859
-554
-299
-558
-840
-828
-635
-531
-764
-854
-948
-916
-877
-792
-745
-934
-989
-1068
-812
-734
-934
-1139
-1017
-542
-330
-536
-938
-922
-420
52
-49
-341
-304
347
828
665
193
23
772
1501
1570
1071
914
1522
2005
1923
1486
1611
2364
2688
2306
1808
2107
2798
2904
2282
1710
1908
2227
2056
1443
1169
1383
1442
1018
534
497
681
712
336
-104
-267
-195
-258
-506
-714
-822
-802
-897
-1141
-1283
-1277
-1264
-1492
-1713
-1800
-1630
-1425
-1630
-1924
-1954
-1482
-1199
-1471
-1780
-1627
-1069
-950
-1312
-1475
-1073
-473
-578
-1102
-1190
-815
-363
-460
-773
-664
-366
-368
-628
-684
-348
-27
-12
-267
-319
-167
68
256
225
283
286
310
301
270
249
293
339
357
213
37
45
212
304
202
113
295
493
544
538
575
745
734
689
697
931
1003
904
903
1024
1209
1117
987
920
1038
1094
801
707
881
1107
1058
732
629
616
708
739
640
623
590
517
487
438
279
134
118
131
15
-189
-391
-319
-223
-256
-427
-665
-632
-584
-596
-767
-865
-651
-503
-477
-706
-804
-655
-564
-606
-925
-880
-680
-510
-567
-802
-797
-768
-674
-738
-827
-789
-771
-808
-853
-838
-700
-630
-528
-389
-372
-397
-512
-346
-29
-45
-248
-410
-230
-39
-129
-243
-276
-129
-170
-330
-203
-74
37
-34
-114
11
192
275
330
486
630
606
359
347
682
1007
978
773
772
1044
1293
1314
1104
884
1117
1458
1512
1201
1020
1377
1789
1742
1144
855
1244
1657
1551
1011
829
1123
1244
857
329
301
564
446
-68
-504
-458
-248
-314
-700
-1106
-1159
-982
-871
-1032
-1409
-1488
-1333
-1123
-1362
-1809
-1853
-1556
-1264
-1582
-1999
-2069
-1714
-1341
-1383
-1515
-1537
-1304
-1116
-1095
-924
-891
-909
-825
-532
-249
-310
-283
2
358
414
126
56
398
695
628
297
292
565
660
506
273
374
519
534
487
439
367
426
550
608
563
492
510
713
767
609
501
588
819
874
782
678
788
924
950
1036
1122
1096
999
914
1009
1108
1083
920
831
785
662
600
604
530
406
257
183
201
153
-47
-172
-140
-96
-247
-568
-654
-428
-336
-611
-957
-960
-673
-674
-985
-1250
-1093
-792
-950
-1382
-1499
-1135
-834
-1134
-1519
-1418
-961
-659
-870
-1103
-882
-486
-327
-465
-564
-264
147
196
-57
-179
52
325
428
378
317
459
635
648
537
518
633
775
695
527
468
527
673
504
296
208
314
403
285
63
63
180
113
-111
-272
-140
-29
-46
-126
-155
-68
-66
-22
-30
-89
-60
-44
-74
41
211
231
209
217
315
474
500
366
271
293
370
395
279
298
336
379
389
335
218
325
494
465
306
6
56
204
187
48
-83
-67
-12
-37
-230
-328
-320
-299
-425
-508
-469
-402
-446
-558
-570
-537
-465
-602
-641
-664
-646
-635
-697
-653
-619
-596
-581
-584
-518
-393
-281
-240
-335
-359
-283
-108
1
-99
-125
-23
155
192
103
46
188
379
396
258
193
353
523
591
495
340
297
372
384
379
382
349
314
241
104
24
115
204
180
82
63
167
239
228
219
291
500
522
401
340
546
765
755
608
475
455
624
696
664
600
478
472
463
454
345
365
442
393
152
-131
-164
-39
-44
-300
-609
-627
-456
-483
-710
-894
-904
-797
-900
-1134
-1145
-990
-845
-883
-1088
-1223
-1114
-978
-917
-945
-920
-882
-831
-633
-437
-333
-321
-236
-96
-87
-91
-10
275
520
438
305
328
584
732
666
608
711
836
754
623
644
806
953
722
568
580
648
689
468
383
369
352
388
300
215
170
191
270
209
133
-27
-30
111
23
-162
-273
-129
-11
-157
-291
-251
-84
-95
-307
-437
-312
-125
-236
-399
-440
-269
-160
-169
-218
-269
-186
-196
-151
-81
-19
-65
-93
33
75
-38
-116
-32
141
111
-107
-156
5
130
36
-127
-81
52
49
-67
-101
-94
-89
-122
-142
-100
-107
-92
-51
76
73
-114
-109
73
214
24
-306
-318
-74
43
-138
-379
-342
-183
-185
-325
-376
-219
-100
-205
-325
-339
-187
-60
-77
-86
-58
-25
5
-13
11
68
130
87
79
93
143
188
177
167
175
214
240
315
350
455
475
497
492
500
594
552
511
510
489
450
406
440
477
468
319
215
287
310
343
253
223
292
262
117
36
103
242
210
68
-38
15
46
-25
-61
-83
-76
-164
-300
-336
-370
-397
-422
-425
-365
-353
-356
-475
-442
-356
-327
-309
-418
-403
-419
-389
-341
-432
-432
-424
-403
-424
-494
-431
-347
-406
-450
-483
-416
-313
-263
-276
-206
-97
-108
-128
-186
-98
32
106
84
47
78
133
187
223
145
114
134
168
164
148
203
200
215
187
122
181
282
302
261
182
210
317
316
311
314
354
420
401
354
344
422
450
450
334
230
228
259
346
282
207
191
249
292
247
227
253
294
245
97
49
43
23
-51
-175
-204
-214
-213
-193
-129
-153
-297
-439
-437
-261
-156
-205
-311
-324
-244
-203
-316
-290
-200
-136
-147
-284
-323
-282
-214
-214
-215
-232
-161
-73
-72
-59
-37
-20
15
12
28
-5
-9
-10
15
56
26
49
30
68
40
1
-67
-148
-166
-168
-137
-133
-189
-171
-84
-44
-2
5
49
69
38
-96
-166
-42
73
51
-108
-137
-14
121
111
10
64
166
131
-21
-79
49
230
226
136
88
249
436
447
321
221
233
285
273
81
-13
51
241
222
65
70
225
365
330
170
99
190
266
158
26
24
113
203
123
34
47
98
90
-10
-128
-173
-145
-150
-255
-317
-267
-175
-176
-285
-315
-194
-96
-197
-310
-331
-239
-183
-326
-440
-366
-238
-269
-441
-565
-425
-304
-381
-451
-430
-305
-291
-371
-414
-348
-257
-261
-242
-154
-43
105
161
130
171
202
287
327
305
289
379
458
514
514
520
565
615
615
539
479
487
546
484
359
352
406
421
339
248
214
226
244
169
124
104
101
42
-21
13
42
13
-49
-105
-181
-228
-249
-176
-151
-210
-288
-319
-211
-135
-110
-191
-250
-184
-122
-86
-157
-165
-129
-156
-280
-356
-322
-237
-226
-305
-354
-332
-309
-344
-309
-198
-116
-170
-245
-166
18
72
-50
-94
-25
60
70
61
107
192
220
188
122
142
236
217
200
163
184
172
101
93
156
186
137
119
83
96
99
145
191
131
-5
-128
-34
13
55
18
4
67
52
68
61
82
55
92
165
82
28
-10
53
203
222
152
33
76
243
301
214
120
175
226
156
75
6
105
117
7
-78
-125
-36
-70
-151
-276
-324
-287
-325
-454
-475
-349
-282
-383
-544
-586
-433
-314
-403
-496
-538
-396
-284
-309
-334
-305
-194
-149
-186
-228
-137
16
114
16
-60
-2
114
158
117
99
180
304
313
223
206
291
406
404
250
182
263
359
323
191
113
201
278
230
128
124
226
284
261
142
153
282
352
327
302
281
339
395
424
410
311
286
246
233
232
165
165
96
-8
-79
-95
-26
-42
-133
-229
-228
-169
-178
-214
-197
-164
-125
-188
-249
-314
-317
-258
-304
-328
-371
-369
-351
-331
-345
-455
-481
-467
-430
-482
-551
-493
-372
-294
-363
-350
-264
-145
-111
-206
-220
-88
0
30
-58
-64
34
82
65
26
101
210
294
236
148
205
284
306
227
193
281
398
388
306
275
345
428
385
353
334
340
311
259
207
163
197
178
148
109
81
99
69
105
149
104
104
88
173
152
72
97
121
125
90
37
-1
11
0
-26
-85
-74
-107
-123
-152
-174
-124
-105
-148
-156
-133
-99
-87
-111
-155
-187
-178
-199
-182
-158
-115
-135
-215
-299
-308
-307
-320
-361
-404
-400
-360
-405
-453
-463
-446
-387
-353
-293
-249
-208
-178
-81
-49
-82
-57
30
114
164
129
93
190
260
321
295
294
317
311
337
353
403
415
388
398
367
442
453
483
451
405
355
304
303
207
175
102
94
92
64
38
26
114
113
127
99
24
0
-17
-76
-173
-283
-300
-187
-149
-221
-321
-260
-131
-132
-189
-248
-145
30
37
-35
-99
-53
66
63
-44
-90
-56
5
5
-43
-82
-60
-34
-62
-133
-156
-69
5
34
0
-36
-12
84
127
133
122
113
56
-23
-8
-9
-12
-97
-139
-98
-62
-136
-202
-193
-153
-150
-203
-258
-225
-152
-142
-130
-113
-65
-61
-26
-25
-66
-37
0
19
20
1
19
76
106
102
68
68
126
202
222
205
196
156
151
177
148
97
54
69
28
-47
-61
-36
37
27
-39
-122
-151
-63
-14
-36
-74
-108
-119
-71
-13
34
49
62
75
73
84
44
110
141
187
116
55
65
83
121
23
-23
-1
11
-2
-47
-66
-50
-15
-12
-56
-138
-139
-75
8
-7
-99
-135
-106
15
41
-39
-114
-92
-48
-22
-86
-95
-33
15
51
6
-1
-28
3
21
39
3
-16
-47
-32
22
-19
-24
2
47
30
-15
-34
69
149
152
82
42
69
55
4
-56
-69
-19
-50
-62
-31
-8
24
3
-10
-15
13
91
125
145
121
127
167
122
119
85
159
245
203
173
144
202
250
193
97
54
6
67
77
8
-11
2
32
5
-71
-83
-111
-146
-206
-312
-306
-269
-259
-273
-340
-391
-334
-332
-333
-319
-338
-268
-242
-287
-218
-188
-116
-104
-108
-43
39
29
-43
-41
-1
51
45
61
88
111
140
167
167
186
184
185
243
228
220
186
165
196
194
175
143
165
171
126
49
7
76
89
46
43
86
83
95
64
56
98
70
-31
-74
-72
-11
31
1
-9
-5
75
74
97
134
168
201
208
245
261
217
191
183
160
147
83
43
89
107
73
-2
-46
-14
-37
-89
-125
-172
-238
-313
-363
-336
-320
-364
-357
-365
-338
-343
-400
-368
-321
-282
-271
-255
-245
-302
-335
-310
-246
-208
-190
-165
-98
-10
-11
-26
2
72
108
126
169
207
236
223
214
178
170
150
113
97
112
131
170
197
179
173
142
149
183
146
138
146
186
203
174
194
179
200
181
113
73
108
113
49
-21
-28
0
15
-57
-123
-42
44
98
74
18
42
95
64
12
14
44
102
139
121
81
70
74
53
3
-17
-4
20
7
-94
-97
-91
-77
-16
-46
-93
-78
-86
-130
-154
-211
-222
-183
-228
-286
-309
-269
-219
-213
-256
-307
-274
-214
-182
-242
-210
-201
-161
-138
-185
-152
-30
67
29
-24
-41
-17
8
-14
-46
3
74
82
78
102
171
229
175
122
112
181
231
251
258
279
266
262
273
261
251
219
225
218
188
140
105
139
198
130
50
8
24
36
2
-33
-76
-46
10
-5
-41
-80
-48
-40
-61
-77
-70
33
67
9
-28
-26
12
23
-17
-39
-13
30
-3
-23
-76
-75
-41
-6
-46
-70
-41
6
32
-35
-95
-97
-27
-72
-217
-284
-279
-270
-344
-408
-368
-278
-258
-345
-425
-363
-266
-246
-249
-253
-207
-130
-150
-184
-135
-63
-2
24
33
64
123
214
224
160
125
135
213
218
257
308
393
463
457
457
487
556
527
457
440
434
402
384
343
338
360
328
270
198
195
186
155
60
6
-29
-45
-85
-122
-127
-207
-216
-282
-284
-282
-351
-303
-327
-374
-407
-431
-410
-398
-346
-310
-271
-235
-196
-149
-144
-99
-29
-30
-48
-10
22
48
29
10
32
53
90
84
51
60
46
3
-14
-38
-20
26
30
0
-32
-75
-83
-122
-132
-150
-167
-182
-198
-288
-248
-202
-205
-189
-172
-88
-41
-5
9
69
112
136
184
229
266
266
242
246
281
302
286
276
270
272
289
302
336
341
381
428
392
363
321
273
273
290
270
201
129
126
160
100
53
12
1
-19
-129
-201
-274
-272
-309
-380
-443
-422
-383
-423
-465
-470
-449
-426
-394
-372
-353
-404
-399
-385
-320
-261
-269
-214
-171
-147
-79
-68
-21
37
89
103
130
178
167
205
192
197
172
179
176
204
205
148
166
163
177
160
112
105
154
159
151
118
77
76
36
42
21
54
63
6
39
40
27
-14
-55
-21
-4
6
-3
-15
33
104
87
36
31
77
117
136
131
126
139
159
184
151
113
116
130
142
124
76
32
28
43
-11
-113
-143
-114
-69
-95
-144
-152
-148
-169
-201
-216
-223
-206
-205
-211
-229
-235
-254
-232
-202
-175
-145
-137
-87
-53
-77
-99
-77
-64
-75
-70
-77
-51
-13
-37
-31
-57
-71
-89
-75
-65
-81
-98
-110
-80
-56
-35
-41
-61
-84
-90
-102
-94
-46
-25
-19
11
68
106
139
167
154
169
198
198
193
229
273
247
213
236
241
281
267
264
358
427
413
364
397
390
387
370
313
259
270
308
284
227
196
150
150
102
20
20
-31
-36
-50
-89
-72
-73
-39
-76
-161
-159
-127
-160
-220
-235
-245
-268
-345
-391
-402
-370
-362
-426
-448
-431
-420
-383
-373
-402
-359
-298
-302
-294
-237
-171
-122
-107
-132
-102
-62
-47
-36
-2
25
58
38
1
-15
34
57
29
3
13
47
90
108
97
132
150
130
89
87
89
134
174
149
139
157
192
218
178
176
175
164
134
77
63
98
126
104
92
94
101
112
85
73
92
107
113
88
79
77
59
39
6
16
12
18
-27
-31
28
24
27
10
-11
2
52
73
72
43
46
39
13
-2
-30
-43
-41
-57
-65
-81
-46
-48
-48
-68
-73
-56
-54
-60
-96
-103
-107
-109
-150
-193
-166
-159
-150
-124
-159
-103
-73
-85
-90
-117
-122
-89
-75
-49
-43
-21
10
-18
-27
-5
34
61
66
10
0
13
27
18
-2
-2
12
3
-31
-30
-48
-75
-52
-84
-102
-71
-47
-4
-9
-3
35
76
63
27
-1
1
34
72
62
53
48
70
97
126
178
202
204
233
272
293
282
249
258
241
226
217
228
205
175
175
146
135
131
145
125
52
-2
-43
-17
-43
-91
-75
-97
-128
-149
-164
-161
-168
-171
-156
-143
-141
-89
-73
-76
-50
-73
-67
-66
-103
-148
-139
-163
-181
-198
-238
-209
-216
-198
-216
-198
-201
-186
-180
-192
-202
-187
-181
-209
-188
-189
-156
-148
-124
-113
-118
-48
8
25
30
41
57
53
55
41
61
110
137
108
104
135
148
185
194
192
241
260
296
310
301
299
269
247
193
179
167
177
169
173
148
117
136
102
69
43
48
24
18
-9
-29
-24
-37
-54
-69
-43
-59
-41
-48
-64
-29
-39
-77
-128
-154
-192
-209
-182
-183
-177
-164
-173
-159
-101
-84
-77
-78
-49
25
-4
-1
3
17
13
10
18
37
67
71
84
131
159
174
220
254
281
253
257
284
309
291
227
202
156
168
162
97
117
82
23
-20
-78
-148
-172
-211
-230
-256
-289
-282
-265
-251
-262
-253
-272
-262
-267
-284
-303
-289
-262
-262
-277
-259
-247
-208
-176
-171
-162
-160
-122
-109
-85
-55
-38
-38
-16
12
38
82
88
141
167
149
195
179
163
170
161
153
172
166
145
124
120
132
138
167
170
205
234
237
254
259
241
241
243
237
218
185
138
92
75
71
38
26
41
7
-13
-10
10
-2
-30
-46
-25
-34
-24
-40
-89
-64
-101
-121
-169
-245
-224
-204
-241
-259
-277
-275
-275
-310
-338
-293
-249
-208
-196
-200
-175
-175
-153
-142
-135
-157
-208
-167
-139
-93
-37
-52
-6
16
32
78
133
184
206
246
250
277
288
290
313
328
366
363
317
330
321
342
343
311
308
293
301
278
243
222
174
143
96
76
66
41
43
23
-14
-25
0
-3
-58
-71
-100
-127
-133
-170
-171
-175
-199
-218
-222
-229
-240
-211
-249
-301
-307
-310
-298
-294
-296
-291
-254
-238
-261
-257
-211
-208
-178
-181
-178
-131
-107
-100
-62
-52
-37
6
21
29
28
56
91
88
91
127
129
172
181
188
155
151
183
177
195
188
188
193
180
141
164
154
191
162
88
93
67
60
47
30
50
69
87
72
30
44
35
24
56
55
48
48
20
20
13
27
-39
-53
-32
-65
-64
-112
-103
-138
-161
-173
-200
-148
-177
-177
-159
-138
-90
-35
-27
-56
-13
1
22
40
43
58
88
77
41
34
48
55
63
58
38
51
60
39
44
64
82
56
54
-2
-68
-51
-57
-49
-89
-100
-106
-94
-80
-68
-40
-26
-38
-60
-50
-35
-37
-21
-27
-12
19
37
63
69
99
117
100
119
117
88
94
76
30
-2
-23
-53
-55
-59
-63
-61
-50
-20
14
11
-6
-21
4
8
22
-1
-4
9
-26
-33
-52
-17
-9
-23
-19
-7
-35
-22
-6
21
69
82
79
87
118
94
91
96
80
73
67
68
83
99
69
59
41
6
5
-23
-21
-30
-58
-61
-68
-57
-94
-94
-77
-52
-28
-29
-31
-56
-85
-71
-101
-105
-111
-120
-111
-122
-118
-111
-86
-54
-69
-98
-98
-81
-61
-68
-54
-65
-65
-29
-55
-57
-63
-53
-41
-18
-26
-63
-52
-38
-53
-34
-3
28
56
49
47
74
96
91
94
101
110
114
140
141
169
213
268
264
270
283
265
291
271
266
244
206
163
117
92
59
61
43
14
-7
8
7
-15
-13
2
22
-10
-27
-35
-56
-42
-70
-101
-86
-76
-55
-52
-51
-76
-77
-66
-97
-101
-103
-137
-152
-139
-132
-144
-160
-182
-210
-203
-215
-212
-206
-192
-178
-160
-113
-121
-108
-101
-95
-79
-72
-71
-54
-32
-36
-23
-23
-23
1
42
69
39
23
-5
12
36
20
53
33
22
5
-47
-19
-13
-20
-15
4
17
28
26
29
52
52
45
35
44
62
76
81
64
86
121
113
91
80
71
86
104
101
128
141
158
152
174
142
123
175
183
179
172
156
131
138
125
116
115
76
65
71
61
54
47
26
14
-12
-9
-30
-77
-91
-85
-67
-90
-80
-103
-136
-134
-142
-102
-80
-69
-62
-58
-73
-79
-87
-101
-108
-113
-144
-130
-113
-127
-136
-112
-97
-75
-94
-92
-83
-82
-75
-108
-91
-93
-69
-69
-71
-48
-79
-46
-44
-44
-54
-77
-50
-65
-73
-46
-22
2
15
9
32
35
55
96
82
94
114
102
113
118
167
154
168
143
140
150
169
172
171
144
154
130
78
111
119
144
121
106
87
76
82
113
97
75
39
11
17
3
-11
-22
-10
-34
-43
-19
-23
-1
15
-24
-36
-45
-40
-82
-112
-110
-157
-168
-144
-126
-117
-106
-97
-102
-135
-151
-174
-159
-168
-162
-179
-173
-126
-87
-81
-54
-39
-41
-58
-73
-106
-115
-53
-62
-72
-79
-57
-41
-49
-15
-20
-28
-29
-28
-8
26
77
87
100
94
97
131
134
129
141
124
110
87
49
44
64
78
64
49
48
52
71
62
42
46
44
9
-1
30
29
44
39
46
40
45
70
67
78
71
83
70
80
77
31
52
77
95
72
83
111
121
103
95
116
126
140
132
101
77
65
50
37
16
21
-16
-67
-98
-141
-140
-126
-93
-85
-100
-87
-105
-102
-112
-104
-104
-126
-158
-197
-201
-197
-222
-207
-195
-210
-208
-230
-214
-200
-170
-161
-137
-117
-122
-68
-58
-40
-30
-8
17
42
30
40
59
27
65
97
103
126
125
160
192
200
181
158
170
152
141
156
180
181
147
101
66
29
41
45
37
41
42
43
21
10
22
31
14
31
26
10
8
29
48
44
20
-15
-4
27
44
41
55
56
44
57
50
47
51
33
33
32
-3
3
-10
-35
-52
-67
-71
-66
-78
-113
-100
-129
-165
-216
-229
-182
-149
-106
-100
-84
-80
-66
-81
-66
-48
-35
-21
-59
-91
-105
-73
-57
-43
-57
-34
-11
5
54
95
127
139
106
116
134
126
151
153
136
128
76
71
81
77
80
56
42
13
-2
-28
-32
-13
-18
-38
-33
-28
-21
-3
38
29
-5
10
-28
-27
-29
-33
-34
-33
-26
-75
-68
-98
-113
-115
-111
-95
-72
-63
-79
-40
-53
-87
-98
-99
-84
-80
-86
-87
-67
-53
-49
-38
-22
-16
-15
-29
-27
-13
-15
7
-30
-24
-11
-41
-5
22
48
67
94
92
86
122
120
134
130
120
97
93
109
146
152
167
201
205
175
143
139
122
152
135
99
90
93
88
62
63
89
72
87
84
74
108
95
108
84
71
58
6
-41
-52
-41
-30
-35
-95
-114
-128
-156
-155
-200
-225
-258
-279
-267
-289
-277
-254
-245
-241
-221
-192
-166
-134
-116
-88
-84
-72
-63
-28
-33
-47
-33
-36
-12
18
35
