-58
-61
-62
-88
-92
-100
-105
-124
-150
-158
-176
-180
-188
-184
-175
-170
-146
-134
-109
-80
-43
-4
33
68
97
128
154
187
207
225
245
258
280
277
286
297
295
291
273
269
252
231
213
191
182
158
131
113
82
57
15
-16
-56
-93
-124
-151
-175
-211
-216
-241
-263
-284
-318
-335
-358
-359
-350
-332
-298
-269
-231
-200
-173
-123
-91
-66
-49
-35
-9
4
12
17
2
4
-1
-10
-6
-21
-21
-36
-36
-49
-43
-18
-2
3
16
31
31
37
41
68
83
100
125
139
160
165
178
180
201
210
218
228
240
247
250
257
260
273
279
273
272
270
274
268
265
252
226
193
160
115
50
-20
-90
-151
-208
-266
-313
-360
-405
-456
-495
-537
-582
-626
-684
-709
-740
-740
-740
-741
-716
-663
-593
-532
-454
-370
-281
-183
-104
-12
98
208
307
371
447
540
617
673
715
763
806
824
818
813
812
800
768
742
715
676
626
555
488
402
343
290
200
119
45
-8
-84
-157
-210
-258
-299
-331
-374
-408
-411
-412
-384
-366
-341
-316
-288
-254
-216
-152
-87
-40
10
21
61
87
94
86
86
72
31
-35
-87
-161
-204
-222
-264
-285
-354
-388
-463
-529
-589
-676
-761
-821
-855
-874
-853
-878
-803
-760
-703
-615
-553
-389
-229
-71
70
219
398
556
719
829
926
1027
1124
1185
1173
1221
1273
1320
1299
1257
1239
1228
1212
1104
1040
1004
974
899
778
689
594
510
413
326
252
131
27
-133
-299
-418
-534
-580
-687
-776
-829
-924
-968
-1016
-1010
-1001
-998
-1022
-1027
-1005
-1009
-942
-992
-986
-1023
-1049
-1090
-1253
-1276
-1343
-1530
-1649
-1733
-1707
-1698
-1707
-1651
-1483
-1234
-1085
-944
-752
-456
-169
13
215
513
865
1114
1331
1526
1764
2013
2145
2228
2314
2443
2537
2456
2420
2387
2366
2325
2138
1960
1828
1736
1574
1369
1249
1174
1016
831
656
579
514
374
237
43
-2
-102
-227
-358
-475
-499
-587
-625
-711
-754
-775
-757
-847
-893
-911
-924
-919
-1011
-1030
-1082
-1063
-1066
-1149
-1145
-1163
-1184
-1228
-1222
-1225
-1254
-1207
-1267
-1304
-1298
-1244
-1163
-1202
-1232
-1282
-1234
-1220
-1231
-1191
-1057
-937
-845
-706
-581
-422
-269
-182
-80
89
305
442
613
797
1032
1265
1465
1657
1813
1977
2105
2195
2292
2403
2494
2500
2464
2410
2376
2256
2164
2081
1946
1846
1725
1596
1402
1206
1038
811
585
385
210
-50
-304
-567
-821
-1005
-1180
-1361
-1503
-1669
-1739
-1814
-1953
-2036
-2227
-2285
-2570
-2731
-2919
-2978
-3133
-3378
-3400
-3442
-3275
-3369
-3333
-3059
-2659
-2238
-2053
-1722
-1217
-606
-109
245
687
1244
1833
2143
2316
2613
2980
3324
3328
3308
3421
3673
3689
3502
3342
3277
3296
3054
2753
2480
2266
2154
1802
1451
1146
951
699
268
-58
-288
-457
-677
-876
-1083
-1198
-1176
-1242
-1299
-1296
-1181
-1103
-1068
-1082
-930
-763
-655
-609
-653
-518
-449
-450
-511
-519
-464
-493
-588
-757
-794
-774
-800
-957
-1056
-1083
-1136
-1386
-1743
-1875
-2089
-2125
-2436
-2657
-2724
-2799
-2695
-2864
-2752
-2470
-2159
-1876
-1786
-1458
-1025
-508
-189
101
512
1009
1565
1799
2122
2599
3078
3466
3581
3757
3999
4254
4275
4146
4096
4129
4106
3843
3556
3374
3198
2948
2489
2121
1805
1561
1223
839
518
298
132
-263
-695
-1022
-1300
-1590
-1932
-2276
-2513
-2642
-2830
-2987
-3100
-3050
-2947
-2978
-3030
-2854
-2781
-2663
-2700
-2623
-2410
-2254
-2070
-2057
-1955
-2153
-2203
-2261
-2216
-2255
-2492
-2426
-2451
-2119
-2061
-2110
-1890
-1530
-904
-627
-493
-95
523
1146
1296
1459
1790
2383
2765
2736
2820
3140
3694
3906
3818
3735
4016
4250
4156
3874
3699
3812
3683
3359
2865
2526
2402
2148
1736
1299
1013
887
630
244
-138
-267
-404
-631
-935
-1178
-1298
-1406
-1509
-1793
-1897
-2011
-2098
-2162
-2258
-2138
-2091
-2060
-2048
-2016
-1835
-1757
-1741
-1769
-1688
-1529
-1419
-1396
-1454
-1265
-1166
-1033
-1028
-1029
-899
-816
-685
-801
-917
-1142
-1125
-1302
-1499
-1850
-2081
-1972
-2030
-2076
-2315
-2279
-1973
-1664
-1401
-1330
-1042
-464
40
385
521
938
1536
2063
2378
2627
3109
3593
3937
3958
4010
4257
4577
4634
4465
4228
4120
4165
3976
3590
3149
2838
2639
2215
1685
1229
880
659
212
-297
-687
-968
-1261
-1664
-2101
-2464
-2668
-2787
-3033
-3303
-3384
-3258
-3099
-3037
-2906
-2632
-2336
-2093
-2025
-1847
-1519
-1275
-1136
-1122
-1005
-819
-728
-740
-760
-640
-414
-205
-178
61
288
477
570
273
170
109
-10
-232
-920
-1148
-1303
-1551
-1911
-2498
-2634
-2516
-2303
-2212
-2220
-1930
-1422
-893
-589
-287
211
841
1356
1673
1950
2371
2919
3271
3370
3437
3628
3909
3939
3821
3662
3649
3740
3672
3418
3163
2903
2795
2511
2206
1850
1463
1314
901
433
-31
-405
-641
-1062
-1505
-1948
-2300
-2426
-2598
-2892
-3108
-3098
-2958
-2745
-2629
-2412
-2069
-1641
-1312
-1120
-724
-319
-11
91
153
307
532
622
575
447
459
577
582
596
545
577
595
388
246
166
132
-158
-811
-1135
-1447
-1742
-2246
-2876
-3136
-3493
-3550
-3836
-4071
-4000
-3782
-3386
-3144
-2870
-2289
-1593
-984
-626
-198
482
1239
1723
2003
2363
2839
3316
3505
3646
3742
3993
4244
4240
4224
4128
4239
4183
3986
3712
3437
3218
2917
2435
1906
1430
1022
423
-7
-627
-1147
-1537
-2120
-2341
-2722
-2921
-3036
-3051
-2972
-2821
-2428
-2071
-1676
-1332
-927
-440
-70
304
635
962
1224
1406
1561
1682
1793
1735
1774
1686
1675
1735
1664
1604
1388
1372
1253
1015
754
353
-5
-520
-1176
-1846
-2521
-3099
-3663
-4278
-4725
-5125
-5343
-5537
-5685
-5630
-5435
-5068
-4701
-4394
-3928
-3358
-2791
-2237
-1814
-1184
-447
166
727
1275
1886
2562
3148
3624
4064
4528
4944
5197
5316
5324
5431
5512
5493
5295
5035
4748
4454
4083
3628
3229
2789
2395
1531
1032
660
82
-229
-1117
-1174
-1711
-1966
-2002
-2398
-2368
-2444
-2133
-2111
-2033
-1628
-1273
-945
-870
-435
-152
172
370
458
734
823
993
873
883
800
754
680
424
311
186
202
-18
-294
-401
-533
-844
-1292
-1673
-2203
-2817
-3284
-3791
-4177
-4827
-5181
-5553
-5770
-5794
-5928
-5738
-5537
-5127
-4766
-4381
-3848
-3240
-2448
-1798
-1138
-477
198
991
1500
1951
2420
3031
3608
3915
4324
4636
5118
5461
5635
5706
5906
6103
6096
5991
5843
5788
5642
5451
5053
4608
4319
3959
3207
2755
2106
1636
893
85
-312
-1091
-1279
-1744
-2080
-2168
-2256
-2111
-2050
-1976
-1798
-1490
-1315
-1187
-1026
-923
-774
-784
-893
-1016
-1080
-1134
-1347
-1514
-1731
-1761
-1839
-1951
-2007
-2032
-1958
-1941
-1998
-1879
-1841
-1887
-2005
-2088
-2359
-2704
-2970
-3443
-3651
-4156
-4341
-4637
-4899
-4836
-4996
-4840
-4680
-4240
-3757
-3293
-2661
-2041
-1275
-611
66
685
1368
2201
2704
3186
3458
3945
4368
4512
4640
4705
5026
5138
5241
5259
5380
5626
5664
5672
5659
5665
5706
5523
5221
4831
4582
4134
3485
2795
1877
1386
445
-225
-870
-1620
-1812
-2205
-2331
-2517
-2452
-2337
-2209
-1998
-1854
-1483
-1386
-1208
-1194
-1249
-1317
-1496
-1650
-1866
-1983
-2206
-2381
-2507
-2627
-2518
-2542
-2445
-2399
-2337
-2178
-2195
-2113
-2052
-1980
-2133
-2254
-2413
-2626
-3005
-3368
-3673
-4122
-4303
-4785
-4897
-5045
-4877
-4632
-4467
-4007
-3525
-2831
-2156
-1612
-1014
-282
497
1130
1687
2199
2776
3243
3556
3838
4138
4553
4967
5175
5396
5746
6163
6394
6504
6540
6717
6849
6850
6658
6413
6167
5854
5355
4735
4050
3486
2610
1761
1050
128
-480
-1445
-1957
-2488
-3088
-3236
-3692
-3798
-3841
-3725
-3557
-3545
-3423
-3273
-3090
-3106
-3004
-2974
-2941
-2814
-2944
-2865
-2821
-2714
-2624
-2513
-2364
-2249
-1884
-1729
-1502
-1349
-1178
-902
-815
-788
-800
-862
-925
-1218
-1384
-1888
-2234
-2605
-2971
-3128
-3679
-3673
-3860
-3802
-3743
-3814
-3546
-3195
-2634
-2180
-1779
-1280
-651
-24
503
976
1413
1983
2591
2860
3169
3453
3911
4270
4442
4665
4909
5359
5606
5839
5974
6219
6488
6566
6566
6441
6302
6119
5753
5196
4523
3981
3249
2244
1404
359
-310
-1138
-1933
-2443
-3273
-3537
-3927
-4214
-4306
-4396
-4248
-4217
-4240
-4138
-3977
-3882
-3938
-3874
-3811
-3769
-3759
-3804
-3684
-3498
-3233
-3090
-2740
-2477
-1917
-1327
-943
-516
-185
371
786
967
1190
1223
1263
1177
963
712
98
-148
-753
-1034
-1635
-2148
-2290
-2747
-2722
-3040
-3022
-2928
-2619
-2266
-2045
-1697
-1395
-878
-487
-167
156
500
1075
1403
1668
1970
2392
2859
3169
3524
3775
4252
4660
4984
5298
5574
6017
6245
6339
6251
6151
6005
5659
5180
4524
3887
3223
2587
1875
1142
537
-100
-668
-1284
-1892
-2428
-2874
-3134
-3500
-3739
-3977
-4084
-4180
-4311
-4345
-4384
-4340
-4362
-4327
-4231
-4118
-3930
-3776
-3465
-3125
-2797
-2451
-2094
-1616
-1246
-767
-353
54
546
863
1147
1270
1411
1400
1287
1120
850
364
-92
-511
-1132
-1523
-2257
-2644
-3055
-3383
-3517
-3795
-3739
-3547
-3210
-2938
-2725
-2359
-1855
-1373
-1002
-648
-201
238
690
920
1201
1591
2052
2498
2824
3221
3642
4207
4713
5123
5462
5860
6140
6322
6324
6331
6217
6050
5717
5227
4626
4137
3424
2658
2162
1280
829
-11
-500
-1031
-1858
-2129
-2643
-2784
-3030
-3144
-3198
-3304
-3249
-3187
-3106
-3120
-3054
-2862
-2796
-2728
-2776
-2641
-2502
-2247
-2011
-1826
-1494
-1225
-760
-503
-259
-123
149
401
331
128
-14
-199
-359
-735
-1112
-1779
-2163
-2602
-3005
-3391
-4025
-4093
-4358
-4375
-4467
-4485
-4153
-3849
-3481
-3377
-3188
-2789
-2253
-1721
-1383
-868
-388
258
868
1220
1734
2208
2972
3435
3908
4396
4864
5444
5687
6060
6334
6621
6847
6867
6787
6605
6483
6156
5744
5197
4623
4123
3481
2868
2098
1409
810
90
-512
-1161
-1610
-2055
-2435
-2763
-3042
-3182
-3342
-3300
-3455
-3522
-3562
-3490
-3320
-3289
-3123
-2964
-2766
-2681
-2558
-2341
-2147
-1873
-1707
-1426
-1069
-790
-441
-343
-147
22
152
122
-28
-126
-320
-627
-1105
-1721
-2155
-2692
-3218
-3769
-4371
-4544
-4869
-4992
-5164
-5143
-4885
-4485
-4024
-3691
-3196
-2668
-1955
-1408
-902
-341
196
861
1315
1796
2265
2714
3330
3851
4385
4715
5228
5697
6013
6399
6625
6987
7173
7274
7118
6979
6747
6417
6023
5463
4897
4291
3518
2667
2035
1181
498
-307
-966
-1422
-2142
-2414
-2701
-3027
-3154
-3243
-3254
-3374
-3553
-3488
-3335
-3360
-3375
-3167
-3139
-3098
-3137
-3115
-2991
-2885
-2556
-2330
-2089
-1872
-1469
-1201
-1086
-913
-656
-370
-419
-564
-669
-834
-1103
-1525
-2062
-2653
-2990
-3479
-3757
-4291
-4577
-4661
-4676
-4551
-4521
-4242
-3737
-3152
-2598
-2054
-1406
-749
-168
370
815
1333
1767
2215
2594
2882
3218
3610
4071
4439
4704
4882
5281
5525
5666
5805
6008
6177
6362
6303
6167
5925
5692
5390
4979
4467
3936
3447
2809
2026
1264
763
338
-244
-793
-1186
-1553
-1805
-2078
-2362
-2496
-2568
-2566
-2693
-2926
-3073
-3148
-3263
-3310
-3450
-3540
-3613
-3598
-3615
-3596
-3488
-3391
-3266
-3188
-3033
-2702
-2430
-2173
-2052
-1919
-1626
-1492
-1392
-1435
-1531
-1503
-1630
-1738
-2058
-2177
-2416
-2533
-2775
-2976
-2833
-2901
-2711
-2718
-2530
-2143
-1684
-1110
-702
-306
130
620
997
1341
1739
2085
2484
2705
2886
3069
3297
3544
3649
3900
4044
4384
4573
4716
4895
5033
5255
5353
5331
5266
5191
4980
4751
4393
3989
3530
3098
2491
2006
1509
1069
638
186
-243
-593
-941
-1223
-1443
-1750
-1964
-2176
-2274
-2384
-2620
-2777
-2900
-3005
-3085
-3144
-3286
-3432
-3517
-3579
-3581
-3593
-3537
-3423
-3336
-3202
-3004
-2711
-2531
-2285
-2018
-1696
-1459
-1321
-1072
-1011
-937
-984
-1188
-1275
-1421
-1454
-1621
-1855
-1907
-1996
-1933
-2020
-2028
-1782
-1469
-1075
-809
-539
-138
252
595
788
1136
1579
1959
2202
2363
2546
2738
2952
3088
3145
3177
3369
3573
3721
3792
3857
4134
4264
4319
4217
4218
4301
4169
4077
3840
3561
3322
3036
2379
1886
1507
888
516
-230
-367
-730
-1110
-1271
-1640
-1780
-1921
-1798
-1825
-2056
-2121
-1998
-1940
-2136
-2105
-2055
-2115
-2230
-2387
-2473
-2660
-2661
-2720
-2772
-2848
-2775
-2325
-2245
-2115
-2048
-1652
-1268
-1077
-1005
-801
-663
-750
-849
-1000
-1127
-1405
-1587
-2021
-2206
-2578
-2656
-2697
-2952
-2878
-2696
-2282
-1909
-1689
-1301
-747
-294
127
545
1021
1472
1824
2053
2297
2394
2522
2559
2584
2557
2614
2892
3060
3229
3269
3520
3878
4079
4260
4454
4620
4749
4697
4653
4469
4207
3864
3411
2929
2322
1876
1458
997
435
-84
-356
-599
-835
-1060
-1114
-1154
-1236
-1268
-1403
-1495
-1700
-1839
-2043
-2255
-2416
-2631
-2812
-3153
-3420
-3571
-3610
-3571
-3667
-3508
-3309
-3008
-2725
-2533
-2105
-1728
-1297
-951
-617
-365
-245
-164
-277
-582
-706
-1023
-1282
-1687
-2222
-2351
-2614
-2654
-2756
-2784
-2530
-2191
-1788
-1382
-903
-442
65
439
685
967
1209
1537
1689
1699
1768
1843
1934
1902
1989
2020
2220
2512
2756
3115
3426
3795
4136
4359
4547
4716
4850
4915
4762
4548
4218
3938
3483
2919
2335
1789
1438
989
535
208
-77
-298
-545
-743
-801
-938
-1083
-1222
-1324
-1466
-1606
-1795
-2069
-2355
-2734
-2979
-3268
-3487
-3704
-3852
-3907
-3968
-3903
-3839
-3599
-3283
-2981
-2584
-2326
-1903
-1459
-1047
-727
-602
-382
-343
-489
-619
-845
-1079
-1362
-1827
-1960
-2190
-2206
-2202
-2229
-2001
-1621
-1247
-974
-696
-328
192
513
827
1060
1192
1481
1608
1635
1685
1794
1867
1858
1867
1898
2088
2335
2509
2687
2828
3169
3534
3810
4000
4205
4408
4558
4697
4504
4319
4128
3804
3451
2935
2577
2241
1878
1374
945
657
388
189
-139
-346
-458
-615
-711
-1055
-1243
-1451
-1669
-1941
-2336
-2666
-3016
-3229
-3541
-3799
-4043
-4282
-4328
-4432
-4378
-4313
-4070
-3842
-3634
-3329
-3054
-2555
-2211
-1799
-1424
-1182
-841
-715
-716
-563
-671
-604
-741
-983
-955
-1162
-1105
-1188
-1219
-1151
-968
-750
-613
-383
-79
424
769
1038
1321
1617
1929
2108
2309
2355
2461
2490
2374
2274
2115
2189
2274
2311
2398
2402
2629
2884
3077
3199
3334
3669
3871
4001
3999
3985
4001
3817
3508
3053
2624
2152
1731
1128
595
170
-191
-434
-889
-1087
-1250
-1302
-1317
-1466
-1400
-1424
-1465
-1646
-1912
-2161
-2506
-2701
-3040
-3417
-3694
-3959
-4148
-4343
-4509
-4498
-4311
-4042
-3775
-3369
-2843
-2260
-1686
-1273
-791
-526
-174
-63
40
141
9
25
-446
-534
-871
-1032
-1050
-1232
-1112
-1047
-685
-424
-139
231
620
1054
1315
1661
1960
2165
2358
2307
2287
2139
2052
1876
1558
1410
1293
1431
1457
1640
1719
1987
2349
2613
2920
3175
3482
3624
3705
3676
3606
3569
3360
3104
2718
2257
1921
1474
1072
642
310
71
-64
-279
-432
-473
-527
-482
-637
-810
-1036
-1257
-1519
-1918
-2323
-2726
-3081
-3446
-3901
-4234
-4431
-4571
-4676
-4688
-4510
-4176
-3742
-3309
-2921
-2561
-2110
-1587
-1083
-624
-334
-113
194
150
242
166
9
-66
-494
-513
-660
-608
-586
-570
-349
-100
289
448
679
900
1205
1462
1597
1754
1839
1951
1908
1811
1657
1459
1373
1205
1000
798
665
793
740
761
812
1070
1407
1706
1920
2080
2371
2535
2694
2626
2547
2509
2429
2348
2005
1776
1615
1462
1178
869
705
576
548
474
379
353
299
246
49
-229
-414
-598
-841
-1245
-1594
-2009
-2302
-2596
-2985
-3213
-3469
-3509
-3601
-3645
-3610
-3399
-3070
-2814
-2559
-2242
-1742
-1305
-816
-432
-107
167
406
340
367
287
193
194
-130
-93
-231
-208
-171
-250
-180
-62
127
256
336
447
643
839
825
761
672
659
619
423
352
196
118
-5
-121
-239
-269
-68
29
142
283
550
980
1320
1584
1865
2109
2453
2644
2648
2700
2791
2715
2585
2392
2260
2192
2074
1920
1627
1468
1303
1276
1034
830
776
641
589
266
93
-72
-280
-597
-980
-1356
-1786
-2043
-2452
-2832
-3168
-3398
-3548
-3752
-3952
-3975
-3754
-3588
-3377
-3090
-2703
-2219
-1816
-1300
-898
-616
-346
-100
4
-60
62
-6
143
-140
-347
-277
-438
-389
-610
-676
-566
-368
-161
-15
193
367
742
902
975
984
952
1152
1032
954
858
872
899
705
614
517
628
718
705
792
911
1264
1639
1918
2096
2334
2647
2865
3059
2944
3078
3098
2995
2842
2472
2416
2162
1860
1543
1280
1057
948
826
551
447
263
244
115
-195
-376
-637
-858
-1186
-1567
-1889
-2255
-2609
-3068
-3411
-3705
-3928
-3967
-4051
-4002
-3863
-3594
-3233
-2949
-2647
-2208
-1678
-1411
-1095
-779
-442
-126
58
144
125
229
88
96
-164
-344
-208
-288
-201
-372
-421
-228
-52
55
70
180
408
605
693
762
865
886
997
933
859
802
740
775
650
626
656
834
1015
1177
1377
1549
1851
2132
2326
2406
2616
2841
2936
2996
2836
2861
2760
2566
2368
2008
1849
1668
1444
1095
803
538
396
286
59
-63
-308
-472
-709
-1036
-1216
-1574
-1870
-2209
-2527
-2912
-3283
-3553
-3835
-3975
-4153
-4198
-4142
-4050
-3915
-3663
-3218
-2800
-2358
-1921
-1466
-938
-573
-122
241
560
945
1103
1388
1418
1412
1517
1339
1340
1049
963
884
696
670
396
321
264
351
368
356
331
402
605
547
598
577
628
738
564
526
371
401
457
398
434
416
578
676
848
927
1055
1381
1637
1839
1930
2119
2294
2381
2388
2238
2260
2160
1994
1835
1561
1428
1233
970
680
305
63
-23
-148
-429
-656
-950
-1089
-1288
-1632
-1882
-2196
-2439
-2694
-2956
-3218
-3422
-3409
-3497
-3522
-3510
-3385
-3093
-2868
-2667
-2375
-1910
-1396
-911
-556
-70
365
797
1190
1525
1733
1969
2179
2339
2242
2121
2156
1919
1880
1351
1251
1049
770
643
253
199
95
102
6
-172
-386
-358
-308
-491
-626
-797
-833
-879
-1084
-1133
-1203
-1088
-1033
-1033
-987
-942
-590
-356
-65
95
355
817
1209
1522
1727
1975
2212
2305
2285
2166
2193
2104
2050
1908
1680
1602
1476
1399
1102
877
689
536
351
34
-172
-452
-595
-800
-1058
-1310
-1640
-1859
-2123
-2266
-2472
-2672
-2755
-2856
-2813
-2749
-2490
-2253
-1981
-1656
-1219
-749
-332
56
539
1015
1435
1781
2101
2331
2445
2570
2681
2755
2604
2320
2155
1863
1448
1112
555
315
-84
-422
-743
-1143
-1335
-1538
-1699
-1909
-2172
-2450
-2502
-2485
-2636
-2679
-2687
-2603
-2416
-2406
-2247
-2165
-1933
-1662
-1407
-1097
-757
-171
218
612
921
1291
1794
2191
2441
2628
2946
3273
3497
3620
3517
3612
3507
3463
3315
3042
2931
2772
2624
2195
1825
1522
1308
918
403
41
-272
-431
-862
-1306
-1727
-2042
-2250
-2443
-2614
-2867
-2949
-3021
-3033
-3004
-2971
-2735
-2416
-2046
-1657
-1153
-624
-89
312
612
1007
1378
1748
2019
2135
2244
2313
2363
2289
2041
1602
1394
997
596
179
-385
-566
-1047
-1451
-1868
-2292
-2484
-2708
-2940
-3163
-3340
-3441
-3343
-3384
-3524
-3580
-3496
-3316
-3111
-2905
-2566
-2160
-1664
-1193
-692
-177
398
1023
1536
2105
2575
3171
3760
4100
4346
4547
4782
5007
4985
4931
4717
4663
4558
4237
3954
3501
3238
2797
2309
1765
1246
905
516
26
-540
-935
-1280
-1646
-2067
-2507
-2922
-3252
-3581
-3854
-4085
-4250
-4288
-4155
-3954
-3694
-3382
-2944
-2295
-1720
-1082
-443
249
819
1208
1643
2001
2428
2665
2831
2927
2899
2953
2818
2670
2429
2153
1743
1371
1134
612
336
-327
-751
-1230
-1750
-2068
-2715
-3071
-3421
-3621
-3937
-4285
-4354
-4440
-4366
-4385
-4273
-3961
-3609
-3066
-2700
-2191
-1653
-933
-173
369
964
1474
2190
2752
3234
3602
3961
4469
4766
4942
4952
4981
5047
4964
4782
4446
4224
3946
3503
3018
2402
1971
1524
1026
475
-40
-462
-980
-1468
-2102
-2518
-2829
-3171
-3439
-3840
-4045
-4198
-4190
-4153
-4035
-3729
-3406
-2845
-2416
-1824
-1178
-571
90
611
1191
1760
2326
2756
3088
3419
3636
3897
3903
3869
3712
3475
3291
2958
2762
2330
2014
1417
897
475
-241
-650
-1450
-1980
-2589
-3181
-3693
-4457
-4886
-5247
-5472
-5732
-5911
-5894
-5789
-5474
-5284
-4870
-4427
-3933
-3269
-2824
-2175
-1519
-686
121
756
1374
1969
2742
3317
3844
4284
4768
5207
5412
5554
5563
5663
5661
5522
5202
4771
4508
4068
3657
3081
2462
2063
1579
1061
393
-133
-581
-970
-1477
-2049
-2481
-2781
-2929
-3197
-3395
-3454
-3410
-3255
-3091
-2923
-2581
-2114
-1635
-1253
-685
-130
560
1173
1639
2144
2638
3151
3479
3656
3700
3730
3719
3643
3379
3049
2726
2389
1945
1463
968
492
-56
-835
-1346
-1983
-2571
-3209
-3938
-4411
-5005
-5398
-5816
-6200
-6410
-6538
-6633
-6678
-6700
-6557
-6106
-5680
-5175
-4556
-3850
-3049
-2290
-1499
-696
176
1111
1921
2701
3389
4052
4741
5281
5664
5907
6188
6398
6524
6469
6339
6183
5936
5647
5188
4850
4448
3913
3348
2665
2160
1683
1169
575
-89
-672
-1141
-1580
-2134
-2564
-2796
-2973
-3081
-3148
-3027
-2845
-2569
-2284
-2047
-1612
-1154
-519
-56
365
905
1375
1905
2189
2380
2569
2707
2816
2775
2746
2538
2340
2053
1700
1348
887
473
-59
-558
-1105
-1555
-2054
-2583
-3205
-3814
-4206
-4758
-5127
-5682
-5996
-6206
-6483
-6577
-6817
-6780
-6592
-6312
-5941
-5580
-5014
-4290
-3535
-2869
-2185
-1374
-574
240
933
1650
2365
3110
3886
4448
4987
5447
6040
6462
6686
6810
6922
7088
7050
6851
6492
6201
5865
5363
4794
4129
3583
3006
2369
1710
1048
570
123
-383
-935
-1340
-1589
-1790
-1920
-2082
-2053
-1960
-1782
-1630
-1553
-1447
-1292
-1075
-871
-683
-472
-205
26
172
314
493
688
843
861
935
1036
1107
1012
795
507
205
-106
-542
-984
-1485
-1953
-2444
-2950
-3431
-3846
-4241
-4552
-4928
-5304
-5477
-5686
-5743
-5843
-5931
-5817
-5741
-5542
-5382
-5226
-4846
-4390
-3905
-3462
-3001
-2420
-1728
-1013
-377
363
1037
1796
2513
3117
3762
4444
5042
5500
5953
6237
6561
6771
6864
6825
6696
6567
6398
6139
5691
5228
4703
4193
3682
3105
2606
2144
1629
1185
707
407
145
-107
-315
-510
-601
-584
-636
-725
-722
-674
-587
-535
-488
-455
-430
-448
-446
-467
-452
-381
-353
-383
-376
-306
-231
-169
-189
-281
-447
-583
-778
-1034
-1387
-1694
-2022
-2436
-2875
-3356
-3770
-4123
-4454
-4770
-4966
-5192
-5258
-5286
-5278
-5316
-5087
-4917
-4652
-4471
-4379
-3984
-3773
-3431
-3257
-3024
-2662
-2198
-1747
-1415
-1035
-564
98
660
1187
1778
2326
2893
3375
3808
4299
4730
5163
5481
5721
5851
6019
6174
6128
5961
5649
5390
5121
4751
4297
3850
3456
3112
2774
2274
1919
1595
1325
1159
926
794
779
768
749
708
647
738
801
708
619
510
367
294
88
-146
-332
-582
-747
-940
-1128
-1305
-1454
-1582
-1686
-1815
-1913
-1951
-2064
-2285
-2473
-2667
-2881
-3136
-3498
-3803
-4123
-4455
-4784
-4976
-5125
-5170
-5167
-5141
-4951
-4848
-4608
-4233
-3881
-3538
-3133
-2697
-2395
-2143
-2030
-1791
-1563
-1417
-1239
-1148
-880
-607
-340
-20
247
629
1099
1605
2000
2391
2868
3374
3890
4218
4587
4863
5156
5390
5445
5479
5422
5452
5357
5155
4917
4782
4666
4449
4203
3902
3777
3649
3471
3294
3097
3069
2932
2835
2648
2457
2338
2191
1998
1669
1406
1137
838
374
-162
-620
-1030
-1343
-1745
-2177
-2570
-2876
-3093
-3372
-3568
-3667
-3797
-3864
-3980
-4081
-4154
-4252
-4411
-4553
-4690
-4702
-4789
-4918
-5022
-5036
-4963
-4894
-4773
-4626
-4405
-4182
-3816
-3440
-3080
-2641
-2243
-1906
-1548
-1226
-947
-754
-570
-450
-370
-235
-163
-35
40
99
176
292
468
666
924
1152
1408
1701
2067
2395
2709
3020
3285
3595
3852
4089
4353
4578
4775
4958
5053
5105
5149
5224
5222
5223
5197
5194
5088
4981
4854
4645
4496
4191
4018
3699
3438
3241
2956
2660
2265
1974
1693
1304
852
439
-8
-464
-913
-1454
-1975
-2459
-2979
-3468
-3997
-4423
-4751
-5081
-5365
-5660
-5823
-5930
-5926
-5982
-5987
-5896
-5776
-5577
-5372
-5141
-4964
-4688
-4407
-4162
-3929
-3680
-3374
-3063
-2737
-2423
-2090
-1786
-1445
-1092
-724
-290
33
366
592
769
1001
1058
1206
1222
1207
1175
1140
1187
1138
1138
1046
1066
1114
1193
1270
1369
1532
1752
2097
2330
2680
2991
3339
3726
3974
4295
4582
4892
5137
5253
5372
5491
5602
5626
5569
5460
5391
5291
5091
4883
4581
4271
3921
3494
3064
2590
2214
1802
1322
833
344
-142
-666
-1168
-1701
-2255
-2735
-3239
-3732
-4315
-4821
-5266
-5700
-6082
-6423
-6616
-6772
-6880
-6921
-6876
-6761
-6545
-6309
-6062
-5722
-5328
-4865
-4388
-3925
-3421
-2960
-2489
-2022
-1590
-1112
-656
-235
129
472
807
1206
1516
1793
2028
2280
2492
2638
2787
2857
2879
2891
2823
2732
2623
2386
2210
1935
1735
1533
1299
1197
1030
962
983
1046
1169
1332
1501
1769
2052
2341
2678
2949
3282
3622
3884
4160
4424
4671
4805
4856
4917
4892
4853
4713
4496
4206
3832
3456
3027
2588
2122
1587
1127
611
76
-412
-943
-1460
-1965
-2461
-2906
-3287
-3682
-4080
-4468
-4881
-5212
-5622
-5989
-6318
-6575
-6683
-6719
-6660
-6512
-6306
-6041
-5689
-5295
-4841
-4355
-3860
-3335
-2770
-2225
-1687
-1157
-641
-157
287
698
1084
1470
1713
1984
2180
2405
2620
2730
2863
2919
2987
3052
3141
3174
3142
3093
2985
2830
2622
2325
1990
1657
1356
1139
877
693
542
359
270
238
293
440
600
759
1010
1254
1532
1852
2183
2498
2771
3013
3258
3442
3608
3702
3738
3733
3617
3488
3327
3125
2849
2514
2127
1733
1348
968
490
6
-504
-1000
-1395
-1825
-2218
-2662
-3053
-3373
-3753
-4090
-4374
-4622
-4915
-5126
-5303
-5441
-5505
-5561
-5550
-5514
-5398
-5137
-4821
-4496
-4112
-3743
-3279
-2712
-2194
-1646
-1145
-609
-107
321
763
1174
1548
1888
2171
2400
2613
2744
2851
2900
2919
2916
2857
2838
2789
2720
2636
2503
2329
2112
1926
1710
1556
1390
1278
1113
952
768
615
506
361
296
182
176
218
285
410
499
582
678
814
997
1198
1359
1474
1651
1796
1917
2031
2140
2218
2224
2224
2155
2059
1950
1821
1567
1262
892
516
72
-402
-882
-1290
-1732
-2137
-2430
-2782
-2970
-3232
-3433
-3572
-3669
-3657
-3663
-3636
-3654
-3678
-3632
-3559
-3477
-3420
-3273
-3107
-2959
-2761
-2534
-2230
-1932
-1628
-1281
-910
-499
-83
338
746
1088
1460
1831
2104
2278
2380
2496
2508
2478
2425
2376
2266
2138
1981
1871
1776
1650
1608
1521
1412
1276
1251
1217
1167
1120
1076
1112
1124
1118
1068
1081
1033
979
834
680
583
440
424
333
249
204
158
151
152
134
186
270
319
420
457
486
539
486
436
339
176
54
-102
-311
-545
-748
-1010
-1290
-1504
-1731
-1898
-2116
-2254
-2320
-2392
-2344
-2286
-2144
-2034
-1939
-1771
-1590
-1364
-1227
-1108
-970
-879
-781
-706
-647
-631
-632
-623
-550
-468
-352
-170
-50
113
289
479
687
876
1054
1203
1307
1330
1401
1433
1459
1493
1430
1400
1302
1202
1127
993
893
797
745
716
686
714
782
810
893
1025
1154
1262
1353
1462
1532
1544
1567
1512
1456
1360
1169
1043
860
619
404
119
-99
-320
-545
-716
-935
-1097
-1262
-1411
-1557
-1687
-1792
-1855
-1945
-2054
-2127
-2221
-2243
-2301
-2348
-2330
-2376
-2378
-2435
-2381
-2318
-2253
-2087
-1886
-1626
-1349
-1044
-762
-439
-82
180
393
655
856
1025
1146
1229
1272
1362
1464
1529
1559
1578
1608
1618
1616
1554
1496
1472
1451
1445
1421
1418
1387
1367
1346
1221
1138
1066
1017
972
878
795
712
637
464
290
188
182
127
115
209
235
313
425
541
627
710
840
938
993
985
987
1004
964
884
709
565
365
140
-114
-414
-687
-971
-1208
-1517
-1802
-2054
-2341
-2514
-2799
-3002
-3221
-3416
-3536
-3657
-3692
-3752
-3705
-3689
-3561
-3431
-3312
-3054
-2836
-2508
-2180
-1826
-1423
-1012
-573
-189
253
680
1111
1546
1955
2323
2660
2985
3232
3434
3564
3643
3685
3675
3625
3504
3383
3197
2967
2759
2517
2330
2127
1857
1606
1370
1144
927
768
588
416
341
266
212
102
26
-63
-209
-282
-381
-405
-460
-529
-532
-526
-508
-500
-440
-353
-253
-97
36
182
302
405
472
519
550
500
430
313
196
69
-106
-295
-549
-779
-1041
-1260
-1492
-1733
-1923
-2133
-2273
-2440
-2522
-2615
-2797
-2977
-3134
-3286
-3394
-3495
-3610
-3612
-3622
-3564
-3472
-3312
-3074
-2832
-2557
-2211
-1839
-1398
-916
-455
36
505
970
1440
1917
2384
2820
3144
3461
3739
3933
4078
4204
4251
4212
4163
4019
3902
3685
3474
3211
2952
2737
2517
2342
2169
2030
1896
1788
1647
1466
1340
1228
1101
953
781
627
469
264
89
-118
-327
-463
-585
-689
-788
-872
-863
-852
-823
-728
-628
-522
-481
-443
-491
-546
-562
-645
-744
-887
-1059
-1226
-1387
-1562
-1731
-1842
-1973
-2082
-2249
-2374
-2470
-2574
-2615
-2720
-2786
-2828
-2879
-2976
-3048
-3089
-3125
-3109
-3153
-3151
-3141
-3053
-2897
-2751
-2529
-2307
-1958
-1550
-1153
-736
-294
233
725
1235
1686
2111
2568
2964
3296
3513
3708
3888
4049
4095
4071
4074
4041
3978
3870
3717
3569
3435
3308
3150
2967
2769
2587
2365
2104
1861
1623
1433
1209
935
653
415
264
90
-91
-271
-437
-532
-616
-664
-759
-810
-817
-825
-837
-886
-935
-1012
-1013
-1028
-1041
-1008
-981
-959
-971
-982
-1011
-1018
-1104
-1210
-1301
-1399
-1468
-1540
-1643
-1746
-1860
-1978
-2063
-2098
-2160
-2205
-2255
-2293
-2258
-2231
-2117
-2055
-1961
-1838
-1748
-1635
-1547
-1451
-1391
-1285
-1153
-1049
-922
-789
-631
-488
-325
-168
56
289
469
642
855
1044
1192
1348
1510
1665
1793
1933
2046
2162
2216
2297
2391
2441
2488
2535
2588
2558
2523
2432
2366
2314
2247
2192
2105
2060
2044
2042
2075
2042
2014
2003
1914
1867
1803
1717
1549
1379
1156
944
716
471
263
16
-178
-349
-488
-637
-778
-883
-1016
-1160
-1300
-1396
-1539
-1687
-1835
-1975
-2144
-2349
-2492
-2708
-2872
-3041
-3208
-3287
-3334
-3340
-3337
-3314
-3274
-3159
-3011
-2850
-2636
-2475
-2273
-2051
-1890
-1728
-1585
-1466
-1366
-1332
-1288
-1203
-1154
-1109
-1079
-1009
-854
-694
-508
-285
-30
291
667
1028
1428
1780
2112
2459
2741
3004
3224
3424
3510
3557
3531
3476
3430
3348
3257
3120
3031
2943
2859
2811
2751
2721
2705
2674
2619
2557
2494
2404
2285
2123
1969
1743
1510
1273
1000
740
486
252
-22
-240
-436
-622
-765
-896
-1019
-1126
-1167
-1228
-1270
-1309
-1387
-1453
-1604
-1721
-1896
-2058
-2228
-2425
-2604
-2788
-2930
-3076
-3171
-3244
-3325
-3328
-3322
-3272
-3161
-3033
-2859
-2701
-2523
-2311
-2091
-1882
-1698
-1532
-1408
-1307
-1197
-1091
-995
-915
-796
-653
-517
-360
-215
-56
133
332
587
846
1095
1304
1490
1659
1805
1955
2041
2096
2094
2057
2034
1980
1886
1829
1792
1742
1716
1694
1738
1822
1897
1974
2048
2171
2308
2403
2475
2493
2490
2487
2451
2390
2300
2176
2059
1884
1717
1545
1321
1167
1027
889
777
673
602
476
324
184
44
-139
-322
-516
-739
-935
-1183
-1387
-1620
-1826
-2035
-2195
-2337
-2471
-2578
-2676
-2725
-2757
-2799
-2822
-2861
-2893
-2910
-2922
-2890
-2832
-2769
-2671
-2573
-2474
-2286
-2164
-2043
-1909
-1732
-1554
-1389
-1246
-1064
-864
-695
-537
-386
-249
-143
-21
64
172
267
338
370
408
469
527
598
678
832
973
1121
1292
1464
1670
1834
2019
2201
2343
2508
2608
2736
2851
2962
3044
3072
3104
3095
3084
3074
3058
3002
2925
2852
2715
2558
2407
2230
2092
1951
1751
1545
1314
1066
792
519
298
55
-202
-487
-773
-1092
-1407
-1671
-1902
-2095
-2260
-2403
-2512
-2603
-2644
-2688
-2743
-2789
-2838
-2845
-2816
-2748
-2685
-2618
-2529
-2478
-2393
-2335
-2285
-2198
-2122
-2034
-1975
-1917
-1848
-1719
-1635
-1531
-1385
-1255
-1088
-964
-787
-606
-470
-340
-272
-227
-192
-165
-151
-96
-73
-87
-32
10
67
168
287
470
683
911
1155
1423
1626
1842
2034
2182
2396
2607
2779
2902
3006
3099
3141
3162
3168
3135
3114
3155
3151
3189
3200
3183
3154
3065
2929
2792
2615
2403
2219
1968
1737
1452
1168
836
471
87
-285
-577
-882
-1158
-1400
-1621
-1793
-1950
-2051
-2119
-2171
-2209
-2218
-2275
-2311
-2323
-2318
-2318
-2378
-2390
-2417
-2442
-2409
-2352
-2284
-2204
-2125
-2039
-1942
-1870
-1795
-1740
-1667
-1600
-1546
-1463
-1407
-1351
-1342
-1324
-1346
-1415
-1488
-1588
-1658
-1684
-1741
-1755
-1729
-1660
-1548
-1448
-1302
-1149
-964
-777
-545
-293
-15
293
606
931
1199
1455
1705
1928
2172
2454
2731
2965
3195
3430
3666
3846
4017
4140
4253
4338
4329
4327
4286
4213
4136
3980
3786
3525
3248
2964
2635
2290
1912
1550
1119
746
392
62
-266
-563
-828
-1074
-1258
-1460
-1630
-1780
-1943
-2043
-2133
-2230
-2287
-2328
-2381
-2382
-2414
-2473
-2508
-2515
-2491
-2446
-2375
-2288
-2196
-2121
-2043
-1954
-1890
-1825
-1740
-1657
-1589
-1532
-1484
-1445
-1396
-1368
-1383
-1369
-1369
-1403
-1432
-1476
-1499
-1507
-1478
-1484
-1432
-1359
-1273
-1158
-1044
-864
-711
-531
-332
-141
58
254
444
628
868
1123
1368
1604
1809
2013
2206
2429
2657
2841
3019
3173
3298
3466
3585
3693
3767
3800
3812
3781
3713
3612
3481
3334
3123
2890
2644
2364
2120
1831
1564
1318
1058
802
541
278
14
-200
-450
-661
-894
-1130
-1329
-1532
-1734
-1900
-2038
-2207
-2328
-2463
-2591
-2678
-2740
-2794
-2786
-2767
-2735
-2694
-2663
-2633
-2569
-2491
-2417
-2360
-2269
-2171
-2113
-2010
-1935
-1841
-1764
-1711
-1606
-1552
-1496
-1423
-1356
-1301
-1233
-1181
-1121
-1039
-957
-877
-823
-718
-592
-455
-295
-121
38
201
405
590
794
1034
1206
1437
1668
1916
2178
2373
2552
2698
2874
3012
3135
3275
3379
3463
3535
3582
3563
3533
3473
3365
3258
3171
3061
2906
2764
2565
2346
2139
1907
1694
1423
1167
907
627
391
138
-75
-331
-569
-758
-972
-1129
-1310
-1474
-1624
-1816
-1996
-2180
-2344
-2538
-2680
-2807
-2911
-2986
-3021
-3013
-3036
-3036
-3029
-3002
-2940
-2863
-2764
-2648
-2541
-2422
-2338
-2269
-2203
-2155
-2082
-1988
-1882
-1761
-1633
-1519
-1399
-1258
-1127
-978
-806
-637
-460
-285
-91
101
301
486
682
895
1111
1301
1461
1588
1724
1854
1984
2156
2320
2458
2589
2714
2848
2947
3033
3082
3153
3194
3201
3196
3158
3116
3030
2938
2829
2672
2515
2304
2089
1867
1658
1479
1325
1196
1046
862
675
490
286
83
-128
-305
-466
-630
-787
-911
-1057
-1197
-1328
-1429
-1550
-1661
-1749
-1850
-1930
-2036
-2130
-2193
-2264
-2348
-2418
-2483
-2492
-2489
-2481
-2448
-2398
-2356
-2333
-2302
-2284
-2272
-2282
-2229
-2203
-2176
-2111
-2061
-2020
-1958
-1902
-1802
-1662
-1499
-1305
-1126
-975
-800
-631
-441
-225
-12
179
402
634
862
1094
1301
1530
1701
1892
2077
2291
2434
2557
2652
2725
2804
2884
2961
3049
3137
3220
3261
3255
3240
3120
3000
2863
2719
2567
2405
2238
2062
1884
1663
1431
1199
999
771
494
264
72
-121
-276
-424
-549
-649
-739
-818
-880
-948
-997
-1054
-1110
-1192
-1265
-1351
-1441
-1483
-1535
-1559
-1575
-1618
-1671
-1681
-1718
-1781
-1841
-1895
-1945
-2010
-2089
-2135
-2177
-2207
-2208
-2224
-2247
-2270
-2265
-2261
-2254
-2220
-2203
-2139
-2063
-2019
-1962
-1825
-1662
-1525
-1330
-1167
-952
-703
-461
-193
118
432
782
1111
1375
1668
1912
2170
2427
2662
2867
3061
3195
3316
3401
3462
3553
3592
3609
3599
3589
3590
3544
3424
3311
3163
2953
2713
2464
2184
1866
1540
1230
907
565
223
-148
-504
-806
-1050
-1259
-1413
-1543
-1606
-1642
-1691
-1691
-1706
-1703
-1710
-1737
-1753
-1743
-1718
-1703
-1666
-1677
-1666
-1674
-1695
-1680
-1637
-1593
-1536
-1472
-1398
-1334
-1259
-1177
-1087
-993
-927
-880
-872
-899
-968
-1025
-1069
-1123
-1197
-1265
-1309
-1319
-1295
-1250
-1144
-1029
-905
-766
-625
-443
-300
-138
39
233
440
626
802
958
1138
1313
1472
1623
1746
1886
2037
2156
2287
2421
2537
2592
2652
2701
2725
2748
2718
2698
2602
2486
2350
2190
2023
1810
1595
1332
1066
845
607
373
131
-146
-408
-632
-832
-973
-1099
-1189
-1281
-1327
-1386
-1438
-1447
-1460
-1470
-1482
-1470
-1465
-1405
-1339
-1301
-1253
-1192
-1152
-1108
-1061
-1000
-970
-958
-936
-938
-914
-899
-883
-872
-854
-841
-839
-831
-872
-932
-988
-1039
-1102
-1144
-1143
-1110
-1073
-1066
-1030
-964
-896
-786
-662
-506
-375
-224
-86
61
183
305
439
558
689
816
956
1067
1214
1340
1490
1660
1783
1942
2079
2196
2306
2400
2496
2534
2550
2547
2485
2380
2280
2147
2001
1866
1736
1563
1381
1187
981
805
626
442
282
112
-73
-240
-427
-619
-804
-980
-1179
-1363
-1486
-1600
-1707
-1818
-1910
-1974
-2022
-2048
-2050
-2025
-1966
-1872
-1784
-1672
-1545
-1475
-1391
-1317
-1236
-1158
-1098
-1071
-1054
-1014
-962
-901
-881
-853
-854
-812
-753
-685
-581
-441
-319
-235
-155
-59
27
123
208
274
343
409
490
544
617
672
735
813
893
970
1060
1168
1243
1341
1438
1505
1550
1584
1606
1612
1652
1610
1569
1552
1512
1485
1455
1441
1402
1347
1246
1149
1061
965
861
783
704
630
538
422
298
142
7
-95
-223
-370
-516
-667
-800
-930
-1060
-1206
-1295
-1382
-1467
-1529
-1612
-1670
-1700
-1705
-1718
-1713
-1700
-1646
-1566
-1477
-1375
-1295
-1239
-1206
-1159
-1116
-1079
-1043
-973
-900
-785
-642
-514
-386
-268
-174
-73
15
103
192
279
362
423
533
646
736
833
913
993
1034
1070
1099
1121
1131
1134
1122
1136
1152
1113
1111
1130
1135
1151
1172
1156
1136
1101
1067
1022
995
968
908
879
813
774
734
673
610
518
448
398
369
335
286
236
118
7
-116
-235
-354
-501
-625
-762
-852
-977
-1103
-1195
-1277
-1329
-1404
-1433
-1482
-1524
-1554
-1579
-1567
-1551
-1500
-1453
-1390
-1292
-1204
-1114
-1060
-1009
-942
-875
-775
-668
-560
-463
-357
-294
-197
-101
24
114
200
321
390
467
487
504
505
510
564
634
670
739
770
795
836
870
880
908
924
929
939
956
981
1030
1099
1117
1147
1175
1202
1230
1232
1179
1137
1083
1013
961
866
790
702
607
519
443
359
276
198
121
42
-46
-158
-247
-354
-463
-508
-564
-612
-688
-729
-790
-846
-898
-979
-1047
-1103
-1171
-1235
-1262
-1249
-1232
-1231
-1204
-1168
-1157
-1169
-1174
-1169
-1123
-1091
-1058
-1004
-956
-917
-885
-837
-787
-696
-634
-564
-473
-374
-251
-149
-38
75
152
245
358
417
492
548
589
655
726
772
806
844
875
925
964
997
1007
1015
1009
1032
1044
1049
1039
1065
1116
1144
1153
1173
1144
1117
1100
1079
1050
1004
942
884
813
739
671
613
562
506
432
368
274
183
99
-18
-97
-174
-270
-363
-436
-529
-624
-734
-803
-904
-994
-1099
-1177
-1219
-1261
-1277
-1296
-1303
-1308
-1296
-1315
-1326
-1326
-1315
-1320
-1309
-1285
-1254
-1231
-1208
-1179
-1101
-1017
-931
-832
-750
-640
-544
-449
-352
-222
-102
41
203
308
405
459
526
599
629
669
703
737
742
766
819
847
897
931
983
1025
1102
1147
1192
1207
1185
1159
1147
1129
1142
1178
1193
1230
1212
1182
1150
1102
1052
1009
951
898
847
804
764
678
617
561
486
391
315
204
67
-25
-111
-174
-250
-351
-454
-531
-636
-730
-822
-895
-968
-1059
-1144
-1197
-1247
-1268
-1272
-1256
-1234
-1226
-1204
-1181
-1147
-1121
-1106
-1124
-1126
-1112
-1109
-1125
-1108
-1077
-1074
-1081
-1081
-1074
-1033
-989
-957
-889
-810
-741
-682
-614
-544
-458
-369
-277
-156
-48
44
134
230
344
458
568
707
813
889
992
1089
1167
1255
1330
1398
1449
1474
1525
1548
1559
1582
1605
1614
1604
1568
1530
1487
1453
1415
1342
1291
1251
1212
1172
1137
1092
1020
973
907
828
747
619
487
366
245
119
2
-111
-212
-311
-425
-532
-632
-725
-859
-1005
-1112
-1207
-1289
-1365
-1422
-1485
-1559
-1637
-1685
-1698
-1720
-1737
-1747
-1750
-1731
-1752
-1732
-1706
-1653
-1610
-1571
-1509
-1480
-1456
-1414
-1338
-1260
-1164
-1069
-928
-804
-700
-559
-432
-273
-138
-47
74
163
243
369
479
599
739
894
1037
1181
1286
1415
1551
1643
1744
1832
1935
1972
2011
2023
2018
2016
2000
1977
1929
1871
1808
1742
1655
1581
1462
1396
1312
1178
1045
885
754
661
560
463
393
319
244
170
114
11
-111
-218
-306
-410
-495
-617
-729
-825
-934
-1037
-1126
-1220
-1327
-1441
-1536
-1589
-1599
-1596
-1616
-1595
-1571
-1552
-1540
-1534
-1512
-1504
-1504
-1468
-1444
-1428
-1434
-1439
-1417
-1425
-1384
-1352
-1334
-1311
-1265
-1201
-1126
-1025
-932
-819
-684
-544
-380
-230
-54
101
248
393
517
647
768
883
985
1116
1262
1418
1563
1689
1787
1889
1958
1993
2043
2071
2076
2082
2098
2082
2063
2069
2042
2023
1960
1891
1820
1699
1581
1441
1302
1158
1025
899
792
688
578
492
392
299
199
135
52
-38
-142
-241
-331
-438
-540
-636
-742
-853
-947
-1046
-1139
-1237
-1326
-1393
-1483
-1580
-1633
-1702
-1746
-1744
-1764
-1753
-1772
-1767
-1792
-1804
-1812
-1817
-1765
-1749
-1696
-1658
-1589
-1520
-1483
-1456
-1396
-1332
-1269
-1167
-1058
-919
-785
-665
-544
-425
-286
-184
-86
44
151
280
391
519
628
736
846
977
1126
1265
1400
1513
1632
1692
1750
1813
1855
1917
1954
1986
2005
1991
2000
1977
1972
1960
1907
1849
1772
1666
1547
1425
1302
1205
1097
1007
898
796
687
589
466
369
268
178
118
-3
-90
-175
-253
-342
-466
-556
-663
-764
-863
-965
-1018
-1099
-1139
-1187
-1251
-1280
-1328
-1349
-1376
-1439
-1460
-1471
-1504
-1529
-1543
-1544
-1540
-1564
-1598
-1601
-1622
-1636
-1653
-1649
-1603
-1562
-1507
-1407
-1317
-1228
-1108
-1017
-899
-804
-671
-556
-450
-316
-176
-18
134
251
375
489
585
678
780
884
980
1106
1234
1369
1506
1629
1723
1786
1833
1866
1889
1916
1935
1949
1952
1948
1920
1853
1797
1734
1682
1597
1485
1397
1316
1269
1172
1082
1003
912
820
734
611
496
413
316
234
156
71
-28
-145
-259
-347
-406
-485
-576
-641
-719
-794
-865
-940
-1001
-1085
-1164
-1240
-1289
-1369
-1438
-1507
-1582
-1637
-1693
-1713
-1755
-1780
-1821
-1866
-1868
-1910
-1931
-1954
-1967
-1963
-1950
-1905
-1830
-1753
-1650
-1562
-1447
-1313
-1180
-1029
-872
-746
-645
-521
-377
-200
-18
208
426
595
745
895
1054
1183
1318
1424
1524
1631
1712
1820
1932
2028
2097
2136
2149
2157
2148
2109
2079
2004
1947
1894
1831
1761
1721
1668
1573
1501
1429
1330
1228
1133
1036
937
839
759
683
593
491
399
306
189
87
-18
-123
-236
-355
-434
-506
-569
-587
-614
-630
-662
-691
-743
-814
-861
-932
-1019
-1098
-1151
-1213
-1258
-1310
-1369
-1447
-1517
-1592
-1667
-1698
-1719
-1733
-1737
-1751
-1746
-1749
-1755
-1734
-1702
-1681
-1617
-1535
-1450
-1346
-1243
-1148
-1031
-901
-736
-571
-420
-270
-88
94
252
414
553
673
757
845
949
1064
1183
1283
1353
1418
1493
1554
1608
1638
1641
1647
1662
1691
1704
1699
1691
1668
1630
1615
1584
1516
1456
1394
1334
1256
1175
1101
1033
981
914
851
790
725
648
574
484
378
253
132
8
-109
-195
-276
-373
-500
-630
-756
-845
-913
-969
-1029
-1099
-1168
-1239
-1278
-1323
-1385
-1426
-1471
-1519
-1552
-1592
-1628
-1652
-1666
-1655
-1671
-1675
-1677
-1674
-1659
-1612
-1567
-1500
-1431
-1366
-1287
-1229
-1165
-1067
-939
-795
-665
-508
-362
-204
-69
47
191
331
496
633
775
898
999
1102
1178
1260
1352
1420
1478
1525
1565
1611
1639
1688
1740
1747
1748
1719
1703
1656
1607
1569
1534
1511
1474
1419
1357
1286
1206
1126
1053
1012
969
927
877
839
767
708
637
561
485
395
296
154
49
-37
-142
-248
-380
-492
-617
-757
-878
-1012
-1125
-1215
-1279
-1325
-1377
-1408
-1407
-1439
-1484
-1502
-1528
-1583
-1615
-1641
-1666
-1686
-1704
-1704
-1702
-1689
-1633
-1594
-1546
-1494
-1438
-1380
-1315
-1251
-1155
-1073
-969
-862
-759
-646
-532
-361
-226
-91
33
135
222
320
423
535
643
758
874
961
1061
1127
1179
1220
1268
1339
1390
1403
1382
1374
1377
1370
1385
1380
1368
1365
1361
1354
1358
1344
1325
1296
1236
1196
1157
1105
1048
990
969
951
907
877
822
737
644
551
488
435
363
267
147
68
-18
-92
-149
-256
-363
-450
-552
-647
-752
-816
-871
-955
-1012
-1091
-1140
-1202
-1247
-1279
-1322
-1378
-1432
-1456
-1496
-1514
-1540
-1559
-1562
-1564
-1552
-1527
-1510
-1481
-1432
-1368
-1298
-1210
-1137
-1074
-1021
-951
-872
-777
-689
-599
-496
-386
-287
-146
-10
156
298
430
551
663
828
950
1060
1130
1207
1261
1337
1408
1477
1516
1521
1541
1550
1550
1560
1574
1593
1609
1615
1631
1615
1592
1553
1529
1498
1461
1430
1388
1334
1289
1221
1145
1065
942
845
703
592
494
383
277
171
51
-61
-183
-331
-466
-604
-724
-847
-961
-1054
-1152
-1246
-1338
-1428
-1491
-1546
-1604
-1674
-1748
-1799
-1857
-1875
-1877
-1863
-1826
-1790
-1734
-1704
-1702
-1720
-1714
-1695
-1660
-1591
-1516
-1427
-1355
-1248
-1147
-1048
-910
-776
-630
-475
-318
-192
-92
34
130
252
380
505
625
717
847
961
1081
1187
1262
1345
1403
1451
1479
1536
1588
1621
1675
1714
1747
1774
1810
1849
1876
1880
1866
1841
1805
1769
1718
1674
1613
1523
1459
1369
1263
1146
1050
953
843
755
651
537
447
329
199
66
-66
-206
-347
-502
-655
-794
-922
-1030
-1151
-1237
-1333
-1422
-1510
-1571
-1647
-1725
-1791
-1859
-1898
-1933
-1946
-1955
-1928
-1920
-1944
-1926
-1888
-1826
-1785
-1740
-1702
-1657
-1592
-1527
-1421
-1312
-1197
-1076
-955
-826
-699
-572
-428
-285
-141
-18
106
227
316
442
571
700
829
925
1039
1154
1239
1332
1400
1467
1531
1595
1643
1655
1672
1704
1726
1755
1758
1758
1752
1722
1704
1688
1656
1635
1616
1561
1527
1491
1408
1287
1158
1053
938
823
710
601
479
357
213
123
11
-115
-212
-320
-422
-523
-616
-687
-764
-861
-932
-1010
-1074
-1133
-1165
-1197
-1247
-1286
-1304
-1356
-1415
-1427
-1455
-1475
-1493
-1486
-1462
-1450
-1453
-1461
-1456
-1460
-1461
-1434
-1414
-1365
-1308
-1238
-1135
-1046
-931
-819
-718
-597
-484
-390
-280
-197
-101
10
115
226
346
484
593
699
792
898
985
1038
1093
1149
1163
1182
1215
1261
1301
1332
1384
1412
1428
1417
1427
1428
1444
1432
1404
1385
1363
1319
1268
1195
1116
1059
982
937
871
804
745
664
616
534
477
418
343
265
162
9
-106
-199
-292
-366
-470
-551
-626
-710
-775
-861
-952
-995
-1074
-1134
-1182
-1210
-1256
-1270
-1283
-1344
-1401
-1446
-1487
-1518
-1525
-1549
-1552
-1542
-1525
-1475
-1419
-1340
-1261
-1223
-1152
-1083
-1000
-907
-795
-693
-584
-461
-344
-209
-85
16
121
211
302
410
531
656
777
893
994
1085
1185
1258
1336
1411
1454
1493
1527
1545
1582
1574
1564
1545
1520
1483
1411
1365
1305
1266
1233
1180
1133
1096
1051
990
922
850
793
709
631
521
406
296
164
49
-64
-197
-318
-431
-559
-663
-743
-835
-920
-981
-1063
-1131
-1158
-1172
-1205
-1196
-1198
-1210
-1233
-1251
-1245
-1232
-1250
-1262
-1250
-1251
-1229
-1182
-1131
-1080
-1027
-979
-938
-884
-842
-803
-731
-708
-643
-582
-508
-424
-360
-284
-209
-140
-84
-14
38
107
171
273
360
451
553
621
721
812
898
998
1072
1131
1201
1257
1310
1328
1327
1320
1301
1291
1285
1287
1258
1207
1169
1131
1069
1001
922
838
761
709
639
573
514
435
375
275
172
63
-46
-119
-202
-282
-328
-392
-429
-469
-527
-589
-653
-704
-765
-799
-816
-839
-851
-854
-874
-883
-905
-913
-913
-919
-915
-911
-904
-906
-899
-900
-907
-916
-890
-869
-836
-780
-720
-681
-632
-563
-517
-460
-383
-315
-287
-252
-195
-118
-52
20
96
178
254
339
400
462
536
593
677
738
805
886
958
1013
1075
1124
1165
1184
1198
1203
1209
1227
1211
1197
1169
1135
1082
1013
959
879
813
740
657
589
522
445
366
309
229
160
67
-21
-97
-182
-256
-328
-396
-461
-520
-581
-625
-639
-664
-715
-768
-821
-851
-889
-910
-925
-940
-915
-893
-846
-835
-826
-807
-815
-802
-784
-761
-739
-707
-701
-679
-661
-603
-554
-502
-464
-432
-389
-343
-301
-252
-180
-119
-83
-36
3
35
86
108
136
179
213
213
254
293
346
385
466
532
564
629
671
736
762
805
865
886
930
974
987
966
950
934
925
927
932
912
867
826
768
701
628
547
462
362
274
183
84
20
-47
-118
-205
-266
-336
-396
-481
-575
-618
-675
-687
-702
-745
-803
-834
-833
-857
-864
-848
-842
-823
-803
-759
-716
-672
-637
-581
-540
-501
-462
-471
-443
-442
-435
-424
-387
-333
-295
-252
-222
-172
-139
-60
-28
32
90
161
231
275
301
325
333
357
403
431
459
485
541
573
612
651
677
723
784
816
821
841
829
809
835
841
851
833
832
811
764
736
655
606
529
463
383
296
240
181
123
42
-22
-94
-173
-247
-327
-392
-450
-515
-591
-644
-694
-757
-801
-860
-904
-965
-991
-1036
-1061
-1085
-1091
-1076
-1062
-1021
-988
-939
-908
-862
-831
-809
-775
-714
-649
-557
-473
-424
-338
-277
-191
-109
-51
25
51
107
167
216
276
305
334
346
374
405
453
509
554
589
608
620
628
672
709
740
747
754
731
721
724
721
733
719
696
694
700
704
704
732
731
711
716
714
713
704
693
680
652
595
537
489
443
387
335
263
194
106
13
-64
-140
-220
-302
-368
-436
-501
-567
-634
-679
-765
-831
-904
-978
-1029
-1056
-1062
-1047
-1049
-1060
-1058
-1057
-1057
-1046
-1040
-1031
-993
-945
-873
-786
-700
-632
-564
-492
-431
-375
-306
-229
-167
-92
-30
34
104
163
214
279
335
380
422
424
458
479
515
567
596
643
677
701
723
743
798
830
886
907
929
941
930
939
945
943
918
919
873
853
802
759
725
669
660
598
542
511
480
442
409
355
297
236
135
40
-43
-96
-163
-220
-296
-362
-441
-533
-610
-688
-764
-840
-865
-897
-909
-926
-960
-1006
-1055
-1097
-1148
-1175
-1192
-1176
-1190
-1200
-1175
-1169
-1125
-1082
-1041
-994
-946
-901
-839
-779
-703
-623
-539
-426
-318
-207
-118
-66
-21
40
123
208
281
375
444
490
566
634
697
759
818
859
917
959
976
999
999
987
990
974
978
977
976
971
967
912
894
877
822
801
762
762
751
720
687
674
654
629
608
601
557
513
482
444
408
330
254
190
114
50
-17
-82
-173
-258
-316
-392
-472
-570
-658
-739
-844
-928
-957
-989
-1013
-1065
-1084
-1118
-1165
-1158
-1188
-1187
-1184
-1166
-1127
-1127
-1101
-1067
-1063
-1056
-1020
-985
-942
-846
-765
-680
-610
-541
-470
-411
-316
-232
-168
-51
44
112
160
199
265
309
372
437
485
558
636
720
798
870
932
955
993
996
999
1005
1025
1048
1065
1088
1078
1095
1064
1048
1015
978
970
945
924
916
862
807
751
694
650
596
543
466
396
341
282
217
159
109
67
6
-39
-76
-139
-203
-265
-331
-414
-489
-557
-633
-722
-810
-919
-978
-1001
-1004
-992
-1003
-1049
-1099
-1126
-1165
-1154
-1138
-1114
-1080
-1037
-1011
-983
-954
-921
-889
-847
-782
-718
-645
-556
-480
-414
-349
-302
-214
-182
-126
-64
-28
38
95
174
261
334
378
471
545
611
685
755
830
874
916
932
957
994
985
995
974
946
935
915
893
872
839
798
767
698
673
639
600
537
493
479
453
466
452
424
420
377
330
305
235
204
174
124
85
28
-13
-72
-132
-216
-295
-345
-418
-486
-520
-573
-615
-674
-700
-730
-761
-761
-792
-782
-788
-809
-824
-831
-831
-844
-853
-865
-834
-792
-730
-685
-645
-615
-619
-600
-569
-538
-495
-440
-389
-344
-306
-266
-217
-159
-104
-39
19
44
76
108
134
165
186
230
296
347
403
453
541
596
621
639
670
693
705
742
785
790
822
849
860
874
871
876
860
859
831
802
776
737
730
707
682
646
604
545
481
439
374
297
215
166
127
95
57
4
-47
-75
-135
-195
-241
-318
-381
-450
-500
-542
-573
-597
-653
-670
-705
-719
-720
-760
-778
-812
-844
-861
-872
-881
-880
-887
-899
-862
-864
-854
-834
-791
-746
-719
-685
-640
-593
-575
-550
-527
-486
-437
-394
-319
-261
-208
-141
-64
-6
22
87
148
196
244
294
367
419
452
497
561
584
606
645
670
727
771
817
886
923
928
957
992
979
985
956
962
995
971
936
900
853
778
711
651
615
579
552
512
450
393
320
246
140
77
-17
-92
-145
-186
-206
-253
-300
-358
-426
-473
-504
-536
-544
-570
-591
-613
-649
-661
-679
-701
-742
-766
-786
-806
-805
-818
-821
-806
-817
-824
-843
-808
-745
-711
-672
-633
-596
-568
-560
-558
-514
-485
-430
-360
-278
-208
-174
-123
-80
-13
33
60
106
158
198
269
350
453
512
565
612
637
697
715
765
799
851
872
883
916
923
956
965
990
1011
979
935
904
875
844
821
783
755
681
625
581
525
470
407
352
294
218
156
105
65
0
-52
-86
-102
-155
-178
-214
-275
-346
-427
-476
-542
-582
-635
-640
-680
-719
-749
-799
-820
-836
-862
-895
-917
-918
-919
-912
-911
-942
-935
-970
-958
-954
-922
-886
-878
-830
-817
-769
-717
-652
-569
-480
-403
-356
-262
-181
-103
-42
25
71
124
187
266
348
405
492
536
603
628
645
690
715
758
786
847
883
927
968
1017
1050
1058
1069
1035
1039
1005
952
909
892
876
838
823
787
773
736
677
598
517
459
387
289
195
148
85
27
-30
-59
-74
-141
-192
-250
-312
-378
-408
-454
-503
-529
-552
-603
-627
-643
-698
-720
-745
-775
-795
-809
-817
-853
-853
-836
-821
-813
-834
-822
-828
-789
-779
-745
-700
-676
-599
-554
-476
-437
-389
-346
-322
-270
-222
-129
-68
-13
48
110
150
170
196
207
237
233
268
324
372
453
462
502
547
585
564
581
635
624
620
617
638
649
652
636
674
670
621
622
588
549
502
475
470
439
420
388
360
316
265
218
213
200
186
175
172
169
118
92
45
2
-33
-78
-77
-137
-168
-195
-223
-248
-279
-293
-338
-375
-416
-427
-415
-450
-457
-445
-504
-532
-570
-600
-624
-635
-654
-717
-736
-730
-736
-715
-717
-713
-664
-651
-595
-569
-532
-493
-468
-438
-376
-300
-230
-144
-102
-58
-1
40
77
123
153
189
223
276
305
352
395
423
448
520
557
628
700
720
762
788
805
818
825
818
813
806
778
751
757
749
736
720
676
626
612
544
474
458
399
349
321
292
261
193
163
105
79
62
7
-15
-34
-90
-110
-145
-196
-229
-311
-315
-347
-385
-427
-443
-448
-455
-466
-502
-522
-586
-640
-667
-710
-745
-758
-755
-785
-827
-829
-813
-789
-756
-746
-724
-703
-646
-595
-578
-532
-531
-484
-456
-407
-326
-273
-194
-134
-79
-50
16
49
99
149
179
261
328
384
436
474
506
568
573
631
642
692
734
733
793
774
769
765
733
696
636
620
599
595
600
593
604
556
476
431
349
317
290
257
216
158
140
98
85
48
-1
-67
-106
-122
-167
-176
-199
-213
-260
-299
-297
-329
-327
-354
-384
-403
-430
-441
-463
-475
-490
-520
-556
-584
-578
-569
-565
-538
-530
-497
-505
-489
-478
-477
-434
-433
-392
-365
-338
-290
-269
-223
-197
-162
-113
-77
-33
-10
10
52
75
129
161
215
259
303
336
363
382
389
419
443
464
510
523
547
529
518
512
476
465
449
464
448
417
397
380
342
296
274
239
210
191
174
155
144
98
70
71
10
2
-27
-24
-24
-43
-17
-38
-28
-50
-70
-102
-140
-147
-166
-176
-177
-201
-228
-239
-234
-247
-227
-225
-250
-305
-308
-298
-311
-314
-313
-304
-320
-333
-321
-328
-310
-311
-332
-356
-332
-339
-321
-307
-265
-252
-243
-176
-164
-135
-128
-128
-130
-123
-107
-81
-28
2
27
56
93
111
134
147
163
181
201
227
260
279
311
348
352
397
401
388
409
392
407
407
430
437
396
383
365
339
309
309
298
270
254
244
193
165
134
94
74
73
78
87
70
29
29
13
-1
-28
-43
-75
-96
-83
-87
-64
-74
-69
-81
-106
-151
-204
-236
-226
-221
-238
-211
-213
-205
-211
-238
-259
-280
-288
-315
-334
-338
-311
-324
-311
-295
-296
-295
-314
-302
-308
-296
-283
-242
-187
-174
-157
-153
-131
-95
-51
-30
1
26
31
69
76
110
155
181
194
227
243
271
319
341
329
330
337
364
374
376
388
385
357
333
309
287
266
255
208
171
128
111
108
99
105
81
40
26
22
0
-16
-46
-63
-57
-46
2
-5
-22
-23
-22
-47
-58
-74
-106
-108
-133
-138
-167
-157
-155
-159
-122
-157
-146
-166
-200
-202
-214
-183
-184
-186
-203
-213
-215
-224
-216
-198
-155
-143
-132
-120
-101
-114
-111
-140
-140
-143
-193
-182
-192
-194
-219
-210
-223
-209
-185
-159
-120
-93
-78
-56
-24
1
34
63
145
195
238
318
339
371
417
456
492
504
510
519
523
540
525
537
528
505
460
398
342
328
316
283
286
250
197
125
72
54
5
-12
-52
-93
-124
-172
-189
-238
-271
-299
-289
-289
-287
-302
-286
-276
-306
-326
-349
-367
-360
-356
-362
-371
-370
-396
-407
-406
-418
-379
-373
-375
-388
-403
-374
-362
-364
-323
-293
-238
-146
-114
-69
-35
-50
-23
36
51
78
148
176
201
259
282
302
301
297
307
310
320
325
327
318
310
317
324
346
377
385
369
377
343
341
328
303
291
251
237
248
221
232
246
237
242
243
207
152
125
107
84
45
43
29
17
-15
-58
-73
-108
-141
-176
-193
-204
-231
-230
-268
-259
-228
-228
-218
-213
-224
-242
-275
-301
-323
-338
-344
-326
-323
-307
-304
-322
-320
-312
-287
-277
-256
-227
-206
-168
-126
-100
-67
-47
-51
-24
-17
0
22
45
65
71
54
94
79
79
95
80
97
101
128
135
162
157
168
139
147
149
149
219
220
263
252
247
249
233
270
284
327
307
326
308
270
234
197
218
199
189
158
145
140
150
154
153
165
158
125
68
49
24
-26
-62
-91
-119
-155
-161
-184
-172
-188
-204
-198
-222
-223
-266
-262
-292
-292
-312
-382
-386
-410
-416
-410
-414
-392
-399
-421
-414
-393
-386
-374
-326
-315
-262
-244
-218
-152
-115
-78
-22
37
61
82
96
146
169
187
220
234
286
293
289
306
321
319
307
339
373
393
401
384
395
404
360
351
358
351
351
356
338
326
279
275
241
192
162
119
109
93
90
80
80
65
59
44
38
39
-1
-20
-61
-86
-118
-171
-189
-226
-229
-249
-276
-292
-260
-252
-235
-230
-212
-215
-262
-249
-263
-275
-288
-310
-336
-349
-331
-360
-356
-369
-389
-394
-399
-381
-353
-282
-282
-254
-230
-240
-203
-194
-175
-130
-84
-39
-8
22
52
41
41
71
110
159
211
233
264
280
290
308
328
343
348
367
388
400
420
430
436
419
407
392
381
382
381
359
375
364
343
291
265
231
215
211
196
199
183
156
101
53
-7
-19
-46
-72
-85
-104
-100
-115
-143
-184
-222
-278
-327
-333
-331
-331
-285
-290
-291
-300
-343
-398
-424
-433
-427
-384
-376
-365
-348
-358
-352
-339
-355
-354
-360
-333
-301
-286
-249
-221
-197
-184
-176
-134
-105
-67
-48
4
53
88
132
176
215
254
264
282
309
297
295
319
347
353
335
290
283
299
305
326
355
338
345
356
336
341
343
345
378
388
385
433
460
444
418
401
398
381
368
343
289
245
184
128
77
42
17
-15
-52
-72
-47
-59
-82
-121
-140
-202
-259
-288
-364
-400
-439
-452
-480
-495
-523
-521
-527
-549
-515
-501
-478
-476
-508
-514
-508
-494
-467
-422
-399
-368
-331
-314
-312
-282
-268
-273
-244
-243
-192
-135
-76
-1
56
72
114
136
125
160
188
205
218
221
258
312
316
331
345
341
341
323
322
337
372
404
427
432
461
479
457
447
432
429
431
392
371
369
345
310
281
264
223
189
165
170
175
163
147
117
109
61
1
-18
-51
-69
-70
-91
-134
-202
-257
-280
-317
-353
-396
-415
-416
-411
-395
-402
-379
-382
-356
-329
-325
-317
-339
-341
-352
-372
-363
-362
-362
-373
-382
-360
-342
-305
-287
-258
-232
-189
-155
-159
-123
-110
-90
-88
-35
1
57
73
84
104
112
159
161
196
220
235
252
235
247
265
266
265
290
316
338
377
397
393
422
419
411
442
416
405
399
382
385
374
365
341
321
253
229
218
182
155
131
79
29
-4
-64
-83
-110
-97
-96
-101
-104
-155
-178
-199
-210
-235
-260
-276
-294
-292
-325
-340
-361
-382
-411
-407
-415
-411
-382
-384
-371
-359
-342
-319
-274
-269
-260
-233
-233
-222
-189
-176
-165
-156
-156
-144
-139
-142
-107
-100
-94
-59
-51
-29
15
56
88
111
120
156
165
188
243
263
317
363
372
399
390
403
410
407
411
410
406
384
394
391
385
344
320
301
299
311
312
354
342
318
313
300
287
271
227
203
203
186
174
161
144
121
104
62
21
4
-26
-88
-111
-117
-129
-142
-168
-222
-251
-287
-315
-351
-391
-405
-430
-453
-470
-503
-541
-571
-583
-585
-590
-573
-564
-560
-526
-500
-471
-415
-419
-389
-378
-373
-361
-320
-294
-280
-245
-253
-202
-158
-101
-37
-17
17
62
88
141
204
261
291
335
348
380
400
425
471
463
469
452
441
442
449
457
461
458
444
413
411
401
391
413
403
384
352
299
271
248
236
204
182
147
126
107
58
69
63
66
47
43
42
39
9
-16
-11
-10
-29
-68
-73
-111
-142
-177
-199
-197
-242
-240
-273
-261
-289
-314
-338
-381
-399
-398
-359
-354
-338
-350
-339
-323
-341
-345
-351
-337
-317
-294
-284
-273
-246
-221
-197
-194
-188
-190
-160
-140
-110
-81
-58
-8
10
2
23
96
142
172
197
208
231
234
234
270
281
289
302
285
299
326
333
339
344
334
350
372
397
406
402
358
329
303
287
287
256
267
268
231
215
172
130
100
58
27
5
-7
-8
-1
-29
-46
-82
-107
-150
-169
-167
-184
-217
-228
-238
-298
-286
-324
-327
-320
-355
-357
-360
-372
-404
-375
-398
-408
-402
-422
-400
-417
-395
-377
-345
-321
-313
-290
-268
-269
-294
-241
-220
-178
-159
-117
-58
-35
-10
11
61
81
66
78
113
165
205
243
270
310
322
322
345
361
373
357
377
386
393
379
382
401
406
412
424
454
471
450
434
419
413
394
389
389
359
346
283
292
267
220
215
175
158
149
147
134
127
76
31
-25
-81
-133
-201
-194
-232
-262
-301
-326
-368
-396
-423
-431
-432
-446
-423
-412
-375
-381
-405
-418
-397
-403
-393
-358
-340
-314
-298
-295
-251
-260
-253
-249
-250
-239
-254
-225
-181
-169
-166
-166
-167
-141
-123
-112
-107
-60
-37
-4
32
43
64
76
115
143
165
149
161
209
207
230
291
328
362
366
363
362
353
341
325
316
319
314
291
300
279
247
221
217
231
238
224
223
225
220
204
209
227
234
188
138
140
154
161
163
129
99
56
51
20
-37
-57
-52
-63
-82
-115
-120
-152
-156
-154
-187
-190
-204
-254
-331
-348
-349
-384
-388
-384
-392
-390
-402
-378
-380
-341
-316
-324
-307
-297
-287
-263
-253
-229
-230
-211
-162
-150
-131
-114
-82
-76
-61
-53
-42
-20
-27
21
78
85
118
159
159
182
201
228
272
299
299
341
361
371
385
375
387
374
374
350
361
365
333
297
291
303
310
289
273
279
247
213
163
142
125
108
78
73
56
22
0
-19
-52
-86
-103
-117
-113
-136
-177
-203
-233
-257
-311
-338
-305
-320
-310
-305
-326
-322
-303
-300
-327
-320
-300
-301
-295
-309
-306
-301
-292
-267
-274
-278
-271
-268
-282
-248
-203
-201
-157
-120
-74
-57
-61
-49
-25
1
20
44
86
110
129
161
171
172
145
120
124
124
132
133
172
221
235
232
260
302
309
326
336
320
334
311
285
286
265
268
268
261
278
254
240
225
221
212
196
188
160
136
79
24
4
2
0
-6
5
-3
-32
-62
-78
-103
-112
-126
-116
-110
-114
-134
-148
-166
-192
-181
-209
-232
-237
-212
-175
-154
-141
-117
-141
-144
-164
-188
-178
-179
-144
-110
-104
-93
-83
-73
-88
-106
-90
-85
-47
-40
-12
-8
-24
2
-24
-31
-35
-31
-27
-39
-52
-54
-43
-39
0
27
29
55
65
79
93
118
129
160
179
164
171
174
177
204
218
208
230
233
203
213
213
200
168
126
110
83
71
72
74
89
77
86
67
66
47
31
25
16
12
7
2
-7
-21
-39
-41
-52
-62
-71
-79
-152
-197
-203
-227
-203
-195
-205
-213
-201
-191
-198
-189
-191
-178
-154
-167
-170
-154
-148
-148
-146
-123
-112
-116
-109
-106
-106
-77
-73
-59
-54
-32
-40
-16
11
-4
-16
-12
-13
-27
-24
-7
17
26
20
57
87
117
139
164
189
208
234
214
204
192
219
228
216
223
219
226
214
196
160
135
142
126
111
103
106
109
109
110
117
96
89
71
40
43
48
48
65
54
20
-39
-70
-85
-133
-136
-135
-135
-152
-156
-165
-161
-174
-181
-197
-207
-184
-185
-182
-185
-172
-175
-168
-155
-144
-141
-126
-104
-108
-69
-49
-38
-66
-82
-76
-78
-55
-34
-32
-31
-35
-56
-33
-61
-66
-91
-87
-66
-64
-48
-44
-24
-29
-28
-24
10
19
28
38
42
73
77
106
102
114
116
132
163
196
224
190
192
171
167
150
152
184
153
141
134
126
106
128
105
124
124
91
108
100
96
85
98
96
79
47
34
26
28
10
-4
-9
-28
-54
-84
-101
-113
-149
-150
-147
-151
-167
-192
-165
-131
-143
-140
-150
-152
-155
-166
-137
-133
-102
-85
-77
-66
-64
-89
-106
-94
-74
-41
-22
0
-7
-30
-44
-14
9
35
14
-9
4
-35
-44
-52
-10
-20
-10
9
-1
9
19
36
39
55
40
52
73
62
92
104
131
145
154
150
154
171
173
184
179
181
190
193
160
144
116
142
150
134
143
130
119
98
106
110
109
67
60
54
21
24
-2
-32
-38
-43
-46
-34
-25
-23
-27
-32
-26
-26
-48
-77
-93
-88
-100
-104
-90
-115
-134
-143
-162
-159
-153
-166
-170
-154
-149
-165
-148
-123
-132
-142
-143
-166
-149
-164
-173
-156
-172
-141
-145
-143
-104
-70
-67
-42
-20
-19
-11
5
29
64
108
118
152
173
174
180
171
154
156
142
137
159
154
163
157
144
139
136
128
126
115
106
91
74
70
47
40
32
13
-2
5
11
1
-7
6
5
-17
-30
-84
-93
-117
-138
-134
-127
-132
-113
-120
-119
-86
-99
-84
-90
-76
-71
-58
-45
-37
-43
-75
-95
-84
-76
-58
-26
-18
-26
-16
-45
-52
-68
-109
-97
-103
-73
-44
-24
-1
13
8
-6
10
14
31
40
58
64
85
98
79
106
95
89
106
93
95
123
106
95
92
93
78
90
94
102
114
111
104
103
111
90
92
84
93
109
108
116
113
129
129
112
107
77
55
62
48
8
-38
-54
-82
-123
-131
-143
-187
-213
-225
-243
-236
-220
-209
-190
-183
-188
-195
-194
-188
-179
-186
-167
-129
-127
-106
-106
-81
-107
-116
-120
-115
-92
-66
-31
-15
-20
-21
-8
-10
-13
-4
-11
-9
21
7
1
0
-4
-21
-33
-27
-21
20
56
74
87
125
143
145
180
187
186
195
188
201
203
212
222
218
216
194
217
246
267
294
282
264
242
226
199
187
182
171
169
133
120
112
103
122
117
116
88
71
34
16
-25
-60
-67
-109
-114
-149
-171
-191
-217
-224
-258
-267
-257
-253
-242
-242
-236
-251
-279
-270
-227
-265
-265
-269
-277
-258
-256
-233
-213
-188
-185
-162
-140
-112
-85
-56
-20
-20
-11
-19
-3
32
8
19
46
51
60
55
67
84
107
111
119
152
181
178
190
205
206
189
193
198
186
172
196
202
200
227
229
252
259
249
237
215
210
206
180
139
130
109
103
76
71
50
38
59
57
42
-2
-10
-47
-60
-53
-106
-147
-199
-226
-230
-254
-258
-271
-298
-317
-311
-313
-310
-274
-270
-261
-209
-190
-180
-167
-178
-176
-178
-165
-160
-142
-140
-147
-115
-101
-87
-86
-93
-100
-108
-103
-81
-72
-88
-83
-81
-63
-39
-9
-15
8
21
55
112
147
191
197
212
220
244
274
285
302
307
281
286
247
239
265
234
220
199
202
203
223
204
201
207
169
134
119
86
54
50
26
9
-2
9
25
62
83
69
61
51
46
38
30
13
-3
-28
-51
-65
-69
-93
-103
-122
-148
-181
-199
-218
-261
-272
-279
-269
-274
-260
-249
-253
-252
-241
-223
-222
-219
-200
-187
-169
-143
-133
-104
-89
-72
-81
-89
-83
-81
-89
-75
-50
-49
-20
-8
24
49
66
88
103
123
127
141
158
193
194
201
202
180
181
161
140
114
128
138
133
133
135
140
120
137
142
164
159
140
136
122
127
119
124
102
100
120
93
83
73
55
60
47
47
46
35
19
17
-5
-13
-14
0
7
25
35
0
-8
-53
-82
-91
-110
-110
-111
-138
-165
-151
-153
-159
-186
-207
-192
-200
-210
-214
-185
-150
-155
-144
-129
-125
-124
-113
-107
-107
-83
-83
-99
-108
-102
-107
-118
-118
-109
-76
-62
-50
-21
17
33
5
16
11
6
5
43
71
99
137
154
153
145
140
146
159
155
181
188
205
211
223
217
211
197
173
166
172
163
159
171
172
157
115
99
77
73
63
69
63
55
50
45
39
23
12
23
20
23
17
-8
-1
-44
-84
-95
-92
-92
-96
-130
-138
-163
-200
-199
-183
-189
-195
-182
-182
-152
-131
-122
-94
-81
-83
-72
-97
-114
-104
-126
-146
-135
-124
-118
-112
-122
-137
-126
-126
-103
-66
-40
-32
-25
-24
-61
-71
-96
-88
-69
-41
-19
-7
25
50
88
125
159
175
202
208
227
265
281
291
296
300
303
278
257
248
215
211
204
212
207
194
177
125
100
92
85
67
32
17
-40
-61
-87
-115
-119
-125
-123
-108
-113
-123
-95
-110
-103
-103
-146
-160
-185
-206
-217
-237
-257
-257
-252
-257
-269
-259
-245
-241
-196
-204
-215
-233
-210
-186
-197
-172
-165
-171
-186
-166
-157
-135
-88
-65
-36
-18
-34
-35
-1
31
63
110
159
172
193
204
224
256
253
258
275
310
335
318
327
330
318
314
305
305
290
292
275
256
233
199
173
154
145
129
118
138
116
106
69
45
31
9
-22
-23
-21
-41
-49
-73
-79
-101
-111
-144
-150
-162
-182
-182
-195
-206
-193
-189
-168
-159
-170
-179
-163
-178
-193
-207
-239
-250
-222
-177
-136
-109
-78
-65
-54
-52
-96
-101
-105
-112
-116
-117
-92
-94
-101
-104
-110
-82
-54
-24
0
-15
-13
-16
23
25
29
45
56
91
74
97
115
131
181
207
228
227
238
234
223
228
240
265
286
280
275
258
249
243
230
212
210
186
165
146
126
116
83
56
30
32
9
-27
-31
-38
-29
-28
-47
-31
-44
-66
-105
-129
-151
-174
-152
-157
-157
-149
-123
-110
-112
-111
-100
-85
-85
-99
-88
-99
-135
-167
-191
-209
-192
-173
-177
-181
-194
-197
-203
-182
-177
-168
-160
-155
-144
-158
-149
-117
-111
-99
-82
-68
-58
-59
-56
-56
-68
-61
-54
-31
-8
5
24
53
74
92
105
147
200
246
272
270
275
282
280
291
321
323
322
334
327
319
295
264
258
215
158
119
103
98
84
72
64
66
52
50
50
46
39
38
24
-25
-43
-48
-54
-74
-62
-70
-85
-95
-90
-50
-56
-52
-54
-78
-87
-115
-154
-150
-150
-131
-131
-118
-108
-98
-103
-145
-179
-183
-192
-197
-210
-199
-214
-201
-174
-153
-114
-105
-89
-89
-71
-91
-83
-101
-117
-118
-128
-121
-116
-90
-79
-75
-61
-19
-6
4
16
13
26
28
26
49
48
49
65
79
83
82
80
85
87
76
89
101
148
155
181
189
176
168
147
161
158
170
179
166
180
155
133
118
101
99
84
73
87
103
78
40
1
-21
-20
-13
5
17
29
21
23
-22
-68
-93
-119
-124
-109
-111
-111
-133
-145
-158
-197
-223
-229
-220
-229
-214
-198
-175
-160
-171
-152
-121
-107
-87
-77
-91
-95
-98
-94
-80
-43
-3
13
21
57
83
97
89
77
91
101
105
118
133
140
142
153
170
182
183
184
198
178
154
164
157
176
196
203
198
208
236
230
211
203
186
166
156
128
119
129
136
124
123
114
92
55
10
-33
-56
-91
-97
-66
-41
-47
-50
-52
-73
-77
-97
-132
-135
-158
-180
-184
-185
-182
-195
-194
-233
-243
-238
-232
-252
-240
-205
-201
-199
-213
-200
-176
-154
-127
-124
-109
-117
-92
-94
-118
-102
-96
-108
-99
-60
-27
1
9
12
36
41
60
86
91
138
162
172
197
197
186
157
153
155
142
148
134
131
144
127
132
141
139
147
135
126
137
124
108
88
73
70
44
24
11
-9
-18
-14
1
13
24
0
-24
-22
-28
-35
-16
-16
-23
-16
-44
-50
-62
-71
-79
-80
-73
-48
-48
-60
-62
-71
-68
-70
-67
-67
-56
-56
-68
-46
-47
-68
-80
-91
-90
-100
-112
-102
-89
-104
-104
-93
-72
-74
-88
-84
-91
-96
-59
-58
-34
-21
-24
-17
-14
4
6
-1
1
-14
