68
95
-14
-46
5
-16
-4
-45
32
37
-8
31
6
15
-6
12
42
44
30
5
35
16
-21
25
12
20
52
61
81
24
11
3
-57
-83
-46
-90
-109
-130
-172
-226
-245
-182
-209
-223
-137
-92
-142
-126
-46
-86
-216
-194
-81
-111
-136
-11
62
-34
-95
27
17
-61
-20
18
-63
-158
-120
-75
-86
-63
16
40
22
82
137
90
79
171
150
108
121
153
140
99
198
235
151
184
242
231
165
192
256
148
82
146
131
35
32
116
92
-3
22
44
-13
-107
-95
-36
-110
-151
-72
-51
-111
-89
-7
-20
-75
-30
-39
-51
-24
-18
-2
10
15
-42
-40
-5
22
29
43
54
24
-16
17
-3
10
12
12
54
58
83
88
70
62
100
93
102
106
105
58
34
16
1
-38
-40
-54
-28
0
6
-14
-4
-48
-130
-65
-42
-73
-71
-10
-9
-84
-51
1
-34
-79
-20
48
-50
-80
1
-5
-46
-109
-62
-102
-185
-116
-59
-98
-133
-78
-80
-156
-193
-142
-131
-171
-129
-98
-130
-142
-131
-125
-199
-212
-190
-232
-230
-217
-169
-144
-101
-60
-30
-35
-16
28
21
30
61
77
63
98
130
146
104
163
203
163
204
267
315
261
283
345
274
204
188
164
121
67
81
124
63
21
58
66
33
48
111
63
64
133
144
152
95
119
112
72
138
123
161
134
160
217
143
139
145
123
46
68
75
37
-33
16
62
-11
-43
-16
-10
-94
-80
-45
-94
-124
-78
-86
-87
-89
-65
-119
-162
-99
-74
-136
-127
-43
-62
-155
-148
-75
-161
-217
-159
-140
-225
-198
-101
-134
-201
-140
-84
-163
-191
-154
-155
-200
-192
-134
-162
-214
-154
-114
-124
-114
-112
-108
-129
-53
-2
27
84
94
34
42
79
42
16
52
84
5
-20
54
91
62
111
204
172
105
173
245
155
125
236
257
145
96
201
137
37
91
213
199
59
156
221
146
102
185
186
40
24
104
36
-87
-121
-79
-82
-160
-52
15
-72
-74
-12
-38
-135
-139
-95
-93
-178
-155
-136
-181
-260
-231
-178
-252
-239
-164
-162
-202
-151
-81
-85
-129
-65
-16
-18
-42
76
118
79
146
195
220
150
161
222
181
135
132
133
94
15
61
11
-75
-22
-33
-26
-19
55
125
47
46
99
52
2
32
48
1
4
65
66
-9
45
105
46
40
85
76
2
20
40
-24
-64
-24
14
-26
-37
18
-40
-74
-19
20
-74
-40
49
26
-129
-106
-35
-157
-293
-135
-352
-414
-410
-283
-170
-675
-263
-310
-249
-337
-178
289
-56
120
436
664
581
531
826
985
700
807
937
847
784
582
860
623
679
609
597
595
458
566
356
463
224
203
-13
-131
-75
-402
-419
-584
-642
-817
-845
-885
-929
-1144
-1080
-938
-1198
-1137
-1250
-1103
-1387
-1423
-1232
-1349
-1370
-1468
-1289
-1281
-1322
-1225
-1004
-1050
-941
-736
-584
-434
-324
-87
-14
127
213
460
384
540
675
671
882
916
1174
1226
1370
1541
1635
1858
1974
2007
2143
2222
2196
2189
2159
2279
2070
1954
1904
1794
1627
1420
1489
1353
1146
1062
1067
940
674
600
588
199
8
-171
-296
-646
-968
-908
-1278
-1483
-1671
-1724
-1770
-2246
-2314
-2459
-2778
-3161
-3498
-3671
-3925
-4149
-4179
-4158
-3982
-3771
-3310
-2723
-2291
-1601
-912
-234
353
1008
1644
1953
2423
2756
2965
2980
2962
3058
2846
2725
2756
2637
2598
2557
2524
2494
2362
2497
2457
2235
2203
2072
1882
1512
1237
1150
799
581
400
267
147
121
297
349
338
517
689
646
637
833
721
529
360
276
29
-488
-555
-788
-1208
-1433
-1492
-1488
-1852
-2078
-1913
-1975
-2198
-2254
-2286
-2503
-2903
-3079
-3351
-3944
-4411
-4641
-4854
-5365
-5308
-5126
-4880
-4580
-4005
-3075
-2388
-1533
-474
548
1367
2153
3012
3617
3935
4336
4597
4570
4564
4418
4385
4011
3913
3871
3565
3487
3370
3367
3262
3071
2950
2717
2341
2028
1612
1136
611
136
-341
-844
-987
-1315
-1367
-1328
-1150
-789
-591
-69
323
689
1064
1405
1550
1510
1458
1446
1074
742
522
166
-237
-687
-769
-941
-1283
-1448
-1523
-1590
-1910
-1940
-1964
-2334
-2463
-2665
-2506
-2690
-2889
-2527
-2554
-2761
-2618
-2802
-2847
-3378
-3582
-3193
-3944
-3938
-4144
-3937
-3483
-3510
-2480
-1909
-1156
-151
597
1643
2588
3369
4172
4522
5097
5611
5505
5626
5343
5279
4716
4367
4218
3684
3310
2848
2911
2497
2272
2166
1995
1762
1114
855
265
-611
-1616
-2188
-2877
-3475
-4133
-4394
-4134
-4068
-3492
-2959
-1839
-931
-82
917
1750
2606
2957
3142
3074
3082
2508
1917
1307
787
317
-452
-691
-870
-909
-1131
-872
-610
-565
-581
-418
-278
-783
-949
-1273
-1543
-2046
-2382
-2334
-2443
-2465
-2205
-1756
-1522
-1424
-1456
-1984
-2291
-2549
-2981
-3376
-4940
-5278
-5421
-5276
-5075
-5527
-4403
-3314
-2253
-1310
-188
1728
3012
3531
4653
5711
6294
6266
5776
5993
5159
4482
3801
3417
2835
1787
1661
1657
1981
1922
2238
2679
2878
2814
2570
2619
2256
1345
184
-682
-1822
-2215
-3434
-3638
-3960
-4250
-3280
-3115
-1557
-1005
54
1380
2204
3428
3742
4029
4215
3883
3447
3041
2061
1486
448
-67
-535
-1128
-1095
-1387
-1057
-1394
-993
-812
-722
-761
-1182
-1169
-1616
-2028
-2700
-2981
-3117
-3241
-3450
-3033
-2455
-1811
-1199
-764
439
674
776
727
-264
-811
-2049
-2515
-3389
-5447
-6245
-6690
-6298
-6436
-6550
-5040
-3540
-2237
-919
783
2915
4071
4673
5589
5988
6294
5722
5110
4550
3464
2846
2061
1985
1315
848
1144
1698
2472
2668
3390
4124
4331
4129
3947
3822
3222
1810
555
-382
-1859
-2851
-3908
-4153
-4386
-4738
-4234
-3226
-1948
-1066
-240
1012
2259
2764
3113
3383
3379
2959
2092
1805
1348
542
-67
-502
-581
-548
-534
-222
116
254
579
688
941
810
301
-39
-606
-1163
-1965
-2554
-2779
-3209
-3399
-3054
-2280
-1921
-1457
-674
126
373
271
224
-787
-1631
-2839
-3381
-4429
-6521
-7150
-7401
-6936
-7215
-7080
-5438
-3835
-2456
-1117
713
2836
4018
4541
5739
6166
6326
5730
5322
4904
3547
2873
2121
2029
1446
975
1231
1849
2554
2785
3436
4068
4578
4240
3911
3677
3419
2129
414
-724
-1723
-2528
-3998
-4297
-4557
-4487
-3976
-3104
-1594
-841
346
1690
2790
3601
4185
4625
4631
4155
3961
3610
2648
2025
1469
1196
512
163
215
212
212
-17
206
147
59
-238
-648
-1000
-1475
-2159
-2924
-3306
-3543
-3900
-4228
-3767
-3286
-2821
-2445
-1814
-943
-833
-715
-609
-1573
-2436
-3346
-4046
-4541
-6580
-7353
-7762
-7554
-7000
-7370
-6090
-4636
-3111
-1614
-418
1569
3247
3958
4887
5632
6261
6373
5774
5761
4846
4372
3919
3710
3606
2894
3180
3550
4158
4285
4528
5042
5171
4864
4323
4023
3582
2532
958
-150
-1211
-2030
-3205
-3930
-3874
-4060
-3812
-3335
-2124
-1090
-391
687
1777
2772
3137
3457
3724
3569
3183
2844
2476
1807
1143
764
550
89
-224
-309
-216
-585
-881
-897
-1108
-1363
-2100
-2528
-2790
-3282
-3719
-4267
-4242
-4103
-4104
-3791
-3073
-2263
-1568
-1137
-263
342
592
448
69
-939
-2136
-3035
-4155
-4748
-6757
-7629
-7660
-7497
-6982
-7071
-5477
-3725
-2195
-657
1063
3010
4581
5333
6195
6796
6797
7076
6221
5768
4729
4216
3737
2928
2762
2209
2314
2439
3064
3318
3620
4092
4449
4226
3696
3747
3226
2296
588
-23
-1235
-2338
-3600
-4203
-4268
-5045
-4658
-4365
-2993
-2232
-1344
-55
1034
2318
3042
3541
3849
4156
3977
3893
3161
2937
2334
1710
1272
479
368
-155
-75
-563
-791
-620
-590
-698
-1152
-1144
-1139
-1438
-1981
-2074
-2164
-2335
-2509
-2365
-1839
-1829
-1408
-1203
-797
-536
-531
-796
-1202
-2108
-3208
-3805
-5095
-5336
-6976
-7968
-7928
-7994
-7149
-7481
-6295
-4558
-3200
-1799
-356
1426
3156
3904
4657
5622
5680
6232
5502
5212
4429
3869
3730
2806
2669
2214
2502
2594
2984
3518
4014
4437
4667
4742
4371
4407
3725
2944
1201
316
-874
-2130
-3037
-4068
-3953
-4806
-4282
-3770
-2636
-1463
-775
830
1963
3398
4357
4883
5136
5503
5470
5244
4427
3752
3383
2318
1793
830
928
467
129
-53
-316
3
-132
-57
-434
-596
-869
-1254
-1857
-2209
-2428
-2866
-3251
-3480
-2984
-3140
-2892
-2744
-2393
-1960
-2159
-2094
-2428
-3307
-4264
-4914
-5938
-6200
-7641
-8591
-8800
-8799
-7652
-7850
-6898
-5184
-3507
-1803
-574
1459
3401
4384
5010
5877
6256
6703
6001
5553
4847
4152
3993
3100
2849
2401
2665
2793
2982
3596
4126
4569
4589
4851
4811
4640
3997
3217
1709
408
-466
-1800
-2821
-3830
-3836
-3955
-4095
-3341
-1865
-715
214
1443
3054
4544
5120
5836
6213
6375
6219
5602
5059
4162
3495
2664
1749
1107
741
309
-140
-395
-420
-453
-436
-347
-693
-1011
-1356
-1577
-2184
-2932
-3136
-3497
-4034
-4283
-4069
-3766
-3892
-3758
-2979
-2663
-2471
-2764
-2664
-3439
-4611
-5038
-6125
-6261
-8122
-8906
-8954
-8893
-7847
-8080
-6930
-5143
-3315
-1701
-243
1676
3902
4709
5516
6436
6776
7368
6159
5933
4976
4414
4041
3066
2909
2201
2496
2734
3286
3755
4369
4758
5142
5058
4885
5057
4239
3585
1586
1024
-281
-1712
-2862
-3867
-3448
-4328
-4049
-3424
-1764
-521
289
1736
3363
4866
5510
6116
6397
6742
6112
5811
4953
4162
3401
2146
1687
702
599
56
-171
-402
-549
-295
-260
-266
-864
-1014
-1359
-1813
-2704
-3257
-3789
-4379
-4904
-5193
-4643
-4875
-4756
-4542
-3574
-3190
-3246
-3300
-3274
-4098
-5030
-5558
-6558
-6770
-8833
-9116
-9045
-8894
-7949
-8127
-6394
-4714
-2829
-1080
564
2517
4404
5211
6097
6915
7206
7556
6364
6253
5291
4810
4253
3552
3460
2653
3116
3568
4124
4328
4926
5582
5760
5385
5293
5396
4347
3371
1669
1338
-460
-1559
-2718
-3469
-3204
-4138
-3154
-2889
-1114
83
872
2503
3768
5286
5808
6309
6588
6720
5903
5688
4676
4050
3099
1895
1521
304
471
-354
-395
-916
-1012
-741
-1074
-1239
-1962
-2165
-2820
-3275
-4190
-4487
-5149
-5500
-5887
-5978
-5149
-5556
-4725
-4768
-3551
-3044
-3200
-3051
-3320
-3936
-5051
-5631
-6530
-6710
-8678
-8959
-9009
-8716
-7649
-7791
-5803
-4433
-2203
-509
1050
3002
4746
5937
6460
7274
7415
7814
6633
6318
5367
4978
4542
3780
3743
3048
3822
3991
4614
4820
5365
6052
5906
5800
5301
5473
4290
3257
1499
933
-448
-2180
-2846
-3841
-3301
-4331
-3722
-2958
-1645
-284
324
2126
3196
4734
5129
5646
5787
5976
5625
5066
4514
3605
3255
1870
1657
646
723
297
-245
-317
-671
-174
-805
-885
-1547
-1743
-2352
-3033
-3584
-4055
-4273
-5048
-4963
-5149
-4486
-4513
-4191
-3752
-3144
-2578
-2826
-2993
-3406
-4234
-5085
-6056
-6888
-7287
-9048
-9212
-9300
-8687
-7842
-7891
-5986
-4349
-2428
-810
668
2683
4400
5267
6179
6619
7110
7308
6226
5983
5045
4979
4299
3665
3472
3240
3735
3900
4281
4538
5168
5386
5450
4938
4815
4569
3415
2213
521
134
-1436
-2777
-3630
-4050
-3823
-4282
-3715
-2611
-1301
-175
1019
2303
3887
5149
5905
6423
6654
7049
6636
6146
5485
4902
4202
3057
2550
1934
1745
1099
635
314
154
-11
-394
-845
-1449
-1806
-2392
-2983
-3682
-4074
-4501
-4971
-5148
-4932
-4521
-4538
-4278
-3828
-3148
-2979
-3297
-3553
-3908
-5052
-5633
-6782
-7370
-8045
-9713
-9454
-9685
-8710
-8247
-7921
-5847
-4198
-2228
-762
941
2996
4564
5205
6411
6722
7239
7091
6274
6088
5008
5244
4311
3900
3532
3416
3959
3853
4222
4474
5008
5060
5001
4460
4625
4082
3166
1853
479
245
-1620
-2371
-3636
-3402
-3445
-3822
-2953
-2337
-370
490
1670
2879
4342
5659
6110
6416
6828
6950
6205
5925
4946
4653
3410
2609
2095
1351
1308
426
406
-269
-132
-200
-634
-1137
-1777
-1841
-2478
-3152
-3878
-4003
-4700
-4960
-5180
-4837
-4545
-4831
-4306
-3988
-3195
-3107
-3578
-3587
-4224
-5134
-5634
-6911
-7128
-8444
-9517
-9180
-9439
-8333
-8177
-7155
-5162
-3681
-1683
-139
1517
3535
4730
5620
6496
6615
7367
6597
6183
5523
4819
4677
3668
3514
3128
3324
3600
3880
4355
4864
5361
5735
5666
5286
5464
4674
4064
2333
1386
931
-908
-1631
-3192
-2882
-3081
-3867
-2946
-2287
-770
132
975
2728
3976
5145
5948
6081
6574
6567
6075
5877
4602
4521
3333
2424
1738
922
1054
-187
-507
-883
-768
-994
-1550
-1913
-2274
-2524
-2980
-3255
-4001
-4039
-4646
-4545
-4750
-4644
-4168
-4587
-3952
-3832
-3059
-3144
-3912
-3888
-5002
-5338
-6248
-7323
-7461
-9214
-9276
-9183
-9056
-8000
-7985
-6410
-4616
-3214
-1152
258
1853
3895
4620
6097
6459
6804
7417
6333
6363
5298
5205
4684
3956
3851
3524
3901
4205
4540
4831
5492
5754
6187
5510
5519
5418
4444
3681
1583
1420
-284
-1527
-2712
-4043
-3501
-4678
-4316
-4000
-2956
-1290
-750
686
2322
3760
5061
5555
5989
6973
6518
6710
5976
5226
5116
3465
3263
1919
1887
1326
254
39
-356
109
-487
-934
-1263
-1321
-1719
-2004
-2649
-3078
-3470
-4024
-3824
-4550
-4016
-4398
-4211
-4026
-3967
-3016
-3693
-3895
-4282
-5331
-5551
-6672
-7349
-7659
-9419
-9030
-9166
-8753
-7759
-7880
-5885
-4548
-2951
-894
344
2295
3892
4856
6143
6316
6939
7081
6239
6153
5078
5143
4352
3652
3434
2943
3385
3485
3696
4153
4486
4918
5171
4541
4789
4338
3663
2624
997
728
-843
-2300
-3429
-4233
-4456
-4762
-5011
-4251
-3210
-1941
-609
375
2210
3744
5116
5732
6329
7090
7114
6932
6367
5923
5221
4093
3166
2409
1910
1290
389
-132
-190
-35
-255
-811
-1111
-1126
-1250
-1676
-2124
-2584
-2975
-3292
-3518
-3566
-3660
-3807
-3668
-3615
-3094
-2792
-2920
-3353
-3698
-4611
-5063
-5820
-6876
-7116
-8828
-8882
-9014
-8808
-7820
-7939
-6394
-5016
-3201
-1496
-81
1456
3367
4260
5321
5869
6108
6740
5561
5518
4527
4416
3746
2887
2802
2346
2815
2934
3515
3788
4559
4949
5344
5049
5076
5147
3978
3346
1564
1232
-210
-1762
-2748
-3880
-3808
-4492
-4489
-3870
-2992
-1651
-413
560
2382
3868
5176
5962
6287
7352
7093
7020
6534
5793
5381
3950
3175
2255
1656
1077
155
-387
-419
-229
-233
-684
-1013
-843
-1026
-1198
-1737
-2279
-2710
-3317
-3512
-3944
-3968
-4416
-4421
-4448
-4050
-3734
-3894
-4051
-4369
-4756
-5799
-6012
-7199
-7169
-8418
-9412
-8918
-9111
-7792
-8118
-7125
-5458
-3817
-2028
-782
929
2677
4192
4776
5885
5827
6841
6096
5618
5116
4565
4773
3424
3426
3071
3537
3688
3938
4444
4969
5506
5572
5804
5377
5680
4501
3800
2374
1384
643
-1092
-2396
-3564
-3527
-4409
-4352
-4423
-3152
-2294
-1378
263
1300
3260
4356
5475
6059
6865
7201
7224
6795
6290
6016
4843
4117
2888
2677
1813
1047
184
-117
52
-320
-491
-1110
-1130
-1342
-1343
-1862
-2424
-3039
-3456
-3739
-4102
-4117
-4752
-4610
-4723
-4395
-4094
-4277
-4136
-4436
-4516
-5832
-6112
-6695
-7151
-7539
-9240
-9081
-8965
-8282
-7796
-7821
-6231
-4565
-3084
-1741
-330
1258
3096
3649
4666
5205
5744
6305
5304
5276
4664
4964
4395
3683
3868
3985
4302
4250
4754
5360
5769
5696
6021
5863
5819
5197
4193
3545
2031
1453
75
-861
-2436
-2862
-3322
-3563
-3621
-3527
-1803
-1797
-176
978
2424
3924
4590
5706
6391
6961
6977
6993
6346
6300
5194
4568
3561
2599
2381
1197
730
-341
-279
-635
-1024
-1580
-1945
-2169
-2338
-2441
-3034
-3357
-4200
-3921
-4333
-4615
-4965
-5228
-4822
-5111
-4831
-4737
-4478
-4439
-4479
-4640
-5733
-6155
-6247
-6924
-7220
-8688
-8679
-8094
-8362
-7306
-7330
-5988
-4312
-3461
-1472
-289
1206
2944
3441
4650
5533
5782
6608
5727
5923
5644
5533
5508
4522
4682
4589
4631
4907
5139
5655
5722
5652
6196
5942
5727
5255
4058
3837
2306
1780
750
-582
-1268
-2614
-2537
-3177
-3250
-2876
-2234
-1680
-836
594
1832
2674
3820
5082
5733
6373
6344
6676
6318
5552
5390
4169
3570
2218
1692
964
-60
-812
-1348
-1503
-1849
-2137
-2624
-2599
-2800
-2667
-3022
-3335
-3584
-3914
-3944
-4604
-4584
-4775
-4856
-4918
-5154
-4666
-4618
-4338
-4458
-4479
-4865
-5688
-5543
-6202
-6065
-6907
-7940
-7464
-7521
-6728
-6630
-6209
-5013
-3786
-2425
-811
113
1338
2832
3553
5230
5115
6076
6300
6131
6393
5976
6305
5440
5219
4813
4793
4646
4886
4822
4731
4835
4879
5411
4507
4535
3604
3513
2844
1554
1122
-206
-689
-2040
-2010
-2931
-2723
-3165
-2667
-1647
-1616
-5
229
1761
2791
3894
4763
5372
6064
6272
6562
5817
6161
4930
4485
3283
2697
2263
883
171
-996
-813
-1477
-1698
-2478
-2447
-2596
-2697
-2732
-3164
-3054
-3834
-3566
-4267
-4268
-4659
-5126
-5024
-5588
-4954
-5292
-5015
-5053
-4730
-4608
-5035
-5758
-5367
-5626
-5829
-6436
-7730
-6762
-7036
-6261
-6400
-6468
-4723
-3905
-2329
-1545
-484
1139
2740
3797
4956
5279
6350
6888
6627
6917
6305
6606
5752
5183
4870
4431
4428
3869
3675
3611
3702
3912
3960
3420
3433
3239
3238
2699
1657
1676
839
418
-748
-782
-1272
-1655
-1655
-1568
-710
-891
405
1153
2030
3266
4228
5314
5609
6239
6649
6958
6226
6006
5051
4440
3406
2287
1622
87
-521
-1708
-1957
-2413
-2775
-3088
-3447
-3317
-3063
-2949
-3434
-3598
-3945
-3679
-4344
-4847
-5274
-5747
-5508
-6057
-5758
-5801
-5318
-5039
-4700
-4301
-4206
-4751
-4646
-4646
-4878
-5356
-6843
-6447
-6920
-6716
-6651
-6978
-5746
-5090
-3566
-2405
-1256
305
2280
3540
4787
5609
6803
7718
7247
7424
6845
6863
6059
5234
4470
3625
3427
3015
2853
2673
2973
3333
3692
3620
3974
4235
4070
4037
3170
3253
2358
1648
923
22
-316
-1279
-1489
-1553
-1191
-854
-451
393
1327
2653
3649
4354
4870
5657
6228
6310
5814
5278
4963
3777
2867
1489
778
-330
-1557
-2292
-2789
-2821
-3384
-3646
-3709
-3261
-3230
-3201
-3490
-3589
-3552
-4120
-4307
-5280
-5376
-5688
-5881
-5801
-5976
-5304
-4949
-4364
-3580
-3081
-2762
-3449
-3504
-3272
-3873
-4234
-5947
-6485
-6588
-6963
-6590
-7409
-6803
-5539
-4286
-2795
-1622
-52
2312
3661
5101
6290
7057
8317
7688
7755
7098
6664
6183
4820
3827
2908
2740
2533
2098
1954
2492
2866
3538
3745
4205
4826
4501
5016
4230
4200
3439
2537
2033
398
125
-998
-1600
-1479
-1483
-1237
-975
-263
1300
2150
3097
4305
4846
5980
6240
6549
6742
5826
5524
4134
3439
2277
903
-29
-1338
-2230
-2999
-3296
-3534
-3978
-4400
-4123
-4087
-3783
-4133
-4627
-4539
-5106
-5120
-5878
-6175
-6249
-6606
-6347
-6544
-5949
-5315
-4741
-4159
-3492
-3066
-2787
-3694
-3456
-3767
-4264
-4831
-6947
-6852
-7284
-7205
-7066
-7614
-6174
-4986
-3380
-1797
-508
1401
3566
4708
6338
6903
7841
8521
7648
7624
6436
6295
5149
3683
2893
2205
2179
2001
1826
2244
2888
3700
4790
5014
5738
6275
6520
6814
5779
5763
4946
3901
2847
1463
700
-23
-1093
-1056
-1052
-1114
-213
135
1725
2546
3379
4620
5201
6104
6329
6208
5726
4932
4220
3207
1586
363
-904
-1904
-2841
-3916
-4010
-4617
-4651
-4809
-4687
-4150
-4245
-4185
-4219
-4404
-4430
-4851
-5508
-5916
-6383
-6343
-6770
-6759
-6227
-5942
-5189
-4753
-3945
-2880
-2607
-2606
-3500
-3253
-3341
-4145
-5264
-7180
-7049
-7322
-7672
-7647
-7925
-6147
-4788
-3252
-1537
137
2165
4181
5181
6627
7435
7973
8415
7274
7355
6190
5615
4281
2893
2475
1880
1805
1656
1924
2807
3760
4720
5918
6484
7253
7861
7824
8102
6883
6384
5321
4106
3100
1168
392
-359
-1670
-1461
-1442
-1461
-381
-432
1595
2248
3197
4720
4866
5733
5720
5625
5328
4258
3239
2053
472
-297
-1798
-2701
-3814
-4800
-4754
-5178
-4994
-5260
-5356
-4703
-4882
-4714
-4656
-5001
-4961
-5645
-6033
-6157
-6820
-6673
-7068
-6904
-6264
-6102
-5010
-4481
-3641
-2433
-2014
-1636
-2423
-2788
-2549
-3481
-4132
-6177
-6855
-6885
-7229
-6773
-6924
-5907
-4162
-2478
-568
987
2683
4935
6147
7093
7886
8145
8714
7604
6973
5951
5094
4315
2932
2243
1659
1897
2312
2769
3444
4789
5831
7189
7878
8367
9051
8665
8703
7527
6658
5425
3836
2494
575
-54
-1920
-2574
-2932
-3100
-2664
-2510
-1240
-90
756
1987
3161
3815
4517
4298
4511
4080
2879
2207
461
-106
-1725
-2794
-3552
-4492
-4844
-5518
-5338
-5283
-5139
-4994
-4643
-4855
-4538
-4663
-4839
-5245
-6066
-5920
-6760
-6775
-7259
-7153
-6681
-6550
-5548
-4864
-3740
-2640
-1600
-921
-146
-39
-729
-1339
-2094
-2760
-3808
-5987
-6805
-6968
-6918
-6517
-6566
-5240
-3354
-1593
469
1960
3664
5602
6854
7759
8037
7871
8184
7161
6210
4945
4113
3558
2445
1939
1848
2529
3287
3988
4970
6447
7609
8763
9064
9402
9681
9127
8603
6911
5649
4048
2574
1028
-658
-2072
-3063
-3175
-3838
-2917
-2939
-1985
-788
213
1854
2542
3584
3982
4051
3950
4005
3054
1947
638
-344
-1058
-2530
-3048
-4076
-4290
-4931
-4970
-4581
-4496
-4513
-4900
-4538
-4706
-4568
-5148
-5463
-6288
-6664
-6801
-7315
-7373
-7872
-7133
-6938
-5936
-5244
-4377
-3223
-2317
-905
-290
450
251
-27
-1445
-1745
-2707
-3739
-5017
-7161
-6781
-7103
-6185
-5950
-5525
-3802
-2079
200
1680
3072
4455
6203
6742
7473
7035
7087
6878
5573
5181
3912
4000
3340
2925
3029
3551
4639
5297
6157
7225
8585
9093
9818
9605
9788
9142
8107
7110
5197
4134
2244
911
-488
-1526
-2236
-3055
-3416
-3114
-2342
-1806
-946
-516
818
1759
2713
3087
2769
2919
2572
2448
1359
399
-500
-1209
-2128
-2975
-3372
-3803
-4239
-4879
-4738
-4652
-4603
-5198
-5633
-5792
-6066
-6171
-6918
-7291
-7662
-7494
-7491
-7664
-7527
-7058
-6107
-5439
-4649
-3794
-2587
-1533
-675
42
567
1215
1146
968
-728
-1322
-1786
-2935
-3682
-5831
-5738
-5724
-5480
-4659
-4476
-3067
-1358
77
1626
3035
4201
5747
5997
6842
7006
6844
7299
6082
5890
5043
5044
4995
4367
4598
4976
5678
6266
6879
7651
8594
8604
9237
8985
8843
8396
7195
6601
4748
3789
2413
917
-337
-1786
-2231
-3270
-4132
-3951
-3672
-3151
-2886
-2726
-1261
-587
429
780
664
1609
1413
1676
1051
114
-204
-1272
-2048
-2852
-3810
-4164
-5110
-5971
-6242
-6603
-6373
-7104
-7379
-7212
-7114
-6696
-6946
-6801
-6713
-6388
-5717
-5613
-5523
-5217
-4602
-3677
-3387
-2864
-1845
-1231
-321
250
991
1864
2120
2235
2263
923
327
-223
-1361
-1899
-4170
-4567
-4757
-5032
-4403
-4444
-3361
-2177
-951
901
2370
3349
4817
5747
6928
7419
7351
7941
7337
7208
6348
6008
5834
5042
4832
4694
5069
5534
6064
6765
7720
8081
9069
9129
9084
8803
7859
7402
5658
4352
2648
806
-624
-2267
-3474
-4590
-5475
-5557
-5062
-4694
-3882
-3137
-1636
-364
486
1275
1487
1893
1563
1184
315
-883
-1916
-3315
-4508
-5608
-6589
-7154
-7693
-8115
-7949
-7571
-6733
-6505
-6463
-5752
-5005
-4361
-4580
-4785
-4668
-4605
-4584
-4875
-5057
-4939
-4522
-3908
-3481
-2809
-1555
-494
501
1332
2367
3568
3827
4053
3981
3882
2334
500
-434
-1958
-2617
-4751
-5972
-6063
-5974
-4694
-4386
-3718
-1959
126
2390
4105
4841
6583
7672
8395
8577
7778
8165
7142
6243
5148
4316
4441
3951
3775
3790
4571
5798
6860
7376
8328
9052
9969
9839
8933
8359
6935
5968
3715
1762
-34
-1938
-3201
-4764
-5750
-6296
-6204
-6188
-5229
-4320
-3195
-2173
-1395
-177
251
630
362
-246
-1203
-1837
-2778
-4104
-5338
-6472
-6810
-7405
-7485
-7406
-7069
-6653
-6104
-5304
-4538
-3988
-3864
-3544
-3508
-3165
-3324
-3573
-3923
-4251
-4067
-4155
-3859
-3600
-2928
-2183
-1261
-158
889
2102
2875
3664
4182
4603
4541
4147
3634
2880
2175
-76
-1486
-2348
-3370
-3631
-5406
-5436
-4729
-3875
-2450
-2066
-847
1143
2812
4305
4975
5374
6600
6672
6776
6334
5694
5842
4864
4621
4036
4104
4597
4558
4905
5406
6456
7433
7879
8006
8403
8191
8425
7465
6306
5142
3556
2581
601
-658
-2137
-3406
-4279
-4955
-5224
-5198
-5503
-5312
-4447
-4106
-3327
-3539
-2946
-2734
-2704
-2539
-3289
-3504
-4125
-4310
-4712
-5145
-5307
-5374
-5442
-5161
-4849
-4310
-3819
-3923
-3389
-2996
-2347
-2375
-2539
-2301
-2014
-1879
-2098
-2225
-2257
-1895
-1647
-1344
-1207
-770
-250
339
765
986
1689
1869
2112
2056
2300
2559
2230
1879
1581
1639
1420
1084
-373
-867
-979
-1141
-1206
-2645
-2438
-2245
-1725
-1159
-1014
-131
863
1768
2689
3512
4009
5070
5273
5737
5770
5694
6163
5459
5353
4752
4818
4856
4467
4238
4260
4841
5128
5201
5220
5917
5944
6062
5219
4766
4229
3043
2263
369
-751
-2245
-3557
-4593
-6062
-6497
-7018
-7305
-7281
-6928
-6268
-5497
-5202
-4420
-3943
-3232
-2723
-3067
-2821
-3274
-3134
-3444
-4094
-4158
-4524
-4320
-4233
-4140
-3449
-2868
-2307
-1430
-750
326
766
912
1413
1251
1469
1100
609
64
-656
-787
-1197
-1830
-2230
-2209
-1759
-1496
-1277
-500
318
1213
1841
2511
3242
3482
3776
3564
3414
2955
2398
916
-442
-963
-1552
-1614
-3027
-3390
-2716
-1800
-762
-340
528
2077
3435
4364
5012
4847
5578
5609
5328
4601
3544
3610
2732
1992
1286
1436
1956
1985
2033
2670
3720
4695
5240
5209
5897
5866
5950
5001
3718
2861
1459
427
-1550
-2987
-4217
-5288
-6182
-6996
-7357
-7200
-7308
-7255
-6414
-5907
-4774
-4741
-4288
-3678
-3255
-2478
-2775
-2838
-2802
-2403
-2193
-2166
-1977
-1371
-956
-424
425
1006
1737
1747
2259
2348
2461
2411
1709
1190
428
34
-646
-1403
-2132
-2453
-2627
-2641
-2620
-2415
-1870
-1431
-637
-86
624
1029
1426
1715
1772
2022
1889
1687
1381
1298
1236
985
802
587
2
169
156
466
329
-373
179
212
538
625
399
800
867
955
1108
840
824
1025
1013
1281
960
1407
1773
1785
2302
2251
2869
2994
3173
3561
3586
3820
3943
3892
3905
3520
3174
2929
2062
1507
491
-241
-1058
-2033
-2674
-3769
-4481
-4920
-5351
-5560
-5909
-6079
-5351
-5021
-4332
-3804
-3237
-2192
-1558
-568
-64
384
943
1397
1697
1772
1870
1945
1680
1590
1748
1496
1322
870
888
791
471
256
-178
-424
-765
-979
-1287
-1598
-2030
-2072
-2302
-2436
-2574
-2850
-2674
-2812
-2375
-2099
-1756
-1451
-1077
-288
268
874
1403
1887
2387
2946
3388
3729
3527
3513
3299
2656
2005
1121
766
-56
-1117
-1775
-2290
-2365
-2499
-2747
-2728
-2500
-1962
-1240
-1022
-699
-253
312
861
952
1130
1354
1582
1583
1537
1649
1891
1897
1788
1994
2355
2610
2669
2780
2927
2921
2835
2515
2085
1709
1250
787
139
-373
-820
-1477
-2000
-2250
-2395
-2486
-2715
-2615
-2149
-1752
-1410
-1258
-891
-254
205
384
558
726
1078
1384
1358
1314
1216
1291
1167
890
751
653
254
-401
-636
-636
-877
-1610
-2210
-2436
-2551
-2737
-3068
-3378
-3434
-3262
-3150
-2960
-2954
-2639
-2139
-1821
-1229
-760
-227
206
553
1110
1793
2252
2498
2720
3154
3662
3883
3870
3724
3680
3741
3212
2076
1053
537
-115
-1222
-2626
-3465
-3855
-4094
-4300
-4773
-4705
-4141
-3540
-3031
-2581
-1937
-975
-369
-28
342
671
1193
1168
964
963
1086
1352
1207
1252
1516
2231
2883
3367
3919
4505
5081
5497
5726
5832
5749
5337
4698
3821
2937
2077
768
-357
-1297
-2108
-2482
-3353
-3473
-3330
-3103
-2449
-2315
-1830
-1086
-474
147
167
301
799
642
364
-158
-590
-704
-1398
-1664
-2083
-2383
-2447
-2666
-2502
-2364
-2271
-2033
-1930
-1712
-1360
-1322
-1131
-1412
-1400
-1251
-1416
-1355
-1791
-1667
-1558
-1528
-1268
-1153
-717
-306
183
849
1502
2061
2702
3104
3835
4094
4202
4223
3844
3644
2859
2243
1170
-270
-1434
-2443
-3299
-4373
-5471
-5960
-6047
-5977
-5560
-5606
-4957
-4000
-3050
-2119
-1805
-958
-129
496
791
937
1425
1789
1882
2053
2541
3103
3759
4097
4707
5371
6289
7094
7402
7737
7965
8404
8206
7303
6540
5878
5090
3651
2122
1113
178
-1285
-2507
-3153
-3693
-3941
-4625
-4542
-4516
-4146
-3625
-3516
-3269
-2710
-2007
-1970
-2214
-2117
-1510
-1579
-1946
-2157
-1984
-1802
-2005
-1940
-1826
-1503
-1505
-1392
-1344
-1086
-776
-804
-1048
-1333
-1115
-1269
-1692
-2342
-2319
-2342
-2491
-2690
-2786
-2264
-1980
-1492
-1032
-406
248
884
1443
2033
2607
2927
3287
3105
3237
3109
3056
2525
1853
1500
1106
813
-44
-855
-1404
-1867
-2215
-2690
-3173
-3442
-3709
-3540
-3362
-3353
-3057
-2716
-2210
-1705
-1276
-570
-96
423
1111
1856
2660
3141
3701
4504
5229
5851
6226
6618
7161
7477
7624
7439
7096
7006
6698
6183
5350
4440
3868
2902
1902
823
-67
-753
-1832
-2664
-3606
-4139
-4436
-5112
-5399
-5679
-5524
-5206
-5228
-4894
-4621
-4184
-3646
-3435
-2935
-2589
-2305
-1885
-1871
-1504
-1282
-1189
-1111
-1294
-941
-712
-774
-795
-942
-719
-610
-840
-953
-1173
-1106
-1040
-1344
-1444
-1651
-1656
-1551
-1704
-1552
-1507
-1221
-813
-609
-119
292
901
1375
1639
2138
2579
2955
3134
3165
3507
3517
3335
3136
2776
2783
2420
2216
1824
1385
1002
667
-20
-476
-1139
-1532
-1883
-2692
-2663
-2934
-2748
-2624
-2585
-2090
-1634
-998
-366
14
774
1552
2024
2606
2932
3607
4128
4258
4674
4633
4865
4866
4762
4562
4203
3948
3632
3089
2615
2148
1568
1068
215
-174
-822
-1418
-2029
-2718
-3120
-3746
-4080
-4299
-4683
-4915
-5105
-5154
-5008
-4924
-4622
-4405
-4195
-3597
-3079
-2568
-2339
-1921
-1259
-869
-511
-270
60
310
448
457
562
488
499
420
250
221
27
-113
-280
-407
-399
-416
-472
-511
-453
-248
-44
88
235
537
919
1096
1351
1668
1983
2305
2402
2704
2970
3089
3075
3165
3325
3367
3266
3176
3232
3209
3096
2838
2578
2291
1831
1230
302
-416
-1020
-1732
-2556
-3604
-4048
-4190
-4353
-4565
-4480
-4130
-3438
-2895
-2352
-1690
-1029
-164
294
810
1283
1710
2107
2124
2175
2266
2290
2141
1975
1928
2048
1904
1904
1841
1813
1795
1486
1357
898
497
39
-499
-1206
-1954
-2585
-3081
-3748
-4310
-4445
-4637
-4646
-4793
-4485
-4023
-3628
-3200
-2713
-2037
-1457
-921
-461
42
433
919
1326
1534
1827
2027
2296
2342
2337
2347
2428
2289
2079
1905
1680
1427
1046
825
511
301
102
77
71
60
178
336
659
837
1135
1473
1763
2063
2239
2459
2547
2663
2721
2645
2355
2264
2177
1983
1663
1397
1342
1116
894
639
419
198
-174
-699
-1302
-1929
-2498
-3129
-3957
-4641
-5308
-5767
-6048
-6316
-6199
-6135
-5732
-5134
-4506
-3701
-2870
-2051
-1229
-475
435
1212
1653
2070
2458
2876
3021
2901
2882
2924
2876
2724
2537
2459
2363
2296
2194
1893
1602
1352
1023
632
60
-381
-842
-1474
-1942
-2258
-2336
-2504
-2668
-2611
-2301
-1788
-1420
-1089
-595
130
935
1453
1937
2502
2907
3253
3491
3650
3724
3630
3492
3303
3084
3004
2710
2252
1858
1623
1498
1064
575
171
-137
-268
-600
-957
-1233
-1408
-1386
-1410
-1386
-1323
-1273
-1104
-927
-754
-586
-507
-377
-309
-155
77
31
-18
-44
52
125
-73
-110
-187
-277
-368
-522
-598
-931
-1384
-1755
-2310
-2886
-3521
-4371
-5045
-5851
-6235
-6520
-6883
-6855
-6644
-5992
-5373
-4646
-3676
-2625
-1577
-554
371
1331
2039
2587
3156
3521
3849
3835
3765
3698
3639
3713
3663
3505
3400
3515
3821
3991
3960
4039
4004
3969
3698
3273
2992
2363
1780
990
465
81
-533
-957
-1306
-1270
-895
-566
-176
426
1039
2065
2675
3270
3729
4032
4420
4247
4221
3883
3326
2698
1946
1369
689
-133
-735
-1315
-1646
-1790
-2104
-2108
-2409
-2423
-2382
-2466
-2453
-2730
-2848
-3030
-3128
-3152
-3216
-3334
-3309
-3267
-2892
-2649
-2421
-1951
-1607
-1038
-672
-295
-33
144
274
391
347
153
-20
-228
-453
-845
-1175
-1578
-1906
-2161
-2436
-2677
-3098
-3414
-3740
-3996
-4193
-4385
-4652
-4879
-4943
-4819
-4573
-4358
-3881
-3365
-2596
-1829
-959
38
956
1940
2938
3902
4698
5336
5948
6573
6892
7060
7172
7165
7038
6691
6477
6108
5795
5584
5291
4979
4702
4659
4299
4026
3612
3285
2898
2306
1933
1423
1001
488
-58
-428
-687
-909
-1053
-1268
-1228
-1102
-1012
-717
-683
-520
-402
-263
-161
-426
-628
-861
-1196
-1689
-2124
-2531
-3023
-3590
-3968
-4244
-4537
-4638
-4715
-4626
-4509
-4247
-3939
-3746
-3612
-3282
-2898
-2593
-2435
-2357
-2052
-1889
-1831
-1768
-1630
-1499
-1402
-1258
-906
-596
-288
41
328
631
870
1100
1163
1038
977
910
668
250
-135
-445
-868
-1217
-1513
-1707
-2005
-2072
-2107
-2071
-1948
-1769
-1441
-1193
-819
-419
52
524
1028
1570
2128
2639
3229
3757
4229
4713
5123
5713
6164
6493
6740
6952
7261
7296
7197
7034
6817
6563
6110
5487
5002
4399
3796
3114
2369
1723
1017
395
-297
-1021
-1522
-1942
-2445
-2882
-3267
-3384
-3562
-3751
-3805
-3879
-3900
-3939
-3899
-3821
-3774
-3681
-3604
-3501
-3398
-3312
-3257
-3299
-3349
-3358
-3414
-3443
-3475
-3429
-3353
-3377
-3279
-3200
-3106
-2975
-2934
-2800
-2664
-2477
-2252
-2130
-1987
-1765
-1509
-1240
-1119
-982
-797
-660
-518
-481
-289
-76
8
199
508
886
1118
1280
1550
1742
1942
2106
2218
2289
2306
2382
2364
2299
2298
2296
2313
2190
2063
2073
2039
1980
1942
1864
1892
1962
2002
2078
1992
2115
2217
2341
2597
2777
2961
3219
3537
3764
3886
4068
4305
4270
4273
4286
4220
3951
3575
3375
2998
2422
1872
1315
867
191
-400
-806
-1284
-1859
-2441
-2905
-3192
-3574
-4023
-4298
-4515
-4586
-4765
-4952
-5118
-5142
-5066
-5058
-5069
-4994
-4742
-4364
-4158
-3964
-3632
-3263
-2937
-2710
-2446
-2126
-1765
-1562
-1456
-1350
-1190
-1013
-971
-1040
-960
-702
-728
-892
-911
-714
-667
-738
-639
-494
-366
-247
81
303
438
696
1047
1313
1484
1804
2190
2383
2524
2902
3236
3447
3578
3740
3919
3980
3954
3860
3738
3650
3565
3355
3123
2906
2702
2568
2345
2156
1991
1821
1762
1573
1499
1359
1123
953
675
560
247
-202
-513
-765
-843
-1020
-1258
-1350
-1354
-1228
-1071
-923
-786
-671
-386
-168
-113
-4
21
71
79
-42
-188
-442
-734
-1051
-1427
-1708
-2129
-2421
-2770
-3086
-3076
-3205
-3321
-3483
-3436
-3273
-3187
-3094
-2892
-2735
-2516
-2338
-2132
-1922
-1819
-1600
-1364
-1137
-993
-905
-709
-508
-358
-233
-53
138
281
465
680
765
884
1061
1269
1448
1441
1576
1716
1834
1891
1828
1961
2050
1973
1942
1922
2063
2184
2264
2315
2368
2529
2663
2761
2778
2831
2865
2827
2581
2448
2320
2156
1953
1665
1490
1355
1244
1057
884
856
944
893
778
774
723
639
403
196
-160
-606
-1081
-1564
-2086
-2651
-3152
-3616
-3988
-4394
-4506
-4495
-4436
-4273
-3924
-3502
-3096
-2632
-2132
-1700
-1317
-970
-775
-606
-552
-495
-465
-545
-560
-564
-596
-628
-511
-374
-230
-7
290
501
678
910
1072
1030
866
719
471
93
-311
-722
-1139
-1515
-1746
-1777
-1821
-1709
-1386
-870
-361
200
802
1442
2054
2541
2899
3102
3269
3340
3234
2983
2594
2309
2046
1708
1404
1172
1076
1080
1113
1219
1469
1703
1971
2217
2348
2498
2568
2506
2236
1888
1651
1302
849
408
107
-115
-441
-560
-547
-628
-683
-526
-387
-300
-278
-122
-21
-172
-310
-535
-837
-1290
-1719
-2153
-2675
-3177
-3506
-3877
-4215
-4404
-4416
-4424
-4435
-4212
-3881
-3663
-3411
-3091
-2754
-2470
-2134
-1781
-1631
-1476
-1161
-928
-844
-638
-285
26
139
425
865
1155
1381
1639
1987
2214
2377
2522
2546
2478
2400
2312
2108
1778
1474
1319
1122
910
796
766
768
800
927
1100
1282
1497
1739
1935
2097
2302
2453
2506
2488
2537
2481
2337
2174
2034
1841
1570
1406
1260
1045
920
898
832
722
699
839
872
741
664
668
589
363
143
-58
-339
-667
-902
-1211
-1495
-1722
-1837
-1925
-2091
-2079
-1986
-1953
-1980
-1915
-1793
-1834
-1934
-2026
-2091
-2291
-2519
-2733
-2979
-3190
-3355
-3479
-3653
-3717
-3588
-3454
-3292
-3002
-2689
-2278
-2008
-1704
-1355
-1047
-759
-583
-449
-297
-268
-254
-226
-174
-68
-3
195
350
560
870
1171
1441
1692
2021
2381
2575
2773
3038
3174
3277
3249
3255
3245
3164
3152
3078
3091
3154
3188
3150
3151
3150
3209
3129
3000
2837
2592
2347
2050
1792
1536
1294
1004
695
493
389
332
202
44
55
129
126
49
-37
-80
-180
-313
-538
-834
-1071
-1261
-1420
-1729
-1949
-2013
-2088
-2181
-2259
-2167
-2152
-2245
-2214
-2199
-2199
-2193
-2251
-2390
-2558
-2673
-2754
-2967
-3201
-3312
-3370
-3358
-3424
-3318
-3094
-2884
-2672
-2395
-2053
-1790
-1541
-1264
-984
-718
-456
-252
-81
4
226
334
445
485
631
847
956
1098
1268
1499
1608
1608
1715
1841
1866
1813
1758
1770
1706
1562
1562
1581
1525
1544
1717
1899
1964
2183
2442
2615
2776
3001
3207
3248
3248
3331
3350
3179
3005
2881
2651
2361
2097
1920
1722
1486
1273
1094
925
784
724
643
498
295
148
78
-173
-450
-667
-988
-1285
-1544
-1729
-1887
-2095
-2223
-2238
-2276
-2307
-2299
-2316
-2339
-2366
-2324
-2329
-2507
-2639
-2731
-2824
-3008
-3227
-3313
-3410
-3539
-3588
-3467
-3376
-3340
-3227
-3000
-2773
-2541
-2233
-1927
-1677
-1411
-1083
-787
-552
-294
74
295
445
655
949
1094
1174
1371
1497
1562
1559
1676
1754
1790
1800
1880
1874
1841
1909
1987
1966
1881
1942
2007
2003
1988
2061
2090
2043
2026
2048
2010
1965
1961
1941
1886
1850
1899
1813
1682
1583
1571
1582
1530
1469
1441
1437
1379
1361
1265
1162
1079
945
771
632
507
300
163
-6
-196
-346
-493
-581
-753
-859
-927
-987
-1123
-1318
-1394
-1514
-1636
-1723
-1873
-2054
-2241
-2363
-2423
-2598
-2813
-2948
-3015
-3017
-3000
-2866
-2711
-2562
-2417
-2294
-2169
-2026
-1871
-1776
-1692
-1607
-1499
-1390
-1299
-1180
-1051
-902
-781
-634
-451
-262
-51
191
418
654
914
1166
1334
1359
1520
1654
1702
1747
1801
1819
1747
1747
1806
1864
1804
1885
1978
1996
1956
2078
2136
2071
2011
1968
1989
1816
1662
1573
1402
1244
1125
1024
827
662
668
622
514
483
587
598
503
399
433
382
296
201
95
79
-42
-110
-199
-321
-399
-495
-503
-614
-752
-799
-798
-882
-1124
-1225
-1199
-1381
-1662
-1805
-1888
-2050
-2233
-2314
-2286
-2400
-2491
-2433
-2406
-2370
-2275
-2109
-2009
-1895
-1656
-1396
-1300
-1212
-987
-759
-637
-534
-353
-132
41
186
327
476
640
810
920
1023
1096
1214
1198
1181
1177
1142
1086
992
943
916
889
853
925
971
1061
1224
1400
1579
1740
1938
2144
2272
2353
2445
2556
2516
2383
2308
2239
1995
1737
1553
1444
1215
964
850
693
498
400
316
78
-131
-190
-239
-495
-707
-770
-855
-1083
-1258
-1353
-1414
-1523
-1637
-1726
-1763
-1718
-1706
-1682
-1626
-1569
-1419
-1337
-1312
-1363
-1359
-1295
-1364
-1482
-1563
-1558
-1609
-1798
-1906
-1918
-1920
-1984
-2053
-1946
-1895
-1840
-1751
-1659
-1569
-1495
-1376
-1180
-1129
-981
-711
-486
-343
-177
124
415
617
882
1197
1425
1627
1872
2081
2144
2224
2392
2425
2340
2297
2284
2219
2126
2055
1946
1815
1669
1606
1486
1402
1388
1341
1251
1277
1284
1202
1174
1212
1216
1147
1228
1297
1300
1241
1320
1336
1251
1178
1120
1083
997
906
816
717
623
530
443
350
210
113
39
-140
-313
-484
-641
-840
-1057
-1249
-1525
-1735
-1981
-2255
-2452
-2587
-2765
-2887
-2998
-3050
-2985
-2967
-2921
-2793
-2609
-2452
-2307
-2141
-1987
-1891
-1846
-1752
-1679
-1595
-1529
-1456
-1448
-1465
-1379
-1293
-1206
-1168
-1030
-840
-659
-440
-185
17
154
362
537
614
696
814
917
975
1045
1166
1258
1260
1338
1426
1491
1552
1731
1897
1976
2129
2368
2510
2493
2502
2603
2634
2583
2509
2376
2339
2316
2219
2039
1907
1802
1712
1610
1549
1573
1477
1366
1233
1149
1068
986
866
705
533
409
384
225
30
-23
-74
-141
-174
-172
-157
-160
-167
-192
-340
-451
-475
-644
-872
-1007
-1161
-1442
-1742
-1910
-2076
-2393
-2666
-2842
-2925
-3105
-3159
-3109
-3194
-3279
-3240
-3053
-3050
-3064
-2947
-2795
-2641
-2554
-2383
-2184
-2055
-1916
-1697
-1504
-1346
-1150
-915
-674
-507
-224
75
269
425
622
790
876
967
1011
1124
1235
1300
1354
1413
1476
1579
1664
1655
1718
1875
2037
2112
2184
2279
2358
2420
2428
2433
2419
2390
2333
2248
2204
2108
1993
1984
1960
1961
2018
1978
1871
1798
1798
1782
1594
1393
1409
1296
1108
1000
907
715
443
224
15
-295
-543
-702
-950
-1228
-1361
-1344
-1474
-1698
-1656
-1577
-1652
-1698
-1628
-1461
-1499
-1538
-1445
-1433
-1467
-1455
-1419
-1558
-1601
-1547
-1566
-1734
-1844
-1790
-1856
-1961
-1952
-1911
-1916
-1867
-1782
-1701
-1700
-1605
-1481
-1509
-1460
-1285
-1167
-1184
-1171
-1023
-937
-922
-796
-582
-421
-273
-31
237
397
570
850
976
1061
1215
1362
1490
1485
1562
1645
1645
1639
1652
1658
1651
1642
1682
1727
1762
1864
1946
1988
2028
2104
2144
2086
2017
2034
1976
1888
1746
1634
1545
1435
1344
1255
1145
1039
963
900
833
760
678
599
493
323
223
112
-42
-219
-397
-583
-785
-1065
-1247
-1426
-1601
-1781
-1941
-2024
-2162
-2213
-2186
-2146
-2179
-2196
-2103
-2006
-2020
-1984
-1907
-1835
-1827
-1792
-1664
-1570
-1544
-1381
-1166
-1038
-920
-741
-535
-440
-369
-235
-158
-144
-15
85
93
67
176
219
154
206
291
401
418
482
613
627
625
672
667
608
595
659
642
593
633
692
673
641
756
868
860
813
934
1028
972
974
1064
1078
1014
1069
1124
1130
1091
1100
1122
1023
975
1024
1069
1020
1004
1092
1153
1047
978
995
861
731
635
554
353
139
64
-72
-256
-432
-544
-669
-839
-918
-971
-1080
-1139
-1153
-1170
-1255
-1257
-1231
-1284
-1288
-1270
-1252
-1268
-1253
-1222
-1239
-1266
-1258
-1207
-1220
-1228
-1144
-1014
-940
-881
-755
-705
-661
-600
-500
-445
-402
-327
-280
-237
-158
-29
68
149
244
330
404
514
651
715
833
945
967
962
980
1020
1020
957
923
904
832
795
728
604
481
401
459
416
325
270
238
222
193
235
270
276
286
367
379
356
341
355
311
252
264
280
247
185
220
264
326
362
375
424
429
456
460
513
485
413
375
327
233
60
-59
-166
-238
-366
-500
-552
-659
-750
-818
-829
-883
-978
-990
-979
-1029
-1059
-952
-878
-922
-918
-821
-737
-779
-830
-763
-736
-773
-803
-700
-652
-650
-605
-476
-449
-497
-379
-282
-299
-287
-125
-98
-162
-62
82
99
0
106
190
198
224
363
424
438
538
698
779
786
931
1066
1087
1127
1283
1359
1349
1379
1525
1555
1477
1528
1589
1446
1310
1319
1255
1065
1001
960
817
589
530
471
218
24
-40
-164
-399
-495
-523
-676
-873
-893
-946
-1115
-1139
-1110
-1093
-1143
-1087
-957
-958
-922
-855
-780
-764
-726
-651
-630
-625
-596
-596
-585
-568
-576
-622
-700
-682
-675
-726
-778
-758
-785
-810
-748
-658
-593
-569
-492
-443
-464
-432
-299
-235
-235
-157
-29
63
160
291
323
353
404
427
438
525
661
714
757
777
809
881
969
966
916
912
993
920
800
817
796
718
561
582
604
590
616
608
638
676
796
892
899
897
988
1023
968
939
973
971
898
875
782
696
611
504
350
192
103
2
-141
-300
-402
-541
-673
-793
-1003
-1108
-1190
-1271
-1396
-1502
-1529
-1575
-1613
-1579
-1571
-1585
-1539
-1494
-1430
-1451
-1343
-1262
-1252
-1173
-1057
-985
-927
-815
-734
-665
-510
-349
-301
-260
-87
97
128
184
322
348
252
241
347
329
217
208
194
142
108
166
165
160
230
379
473
506
586
705
798
799
803
806
830
823
755
728
760
743
653
643
713
757
727
766
914
992
1064
1165
1233
1207
1190
1264
1265
1155
1049
1035
971
804
659
596
441
258
203
176
144
47
39
54
27
-32
-75
-178
-328
-441
-479
-549
-678
-739
-835
-944
-1066
-1103
-1075
-1057
-1105
-1047
-994
-943
-945
-932
-859
-933
-1017
-1045
-1082
-1204
-1335
-1355
-1307
-1315
-1349
-1349
-1300
-1254
-1185
-1076
-916
-848
-759
-595
-423
-217
-100
32
158
193
253
310
388
320
296
391
450
412
371
497
573
565
543
607
658
682
685
726
743
684
690
662
547
505
554
536
475
532
659
707
705
773
894
913
871
921
952
936
958
1009
982
916
983
1053
986
902
963
966
831
744
752
653
444
382
290
103
-95
-84
-190
-389
-442
-447
-529
-717
-666
-605
-659
-690
-610
-604
-712
-696
-630
-745
-883
-827
-820
-931
-969
-856
-860
-994
-952
-832
-920
-987
-892
-789
-868
-875
-706
-687
-781
-817
-731
-734
-768
-704
-650
-712
-703
-615
-573
-534
-486
-347
-264
-199
-86
22
144
213
301
383
392
444
446
405
362
420
467
446
477
590
647
653
722
814
888
896
965
1038
1056
1075
1125
1132
1057
1033
1005
939
938
985
975
922
972
1016
951
865
872
898
743
621
621
554
407
310
252
79
-100
-100
-161
-256
-369
-336
-319
-419
-443
-396
-471
-605
-574
-567
-664
-788
-780
-838
-968
-1061
-1118
-1122
-1197
-1199
-1175
-1173
-1100
-1025
-939
-859
-779
-660
-591
-564
-516
-479
-507
-529
-522
-503
-519
-516
-473
-403
-329
-236
-124
12
111
190
338
431
436
503
516
471
408
403
368
281
209
189
188
171
139
138
175
222
343
408
437
483
574
557
512
490
499
452
334
291
303
297
269
281
219
241
259
318
347
335
405
407
448
465
455
483
484
437
397
374
290
142
83
84
39
-3
72
115
3
-27
32
32
-89
-159
-86
-124
-284
-347
-348
-489
-615
-569
-519
-601
-598
-402
-319
-351
-264
-120
-49
-113
-20
100
79
30
84
121
-2
-65
-25
-37
-140
-129
-50
-57
-62
5
104
110
71
132
161
110
55
15
18
-17
-99
-142
-121
-138
-216
-184
-51
16
-38
-19
34
-6
-92
-110
-145
-205
-187
-139
-166
-266
-348
-361
-431
-542
-559
-488
-442
-483
-397
-271
-188
-188
-143
-73
-104
-137
-90
-38
-76
-90
44
123
70
183
361
440
448
547
704
641
586
720
773
598
547
588
508
342
334
398
237
94
113
127
2
-82
8
-17
-143
-109
-94
-187
-329
-369
-419
-583
-578
-449
-435
-465
-392
-251
-280
-221
48
182
137
205
459
485
386
460
570
419
245
280
279
61
9
164
141
-102
-68
92
19
-51
58
210
145
93
245
367
196
105
163
65
-104
-167
-141
-239
-339
-265
-197
-269
-267
-118
-50
-114
-107
-44
-35
-41
10
1
8
33
45
-40
-149
-162
-173
-299
-334
-255
-305
-317
-215
-65
13
70
236
283
213
273
352
304
207
250
282
185
114
163
137
-24
-37
70
101
56
70
91
37
-50
-77
-82
-177
-300
-313
-369
-456
-486
-458
-505
-621
-593
-506
-526
-515
-473
-416
-444
-435
-326
-309
-324
-204
-84
-67
-71
-12
41
2
-1
98
189
159
264
373
429
426
466
463
406
356
327
298
238
202
125
126
163
141
140
199
289
302
308
389
447
405
424
472
412
326
284
302
230
150
174
148
47
-46
-15
25
-22
-17
15
-5
6
40
85
77
27
-2
-44
-111
-159
-167
-173
-224
-271
-276
-263
-279
-265
-205
-155
-87
-18
7
48
140
185
194
182
160
139
82
0
-33
-34
-31
-78
-145
-195
-218
-238
-315
-319
-251
-263
-295
-256
-207
-216
-232
-173
-108
-131
-127
-47
-16
-62
-80
-16
-40
-162
-166
-102
-118
-116
16
99
86
98
169
154
117
145
154
140
118
129
118
53
-4
-21
-33
-69
-91
-129
-135
-137
-164
-121
-50
-48
-9
27
98
113
100
120
93
47
-13
39
33
-13
-2
73
74
31
70
147
131
113
238
298
263
259
343
319
185
138
132
80
-33
-48
-78
-250
-354
-334
-298
-334
-369
-297
-227
-231
-217
-114
-50
-51
-34
43
61
27
2
99
124
112
148
165
126
52
69
101
88
38
73
155
151
62
64
81
39
-48
-82
-43
-109
-250
-281
-220
-304
-380
-317
-242
-266
-244
-64
15
-2
45
149
201
167
232
338
338
325
353
378
296
236
224
162
61
8
99
128
88
95
140
164
109
98
82
84
68
12
-8
-4
-18
-41
-60
-97
-124
-89
44
41
-8
81
125
78
82
157
163
76
23
106
94
-60
-82
-25
-105
-164
-112
-66
-198
-256
-177
-156
-195
-169
-68
-26
-81
-49
-29
-50
-97
-123
-100
-147
-156
-178
-176
-160
-114
-56
-12
22
50
130
176
160
129
112
61
-16
-60
-98
-169
-222
-305
-400
-478
-556
-586
-602
-617
-566
-472
-401
-306
-198
-130
-75
-27
63
112
97
161
158
111
140
192
203
168
221
284
273
297
424
507
448
446
532
536
418
339
353
304
171
93
91
38
-121
-173
-110
-85
-117
-21
126
81
99
209
300
269
235
344
386
329
282
318
325
255
154
97
98
45
-68
-99
-87
-143
-216
-160
-102
-108
-147
-102
-76
-189
-207
-138
-106
-220
-272
-229
-273
-404
-369
-223
-254
-293
-223
-179
-173
-198
-108
-65
-112
-136
-117
-45
-100
-106
-82
-10
-18
-62
5
23
-77
-141
-137
-144
-218
-244
-170
-190
-264
-216
-96
-101
-140
-23
97
74
35
162
230
160
179
294
332
236
273
347
319
231
265
350
329
287
320
375
323
267
276
303
180
211
265
235
160
69
52
56
8
-8
34
4
-26
-58
-18
-49
-47
8
34
20
-1
-2
-28
-54
-100
-98
-141
-157
-157
-147
-173
-183
-153
-124
-103
-86
-37
-55
-35
-54
-112
-117
-126
-185
-216
-223
-236
-285
-302
-318
-379
-444
-446
-395
-469
-516
-420
-422
-505
-472
-376
-373
-414
-363
-275
-298
-303
-186
-147
-190
-160
-94
-89
-112
-9
111
136
150
197
242
178
186
222
220
243
324
411
401
433
512
619
596
630
735
771
751
794
826
780
736
700
711
638
593
603
575
543
533
520
476
425
387
404
389
354
283
207
146
74
-20
-108
-87
-87
-163
-152
-103
-155
-180
-191
-234
-297
-328
-249
-290
-366
-345
-292
-350
-455
-394
-379
-462
-516
-460
-488
-572
-578
-602
-720
-780
-735
-729
-771
-784
-768
-770
-838
-891
-815
-811
-856
-840
-783
-799
-778
-718
-678
-699
-675
-533
-520
-520
-344
-161
-122
-55
119
209
207
280
415
465
499
610
723
732
729
801
857
854
864
950
957
878
861
840
763
728
735
736
745
750
801
833
770
809
816
783
776
783
734
699
691
659
583
522
487
463
371
283
284
227
180
107
27
-38
-138
-207
-212
-294
-371
-432
-462
-490
-534
-534
-553
-613
-674
-685
-708
-744
-771
-745
-743
-746
-741
-732
-710
-698
-676
-648
-610
-559
-509
-428
-401
-364
-348
-330
-304
-295
-315
-316
-293
-322
-319
-343
-377
-393
-387
-327
-306
-257
-202
-155
-134
-96
-97
-100
-42
43
120
189
257
329
357
373
429
459
477
440
492
518
483
523
585
583
591
629
679
638
639
663
666
619
571
622
616
533
518
568
483
337
272
265
214
89
108
122
63
5
13
14
-61
-111
-99
-128
-250
-223
-174
-240
-342
-327
-265
-305
-364
-369
-358
-391
-409
-348
-265
-323
-323
-255
-270
-313
-312
-282
-331
-380
-403
-393
-399
-442
-459
-404
-341
-357
-303
-211
-143
-123
-126
-22
60
91
165
287
272
223
283
328
260
154
175
181
52
-62
17
18
-79
-106
-40
-6
-99
-53
29
24
-58
-7
55
-8
-39
34
148
98
99
223
261
231
229
340
373
362
390
501
540
470
546
586
500
429
484
480
346
277
271
250
104
57
62
-42
-119
-92
-76
-124
-133
-118
-108
-154
-194
-227
-235
-262
-316
-322
-306
-336
-376
-422
-435
-491
-513
-425
-382
-367
-365
-253
-217
-259
-244
-188
-222
-272
-243
-197
-237
-298
-286
-313
-359
-414
-369
-327
-333
-308
-196
-146
-134
-49
62
106
165
246
298
314
309
365
394
339
322
403
402
322
314
359
306
259
283
318
221
148
239
226
146
124
175
143
64
106
81
75
71
117
139
60
84
182
167
145
198
222
196
156
273
353
269
267
299
317
254
275
307
256
160
142
162
61
12
20
-16
-126
-129
-68
-91
-147
-168
-183
-244
-319
-336
-328
-386
-399
-355
-372
-404
-420
-394
-369
-439
-460
-453
-507
-566
-569
-597
-582
-550
-478
-397
-414
-354
-289
-266
-184
-90
-96
-97
-41
-2
11
28
73
62
13
33
98
97
75
109
159
163
140
214
262
232
243
312
298
268
300
352
368
410
506
579
584
619
673
659
667
663
685
633
626
624
557
482
478
443
341
290
309
282
200
217
204
82
-20
-87
-137
-184
-252
-249
-266
-301
-298
-285
-281
-304
-355
-380
-402
-477
-502
-519
-515
-555
-534
-489
-531
-535
-550
-578
-610
-649
-620
-608
-632
-605
-605
-595
-592
-580
-576
-586
-568
-516
-513
-499
-466
-429
-369
-289
-177
-79
-3
74
154
158
189
259
345
366
409
506
556
550
566
616
585
523
498
532
484
432
