3
3
-4
-13
-24
-38
-41
-34
-37
-39
-42
-48
-56
-61
-57
-55
-49
-49
-47
-41
-40
-35
-32
-20
-16
-21
-16
-14
-9
-6
-2
-3
-1
8
12
14
12
15
15
12
12
8
11
15
18
20
15
14
12
18
22
26
33
37
36
36
35
40
36
42
42
42
41
36
37
33
33
30
21
16
17
10
7
1
6
1
-6
-12
-16
-15
-23
-25
-33
-33
-32
-25
-22
-25
-30
-37
-39
-36
-36
-39
-38
-40
-32
-24
-19
-16
-14
-17
-18
-18
-16
-7
-2
3
6
10
10
11
12
14
19
17
18
19
21
28
29
35
40
44
45
42
41
38
40
40
36
37
32
28
24
19
20
22
17
12
13
7
6
2
0
-4
-5
-5
0
-2
1
5
10
14
9
11
3
-2
-3
-13
-15
-16
-15
-13
-20
-23
-24
-27
-23
-21
-14
-13
-14
-17
-22
-20
-19
-22
-21
-24
-28
-31
-34
-35
-40
-45
-46
-49
-52
-51
-51
-55
-55
-52
-51
-44
-38
-34
-34
-33
-32
-30
-25
-20
-19
-17
-13
-6
-3
-1
9
18
19
22
22
21
24
27
27
25
25
31
38
40
39
36
36
41
52
57
57
58
62
63
66
67
63
55
49
41
42
47
48
50
45
39
37
36
33
26
18
8
5
6
5
2
-4
-7
-5
-4
-9
-15
-16
-23
-27
-26
-28
-30
-36
-34
-34
-36
-34
-43
-51
-65
-68
-68
-69
-59
-50
-50
-52
-49
-42
-37
-33
-30
-29
-26
-21
-15
-17
-14
-8
-3
-2
4
9
9
12
11
8
11
14
15
15
12
18
24
33
40
47
44
50
53
61
64
63
61
55
57
54
54
55
59
58
55
53
45
42
35
29
25
25
19
14
11
9
10
7
5
7
-2
-9
-11
-10
-12
-18
-22
-29
-33
-40
-45
-46
-53
-61
-73
-88
-91
-96
-98
-98
-93
-89
-82
-74
-68
-60
-55
-54
-56
-51
-52
-44
-37
-36
-30
-28
-25
-23
-23
-39
-46
-56
-62
-62
-55
-42
-29
-13
-5
11
32
43
60
64
69
79
74
83
86
84
86
77
60
37
15
-3
-5
-11
-21
-16
-10
10
26
38
59
89
110
120
132
133
136
140
134
130
134
140
127
104
84
60
30
13
-2
-19
-29
-33
-34
-28
-14
2
18
22
35
45
49
43
27
11
-8
-26
-39
-50
-63
-79
-93
-112
-119
-131
-150
-168
-189
-200
-208
-200
-177
-147
-119
-84
-58
-32
-11
3
9
5
6
-9
-17
-19
-17
-10
-3
14
20
29
34
25
16
7
-2
-8
-14
-19
-20
-3
28
70
108
136
156
164
155
135
116
95
82
59
48
44
33
30
21
10
6
-5
-31
-53
-78
-101
-115
-125
-126
-100
-79
-41
-1
22
38
40
47
36
17
-7
-29
-40
-48
-51
-39
-29
-1
8
9
10
3
-4
-24
-46
-54
-47
-34
-15
14
44
78
118
135
144
139
121
107
78
42
16
0
-8
-3
1
7
8
-1
-12
-31
-49
-72
-105
-127
-157
-173
-175
-167
-139
-106
-62
-30
-5
23
33
33
21
10
-6
-23
-23
-33
-25
-9
13
42
61
69
63
55
43
23
6
0
9
23
46
83
121
162
204
238
254
248
229
196
154
116
80
54
39
32
34
39
42
31
14
-13
-37
-69
-91
-103
-124
-146
-183
-208
-219
-206
-185
-166
-152
-129
-103
-93
-91
-99
-104
-118
-130
-124
-102
-79
-44
-3
25
57
77
72
61
42
19
-7
-23
-39
-32
-12
19
68
109
147
168
183
178
156
135
109
76
41
19
3
1
-1
-3
-6
-15
-35
-47
-56
-68
-73
-86
-85
-80
-79
-71
-64
-78
-94
-116
-125
-130
-142
-144
-153
-151
-142
-129
-107
-70
-28
26
77
110
143
169
190
203
215
212
204
190
154
109
63
14
-28
-59
-74
-66
-52
-20
34
68
112
152
172
181
186
187
186
175
153
136
108
92
57
21
-12
-53
-60
-66
-77
-87
-95
-98
-79
-58
-41
-27
-29
-48
-81
-112
-147
-184
-206
-207
-193
-175
-149
-127
-107
-92
-92
-89
-76
-47
-28
-10
0
25
47
61
75
70
48
11
-20
-50
-70
-100
-106
-113
-99
-64
-16
53
109
173
218
237
242
246
227
214
184
149
131
110
97
83
68
45
22
9
-8
-16
-30
-46
-67
-91
-94
-83
-63
-42
-15
-10
-27
-72
-145
-230
-299
-341
-359
-350
-320
-269
-195
-129
-76
-35
9
36
37
11
-24
-45
-29
11
37
67
100
113
100
79
56
36
-3
-46
-77
-100
-76
-27
41
140
220
299
375
436
474
486
462
424
376
310
246
201
163
136
102
81
57
26
-4
-42
-75
-105
-120
-136
-132
-132
-107
-62
-33
-13
-8
-14
-57
-108
-169
-227
-282
-345
-374
-378
-376
-357
-329
-313
-296
-267
-254
-237
-217
-189
-158
-137
-104
-72
-23
42
89
131
154
154
155
149
138
122
104
95
99
106
119
141
154
167
159
148
143
159
158
153
157
177
191
212
227
244
261
268
275
273
262
229
194
135
50
-8
-47
-70
-78
-95
-110
-130
-157
-199
-245
-264
-294
-313
-308
-304
-302
-301
-289
-288
-274
-263
-258
-255
-251
-243
-235
-226
-229
-209
-179
-146
-95
-32
18
60
99
132
150
168
199
211
215
208
211
216
225
227
231
241
249
278
291
304
310
314
302
280
258
239
233
224
205
189
179
161
160
156
115
77
24
-25
-63
-105
-146
-189
-236
-264
-277
-286
-287
-304
-312
-348
-353
-359
-376
-382
-383
-370
-360
-337
-302
-262
-236
-195
-171
-147
-152
-139
-138
-139
-111
-114
-96
-83
-61
-28
27
100
161
203
243
301
348
390
441
486
514
518
517
491
466
433
370
329
266
212
186
166
139
111
98
90
96
97
80
62
26
-25
-40
-47
-41
-23
-14
-14
-41
-63
-73
-85
-97
-126
-153
-185
-229
-256
-271
-257
-226
-193
-159
-124
-85
-46
-54
-145
-336
-569
-741
-842
-862
-850
-799
-676
-541
-404
-272
-148
36
190
289
325
346
449
571
652
702
758
788
751
645
482
271
46
-188
-439
-639
-722
-682
-570
-383
-179
47
278
433
594
728
819
835
778
686
567
452
412
400
341
246
160
53
-72
-196
-294
-383
-443
-455
-424
-329
-190
-8
170
310
387
414
419
390
297
126
-67
-250
-425
-562
-678
-761
-778
-776
-764
-739
-666
-593
-517
-451
-391
-324
-271
-190
-147
-69
3
69
122
157
169
169
157
146
128
98
86
76
92
118
179
234
306
357
395
449
500
508
495
466
451
442
419
402
411
428
413
450
480
481
480
429
335
239
151
74
15
-40
-78
-113
-168
-177
-191
-218
-249
-293
-324
-351
-338
-316
-332
-367
-408
-464
-487
-534
-586
-604
-639
-660
-718
-763
-794
-811
-813
-776
-700
-621
-553
-483
-378
-274
-134
-23
80
188
230
283
336
387
448
480
511
543
536
555
612
668
689
636
570
526
519
541
568
604
628
644
679
719
767
739
701
640
516
405
314
234
140
63
-11
-28
9
42
50
56
8
-119
-239
-359
-521
-654
-746
-823
-835
-817
-772
-718
-616
-545
-516
-505
-491
-470
-466
-470
-504
-618
-788
-939
-1030
-1062
-1069
-1020
-898
-704
-529
-343
-183
-50
99
237
351
470
607
794
955
1093
1247
1379
1457
1455
1396
1248
1025
753
488
230
6
-153
-204
-166
-49
136
332
530
714
849
923
995
1008
1001
935
850
760
665
574
497
409
250
64
-155
-350
-530
-687
-829
-909
-973
-1014
-1003
-959
-882
-771
-676
-600
-561
-615
-673
-747
-817
-859
-875
-884
-910
-905
-931
-920
-886
-892
-869
-919
-931
-911
-850
-764
-698
-586
-456
-304
-109
90
254
385
437
451
429
409
404
387
378
384
403
477
566
623
682
740
788
814
835
829
864
850
873
917
993
1092
1148
1202
1190
1209
1202
1146
1091
1000
869
768
662
536
428
274
116
25
-53
-135
-228
-286
-343
-420
-445
-441
-415
-402
-429
-453
-482
-507
-610
-744
-856
-943
-1012
-1043
-1023
-960
-870
-834
-806
-763
-714
-678
-626
-606
-622
-607
-570
-535
-448
-378
-312
-227
-190
-219
-292
-380
-477
-629
-799
-902
-923
-861
-722
-505
-242
46
328
628
915
1159
1344
1470
1548
1601
1649
1678
1655
1582
1488
1276
1012
743
479
219
-61
-264
-407
-500
-522
-442
-272
-99
135
390
627
795
867
891
839
771
672
492
269
77
-95
-252
-357
-441
-552
-643
-744
-798
-834
-880
-895
-892
-847
-770
-659
-518
-402
-294
-183
-104
-62
-86
-61
-76
-159
-226
-266
-314
-323
-359
-380
-365
-356
-326
-377
-434
-449
-457
-461
-445
-367
-266
-86
116
324
545
720
810
800
736
558
306
17
-269
-513
-744
-864
-886
-846
-775
-671
-537
-366
-192
-3
249
447
650
845
1051
1244
1426
1600
1682
1686
1543
1319
1019
642
254
-135
-486
-738
-868
-900
-817
-592
-310
3
327
636
942
1149
1291
1349
1350
1229
1003
800
584
358
79
-202
-460
-673
-858
-1007
-1107
-1193
-1264
-1270
-1165
-973
-737
-467
-153
97
274
334
299
191
46
-141
-300
-453
-565
-694
-830
-878
-922
-946
-967
-908
-880
-850
-771
-693
-573
-454
-344
-365
-422
-534
-698
-779
-901
-1023
-1094
-1048
-941
-755
-428
-65
310
635
923
1134
1282
1494
1702
1851
1935
1998
2000
1922
1765
1595
1390
1082
715
354
61
-201
-391
-433
-428
-334
-172
59
399
683
931
1121
1219
1254
1227
1185
1126
993
804
544
297
67
-155
-371
-591
-798
-995
-1130
-1238
-1254
-1203
-1159
-1014
-828
-647
-466
-278
-125
-15
16
-36
-150
-290
-503
-702
-870
-1035
-1188
-1259
-1271
-1192
-1126
-1070
-1023
-1005
-911
-836
-650
-460
-255
-57
131
288
390
495
471
447
314
89
-154
-458
-670
-862
-956
-1002
-973
-788
-620
-503
-391
-217
-25
143
376
630
910
1155
1495
1820
2083
2313
2424
2468
2374
2170
1852
1505
1141
748
424
119
-31
-110
-134
-44
91
245
404
575
684
746
708
689
717
691
637
586
559
475
317
103
-113
-396
-697
-965
-1164
-1302
-1400
-1419
-1392
-1280
-1116
-967
-872
-694
-501
-351
-296
-264
-232
-281
-388
-547
-746
-902
-991
-1052
-1122
-1188
-1242
-1274
-1288
-1319
-1385
-1398
-1268
-1112
-867
-569
-253
111
364
513
612
569
388
132
-163
-329
-438
-506
-382
-257
-8
284
532
723
721
753
772
787
742
865
1050
1132
1232
1326
1424
1523
1611
1660
1632
1450
1266
1061
834
750
754
773
820
888
1044
1153
1125
1043
942
821
550
279
98
-116
-291
-432
-558
-667
-734
-725
-691
-726
-807
-847
-905
-944
-897
-805
-735
-622
-505
-497
-502
-491
-502
-573
-735
-929
-1085
-1212
-1386
-1500
-1508
-1527
-1457
-1300
-1100
-907
-728
-608
-523
-458
-445
-308
-200
-66
88
244
370
435
606
659
703
726
764
817
792
795
765
760
801
818
829
764
657
587
365
-96
-978
-2127
-3024
-3214
-2740
-2062
-1434
-778
113
1043
1670
1908
2143
2660
3183
3119
2497
2069
2319
2798
2914
2565
2244
2038
1471
484
-678
-1635
-2413
-3166
-3823
-4107
-3713
-2915
-1898
-840
150
1081
1768
2234
2533
2688
2495
1943
1218
561
84
-138
-65
-123
-275
-454
-635
-945
-1262
-1467
-1985
-2493
-2711
-2587
-2369
-1857
-707
420
1296
1819
2223
2390
2208
1878
1269
412
-620
-1244
-1667
-2100
-2149
-1816
-1355
-1141
-917
-637
-405
-337
-309
-144
-201
-162
79
489
800
1172
1730
1974
1996
1653
1366
987
392
-126
-613
-946
-1099
-911
-561
-237
249
674
950
177
-1528
-3518
-4522
-4146
-3257
-2593
-2301
-1310
194
1377
1683
1506
2056
3112
3506
2486
1155
1094
2164
3019
2835
2610
2964
3290
2755
1477
343
-598
-1643
-3056
-4424
-4947
-4415
-3296
-2273
-1095
123
1188
1976
2731
3531
3811
3354
2540
1965
1667
1285
906
648
629
409
-108
-612
-907
-939
-1416
-2253
-3110
-3489
-3294
-3022
-2632
-1730
-188
1344
2227
2729
3208
3596
3342
2509
1361
200
-826
-1722
-2452
-3014
-3047
-2734
-2437
-2225
-2008
-1604
-1313
-1139
-1199
-1312
-1342
-1229
-702
-50
588
1136
1680
2119
2266
2223
1906
1392
618
-147
-812
-1408
-1695
-1641
-1224
-788
-384
-2
323
455
489
-37
-1374
-2896
-3598
-3181
-2316
-1609
-901
150
1534
2657
3053
2998
3056
3507
3635
2803
1702
1539
2283
2873
2794
2612
2771
2958
2437
1259
-47
-1183
-2113
-3240
-4187
-4570
-4167
-3253
-2284
-1157
89
1127
1712
2314
2985
3194
2619
1676
980
552
171
-119
-189
-2
-3
-359
-804
-1125
-1218
-1500
-2347
-3375
-3799
-3281
-2423
-1532
-527
723
1769
2445
2967
3375
3466
3046
2175
943
-336
-1230
-1622
-1849
-2048
-2117
-2161
-2240
-2067
-1653
-1318
-1439
-1582
-1426
-1244
-1080
-791
-91
775
1581
2280
2663
2715
2614
2367
1875
955
-133
-992
-1523
-1763
-1838
-1757
-1660
-1440
-965
-384
75
302
555
701
974
678
-451
-2262
-3493
-3171
-2217
-1431
-1083
-185
1239
2237
2243
1523
1270
1793
2367
1796
652
541
1551
2604
2734
2852
3562
4012
3437
2049
824
-193
-1137
-2526
-4042
-4880
-4676
-3660
-2714
-1594
-418
723
1445
1874
2379
2585
2380
1710
1021
467
69
146
696
1257
1247
920
543
257
52
-611
-1603
-2407
-2779
-2770
-2706
-2230
-1060
478
1686
2302
2565
2593
2503
2117
1373
130
-1068
-1926
-2558
-2977
-3222
-3036
-2365
-1670
-1179
-737
-453
-216
32
51
-161
-255
-70
182
340
702
1234
1581
1556
1209
730
31
-622
-1145
-1609
-1947
-2172
-2030
-1667
-1127
-401
471
1249
1724
1954
1507
175
-1848
-3432
-3681
-3141
-2559
-2133
-1363
-70
1226
1972
2093
2380
3054
3535
2945
1754
1378
2203
3340
3706
3812
4254
4593
4275
3110
1713
321
-1130
-2734
-4194
-5026
-5059
-4333
-3323
-2061
-599
658
1384
1893
2624
3171
2813
1730
556
-157
-428
-381
-97
340
776
672
167
-567
-1120
-1435
-2058
-3097
-4300
-4843
-4576
-3623
-2174
-507
915
1768
2293
2724
3113
3118
2519
1435
9
-1374
-2462
-2979
-2808
-2202
-1483
-1210
-1163
-745
210
925
973
564
149
10
-46
176
580
1278
1922
2174
2193
1995
1962
1829
1381
583
-388
-1079
-1355
-1199
-765
-330
-35
165
469
784
957
903
619
111
-551
-1349
-2480
-3648
-4413
-4347
-3613
-2771
-1974
-1069
155
1256
1745
1644
1508
1676
2097
2311
2197
2247
2816
3396
3595
3349
2994
2443
1486
192
-1236
-2419
-3238
-3838
-4268
-4250
-3579
-2369
-1079
23
870
1634
2216
2614
2771
2691
2284
1801
1453
1300
1313
1516
1755
1699
1413
948
445
-239
-1010
-1683
-2267
-2700
-2709
-2401
-1875
-1091
-157
756
1463
1922
1948
1602
1011
386
-369
-1081
-1711
-1961
-2031
-2183
-2197
-1972
-1469
-950
-520
-386
-494
-739
-928
-901
-733
-217
404
817
1017
1332
1783
2104
2180
1811
1203
457
-229
-637
-771
-870
-914
-916
-922
-938
-877
-715
-669
-758
-975
-1081
-1121
-920
-728
-817
-1264
-2114
-2833
-2903
-2197
-1238
-465
-15
413
877
1096
1263
1554
1989
2318
2307
2103
1951
2350
2877
3157
2937
2611
2357
1945
1400
695
56
-556
-1375
-2150
-2502
-2292
-1729
-1152
-692
-145
482
984
1276
1381
1659
1787
1637
1388
1346
1564
1794
1778
1529
1370
1249
1041
563
-262
-1251
-2045
-2539
-2719
-2597
-2368
-2194
-1998
-1701
-1181
-589
-20
390
314
-140
-717
-1051
-996
-586
-239
-239
-476
-429
-31
409
614
441
234
-73
-438
-811
-1021
-899
-502
-196
-167
-50
281
894
1366
1490
1277
931
621
193
-209
-522
-693
-742
-644
-496
-450
-301
-53
239
291
17
-483
-972
-1412
-1915
-2518
-3075
-3223
-2720
-1850
-872
-44
754
1537
1910
1806
1479
1437
1561
1602
1424
1059
908
1262
1679
1971
2154
2256
2058
1380
460
-266
-718
-1141
-1634
-1930
-1862
-1483
-874
-247
336
852
1189
1311
1201
998
909
894
885
990
1128
1386
1931
2467
2594
2352
1826
1171
300
-640
-1611
-2229
-2482
-2451
-2331
-2362
-1856
-1010
-228
93
268
336
193
-70
-358
-501
-707
-801
-723
-578
-276
234
836
1058
778
340
-5
-420
-966
-1522
-1961
-2201
-2270
-1930
-1446
-780
48
711
960
916
931
1005
1062
840
521
-4
-538
-924
-1233
-1351
-1334
-1206
-1084
-1084
-1030
-899
-616
-507
-604
-847
-1229
-1648
-1935
-1908
-1743
-1194
-528
212
796
1395
1943
1984
1842
1635
1607
1545
1486
1637
1759
1961
2187
2656
3178
3509
3507
3018
2191
1244
458
-345
-1195
-1801
-2201
-2280
-2267
-1907
-1298
-536
214
764
993
1105
1352
1763
2113
2190
2193
2181
2188
2077
1750
1182
456
-349
-1282
-2085
-2752
-3060
-3074
-3039
-2977
-2792
-2235
-1413
-466
351
785
802
635
534
503
463
257
-50
-416
-820
-1099
-1227
-1124
-1022
-1025
-1341
-1715
-1819
-1634
-1223
-911
-705
-518
-313
70
509
989
1284
1353
1272
914
409
-68
-297
-430
-623
-1054
-1573
-1821
-1728
-1376
-918
-498
-173
286
629
874
1064
1062
975
486
-271
-1514
-2534
-2785
-2022
-1031
-633
-332
296
1127
1422
1373
1467
1676
2018
2092
2016
2013
2733
3865
4352
4098
3660
3546
2945
1717
508
-435
-1424
-2730
-3647
-3993
-3730
-2951
-1851
-855
-170
642
1518
2313
2750
3066
3276
2898
2349
2090
2014
1786
1529
1245
583
-356
-1182
-1634
-2218
-3082
-3782
-4353
-4643
-4492
-3737
-2707
-1597
-432
600
1372
1704
1874
1918
1495
703
-36
-431
-879
-1173
-1265
-1146
-988
-1039
-1172
-1430
-1531
-1413
-1298
-1434
-1701
-1585
-1056
-396
138
516
926
1238
1541
1783
1713
1510
1172
730
59
-524
-846
-818
-737
-659
-438
-128
277
551
741
711
560
310
70
-223
-392
-415
-480
-845
-1349
-1640
-1546
-1086
-599
-230
41
152
157
124
407
814
1190
1544
1937
2370
2697
3228
3802
4202
4191
3726
3053
2217
1257
128
-991
-2181
-3075
-3475
-3434
-3073
-2552
-1662
-706
161
825
1472
1906
2053
2130
2044
1889
1538
1302
1129
797
350
-30
-359
-952
-1586
-2299
-3036
-3508
-3644
-3298
-2895
-2364
-1726
-1013
-276
391
1054
1517
1727
1681
1442
940
504
353
212
-67
-609
-901
-946
-1013
-1058
-1110
-1085
-1156
-1285
-1442
-1373
-1012
-286
464
827
1004
1158
1293
1432
1485
1421
939
180
-437
-816
-1049
-1137
-957
-804
-712
-614
-366
-44
110
349
491
389
170
123
166
165
-78
-529
-1156
-1730
-2018
-2099
-1864
-1762
-1528
-1181
-776
-346
148
752
1338
1888
2393
2908
3285
3583
3966
4164
4004
3401
2712
1999
1085
15
-1059
-1876
-2543
-2868
-2894
-2736
-2350
-1655
-848
-102
523
1084
1519
1855
1940
1847
1703
1588
1475
1194
871
404
-19
-443
-855
-1430
-1932
-2327
-2656
-2761
-2552
-2078
-1458
-746
-20
815
1528
2028
2166
2026
1625
1149
735
293
-99
-331
-570
-807
-972
-945
-701
-579
-603
-715
-811
-901
-950
-895
-725
-384
79
597
1110
1461
1747
1906
1686
1177
516
-178
-772
-1291
-1641
-1786
-1785
-1679
-1461
-1067
-722
-397
-265
-287
-383
-498
-537
-578
-626
-761
-853
-903
-1042
-1204
-1447
-1738
-2234
-2566
-2403
-1979
-1405
-928
-327
187
667
1323
1920
2499
2969
3355
3484
3322
3290
3307
3300
3021
2648
2200
1429
580
-111
-565
-1024
-1538
-1889
-1986
-1773
-1186
-279
534
1330
1950
2343
2441
2441
2448
2188
1778
1098
335
-309
-831
-1152
-1283
-1264
-1304
-1415
-1388
-1186
-819
-542
-389
-233
-121
35
278
560
764
961
1065
935
718
398
81
-269
-695
-1178
-1727
-2194
-2457
-2446
-2331
-2218
-2019
-1705
-1257
-815
-285
319
850
1194
1283
1273
1163
933
581
161
-253
-692
-1075
-1398
-1606
-1756
-1914
-1994
-1802
-1514
-1279
-934
-594
-212
78
177
240
383
645
724
653
397
182
-93
-535
-969
-1353
-1712
-2130
-2203
-1974
-1409
-647
52
776
1299
1950
2526
2905
3219
3511
3662
3493
3281
3242
3320
3200
2904
2340
1654
921
254
-321
-924
-1494
-1790
-1803
-1550
-1063
-435
252
807
1201
1450
1732
1737
1668
1537
1088
465
-84
-385
-606
-858
-1041
-1066
-1092
-1143
-1080
-1060
-1178
-1284
-1236
-1212
-1110
-773
-344
73
355
631
772
757
663
308
-250
-934
-1428
-1777
-2089
-2371
-2500
-2308
-2020
-1643
-1194
-639
-142
228
412
402
327
180
-15
-250
-427
-497
-513
-464
-359
-157
-61
-110
-197
-355
-572
-922
-1093
-1131
-1131
-1056
-880
-547
-278
61
416
745
926
968
858
800
736
646
336
-244
-700
-1106
-1437
-1668
-1462
-911
-244
393
872
1260
1533
1955
2390
2660
2811
2980
3270
3378
3431
3596
3625
3389
2831
2235
1548
826
149
-460
-938
-1428
-1712
-1640
-1262
-821
-360
58
356
542
674
421
70
-85
-178
-323
-748
-865
-848
-773
-736
-751
-781
-995
-1166
-1302
-1550
-1711
-1597
-1263
-1092
-936
-653
-103
382
732
880
668
298
-209
-709
-1328
-1894
-2226
-2376
-2391
-2326
-1975
-1464
-847
-264
273
733
896
968
922
757
455
319
370
364
454
528
572
577
512
330
-116
-617
-1023
-1297
-1472
-1469
-1232
-814
-253
351
954
1503
1920
2142
2215
2061
1782
1511
1262
901
429
-38
-525
-1217
-1871
-2309
-2590
-2773
-2788
-2291
-1652
-890
-130
554
1230
1646
2073
2390
2607
2758
2900
2861
2467
2208
2070
1859
1419
945
526
26
-536
-1032
-1282
-1533
-1575
-1442
-1346
-1032
-655
-227
80
292
366
260
96
-134
-108
-168
-225
-411
-470
-397
-355
-230
-225
-54
138
285
437
606
900
990
959
800
738
862
1001
939
548
93
-411
-854
-1258
-1595
-1838
-2036
-2154
-2055
-1541
-639
267
956
1396
1645
1674
1535
1376
1138
672
12
-682
-1285
-1712
-1951
-1997
-1965
-2035
-2163
-2174
-2041
-1729
-1403
-1177
-895
-525
0
646
1274
1874
2257
2319
1986
1473
929
305
-180
-752
-1418
-2015
-2407
-2553
-2561
-2509
-2524
-2373
-2098
-1776
-1309
-811
-80
682
1341
1928
2481
3008
3310
3440
3182
2732
2370
2123
1893
1481
1171
1042
1070
980
956
1077
1140
1092
775
469
205
33
-54
-227
-519
-825
-905
-819
-672
-574
-376
-222
-223
-162
-64
79
219
372
507
530
616
773
1037
1193
1255
1276
1207
1138
958
838
660
304
-142
-656
-1119
-1624
-2111
-2381
-2560
-2558
-2454
-2186
-1699
-1068
-361
142
553
939
1213
1260
1011
651
252
-319
-930
-1514
-1803
-1892
-2009
-2024
-1945
-1841
-1668
-1429
-1111
-877
-696
-633
-408
-122
197
581
798
1184
1379
1376
1077
775
424
-121
-668
-1173
-1510
-1700
-1792
-1576
-1187
-731
-451
-193
-8
28
99
169
288
389
602
915
1293
1580
1834
2097
2208
2196
2057
1784
1497
1206
1102
1086
1093
1242
1542
1742
1850
1991
2077
1967
1551
919
200
-549
-1117
-1460
-1712
-1859
-1745
-1411
-1048
-751
-404
-4
284
339
190
207
219
401
484
535
808
1080
1302
1301
1335
1373
1277
1073
568
-5
-589
-1113
-1531
-1862
-2032
-1980
-1882
-1854
-1674
-1381
-1024
-747
-485
-249
-157
-138
-162
-131
-113
-14
-13
-249
-575
-819
-774
-810
-911
-1089
-1295
-1450
-1579
-1554
-1500
-1349
-1117
-873
-654
-347
70
515
823
887
809
581
445
333
211
-63
-449
-730
-1046
-1231
-1205
-1064
-734
-408
-177
-26
122
324
450
577
545
583
736
859
1052
1165
1395
1580
1639
1450
1178
881
694
658
530
454
494
790
1254
1728
2244
2701
2880
2743
2402
1949
1342
707
-1
-670
-1272
-1701
-1820
-1720
-1517
-1374
-1079
-954
-861
-692
-508
-230
-106
72
188
439
847
1418
2026
2382
2553
2440
2088
1546
1014
449
-277
-975
-1441
-1821
-2054
-2116
-2019
-1943
-1900
-1867
-1785
-1586
-1345
-1005
-749
-519
-339
-48
279
517
761
1010
1052
891
606
220
-314
-816
-1220
-1561
-1889
-2072
-2052
-1842
-1600
-1212
-810
-484
-252
-135
-112
-193
-215
-249
-198
-211
-210
-249
-295
-334
-343
-311
-433
-621
-829
-953
-998
-964
-710
-345
99
424
581
701
865
1045
1166
1156
980
739
580
469
325
253
328
457
545
773
1076
1443
1789
2127
2330
2381
2531
2688
2817
2771
2519
2153
1643
1082
501
18
-365
-777
-1059
-1311
-1513
-1575
-1398
-1128
-986
-704
-437
-137
70
342
783
1185
1653
1788
1848
1787
1618
1374
984
491
-133
-532
-902
-1346
-1803
-2092
-2132
-2493
-2752
-2857
-2699
-2439
-2134
-1739
-1406
-897
-354
232
640
905
1133
1209
1070
820
576
99
-491
-1043
-1522
-1864
-2071
-2093
-1996
-1903
-1773
-1383
-954
-618
-299
-90
58
157
266
418
718
985
1084
1017
817
636
409
184
-116
-488
-854
-1220
-1359
-1247
-800
-247
291
790
1297
1760
2093
2349
2353
2063
1561
1073
616
110
-153
-201
-174
-218
-199
-35
203
457
603
797
791
750
885
1100
1433
1781
2158
2326
2332
2176
1943
1497
827
101
-609
-1301
-1977
-2358
-2496
-2436
-2154
-1722
-1212
-638
-47
520
948
1167
1227
1317
1330
1162
988
849
734
574
445
291
62
-303
-766
-1166
-1636
-2065
-2324
-2492
-2510
-2405
-2070
-1579
-1059
-432
102
465
722
1020
1183
1122
916
596
266
-148
-477
-675
-790
-870
-1024
-1163
-1284
-1258
-1169
-1089
-1049
-971
-826
-646
-354
-48
442
828
946
898
756
594
396
189
-119
-427
-678
-901
-1018
-1024
-890
-659
-513
-457
-443
-289
15
373
704
1037
1295
1376
1413
1353
1225
1052
875
589
151
-190
-402
-532
-635
-680
-583
-283
98
475
787
1074
1400
1704
1923
1997
2053
2182
2104
1903
1508
1172
893
507
-12
-560
-918
-1197
-1245
-1254
-1104
-905
-705
-387
-70
208
448
631
723
812
902
1042
1186
1238
1176
1024
845
573
325
24
-407
-796
-1159
-1261
-1406
-1479
-1434
-1307
-1109
-870
-552
-264
28
166
264
250
211
200
135
52
-81
-183
-299
-617
-879
-1087
-1230
-1415
-1558
-1698
-1785
-1763
-1628
-1363
-1096
-774
-441
-168
-53
-2
-45
-97
-267
-502
-707
-975
-1151
-1320
-1409
-1400
-1423
-1336
-1213
-1032
-830
-544
-174
215
617
988
1296
1566
1902
2265
2426
2370
2131
1794
1393
954
564
186
-117
-292
-289
-127
34
290
555
685
840
903
1009
1164
1310
1469
1615
1737
1839
1951
1978
1911
1685
1300
802
199
-335
-695
-911
-1048
-1087
-1052
-862
-655
-352
6
220
361
388
435
352
300
344
417
501
528
558
570
544
493
360
120
-227
-531
-891
-1174
-1377
-1431
-1329
-1227
-980
-771
-453
-61
251
354
358
308
199
81
-138
-378
-543
-745
-966
-1215
-1427
-1508
-1562
-1587
-1574
-1535
-1444
-1316
-1286
-1206
-1106
-1017
-920
-822
-771
-753
-810
-900
-932
-936
-898
-933
-940
-948
-816
-642
-439
-201
21
245
534
855
1143
1375
1615
1766
1858
1898
1861
1733
1598
1344
930
610
326
234
224
207
240
229
274
367
589
819
1024
1229
1372
1547
1715
1895
2061
2156
2164
1931
1598
1258
946
660
327
65
-176
-338
-320
-309
-323
-292
-320
-392
-525
-611
-565
-502
-461
-391
-343
-226
-25
136
285
313
301
120
-108
-333
-591
-783
-999
-1190
-1279
-1260
-1136
-952
-705
-482
-314
-280
-258
-228
-237
-297
-435
-622
-753
-839
-886
-942
-1061
-1254
-1373
-1428
-1493
-1499
-1549
-1532
-1436
-1298
-1095
-847
-646
-463
-349
-342
-375
-365
-322
-362
-390
-431
-498
-481
-398
-217
-75
36
162
286
366
413
486
626
835
1029
1199
1360
1555
1679
1762
1760
1648
1514
1289
1067
902
730
700
725
769
862
901
979
1113
1222
1276
1283
1264
1278
1296
1270
1250
1246
1247
1207
1108
912
766
562
314
69
-209
-410
-562
-609
-745
-742
-730
-722
-706
-752
-741
-787
-816
-844
-896
-893
-854
-736
-588
-439
-252
-69
36
90
114
39
-70
-219
-332
-454
-525
-481
-388
-231
-82
76
209
316
291
132
-52
-278
-499
-762
-1044
-1256
-1382
-1430
-1368
-1218
-1060
-901
-838
-836
-834
-827
-796
-804
-855
-925
-1011
-1044
-1009
-905
-796
-702
-611
-596
-613
-632
-619
-601
-552
-452
-353
-184
-22
160
357
501
681
753
857
955
980
1032
1061
1038
958
856
731
648
657
711
824
892
989
1064
1153
1266
1396
1539
1538
1546
1486
1441
1459
1597
1688
1627
1528
1360
1242
1106
929
618
235
-114
-362
-524
-535
-426
-275
-118
46
135
199
321
344
285
67
-209
-404
-567
-664
-694
-742
-701
-648
-525
-464
-345
-194
-184
-198
-372
-506
-572
-614
-572
-526
-372
-175
-8
127
227
229
138
-25
-320
-638
-979
-1323
-1592
-1724
-1679
-1517
-1259
-1039
-834
-656
-539
-519
-585
-638
-762
-890
-1020
-1079
-1013
-850
-674
-519
-411
-342
-234
-199
-199
-249
-339
-401
-477
-501
-454
-363
-210
-97
3
79
205
334
417
417
389
366
290
262
236
340
505
657
772
918
1049
1202
1316
1404
1473
1444
1432
1453
1450
1443
1454
1451
1413
1308
1127
994
844
679
477
227
91
-46
-158
-209
-137
-48
43
165
255
391
544
622
709
618
463
349
148
-3
-182
-359
-554
-678
-715
-714
-699
-685
-636
-601
-592
-481
-325
-123
114
228
347
443
542
592
523
435
280
67
-168
-451
-715
-900
-1113
-1289
-1413
-1481
-1472
-1388
-1216
-1069
-932
-774
-608
-478
-363
-273
-262
-267
-267
-190
-127
-108
-172
-296
-425
-649
-810
-942
-978
-954
-959
-863
-768
-606
-427
-312
-246
-272
-275
-327
-319
-289
-273
-198
-107
-19
80
134
235
313
341
391
451
590
727
925
1069
1233
1426
1555
1649
1723
1811
1814
1814
1761
1696
1608
1420
1318
1149
930
752
612
500
363
208
108
70
64
130
209
286
307
409
481
538
560
528
446
298
136
-54
-243
-412
-598
-764
-881
-995
-1032
-1001
-928
-779
-571
-332
-162
25
163
249
249
191
113
-75
-330
-597
-824
-981
-1156
-1328
-1420
-1451
-1385
-1228
-1058
-879
-689
-561
-401
-287
-225
-171
-151
-147
-213
-236
-242
-292
-346
-433
-516
-616
-740
-850
-892
-893
-854
-776
-659
-529
-349
-104
50
126
120
118
59
-63
-208
-311
-388
-462
-421
-331
-211
-62
84
218
322
399
547
708
879
1086
1265
1457
1627
1766
1874
1929
1904
1799
1642
1441
1218
1015
906
788
687
625
563
552
600
653
713
759
721
711
703
661
662
675
606
506
434
332
263
207
186
154
33
-112
-215
-320
-430
-571
-701
-822
-937
-1004
-977
-889
-803
-641
-494
-345
-197
-119
-71
-151
-272
-417
-700
-1030
-1332
-1529
-1725
-1790
-1717
-1635
-1455
-1245
-972
-682
-455
-277
-234
-234
-329
-443
-495
-554
-602
-704
-777
-824
-807
-720
-705
-639
-568
-499
-438
-436
-407
-390
-372
-309
-207
-54
72
192
306
405
415
385
413
392
349
272
218
173
136
134
208
305
417
554
710
923
1115
1293
1412
1568
1674
1721
1748
1739
1702
1635
1517
1364
1308
1215
1092
1011
912
883
874
900
886
869
861
798
760
696
614
554
458
363
205
81
-26
-101
-179
-234
-261
-265
-357
-471
-594
-673
-724
-856
-983
-1136
-1298
-1336
-1352
-1277
-1171
-1077
-967
-857
-731
-640
-530
-547
-600
-730
-936
-1159
-1370
-1516
-1570
-1593
-1555
-1402
-1192
-890
-530
-162
150
335
387
364
332
318
267
179
15
-49
-114
-163
-111
-75
-87
-94
-99
-171
-195
-198
-232
-216
-219
-187
-105
12
104
187
279
307
348
264
211
199
104
13
-78
-208
-225
-190
-143
-5
118
271
439
609
799
960
1115
1235
1355
1418
1462
1476
1453
1445
1360
1250
1126
983
789
664
535
362
207
132
91
113
172
223
269
304
366
397
404
406
382
336
263
175
150
77
19
-1
-25
-89
-130
-186
-275
-392
-499
-567
-656
-750
-791
-730
-651
-552
-456
-306
-173
-63
9
0
-60
-231
-392
-561
-687
-813
-899
-934
-970
-922
-835
-680
-488
-309
-167
-45
34
47
27
-62
-145
-240
-413
-593
-717
-848
-930
-1009
-1034
-1025
-1004
-967
-919
-859
-817
-785
-746
-718
-669
-596
-483
-366
-297
-249
-197
-120
-57
-29
-8
-72
-72
-83
-63
-17
64
200
331
462
601
773
969
1136
1254
1370
1454
1527
1628
1707
1715
1694
1673
1621
1533
1486
1403
1282
1169
1010
863
775
759
670
620
613
597
571
528
528
511
458
387
289
216
136
19
-54
-113
-167
-225
-257
-283
-288
-282
-273
-335
-419
-477
-580
-613
-692
-729
-793
-836
-855
-897
-910
-946
-933
-968
-1021
-1086
-1142
-1153
-1154
-1154
-1090
-1000
-887
-797
-663
-511
-367
-220
-75
38
147
212
229
183
86
8
-114
-215
-318
-426
-506
-556
-632
-698
-715
-725
-631
-513
-403
-301
-210
-63
-17
66
179
249
308
277
279
267
240
179
119
76
15
-15
-26
-4
55
107
269
420
571
755
927
1107
1236
1376
1478
1518
1508
1493
1430
1342
1225
1076
960
822
722
621
548
426
355
317
287
250
216
231
226
188
140
115
91
45
-10
-23
-78
-136
-163
-179
-225
-278
-354
-401
-411
-421
-433
-412
-362
-312
-327
-321
-301
-324
-351
-421
-516
-589
-669
-772
-876
-951
-1010
-1097
-1087
-1049
-947
-822
-720
-595
-534
-431
-350
-214
-99
13
162
264
346
372
395
378
317
223
102
-3
-135
-299
-451
-535
-655
-766
-792
-779
-743
-654
-494
-375
-222
-89
57
255
357
441
463
406
369
271
169
99
47
3
-37
-49
-35
66
130
202
317
366
467
514
570
640
686
759
823
865
891
947
939
895
832
731
597
505
433
369
367
321
345
344
363
432
475
524
476
418
376
327
236
127
30
-94
-201
-300
-359
-376
-357
-357
-349
-324
-287
-209
-117
-6
121
171
165
174
191
203
133
24
-133
-269
-380
-496
-552
-629
-729
-796
-821
-805
-757
-654
-516
-370
-329
-320
-262
-177
-140
-103
-112
-124
-125
-110
-73
-50
-67
-184
-317
-464
-642
-782
-871
-984
-1071
-1121
-1126
-1049
-924
-783
-656
-531
-432
-325
-204
-69
-3
64
121
136
152
121
89
47
-18
-93
-142
-178
-166
-108
-41
90
216
356
499
664
843
962
1040
1067
1068
1068
1084
1093
1074
1044
1028
998
969
918
908
834
721
659
645
666
680
740
770
809
827
787
778
673
549
445
310
149
3
-109
-218
-271
-333
-334
-293
-237
-209
-175
-89
-23
32
72
116
142
149
93
29
-61
-168
-292
-474
-602
-751
-863
-955
-1012
-1071
-1081
-1099
-1033
-972
-947
-885
-812
-667
-583
-487
-464
-423
-382
-371
-349
-325
-360
-386
-440
-475
-498
-565
-586
-626
-679
-666
-653
-577
-479
-408
-273
-211
-105
29
126
233
273
277
291
322
335
362
370
329
282
267
233
209
179
186
195
166
199
246
350
419
482
548
601
650
661
643
648
618
565
542
519
532
542
542
551
570
576
601
618
604
598
580
544
505
443
393
356
371
341
309
249
201
191
94
33
-26
-68
-139
-183
-179
-169
-92
-58
-34
18
9
-11
-18
-10
-42
-134
-210
-285
-389
-484
-543
-591
-650
-704
-736
-738
-722
-701
-672
-633
-575
-491
-404
-357
-314
-314
-264
-241
-210
-203
-185
-218
-281
-319
-381
-369
-384
-381
-383
-380
-334
-252
-180
-146
-111
-93
-106
-83
-75
-77
-46
-49
-63
-33
18
65
79
67
13
-41
-92
-117
-110
-121
-176
-177
-148
-54
41
175
298
382
476
542
632
662
718
734
729
734
648
586
556
565
573
501
470
462
414
438
426
406
380
325
311
263
296
345
399
417
411
388
387
361
326
277
202
106
6
-118
-213
-236
-266
-290
-344
-358
-354
-314
-271
-245
-191
-145
-126
-97
-49
-32
-62
-125
-202
-285
-329
-399
-463
-445
-498
-542
-539
-542
-514
-482
-473
-440
-398
-387
-331
-288
-250
-245
-305
-345
-409
-444
-483
-519
-466
-470
-469
-424
-375
-320
-291
-253
-157
-89
-23
23
85
133
168
201
220
251
235
234
257
258
222
141
117
89
68
91
84
133
188
239
276
306
375
430
411
409
406
407
421
412
386
379
350
274
242
194
141
68
34
-7
-20
-6
-5
42
98
152
204
280
369
433
451
459
488
461
379
330
307
261
239
211
186
179
160
164
144
104
49
25
12
6
57
134
168
194
218
200
176
170
126
43
-29
-157
-288
-407
-463
-497
-539
-581
-579
-549
-474
-445
-429
-386
-390
-397
-426
-465
-503
-519
-549
-548
-526
-474
-441
-418
-411
-395
-380
-377
-360
-334
-325
-262
-216
-152
-105
-46
66
109
154
143
163
195
177
144
68
31
43
10
-21
-21
-28
-31
-24
-1
-23
-14
8
48
127
139
127
150
167
194
207
235
259
277
268
274
276
247
232
199
167
120
32
-14
-18
-24
25
55
117
174
243
311
332
376
367
347
361
386
426
454
459
449
394
350
276
218
176
124
64
5
-3
14
3
-9
48
112
177
195
219
180
92
18
1
7
-49
-72
-95
-105
-96
-74
-86
-108
-132
-132
-143
-197
-199
-193
-213
-198
-161
-138
-133
-143
-144
-177
-205
-250
-267
-296
-355
-419
-473
-484
-512
-505
-484
-466
-447
-402
-353
-341
-315
-293
-277
-245
-242
-223
-157
-129
-127
-142
-192
-213
-233
-303
-313
-289
-257
-185
-157
-128
-60
11
54
112
162
209
258
293
371
400
434
463
459
457
431
373
349
318
297
276
251
221
173
205
167
183
193
185
194
226
247
270
326
362
371
389
400
415
440
409
360
319
265
203
119
94
63
34
28
15
42
76
102
141
164
165
163
132
102
87
51
2
-4
-22
-57
-112
-119
-138
-152
-150
-185
-242
-287
-320
-355
-368
-377
-355
-313
-305
-340
-358
-332
-359
-385
-426
-499
-575
-616
-632
-640
-642
-620
-588
-560
-503
-427
-392
-327
-255
-235
-188
-150
-112
-61
-21
-13
10
1
32
79
99
123
122
126
189
207
251
288
292
306
304
338
364
379
376
371
343
334
296
323
362
360
347
317
335
337
327
346
352
325
283
241
225
247
244
267
297
312
356
400
432
447
429
412
405
369
320
279
233
166
126
70
-3
-27
-73
-124
-181
-247
-260
-316
-323
-332
-366
-363
-362
-363
-336
-315
-313
-327
-343
-365
-404
-428
-425
-400
-379
-313
-284
-232
-166
-131
-83
-63
-33
-29
9
46
19
-1
-12
-4
-17
-21
-31
-65
-104
-159
-182
-206
-256
-267
-315
-272
-194
-181
-123
-100
-72
-61
-48
-31
-33
-30
-23
-3
1
30
68
87
117
136
140
123
106
73
52
24
-25
-48
-61
-82
-52
-16
36
81
109
120
125
149
172
192
183
152
136
147
144
147
157
203
221
218
248
237
246
247
203
205
198
209
232
217
194
178
183
183
163
121
111
77
70
13
-7
-14
-68
-104
-136
-117
-91
-59
-43
-73
-58
-28
-10
8
6
-9
-36
-84
-82
-86
-99
-88
-70
-63
-67
-66
-26
-15
6
-12
-11
34
56
97
98
108
101
63
33
-19
-85
-157
-217
-266
-347
-386
-412
-402
-400
-383
-362
-329
-296
-310
-318
-323
-326
-301
-277
-295
-277
-240
-191
-121
-62
-33
-25
12
23
27
34
22
30
13
22
45
44
81
90
127
129
163
196
219
223
203
175
162
170
167
154
165
174
175
207
252
247
282
286
287
304
296
359
368
373
399
395
404
382
366
333
301
282
246
217
183
153
141
123
76
67
52
30
2
-3
20
28
21
9
-17
-63
-120
-126
-133
-154
-152
-157
-154
-165
-198
-193
-178
-203
-206
-189
-173
-123
-124
-112
-99
-106
-98
-152
-210
-199
-191
-230
-263
-243
-236
-263
-294
-312
-312
-336
-329
-321
-314
-291
-264
-260
-271
-335
-352
-374
-401
-375
-377
-323
-286
-254
-197
-135
-74
-25
-7
7
-16
-21
-15
-13
-7
29
65
42
61
59
73
95
99
100
95
122
154
181
240
300
321
402
463
484
508
517
532
521
520
549
548
524
535
535
517
478
441
410
393
363
326
298
273
266
276
248
196
209
179
122
92
41
-6
-50
-95
-142
-150
-191
-223
-251
-268
-268
-295
-290
-278
-262
-281
-295
-325
-316
-310
-288
-238
-204
-189
-143
-128
-144
-120
-123
-103
-105
-109
-107
-96
-103
-87
-125
-163
-174
-201
-222
-276
-293
-332
-374
-390
-401
-398
-407
-397
-374
-363
-356
-350
-297
-254
-186
-139
-103
-64
-25
35
75
111
146
199
235
237
229
233
180
187
187
165
216
230
231
238
229
222
203
191
189
167
134
150
176
190
180
205
181
143
121
78
83
75
64
82
81
93
100
102
114
114
139
180
241
242
199
177
130
112
96
84
69
45
34
43
53
68
79
92
113
82
51
53
62
58
74
69
49
62
86
84
98
92
61
76
72
21
-9
-31
-60
-102
-134
-131
-119
-104
-130
-151
-135
-155
-193
-203
-220
-246
-254
-279
-287
-352
-380
-425
-455
-444
-466
-459
-461
-483
-521
-538
-540
-495
-453
-388
-309
-235
-187
-121
-47
-9
27
38
60
66
117
172
203
245
280
288
305
328
319
310
300
277
231
185
155
145
176
222
258
296
311
333
342
332
320
307
272
235
219
201
180
186
210
207
206
178
171
175
178
200
180
148
113
77
48
58
72
68
44
50
52
52
42
13
15
-3
-15
-21
-26
-63
-101
-125
-164
-156
-161
-146
-118
-168
-202
-189
-212
-214
-233
-257
-277
-278
-257
-229
-231
-196
-159
-146
-110
-121
-107
-85
-69
-68
-77
-99
-101
-130
-147
-156
-152
-133
-100
-75
-87
-94
-129
-119
-148
-122
-114
-128
-124
-104
-54
-60
-36
-14
1
6
15
28
27
55
78
94
154
180
197
200
195
189
190
174
161
145
138
151
92
70
28
10
10
-1
19
-7
-11
11
25
53
71
78
59
19
13
16
13
64
72
74
75
77
85
94
87
101
85
57
39
29
67
75
99
137
154
196
206
225
218
201
188
163
126
93
95
59
64
76
63
83
109
109
110
104
91
71
52
25
-18
-68
-97
-152
-191
-237
-271
-293
-324
-300
-297
-284
-292
-314
-296
-279
-264
-222
-194
-170
-167
-140
-121
-123
-140
-168
-209
-251
-258
-244
-244
-223
-198
-189
-174
-138
-124
-125
-99
-85
-62
-25
0
37
51
80
105
99
113
124
107
54
45
16
-3
-23
-40
-38
-38
-5
13
57
98
123
186
232
245
260
260
242
227
245
247
224
232
200
181
189
183
205
207
190
187
171
145
121
120
149
166
177
196
222
263
253
220
193
213
216
203
206
203
174
173
153
134
116
94
72
35
21
1
-42
-35
-76
-96
-91
-88
-78
-106
-114
-167
-184
-213
-229
-225
-280
-318
-340
-352
-361
-359
-345
-340
-311
-279
-284
-295
-286
-309
-328
-343
-354
-375
-363
-355
-387
-379
-397
-405
-387
-358
-300
-247
-207
-143
-113
-98
-89
-49
-18
12
49
76
120
126
121
160
167
196
211
232
257
263
260
255
271
260
295
328
322
341
348
332
329
348
360
350
364
336
293
235
190
179
148
130
107
90
86
90
85
90
108
110
133
144
125
147
159
182
190
181
191
199
226
247
250
234
191
151
99
68
11
-41
-93
-141
-196
-219
-220
-248
-287
-295
-311
-317
-317
-281
-269
-268
-238
-255
-250
-257
-292
-316
-325
-340
-337
-361
-370
-358
-329
-307
-318
-311
-304
-291
-239
-193
-165
-141
-138
-106
-65
-35
9
46
83
111
128
156
163
170
179
207
203
172
160
165
157
133
134
123
116
128
143
168
181
202
238
251
269
274
302
286
275
229
210
193
172
182
163
169
133
118
111
97
64
36
9
-4
-30
-55
-67
-69
-95
-146
-181
-211
-209
-200
-198
-186
-186
-192
-193
-190
-167
-155
-132
-97
-40
-19
-13
-7
-13
-16
22
26
27
26
15
38
58
54
38
36
-3
-6
-29
-66
-97
-101
-97
-103
-79
-52
-47
-2
16
18
37
7
27
20
43
59
74
60
70
82
73
88
64
43
17
-18
-56
-57
-47
-39
-24
-17
-16
-22
-19
-9
-16
-30
-37
-63
-84
-93
-82
-95
-117
-104
-98
-106
-92
-87
-64
-64
-99
-127
-153
-169
-190
-177
-146
-123
-81
-41
15
58
85
123
126
141
150
132
114
80
78
69
82
113
131
170
169
160
129
93
91
77
85
115
134
145
169
171
168
176
192
184
171
150
107
107
130
139
128
123
123
108
115
152
178
216
229
207
189
167
145
103
78
52
-4
-36
-67
-91
-114
-102
-106
-113
-122
-152
-159
-180
-193
-176
-177
-173
-182
-175
-168
-177
-186
-199
-226
-252
-254
-250
-262
-288
-288
-276
-257
-233
-214
-210
-195
-172
-156
-158
-119
-111
-113
-117
-110
-80
-81
-69
-57
-64
-62
-11
-4
-17
5
17
21
25
31
37
51
67
60
93
121
152
191
209
246
253
223
204
176
160
152
134
168
165
172
175
197
209
177
176
158
175
201
224
216
187
158
123
106
88
66
56
17
-20
-23
-62
-82
-109
-123
-127
-142
-114
-93
-72
-66
-50
-19
-16
-6
7
28
56
37
10
-11
-37
-72
-122
-137
-140
-154
-151
-145
-151
-141
-137
-139
-116
-87
-68
-25
-22
-21
20
43
56
58
59
62
68
98
96
94
78
41
33
-8
-5
-6
26
24
34
44
39
44
28
6
-6
-19
-60
-78
-82
-89
-103
-120
-125
-148
-179
-181
-178
-182
-159
-121
-119
-125
-123
-111
-123
-102
-38
-19
-17
-2
12
-17
-28
-46
-52
-29
-37
-39
-28
-5
8
28
57
53
68
77
93
119
128
135
144
144
136
116
122
113
99
106
89
108
152
161
147
162
141
135
115
103
119
102
97
93
108
114
108
99
105
78
27
35
9
10
-12
-18
-14
-20
-41
-66
-72
-83
-126
-114
-85
-97
-95
-93
-100
-109
-145
-162
-135
-125
-98
-72
-39
17
24
29
42
53
58
54
50
22
11
15
53
53
67
56
44
64
54
48
26
-2
10
-1
-15
-37
-44
-44
-79
-94
-94
-109
-113
-107
-98
-61
-49
-27
-15
-9
-5
-5
-2
10
15
1
7
-6
-2
-18
-40
-55
-66
-70
-52
-30
-20
-11
-37
-16
1
-11
7
26
21
23
33
47
63
63
40
14
15
13
1
7
-32
-46
-73
-94
-69
-32
-13
11
26
37
84
97
126
126
136
112
101
138
153
170
177
149
131
121
99
83
40
-12
-58
-68
-82
-77
-51
-67
-74
-51
-55
-39
-35
-56
-70
-103
-97
-85
-66
-46
-49
-50
-65
-68
-62
-47
-44
-54
-43
-73
-50
-44
-60
-71
-60
-52
-84
-95
-116
-120
-122
-124
-114
-138
-147
-146
-133
-92
-57
-13
4
15
19
46
52
84
107
108
113
82
82
86
89
87
92
113
135
132
117
125
113
109
130
131
161
167
155
170
141
128
111
86
98
66
51
33
8
-2
-14
-21
-15
-27
-33
-9
-8
-17
-8
1
1
0
-18
11
16
22
-4
-15
-10
-34
-38
-35
-35
-63
-73
-88
-86
-98
-131
-155
-159
-176
-170
-158
-156
-158
-124
-115
-98
-53
-32
-14
-5
10
19
42
70
94
108
111
100
90
91
70
80
86
59
52
38
28
3
0
20
0
-10
7
6
20
27
-9
-17
-25
-78
-104
-126
-121
-118
-115
-89
-87
-95
-115
-130
-136
-132
-140
-133
-120
-102
-83
-49
-27
-38
-33
-37
-20
-7
-1
13
45
60
80
85
102
98
67
36
5
2
-2
16
22
31
23
18
24
34
56
49
56
99
107
149
155
147
176
154
165
162
165
203
203
227
218
225
238
239
247
207
198
152
111
89
73
72
33
36
13
12
15
23
11
-11
-42
-67
-63
-81
-78
-86
-109
-124
-132
-155
-141
-127
-134
-156
-180
-189
-219
-210
-213
-210
-218
-225
-242
-238
-242
-251
-228
-214
-169
-142
-148
-155
-141
-144
-153
-124
-118
-109
-65
-46
-6
33
57
89
119
131
151
168
159
132
131
130
143
153
120
110
113
110
131
143
170
162
144
154
161
161
140
161
145
109
122
113
100
102
102
123
78
51
24
-8
-40
-40
-42
-38
-12
-24
-1
27
41
46
58
46
53
14
-14
-27
-49
-83
-94
-99
-118
-124
-151
-156
-166
-174
-195
-181
-192
-213
-221
-241
-244
-241
-258
-246
-225
-184
-150
-129
-63
-57
-51
-51
-39
-56
-47
-57
-49
-23
-23
12
49
52
64
65
61
93
112
140
165
172
175
174
181
207
220
213
225
225
214
193
210
217
205
189
154
122
68
69
48
41
28
47
33
36
43
24
54
63
71
74
72
55
51
38
10
-4
-31
-79
-92
-106
-120
-139
-141
-164
-204
-189
-182
-173
-161
-162
-171
-190
-208
-163
-145
-134
-146
-148
-134
-128
-129
-139
-124
-113
-87
-45
-29
-14
34
63
66
69
102
140
142
164
183
190
200
178
151
117
78
50
43
43
53
41
58
39
56
77
109
128
118
138
141
143
121
100
70
52
14
-8
-30
-36
-30
-57
-70
-69
-40
-56
-75
-62
-75
-65
-59
-48
-30
-42
-48
-42
-44
-28
-38
-45
-59
-75
-90
-102
-91
-120
-139
-136
-139
-181
-188
-187
-193
-177
-156
-119
-98
-60
-42
-28
-17
20
33
46
64
79
87
108
121
118
127
108
87
73
75
64
70
94
96
106
116
95
62
29
31
25
37
40
42
57
56
44
12
7
14
16
1
-15
14
6
-6
13
3
0
-6
-2
29
48
59
68
64
56
56
41
57
75
77
85
108
98
85
85
71
67
55
29
18
-1
-10
-17
3
-7
-38
-36
-23
-11
-20
-34
-61
-86
-100
-115
-115
-105
-102
-100
-95
-90
-90
-80
-65
-66
-68
-71
-64
-51
-23
-56
-49
-52
-58
-33
-49
-29
-35
-51
-45
-47
-58
-74
-56
-52
-49
-26
-12
-23
-23
-17
-1
40
64
103
103
94
107
98
96
104
92
72
45
43
34
30
29
-12
-37
-26
-16
-2
6
0
-1
-25
-20
-6
-20
-20
-25
-3
-7
5
31
39
30
-5
3
19
42
56
52
49
32
24
21
36
28
10
-24
-30
-27
-34
-37
-37
-31
-55
-54
-65
-57
-46
-28
-28
-17
-14
23
25
24
7
-26
-37
-56
-39
-37
-13
-14
-5
-20
-26
-26
-16
-1
-2
7
0
-2
-21
-39
-30
-36
-41
-38
-45
-37
-36
-30
-28
-38
-51
-59
-86
-100
-78
-46
-25
-1
12
-4
2
-3
8
34
22
42
45
10
21
48
69
71
84
109
112
132
145
160
157
162
158
161
181
187
191
173
176
178
172
171
175
154
115
106
91
97
98
109
96
76
35
-6
-38
-92
-116
-175
-202
-226
-239
-246
-249
-265
-266
-260
-276
-275
-269
-263
-244
-238
-208
-186
-179
-156
-126
-99
-75
-54
-41
-18
-28
-45
-30
-13
10
18
49
66
81
97
91
122
121
129
140
174
202
210
190
171
184
168
209
228
242
245
210
188
162
143
104
80
51
5
-22
-18
-23
-38
-56
-67
-83
-88
-93
-79
-82
-86
-95
-97
-79
-79
-63
-59
-34
-50
-66
-86
-88
-86
-110
-111
-102
-89
-83
-97
-86
-86
-79
-74
-80
-62
-95
-89
-66
-77
-80
-50
-64
-44
-25
-38
-32
-40
-13
-10
-12
6
-1
-9
28
29
32
21
17
51
84
94
128
166
161
165
154
165
176
172
169
172
183
168
135
109
82
100
106
87
82
75
45
47
36
33
27
13
0
-29
-36
-45
-44
-54
-69
-121
-134
-158
-179
-188
-204
-212
-211
-196
-194
-173
-131
-93
-89
-63
-89
-86
-89
-85
-52
-20
2
4
21
26
28
24
44
52
67
71
87
98
118
105
103
113
112
102
93
81
78
94
62
40
3
-28
-51
-50
-61
-69
-33
-10
-22
-16
-9
-17
1
5
-13
4
12
5
-16
-39
-47
-51
-14
0
-3
5
2
4
-4
-25
-33
-33
-23
-11
-9
16
25
38
39
46
30
19
12
-15
-20
-31
-33
-46
-62
-63
-53
-44
-42
-45
-51
-61
-70
-78
-54
-47
-39
-11
22
70
105
118
122
108
109
98
91
88
62
29
30
35
42
43
25
-3
-11
-8
-16
-16
-14
-13
-2
-16
-29
-17
-21
-14
-23
-28
-38
-40
-26
-34
-40
-36
-64
-65
-57
-40
-22
-27
-16
-25
-4
2
4
17
4
9
21
53
65
72
96
100
88
92
103
110
109
117
92
77
72
69
88
89
92
74
50
24
18
5
-1
4
-28
-23
-39
-61
-41
-18
-19
-54
-64
-74
-74
-86
-61
-39
-22
-9
-16
7
17
14
10
20
23
13
6
8
-9
-17
-27
-34
-36
-37
-61
-59
-69
-103
-109
-129
-133
-143
-143
-153
-159
-163
-169
-187
-180
-179
-161
-131
-128
-106
-119
-135
-120
-94
-85
-97
-87
-43
-34
25
60
92
119
111
110
116
124
136
151
160
167
157
182
193
197
196
182
188
185
170
172
165
160
142
162
180
182
175
182
185
156
161
131
127
90
62
55
17
26
5
17
17
12
-12
-29
-19
-42
-69
-84
-100
-121
-118
-128
-131
-119
-122
-123
-119
-107
-84
-84
-77
-81
-98
-121
-123
-111
-102
-89
-95
-88
-96
-103
-120
-143
-149
-144
-137
-126
-147
-173
-157
-161
-156
-137
-135
-139
-141
-127
-128
-118
-100
-88
-81
-80
-44
-4
35
59
88
129
154
181
196
218
217
203
198
211
216
215
221
212
206
194
165
145
136
131
116
115
111
98
101
108
83
89
74
50
57
59
37
6
-11
-34
-42
-47
-63
-81
-96
-96
-96
-70
-54
-62
-72
-86
-82
-77
-51
-32
-30
-26
-29
-37
-45
-72
-88
-99
-109
-98
-105
-102
-102
-120
-118
-126
-118
-110
-119
-92
-74
-63
-42
-15
3
24
21
21
39
39
66
78
76
67
54
61
47
54
63
65
90
96
119
135
142
136
130
112
70
67
67
73
58
47
53
60
57
60
39
9
3
-12
-7
2
3
7
-1
-5
-7
-29
-37
-42
-52
-36
-44
-54
-55
-76
-69
-58
-51
-37
-57
-58
-83
-73
-74
-81
-75
-68
-56
-69
-76
-51
-43
-60
-45
-38
-41
-49
-42
-49
-53
-59
-58
-67
-69
-84
-93
-79
-75
-59
-59
-39
-17
10
25
50
71
80
85
95
110
126
136
142
152
145
132
124
136
127
115
111
114
119
129
114
108
95
83
84
65
68
54
43
23
26
19
2
-4
-35
-21
-25
-40
-44
-34
-33
-48
-49
-52
-49
-49
-54
-47
-51
-45
-33
-32
-40
-49
-73
-78
-78
-84
-88
-94
-91
-87
-84
-73
-53
-61
-60
-78
-82
-79
-68
-67
-59
-64
-68
-64
-62
-57
-55
-65
-80
-62
-66
-58
-44
-25
-14
-21
-29
-27
-16
-1
21
20
34
59
71
79
94
99
113
113
119
136
139
150
158
152
143
141
124
120
116
94
88
84
62
60
55
46
47
45
44
44
44
41
31
38
44
29
14
4
-16
-37
-56
-62
-68
-82
-80
-65
-64
-47
-29
-24
-28
-51
-64
-65
-74
-73
-71
-91
-76
-73
-73
-60
-54
-57
-43
-34
-40
-37
-28
-36
-42
-37
-34
-19
-17
-14
5
12
21
27
16
9
5
-18
-4
-2
4
12
10
7
-18
-26
-19
-18
-30
-26
-38
-38
-37
-36
-30
-10
-9
8
25
45
60
53
52
56
57
26
34
17
15
30
29
35
41
39
26
15
18
21
11
1
-3
-4
-8
0
1
-8
-20
-21
-22
-16
-10
-1
-2
-3
-3
-4
3
10
-4
2
-1
10
26
32
37
33
34
26
28
43
64
66
62
66
70
76
82
89
69
66
70
43
20
-2
-9
-29
-37
-54
-79
-102
-106
-108
-114
-121
-129
-132
-144
-139
-123
-106
-90
-79
-84
-70
-75
-59
-47
-47
-37
-26
-17
-18
-18
-9
3
9
11
14
25
51
55
57
58
47
55
55
54
41
36
29
35
38
32
26
9
16
19
39
47
54
62
52
52
43
51
43
28
24
29
36
50
50
51
41
28
37
37
51
60
55
65
60
51
53
47
49
55
50
48
35
16
11
13
13
10
6
8
10
9
8
2
-5
-13
-14
-18
-28
-18
-13
-31
-40
-48
-52
-58
-61
-46
-45
-45
-52
-43
-54
-55
-49
-62
-56
-54
-59
-54
-43
-53
-50
-55
-56
-48
-50
-42
-39
-34
-36
-49
-51
-48
-50
-39
-38
-46
-51
-53
-56
-57
-51
-37
-35
-35
-28
-24
-24
-17
-15
-17
-8
1
8
25
34
31
30
13
12
6
1
10
29
41
45
57
64
72
71
66
57
55
46
49
52
59
53
48
44
42
40
39
46
44
43
42
40
36
33
33
40
46
53
56
56
48
53
57
49
51
41
32
11
8
-1
-10
3
16
14
8
-2
-12
-24
-38
-56
-70
-78
-89
-79
-80
-71
-80
-75
-89
-87
-81
-89
-80
-77
-71
-69
-59
-60
-46
-44
-25
-24
-27
-21
-21
-9
-3
2
11
6
21
26
39
54
48
47
44
36
31
21
16
28
25
21
11
4
11
7
9
14
17
19
25
23
9
3
-8
-11
-4
4
16
26
43
56
60
66
54
44
50
36
26
22
6
4
2
-2
4
4
6
-1
-2
-7
-24
-30
-39
-51
-52
-45
-36
-23
-20
-8
-2
5
9
-12
-16
-21
-20
-13
-25
-22
-27
-29
-35
-27
-16
-8
2
6
7
11
4
-8
-4
-7
-7
-15
-20
-25
-29
-20
-10
-4
4
9
13
24
29
27
28
29
18
14
22
33
37
29
28
21
24
35
44
40
49
45
51
54
24
31
20
10
4
0
-4
-14
-16
-28
-44
-41
-32
-31
-30
-24
-21
-24
-21
-20
-30
-22
-21
-28
-20
-17
-12
-12
-15
-25
-16
-10
-17
-12
-14
-9
2
-3
-1
2
8
16
38
49
55
57
55
55
47
46
40
33
30
15
2
-6
1
0
-5
-3
-7
-21
-22
-22
-31
-28
-23
-20
-17
-2
-1
13
30
26
19
13
0
-1
-12
-15
-13
-19
-18
-13
-11
-9
-11
-16
-7
-4
0
10
11
11
3
4
5
14
15
9
22
12
8
6
-4
-9
-13
-18
-24
-30
-41
-60
-69
-75
-76
-81
-85
-83
-85
-84
-90
-82
-65
-65
-66
-68
-60
-53
-33
-27
-30
-23
-24
-15
1
13
28
35
44
49
47
64
67
71
75
65
58
57
55
48
36
26
26
22
21
17
14
7
-6
0
2
12
17
24
21
27
37
45
63
67
63
70
61
64
69
72
86
82
84
85
77
80
74
63
66
68
51
43
32
13
3
-3
-1
-10
-10
-15
-28
-33
-46
-55
-58
-61
-57
-53
-53
-50
-50
-48
-54
-54
-57
-57
-55
-63
-72
-76
-74
-73
-73
-67
-65
-71
-69
-59
-60
-50
-38
-33
-16
-16
0
12
24
32
33
44
52
52
55
64
68
63
62
62
59
45
47
34
28
36
27
20
4
-5
-13
-15
-5
-7
-20
-27
-33
-38
-41
-37
-44
-42
-52
-53
-58
-56
-46
-51
-44
-54
-52
-57
-71
-63
-49
-27
-3
13
18
18
26
19
19
20
17
18
10
10
15
8
