246
221
209
189
161
160
148
153
141
128
147
134
119
117
94
69
34
19
-1
-21
-23
-34
-55
-73
-92
-103
-117
-131
-120
-127
-133
-145
-158
-155
-187
-198
-204
-211
-227
-247
-253
-261
-265
-258
-266
-245
-236
-210
-167
-143
-129
-106
-69
-65
-54
-39
-15
18
58
97
134
168
197
233
242
274
282
286
300
318
329
322
330
317
289
266
251
225
205
180
175
161
148
126
120
122
121
112
84
75
35
9
-12
-37
-51
-64
-65
-74
-86
-89
-100
-128
-153
-167
-150
-148
-160
-144
-138
-144
-125
-125
-117
-114
-135
-137
-142
-145
-137
-116
-96
-87
-82
-71
-77
-82
-92
-99
-118
-152
-148
-132
-133
-126
-115
-125
-126
-124
-108
-85
-88
-69
-39
-9
-4
20
29
40
54
48
74
71
76
92
82
85
88
107
123
129
155
183
205
241
265
277
311
338
328
299
262
241
217
159
116
91
50
4
-47
-119
-172
-229
-281
-317
-332
-341
-338
-343
-338
-341
-337
-313
-321
-301
-294
-268
-248
-222
-180
-134
-89
-36
31
80
141
161
195
236
284
326
386
454
501
507
528
526
523
533
522
505
482
479
457
431
411
396
348
305
243
210
134
53
-13
-82
-114
-134
-160
-188
-175
-229
-269
-312
-326
-343
-377
-412
-459
-481
-486
-513
-521
-511
-550
-568
-598
-584
-547
-511
-481
-405
-376
-356
-297
-284
-289
-275
-262
-269
-277
-288
-288
-276
-259
-258
-233
-204
-170
-121
-105
-57
19
81
139
193
275
350
431
505
566
600
642
684
719
748
787
824
867
900
966
1009
1013
1043
1021
987
876
795
712
643
561
459
397
301
186
69
-67
-165
-314
-505
-614
-780
-891
-1069
-1193
-1278
-1355
-1392
-1564
-1611
-1577
-1532
-1495
-1483
-1327
-1146
-939
-881
-824
-636
-429
-301
-287
-117
100
287
366
415
616
875
1014
1059
1118
1249
1284
1196
1071
1001
1000
935
844
762
702
748
685
554
456
401
359
284
209
133
152
158
137
116
108
54
17
-41
-56
9
48
100
112
173
240
343
400
343
383
362
355
278
216
187
194
178
60
20
-62
-115
-256
-360
-459
-482
-600
-848
-1021
-1224
-1227
-1490
-1725
-1888
-1950
-1919
-2184
-2256
-2164
-1992
-1885
-1963
-1779
-1517
-1226
-1130
-1045
-733
-370
-104
31
254
661
1068
1261
1349
1536
1945
2154
2159
2173
2331
2562
2498
2321
2256
2278
2198
2000
1809
1679
1646
1447
1226
1066
963
854
669
481
280
228
121
-89
-267
-405
-489
-645
-909
-1073
-1085
-1141
-1278
-1346
-1340
-1255
-1227
-1216
-1226
-1155
-1025
-952
-1014
-1036
-948
-982
-979
-1017
-973
-870
-938
-1008
-1047
-992
-968
-1013
-1019
-951
-829
-845
-858
-893
-773
-674
-577
-516
-338
-66
94
235
339
514
648
749
832
930
1096
1244
1319
1400
1488
1554
1578
1570
1540
1510
1476
1416
1416
1360
1306
1264
1196
1162
1096
1004
917
801
737
676
659
567
454
396
303
262
106
-4
-89
-222
-277
-349
-420
-412
-440
-483
-570
-623
-660
-710
-732
-739
-775
-776
-799
-863
-953
-998
-1009
-1338
-1454
-1729
-1686
-1921
-2209
-2335
-2411
-2180
-2402
-2548
-2460
-2223
-1880
-2014
-1949
-1598
-1134
-824
-897
-648
-130
389
531
595
968
1605
1908
1926
1985
2369
2779
2887
2827
2909
3207
3348
3236
3016
2847
2760
2597
2304
2072
1898
1728
1488
1214
1026
684
417
232
-72
-296
-770
-944
-1156
-1415
-1597
-1844
-1799
-1830
-1930
-1956
-1964
-1710
-1590
-1491
-1349
-1040
-647
-431
-358
-132
198
333
280
170
303
383
316
159
99
211
168
-48
-238
-314
-249
-424
-581
-711
-534
-678
-961
-1245
-1347
-1392
-1854
-2066
-2295
-2150
-2242
-2543
-2557
-2268
-1754
-1612
-1632
-1253
-653
-238
-280
-172
278
961
1213
1187
1420
2020
2463
2441
2455
2780
3305
3393
3254
3247
3533
3738
3635
3434
3270
3134
2867
2387
2069
1733
1384
893
476
95
-220
-565
-1068
-1202
-1673
-1899
-2321
-2558
-2569
-2863
-2844
-2967
-2816
-2619
-2539
-2329
-2200
-1866
-1646
-1414
-1092
-778
-453
-149
150
501
949
1225
1412
1580
1740
1730
1706
1625
1578
1501
1329
1155
1053
929
803
466
80
-344
-680
-997
-1470
-1862
-2390
-2559
-2707
-2827
-3011
-3134
-3077
-2840
-2754
-2702
-2510
-2016
-1594
-1402
-1242
-845
-256
146
348
547
916
1393
1595
1652
1887
2264
2655
2784
2890
3007
3276
3307
3151
2949
2827
2780
2671
2414
2131
1913
1687
1455
1173
781
402
30
-213
-646
-1322
-1389
-1720
-1739
-2202
-2321
-2080
-2090
-1884
-2097
-1815
-1465
-1187
-991
-960
-553
-113
86
81
219
581
874
889
821
1155
1412
1641
1370
1332
1451
1436
1274
820
764
699
611
241
-173
-280
-493
-854
-1244
-1775
-1992
-2265
-2629
-2826
-3190
-3112
-3237
-3341
-3207
-3149
-2782
-2726
-2477
-2215
-2028
-1630
-1452
-1068
-827
-542
-206
217
676
977
1274
1628
2125
2434
2670
2834
3130
3439
3549
3658
3675
3851
3852
3639
3473
3241
3122
2868
2530
2233
1923
1708
1314
964
606
367
128
-171
-826
-1108
-1315
-1653
-1868
-2410
-2206
-2432
-2405
-2442
-2556
-2119
-2005
-1662
-1571
-1336
-796
-612
-363
-242
80
476
673
677
870
1034
1161
1058
917
1057
943
780
397
191
106
-75
-351
-660
-708
-730
-1038
-1381
-1650
-1993
-2223
-2710
-3010
-3244
-3381
-3386
-3618
-3484
-3422
-3328
-2945
-2665
-2228
-2004
-1741
-1341
-947
-548
-328
-73
342
709
914
1135
1463
2016
2320
2521
2675
3101
3594
3743
3939
4114
4499
4755
4729
4654
4486
4359
4083
3616
3157
2742
2400
1971
1451
1073
810
534
-74
-377
-698
-989
-1391
-1903
-1996
-2374
-2468
-2694
-2805
-2665
-2656
-2554
-2500
-2289
-1881
-1736
-1576
-1309
-890
-445
-130
58
368
678
845
643
636
563
439
189
-162
-138
-250
-241
-378
-451
-454
-460
-669
-871
-1265
-1536
-1919
-2415
-2700
-3155
-3091
-3279
-3476
-3495
-3566
-3282
-3219
-3068
-2839
-2666
-2167
-1871
-1384
-977
-498
14
479
987
1347
1730
2078
2376
2645
2985
3249
3584
3867
4071
4397
4583
4884
4997
5074
5060
4908
4909
4660
4368
3957
3584
3188
2633
2060
1443
983
475
-7
-898
-1378
-1626
-2091
-2386
-3089
-2971
-3194
-3337
-3440
-3713
-3449
-3516
-3358
-3410
-3296
-2795
-2669
-2571
-2384
-1853
-1295
-843
-678
-251
259
632
708
701
1003
1032
938
638
444
511
454
290
-16
-41
4
-154
-393
-609
-772
-1238
-1510
-2022
-2101
-2408
-2656
-2950
-3217
-3030
-3186
-3130
-3028
-2820
-2566
-2600
-2295
-1890
-1431
-1050
-787
-201
532
1202
1521
2011
2632
3231
3465
3705
4015
4496
4800
4840
4973
5169
5454
5408
5179
5067
4907
4680
4194
3730
3347
2871
2359
1723
1234
793
268
-283
-1175
-1500
-2029
-2579
-3068
-3731
-3711
-4249
-4267
-4329
-4367
-4033
-4082
-3896
-3703
-3380
-2900
-2683
-2358
-1970
-1435
-856
-359
44
491
931
1272
1318
1393
1514
1495
1356
1204
1118
1228
1315
1285
1127
1043
932
503
257
-143
-582
-936
-1597
-1774
-2124
-2382
-2556
-2999
-3001
-3150
-3112
-3133
-3073
-2814
-2764
-2458
-2214
-1697
-1230
-894
-490
-22
608
1108
1539
1869
2345
2600
2927
3151
3461
3841
4020
4201
4231
4465
4626
4526
4415
4184
3947
3676
3284
2842
2370
1930
1356
810
199
-181
-729
-1184
-2082
-2414
-2711
-3136
-3311
-3863
-3551
-3797
-3660
-3601
-3666
-3203
-3080
-2865
-2743
-2425
-1801
-1501
-1242
-815
-189
459
944
1157
1649
1883
2182
2237
2224
2358
2139
2078
1677
1592
1544
1422
1249
898
785
678
331
-23
-433
-996
-1368
-2084
-2422
-2732
-3170
-3235
-3744
-3681
-3696
-3644
-3397
-3388
-2956
-2828
-2490
-2068
-1672
-1156
-811
-409
36
639
1178
1538
1908
2358
2711
2925
3166
3452
3836
4019
4209
4382
4572
4837
4720
4583
4404
4112
3898
3373
2882
2287
1691
1090
525
69
-323
-787
-1183
-1934
-2187
-2457
-2873
-3035
-3585
-3363
-3581
-3484
-3242
-3161
-2689
-2486
-2263
-2086
-1881
-1361
-1139
-992
-669
-230
356
869
992
1365
1539
1775
1715
1489
1658
1518
1434
1107
888
934
876
857
584
407
371
-59
-442
-936
-1493
-1857
-2534
-2760
-3050
-3338
-3389
-3807
-3755
-3780
-3658
-3534
-3504
-3061
-2934
-2661
-2269
-1786
-1254
-940
-505
40
607
1041
1361
1656
2132
2517
2842
3072
3360
3766
4013
4216
4385
4683
5050
5068
5018
4874
4768
4561
4090
3596
2980
2469
1900
1368
841
475
66
-324
-1132
-1338
-1795
-2097
-2489
-2959
-2889
-3243
-3067
-3120
-3170
-2904
-2887
-2711
-2689
-2564
-2117
-1984
-1910
-1724
-1327
-816
-460
-234
205
453
751
716
711
852
833
743
586
615
798
840
783
587
476
350
37
-306
-658
-1153
-1527
-2123
-2329
-2694
-2826
-3026
-3364
-3251
-3332
-3079
-3093
-2918
-2556
-2485
-2203
-1805
-1290
-852
-584
-248
190
685
1130
1438
1647
2150
2513
2904
3121
3621
4197
4539
4840
4955
5291
5584
5582
5415
5129
4945
4604
4119
3573
3011
2438
1695
1094
544
123
-429
-966
-1766
-1927
-2447
-2719
-3228
-3664
-3608
-4111
-3975
-4149
-4054
-3751
-3764
-3599
-3523
-3274
-2853
-2777
-2637
-2292
-1773
-1267
-852
-473
125
540
1056
1193
1381
1673
1625
1628
1470
1616
1673
1665
1771
1472
1418
1229
878
564
23
-585
-1058
-1713
-2016
-2506
-2838
-3030
-3459
-3323
-3461
-3418
-3399
-3309
-3011
-2906
-2641
-2246
-1765
-1354
-1037
-588
12
641
1141
1488
1821
2299
2668
2993
3226
3558
4082
4340
4582
4680
5052
5397
5440
5370
5091
4957
4765
4302
3804
3229
2684
2064
1396
718
127
-463
-1123
-2050
-2393
-2988
-3284
-3762
-4144
-4050
-4327
-4077
-4132
-3930
-3519
-3385
-3104
-2989
-2744
-2363
-2227
-2031
-1710
-1217
-743
-361
-50
390
793
1228
1423
1705
2053
2161
2243
2199
2289
2371
2392
2285
1939
1774
1458
835
282
-412
-1189
-1783
-2562
-2809
-3219
-3453
-3655
-3864
-3670
-3714
-3575
-3485
-3284
-3017
-2882
-2688
-2298
-1825
-1425
-1080
-664
-71
441
907
1274
1612
2244
2725
3141
3453
3871
4425
4609
4837
4918
5160
5378
5212
4979
4616
4406
4052
3524
2965
2387
1832
1182
584
-28
-544
-1066
-1564
-2380
-2561
-3083
-3404
-3719
-4042
-3835
-4105
-3866
-3775
-3629
-3193
-3059
-2733
-2486
-2156
-1596
-1489
-1247
-860
-413
70
477
776
1244
1535
1992
2082
2082
2197
2210
2175
1943
1881
1899
1832
1683
1251
896
622
115
-307
-904
-1567
-1994
-2656
-2938
-3290
-3537
-3581
-3787
-3536
-3492
-3374
-3213
-2993
-2633
-2517
-2329
-1942
-1530
-1149
-813
-461
85
561
1067
1398
1634
2229
2585
2953
3205
3456
3993
4249
4548
4637
4883
5184
5025
4741
4401
4116
3803
3217
2695
2112
1657
1190
710
229
-248
-667
-1083
-1936
-2160
-2632
-2943
-3262
-3702
-3457
-3676
-3333
-3172
-3014
-2602
-2414
-2214
-2048
-1813
-1312
-1167
-988
-596
-185
260
578
730
1077
1186
1415
1471
1492
1725
1598
1668
1443
1391
1385
1248
1165
675
464
162
-233
-704
-1284
-1878
-2330
-2854
-3174
-3341
-3706
-3704
-4026
-3961
-3921
-3824
-3578
-3394
-2971
-2757
-2542
-2025
-1566
-1139
-728
-309
222
766
1237
1595
1884
2352
2844
3114
3310
3580
4084
4342
4601
4752
4955
5324
5400
5221
5014
4747
4446
3885
3331
2787
2191
1660
947
456
-30
-473
-1125
-1714
-2115
-2531
-2757
-3136
-3185
-3242
-3224
-3007
-2921
-2718
-2427
-2313
-2215
-2179
-1934
-1676
-1600
-1506
-1258
-920
-533
-257
96
364
573
733
791
891
996
981
875
783
763
789
613
515
142
-58
-404
-726
-1194
-1619
-2209
-2662
-3028
-3131
-3182
-3431
-3385
-3503
-3321
-3236
-3243
-3005
-2781
-2408
-2089
-1965
-1375
-926
-394
24
418
974
1501
1928
2157
2412
2924
3427
3635
3861
4084
4371
4528
4601
4726
4891
5100
5006
4703
4528
4241
4036
3554
3112
2666
2114
1617
1084
590
125
-394
-1134
-1660
-2121
-2551
-2961
-3382
-3497
-3695
-3570
-3368
-3252
-2923
-2625
-2346
-2241
-2040
-1801
-1569
-1586
-1520
-1265
-1045
-701
-477
-212
69
225
350
461
484
556
513
494
477
495
668
672
528
212
46
-211
-558
-1003
-1410
-1967
-2410
-2928
-3048
-3136
-3351
-3325
-3472
-3225
-3122
-3024
-2690
-2506
-2225
-2049
-1858
-1315
-907
-380
-35
356
854
1399
1805
2036
2283
2740
3146
3298
3543
3846
4240
4441
4464
4604
4804
5029
4935
4706
4586
4384
4208
3709
3325
2857
2336
1822
1296
821
305
-245
-733
-1304
-1676
-1988
-2259
-2535
-2746
-2809
-2773
-2699
-2621
-2456
-2401
-2252
-2183
-2063
-2045
-1977
-1934
-1973
-1838
-1628
-1289
-997
-827
-537
-356
-143
35
29
67
36
22
62
67
151
202
73
-83
-297
-542
-746
-1136
-1474
-1855
-2267
-2345
-2622
-2533
-2736
-2663
-2552
-2520
-2276
-2296
-2087
-1866
-1675
-1449
-1384
-1069
-682
-294
87
354
850
1391
1740
1960
2142
2418
2872
3020
3227
3453
3800
4059
4101
4144
4290
4440
4529
4318
4091
3995
3837
3579
3173
2817
2411
1998
1564
1079
614
150
-383
-868
-1362
-1676
-2008
-2247
-2488
-2575
-2541
-2504
-2289
-2155
-1925
-1873
-1876
-1838
-1726
-1699
-1759
-1763
-1787
-1630
-1507
-1388
-1180
-1091
-918
-871
-722
-600
-492
-482
-429
-312
-237
-63
-8
50
-97
-105
-215
-433
-657
-1039
-1321
-1844
-1957
-2190
-2196
-2359
-2534
-2427
-2408
-2245
-2305
-2147
-1950
-1830
-1554
-1401
-1089
-694
-311
8
236
651
1063
1438
1591
1827
2116
2479
2636
2784
3006
3311
3658
3861
4057
4310
4534
4621
4504
4355
4252
4062
3892
3552
3313
2955
2625
2178
1682
1158
560
3
-556
-989
-1330
-1644
-1885
-2005
-2102
-2168
-2165
-2145
-2145
-2049
-2108
-2071
-2115
-2068
-2104
-2146
-2171
-2185
-2077
-1887
-1757
-1663
-1534
-1400
-1164
-1026
-836
-642
-458
-332
-200
-85
5
28
1
-152
-170
-357
-495
-713
-962
-1345
-1783
-1934
-2209
-2305
-2675
-2654
-2683
-2634
-2483
-2560
-2377
-2242
-2030
-1834
-1755
-1323
-939
-569
-332
-60
393
920
1222
1434
1764
2128
2550
2667
2914
3186
3509
3796
4027
4279
4583
4937
5095
4952
4890
4833
4770
4511
4147
3807
3380
3005
2491
1989
1538
1024
518
-21
-473
-800
-1118
-1250
-1560
-1654
-1756
-1866
-1885
-2055
-2084
-2282
-2394
-2498
-2641
-2738
-2823
-2792
-2782
-2734
-2636
-2431
-2283
-2110
-1958
-1802
-1529
-1403
-1138
-1121
-1050
-984
-934
-869
-907
-839
-895
-932
-981
-1018
-1037
-1176
-1323
-1669
-1731
-1984
-1980
-2272
-2365
-2281
-2377
-2166
-2291
-2087
-1963
-1836
-1618
-1597
-1262
-790
-376
-57
346
838
1434
1808
1992
2366
2645
3055
3206
3446
3741
4005
4311
4414
4652
4867
5136
5303
5214
5142
5064
5004
4853
4513
4197
3766
3381
2860
2324
1814
1194
613
-117
-699
-1254
-1772
-2086
-2445
-2662
-2780
-2802
-2795
-2896
-2884
-3006
-3024
-3111
-3171
-3202
-3240
-3276
-3332
-3263
-3215
-3081
-2944
-2742
-2550
-2287
-2018
-1756
-1477
-1248
-1039
-769
-664
-450
-316
-214
-211
-176
-199
-323
-382
-654
-904
-1376
-1359
-1601
-1656
-1828
-1952
-1818
-1841
-1675
-1728
-1585
-1287
-1172
-940
-959
-713
-288
23
263
482
932
1394
1710
1907
2210
2507
2936
3167
3386
3684
3911
4232
4341
4456
4706
4839
5017
4884
4796
4735
4585
4483
4187
3895
3476
3040
2504
2005
1520
932
381
-244
-724
-1236
-1731
-2052
-2415
-2626
-2836
-2964
-3000
-3041
-3005
-3127
-3178
-3254
-3279
-3360
-3379
-3347
-3377
-3359
-3240
-3078
-2889
-2675
-2469
-2240
-1907
-1663
-1436
-1217
-1039
-688
-564
-356
-179
-48
14
-3
-34
-97
-104
-315
-502
-803
-862
-910
-1041
-1029
-1306
-1221
-1294
-1366
-1339
-1382
-1118
-1040
-1020
-961
-887
-577
-350
-152
69
412
877
1243
1504
1768
2142
2592
2927
3114
3433
3651
3963
4084
4064
4251
4371
4519
4469
4268
4299
4190
4049
3812
3569
3253
2931
2651
2214
1920
1359
894
408
-123
-525
-1028
-1437
-1700
-2078
-2282
-2545
-2675
-2729
-2885
-3007
-3071
-3147
-3169
-3193
-3276
-3238
-3266
-3130
-3047
-2861
-2675
-2526
-2302
-2139
-1928
-1687
-1476
-1253
-1130
-809
-521
-321
-179
-81
-6
-9
-31
-72
6
-175
-348
-510
-852
-715
-1056
-1031
-1161
-1370
-1220
-1567
-1465
-1623
-1658
-1476
-1547
-1435
-1425
-1149
-864
-699
-492
-224
263
591
983
1219
1563
1923
2309
2538
2818
3163
3439
3829
4009
4269
4486
4702
4928
4856
4898
4921
4845
4746
4461
4173
3817
3495
3137
2668
2121
1531
1072
585
64
-381
-867
-1185
-1546
-1851
-2048
-2240
-2364
-2502
-2770
-3008
-3105
-3337
-3445
-3593
-3714
-3746
-3790
-3764
-3674
-3604
-3449
-3320
-3150
-2862
-2546
-2246
-1991
-1792
-1533
-1224
-1029
-842
-730
-614
-630
-648
-667
-539
-535
-506
-535
-560
-684
-651
-732
-801
-756
-995
-872
-1019
-1050
-1064
-1213
-1139
-1088
-1045
-889
-833
-595
-380
-169
133
420
806
1271
1568
1962
2343
2800
3342
3624
3970
4240
4638
4942
5024
5209
5294
5416
5440
5271
5242
5147
5042
4750
4360
3924
3564
3084
2542
1806
1180
699
99
-434
-1001
-1422
-1856
-2257
-2671
-3043
-3291
-3452
-3784
-4073
-4277
-4364
-4471
-4614
-4710
-4711
-4619
-4570
-4447
-4250
-4033
-3744
-3467
-3174
-2758
-2398
-2045
-1769
-1492
-1218
-911
-674
-473
-339
-197
-103
-106
-100
-91
-6
72
64
123
181
86
219
7
62
-155
-401
-373
-554
-564
-738
-774
-698
-706
-585
-590
-434
-108
142
384
600
952
1365
1762
2069
2449
2851
3404
3675
3811
4025
4332
4657
4782
4852
4974
5139
5220
5068
4953
4915
4744
4506
4054
3636
3177
2600
2056
1382
827
269
-201
-741
-1357
-1770
-2234
-2525
-2981
-3261
-3512
-3769
-3890
-4229
-4322
-4517
-4570
-4582
-4665
-4615
-4572
-4332
-4165
-3961
-3697
-3339
-2911
-2526
-2113
-1844
-1437
-1124
-789
-557
-334
-20
70
158
199
303
376
398
348
323
380
385
395
308
379
202
241
32
-30
-80
-307
-313
-690
-752
-896
-1043
-1027
-1157
-1136
-1100
-1030
-724
-496
-129
132
506
936
1410
1813
2242
2655
3076
3481
3741
4094
4361
4635
4745
4824
4966
5012
5114
5039
4841
4691
4465
4207
3761
3309
2766
2287
1703
1042
381
-208
-786
-1309
-1864
-2295
-2639
-2936
-3246
-3603
-3795
-4011
-4110
-4337
-4507
-4580
-4555
-4480
-4509
-4401
-4204
-3953
-3656
-3420
-3026
-2549
-2087
-1782
-1427
-1080
-694
-402
-164
62
242
452
536
596
602
619
566
481
391
333
294
325
282
262
288
231
20
89
-63
-27
-343
-600
-700
-995
-1080
-1387
-1489
-1515
-1403
-1251
-1118
-919
-541
-181
124
397
743
1300
1770
2063
2464
2897
3445
3750
4017
4293
4579
4853
4928
5066
5163
5204
5217
5076
4799
4560
4207
3873
3410
2824
2327
1760
1090
530
-164
-579
-1051
-1578
-1908
-2344
-2620
-2989
-3362
-3686
-4008
-4192
-4341
-4605
-4691
-4746
-4807
-4738
-4712
-4551
-4320
-4014
-3608
-3328
-2833
-2435
-2005
-1580
-1341
-955
-625
-380
-176
-24
166
346
378
408
391
390
296
210
216
246
317
405
402
437
491
561
391
347
83
-27
-233
-559
-646
-901
-950
-1178
-1294
-1196
-1070
-869
-708
-469
-119
211
556
886
1267
1764
2254
2587
3059
3431
3968
4273
4533
4874
5118
5423
5495
5458
5450
5380
5229
4931
4503
4073
3593
3159
2574
1943
1292
625
10
-580
-1163
-1606
-2068
-2388
-2843
-3239
-3567
-3946
-4238
-4518
-4750
-4925
-5058
-5184
-5225
-5244
-5127
-4944
-4720
-4390
-4137
-3727
-3285
-2836
-2218
-1745
-1222
-814
-419
-116
87
317
480
658
685
676
712
677
683
743
806
819
838
861
949
1065
1164
1234
1132
1153
1047
815
716
340
232
-177
-388
-502
-778
-720
-934
-974
-901
-750
-555
-405
-204
89
405
711
1101
1416
1970
2374
2623
3014
3334
3859
4148
4408
4649
4762
4936
4857
4789
4596
4400
4145
3694
3142
2600
2036
1472
877
244
-164
-614
-998
-1432
-1884
-2173
-2494
-2810
-3119
-3369
-3644
-3921
-4153
-4456
-4663
-4884
-4980
-5054
-5091
-4979
-4772
-4399
-4008
-3523
-2938
-2404
-1814
-1228
-723
-248
89
405
624
785
911
1021
1090
1068
1089
1113
1029
1074
1074
1043
1078
1077
1116
1183
1324
1322
1355
1347
1333
1258
1170
831
652
397
217
-42
-438
-564
-825
-903
-1099
-1247
-1125
-1089
-966
-883
-785
-455
-137
222
505
967
1467
2004
2374
2766
3135
3492
3824
3895
4048
4063
4078
3975
3736
3537
3224
2941
2545
2038
1573
1190
855
489
76
-320
-565
-936
-1214
-1620
-1956
-2211
-2593
-2888
-3195
-3436
-3632
-3876
-4019
-4152
-4221
-4186
-4208
-4128
-3960
-3654
-3276
-2879
-2443
-1926
-1408
-947
-468
-65
304
578
790
954
1068
1180
1242
1197
1218
1137
1140
1117
1064
1072
1030
1010
915
849
811
842
794
719
659
625
526
443
344
99
20
-308
-427
-697
-985
-1071
-1338
-1342
-1509
-1560
-1371
-1280
-1006
-846
-529
-106
306
701
1090
1486
1934
2395
2646
3023
3217
3561
3714
3725
3772
3668
3634
3389
3111
2876
2638
2459
2067
1715
1397
1089
815
408
-20
-382
-745
-1022
-1350
-1796
-2108
-2410
-2675
-2930
-3223
-3436
-3552
-3751
-3859
-3999
-3924
-3806
-3685
-3426
-3257
-2909
-2551
-2184
-1753
-1358
-826
-407
-101
199
447
727
944
1078
1146
1257
1330
1373
1322
1283
1200
1036
927
778
812
845
763
758
748
796
865
875
883
850
748
648
486
143
21
-279
-377
-628
-933
-968
-1135
-1191
-1338
-1353
-1151
-985
-694
-458
-218
222
569
853
1153
1401
1668
1927
2097
2275
2336
2491
2548
2476
2477
2409
2433
2404
2197
2036
1810
1665
1476
1112
807
495
134
-106
-492
-857
-1155
-1512
-1701
-2031
-2275
-2430
-2547
-2709
-2870
-3007
-3013
-3056
-3068
-3048
-3067
-2940
-2830
-2572
-2358
-2087
-1698
-1354
-955
-557
-178
289
639
919
1237
1530
1749
1940
1977
2004
1955
1817
1691
1521
1404
1242
1115
1000
977
948
936
886
849
837
873
779
637
577
434
329
151
-115
-391
-566
-833
-938
-1232
-1337
-1383
-1474
-1459
-1558
-1462
-1240
-1123
-955
-874
-662
-297
-59
163
337
579
872
1050
1173
1310
1426
1638
1681
1654
1650
1692
1751
1663
1502
1403
1337
1305
1080
878
641
368
197
-74
-409
-663
-888
-1025
-1193
-1405
-1508
-1622
-1658
-1769
-1873
-1918
-1868
-1958
-2037
-2099
-2038
-1919
-1789
-1629
-1439
-1121
-795
-476
-161
163
507
767
1026
1308
1533
1778
1814
1828
1760
1671
1621
1517
1368
1273
1215
1070
979
850
765
685
540
447
387
427
416
356
265
170
146
-2
-158
-312
-621
-714
-902
-963
-1118
-1300
-1306
-1456
-1478
-1545
-1625
-1549
-1535
-1408
-1379
-1310
-1014
-810
-635
-486
-315
-26
328
444
604
780
1085
1332
1374
1450
1531
1663
1669
1506
1404
1309
1285
1104
847
670
574
569
431
301
124
65
20
-71
-261
-409
-483
-522
-611
-750
-851
-930
-1088
-1259
-1433
-1490
-1467
-1467
-1399
-1329
-1064
-783
-454
-181
100
419
706
974
1143
1368
1475
1546
1568
1452
1425
1301
1177
992
718
624
546
447
334
285
282
263
193
123
97
87
30
-91
-187
-236
-300
-350
-496
-548
-764
-821
-1028
-1145
-1209
-1482
-1477
-1689
-1677
-1781
-1897
-1773
-1704
-1581
-1509
-1467
-1287
-1061
-924
-822
-652
-403
-62
127
379
553
849
1141
1222
1323
1307
1453
1505
1536
1521
1495
1627
1636
1566
1464
1408
1394
1337
1156
1005
927
845
770
617
468
346
229
32
-202
-458
-575
-735
-933
-1039
-1097
-1111
-1016
-1002
-905
-739
-530
-291
-159
80
324
593
759
848
941
1023
1007
932
762
611
549
436
378
259
207
205
191
158
214
264
296
209
90
29
28
-13
-121
-209
-263
-324
-517
-690
-796
-898
-1146
-1246
-1447
-1469
-1537
-1726
-1700
-1822
-1781
-1893
-2075
-2093
-2110
-2058
-2041
-2084
-1942
-1783
-1637
-1497
-1332
-1039
-693
-422
-155
149
626
1043
1284
1534
1770
2036
2193
2203
2262
2357
2432
2432
2385
2292
2226
2231
2098
1895
1762
1600
1448
1279
1043
890
737
589
399
232
101
-73
-189
-339
-458
-502
-489
-522
-501
-496
-438
-414
-379
-307
-265
-163
-95
-68
-37
41
175
257
299
375
487
613
653
655
616
588
575
487
286
211
127
66
-26
-184
-285
-438
-558
-790
-939
-1108
-1215
-1386
-1480
-1517
-1452
-1429
-1500
-1502
-1659
-1620
-1847
-1946
-2083
-2227
-2296
-2592
-2765
-2797
-2836
-2804
-2885
-2792
-2570
-2262
-1962
-1665
-1201
-652
-86
321
856
1339
1822
2164
2437
2629
2861
3185
3268
3373
3439
3487
3519
3345
3199
3048
2910
2814
2585
2439
2296
2112
2050
1851
1702
1552
1319
1175
957
717
511
369
218
57
-128
-263
-394
-548
-673
-745
-783
-840
-796
-772
-686
-549
-459
-322
-271
-177
-59
-37
20
-20
-17
-26
-69
-120
-217
-300
-458
-655
-854
-993
-1144
-1278
-1388
-1490
-1578
-1699
-1789
-1858
-1875
-1891
-1836
-1786
-1772
-1710
-1698
-1652
-1839
-1838
-2004
-2011
-2151
-2442
-2461
-2650
-2630
-2737
-2819
-2717
-2608
-2405
-2257
-2027
-1655
-1207
-766
-303
172
722
1342
1740
2273
2657
3113
3474
3680
3902
4032
4184
4155
4038
3942
3878
3824
3649
3399
3258
3156
3065
2940
2770
2637
2510
2329
2206
2015
1847
1653
1389
1138
903
619
379
66
-259
-574
-838
-1067
-1264
-1361
-1486
-1578
-1602
-1618
-1596
-1572
-1492
-1434
-1384
-1262
-1226
-1109
-1111
-1112
-1138
-1200
-1259
-1306
-1398
-1524
-1609
-1707
-1752
-1780
-1750
-1688
-1619
-1533
-1490
-1445
-1404
-1349
-1376
-1351
-1349
-1388
-1331
-1456
-1440
-1530
-1507
-1560
-1680
-1623
-1764
-1660
-1799
-1759
-1663
-1665
-1499
-1469
-1327
-1067
-830
-580
-336
-26
340
685
1009
1311
1635
2044
2351
2617
2954
3154
3471
3569
3681
3762
3775
3858
3847
3821
3770
3729
3656
3488
3331
3175
3004
2868
2708
2457
2282
2051
1824
1566
1227
1002
677
435
121
-232
-547
-838
-1087
-1321
-1602
-1769
-1945
-2117
-2191
-2318
-2347
-2326
-2356
-2330
-2263
-2245
-2213
-2233
-2253
-2197
-2130
-2086
-2014
-1963
-1810
-1650
-1544
-1470
-1318
-1178
-1094
-1036
-1011
-852
-791
-766
-819
-848
-834
-881
-946
-1031
-1131
-1222
-1291
-1322
-1297
-1245
-1167
-1038
-932
-901
-705
-623
-414
-400
-314
-191
-139
28
58
122
244
388
530
679
761
950
1159
1397
1636
1882
2212
2525
2798
3084
3284
3486
3572
3602
3590
3542
3539
3417
3341
3210
3097
2990
2811
2639
2483
2307
2169
2019
1790
1539
1243
999
787
448
167
-116
-342
-566
-811
-1054
-1292
-1553
-1749
-2018
-2273
-2444
-2714
-2920
-3187
-3348
-3416
-3471
-3500
-3482
-3381
-3286
-3173
-2930
-2709
-2460
-2232
-1961
-1718
-1448
-1170
-995
-856
-740
-614
-596
-543
-596
-631
-656
-725
-724
-744
-658
-602
-536
-441
-344
-189
-72
110
222
324
438
562
716
760
888
916
920
981
871
879
847
830
774
696
692
759
878
926
939
1070
1285
1425
1535
1619
1798
2015
2144
2266
2329
2500
2689
2767
2754
2677
2684
2624
2483
2290
2092
1983
1893
1676
1473
1333
1163
1059
853
622
467
301
219
24
-235
-487
-722
-970
-1273
-1599
-1896
-2110
-2400
-2672
-3013
-3296
-3525
-3711
-3875
-4024
-4042
-4031
-3902
-3761
-3570
-3286
-2969
-2653
-2370
-2047
-1669
-1344
-1058
-854
-659
-482
-303
-187
-92
13
87
177
224
321
386
548
707
865
1116
1272
1457
1610
1699
1831
1852
1845
1836
1795
1726
1643
1536
1450
1324
1248
1080
1057
950
901
896
796
828
647
524
506
477
501
366
386
513
565
663
686
741
857
977
975
1059
1137
1306
1373
1344
1384
1427
1517
1500
1372
1230
1085
1025
839
672
496
301
244
88
8
-114
-226
-313
-455
-620
-822
-1010
-1201
-1485
-1820
-2140
-2388
-2684
-2958
-3272
-3524
-3708
-3828
-3861
-3898
-3774
-3569
-3352
-3054
-2638
-2224
-1781
-1393
-1061
-753
-457
-191
-9
72
195
342
516
661
822
1047
1204
1377
1575
1788
1990
2179
2304
2415
2481
2508
2544
2489
2406
2238
2096
1930
1713
1506
1267
1052
887
773
751
631
579
487
439
425
285
204
25
-56
-244
-477
-628
-751
-790
-891
-989
-1007
-939
-792
-711
-585
-406
-126
60
242
389
594
778
831
901
898
977
966
910
823
771
808
701
560
483
404
366
322
251
143
27
-196
-346
-580
-803
-1053
-1336
-1576
-1869
-2166
-2368
-2541
-2710
-2908
-3031
-3017
-2932
-2820
-2674
-2527
-2366
-2067
-1776
-1417
-1081
-727
-345
-58
237
554
821
1104
1320
1492
1694
1879
1977
2081
2134
2176
2250
2299
2347
2382
2372
2339
2285
2167
2100
1958
1770
1536
1286
1104
896
630
429
274
26
-154
-356
-423
-591
-694
-817
-935
-947
-1094
-1103
-1205
-1241
-1300
-1418
-1460
-1490
-1436
-1458
-1515
-1448
-1330
-1201
-1101
-954
-776
-435
-160
117
330
594
894
1095
1290
1411
1605
1662
1658
1554
1451
1432
1267
1106
895
681
569
445
374
270
128
-24
-210
-364
-548
-735
-950
-1165
-1385
-1616
-1855
-1964
-2138
-2267
-2364
-2385
-2297
-2244
-2068
-1884
-1582
-1226
-867
-499
-196
94
396
594
820
1038
1208
1339
1448
1516
1660
1825
1919
1964
1973
2083
2112
2151
2108
2082
2084
2052
1978
1805
1614
1426
1125
809
479
157
-145
-445
-722
-973
-1175
-1270
-1341
-1430
-1420
-1429
-1371
-1399
-1377
-1358
-1344
-1349
-1423
-1391
-1417
-1432
-1497
-1571
-1581
-1552
-1440
-1364
-1254
-1080
-871
-612
-375
-89
221
548
867
1103
1350
1583
1753
1808
1822
1847
1806
1763
1626
1425
1280
1092
941
811
676
545
445
385
343
253
131
34
-106
-263
-442
-669
-855
-1062
-1238
-1443
-1644
-1738
-1815
-1883
-1908
-1828
-1652
-1413
-1160
-879
-533
-199
125
420
691
976
1178
1345
1449
1580
1682
1753
1767
1722
1726
1712
1688
1619
1525
1448
1352
1248
1167
1051
954
761
539
305
37
-217
-497
-799
-1040
-1302
-1471
-1660
-1801
-1867
-1928
-2010
-2082
-2092
-2077
-2075
-2100
-1988
-1900
-1762
-1656
-1592
-1513
-1456
-1377
-1323
-1266
-1088
-893
-620
-378
-59
287
644
953
1278
1633
1959
2257
2397
2562
2697
2784
2791
2749
2668
2555
2416
2218
1947
1749
1538
1335
1167
1008
825
622
437
264
45
-161
-405
-652
-848
-1071
-1305
-1533
-1750
-1927
-2093
-2270
-2358
-2342
-2260
-2212
-2094
-1886
-1631
-1337
-1030
-716
-307
40
354
580
823
1053
1219
1354
1438
1542
1630
1661
1633
1605
1556
1516
1370
1232
1112
1002
870
691
495
312
105
-143
-367
-579
-808
-1024
-1266
-1487
-1609
-1754
-1855
-1920
-1976
-1968
-1931
-1848
-1758
-1603
-1403
-1229
-1056
-875
-730
-551
-427
-347
-263
-221
-126
-35
48
171
304
488
703
901
1124
1297
1481
1593
1673
1757
1783
1820
1837
1793
1729
1639
1521
1361
1208
1053
915
789
686
646
593
532
462
392
293
181
-12
-201
-433
-678
-941
-1210
-1423
-1613
-1738
-1835
-1911
-1873
-1777
-1644
-1484
-1278
-1050
-808
-551
-330
-88
154
401
598
780
855
918
947
1007
1100
1126
1182
1187
1184
1190
1158
1111
1073
956
840
685
525
396
214
11
-181
-363
-554
-756
-1005
-1222
-1390
-1525
-1705
-1826
-1941
-2044
-2141
-2273
-2311
-2308
-2254
-2185
-2179
-2087
-1961
-1789
-1584
-1418
-1126
-759
-382
32
407
842
1313
1684
2040
2391
2714
3032
3254
3368
3469
3498
3478
3386
3235
3090
2908
2697
2463
2262
2076
1840
1613
1365
1096
819
513
206
-95
-395
-749
-1092
-1413
-1743
-2038
-2379
-2721
-2979
-3189
-3328
-3415
-3449
-3410
-3324
-3182
-2982
-2761
-2492
-2203
-1903
-1576
-1227
-858
-515
-145
247
542
805
1048
1244
1444
1568
1670
1756
1829
1880
1889
1886
1902
1891
1862
1773
1608
1463
1292
1129
919
685
468
287
62
-130
-278
-454
-621
-731
-838
-891
-888
-910
-901
-889
-837
-742
-642
-557
-489
-407
-309
-178
-83
-1
106
184
239
300
381
454
558
634
644
683
752
767
747
701
637
542
461
345
210
86
-44
-209
-351
-495
-640
-763
-893
-1025
-1141
-1218
-1245
-1254
-1265
-1255
-1243
-1187
-1112
-1027
-966
-893
-809
-705
-639
-552
-439
-327
-199
-51
118
294
503
709
865
1017
1196
1364
1527
1648
1748
1813
1870
1851
1854
1794
1701
1624
1512
1365
1220
1061
822
660
552
383
241
118
-12
-139
-263
-367
-460
-552
-653
-741
-834
-902
-991
-1064
-1139
-1214
-1237
-1283
-1281
-1259
-1248
-1191
-1125
-1041
-986
-869
-789
-708
-603
-530
-475
-385
-305
-241
-154
-91
28
157
242
326
353
431
513
598
689
775
875
955
1041
1058
1071
1062
1038
959
878
760
621
461
301
123
-71
-250
-411
-569
-713
-866
-1025
-1100
-1168
-1207
-1267
-1241
-1239
-1210
-1184
-1151
-1084
-1036
-942
-864
-760
-638
-481
-292
-87
127
368
625
868
1081
1255
1418
1587
1720
1835
1923
1958
1930
1883
1798
1697
1599
1469
1349
1185
1047
964
827
667
543
354
180
21
-179
-368
-589
-844
-1109
-1305
-1519
-1752
-1932
-2119
-2252
-2345
-2398
-2437
-2429
-2358
-2247
-2103
-1913
-1684
-1462
-1244
-1002
-733
-526
-265
-9
232
496
755
968
1198
1395
1595
1768
1886
2014
2101
2161
2182
2198
2135
2063
1962
1836
1699
1502
1316
1123
900
679
451
259
53
-166
-356
-540
-714
-893
-1024
-1162
-1306
-1409
-1503
-1573
-1657
-1736
-1764
-1781
-1764
-1720
-1650
-1512
-1337
-1156
-931
-733
-477
-249
-37
226
427
645
839
1048
1259
1429
1565
1672
1758
1795
1815
1780
1722
1650
1530
1376
1236
1088
934
783
615
433
298
167
51
-51
-177
-309
-429
-577
-694
-780
-915
-1026
-1158
-1262
-1394
-1523
-1616
-1694
-1737
-1778
-1779
-1794
-1789
-1746
-1698
-1575
-1470
-1342
-1176
-1014
-856
-712
-501
-290
-55
145
325
495
684
858
1021
1176
1300
1444
1540
1637
1724
1746
1728
1683
1641
1583
1519
1465
1367
1293
1224
1082
932
766
598
424
218
46
-131
-298
-440
-558
-637
-658
-666
-646
-618
-591
-530
-480
-398
-298
-165
-54
51
141
253
308
359
424
463
531
532
510
485
462
427
386
316
236
145
43
-95
-222
-282
-363
-448
-564
-681
-797
-926
-1060
-1220
-1354
-1519
-1706
-1861
-2005
-2117
-2213
-2262
-2259
-2218
-2190
-2108
-2023
-1920
-1750
-1534
-1264
-992
-722
-417
-124
192
531
846
1172
1489
1795
2075
2346
2571
2785
2969
3088
3206
3283
3343
3341
3293
3222
3110
3000
2831
2626
2373
2122
1835
1539
1213
884
558
206
-151
-531
-852
-1138
-1417
-1661
-1876
-2063
-2241
-2373
-2429
-2473
-2467
-2432
-2343
-2248
-2132
-1988
-1844
-1675
-1562
-1401
-1274
-1150
-997
-846
-700
-564
-409
-310
-185
-49
59
165
282
408
516
633
711
726
735
734
689
606
535
449
310
184
52
-99
-234
-342
-446
-552
-650
-748
-824
-878
-917
-894
-825
-767
-680
-586
-478
-379
-308
-213
-99
2
111
278
438
579
739
885
1027
1152
1293
1381
1476
1553
1637
1707
1796
1862
1906
1944
1922
1864
1776
1660
1526
1383
1259
1144
1055
963
853
750
618
508
375
224
101
-29
-197
-384
-529
-696
-878
-1062
-1227
-1345
-1459
-1532
-1592
-1627
-1616
-1605
-1584
-1513
-1418
-1355
-1292
-1224
-1172
-1151
-1110
-1067
-1045
-1003
-1003
-999
-986
-1002
-988
-988
-996
-938
-881
-811
-703
-570
-426
-284
-132
6
138
253
323
381
410
425
432
449
459
480
489
482
514
545
585
615
653
726
810
895
969
1027
1065
1117
1152
1146
1110
1034
990
967
950
954
950
952
929
899
908
943
982
1001
1007
970
923
845
760
675
547
422
297
192
95
15
-54
-134
-231
-325
-428
-540
-614
-708
-814
-897
-956
-1013
-1080
-1141
-1221
-1318
-1391
-1456
-1504
-1496
-1487
-1474
-1449
-1420
-1364
-1298
-1201
-1090
-978
-853
-723
-597
-506
-423
-341
-253
-206
-150
-110
-93
-9
61
124
205
256
303
331
379
444
507
583
677
747
799
844
845
825
777
715
598
476
349
226
139
45
-51
-101
-120
-111
-74
-50
-39
17
77
163
263
376
505
594
700
792
873
939
948
962
1002
1024
1037
1078
1074
1054
1065
1076
1080
1089
1100
1082
1037
979
876
767
667
513
352
175
6
-159
-322
-456
-576
-675
-728
-755
-803
-864
-934
-1015
-1085
-1180
-1240
-1289
-1346
-1380
-1408
-1461
-1504
-1557
-1635
-1682
-1703
-1713
-1682
-1610
-1513
-1390
-1249
-1126
-992
-838
-693
-586
-488
-389
-298
-270
-222
-197
-141
-73
-27
41
119
210
303
424
535
635
711
779
839
872
935
992
1022
1022
996
973
940
874
805
758
753
746
762
753
769
796
790
812
809
821
776
709
636
552
482
470
452
422
441
452
463
439
440
426
406
404
392
373
367
339
327
317
290
244
192
157
74
15
-38
-47
-58
-63
-81
-102
-92
-106
-100
-78
-103
-145
-181
-219
-265
-350
-462
-622
-796
-982
-1147
-1348
-1496
-1644
-1761
-1833
-1892
-1907
-1882
-1822
-1741
-1630
-1521
-1398
-1251
-1044
-894
-711
-552
-421
-295
-190
-102
-4
89
200
284
371
463
564
725
903
1093
1250
1376
1501
1574
1609
1610
1585
1583
1539
1454
1318
1180
1014
830
645
485
350
216
135
79
14
-22
-28
-10
2
5
17
23
11
26
48
71
81
87
45
-2
-49
-93
-125
-144
-162
-168
-162
-125
-24
58
145
228
313
349
421
448
408
360
332
275
200
151
54
-39
-157
-261
-375
-446
-499
-556
-604
-649
-700
-756
-828
-869
-888
-956
-1000
-1086
-1163
-1194
-1222
-1237
-1228
-1216
-1190
-1172
-1082
-1024
-923
-755
-635
-472
-338
-228
-97
19
130
214
257
339
391
426
472
506
545
591
629
712
776
856
916
969
1034
1064
1107
1151
1181
1173
1155
1111
1079
1073
1030
984
933
866
810
735
672
656
664
650
646
577
530
447
353
292
192
68
-18
-118
-251
-353
-421
-486
-558
-618
-677
-738
-771
-742
-691
-604
-532
-463
-359
-290
-254
-223
-225
-273
-306
-349
-391
-435
-520
-580
-616
-655
-642
-597
-554
-593
-601
-603
-597
-543
-537
-533
-552
-603
-648
-723
-810
-883
-918
-948
-950
-911
-849
-741
-620
-492
-341
-177
-35
123
280
411
534
643
747
823
905
948
980
1036
1046
1079
1081
1100
1136
1141
1154
1154
1188
1204
1170
1129
1103
1011
898
764
638
516
359
181
12
-163
-333
-506
-634
-745
-836
-863
-937
-932
-910
-880
-820
-762
-681
-573
-484
-398
-287
-199
-116
-32
56
138
186
263
342
419
490
548
604
651
703
727
755
762
744
745
690
587
468
375
223
57
-106
-282
-456
-655
-814
-938
-1066
-1175
-1273
-1345
-1386
-1441
-1451
-1424
-1418
-1386
-1354
-1322
-1239
-1164
-1066
-961
-866
-707
-541
-377
-192
-7
182
359
542
727
913
1077
1215
1363
1465
1562
1629
1666
1677
1671
1644
1604
1572
1533
1484
1447
1414
1339
1314
1287
1251
1224
1128
1032
901
740
557
380
232
52
-138
-311
-507
-693
-877
-1022
-1136
-1238
-1317
-1403
-1450
-1465
-1460
-1480
-1468
-1466
-1438
-1429
-1379
-1341
-1312
-1258
-1216
-1117
-1042
-946
-867
-778
-694
-630
-516
-395
-293
-201
-122
-31
42
123
216
282
306
322
303
280
276
256
262
281
288
303
341
378
385
441
515
574
613
660
679
679
715
728
740
769
749
717
711
693
679
639
609
592
537
509
493
485
443
418
396
399
403
414
418
378
339
260
226
193
131
56
5
-59
-122
-140
-150
-136
-153
-165
-144
-144
-133
-128
-135
-171
-208
-240
-335
-406
-467
-503
-586
-661
-707
-776
-800
-814
-837
-812
-772
-746
-694
-654
-621
-572
-535
-500
-464
-448
-434
-427
-387
-360
-346
-327
-272
-244
-196
-140
-128
-94
-35
18
76
65
67
77
68
50
41
58
50
49
50
47
54
83
102
177
235
315
387
410
457
509
575
619
669
709
743
741
720
723
716
708
714
711
706
708
699
694
676
663
655
669
644
615
602
560
514
468
406
366
322
267
223
146
88
0
-49
-96
-149
-214
-274
-318
-381
-432
-491
-547
-578
-656
-710
-764
-828
-862
-920
-970
-1028
-1070
-1118
-1157
-1175
-1140
-1110
-1071
-1020
-956
-885
-799
-696
-610
-518
-424
-359
-279
-219
-172
-110
-70
-15
39
118
167
210
265
292
326
389
451
511
547
585
656
713
735
747
760
736
675
616
590
570
542
499
448
403
329
284
278
281
261
206
181
154
137
173
180
153
101
46
-11
6
40
50
59
33
9
-3
26
68
105
133
184
267
314
380
421
469
493
448
424
387
354
324
303
243
170
106
28
-31
-97
-133
-182
-229
-311
-375
-458
-574
-679
-776
-842
-861
-827
-822
-845
-878
-910
-930
-903
-844
-806
-791
-762
-716
-670
-616
-562
-460
-397
-303
-259
-224
-162
-128
-98
-47
11
53
128
193
249
294
342
355
404
478
542
595
642
658
653
677
677
679
706
693
693
715
697
692
642
589
529
491
475
459
441
390
349
310
278
251
246
219
196
161
100
61
23
-25
-62
-109
-134
-105
-62
-63
-50
-92
-145
-187
-231
-265
-308
-364
-390
-434
-520
-568
-656
-685
-723
-754
-718
-688
-654
-669
-684
-686
-666
-642
-571
-505
-459
-435
-389
-356
-306
-228
-118
-53
-37
34
103
180
237
312
338
362
364
376
440
478
538
580
610
617
614
589
585
563
529
505
421
338
257
240
247
276
282
245
198
127
19
-36
-98
-146
-145
-142
-138
-179
-172
-217
-276
-307
-334
-336
-319
-288
-270
-240
-234
-151
-88
-41
2
58
117
99
81
93
122
106
90
118
109
125
177
248
306
366
409
373
342
254
228
254
234
206
160
139
98
-5
-44
-46
-158
-253
-349
-347
-349
-382
-418
-467
-461
-449
-439
-422
-369
-336
-364
-353
-389
-406
-375
-398
-383
-413
-402
-374
-290
-180
-58
52
103
160
245
313
326
329
383
449
534
618
636
620
569
555
516
493
476
420
368
277
249
231
240
282
257
217
200
132
47
1
-17
-68
-114
-172
-249
-301
-356
-450
-528
-557
-619
-661
-681
-675
-675
-693
-738
-723
-744
-686
-577
-451
-327
-216
-126
-101
-69
-80
-65
31
108
223
339
360
479
540
585
631
647
671
643
627
569
603
652
662
697
652
595
528
446
379
307
238
166
69
-17
-43
-32
3
45
62
24
-30
-90
-125
-168
-253
-298
-343
-327
-309
-263
-216
-223
-215
-234
-230
-260
-297
-363
-388
-396
-402
-398
-444
-476
-458
-402
-375
-363
-375
-401
-362
-245
-133
-40
13
56
62
50
63
135
200
221
211
193
170
151
164
176
208
208
190
161
158
149
135
153
169
205
223
219
225
237
172
131
81
34
16
2
-53
-44
0
-5
-34
-97
-145
-140
-126
-63
8
42
93
118
135
137
113
61
19
-24
-52
-30
17
28
48
69
62
51
63
65
64
111
177
230
193
199
176
177
223
222
165
98
-31
-156
-195
-184
-154
-159
-173
-202
-204
-181
-127
-116
-146
-189
-250
-297
-310
-337
-293
-257
-238
-212
-277
-304
-283
-279
-230
-185
-138
-128
-108
-47
18
66
72
9
-6
-51
-96
-69
-77
-89
-100
-72
-5
52
136
170
189
185
161
175
213
281
254
299
319
339
392
390
352
311
300
314
330
389
421
382
385
347
389
426
480
506
533
565
562
581
546
496
451
410
350
255
122
5
-90
-180
-257
-338
-432
-543
-635
-724
-790
-854
-878
-906
-986
-1036
-1132
-1144
-1160
-1082
-1014
-994
-995
-1037
-1003
-945
-869
-795
-714
-643
-553
-455
-304
-155
-57
61
135
181
237
299
355
416
554
691
820
906
919
926
925
918
910
979
1025
1069
1108
1138
1150
1136
1058
924
812
721
701
699
650
588
479
344
223
131
70
-21
-69
-157
-227
-266
-319
-317
-345
-363
-407
-410
-473
-525
-517
-537
-540
-504
-500
-475
-443
-408
-365
-338
-325
-306
-302
-276
-260
-275
-247
-224
-169
-130
-120
-106
-107
-95
-57
-43
-96
-51
-85
-145
-174
-202
-228
-266
-264
-288
-308
-324
-324
-314
-329
-323
-274
-248
-186
-96
-41
-22
-15
11
35
58
55
39
25
40
59
88
127
121
75
63
85
106
163
169
198
206
262
303
378
444
420
408
372
364
375
449
513
525
533
548
521
521
533
534
517
493
420
340
291
247
239
166
122
100
3
-6
30
42
40
61
38
7
-16
-47
-51
-90
-131
-192
-226
-243
-211
-234
-292
-338
-427
-493
-466
-416
-370
-389
-413
-417
-503
-534
-523
-548
-511
-506
-537
-545
-546
-559
-609
-659
-635
-612
-571
-517
-490
-501
-535
-538
-566
-580
-569
-522
-460
-377
-275
-172
-75
3
97
183
267
340
426
483
554
630
740
883
971
1044
1054
1042
1000
991
1027
1096
1112
1103
1098
1086
1082
1063
1043
1023
975
875
840
808
752
687
624
541
431
344
303
219
104
7
-84
-128
-200
-261
-355
-476
-573
-639
-701
-762
-787
-824
-928
-973
-1016
-1061
-1057
-1074
-1133
-1192
-1224
-1243
-1189
-1103
-1056
-1046
-1048
-1029
-980
-918
-799
-710
-671
-647
-564
-474
-435
-411
-399
-355
-307
-251
-171
-131
-106
-93
-55
30
127
267
402
457
530
553
623
705
733
788
836
879
871
915
962
1034
1043
1036
969
908
923
950
1013
1038
1032
995
963
921
915
874
809
790
724
669
584
473
373
272
207
156
115
69
8
-54
-143
-229
-266
-315
-365
-443
-564
-644
-704
-756
-756
-758
-810
-827
-848
-867
-862
-830
-805
-777
-761
-714
-711
-682
-617
-600
-544
-527
-480
-458
-472
-473
-413
-354
-277
-232
-210
-196
-199
-146
-85
-23
8
24
48
71
62
103
129
100
120
113
113
148
164
156
133
116
113
93
133
161
130
141
132
175
259
319
339
364
359
345
381
429
485
557
552
578
603
588
578
572
555
544
567
558
545
528
486
512
513
511
504
497
469
436
373
264
222
170
145
137
72
12
-17
-110
-160
-198
-258
-326
-407
-442
-482
-500
-594
-648
-632
-668
-722
-727
-750
-816
-865
-896
-873
-886
-858
-838
-770
-727
-687
-651
-623
-589
-592
-526
-450
-363
-301
-220
-177
-144
-116
-86
-16
15
38
66
59
116
170
226
286
331
395
414
436
454
423
403
395
406
432
421
364
334
323
329
322
368
422
440
442
441
442
438
434
427
429
415
420
424
408
374
371
363
389
367
325
304
254
229
229
221
179
185
184
126
126
84
30
7
-33
-69
-67
-120
-206
-251
-282
-281
-266
-246
-225
-185
-209
-233
-230
-193
-196
-232
-277
-340
-388
-399
-397
-408
-444
-487
-556
-634
-695
-720
-715
-718
-726
-719
-731
-725
-685
-631
-572
-527
-505
-472
-419
-387
-365
-381
-308
-220
-104
24
91
135
152
148
198
260
339
446
520
590
623
679
716
783
815
846
853
812
798
790
799
828
889
916
890
895
881
863
844
844
789
705
633
555
502
491
461
443
369
264
202
90
21
-56
-86
-169
-236
-271
-309
-343
-383
-434
-522
-615
-672
-711
-764
-752
-742
-735
-730
-747
-777
-801
-824
-857
-855
-851
-812
-728
-662
-641
-647
-679
-709
-686
-651
-573
-509
-466
-443
-420
-381
-330
-254
-186
-101
-100
-69
-21
11
51
100
204
253
269
303
384
402
427
465
527
547
584
625
677
728
730
772
749
695
623
589
566
570
576
593
583
564
566
507
514
476
448
370
346
316
266
258
206
140
66
17
27
-50
-100
-141
-211
-243
-271
-274
-300
-308
-363
-387
-407
-448
-409
-369
-359
-356
-387
-396
-373
-328
-283
-215
-164
-148
-124
-107
-110
-120
-87
-67
-51
-14
17
23
25
31
20
30
41
45
37
48
55
39
31
16
-8
-14
-40
-68
-74
-93
-117
-129
-176
-202
-195
-251
-301
-307
-317
-291
-268
-233
-218
-242
-235
-242
-211
-202
-193
-201
-181
-163
-158
-110
-135
-125
-113
-101
-74
-13
78
179
262
293
312
395
477
541
575
594
634
623
639
646
694
689
653
638
594
556
501
464
433
408
414
363
328
277
208
141
51
-41
-121
-171
-218
-265
-286
-292
-325
-347
-389
-402
-413
-406
-393
-346
-289
-274
-261
-236
-250
-267
-247
-263
-307
-324
-349
-333
-275
-320
-379
-430
-492
-478
-438
-390
-376
-379
-354
-324
-334
-319
-291
-259
-268
-247
-221
-213
-239
-238
-208
-194
-115
-74
-34
-13
-30
-29
12
81
161
230
285
323
354
395
459
521
568
594
610
630
640
647
671
704
743
787
808
792
761
709
681
710
705
674
652
562
504
477
452
444
383
328
260
149
62
31
-56
-151
-194
-275
-328
-407
-441
-513
-565
-664
-744
-775
-849
-858
-860
-879
-897
-881
-878
-848
-792
-719
-648
-612
-571
-537
-504
-469
-409
-341
-255
-195
-146
-133
-113
-95
-32
10
20
40
27
77
98
120
166
230
245
268
271
260
229
219
244
242
235
212
240
231
215
195
214
208
175
186
194
226
276
315
295
283
277
290
287
309
336
365
346
344
362
354
394
413
408
380
357
330
317
309
314
314
315
297
229
183
152
136
96
55
24
-43
-77
-102
-101
-139
-187
-233
-273
-316
-369
-417
-478
-520
-571
-570
-566
-552
-572
-616
-660
-692
-707
-704
-693
-665
-634
-600
-547
-515
-463
-431
-419
-367
-329
-277
-213
-180
-153
-109
-52
-10
65
134
155
200
214
259
307
343
402
410
436
409
385
396
419
453
455
452
405
376
341
347
336
299
258
198
185
180
187
182
174
186
170
180
190
204
232
280
320
324
376
400
414
365
328
287
227
197
178
158
152
142
97
60
27
26
33
29
-18
-67
-85
-119
-155
-163
-170
-220
-215
-265
-316
-343
-389
-369
-368
-364
-402
-433
-443
-456
-426
-446
-451
-475
-496
-508
-540
-546
-568
-543
-500
-432
-404
-375
-352
-342
-282
-270
-220
-156
-80
-34
16
34
49
58
80
125
99
123
194
235
286
346
398
418
429
480
482
531
589
638
649
671
683
633
585
548
525
532
509
464
451
377
316
262
227
197
154
148
96
42
53
33
8
-5
-25
-59
-98
-152
-203
-224
-283
-300
-307
-346
-373
-410
-419
-423
-449
-408
-400
-379
-383
-404
-427
-430
-404
-388
-358
-331
-343
-333
-314
-276
-200
-130
-81
-58
-36
9
35
42
32
-3
-24
-56
25
71
98
93
95
77
35
25
-17
-34
-6
25
44
110
163
176
229
256
231
224
208
204
198
174
188
209
217
262
309
325
282
266
217
215
248
236
245
234
206
166
158
134
136
160
147
116
26
-30
-65
-101
-132
-108
-89
-109
-110
-114
-104
-79
-100
-148
-155
-166
-148
-99
-55
-28
-14
-36
-76
-117
-134
-127
-116
-100
-114
-118
-153
-151
-150
-130
-108
-138
-162
-198
-235
-234
-224
-222
-236
-232
-202
-195
-196
-194
-192
-178
-141
-126
-108
-94
-101
-112
-102
-123
-118
-116
-125
-77
-52
-5
33
82
122
131
159
194
218
214
252
281
312
366
393
379
373
369
382
404
409
401
380
346
309
284
280
280
245
197
161
135
135
156
149
110
59
-1
-31
-29
-53
-46
-73
-111
-128
-168
-198
-211
-203
-209
-237
-226
-214
-217
-190
-212
-228
-253
-293
-333
-372
-386
-392
-386
-353
-348
-351
-375
-420
-418
-383
-341
-303
-297
-293
-257
-201
-153
-111
-38
27
55
102
158
242
327
361
404
466
509
534
554
564
537
497
444
424
404
382
353
307
304
264
259
254
226
222
184
173
132
54
18
6
-25
-50
-76
-87
-97
-146
-174
-189
-240
-236
-227
-213
-185
-167
-148
-157
-140
-125
-116
-112
-129
-114
-114
-108
-55
-34
-8
-24
-71
-132
-150
-135
-153
-120
-100
-87
-99
-104
-90
-74
-56
-26
-21
17
2
-32
7
13
17
12
10
-4
4
-49
-79
-76
-85
-68
-72
-96
-76
-58
-99
-89
-81
-90
-107
-80
-37
12
60
65
50
59
70
87
103
116
110
44
14
-3
6
51
88
136
161
172
192
182
166
123
116
114
101
106
80
97
94
89
82
75
61
55
43
11
-2
-32
-17
-5
-12
-28
-60
-58
-48
-32
6
-6
-11
-7
-32
-46
-75
-96
-92
-91
-71
-68
-84
-102
-98
-123
-119
-108
-123
-122
-124
-130
-105
-65
-34
-34
-27
-41
-52
-33
-7
56
93
81
66
54
55
40
23
46
86
99
96
89
71
121
163
199
214
202
198
197
208
221
203
185
185
131
115
105
88
50
50
50
40
17
11
14
-13
-32
-34
-39
-37
-44
-61
-84
-95
-93
-94
-77
-75
-77
-119
-145
-188
-206
-212
-228
-247
-254
-269
-264
-258
-240
-219
-228
-253
-289
-295
-310
-333
-324
-312
-302
-265
-242
-215
-192
-176
-177
-149
-119
-92
-48
-32
16
34
92
139
146
190
192
187
231
267
302
339
365
380
431
483
500
522
517
529
549
554
541
536
479
471
451
433
421
393
372
314
280
203
155
114
85
48
15
-1
-29
-72
-104
-156
-223
-259
-312
-342
-365
-389
-368
-367
-376
-389
-390
-407
-460
-492
-495
-441
-425
-417
-397
-435
-434
-413
-401
-380
-348
-334
-323
-312
-261
-246
-224
-219
-218
-169
-140
-126
-146
-159
-145
-146
-116
-56
-19
-7
27
66
83
112
142
165
215
275
348
406
439
477
485
493
499
502
486
462
424
423
415
386
362
339
314
288
288
287
292
286
283
230
183
192
165
159
149
125
100
53
53
48
-33
-92
-150
-200
-208
-231
-206
-219
-243
-252
-271
-251
-234
-238
-204
-143
-116
-95
-49
-10
31
54
47
69
70
76
52
51
28
21
46
15
12
-11
-35
-37
-67
-73
-71
-53
-43
-70
-101
-110
-142
-182
-203
-206
-228
-276
-270
-268
-263
-312
-326
-306
-322
-328
-346
-372
-387
-385
-357
-314
-281
-257
-232
-218
-215
-154
-121
-68
-13
13
47
94
121
155
188
210
257
293
326
346
380
399
426
443
457
457
448
467
458
484
509
517
500
464
409
383
352
304
259
247
242
187
140
91
38
-28
-43
-62
-59
-51
-82
-133
-174
-207
-238
-266
-268
-282
-305
-323
-340
-344
-341
-349
-374
-379
-374
-340
-311
-274
-252
-212
-200
-170
-143
-113
-106
-101
-97
-101
-89
-70
-34
-44
-70
-95
-95
-85
-83
-86
-89
-108
-120
-120
-125
-120
-116
-93
-61
-50
-19
25
51
69
94
94
150
197
222
246
251
263
288
307
329
354
378
409
406
409
430
441
436
459
467
451
421
417
377
348
331
317
290
242
206
193
166
105
78
6
-47
-96
-140
-176
-207
-195
-238
-265
-291
-348
-345
-365
-392
-437
-467
-466
-489
-480
-472
-499
-505
-512
-505
-468
-427
-377
-349
-384
-359
-345
-310
-284
-274
-248
-205
-170
-131
-97
-111
-104
-91
-67
-41
4
3
28
75
105
148
167
207
255
284
331
349
353
367
388
412
407
399
413
383
336
309
298
303
307
282
281
242
224
223
199
202
207
231
245
243
224
197
189
159
139
108
96
106
89
87
90
86
84
76
60
28
-8
-27
-35
-46
-73
-137
-185
-217
-265
-286
-298
-299
-272
-288
-327
-378
-393
-390
-385
-344
-341
-354
-403
-435
-431
-441
-429
-393
-388
-411
-378
-338
-299
-261
-218
-196
-159
-130
-82
-30
24
72
120
146
185
228
277
317
361
379
379
382
393
432
479
514
513
515
486
460
443
438
415
370
343
298
248
200
160
139
102
51
27
6
-22
-3
-7
0
7
-18
-29
-57
-89
-115
-115
-106
-116
-136
-151
-170
-185
-163
-181
-169
-160
-144
-121
-117
-124
-170
-167
-164
-161
-138
-142
-147
-176
-183
-190
-189
-197
-215
-214
-223
-210
-231
-216
-226
-226
-227
-217
-196
-204
-193
-190
-201
-205
-155
-150
-148
-153
-133
-120
-77
-20
21
49
52
57
82
115
130
154
192
237
241
239
235
266
280
286
316
328
349
334
311
310
303
329
