1
9
9
12
9
3
2
5
11
13
11
6
8
10
6
8
10
14
9
3
6
5
7
5
5
13
9
11
8
1
0
-1
0
-2
5
-2
-4
-3
-6
-9
-6
-7
-8
-2
-2
1
2
3
3
6
10
16
18
18
18
12
14
15
20
22
22
17
17
9
5
7
5
7
8
16
10
1
0
0
-4
-4
0
2
-4
-10
-12
-15
-14
-18
-19
-22
-17
-13
-16
-15
-15
-15
-23
-21
-20
-11
-8
-9
-9
-14
-8
-4
0
8
13
11
8
7
2
2
1
1
6
7
9
2
-4
-1
-7
-7
-1
-1
-6
-13
-19
-23
-22
-16
-17
-19
-22
-24
-29
-29
-22
-23
-16
-19
-20
-19
-17
-17
-14
-9
-2
4
4
9
9
7
3
2
4
10
14
15
21
21
14
17
22
18
15
14
9
9
9
12
17
20
27
20
18
19
18
18
19
20
24
20
15
15
18
9
3
2
4
6
9
2
-4
-5
-8
-2
0
2
3
-2
-2
-5
-13
-9
-9
-5
-3
-5
0
-4
-11
-7
-7
-5
-1
-4
-9
-10
-10
-9
-5
0
5
5
-2
5
-1
4
11
8
3
4
5
5
9
2
3
-5
-10
-9
-1
7
2
-4
-4
-10
-11
-11
-16
-7
1
-1
-7
-12
-9
-7
-4
-1
10
6
-5
-10
-10
-3
-3
-4
-4
-5
-2
-7
-6
-2
8
11
7
15
17
21
8
5
2
4
3
-5
-4
-13
-9
-11
-6
-5
-5
-5
-17
-16
-26
-25
-24
-31
-28
-30
-30
-28
-17
-10
-8
-11
-18
-16
-19
-18
-9
-5
1
4
3
1
0
4
13
15
20
20
18
19
22
33
40
37
34
32
27
33
40
44
46
36
35
28
32
34
32
35
33
31
24
21
17
15
16
17
1
-1
-10
-11
-11
-11
-15
-14
-20
-18
-12
-15
-4
-3
-9
-11
-22
-27
-26
-29
-21
-22
-22
-15
-14
-13
-10
-13
-19
-18
-19
-17
-15
-19
-16
-13
-10
-8
-10
-14
-11
-10
-9
-8
-7
-2
-6
-6
-3
-6
-1
3
2
1
0
4
0
5
9
10
7
6
-1
0
-2
-2
4
1
4
-4
-7
-9
-2
7
12
11
2
-5
-12
-15
-4
1
3
6
-4
-6
-10
-10
-5
1
4
-6
-8
-9
-5
3
7
8
7
12
5
-3
-1
9
18
17
18
11
9
13
17
16
22
27
17
3
12
14
18
20
16
16
7
0
-4
-4
6
9
12
10
-3
-3
-14
-16
-10
-1
-6
-10
-14
-17
-10
-12
-3
0
-1
-9
-10
-9
-5
-6
-5
9
6
1
4
2
2
8
12
5
9
6
9
-1
-13
-9
-4
-1
-3
0
-8
-10
-12
-11
-11
-11
-14
-13
-13
-6
-10
-10
-12
-12
-5
-10
-12
-14
-16
-18
-14
-14
-12
-11
-16
-17
-19
-20
-16
-42
-68
-63
-25
-9
-4
9
44
58
64
65
63
59
48
38
11
11
33
30
30
33
37
38
34
34
20
21
22
-2
-35
-51
-33
-40
-37
-12
33
52
36
48
53
55
46
39
16
2
0
-21
-22
-7
-8
-21
-23
-16
-22
-35
-67
-88
-96
-106
-101
-97
-73
-45
-19
-19
-15
19
31
39
30
27
32
22
5
-6
-4
6
5
-3
10
18
4
-11
-29
-38
-37
-42
-43
-33
-19
-2
11
32
46
57
53
45
35
24
23
4
2
4
10
22
24
24
34
29
14
14
1
5
-3
-6
-2
9
34
26
31
38
50
59
48
56
36
26
18
-7
-5
-2
9
12
0
5
5
5
-12
-16
-15
-16
-29
-34
-22
-26
-4
6
19
35
43
23
-21
-38
-56
-66
-75
-65
-56
-47
-42
-42
-44
-36
-24
-14
2
15
15
-13
-45
-46
-29
2
44
61
54
30
15
-6
1
13
12
-11
-46
-55
-65
-63
-58
-64
-53
-38
-33
-30
-21
26
34
35
37
49
44
41
52
51
43
40
45
14
-1
-4
6
10
-7
-2
6
2
29
36
37
39
26
30
25
37
40
52
77
86
86
77
38
-3
-19
-41
-40
-47
-52
-51
-60
-77
-74
-37
-22
-13
-23
-26
-42
-56
-52
-53
-28
-14
-2
-19
-25
-9
-21
-28
-16
2
-14
-38
-59
-53
-22
3
31
68
87
65
44
8
-25
-32
-56
-64
-63
-43
-29
-13
6
22
50
38
10
-17
-48
-65
-91
-84
-92
-76
-50
-20
14
46
62
61
85
105
106
91
71
45
28
33
39
51
71
84
70
57
56
68
80
72
73
50
43
40
50
79
97
119
123
131
124
79
47
-14
-31
-31
-26
-24
-4
16
25
25
4
5
-9
-63
-107
-118
-126
-114
-108
-81
-63
-42
-8
-9
-14
-31
-43
-63
-53
-67
-79
-101
-114
-95
-50
0
7
22
11
-1
-13
-17
-58
-83
-133
-195
-252
-320
-423
-524
-573
-627
-623
-576
-489
-371
-218
-54
115
261
402
491
517
513
494
465
441
397
376
401
395
397
387
388
381
346
316
279
243
200
136
122
124
123
159
248
324
382
402
400
405
363
338
279
245
186
133
117
60
75
80
18
-60
-137
-270
-413
-603
-755
-827
-881
-869
-807
-717
-591
-459
-344
-181
-21
86
108
134
97
77
18
-130
-409
-862
-1598
-2382
-2965
-3066
-2858
-2614
-2148
-1489
-519
410
1198
1717
2093
2330
2250
2005
1680
1496
1424
1403
1461
1601
1794
1887
2036
2049
1765
1311
620
-124
-909
-1537
-2001
-2299
-2219
-1770
-958
-110
800
1809
2660
3157
3211
3058
2709
2382
2004
1680
1781
1861
1833
1658
1513
1230
755
-56
-1199
-2188
-2968
-3528
-3989
-4022
-3454
-2731
-1976
-1232
-301
627
1155
1240
1030
943
815
528
180
-44
-33
-111
-300
-438
-582
-829
-1334
-1990
-2600
-2933
-3173
-3509
-3775
-3609
-3027
-2288
-1539
-499
551
1247
1372
1041
358
-819
-2466
-3853
-4186
-3742
-2842
-2063
-1027
336
1748
2661
2968
3153
3181
2788
1933
1174
928
1230
1934
2627
3327
3939
4308
4386
3992
3322
2587
1707
384
-906
-1746
-2137
-2239
-1990
-1260
-240
706
1526
2075
2290
2203
1834
1261
748
566
519
679
1071
1571
1763
1655
1453
1130
653
-262
-1438
-2603
-3574
-4023
-4269
-4206
-3618
-2760
-1886
-1230
-645
-156
56
171
80
54
162
324
406
428
714
982
1182
1252
1184
916
292
-423
-1104
-1552
-2008
-2553
-3237
-3703
-3741
-3921
-4599
-5096
-4660
-3782
-2889
-2203
-1320
-34
1243
2270
2946
3420
4025
4284
4030
3394
2871
2540
2224
2108
1997
1780
1716
1669
1618
1705
1601
1198
478
-301
-895
-1580
-1974
-1872
-1272
-769
-387
184
959
1888
2636
2969
3017
2988
2785
2148
1637
1746
1914
1840
1507
1261
1001
695
221
-473
-1195
-1700
-2337
-3100
-3479
-3222
-2864
-2517
-2001
-1287
-552
-143
-137
-456
-674
-780
-899
-947
-662
-135
-41
-173
-15
416
823
784
345
-214
-673
-1335
-2111
-2595
-2543
-2309
-2074
-1746
-1123
-346
61
232
198
196
281
257
57
152
507
793
1009
944
34
-2308
-4927
-6049
-5351
-4497
-4362
-4154
-2665
92
2463
3448
3675
4415
5317
5143
3681
2375
2259
2866
3257
3030
2768
3157
4111
4637
4291
3369
2309
950
-624
-2474
-4280
-5468
-5360
-4498
-3447
-2264
-806
1102
2830
4312
4898
4475
3662
3019
2261
1519
1756
2592
2502
1833
1594
2023
2175
1573
33
-2170
-4005
-5149
-6061
-6733
-6336
-5259
-4347
-3325
-1642
473
1876
2593
2624
2045
1665
1422
1087
442
168
328
375
451
686
534
-504
-1622
-2646
-3406
-3758
-4025
-4474
-4740
-4139
-2866
-1328
195
1522
2289
2203
1654
177
-2503
-5512
-7313
-7127
-6083
-4852
-3712
-1693
1397
4205
5564
5342
4958
4526
3455
1591
-357
-814
421
2470
3968
4700
5522
6746
7928
7732
6159
3714
1222
-894
-3101
-5040
-6183
-5661
-3772
-2018
-944
280
2296
4265
5046
4123
2661
1989
1492
892
469
1186
2632
3569
3563
3184
3283
3122
1843
-595
-3267
-5299
-6786
-7807
-8127
-7356
-5773
-4206
-2765
-1172
619
1850
2085
1478
720
124
-487
-700
-414
345
945
1434
2180
2818
2909
1984
472
-1131
-2643
-4092
-5308
-5848
-5605
-4928
-4246
-3274
-1639
12
1052
1395
1719
1878
1887
1696
1449
1622
1871
2236
2639
3159
3407
2737
518
-2685
-5920
-8020
-8649
-8135
-7230
-5892
-3706
-598
2870
5621
7281
7736
7613
6858
5160
3085
1677
1474
2123
2732
3084
3592
4564
5480
5447
4086
2216
309
-1826
-4231
-6499
-7614
-7146
-5496
-3536
-1731
344
2631
4719
5617
5245
4162
2779
1590
237
-679
-717
216
1031
1204
1344
1628
1790
983
-682
-3000
-5234
-6779
-7659
-7770
-6919
-5190
-3248
-1450
658
2765
4192
4652
4365
3554
2330
1292
515
40
-54
51
170
348
975
1194
499
-957
-2350
-3448
-4488
-4921
-5026
-4635
-3723
-2321
-650
1301
3057
3859
3774
3407
3260
2898
2192
1502
903
510
536
758
839
87
-1577
-4319
-7285
-8963
-8877
-8086
-7589
-6568
-4432
-1224
2112
4766
6282
7144
7692
7223
5814
4255
3372
2768
2317
2211
2347
2996
3924
4821
4911
3922
2497
809
-944
-2873
-4972
-6551
-6941
-5704
-3874
-2310
-697
1409
3576
4789
4743
3790
2866
2182
1065
-6
-82
1077
2193
2540
2636
3002
3160
2276
407
-2214
-4482
-6094
-7490
-8347
-7950
-6434
-4660
-2900
-813
1624
3382
3892
3667
3052
2382
1816
1188
721
678
1130
1323
1619
2318
2725
1980
402
-1263
-2722
-3973
-4957
-5357
-5283
-4599
-3427
-2206
-728
832
1765
1908
1782
1873
1782
1304
890
962
1262
1680
1934
1592
582
-1401
-4684
-7875
-8952
-8318
-7952
-8277
-7520
-4871
-1197
1928
3982
5338
6560
7421
7007
5688
4757
4437
4147
3915
3954
4358
5084
6017
6566
6148
4749
2845
826
-1503
-4042
-6615
-8393
-8296
-6456
-4489
-2983
-781
2231
4823
6133
6042
5399
4594
3333
1573
194
453
1448
1848
1497
1593
2474
2579
1239
-1324
-4038
-6137
-7874
-9150
-9546
-8461
-6642
-4782
-2635
160
3031
4915
5407
4940
4067
2948
1817
658
-228
-636
-711
-463
258
1159
1422
679
-746
-2112
-3172
-4034
-4694
-4992
-4917
-4401
-3286
-1477
900
2780
3490
3245
2828
2385
1703
921
105
-224
58
711
1785
2726
3027
1613
-1470
-4810
-7167
-7842
-8029
-8255
-8068
-6176
-2900
694
3792
6074
7700
8345
8087
6670
4837
3272
2284
1773
1457
1757
2561
3916
5374
6130
5892
4989
3499
1371
-1575
-4646
-7047
-8040
-7629
-6393
-4870
-2835
-92
2562
4397
5187
5161
4111
2373
485
-726
-984
-464
128
418
866
1861
2813
2746
1387
-790
-3427
-5840
-7695
-8691
-8552
-7404
-5653
-3545
-706
2468
5077
6417
6452
5826
4630
3290
1848
611
-392
-888
-642
-22
934
1547
1517
762
-477
-1796
-3221
-4536
-5424
-5812
-5629
-4640
-2884
-758
1319
2797
3506
3580
3372
2860
1801
650
-302
-772
-721
-414
-171
-428
-1455
-3734
-6234
-7444
-7177
-6856
-6962
-6826
-5103
-1969
1301
3744
5098
6232
7244
7585
6786
5430
4291
3507
2712
2169
2289
3054
4268
5279
5529
5145
4426
3262
1490
-1017
-3764
-5969
-6921
-6374
-5173
-3795
-2053
281
2686
4422
5226
4987
4016
2710
1291
-4
-552
-157
249
164
222
1271
2263
1792
67
-2050
-4160
-5948
-7232
-7864
-7477
-6156
-4692
-2930
-382
2713
4966
5583
5364
4563
3572
2513
1272
160
-769
-1112
-1044
-621
289
808
378
-861
-2120
-3164
-4140
-4988
-5584
-5789
-5290
-3960
-1967
515
2722
4097
4489
4362
4099
3489
2422
1156
146
-575
-707
-147
856
1218
737
-649
-2683
-5357
-7893
-9129
-9256
-8697
-7671
-5621
-2303
1724
5177
7442
8657
9380
9378
8184
6083
4024
2490
1609
1189
1321
1997
2990
4147
4926
5197
4751
3305
945
-1923
-4613
-6499
-7408
-6989
-5657
-3990
-2168
386
2998
5113
5867
5299
3616
1463
-384
-1951
-2816
-2740
-1852
-1265
-583
665
2185
2582
1403
-580
-3011
-5013
-6214
-6853
-6514
-5380
-3607
-1921
225
3086
5567
6372
5620
4351
2813
1140
-513
-1679
-2286
-2111
-1325
-458
522
1600
2017
1523
313
-810
-1896
-2988
-3850
-4553
-4556
-3765
-2116
-342
1246
2381
2893
2853
2376
1771
724
-289
-1081
-1198
-940
-384
168
224
-280
-1821
-4190
-6419
-7080
-6645
-6311
-6115
-5010
-2310
974
3748
5591
6780
8002
8640
7997
6199
4555
3598
2860
2136
1886
2377
3164
3913
4412
4437
3958
2809
1001
-1562
-4087
-6090
-7465
-7652
-6855
-5550
-4093
-1996
486
2762
4150
4402
3549
2299
1156
232
-552
-458
289
672
872
1507
2720
3187
2173
163
-2128
-4140
-5770
-6988
-7268
-6506
-4955
-3388
-1288
1626
4202
5363
5090
4231
3266
2304
1135
37
-625
-735
-334
260
1045
1856
2137
1497
206
-1163
-2513
-3860
-5041
-5711
-5822
-5132
-3699
-1778
-5
1265
1991
2299
2488
2304
1669
761
203
-28
194
858
1949
2545
2265
1081
-704
-3257
-6375
-8687
-9488
-9069
-8343
-6964
-4404
-502
3439
6300
7752
8588
9126
8687
6951
4825
3340
2645
2439
2609
3135
3927
4775
5224
5294
4672
3469
1224
-1801
-4464
-6372
-7657
-8221
-7650
-6015
-3956
-1886
504
2934
4459
4535
3508
2158
969
77
-680
-760
-170
868
1397
1552
2038
2617
2210
400
-2137
-4340
-5980
-7010
-7184
-6481
-4874
-2879
-491
1886
4111
5433
5298
4170
2921
1665
246
-991
-1626
-1806
-1665
-1044
1
1065
1612
1364
268
-990
-1954
-2871
-3720
-4264
-4212
-3653
-2564
-941
441
1391
1886
1940
1615
1007
340
-426
-1016
-1109
-494
583
1731
2536
2537
1913
675
-1573
-4282
-6656
-7699
-7645
-7144
-5798
-3547
-76
3489
6337
7833
8339
8411
7881
6479
4248
2306
1177
911
1360
2177
2989
3696
4271
4602
4248
3190
1257
-1148
-3691
-5997
-7592
-8104
-7055
-5290
-3564
-1924
107
2292
3674
3750
2765
1560
471
-648
-1449
-1418
-349
906
1576
1927
2710
3610
3331
1584
-940
-3181
-4697
-5822
-6589
-6561
-5471
-3622
-1516
733
2977
4460
4690
3833
2688
1634
754
89
-346
-464
-256
333
1226
2372
2846
2386
1050
-417
-1558
-2586
-3718
-4710
-4994
-4613
-3599
-2217
-633
624
1146
1059
732
593
521
312
-38
-125
324
1254
2474
3578
4170
3870
2685
972
-926
-3548
-6584
-8994
-9538
-8439
-6806
-4869
-2461
708
3722
5808
6503
6627
6565
5683
4258
2669
1847
2031
2792
3761
4437
4873
5113
5133
4484
2925
743
-1773
-4181
-6173
-7587
-8145
-7817
-6524
-4696
-2902
-1302
322
1726
2142
2091
1555
1123
828
783
1058
1720
2729
3648
4023
3934
3840
3473
2037
-190
-2408
-4403
-5641
-6080
-5639
-4693
-3129
-1216
551
2119
3620
4429
4170
3217
2158
1383
907
448
93
-111
-11
497
950
1157
826
196
-931
-2124
-2873
-3174
-3338
-3289
-3111
-2595
-1742
-797
9
233
194
44
-178
-453
-512
-407
-199
244
1041
1781
2596
3175
3097
2280
898
-892
-3495
-6418
-8480
-8770
-7780
-6378
-4825
-2828
-38
2791
4734
5361
5319
5097
4594
3471
2288
1859
2104
2737
3458
4248
4949
5506
5518
4853
3515
1812
-290
-2597
-4572
-6009
-6683
-6637
-5631
-4212
-2928
-1831
-597
707
1551
1890
1730
1794
2026
1953
1887
2345
3606
4663
4689
4099
3664
3317
2373
484
-2062
-4011
-5103
-5880
-6087
-5403
-3906
-2379
-1068
288
1644
2757
3151
2978
2459
2053
1728
1242
813
728
775
738
666
640
588
92
-816
-1753
-2474
-2863
-3079
-3346
-3486
-3342
-3013
-2671
-2319
-1719
-1302
-1071
-874
-409
218
820
1275
1606
2184
2784
3339
3169
2808
2072
1058
-436
-2176
-4080
-6360
-8276
-8966
-7890
-6536
-4904
-3231
-913
1558
3658
4959
5311
5653
5789
5516
4572
3682
3590
3930
4189
4320
4368
4350
4122
3557
2531
1322
35
-1614
-3231
-4608
-5545
-6173
-6289
-5578
-4477
-3145
-1945
-403
1226
2738
3681
4064
4376
4651
4828
4668
4786
4917
4445
3447
2437
1871
1343
353
-1269
-3042
-4074
-4707
-5137
-5225
-4704
-3871
-3212
-2343
-787
1074
2192
2428
2209
1971
1879
1614
1061
390
2
-421
-1070
-1328
-923
-367
-546
-1017
-1208
-1275
-1497
-2169
-3141
-3822
-4147
-4152
-3921
-3264
-2359
-1500
-800
82
1375
2416
2987
3021
3029
2879
2640
2180
1801
1352
558
-572
-1886
-2910
-4392
-6424
-8098
-8301
-7086
-5742
-4404
-2659
-207
2347
4300
5484
6200
6938
6868
5925
4714
4091
3925
3744
3750
3714
3826
3896
3792
3673
3298
2383
739
-1247
-3112
-4664
-6023
-6835
-6720
-5826
-4651
-3157
-1228
948
2918
4180
5035
5463
5461
4945
4211
3677
3559
3411
2748
2068
1683
1512
786
-411
-2060
-3642
-5176
-6382
-6874
-6737
-6050
-5149
-3970
-2357
-573
878
1759
2020
2034
1842
1578
1094
667
351
56
-52
65
436
676
485
-93
-815
-1387
-2044
-2906
-3808
-4544
-4929
-4945
-4368
-3038
-1390
35
1111
2028
2908
3623
3931
3855
3635
3298
2984
2496
2218
2028
1552
723
-338
-1361
-2637
-4361
-6664
-8522
-8854
-7736
-6157
-4532
-2471
101
2739
4884
6247
6912
7166
6848
6019
4715
3662
3181
2964
2870
2741
2812
3069
3295
3192
2547
1342
-356
-1969
-3489
-4838
-5678
-6084
-5677
-4575
-3140
-1591
137
1945
3398
4046
4110
3839
3373
2751
2116
1788
1753
1959
1506
801
132
-177
-785
-1867
-3372
-4825
-5700
-6125
-5977
-5423
-4220
-3060
-1876
-675
669
1874
2394
2263
1845
1410
1190
951
713
511
577
752
875
1013
1153
1083
575
-290
-1050
-1549
-1884
-2324
-2837
-2925
-2355
-1485
-770
220
1139
1988
2380
2530
2773
2899
2876
2435
1891
1686
1652
1452
1009
297
-309
-1108
-2042
-2941
-3856
-4822
-6358
-7786
-8222
-6937
-4900
-3130
-1509
376
2718
4498
5634
5882
5764
5498
4693
3614
2603
2193
2053
1794
1646
1862
2477
2808
2567
1925
1005
64
-1144
-2566
-3780
-4494
-4956
-5105
-4353
-3006
-1636
-450
567
1760
2550
3016
3223
3220
2829
2409
2093
2032
2360
2288
1550
741
654
728
1
-1278
-2456
-3302
-4038
-4737
-4819
-4098
-2949
-1988
-1269
-265
1172
2268
2530
2108
1915
1907
1599
1200
991
851
778
780
812
1187
1594
1467
666
-192
-765
-1260
-1619
-1743
-1855
-1896
-1738
-1208
-349
462
1044
1200
1102
1017
1012
794
376
-169
-696
-926
-849
-693
-524
-469
-484
-751
-1315
-2133
-3450
-5146
-6915
-7830
-7566
-6284
-4832
-3008
-978
1390
3407
4799
5473
5541
5173
4265
3123
2058
1608
1576
1793
2368
3164
4040
4775
4966
4788
3969
2474
387
-1607
-3448
-5009
-6125
-6408
-5699
-4415
-2902
-1386
377
2245
3642
4315
4276
3922
3585
2870
2310
2046
2196
2239
1682
1091
945
912
207
-1228
-2948
-4338
-5115
-5410
-5337
-4742
-3657
-2545
-1357
150
1805
3075
3478
3217
2709
2238
1803
1307
956
876
912
1124
1390
1759
1972
1800
1070
169
-624
-1375
-2090
-2672
-2847
-2890
-2652
-2078
-1167
-266
256
295
128
-155
-388
-581
-628
-648
-707
-587
-47
549
1103
1329
1099
512
-299
-1373
-2810
-4351
-5952
-7444
-8356
-8034
-6537
-4681
-2947
-1348
477
2522
3961
4697
4574
4262
3911
3584
3301
3385
4024
4785
5555
5935
6079
5909
5088
3782
2102
115
-1823
-3697
-5085
-5947
-6243
-5790
-4758
-3084
-1079
613
2087
3080
3644
3902
3865
3609
3409
3084
2638
2275
2324
2579
2510
2287
1750
856
-269
-1412
-2660
-3740
-4449
-4778
-4845
-4388
-3470
-2379
-1364
-394
407
970
1283
1396
1274
995
802
753
1004
1352
1901
2340
2446
2421
2241
1821
887
-123
-1082
-2058
-2898
-3731
-4292
-4388
-4128
-3723
-3291
-2720
-2191
-1769
-1263
-547
159
710
1017
1280
1740
2110
2240
2098
1794
1343
749
11
-819
-1699
-2912
-4266
-5771
-7137
-8052
-8124
-7068
-5540
-3790
-1897
231
2619
4657
6255
6948
7210
7258
7016
6368
5491
4935
4535
4187
3742
3115
2498
1817
1030
-15
-1036
-1839
-2768
-3602
-4245
-4274
-3827
-3090
-1831
-451
889
1867
2697
3436
3975
4250
3750
3143
2583
2017
1465
1132
1027
685
149
-470
-578
-848
-1434
-2350
-3569
-4272
-4635
-4720
-4694
-4191
-3341
-2468
-1541
-308
1144
2224
2707
2961
2910
3020
3059
2922
2605
2264
2183
1757
1332
870
262
-719
-1886
-2862
-3688
-4431
-4999
-5155
-5119
-4571
-3534
-2282
-738
778
2028
2917
3528
3754
3707
3270
2499
1745
899
235
-160
-478
-834
-1340
-1786
-2275
-2886
-3684
-4732
-5806
-7010
-7913
-8121
-7218
-5041
-2704
-431
1563
3879
5996
7376
7829
7158
6108
4984
3841
2653
1723
1379
1294
1426
1657
1969
2247
2123
1795
1084
308
-493
-1213
-1881
-2409
-2608
-2455
-1837
-862
14
727
1213
1746
1928
1862
1514
1221
1157
1079
1430
1874
2666
2943
2899
2269
1546
1007
308
-863
-2659
-4161
-5188
-5617
-5567
-4981
-3909
-2847
-1778
-523
952
2498
3508
3839
3686
3456
3268
3029
2648
2097
1399
540
-177
-783
-1394
-2182
-3154
-4065
-4685
-4790
-4528
-4100
-3435
-2586
-1545
-366
962
2102
2723
2906
2810
2576
2263
1853
1231
565
146
-152
-456
-777
-975
-1181
-1583
-2061
-2566
-3072
-3652
-4259
-4917
-5530
-5965
-5855
-4997
-3140
-1037
830
2369
3846
5280
6054
6202
5471
4574
3780
3092
2491
2007
1835
1866
2031
2293
2673
2890
2825
2447
1928
1256
280
-798
-1805
-2620
-3046
-3210
-3030
-2516
-1875
-1014
-358
385
1300
2103
2516
2506
2506
2380
2143
1833
1773
1758
1323
767
112
-370
-949
-1860
-3068
-4113
-4612
-4674
-4628
-4240
-3289
-1913
-596
750
2299
3492
4144
4168
3716
2987
2241
1429
516
-440
-1204
-1652
-1886
-1960
-1754
-1598
-1458
-1417
-1226
-935
-791
-814
-891
-821
-446
217
843
1403
1814
1988
1871
1699
1387
889
278
-483
-1117
-1526
-1677
-1624
-1611
-1474
-1373
-1251
-1078
-1049
-1344
-2137
-3093
-3998
-4687
-5446
-5663
-4993
-3482
-1717
-154
1134
2671
3902
4461
4309
3710
3289
2911
2502
1989
1938
2447
3134
3641
4056
4198
4092
3506
2638
1611
389
-920
-2304
-3473
-4105
-4217
-3984
-3346
-2225
-1001
113
1020
1897
2736
3144
3229
2974
2753
2482
2125
1783
1778
1899
1591
1014
450
-14
-779
-1810
-3020
-3972
-4297
-4232
-3948
-3300
-2185
-889
210
1418
2615
3423
3582
3066
2250
1418
717
93
-572
-958
-1070
-1042
-1020
-702
-375
-406
-760
-1277
-1616
-1891
-1947
-1907
-1813
-1511
-929
-373
303
1151
1771
1870
1681
1413
971
278
-612
-1386
-1873
-2186
-2347
-2408
-2315
-2215
-2185
-2165
-2101
-1830
-1832
-2126
-2538
-2880
-3091
-3476
-3536
-3175
-2012
-592
540
1690
2739
3832
4435
4707
4600
4555
4437
4184
3894
3505
3371
3188
3070
2888
2678
2373
1882
1401
881
296
-467
-1509
-2391
-2958
-3129
-2928
-2554
-1819
-1166
-395
353
1173
2033
2494
2705
2398
2006
1546
1363
1043
820
590
139
-294
-729
-897
-1417
-1977
-2508
-2957
-3272
-3132
-2728
-2289
-1723
-846
17
924
1912
2590
2831
2574
2200
1486
793
149
-323
-759
-1150
-1183
-1036
-630
-141
208
218
121
73
-165
-404
-714
-793
-856
-692
-208
449
978
1215
1148
708
123
-511
-1177
-1938
-2615
-3116
-3395
-3210
-2669
-2126
-1672
-1221
-622
-129
260
424
319
-172
-913
-1594
-2368
-2984
-3327
-3208
-2373
-1321
-165
963
2184
3301
3866
4053
3831
3589
3309
2861
2333
1860
1878
2163
2434
2525
2556
2457
1985
1508
842
-43
-1021
-1967
-2638
-3055
-3038
-2691
-2229
-1505
-663
101
857
1552
1893
2002
1674
1202
832
582
580
600
681
746
613
484
435
493
356
-174
-828
-1232
-1233
-1354
-1307
-1071
-549
190
872
1500
2008
2254
2148
1728
1069
552
141
-350
-693
-850
-833
-601
-295
-27
182
343
281
21
-226
-417
-590
-791
-891
-922
-900
-884
-1096
-1220
-1263
-1420
-1634
-2005
-2332
-2549
-2693
-2716
-2619
-2363
-1879
-1396
-975
-618
-141
212
470
573
576
429
-40
-641
-1392
-2124
-2915
-3373
-3471
-2837
-1742
-570
434
1480
2626
3514
3903
3775
3496
3246
2974
2551
2181
2087
2383
2574
2649
2660
2719
2626
2130
1469
692
-162
-1084
-1914
-2530
-2910
-2944
-2663
-2027
-1312
-608
-8
496
1145
1490
1634
1564
1470
1536
1508
1409
1477
1789
1970
1754
1315
1007
775
216
-656
-1372
-1757
-1996
-2047
-1905
-1455
-786
-123
419
972
1525
1806
1546
1048
679
403
17
-322
-400
-272
-53
55
207
367
381
165
-227
-605
-935
-1294
-1660
-1880
-2000
-2079
-2041
-1923
-1628
-1475
-1561
-1781
-2104
-2211
-2195
-2110
-1890
-1493
-1180
-918
-558
-242
108
340
400
372
189
-13
-123
-504
-811
-1231
-1727
-2238
-2861
-3056
-2795
-1932
-1045
-245
510
1526
2621
3434
4004
4246
4454
4290
3787
3303
2908
2728
2588
2331
2081
1876
1636
1311
878
499
141
-291
-974
-1629
-2000
-2010
-1791
-1633
-1166
-565
140
703
1364
1928
2267
2214
1785
1435
1299
1097
745
640
711
691
448
451
431
360
62
-457
-1100
-1493
-1540
-1611
-1569
-1114
-498
-19
457
985
1297
1282
927
473
-44
-551
-996
-1440
-1614
-1416
-1104
-879
-378
115
407
293
-13
-317
-761
-1402
-2046
-2600
-2847
-2758
-2676
-2599
-2355
-1988
-1758
-1506
-1230
-937
-888
-863
-853
-738
-551
-280
99
410
727
1031
1126
1118
1171
1155
1023
657
199
-515
-1254
-1888
-2565
-2914
-2915
-2348
-1496
-507
577
1740
2899
3683
4198
4245
4032
3782
3326
2790
2270
1965
1868
1812
1759
1659
1600
1494
1221
787
124
-554
-1247
-1786
-2184
-2401
-2401
-2278
-1734
-1083
-428
184
936
1589
2014
2093
1906
1741
1450
1076
691
504
674
700
509
323
425
493
-1
-543
-984
-1365
-1669
-1726
-1672
-1414
-846
-267
191
680
1206
1377
973
417
-24
-511
-1006
-1434
-1532
-1466
-1029
-580
-327
-1
280
312
27
-272
-511
-943
-1483
-1892
-2059
-2067
-1923
-1718
-1462
-1087
-649
-438
-506
-543
-530
-686
-1066
-1258
-1217
-1064
-749
-299
204
709
1158
1375
1454
1385
1230
659
-220
-1116
-1893
-2484
-3084
-3144
-2882
-2144
-1119
-127
855
1717
2552
2860
2768
2493
2160
1825
1502
1500
1659
1891
2291
2700
3009
2999
2765
2354
1783
1188
357
-361
-1035
-1572
-1882
-2130
-1980
-1600
-925
-372
124
530
809
1026
984
871
711
557
467
628
953
1375
1692
1819
1672
1463
1244
938
472
-170
-648
-939
-1081
-1035
-823
-485
-209
-36
-17
-107
-326
-680
-1164
-1538
-1810
-1921
-1818
-1440
-983
-603
-229
133
490
615
640
526
267
3
-382
-742
-1030
-1382
-1642
-1921
-2047
-2089
-2147
-2193
-2197
-2113
-2017
-1870
-1541
-1134
-744
-344
145
761
1205
1541
1740
1891
2062
2072
1860
1602
1308
1095
707
144
-624
-1503
-2296
-3043
-3582
-3877
-3599
-3003
-2051
-953
275
1519
2638
3456
3902
4008
3961
3643
3276
2935
2551
2213
1890
1641
1276
1020
762
503
257
-92
-488
-853
-1203
-1463
-1670
-1684
-1541
-1165
-728
-269
329
847
1143
1261
1263
1137
914
781
807
827
929
1087
1316
1340
1415
1481
1335
932
429
-244
-1107
-1808
-2274
-2487
-2610
-2435
-2005
-1605
-1170
-706
-410
-182
2
31
-168
-294
-202
-151
1
335
822
1124
1292
1406
1224
750
138
-577
-1442
-2179
-2650
-2944
-3040
-2956
-2654
-2209
-1677
-1051
-441
-113
221
513
632
680
716
807
926
1119
1358
1552
1496
1319
981
548
118
-277
-874
-1439
-1978
-2398
-2692
-2919
-2871
-2739
-2444
-2003
-1256
-403
464
1133
1618
2038
2395
2589
2603
2303
1961
1670
1348
1034
692
471
458
520
614
846
1118
1423
1546
1457
1347
1155
858
487
15
-363
-574
-712
-686
-544
-242
11
249
569
862
1218
1444
1498
1564
1575
1615
1688
1799
1795
1589
1382
1065
668
223
-288
-837
-1369
-1623
-1743
-1721
-1620
-1398
-1075
-839
-538
-320
-231
-269
-422
-622
-758
-698
-545
-553
-558
-453
-272
-277
-290
-388
-745
-1142
-1572
-1812
-1955
-2065
-2153
-2246
-2135
-1900
-1606
-1289
-936
-607
-416
-246
-64
159
253
252
248
248
340
488
570
573
532
478
333
132
74
-122
-234
-505
-877
-1261
-1587
-1810
-2093
-2134
-2126
-1927
-1636
-1057
-508
80
625
1151
1744
2230
2552
2739
2918
2960
3022
3022
3034
2948
2856
2749
2543
2364
2101
1750
1349
895
292
-304
-870
-1368
-1662
-1756
-1639
-1377
-910
-245
492
1100
1788
2246
2484
2605
2682
2541
2147
1822
1581
1338
1061
885
590
221
-191
-626
-1389
-2173
-2570
-2874
-3080
-2964
-2565
-2075
-1459
-779
-260
5
186
145
-173
-532
-812
-1060
-1225
-1199
-1028
-810
-560
-238
2
-39
-214
-611
-1174
-1878
-2449
-2770
-2872
-2680
-2317
-1751
-1001
-83
748
1301
1540
1691
1530
1176
767
354
65
-41
109
334
617
810
1020
1026
841
470
-115
-816
-1527
-2284
-2923
-3328
-3444
-3305
-2954
-2311
-1487
-647
174
1040
1711
2174
2440
2567
2646
2627
2552
2480
2521
2534
2566
2538
2292
1961
1521
1039
703
477
313
78
-161
-232
-273
-206
-66
58
184
258
296
432
557
680
792
835
923
1048
1311
1499
1546
1467
1179
834
523
206
-262
-757
-1213
-1596
-1875
-1925
-1830
-1712
-1579
-1375
-1092
-761
-425
-214
-184
-301
-367
-475
-622
-705
-725
-780
-817
-764
-645
-592
-510
-497
-584
-658
-681
-700
-779
-821
-760
-626
-476
-252
-68
164
425
709
855
881
947
776
539
340
255
220
148
71
-55
-128
-188
-312
-424
-540
-706
-851
-1034
-1146
-1195
-1165
-1205
-1232
-1177
-1211
-1298
-1428
-1419
-1372
-1273
-1046
-770
-351
156
655
1001
1313
1606
1847
1980
2020
2043
1953
1821
1608
1411
1339
1310
1232
1238
1272
1386
1488
1540
1545
1458
1328
1000
674
413
157
-67
-237
-358
-282
-71
67
195
272
349
379
318
236
151
89
-88
-249
-337
-368
-369
-519
-655
-666
-463
-334
-269
-143
-145
-214
-447
-697
-890
-1097
-1267
-1462
-1461
-1291
-986
-683
-472
-160
84
319
473
566
622
566
457
328
244
175
84
-10
-179
-234
-286
-363
-434
-574
-742
-886
-934
-880
-835
-772
-712
-694
-625
-517
-371
-278
-319
-523
-689
-796
-861
-989
-1123
-1302
-1485
-1706
-1879
-1910
-1827
-1672
-1558
-1285
-767
-235
350
910
1437
1900
2311
2623
2761
2762
2602
2333
1962
1727
1554
1342
1249
1251
1294
1453
1626
1701
1690
1494
1265
984
710
425
215
30
-56
75
316
610
809
916
956
892
689
420
143
-123
-429
-719
-854
-864
-872
-845
-765
-708
-699
-758
-888
-928
-866
-749
-614
-455
-212
13
190
243
219
157
42
-192
-422
-630
-877
-1017
-1072
-944
-733
-465
-196
107
410
585
615
476
304
-30
-386
-687
-847
-900
-917
-890
-772
-642
-570
-440
-450
-439
-480
-624
-815
-937
-999
-1015
-977
-899
-739
-561
-530
-594
-709
-859
-1068
-1425
-1754
-2006
-2130
-2094
-1937
-1590
-1090
-466
185
759
1377
1886
2193
2321
2386
2314
2221
2149
2081
2017
1956
1973
2009
2073
2082
2012
1921
1728
1438
1224
1044
920
814
760
759
817
937
994
920
717
478
208
-73
-345
-571
-720
-807
-795
-710
-502
-318
-207
-104
-133
-156
-258
-436
-601
-832
-984
-955
-829
-627
-393
-158
34
251
375
336
210
-57
-333
-597
-774
-837
-762
-611
-505
-368
-183
62
205
254
200
31
-140
-394
-627
-826
-926
-1055
-1223
-1317
-1330
-1225
-1159
-1041
-922
-758
-647
-592
-533
-422
-303
-275
-237
-175
-99
-90
-129
-232
-414
-594
-776
-1037
-1257
-1478
-1680
-1828
-1864
-1694
-1351
-821
-234
349
931
1458
1917
2269
2530
2645
2673
2613
2405
2182
1948
1728
1603
1559
1521
1474
1395
1254
1037
825
621
471
369
274
239
215
171
177
274
415
490
446
351
207
1
-183
-344
-395
-421
-459
-408
-336
-203
-137
-111
-66
-55
-95
-236
-446
-658
-791
-903
-928
-829
-647
-461
-300
-114
155
357
502
484
382
246
85
-32
-122
-156
-220
-264
-275
-238
-179
-201
-298
-391
-597
-809
-998
-1200
-1363
-1489
-1474
-1349
-1149
-929
-669
-470
-345
-210
-89
-17
25
28
-4
-129
-176
-182
-154
-199
-242
-350
-513
-628
-834
-1022
-1198
-1308
-1333
-1278
-1031
-721
-365
-35
398
834
1221
1524
1783
1887
1930
1948
1934
1919
1909
1902
1761
1660
1565
1412
1179
911
587
303
9
-208
-310
-311
-193
-38
200
498
747
965
1050
1009
921
731
503
262
111
-61
-217
-312
-389
-452
-528
-555
-529
-574
-598
-573
-510
-483
-439
-383
-315
-180
-112
1
65
70
35
40
35
6
-61
-192
-351
-507
-627
-685
-767
-782
-735
-736
-738
-799
-728
-589
-433
-305
-234
-111
-26
19
-12
-73
-124
-214
-356
-543
-654
-705
-749
-763
-648
-537
-477
-378
-349
-284
-130
-53
-9
28
73
87
30
-50
-36
-25
-48
-96
-132
-201
-274
-330
-408
-337
-161
68
285
534
747
895
960
976
1002
997
1002
955
853
729
666
612
557
552
511
451
367
278
181
17
-84
-134
-112
12
180
355
573
792
951
1012
1019
935
726
447
154
-155
-448
-637
-717
-729
-676
-582
-419
-234
-121
-3
65
147
210
232
279
353
362
415
474
500
480
422
288
58
-204
-476
-721
-900
-998
-1018
-894
-720
-504
-263
-47
172
265
261
218
85
-42
-177
-299
-372
-428
-483
-573
-670
-752
-820
-876
-982
-1211
-1390
-1395
-1369
-1237
-1040
-809
-559
-348
-172
22
220
302
315
231
183
129
13
-101
-194
-257
-296
-209
-135
-38
107
209
365
568
728
915
1038
1152
1168
1183
1185
1108
1030
897
816
684
603
538
461
418
381
395
400
426
439
398
319
305
294
308
339
355
346
338
358
397
410
320
154
-16
-283
-511
-686
-807
-885
-909
-905
-808
-651
-500
-311
-189
-39
99
178
171
91
-20
-94
-125
-82
-61
-81
-89
-135
-255
-296
-269
-218
-177
-180
-81
29
207
370
442
531
575
588
544
438
276
72
-118
-227
-329
-366
-409
-506
-594
-663
-700
-732
-778
-782
-689
-568
-502
-316
-104
51
150
199
311
382
333
238
49
-141
-324
-461
-613
-702
-648
-590
-508
-363
-141
123
304
491
680
809
871
792
680
545
400
233
31
-116
-175
-260
-391
-421
-346
-204
-38
23
116
206
297
348
374
327
342
414
346
250
131
75
3
-53
-122
-191
-178
-199
-272
-276
-300
-277
-257
-232
-176
-74
46
182
327
418
538
618
706
725
764
826
786
735
677
577
487
355
198
147
96
65
-19
24
114
147
191
233
314
299
211
111
-44
-197
-314
-430
-500
-539
-549
-524
-471
-444
-453
-514
-631
-743
-831
-924
-987
-984
-981
-953
-840
-752
-569
-392
-331
-264
-231
-203
-247
-294
-321
-306
-305
-244
-184
-94
73
196
265
293
290
317
292
297
323
334
373
357
291
200
164
104
-18
-171
-289
-303
-275
-221
-120
27
200
345
457
556
638
673
653
551
423
333
225
120
105
132
175
173
195
262
287
285
251
232
209
180
209
278
363
409
506
574
613
677
691
644
547
480
417
358
406
421
443
466
535
554
497
383
225
-8
-287
-492
-630
-690
-770
-798
-798
-789
-802
-759
-728
-662
-667
-681
-693
-729
-722
-685
-656
-600
-544
-519
-506
-546
-592
-626
-611
-582
-537
-526
-473
-450
-420
-342
-234
-128
-36
50
153
236
298
362
388
420
438
489
491
498
529
540
466
384
293
182
18
-127
-222
-323
-349
-350
-333
-322
-259
-167
-75
-13
46
70
85
109
104
129
136
161
201
226
332
429
448
486
488
440
422
361
318
364
354
401
450
494
562
584
591
535
448
376
285
232
261
318
403
542
686
832
942
1005
979
944
897
714
518
323
138
-77
-250
-376
-480
-542
-632
-687
-748
-797
-862
-954
-1056
-1121
-1103
-1065
-1011
-977
-903
-817
-691
-588
-538
-498
-530
-596
-678
-724
-766
-771
-731
-700
-627
-521
-446
-364
-302
-212
-162
-101
-2
18
104
203
383
569
740
856
956
1004
980
914
803
638
388
170
-60
-229
-378
-464
-494
-470
-427
-430
-346
-292
-271
-172
-182
-165
-81
-20
52
37
26
60
82
137
202
270
328
391
407
365
405
430
488
504
493
447
410
398
376
403
413
509
559
556
545
506
486
464
486
538
558
549
474
414
346
278
239
221
198
60
-60
-156
-176
-163
-203
-171
-121
-116
-114
-174
-195
-240
-303
-395
-484
-550
-601
-625
-666
-674
-632
-550
-489
-463
-443
-399
-368
-368
-329
-298
-299
-328
-378
-430
-426
-434
-397
-320
-257
-155
-44
134
237
296
330
328
351
344
375
405
434
435
396
336
237
86
-95
-218
-336
-445
-556
-632
-713
-765
-801
-775
-716
-604
-465
-373
-280
-218
-181
-131
-86
-52
-29
4
7
-2
-14
9
24
89
182
245
287
342
428
490
510
534
579
613
632
641
721
787
851
930
983
1020
989
942
869
772
645
561
456
306
203
107
98
75
28
-8
-1
17
26
67
109
154
177
176
138
101
84
12
-115
-223
-361
-510
-660
-877
-1006
-1117
-1187
-1222
-1214
-1132
-1033
-876
-702
-505
-312
-156
4
88
119
155
175
189
164
161
202
213
219
204
175
150
108
1
-35
-54
-36
47
130
209
236
312
404
412
419
350
275
194
77
19
-88
-209
-321
-441
-534
-593
-637
-644
-666
-583
-526
-426
-378
-362
-275
-249
-206
-156
-47
42
52
97
136
175
221
223
308
358
377
405
414
387
334
326
307
322
347
350
370
388
405
436
432
448
461
436
377
299
199
100
24
-85
-116
-129
-86
-18
49
103
158
181
185
200
162
200
217
215
205
165
59
-60
-124
-231
-366
-477
-573
-645
-703
-679
-581
-475
-365
-239
-136
-51
20
76
174
297
361
382
413
347
275
233
129
-21
-164
-292
-333
-351
-332
-343
-364
-290
-254
-160
-61
2
106
125
78
9
-82
-171
-247
-346
-417
-509
-610
-702
-754
-784
-806
-788
-755
-677
-601
-502
-371
-246
-122
-27
53
136
178
249
283
287
288
287
302
295
294
247
207
217
253
213
223
280
331
364
405
472
571
672
711
796
845
868
880
831
780
711
603
419
229
117
41
13
8
85
140
194
227
238
237
274
289
261
269
282
292
270
185
168
156
130
60
-77
-196
-360
-457
-552
-584
-610
-617
-598
-547
-457
-391
-328
-299
-238
-182
-123
-62
-27
50
59
6
-47
-88
-83
-140
-238
-316
-349
-320
-290
-286
-232
-169
-143
-105
-109
-147
-214
-322
-423
-535
-618
-677
-725
-753
-737
-686
-632
-531
-503
-452
-399
-346
-265
-253
-218
-189
-193
-185
-178
-106
-57
-17
22
51
137
198
248
288
355
422
447
500
576
653
739
768
771
825
888
880
879
859
818
785
713
671
636
586
495
395
322
235
210
186
148
154
168
213
278
305
374
422
427
464
445
374
332
269
156
52
-47
-176
-297
-417
-488
-525
-550
-516
-504
-490
-490
-507
-495
-462
-409
-340
-239
-179
-114
-66
-78
-60
-46
-26
-13
-12
-64
-141
-250
-347
-451
-509
-556
-551
-476
-468
-375
-350
-338
-290
-279
-245
-216
-171
-188
-213
-263
-285
-324
-311
-272
-278
-266
-233
-229
-247
-209
-212
-196
-204
-241
-252
-203
-188
-136
-78
-35
32
102
198
287
373
441
497
547
586
623
646
665
689
698
666
566
513
503
473
472
482
516
495
414
368
320
299
262
221
202
175
118
19
-52
-63
-87
-70
-44
-28
3
-54
-88
-151
-199
-194
-238
-291
-327
-390
-418
-465
-454
-464
-444
-427
-423
-363
-266
-167
-82
24
104
176
257
296
350
401
415
426
358
356
318
220
118
36
-30
-91
-157
-184
-158
-127
-91
-103
-126
-60
-28
-40
-78
-98
-91
-85
-67
-51
-42
-74
-151
-208
-277
-369
-443
-503
-523
-560
-625
-668
-651
-605
-534
-454
-386
-313
-269
-182
-121
-82
-48
-22
12
15
55
62
102
181
247
297
346
415
451
451
450
431
386
395
348
320
302
298
299
254
219
155
129
93
54
-8
-46
-17
-30
39
110
101
133
158
210
215
225
292
297
346
372
382
398
390
369
372
375
314
254
204
113
32
-14
-28
-6
60
128
194
287
378
454
501
477
460
384
327
247
91
-116
-231
-303
-346
-331
-353
-336
-362
-432
-476
-530
-586
-630
-666
-676
-699
-670
-615
-560
-501
-477
-418
-376
-384
-388
-470
-510
-522
-545
-592
-589
-570
-527
-461
-388
-328
-261
-201
-208
-158
-138
-125
-123
-111
-65
-1
42
102
149
215
240
264
291
310
330
357
362
329
366
362
386
434
431
444
412
403
364
323
328
280
198
127
116
82
57
17
21
24
60
121
156
190
235
285
339
423
465
480
532
564
591
575
571
573
497
457
407
374
328
284
275
202
168
131
131
118
100
111
102
74
81
116
93
73
34
6
-40
-106
-167
-238
-300
-370
-392
-384
-418
-477
-523
-598
-655
-658
-684
-672
-659
-642
-661
-663
-646
-603
-540
-509
-464
-459
-429
-387
-328
-328
-347
-342
-357
-363
-357
-357
-332
-278
-249
-215
-182
-137
-91
-31
-3
62
112
137
181
181
190
247
252
222
252
260
208
186
166
194
240
227
292
341
353
346
335
312
307
266
223
211
196
137
80
49
7
8
0
13
24
20
38
62
98
179
219
254
283
307
325
323
360
353
360
371
309
275
226
208
216
188
200
197
178
153
162
172
188
162
149
158
177
175
145
103
62
55
33
33
16
17
43
4
-85
-129
-215
-293
-391
-459
-423
-400
-372
-359
-350
-300
-281
-277
-314
-345
-361
-408
-432
-441
-414
-432
-417
-382
-360
-317
-282
-247
-210
-161
-68
-31
-21
36
93
127
135
140
178
193
136
50
-33
-94
-132
-144
-137
-92
-54
-72
-47
21
71
92
89
84
90
80
89
102
101
92
63
51
59
89
63
8
-23
-11
-4
25
53
83
114
96
122
147
201
236
275
340
352
397
361
368
381
341
277
222
182
149
97
60
52
44
98
99
126
161
181
190
182
197
217
253
232
214
183
142
99
53
-4
-22
-30
-71
-100
-126
-144
-192
-200
-173
-163
-156
-165
-211
-222
-207
-197
-212
-238
-253
-246
-273
-322
-323
-347
-360
-393
-382
-357
-316
-288
-284
-248
-177
-140
-164
-139
-133
-117
-108
-115
-134
-164
-149
-151
-182
-193
-209
-282
-312
-300
-300
-229
-181
-160
-166
-142
-92
-53
5
51
96
130
151
217
233
211
196
170
212
200
207
219
256
294
297
283
313
378
370
370
367
379
398
368
376
362
374
360
356
369
381
415
348
312
301
291
283
258
324
366
377
347
348
352
372
323
260
236
158
84
20
-34
-79
-100
-138
-186
-189
-170
-183
-231
-276
-292
-305
-328
-356
-367
-371
-364
-374
-364
-376
-396
-417
-446
-489
-517
-510
-500
-495
-462
-429
-411
-392
-371
-370
-334
-295
-262
-251
-233
-213
-232
-233
-197
-124
-101
-68
-51
-26
-59
-71
-72
-79
-59
-63
-81
-71
-52
-51
2
10
9
27
86
116
144
176
215
238
250
257
235
207
240
248
217
255
259
255
254
230
220
262
272
262
246
225
218
196
205
198
220
283
317
318
334
371
376
397
388
380
372
347
308
296
263
227
212
191
177
152
114
63
12
-10
-17
-62
-99
-118
-131
-125
-120
-93
-56
-56
-84
-70
-62
-90
-147
-200
-230
-253
-305
-347
-362
-377
-400
-476
-521
-509
-463
-455
-448
-434
-404
-389
-371
-332
-295
-251
-234
-232
-201
-161
-112
-124
-126
-89
-48
-32
-33
4
29
54
33
17
36
75
47
23
29
58
102
148
171
177
191
218
219
207
217
242
238
225
197
190
162
118
124
82
63
62
14
5
-48
-106
-133
-141
-115
-103
-75
-19
58
129
204
269
350
395
386
362
340
346
301
260
244
226
271
282
216
226
208
200
149
107
102
101
81
62
74
88
107
67
65
98
101
72
3
-56
-81
-132
-201
-237
-235
-211
-235
-269
-296
-309
-329
-393
-401
-418
-433
-480
-508
-467
-418
-373
-329
-296
-221
-193
-175
-154
-114
-60
-68
-61
-15
56
96
120
92
98
99
50
36
23
38
55
3
-12
3
-2
12
14
59
114
159
207
258
275
245
224
180
167
149
116
97
26
-8
-34
-75
-109
-159
-171
-181
-201
-192
-129
-112
-108
-115
-101
-72
-62
-34
-34
-24
-17
9
28
56
125
187
184
202
239
268
256
216
185
140
91
31
13
-15
-46
-39
-23
43
160
204
226
232
231
246
246
237
232
214
172
151
169
166
175
186
160
131
134
103
73
63
32
17
13
20
38
80
85
70
16
-55
-110
-127
-150
-190
-222
-267
-286
-288
-229
-219
-252
-254
-271
-274
-280
-284
-306
-322
-380
-422
-451
-443
-401
-387
-370
-355
-336
-320
-291
-261
-212
-193
-180
-168
-192
-170
-183
-196
-182
-186
-211
-228
-223
-227
-243
-235
-194
-161
-106
-34
35
126
183
184
207
257
311
329
366
402
452
500
523
562
567
608
607
549
542
541
562
537
510
502
506
481
415
358
346
354
298
269
265
288
269
216
194
184
162
130
49
23
-19
-19
-66
-103
-99
-103
-129
-152
-101
-73
-15
17
11
24
72
102
109
64
-1
-77
-206
-271
-292
-296
-286
-355
-383
-421
-414
-387
-371
-332
-349
-329
-329
-277
-193
-180
-249
-304
-317
-336
-346
-374
-382
-388
-439
-495
-526
-494
-458
-426
-408
-382
-350
-352
-334
-289
-222
-214
-189
-166
-123
-59
-16
15
32
72
80
109
113
163
228
253
294
291
337
374
397
412
429
500
557
591
577
597
589
548
521
474
474
456
431
372
342
355
315
312
305
313
328
321
303
297
284
257
242
266
287
231
160
75
42
23
-10
-42
-104
-155
-213
-265
-275
-232
-231
-264
-271
-285
-288
-287
-290
-276
-282
-293
-319
-343
-302
-285
-288
-341
-366
-381
-374
-360
-364
-352
-330
-308
-296
-269
-226
-177
-154
-128
-89
-80
-61
-56
-45
-18
-29
-40
-69
-43
-66
-57
-68
-50
-33
-45
-67
-69
-31
4
7
-8
23
68
114
120
124
135
101
54
0
-24
34
65
65
84
112
134
196
187
215
277
305
320
290
304
305
295
253
219
212
211
190
149
128
119
98
53
34
45
53
41
5
-21
7
-4
-21
-11
-17
-35
-81
-126
-133
-107
-86
-69
-62
-69
-93
-114
-144
-155
-150
-142
-110
-67
-37
-29
-27
-41
-23
-19
-8
11
24
35
37
43
97
124
131
149
146
159
136
125
148
120
64
39
20
44
49
30
37
56
74
73
75
68
32
-6
-11
-10
4
-8
-37
-76
-124
-122
-122
-159
-193
-226
-258
-259
-301
-307
-277
-241
-242
-257
-194
-138
-76
-79
-92
-68
-81
-103
-133
-120
-102
-89
-120
-142
-111
-79
-66
-86
-107
-98
-93
-144
-168
-108
-41
-18
5
48
118
162
164
173
193
223
245
244
281
323
324
317
302
333
328
304
243
227
218
175
171
127
117
97
88
91
139
162
147
127
84
80
56
31
21
36
34
8
10
26
55
84
71
64
75
78
40
1
-30
-24
-45
-81
-87
-100
-95
-117
-135
-102
-70
-54
-65
-71
-79
-65
-86
-89
-64
-60
-46
-85
-104
-109
-93
-114
-170
-196
-245
-292
-324
-363
-325
-323
-316
-294
-227
-196
-208
-188
-166
-119
-105
-77
-97
-98
-81
-83
-33
-18
7
13
-20
-39
-51
-53
-37
-41
-61
-34
-18
6
21
71
137
195
209
233
264
298
351
384
408
412
400
353
299
276
264
229
166
112
104
84
62
44
33
31
17
45
52
72
53
44
28
32
39
-11
-1
-7
-25
-36
-44
-47
-83
-87
-82
-61
-29
-31
-38
-21
-16
30
72
98
125
144
142
116
71
38
53
20
-24
-24
-50
-47
-61
-70
-62
-43
-82
-138
-177
-214
-244
-266
-288
-292
-317
-287
-264
-299
-268
-248
-252
-252
-280
-270
-229
-267
-249
-206
-171
-151
-150
-127
-122
-105
-87
-63
-27
-5
17
58
97
97
117
134
137
156
137
150
175
193
211
224
211
217
199
192
212
204
208
197
197
204
193
185
173
149
110
105
111
83
56
19
18
25
13
2
14
43
89
139
167
184
168
162
140
123
138
131
119
99
82
66
83
58
24
50
70
65
34
38
36
66
94
117
116
115
90
40
37
9
13
11
-30
-73
-109
-127
-158
-174
-182
-198
-244
-300
-350
-382
-422
-412
-386
-373
-373
-386
-317
-303
-246
-206
-163
-146
-136
-114
-115
-88
-59
-39
-60
-51
-25
-6
1
-24
-41
-39
-28
-24
-17
-33
-37
-28
-20
2
44
116
134
161
164
149
156
122
121
136
161
179
155
134
151
165
182
172
147
113
96
87
53
80
96
109
139
149
135
124
106
90
68
51
23
-33
-52
-71
-68
-79
-85
-88
-105
-109
-94
-71
-53
-46
-42
-40
-36
-15
-10
14
14
58
73
99
114
106
117
138
134
143
171
139
147
152
185
203
215
224
210
208
199
185
121
86
68
26
3
-73
-133
-136
-179
-204
-228
-202
-169
-194
-189
-207
-221
-220
-255
-293
-308
-293
-273
-307
-307
-275
-274
-299
-268
-210
-168
-147
-138
-152
-158
-99
-98
-65
-29
-10
59
97
148
197
230
234
236
212
206
215
199
183
156
143
128
107
97
70
57
60
60
53
78
100
116
123
118
124
92
85
87
81
61
29
1
-7
-21
-31
-25
-12
-4
5
-26
-35
-36
-68
-52
-64
-52
-46
-73
-82
-72
-63
-67
-77
-84
-96
-94
-68
-77
-81
-77
-75
-81
-85
-61
-27
-11
22
64
98
97
87
57
62
42
26
12
-34
-45
-56
-49
-41
-46
-67
-85
-113
-134
-115
-99
-113
-120
-116
-107
-88
-49
-30
-3
30
38
66
59
41
53
62
83
86
96
94
87
124
146
161
186
180
202
183
167
170
160
162
142
147
121
109
75
72
78
55
33
12
-20
-76
-86
-75
-67
-78
-73
-94
-132
-158
-149
-116
-107
-77
-79
-104
-106
-76
-65
-61
-31
-15
-10
24
28
32
69
66
71
52
53
71
84
90
82
91
109
131
120
139
141
153
151
138
152
170
179
170
171
148
117
89
68
18
6
-11
-51
-21
-1
-8
3
-11
-48
-67
-85
-104
-153
-207
-239
-268
-316
-317
-326
-342
-346
-344
-327
-307
-276
-312
-312
-290
-306
-315
-310
-290
-264
-250
-189
-144
-97
-69
-46
-43
-34
6
24
35
12
11
2
46
71
110
142
176
221
231
252
275
280
234
171
130
127
144
145
143
175
180
158
139
139
160
162
178
172
171
203
207
198
184
175
178
216
184
129
110
81
42
23
33
26
15
-6
-64
-71
-56
-83
-84
-100
-82
-77
-86
-74
-51
-27
-31
-21
-17
-25
-55
-70
-81
-78
-81
-103
-104
-112
-93
-97
-116
-82
-93
-79
-69
-46
-5
15
29
47
53
58
53
51
65
53
47
27
14
40
27
32
69
85
68
63
22
-2
45
31
32
15
12
-6
-33
-29
-27
-13
18
30
41
50
34
5
-28
-81
-112
-100
-58
-40
-40
-26
-46
-76
-109
-117
-102
-108
-68
-67
-79
-98
-127
-160
-175
-173
-172
-156
-159
-124
-118
-96
-97
-42
-32
-29
-8
-3
-15
-46
-21
-19
2
34
25
25
25
11
43
54
90
98
132
135
91
91
75
107
140
143
139
153
149
141
136
121
130
114
106
99
62
56
15
6
4
22
36
43
47
52
66
44
49
15
21
14
18
13
-21
-24
-56
-69
-81
-72
-53
-40
-55
-77
-97
-93
-109
-127
-115
-115
-101
-85
-83
-60
-50
-52
-72
-107
-118
-130
-154
-139
-118
-103
-71
-66
-39
-1
43
62
53
35
38
15
16
15
38
80
110
104
98
98
90
91
77
93
116
100
106
139
137
133
118
103
109
104
106
150
206
192
185
182
167
194
182
190
179
158
152
121
124
144
141
129
123
126
131
123
99
74
60
53
49
22
-13
-22
-49
-85
-125
-148
-161
-166
-174
-210
-242
-289
-306
-343
-364
-396
-408
-394
-413
-417
-401
-377
-379
-340
-307
-287
-253
-250
-230
-220
-219
-189
-159
-137
-102
-95
-78
-56
-41
-18
5
45
62
97
95
100
98
91
123
137
173
193
225
216
199
187
186
206
189
177
160
161
149
109
105
93
49
33
31
27
45
52
50
41
12
-12
-8
-15
17
33
28
41
43
46
51
58
58
75
89
95
88
70
66
60
73
104
113
125
113
107
84
92
101
120
141
145
149
144
137
124
91
62
68
57
33
56
43
21
13
-4
-12
-23
-26
-38
-45
-53
-80
-110
-123
-145
-155
-148
-148
-157
-155
-172
-173
-181
-181
-141
-119
-79
-82
-84
-79
-108
-88
-94
-83
-67
-47
-43
-42
-73
-77
-81
-67
-52
-39
-23
-25
-8
-1
8
-3
12
-9
-9
-3
8
19
32
64
96
86
78
65
43
31
22
10
-21
3
4
-16
-5
4
-9
-11
-7
-18
15
7
8
-7
-29
-23
-50
-55
-65
-62
-66
-90
-88
-84
-84
-85
-75
-62
-46
-36
-4
6
35
72
97
111
121
159
182
186
202
217
231
224
199
192
170
159
169
167
124
81
38
43
20
23
38
6
25
-10
-33
-71
-86
-89
-86
-96
-120
-115
-124
-129
-126
-105
-67
-59
-36
-23
-1
43
65
68
88
76
48
11
5
-17
-13
-12
-28
-15
-12
-19
-37
-36
-42
-41
-48
-49
-52
-36
-40
-63
-50
-45
-46
-61
-78
-79
-83
-86
-66
-57
-30
-20
-12
11
31
34
12
-7
16
12
-12
4
2
14
9
0
-2
-5
25
-5
22
22
2
6
13
-3
19
45
33
53
85
70
57
59
53
69
75
97
63
47
46
43
27
9
37
22
24
17
0
19
-8
-8
0
7
19
5
-17
-32
-32
-33
-28
-13
-14
-37
-69
-71
-87
-109
-124
-147
-149
-130
-136
-135
-140
-140
-126
-143
-142
-139
-143
-132
-123
-97
-72
-60
-39
-6
18
24
34
28
42
40
43
48
41
71
62
66
62
53
78
71
73
75
72
95
130
158
157
165
184
181
193
203
203
197
169
134
98
73
62
74
65
71
41
26
11
-13
-32
-42
-23
-23
-34
-51
-73
-68
-85
-86
-67
-60
-41
-8
-3
-38
-21
-37
-51
-53
-52
-26
4
16
39
42
30
7
-1
-4
-2
-5
-19
-43
-50
-48
-60
-56
-73
-72
-81
-86
-71
-71
-60
-85
-101
-119
-133
-111
-92
-65
-74
-65
-67
-47
-35
-25
-12
6
34
52
72
72
59
74
72
99
99
85
56
38
41
47
67
83
100
109
85
47
36
30
19
14
21
22
17
-4
-30
-58
-71
-92
-94
-95
-97
-86
-72
-99
-91
-62
-64
-53
-30
-36
-32
-34
-56
-42
-39
-34
-46
-49
-44
-50
-27
-33
-22
-33
-28
-36
-42
-27
1
38
35
49
46
58
81
117
130
139
162
168
162
153
152
147
155
140
141
147
120
136
132
121
126
85
62
69
60
42
37
10
6
4
8
38
18
32
20
-4
-20
-34
-56
-27
-31
-27
-14
-2
31
22
14
-19
-42
-50
-42
-48
-32
-25
-40
-42
-46
-26
-28
-39
-55
-63
-72
-71
-92
-106
-123
-126
-118
-124
-122
-146
-166
-174
-173
-196
-175
-157
-172
-199
-234
-262
-255
-250
-224
-193
-192
-183
-159
-119
-71
-8
19
36
58
82
83
75
61
58
99
120
156
159
162
158
101
89
84
114
123
105
110
132
138
115
111
127
141
143
134
126
122
103
107
107
131
113
95
108
90
96
96
116
129
129
136
112
78
33
24
22
12
26
19
39
39
4
9
37
52
77
59
35
26
5
1
-4
-29
-61
-58
-70
-90
-82
-82
-87
-107
-125
-147
-189
-188
-178
-176
-149
-146
-165
-179
-195
-201
-179
-158
-155
-147
-150
-139
-129
-123
-111
-104
-88
-95
-64
-45
-32
-29
6
16
13
32
54
83
89
98
89
87
83
67
95
137
160
155
136
95
84
86
103
129
168
191
179
162
112
94
79
88
95
99
85
70
50
29
28
38
81
76
42
12
3
-11
-23
-20
15
27
0
5
11
-12
-19
-28
-27
-6
15
22
10
-10
-34
-31
-50
-58
-57
-56
-76
-92
-115
-132
-156
-151
-152
-154
-138
-150
-138
-167
-157
-156
-157
-115
-101
-93
-117
-132
-149
-134
-130
-117
-55
-29
-20
-54
-70
-61
-38
6
24
64
68
43
27
25
36
32
65
113
170
196
175
166
154
159
177
211
216
200
199
157
149
148
159
152
120
108
80
60
49
57
57
64
87
95
77
59
63
52
49
60
46
22
16
11
7
-7
-38
-59
-47
-54
-81
-104
-145
-136
-152
-161
-145
-139
-118
-98
-79
-88
-71
-51
-78
-64
-44
-48
-54
-74
-73
-55
-67
-78
-81
-79
-93
-100
-99
-81
-62
-37
7
28
58
74
81
84
114
133
130
159
154
147
128
123
158
163
157
117
107
72
65
54
46
59
12
-21
-60
-95
-101
-122
-123
-88
-75
-57
-45
-44
-61
-46
-45
-41
-35
-40
-40
-72
-121
-145
-158
-163
-147
-128
-123
-98
-107
-122
-117
-134
-120
-121
-119
-81
-74
-66
-63
-78
-86
-103
-89
-78
-55
-50
-69
-57
-31
-13
21
42
75
110
109
108
106
113
120
110
93
87
84
60
52
61
81
111
147
145
108
137
131
119
124
126
146
145
137
130
105
70
54
44
51
50
80
65
31
42
38
37
33
4
-3
0
-16
-38
-8
-20
-5
-9
-23
-19
-39
-11
-17
1
-19
-42
-36
-35
-23
-14
-7
-38
-71
-90
-96
-97
-88
-62
-34
-14
-2
25
13
6
2
8
18
28
28
39
38
16
15
36
39
18
-11
-10
-24
-42
-9
-7
0
28
49
57
48
47
60
53
52
48
47
39
49
48
13
-29
-73
-91
-125
-113
-103
-68
-70
-73
-57
-69
-58
-65
-44
-38
-70
-61
-54
-82
-64
-58
-48
-55
-79
-103
-79
-67
-61
-38
-24
-13
-30
-38
-53
-23
-7
-18
-13
-11
-21
-61
-94
-90
-81
-59
-19
16
32
23
40
43
52
50
76
101
105
122
123
142
148
151
141
124
90
93
127
121
117
111
126
101
82
71
82
58
59
71
54
37
7
-2
-8
9
30
38
59
45
22
-12
-49
-61
-45
-29
-9
-9
-37
-79
-109
-123
-149
-143
-141
-139
-146
-181
-189
-161
-162
-165
-146
-114
-100
-113
-81
-72
-76
-79
-79
-58
-85
-91
-95
-82
-60
-44
8
59
85
101
88
104
100
108
142
145
149
155
132
116
120
101
112
142
138
110
106
104
76
96
114
116
134
108
83
75
29
41
38
16
16
2
19
8
31
22
8
3
-39
-20
-28
-40
-37
-26
-36
-41
-49
-71
-74
-67
-67
-37
-35
-83
-145
-173
-131
-100
-80
-57
-62
-78
-91
-123
-120
-113
-101
-92
-120
-117
-135
-154
-163
-143
-107
-75
-55
-26
4
5
11
32
40
38
44
51
53
60
62
102
117
118
132
134
124
159
154
148
178
164
149
120
134
156
158
160
144
107
113
102
86
70
46
7
-39
-76
-82
-88
-72
-58
-64
-78
-99
-120
-139
-139
-135
-131
-138
-139
-143
-128
-116
-132
-122
-112
-145
-136
-106
-72
-43
-3
17
47
56
36
64
81
89
120
140
147
132
105
108
107
85
83
69
44
8
24
27
29
36
17
17
-14
-5
13
38
84
68
34
10
-32
-37
-11
-7
16
7
-38
-52
-87
-127
-103
-77
-61
-63
-72
-88
-109
-118
-109
-63
-32
-3
17
16
-26
0
22
48
71
52
62
23
24
17
36
41
51
77
78
69
29
19
39
21
22
10
15
-27
-61
-73
-103
-81
-90
-70
-44
-40
-4
8
37
57
33
42
48
62
56
51
26
-4
0
-6
-4
-4
4
8
-17
-26
2
16
38
58
55
20
11
18
5
19
41
73
63
69
56
61
66
81
83
64
75
67
74
68
76
97
101
64
29
-8
-25
-13
-30
-19
-30
-62
-85
-103
-130
-134
-107
-90
-121
-105
-152
-158
-171
-187
-137
-117
-84
-117
-143
-156
-134
-119
-105
-69
-46
-40
-63
-96
-106
-63
-18
-5
22
13
-6
12
8
31
38
35
65
30
-12
-8
-3
0
-4
-25
-20
-2
-10
0
0
11
11
18
34
62
90
104
103
55
60
80
109
107
130
122
86
52
43
58
63
110
142
145
100
118
84
76
129
133
145
128
108
60
45
67
75
81
92
60
6
7
-16
-1
19
29
29
-2
-29
-49
-50
-32
-7
1
-1
-8
-33
-48
-69
-42
-15
-41
-48
-70
-66
-81
-88
-65
-65
-42
-32
-60
-75
-76
-86
-82
-77
-72
-41
-63
-80
-100
-93
-59
-61
-29
-34
-41
-81
-106
-100
-96
-68
-41
-25
-35
-46
-72
-82
-73
-56
-16
5
28
20
0
-11
7
31
29
92
80
31
31
21
29
34
60
90
96
97
83
57
63
55
53
33
30
22
-12
-22
-41
-4
48
60
52
49
55
22
-1
15
30
40
45
24
9
-25
-43
-37
-15
-6
4
29
19
8
0
1
-17
-11
-35
-53
-59
-78
-66
-78
-29
-33
-22
-12
-25
-14
-38
-26
-33
-12
-10
7
49
38
46
51
25
18
-15
-23
7
7
15
31
32
24
11
22
-1
-1
4
1
20
30
25
25
25
-6
-26
-18
-27
-36
-46
-26
-22
-4
-10
-12
12
0
5
-1
10
34
26
18
19
23
24
10
21
24
29
46
33
47
29
33
24
-12
3
17
25
51
38
8
23
-13
-4
5
18
30
57
40
-5
5
-13
7
19
-17
6
-32
5
-27
-47
-9
-23
-9
-9
-26
-56
-63
-88
-95
-96
-98
-64
-47
-57
-69
-51
-36
-62
-5
-1
12
29
20
30
4
-8
6
27
45
57
58
63
60
49
30
24
40
67
35
27
22
16
14
5
17
7
12
3
7
17
14
25
51
34
29
32
29
33
22
1
23
7
-28
-51
-69
-52
-65
-62
-63
-63
-54
-53
-46
-12
-37
-44
-24
-58
-71
-86
-75
-77
-85
-65
-76
-100
-93
-86
-101
-77
-56
-43
-21
-19
-30
-15
-8
-26
-5
13
19
20
30
34
54
56
39
18
14
23
28
50
48
64
62
95
101
122
113
104
92
70
75
81
93
71
71
109
94
99
91
108
93
52
56
70
68
24
44
32
44
51
74
69
41
34
48
41
21
64
36
23
-28
-49
-61
-74
-68
-48
-47
-52
-51
-74
-78
-69
-91
-111
-103
-134
-143
-136
-101
-104
-115
-101
-89
-60
-85
-75
-45
-56
-36
-39
-19
-16
-5
-15
-48
-40
-27
-39
-34
-53
-34
-47
-43
-9
3
20
-7
11
1
-16
4
-6
-18
-25
4
-17
-30
-3
14
21
32
10
13
46
27
46
72
94
52
35
36
25
18
39
17
30
16
2
10
-11
-15
5
34
7
43
36
57
51
43
46
34
40
83
62
66
83
67
41
16
32
36
60
59
64
41
7
14
-5
7
16
15
0
-39
-57
-53
-40
-28
-17
-2
-24
-47
-67
-50
-36
12
14
8
0
-48
-64
-73
-40
-30
-9
8
-7
11
-8
-22
-11
-9
-7
-4
-12
-10
0
5
36
50
47
21
-19
-28
-23
-1
10
20
27
6
23
-5
-18
0
-13
-12
5
19
0
-37
-16
-26
-5
-8
-8
0
-31
-15
-43
-39
-17
6
30
18
-5
4
1
-12
45
37
58
38
31
45
33
37
17
24
31
16
11
6
2
3
-8
-16
-13
3
10
-10
-32
-4
6
-3
8
-4
-12
7
-9
-25
-33
-16
20
24
-9
-6
7
-29
-52
-59
-32
-19
-34
-70
-56
-23
-52
-47
-3
-24
-49
-35
-43
-46
-37
-23
-34
-36
-23
-29
-36
-22
-22
-36
6
-9
-14
2
11
47
61
30
22
21
13
16
34
36
27
28
19
32
11
27
59
17
24
45
19
37
44
52
22
29
5
-8
3
3
34
30
9
-14
-4
-37
-28
-8
14
5
-23
6
-21
-20
-5
21
27
5
-4
-22
-42
-22
-2
-12
13
27
-20
-24
6
-24
-7
-19
16
25
14
9
-19
-22
-4
13
-2
-10
19
16
-10
4
20
51
38
38
33
38
19
34
32
46
61
44
57
27
14
3
-2
6
-3
11
41
29
55
19
5
11
1
19
-11
1
27
2
0
-32
-7
-20
-5
-25
-63
-19
-38
-47
-48
-42
-32
-43
-54
-75
-79
-91
-96
-104
-71
-64
-67
-53
-88
-91
-109
-74
-85
-49
-51
-65
-59
-52
-55
-20
13
-27
-4
0
0
28
80
85
91
109
85
84
66
57
109
88
81
88
87
56
55
65
53
50
25
38
21
26
34
35
24
35
34
26
28
23
32
24
48
41
16
22
34
14
24
33
19
12
-12
-23
-59
-11
-26
-36
-21
-30
-46
-58
-68
-58
-45
-43
-43
-44
-46
-20
-28
-21
-6
4
10
-4
5
13
24
26
19
8
-7
0
-11
-10
7
8
-8
-18
-19
-13
-26
-34
-11
-55
-53
-35
-28
-3
9
35
36
2
4
7
15
25
45
79
28
42
60
15
27
23
39
28
19
6
-30
-18
-16
-10
9
13
35
-33
-14
-39
-64
-50
-61
-64
-51
-65
-80
-62
-74
-27
-26
-42
-52
-36
-50
-43
-43
-41
2
-21
-23
-2
-9
-7
13
-10
-1
-10
-9
4
-5
16
11
13
34
16
25
41
19
42
33
24
17
38
87
65
67
81
82
45
30
26
14
49
34
37
38
50
7
16
36
20
10
16
-6
-37
-30
-43
-21
-20
-14
4
-20
-56
-36
-33
-29
0
17
17
18
2
-3
-9
0
15
-26
-38
-35
-21
-30
-4
4
14
-7
-42
-28
-47
-33
-1
1
-27
-19
-10
3
19
31
40
21
45
8
5
29
17
37
8
22
1
13
8
-7
-9
-11
-19
-35
-15
-46
-42
6
-16
-15
21
-12
-7
8
5
24
19
33
21
15
-14
6
36
18
15
12
4
-10
-31
-39
-25
-30
-27
-23
-2
-19
-3
-3
-23
-4
-8
-6
5
-17
-14
25
37
38
33
61
57
42
29
27
55
48
50
52
70
27
14
26
0
-2
2
29
18
20
10
-2
3
3
-5
-26
0
-18
-25
-19
-30
-34
-33
-23
-33
-33
-34
-29
-58
-48
-39
-34
-8
-8
0
-31
-14
-21
-58
-14
-11
-3
-9
-16
8
6
-14
-5
-2
-2
-3
-24
13
7
17
0
-27
-16
-26
-20
-44
-13
-11
-16
-8
-10
-24
-51
-46
-20
-28
6
4
-13
-10
-25
-8
-30
-11
10
-32
-14
-4
-13
20
20
48
29
47
52
25
28
31
55
93
75
114
88
71
70
47
41
24
37
7
58
62
55
15
23
11
22
30
13
41
50
3
-8
-23
7
22
5
27
-21
-5
-43
-69
-62
-38
-21
-31
-40
-35
-59
-64
-76
-59
-23
-45
-60
-62
-77
-78
-55
-45
-42
-39
-23
-54
-68
-36
-31
11
4
-14
-5
-22
-18
-11
-5
-2
23
9
-2
-17
-5
-2
14
34
30
58
43
49
53
57
58
54
66
87
44
18
18
18
19
27
26
49
50
10
-21
-42
-36
-24
-16
5
8
-5
-16
-26
-41
-15
4
-16
-14
-20
-12
-24
-28
-19
2
17
4
-20
-26
-42
-11
-5
5
30
17
-3
-23
-44
-42
-20
12
13
-2
6
-12
-2
-16
6
31
33
33
16
4
12
1
15
48
50
44
27
15
-1
33
23
18
47
24
-4
-24
-25
-21
14
33
64
60
37
27
7
0
3
33
35
31
35
2
8
-6
-14
-8
-7
-27
-28
-27
-38
-12
-13
-28
-13
-30
-33
-38
-50
-38
-67
-64
-61
-39
-42
-43
-32
-38
-83
-75
-32
-43
-20
2
-18
-7
-3
-23
15
21
13
4
-31
0
-3
-1
36
33
42
45
25
43
60
64
94
70
79
73
44
47
31
42
45
59
54
35
25
9
4
36
44
59
44
1
-7
-34
-31
-13
-10
-7
7
-23
-27
-17
-15
6
0
-39
-33
-42
-72
-70
-63
-79
-62
-70
-72
-75
-53
-40
-38
-21
-22
-27
-18
-7
-1
5
-9
3
-9
-13
5
-2
4
-9
-6
2
-17
-15
-13
-12
-3
-14
3
35
49
31
15
23
18
-2
22
28
49
55
36
42
33
5
-6
18
18
31
36
43
14
1
-13
-5
15
4
24
24
11
-7
-9
19
21
-6
14
-14
-31
-27
-43
-13
-9
-7
8
1
-29
-3
-12
-27
-21
-17
-14
-24
-7
-29
-32
-40
-21
-12
-19
1
-24
-20
-8
-12
8
15
16
15
17
2
1
28
34
32
31
34
13
-4
-20
6
18
35
43
27
18
6
9
-6
-4
3
1
-7
-17
-2
2
-2
16
7
2
7
-18
-9
-4
-3
19
8
20
10
-1
18
10
15
22
16
25
32
28
47
23
9
6
-6
-12
4
-7
-16
-20
