-77
-65
-51
-31
-9
-6
3
9
10
17
28
32
34
47
63
71
90
94
77
60
36
27
20
26
35
36
44
45
47
46
52
51
52
53
44
37
29
22
17
11
8
7
15
16
24
36
28
41
38
42
43
21
13
-9
-38
-54
-63
-61
-55
-42
-37
-58
-66
-72
-89
-93
-93
-94
-91
-89
-81
-73
-76
-67
-68
-69
-63
-65
-73
-82
-86
-97
-111
-122
-138
-152
-150
-130
-113
-86
-63
-52
-46
-44
-51
-63
-50
-45
-43
-33
-22
-25
-22
-16
-6
5
14
21
24
30
25
34
39
49
61
77
96
118
142
159
162
165
162
155
148
143
143
121
105
85
67
59
47
44
34
33
34
30
25
15
-2
-13
-29
-48
-56
-68
-81
-82
-86
-79
-74
-51
-28
-2
18
22
25
18
14
-12
-27
-47
-54
-46
-30
-27
-31
-24
-39
-43
-53
-51
-44
-34
-16
4
23
35
41
60
63
62
61
51
44
36
36
35
36
32
28
16
12
10
11
26
41
45
51
55
60
65
61
60
56
42
30
20
15
2
-14
-25
-40
-53
-57
-63
-72
-84
-99
-112
-110
-104
-94
-87
-66
-47
-29
5
30
52
72
86
104
121
129
140
131
129
121
111
101
96
92
76
66
56
43
36
34
31
34
38
31
19
3
-16
-35
-55
-75
-92
-103
-111
-119
-139
-149
-157
-158
-153
-151
-154
-159
-162
-175
-177
-170
-163
-155
-147
-137
-125
-116
-107
-89
-83
-59
-51
-38
-20
-19
-13
-6
8
19
31
47
54
58
59
55
53
51
52
43
22
16
18
22
35
40
47
42
40
44
60
76
97
113
116
112
107
94
80
69
62
56
52
58
70
70
64
46
33
20
19
26
39
42
51
68
80
93
104
125
128
124
107
85
57
36
5
-14
-30
-34
-35
-36
-40
-49
-37
-41
-30
-19
-9
-1
-5
-19
-38
-36
-26
-17
7
14
17
14
4
0
-5
-4
-26
-36
-48
-62
-74
-70
-67
-64
-58
-66
-52
-39
-26
-24
-26
-20
-27
-21
-1
11
27
31
32
36
32
34
33
31
20
15
-4
-9
-15
-28
-34
-37
-44
-56
-51
-58
-69
-64
-55
-57
-51
-49
-33
-33
-33
-19
-20
-3
7
8
1
-12
-27
-21
-14
7
14
10
6
-7
-15
-22
-17
-12
-3
1
11
27
37
50
55
50
38
18
5
-9
-14
-20
-14
-18
-13
-16
-17
-18
-30
-30
-38
-42
-30
-15
-4
-2
-11
-26
-41
-45
-26
-11
6
13
16
5
6
24
35
46
51
61
53
48
54
63
68
75
78
82
76
74
61
48
35
21
29
38
48
59
61
68
61
47
35
17
-3
-21
-33
-48
-57
-66
-68
-62
-54
-45
-36
-27
-26
-26
-28
-32
-41
-53
-58
-66
-60
-56
-43
-30
-14
-7
-6
9
-6
-12
-19
-24
-14
1
19
28
28
30
22
18
11
7
8
15
22
32
44
44
41
38
36
35
37
41
31
23
13
3
8
5
12
24
24
34
27
16
12
-6
-26
-26
-37
-45
-45
-38
-39
-39
-35
-39
-33
-24
-13
-7
-10
-17
-28
-30
-26
-10
9
15
30
36
28
34
43
49
52
55
59
55
41
32
19
-2
-5
-12
-12
-6
-16
-16
-24
-32
-37
-55
-59
-69
-87
-97
-98
-93
-94
-85
-89
-98
-109
-120
-131
-133
-123
-116
-98
-85
-80
-81
-76
-62
-47
-36
-10
6
30
58
60
66
70
72
68
73
93
112
125
136
150
160
159
168
162
142
117
88
64
55
53
58
59
59
63
69
72
77
79
80
79
70
73
73
60
52
42
27
17
19
14
18
29
32
32
33
31
28
23
15
10
6
-5
-7
-20
-35
-35
-51
-60
-67
-61
-60
-62
-61
-71
-94
-103
-99
-97
-77
-83
-79
-83
-87
-84
-82
-63
-67
-61
-64
-61
-57
-47
-33
-27
-26
-34
-29
-33
-21
-18
-15
-16
-34
-39
-49
-51
-52
-69
-64
-64
-69
-77
-76
-75
-74
-71
-64
-54
-50
-47
-38
-25
-17
-12
7
20
27
29
19
28
35
45
59
68
75
86
84
88
93
80
62
49
47
48
57
61
61
58
53
45
39
39
40
37
27
21
16
9
9
13
16
23
30
33
46
62
69
80
78
69
67
59
37
32
24
20
23
22
26
20
19
14
-9
-20
-31
-36
-36
-32
-21
-14
-5
-1
-1
-8
-21
-28
-41
-51
-50
-31
-18
-10
-9
-22
-22
-10
-1
6
13
16
6
9
15
16
25
22
30
39
55
67
59
51
39
16
0
-22
-27
-24
-27
-13
-13
-7
10
26
37
29
18
6
-5
-11
-4
-3
-11
-19
-30
-36
-52
-60
-75
-88
-98
-116
-128
-139
-143
-139
-131
-123
-107
-95
-79
-68
-72
-67
-59
-56
-48
-34
-21
-24
-34
-35
-40
-32
-18
-3
10
26
39
41
46
50
53
53
43
40
54
62
62
64
61
61
58
54
60
68
70
66
69
72
78
79
72
64
50
44
30
34
31
19
6
-14
-22
-21
-13
-4
5
13
9
0
2
-8
-9
-20
-26
-24
-36
-32
-22
-19
-21
-11
5
7
24
39
46
47
39
31
24
29
47
61
60
54
45
35
14
5
-2
-18
-25
-25
-13
2
16
33
30
22
11
6
8
-5
-2
-7
-14
-13
4
21
19
17
11
-4
-9
-17
-18
-6
-4
2
13
31
40
40
29
15
-6
-26
-27
-25
-15
-9
-7
-25
-45
-68
-77
-71
-64
-52
-53
-51
-53
-49
-44
-42
-50
-56
-54
-48
-32
-28
-27
-28
-27
-18
-7
10
26
20
5
-6
-10
-15
-9
-4
-4
-6
-4
-5
0
4
5
1
4
5
0
14
28
25
30
31
30
38
35
39
36
42
43
42
51
42
29
4
-22
-52
-80
-85
-94
-96
-97
-102
-99
-100
-81
-65
-72
-62
-64
-66
-61
-61
-45
-36
-16
-3
9
19
27
39
43
45
44
58
57
70
82
93
97
93
96
82
85
79
61
49
40
31
24
25
23
11
-2
-3
-15
-22
-33
-41
-48
-52
-38
-30
-25
-19
-24
-25
-21
-14
-4
4
3
14
25
47
64
88
111
120
133
128
122
114
109
101
85
79
62
35
36
26
40
46
46
36
13
3
-14
-22
-45
-58
-73
-86
-74
-68
-63
-60
-52
-48
-39
-24
-14
0
-3
-3
-1
-13
-14
-20
-24
-23
-19
-17
-22
-13
-8
-8
-13
-17
-18
-15
-5
7
6
-1
-10
-28
-39
-40
-33
-37
-38
-35
-32
-34
-33
-35
-51
-54
-54
-58
-53
-44
-39
-39
-37
-39
-35
-27
-21
-21
-18
-14
-19
-1
9
4
7
-6
-16
-19
-6
-1
-8
-10
-23
-33
-34
-25
-14
-7
-12
-12
-24
-29
-29
-23
-23
-22
-13
-9
5
6
10
12
20
28
43
60
67
78
77
83
78
72
76
86
99
114
124
127
116
97
93
78
80
82
76
79
83
85
87
79
67
66
62
51
31
12
-7
-31
-40
-35
-33
-28
-32
-31
-35
-36
-31
-26
-21
-23
-22
-23
-17
-23
-38
-55
-72
-92
-104
-113
-119
-125
-130
-133
-136
-140
-152
-153
-149
-143
-139
-134
-119
-111
-102
-93
-91
-83
-85
-86
-71
-63
-52
-44
-29
-34
-41
-35
-42
-34
-27
-16
1
25
51
80
107
134
146
153
166
169
177
192
192
194
192
185
183
171
157
149
137
142
154
170
183
183
179
174
167
161
152
138
127
108
102
84
60
24
-14
-50
-100
-121
-146
-164
-165
-184
-202
-216
-224
-225
-226
-224
-214
-200
-185
-167
-143
-134
-121
-117
-126
-133
-138
-136
-144
-133
-129
-137
-125
-112
-80
-57
-23
-2
32
56
78
92
101
109
102
113
110
113
112
107
105
89
68
57
49
40
45
48
52
56
66
78
80
93
94
105
100
109
111
104
99
73
42
21
7
3
-7
-18
-12
-11
-10
-5
2
-16
-43
-64
-98
-101
-91
-76
-46
-45
-3
20
32
54
48
31
14
-4
-46
-32
-5
3
13
23
15
-3
-4
-2
7
15
14
32
40
39
61
57
53
36
24
9
-10
-37
-55
-59
-77
-108
-114
-127
-144
-135
-143
-154
-163
-159
-155
-123
-115
-99
-65
-87
-84
-63
-58
-43
-6
28
66
104
129
130
117
108
98
105
99
99
111
127
138
142
171
169
149
148
125
102
111
97
89
80
60
30
-5
-31
-64
-91
-107
-149
-179
-165
-148
-116
-112
-109
-94
-82
-84
-66
-79
-113
-96
-86
-79
-65
-58
-48
-61
-54
-23
2
11
27
43
42
70
81
56
89
142
153
169
172
134
120
107
88
89
77
86
61
36
30
27
22
14
21
45
58
45
38
19
25
16
-7
-11
-25
-26
-42
-57
-68
-74
-62
-63
-59
-67
-53
-62
-83
-95
-94
-108
-121
-122
-99
-56
-5
32
51
64
48
42
23
15
16
2
6
1
30
29
18
10
2
11
0
-47
-78
-87
-116
-138
-129
-144
-122
-81
-69
-67
-69
-89
-117
-141
-137
-140
-158
-137
-141
-110
-95
-50
-6
-10
-8
-22
15
51
80
87
88
93
134
161
168
188
186
195
202
217
214
217
188
195
212
200
180
184
206
208
195
170
148
126
105
116
102
56
48
29
-25
-43
-72
-97
-103
-104
-119
-155
-154
-153
-131
-115
-107
-125
-99
-96
-110
-106
-87
-36
-54
-53
-49
-46
-34
-35
-53
-39
-43
-32
-41
-70
-82
-109
-88
-239
-263
-108
26
-68
-292
-205
-30
7
-159
-142
-61
-23
44
45
9
-64
97
277
199
142
274
494
458
284
359
499
473
351
294
393
438
462
243
72
-30
106
314
125
-133
-425
-379
-229
-309
-602
-776
-607
-371
-410
-767
-1033
-890
-551
-417
-786
-874
-567
-336
-391
-748
-566
-116
237
107
-185
-19
345
510
258
194
500
761
727
456
589
939
1110
960
681
756
927
920
682
607
770
812
798
658
629
625
577
570
454
428
306
177
107
-45
-44
-133
-183
-266
-314
-352
-473
-414
-447
-453
-589
-498
-668
-1061
-1133
-812
-413
-857
-1446
-1488
-1017
-817
-1364
-1889
-1567
-880
-772
-1339
-1857
-1659
-811
-463
-888
-1203
-693
157
88
-521
-672
176
1055
707
18
246
1153
1703
1231
800
1189
1823
1852
1285
1144
1684
2265
2035
1538
1511
1888
2049
1630
1535
1645
1639
1509
1311
1358
1266
961
740
762
807
714
444
301
376
348
132
-113
-154
-230
-355
-528
-631
-660
-912
-1088
-1182
-1092
-1253
-2023
-2331
-2176
-1607
-1535
-2370
-2853
-2551
-2021
-2146
-2715
-2999
-2521
-2012
-2039
-2504
-2911
-2449
-1815
-1573
-1548
-1579
-1030
-472
-412
-662
-444
478
1378
1521
1127
1291
1875
2395
2380
2288
2649
3103
3064
2636
2393
2732
3140
2904
2717
2654
2736
2713
2425
2278
2278
2217
1915
1613
1357
1197
964
561
305
102
169
81
-227
-480
-582
-498
-686
-903
-1056
-1154
-1257
-1401
-1993
-2257
-1926
-1818
-1935
-2398
-2151
-1934
-2205
-2477
-2540
-1932
-1484
-1683
-2289
-2502
-2344
-1917
-1868
-2194
-2002
-1793
-1592
-1819
-2025
-1609
-1142
-896
-1023
-864
-430
-39
6
-32
559
1139
1358
1281
1409
1903
2250
2189
2275
2716
3223
3231
2826
2764
3059
3369
3119
2690
2514
2793
2729
2343
1921
2046
1964
1432
1763
1813
1518
621
185
419
401
56
-305
-802
-1153
-929
-902
-1299
-1661
-1665
-1086
-1338
-2058
-1906
-1407
-982
-1361
-1885
-1564
-894
-703
-928
-1278
-1202
-853
-902
-846
-942
-1019
-1627
-2804
-2180
-530
584
-1164
-3552
-3329
-693
381
-1758
-3946
-2954
57
350
-2309
-4668
-3264
271
1243
-1429
-3485
-1617
1942
1942
-1252
-2522
697
4201
3427
-197
-974
2403
5157
3680
680
1043
4258
5486
2761
605
2090
5025
4906
1849
466
2254
4395
3428
1119
793
2670
2820
952
399
1083
2170
910
-624
-768
-98
131
-885
-2226
-2195
-791
-715
-2032
-3346
-2837
-1152
-1579
-2750
-2875
-1936
-942
-1682
-2441
-2034
-997
-439
-758
-1423
-1362
-585
-233
-190
-470
-633
-848
-1805
-1062
170
936
-476
-2819
-2524
-176
824
-1281
-3510
-2752
178
841
-1691
-4095
-3319
-109
1188
-1375
-3446
-1949
1582
1930
-1220
-2562
414
3961
3409
-307
-1419
1926
4977
3590
496
623
3803
5080
2393
224
1748
5001
5075
2005
606
2452
4659
3622
1285
942
2806
2822
694
237
839
1821
515
-913
-761
-326
-451
-1502
-2331
-2002
-1063
-1427
-2677
-3491
-2970
-1686
-2032
-2933
-2660
-1900
-1140
-1927
-2341
-1772
-868
-366
-733
-1249
-983
-190
269
82
-236
-297
-387
-1007
-365
1009
1564
355
-1747
-1499
455
1206
-710
-2587
-1787
601
705
-1860
-3942
-2900
-118
775
-1580
-3241
-1743
858
839
-1864
-2547
141
3021
2165
-1009
-1801
1106
3718
2433
-380
-200
2689
3889
1559
-436
1014
3987
4266
1491
58
1758
3865
3286
1146
820
2374
3134
1135
57
883
2226
1887
-137
-438
157
719
-43
-1077
-1078
-222
58
-1173
-2252
-2056
-614
-13
-1122
-1654
-1128
-13
-226
-1168
-1105
-209
552
138
-636
-695
204
595
145
-96
130
680
67
-856
-1442
-670
591
887
-380
-2326
-2288
-1223
-658
-1816
-3297
-3498
-1883
-1061
-2417
-4493
-4580
-2121
-516
-1826
-4017
-3790
-1052
254
-1578
-3267
-1608
1727
2394
-61
-1751
348
3197
3261
917
217
2497
4244
3104
987
1469
3999
4911
3173
1400
2144
4107
4537
3022
2173
2847
4042
2826
1199
1579
2553
3042
1333
295
536
1219
820
-517
-1403
-622
643
-248
-1897
-2553
-1323
121
-926
-2358
-2203
-813
-26
-1301
-2139
-1556
-120
-6
-800
-1528
-1185
-349
-256
-534
-884
-861
-828
-1447
-2396
-1522
-345
152
-1635
-3668
-3114
-1122
-730
-2773
-4444
-3536
-968
-1100
-3742
-5629
-4137
-762
-392
-3102
-4386
-2169
1013
334
-2758
-2970
974
3967
2245
-1422
-1371
2708
4935
2959
331
1282
4526
5076
2418
797
2635
5511
5276
2516
1405
3253
5179
4578
2724
2236
3652
4274
3006
2017
2056
3302
3059
1684
1002
1092
1420
645
-417
-895
-183
-118
-1214
-2430
-2555
-1027
-921
-2324
-3193
-2500
-1202
-1970
-3099
-2994
-1654
-1139
-2051
-2747
-2270
-1206
-1269
-1713
-1699
-1038
-670
-910
-1696
-1798
-2344
-2033
-1003
-265
-460
-2576
-3263
-2055
-505
-1376
-3427
-3832
-1641
-196
-2090
-4586
-4647
-1774
474
-1172
-3594
-3467
-614
1195
-565
-2320
-1057
2222
2961
761
-1056
720
3819
4103
1881
652
2614
5019
4673
2476
2019
4252
5916
4824
2678
2688
4879
5900
4508
2809
3278
4901
3907
2550
2183
3139
3627
1843
846
1111
2059
1259
-718
-1966
-620
746
-733
-2754
-3363
-1758
-789
-2827
-4093
-3272
-1548
-1538
-3604
-4196
-3117
-1825
-2156
-2955
-3118
-2432
-1902
-2014
-2035
-1871
-1474
-1480
-1934
-3171
-2567
-1184
167
-637
-3143
-3653
-2103
-724
-1930
-3891
-4001
-1400
-224
-2054
-4638
-4504
-1215
805
-1158
-3524
-2734
627
1761
-746
-2478
-231
3438
3506
261
-1459
1540
4941
4349
1201
427
3320
5737
4272
1570
1843
4895
6477
4323
1805
2601
5381
6284
4257
2245
3025
4976
5067
2738
1725
2605
3866
2957
796
353
1268
1798
493
-1050
-1350
-129
-92
-1607
-2888
-2578
-1389
-1845
-3453
-3905
-2888
-1999
-2810
-4123
-4354
-2954
-2409
-2984
-3736
-3491
-2263
-1861
-2536
-3016
-2396
-1361
-1100
-2313
-3355
-3237
-1268
23
-375
-2966
-3830
-2251
-704
-1188
-3200
-3540
-1879
-199
-1012
-3263
-4017
-2041
447
418
-1600
-2173
-413
1880
1303
-685
-552
2318
4270
2784
65
454
3647
5394
3691
1458
2324
4948
5562
3161
1768
3557
6151
5715
2973
2009
4202
6151
4999
2613
2324
4039
4898
2711
977
1576
3015
2845
785
0
468
691
-437
-1691
-2046
-1505
-1340
-2498
-3541
-3772
-3332
-3176
-4118
-4343
-3948
-3289
-3484
-4469
-4738
-4021
-3009
-2922
-3252
-3508
-2847
-1862
-1880
-2238
-2172
-1007
-108
-1174
-2955
-2015
527
2193
490
-2836
-2883
-195
1540
-383
-3180
-2913
680
1766
-925
-4170
-3832
263
2226
-96
-3178
-2340
1432
2486
-357
-2548
21
3839
3693
-21
-1848
1670
5214
4502
889
362
3586
5680
3740
1061
2112
5200
6027
3371
1388
2931
5264
5176
2973
1917
3455
4654
3765
1238
1190
2864
3519
1967
-317
-105
928
1014
-622
-2221
-2319
-1054
-1135
-2862
-4114
-3778
-2427
-2522
-4034
-4591
-3585
-2420
-2930
-4524
-4555
-2772
-1722
-2267
-3317
-2977
-1473
-568
-1100
-1918
-967
269
922
-622
-1742
-1684
120
1641
1019
-740
-2465
-1594
-37
459
-1136
-2742
-2217
-210
-36
-2182
-3976
-2670
146
902
-1720
-3472
-1870
1052
1552
-1184
-2406
18
2920
2398
-450
-1186
1571
3852
2903
591
893
3477
4833
2949
1373
2657
5126
5380
2859
1829
3611
5645
5080
2668
2211
4089
5206
3398
335
1381
3737
3844
984
-1185
279
1956
988
-1816
-2613
-1402
380
-986
-3612
-3797
-2628
-1793
-3014
-4536
-3737
-2338
-2226
-3637
-4157
-2875
-1558
-1854
-2692
-1911
-1108
-1166
-1859
-2039
-713
220
-216
-1250
-2613
-1588
545
1032
187
-2254
-2968
-1273
78
-926
-2856
-3636
-1413
570
-1193
-3813
-4634
-2078
788
-282
-3162
-3510
-703
1469
-111
-2725
-1741
2043
3567
1440
-1448
-332
3546
4785
2481
363
1947
5040
5002
2299
1458
3871
6151
5147
2276
2049
4667
5980
4474
2200
2654
4850
5030
3215
725
1576
3717
3356
1309
-582
510
1663
688
-1470
-1835
-949
-352
-1311
-3269
-3061
-2197
-2085
-2920
-3989
-3386
-2428
-2472
-3415
-4130
-3219
-1986
-1866
-2881
-2738
-1905
-1586
-1879
-2270
-1383
-246
-522
-1751
-2662
-2765
-1319
-126
-375
-1004
-2787
-3149
-1936
-874
-1086
-2418
-3208
-2023
-1109
-2011
-3492
-3960
-1814
278
-540
-2915
-2934
-347
1927
544
-1877
-1197
2092
3793
1863
-471
736
4231
5045
2690
1007
2855
5805
5331
2684
2108
4452
6323
4701
2284
2895
5450
5882
3743
2445
3772
5350
4070
2010
951
2705
3850
2086
451
-28
1240
990
-767
-1969
-1407
-966
-1252
-2348
-3582
-3342
-3366
-3495
-3556
-4022
-3707
-3352
-3045
-3212
-3859
-3401
-2211
-1618
-2313
-2646
-2431
-1657
-1405
-1717
-1657
-922
-961
-1643
-3240
-3300
-708
466
-207
-3046
-4186
-2347
41
-347
-2586
-3822
-2053
513
-826
-3809
-4710
-1717
1407
175
-3555
-3882
130
3311
1122
-2780
-1830
3278
5309
1933
-1688
188
5069
5979
1992
-537
2371
6431
6006
1910
766
3978
6691
5007
1715
1691
4820
6144
3797
1570
2602
5301
5198
2620
917
1629
4274
3734
1586
198
1135
2468
643
-1679
-1877
-35
-151
-1885
-3779
-3407
-1912
-2405
-3501
-4187
-3593
-2772
-3504
-4045
-4291
-3751
-2940
-2650
-2922
-3231
-2971
-2848
-2503
-2547
-2425
-2058
-2053
-2260
-2775
-3948
-2578
-645
-23
-1364
-3997
-3662
-1147
539
-968
-2928
-3335
-331
1015
-1397
-3225
-2647
681
1951
-711
-2934
-1327
2312
3081
-13
-1981
830
4819
4255
710
-788
2516
5695
4276
1008
774
4274
6195
3703
750
1921
5407
6001
3093
1012
2667
5521
4970
2190
1377
3681
5335
3367
852
976
3265
3894
1822
-7
242
1878
1441
-585
-1621
-992
143
-1136
-3088
-3604
-2746
-1815
-2845
-4128
-4407
-3263
-2779
-3721
-4441
-4459
-3186
-2964
-3448
-3866
-3415
-2089
-1873
-2466
-2826
-1913
-808
-724
-1987
-2669
-2861
-1270
112
31
-1058
-2697
-2089
-356
814
-713
-2500
-2546
-244
1047
-741
-2611
-2116
540
1729
-396
-2360
-1038
2244
2916
-41
-1861
595
4358
4070
648
-825
2084
4988
3741
718
835
4098
5628
2851
-49
1397
4981
5555
2651
630
2467
5034
4395
2216
1523
3680
4485
2631
1077
1342
3121
3245
1576
121
603
1286
450
-1011
-1618
-503
-388
-1855
-3110
-3060
-2141
-2147
-3296
-3794
-3239
-2797
-3353
-3974
-3691
-3124
-2899
-3050
-3093
-2919
-2451
-2253
-2218
-2178
-1921
-1616
-1132
-1270
-1651
-2260
-2478
-716
484
359
-1478
-2752
-1341
655
655
-1320
-2586
-1389
1100
970
-1571
-2816
-1161
1694
1776
-1190
-2550
-260
2839
2245
-1243
-2130
1368
4405
2892
-726
-980
2607
4758
2500
-209
818
3928
4567
1565
-76
2067
4843
4500
1883
1056
2890
4745
4087
2605
2560
3691
4086
2618
1963
1776
2842
3190
1934
922
504
1002
705
-384
-1170
-408
-563
-1421
-2459
-2834
-1795
-1836
-3130
-3873
-3617
-2516
-2786
-3771
-4001
-3341
-2565
-2668
-2910
-3145
-2246
-1998
-2388
-2355
-1755
-755
-1188
-1547
-1731
-1322
-2007
-1660
-105
747
741
-1840
-2461
-842
1060
179
-2376
-3338
-735
1486
-138
-3076
-3649
-804
1979
68
-3077
-2752
894
2925
-58
-2968
-1248
3200
3690
291
-2229
228
3970
3550
347
-309
2487
4855
3003
548
1580
4461
5422
3348
1651
2883
5042
5230
3925
3141
3951
4670
4080
2935
2936
3024
3357
3251
2205
1450
969
1068
850
-115
-978
-894
-1278
-2070
-2681
-3175
-2720
-2954
-3893
-4155
-3776
-3371
-3761
-4377
-4325
-3706
-3377
-3400
-3524
-3364
-2777
-2482
-2591
-2562
-1694
-1052
-906
-1194
-1720
-1508
-1843
-357
634
847
-216
-1796
-991
488
1108
-351
-1745
-1282
930
1399
-733
-2370
-1638
842
1877
-727
-2514
-1160
1711
1731
-1435
-2656
412
3771
2565
-1192
-2268
1139
4165
2716
-470
-454
2537
4310
2214
342
1728
4438
4874
2473
1255
3064
5309
4919
3080
2384
3764
4635
3755
2568
2511
3282
3437
2379
1002
1062
1800
1540
149
-1115
-763
-389
-1357
-2788
-3242
-2470
-2359
-3615
-4761
-4111
-2866
-2957
-4297
-4840
-3740
-2823
-3080
-3814
-3720
-2797
-2054
-2366
-2765
-1741
-716
-247
-844
-1421
-678
-171
-511
-947
95
1447
1998
-115
-1602
-363
1808
2313
-225
-2631
-1332
1481
1566
-1344
-3936
-2308
1028
878
-2667
-4346
-1574
1997
494
-3556
-3765
865
3699
1097
-2898
-1711
2886
4245
814
-1765
932
4917
4487
775
46
3192
5848
4072
1446
2108
5022
6040
3882
2233
3210
5206
5217
3446
2308
2653
3596
3048
1724
946
1111
1495
273
-1082
-1542
-1062
-923
-2127
-3278
-3294
-2781
-3109
-4078
-4204
-3627
-3036
-3686
-4220
-3829
-3094
-2788
-3267
-3161
-2355
-1964
-1908
-2080
-1600
-818
-472
-329
-521
-87
-32
-102
-517
753
1851
1954
470
-1155
-336
1335
1721
-102
-1937
-1592
667
1030
-1065
-3390
-2828
-198
607
-2232
-4519
-2910
696
864
-2870
-4565
-1020
3131
2126
-2111
-3327
752
3916
2047
-1332
-561
3560
5101
2133
-257
1584
5144
5520
3018
1654
3415
5232
4824
3309
3012
4519
5078
4229
2596
2063
2763
3741
3146
1466
267
292
832
-184
-1305
-1454
-1290
-1719
-3115
-3961
-3317
-2644
-3133
-4154
-4173
-3252
-2719
-3452
-4028
-3526
-2446
-1907
-2454
-2805
-1919
-817
-599
-1025
-1129
-34
982
1117
336
125
758
1185
280
-27
961
2525
1880
-688
-1410
8
1615
162
-2866
-3376
-484
1032
-1196
-4814
-4851
-1329
345
-2335
-5190
-4167
-404
228
-3076
-4706
-1512
2333
1341
-2424
-3095
998
3925
2146
-811
264
4120
5270
2300
519
3138
6699
6029
2295
1347
4399
6971
5638
2829
2601
5001
5772
3573
1724
2234
3813
3540
1094
-565
-218
871
475
-1522
-2677
-1892
-1400
-2444
-3892
-4209
-3068
-2789
-3921
-4791
-4126
-2720
-2591
-3384
-3684
-2530
-1726
-1893
-1914
-1544
-699
-503
-914
-649
232
1311
1549
1344
1355
1401
1729
1622
755
559
1410
2379
1927
-849
-2205
-774
1041
435
-2632
-4626
-2767
-235
-1087
-4411
-6220
-3855
-739
-1842
-5281
-5901
-2660
521
-1380
-5187
-4624
225
2949
325
-3344
-2086
2552
4321
1778
-528
1501
5540
5927
2810
1426
3751
6867
6374
3587
2878
4898
6437
5463
3224
3225
4834
5143
3345
1605
1876
2954
2780
647
-508
-162
522
-429
-2564
-2821
-1475
-1040
-2756
-4411
-3877
-2024
-2022
-3621
-4310
-3147
-1604
-1866
-3133
-3145
-1533
-258
-456
-1443
-1469
-270
692
581
92
173
937
1327
990
554
659
922
1156
-340
-1563
-784
387
1243
-1091
-3293
-2740
-1101
-1061
-3256
-5159
-3817
-1208
-1926
-4750
-6512
-4655
-1284
-1597
-4407
-5501
-3406
-393
-900
-3346
-3207
273
2568
1194
-1309
-558
3194
4866
3272
1293
2283
5416
6309
4227
2929
4455
7022
6931
4443
3241
4868
6644
6130
3586
2643
4109
4885
3654
1371
858
1871
2392
1052
-687
-1204
-519
-229
-1579
-2700
-2456
-1696
-1775
-2993
-3519
-2983
-2294
-2272
-2932
-3326
-2761
-1815
-1606
-1788
-2041
-1691
-677
-199
-410
-894
-730
186
317
-30
-174
190
746
533
-335
-638
-456
-46
-1503
-2392
-1708
-316
21
-2755
-4121
-3188
-1381
-1867
-4028
-5102
-3295
-1428
-2599
-5064
-5955
-3696
-1171
-1928
-4213
-4696
-2249
445
-332
-2684
-2384
1282
3613
2373
-258
472
4052
5855
3930
1844
3121
6354
6813
4042
2727
4766
7365
6512
3560
2601
4774
6256
4714
2179
1888
3669
3946
1750
-22
528
1650
1490
-300
-1499
-687
-58
-891
-2254
-2457
-1016
-822
-2671
-3461
-2638
-1255
-1282
-2642
-3052
-1997
-821
-819
-1371
-1394
-483
-10
-240
-305
-320
239
689
325
-206
-482
114
434
-98
-788
-1042
-725
-816
-1191
-1975
-2981
-2333
-1627
-1189
-2168
-4165
-4201
-2869
-1771
-2791
-4597
-4975
-2777
-1578
-2952
-4763
-5036
-2843
-1157
-2260
-3935
-3450
-567
1071
-614
-2557
-948
3066
4323
2273
94
1693
5185
5723
3468
2246
4339
6915
5765
2735
2353
4877
6775
5263
2174
1806
3768
4523
3196
1303
1630
2755
2466
964
226
921
1941
1902
185
-915
-536
746
933
-340
-1077
-433
245
-559
-1858
-1562
161
706
-1060
-2503
-1532
434
712
-857
-1390
-482
95
-715
-1647
-1218
-9
-116
-1559
-2464
-1889
-881
-1083
-2103
-2910
-2915
-2588
-2250
-2607
-3027
-3590
-4318
-3415
-2674
-2002
-2670
-4483
-4717
-3556
-2549
-2910
-4232
-4754
-2900
-1687
-2722
-4547
-4683
-1706
665
-830
-3184
-2682
896
3180
1344
-862
1011
4680
5425
2801
1147
3642
6808
6501
3912
3128
5028
6725
5434
3548
3809
5232
5633
4063
2609
3110
4026
4131
3275
2239
2174
2610
2816
2334
1329
734
1439
2085
1299
111
-352
538
641
-517
-1175
-804
-142
-608
-1617
-1882
-1302
-1386
-1915
-1840
-1531
-1548
-2165
-2675
-2190
-1944
-2394
-2819
-2814
-2553
-3016
-3741
-3914
-3098
-2795
-3509
-4273
-4260
-3444
-3376
-3695
-3715
-3316
-3245
-3778
-4752
-4335
-2262
-889
-1390
-3840
-4545
-2456
-187
-336
-2427
-3468
-1307
921
164
-2007
-2314
519
2983
1600
-967
-440
2880
5228
3315
582
1603
5318
6894
4550
1973
3316
6333
6415
3524
2040
4225
6822
5778
2593
1836
4090
5787
4413
2145
2000
3762
4337
3015
1780
2231
3485
3285
2076
1189
1427
2056
1987
1161
159
-182
-178
-193
-632
-1198
-1691
-2071
-2422
-2628
-2876
-3122
-3439
-3754
-3838
-3934
-4051
-4363
-4369
-4211
-4204
-4664
-5131
-4975
-4510
-4351
-4530
-4612
-4210
-3917
-4061
-4133
-3647
-2772
-2584
-2931
-2786
-1900
-1131
-1282
-1928
-1835
-652
622
894
65
-921
-383
923
1670
1089
-187
-155
1419
2564
1697
-106
-288
1922
3576
2399
331
817
3499
4639
2396
294
1973
5123
5343
2345
554
2699
5417
4954
2141
1495
3741
5292
3647
1359
2110
4723
5603
3250
1037
1929
4325
4756
2923
1360
2155
3603
3296
1611
587
1400
2366
1608
-348
-1293
-438
493
-591
-2688
-3279
-2116
-1742
-3164
-4664
-4327
-3064
-3374
-5107
-5972
-4845
-3627
-4183
-5661
-5831
-4539
-3865
-4391
-5058
-4492
-3590
-3663
-4191
-4025
-2755
-1754
-1859
-2391
-2285
-1616
-876
-290
109
410
564
437
263
98
848
2158
2646
1597
56
230
1894
2680
1261
-288
280
2046
2052
84
-1239
121
2046
1844
-24
-689
978
2640
2112
483
571
2366
3624
3079
2008
2231
3664
4220
3868
3283
3701
4568
4922
4373
3757
4091
4643
4863
4108
3368
3491
4104
4123
3036
2232
2658
3131
2470
741
-277
-17
392
-146
-1471
-2123
-1953
-2296
-3481
-4386
-4000
-3552
-4370
-5688
-6129
-5179
-4838
-5644
-6349
-6017
-4999
-4985
-5586
-5545
-4504
-3687
-4014
-4328
-3872
-2640
-2029
-2318
-2461
-1907
-876
-307
-383
-495
26
651
1237
1331
1334
1548
1732
1691
1103
1073
1691
2712
2570
1409
555
911
1867
1833
741
-207
154
1253
1433
502
-416
-128
1355
2063
1347
56
453
2366
3286
2199
1058
2039
4211
4665
2982
1925
3354
5496
5280
3282
2469
4070
5655
4881
3039
2570
3787
4607
3503
2086
1969
2637
2340
995
230
425
681
19
-980
-1611
-1920
-2327
-3023
-3236
-3328
-3929
-4900
-5630
-5150
-4498
-4801
-5795
-6277
-5587
-4962
-5185
-5851
-5524
-4515
-3914
-3995
-4110
-3563
-2847
-2494
-2163
-1866
-1475
-1204
-899
-187
321
387
69
445
1368
1982
1790
1169
1585
2546
2848
2503
1780
2148
2522
1966
1102
827
2028
2829
1946
186
32
1301
2127
1128
-525
-20
1730
2294
756
-709
407
2701
3023
1222
109
1757
3880
3594
1694
1537
3496
4889
3599
1693
2227
4345
4689
2703
1108
1931
3631
3266
1410
435
1254
1829
558
-989
-946
-23
-78
-1644
-2718
-2601
-2077
-2421
-3407
-3937
-3939
-3872
-4131
-4440
-4434
-4270
-4120
-4440
-4930
-4625
-3840
-2946
-3208
-3838
-3671
-2652
-1873
-2096
-2334
-1647
-559
-256
-660
-750
44
952
1100
699
709
1208
1656
1551
1536
1794
1970
1799
1644
1896
2219
2215
1919
1943
2219
2317
1944
1452
1435
1131
1187
1061
1395
1521
986
671
644
1119
1073
710
166
561
1152
1441
956
26
111
949
1459
1020
126
300
1438
1776
718
-416
203
1772
2020
521
-522
169
1394
1121
-325
-862
288
958
-205
-1835
-1734
-576
-310
-1580
-2492
-2029
-1529
-1819
-2605
-2413
-1834
-1690
-2458
-2831
-2366
-1873
-1692
-1930
-1499
-1187
-1246
-1346
-1372
-834
-525
-326
-157
-181
-148
-174
221
606
761
582
147
206
565
776
804
519
586
770
695
637
462
734
949
885
671
530
702
824
837
602
630
883
1104
1002
764
983
1671
1598
514
147
908
2396
2161
601
-280
713
2037
1656
83
-579
677
1443
831
-616
-1094
-98
588
-146
-1133
-1209
-285
-41
-867
-1805
-1534
-587
-154
-801
-1860
-1830
-1159
-775
-1400
-2147
-1929
-964
-732
-1507
-2169
-1661
-459
-99
-1022
-1512
-1005
11
243
-405
-466
109
923
945
300
59
669
1617
1749
1037
581
935
1635
1733
1159
738
1019
1318
1006
383
80
339
497
112
-350
-500
-315
-310
-505
-684
-596
-412
-383
-275
-214
-17
6
141
188
306
488
750
945
853
735
942
1614
1809
1412
861
1204
1929
2041
1081
277
808
1835
2103
921
-328
-371
538
744
-73
-1614
-2198
-1387
-715
-1124
-2798
-3791
-2924
-1666
-2115
-3745
-4412
-3004
-1707
-2556
-4209
-3887
-1919
-712
-1650
-2859
-2198
-676
-47
-705
-1027
-155
980
953
48
-104
907
2124
2218
1269
903
1743
2805
2741
1864
1842
2774
3344
2589
1651
2036
3153
3396
2089
1117
1607
2430
1915
571
408
1161
1303
211
-746
-344
315
125
-689
-987
-430
-60
-425
-810
-686
-132
216
55
-283
-323
264
799
796
290
25
540
1046
796
173
125
706
1038
567
-196
-122
471
517
-143
-800
-862
-1288
-1573
-1632
-1051
-966
-2287
-3520
-3532
-2495
-2413
-3695
-4890
-4037
-2710
-2981
-4546
-5498
-4075
-2085
-2200
-3821
-4406
-2499
-271
-432
-2117
-1980
377
2144
1611
-210
203
2605
4049
3005
1246
1831
4143
5003
3622
2114
2758
4590
5143
3810
2663
3257
4474
4679
3417
2646
3057
3768
3543
2310
1382
1563
2277
2106
1079
220
222
652
300
-365
-492
-198
-169
-828
-1389
-952
-287
-263
-791
-1043
-586
-350
-537
-736
-444
-42
-105
-599
-832
-583
-411
-736
-1076
-1043
-760
-622
-951
-1442
-1667
-1473
-1277
-1413
-1903
-2330
-2273
-2203
-2598
-3215
-3314
-2900
-2483
-3074
-4432
-4458
-3350
-2362
-2969
-4264
-4364
-3174
-2296
-2586
-3178
-2971
-1627
-949
-1343
-1927
-1557
-142
1065
914
186
299
1396
2496
2543
2058
2449
3554
4023
3287
2479
3188
4609
4921
3974
3219
3753
4638
4423
3576
3438
4092
4258
3491
2695
3083
3710
3445
2713
2072
2294
2536
2334
1924
1631
1588
1344
936
766
1031
1105
687
80
-250
-102
57
-183
-438
-603
-727
-937
-1418
-1630
-1541
-1461
-1516
-1983
-2546
-2905
-2778
-2452
-2549
-2987
-3541
-3746
-3700
-3749
-3814
-3990
-3906
-3941
-4071
-4166
-4296
-4108
-3849
-3748
-3869
-3929
-3872
-3708
-3384
-2936
-2337
-2064
-2320
-2759
-2353
-1188
-88
-215
-1090
-1061
265
1746
1586
408
280
1847
3273
2928
1810
2150
3890
4637
3552
2390
3295
5177
5550
4019
2891
3746
5162
5277
4135
3547
4284
5035
4423
3233
2964
3851
4649
4114
2771
2153
2505
3114
2799
1782
1339
1692
2003
1351
320
118
1028
1416
461
-903
-1336
-538
-205
-1037
-1956
-2187
-1955
-2206
-2953
-3336
-3158
-3070
-3568
-4184
-4375
-4170
-4116
-4455
-4704
-4842
-4680
-4436
-4370
-4442
-4560
-4496
-4202
-4024
-4072
-4066
-3762
-3259
-2978
-3106
-3039
-2377
-1696
-1356
-1409
-1216
-577
-106
58
181
725
1472
1576
1282
1306
2043
2736
2768
2399
2432
2969
3132
2950
2749
2933
3244
2970
2530
2378
2539
2605
2224
2022
2152
2338
1882
1187
1206
1778
2244
1822
1263
1456
2158
2403
1820
1473
1988
2739
2695
1851
1323
1836
2578
2409
1619
1448
1954
2290
1674
957
1099
1522
1541
744
173
323
455
67
-746
-917
-590
-694
-1479
-2363
-2314
-1975
-2207
-3065
-3571
-3293
-2999
-3317
-4108
-4263
-3760
-3472
-3752
-4216
-4054
-3508
-3367
-3591
-3769
-3439
-2978
-2842
-2945
-2862
-2474
-1996
-1868
-1806
-1428
-944
-623
-528
-430
-155
189
382
657
928
1138
1062
984
1191
1681
1843
1799
1386
1279
1694
2268
2604
1893
1298
1410
2079
2259
1538
926
1322
2397
2589
1684
732
871
2092
2591
2074
1415
1591
2567
2833
2221
1677
2334
3397
3401
2196
1352
2059
3277
3342
2255
1379
1897
2700
2372
1258
845
1631
2085
1094
-392
-529
440
806
-335
-1796
-2041
-1318
-981
-1877
-3035
-3291
-2737
-2724
-3514
-4190
-4287
-3721
-3725
-4324
-4861
-4717
-4073
-3970
-4344
-4481
-3925
-3477
-3567
-3857
-3552
-2667
-2244
-2531
-2734
-2071
-1098
-880
-1286
-1239
-340
333
198
42
498
1411
1611
1024
840
1420
2231
2389
2078
2093
2424
2521
2315
2257
2727
3245
3016
2482
2321
2724
3059
3001
2915
2879
2874
2615
2385
2596
2784
2563
2108
2010
2176
2160
1792
1435
1538
1681
1274
587
303
474
680
474
-112
-393
-281
-94
-126
-593
-848
-730
-478
-498
-965
-1225
-993
-431
-486
-1270
-1857
-1511
-811
-749
-1542
-2116
-1766
-1177
-1341
-2071
-2291
-1803
-1391
-1672
-2092
-2029
-1562
-1437
-1773
-2022
-1849
-1513
-1527
-1807
-1861
-1671
-1442
-1369
-1381
-1318
-1144
-1043
-1041
-987
-722
-472
-415
-496
-412
-170
13
143
156
393
609
659
522
594
1009
1271
1339
1134
1180
1530
1780
1842
1715
1747
1931
2033
1955
2018
2155
2129
2020
1808
1700
1772
1792
1847
1739
1291
872
772
959
1006
506
-223
-351
41
201
-247
-881
-839
-340
-110
-460
-907
-709
-211
-215
-662
-974
-649
-101
-7
-333
-602
-360
12
70
-166
-241
25
219
59
-347
-401
-3
258
-72
-533
-542
-260
-168
-461
-715
-513
-228
-525
-1105
-1279
-978
-656
-934
-1587
-1726
-1502
-1365
-1678
-1883
-1725
-1500
-1663
-2104
-1949
-1464
-1158
-1377
-1610
-1233
-758
-597
-649
-533
-51
327
320
294
522
991
1265
1437
1504
1654
1944
2209
2391
2463
2371
2383
2599
2685
2584
2470
2548
2638
2421
2004
1822
1917
2090
1750
1301
1151
1143
1043
656
354
323
284
-51
-490
-671
-610
-655
-933
-1269
-1425
-1479
-1535
-1459
-1526
-1720
-1907
-2007
-1785
-1623
-1634
-1728
-1664
-1544
-1494
-1492
-1433
-1043
-876
-909
-874
-754
-457
-300
-251
-77
75
115
-8
-105
110
418
406
136
-78
-91
183
225
16
-232
-293
-194
-174
-388
-577
-379
-219
-236
-497
-645
-427
-207
-174
-268
-255
-65
103
95
177
536
722
728
600
801
1204
1360
1281
1183
1299
1445
1436
1440
1603
1786
1669
1465
1445
1607
1842
1655
1372
1238
1218
1122
851
630
631
567
255
-183
-373
-265
-238
-541
-949
-1146
-1276
-1328
-1486
-1547
-1485
-1631
-1820
-2025
-2020
-1853
-1699
-1716
-1800
-1693
-1398
-1204
-1381
-1393
-974
-417
-359
-718
-694
-72
500
424
63
194
779
1066
750
441
687
1056
1124
793
646
926
1042
867
559
490
705
691
397
129
141
194
61
-103
-215
-79
-136
-346
-561
-517
-219
-149
-339
-531
-379
-155
-248
-449
-481
-209
108
11
-337
-345
83
433
400
139
95
522
870
838
703
815
1211
1272
1092
827
789
960
1065
990
765
680
700
749
736
593
522
463
395
278
123
-46
-16
138
-25
-447
-803
-774
-477
-479
-804
-1058
-1004
-849
-1007
-1218
-1191
-959
-943
-1329
-1589
-1444
-1061
-879
-1065
-1371
-1282
-1006
-884
-962
-1081
-1015
-701
-591
-739
-806
-568
-88
81
-66
-233
-18
397
455
369
401
752
1026
889
656
734
1174
1491
1256
885
787
1049
1232
1012
717
672
904
974
721
363
331
705
872
512
161
174
534
718
468
178
160
425
546
311
58
247
672
680
321
-84
27
493
550
208
-113
37
346
312
29
-129
195
417
207
-238
-246
99
74
-224
-522
-418
-286
-416
-729
-879
-721
-661
-908
-1305
-1391
-1225
-1226
-1461
-1825
-1932
-1829
-1780
-1960
-2158
-2125
-1933
-1832
-1987
-2069
-1907
-1538
-1379
-1351
-1142
-855
-519
-370
-125
251
606
840
927
1199
1504
1888
2138
2129
2292
2501
2661
2770
2753
2824
2944
2943
2835
2729
2618
2486
2368
2265
2091
1733
1460
1265
1155
1017
683
397
172
-23
-231
-373
-564
-719
-935
-1130
-1151
-1284
-1408
-1544
-1518
-1407
-1508
-1654
-1739
-1630
-1429
-1377
-1377
-1309
-1176
-1066
-1063
-1022
-771
-541
-557
-680
-779
-553
-279
-262
-428
-569
-398
-270
-276
-415
-435
-227
-75
-187
-488
-637
-620
-503
-600
-809
-948
-975
-897
-981
-1080
-1101
-957
-892
-942
-969
-871
-580
-323
-237
-239
-60
262
578
729
854
1043
1263
1440
1568
1741
2118
2439
2539
2493
2443
2621
2827
2889
2763
2561
2474
2458
2417
2295
2127
2002
1778
1444
1113
998
889
661
199
-173
-298
-440
-686
-1027
-1271
-1408
-1622
-1969
-2173
-2147
-2092
-2171
-2331
-2368
-2260
-2142
-2011
-1883
-1732
-1725
-1830
-1733
-1479
-1186
-1121
-1109
-909
-654
-484
-427
-339
-76
193
201
158
43
131
428
595
641
461
341
367
398
427
240
136
149
90
-117
-361
-402
-213
-102
-354
-628
-716
-587
-477
-495
-496
-486
-470
-453
-448
-322
-6
211
285
238
345
576
828
971
992
1143
1334
1549
1569
1600
1822
2060
2136
2000
1974
2076
2159
2072
1962
1890
1788
1620
1346
1220
1212
1129
855
544
418
372
250
-30
-250
-355
-504
-748
-919
-1022
-1144
-1275
-1387
-1391
-1397
-1452
-1485
-1492
-1463
-1401
-1457
-1524
-1570
-1488
-1398
-1425
-1501
-1478
-1292
-1266
-1326
-1407
-1325
-1072
-981
-1064
-1132
-980
-727
-682
-730
-639
-430
-270
-325
-518
-440
-142
86
25
-147
-168
-87
70
53
-7
57
169
160
30
14
180
354
327
142
205
498
740
663
562
778
1083
1196
1049
1108
1421
1713
1680
1494
1550
1822
1982
1861
1771
1840
1993
1960
1712
1652
1807
1853
1658
1440
1283
1219
1200
1123
1018
861
642
459
309
252
112
-73
-291
-537
-733
-948
-1034
-1114
-1245
-1350
-1437
-1576
-1788
-1917
-1774
-1679
-1863
-2103
-2143
-1991
-1898
-2007
-2093
-2010
-1864
-1824
-1874
-1758
-1552
-1478
-1597
-1603
-1329
-1089
-1052
-1023
-825
-554
-437
-433
-421
-209
96
160
158
221
451
614
624
714
861
945
890
903
1096
1243
1200
1176
1168
1274
1265
1191
1140
1269
1424
1280
1178
1072
1163
1204
1039
884
834
943
922
800
670
655
668
659
600
535
574
594
569
564
558
559
533
470
524
571
484
359
302
340
349
320
284
169
119
58
8
-12
-37
-102
-313
-513
-563
-520
-545
-673
-823
-955
-1036
-1120
-1242
-1341
-1411
-1486
-1584
-1680
-1789
-1810
-1761
-1753
-1786
-1768
-1678
-1602
-1581
-1537
-1401
-1313
-1280
-1317
-1240
-1019
-810
-711
-603
-490
-343
-144
6
109
258
444
547
597
598
710
939
1201
1375
1362
1353
1513
1701
1786
1688
1603
1602
1591
1526
1490
1428
1392
1310
1137
1016
938
936
880
839
792
671
514
407
377
467
463
305
136
88
218
342
324
170
75
68
116
1
-76
-6
83
101
-20
-124
-83
90
87
-21
-169
-153
-140
-296
-450
-544
-485
-499
-684
-895
-1003
-916
-854
-948
-1082
-1228
-1289
-1234
-1170
-1227
-1378
-1444
-1324
-1180
-1205
-1325
-1350
-1201
-1023
-1005
-1053
-943
-665
-484
-433
-417
-341
-143
47
93
125
210
345
529
655
781
854
927
1001
1083
1182
1196
1251
1310
1405
1365
1226
1167
1179
1172
1065
878
737
681
648
613
522
444
320
232
116
2
-65
-122
-143
-197
-238
-309
-357
-289
-271
-262
-318
-376
-374
-349
-321
-345
-390
-339
-239
-228
-229
-255
-231
-142
-100
-150
-133
-78
26
57
27
94
86
39
69
97
182
170
68
-7
34
116
90
-44
-130
18
135
35
-136
-208
29
230
141
-76
-172
4
97
-6
-219
-163
-18
-44
-256
-394
-290
-103
-73
-266
-376
-278
-175
-262
-399
-402
-289
-214
-249
-357
-352
-113
90
26
-111
-133
-42
112
100
-5
-58
-35
49
75
71
124
212
248
279
265
270
317
287
227
134
99
172
162
103
61
13
53
13
-82
-214
-177
-45
-12
-97
-256
-216
-121
-65
-134
-165
-110
-99
-156
-209
-128
52
203
153
72
89
223
365
414
418
399
473
546
622
611
554
523
559
618
600
514
464
583
624
527
377
375
426
430
344
119
-8
-67
-138
-185
-330
-472
-592
-643
-661
-677
-788
-914
-895
-830
-770
-819
-879
-803
-638
-572
-659
-779
-703
-609
-535
-573
-576
-467
-376
-296
-265
-167
-127
-42
-1
3
46
139
261
287
262
241
300
408
456
424
325
320
385
294
197
102
46
73
50
-32
-108
-107
-64
-73
-119
-143
-71
-57
-57
-65
-35
4
14
-11
-54
10
152
275
263
286
357
443
546
582
600
635
767
865
929
947
1016
1073
1107
1080
1014
1059
1052
1007
905
828
787
794
754
652
548
466
348
183
-25
-172
-277
-327
-455
-644
-779
-844
-830
-893
-1090
-1284
-1348
-1258
-1217
-1332
-1428
-1403
-1324
-1298
-1375
-1430
-1324
-1154
-1064
-1128
-1069
-937
-805
-795
-903
-841
-724
-585
-511
-450
-336
-216
-174
-134
-37
19
63
105
175
251
297
345
426
461
488
518
534
541
593
591
659
670
646
611
585
633
766
904
934
902
934
1008
1033
1050
1039
1101
1064
1011
1036
1081
1137
1085
1011
1045
1053
1046
1004
899
807
801
827
795
727
637
561
490
383
250
87
27
-14
-165
-363
-522
-568
-600
-718
-985
-1149
-1146
-1127
-1203
-1409
-1523
-1470
-1483
-1554
-1697
-1711
-1568
-1523
-1660
-1795
-1724
-1555
-1443
-1537
-1617
-1508
-1341
-1237
-1243
-1205
-982
-771
-733
-759
-672
-459
-261
-240
-246
-119
58
239
245
262
407
582
647
642
693
850
1041
1074
1016
1026
1132
1237
1275
1335
1421
1417
1391
1351
1433
1508
1477
1315
1204
1284
1354
1307
1223
1173
1225
1228
1100
1010
976
1023
1041
976
881
839
834
826
755
639
562
505
503
450
399
311
207
162
36
-33
-128
-192
-249
-373
-425
-521
-650
-789
-869
-954
-1065
-1186
-1341
-1455
-1513
-1526
-1537
-1625
-1729
-1809
-1836
-1847
-1886
-1900
-1888
-1849
-1891
-1952
-1999
-1898
-1716
-1667
-1703
-1722
-1611
-1479
-1420
-1360
-1246
-1094
-919
-841
-751
-581
-392
-262
-171
-3
177
322
520
699
956
1172
1269
1333
1535
1748
1919
2038
2067
2162
2256
2295
2310
2376
2467
2458
2395
2323
2269
2203
2059
1996
1898
1837
1708
1489
1404
1358
1224
1039
827
698
624
514
388
242
127
53
11
-80
-178
-256
-312
-416
-535
-689
-758
-776
-792
-887
-1034
-1118
-1087
-1086
-1192
-1252
-1327
-1376
-1434
-1497
-1553
-1505
-1522
-1585
-1656
-1653
-1571
-1656
-1762
-1822
-1761
-1622
-1623
-1715
-1707
-1604
-1494
-1433
-1466
-1497
-1405
-1190
-1067
-1023
-915
-731
-522
-371
-335
-250
-15
257
429
489
578
832
1051
1183
1245
1364
1627
1744
1786
1771
1824
1979
2016
2051
2041
2037
2056
2056
2044
2038
2007
1955
1861
1783
1686
1578
1550
1519
1394
1174
972
880
814
670
521
394
330
160
-35
-120
-167
-165
-285
-405
-475
-514
-540
-631
-699
-732
-808
-894
-947
-974
-990
-982
-1007
-1069
-1129
-1165
-1164
-1174
-1239
-1291
-1341
-1339
-1331
-1365
-1375
-1408
-1384
-1388
-1405
-1382
-1349
-1333
-1329
-1362
-1340
-1292
-1274
-1209
-1143
-1056
-925
-840
-792
-738
-614
-443
-308
-251
-174
-108
61
247
394
520
602
687
843
948
1078
1253
1352
1469
1512
1553
1623
1722
1847
1910
1948
1887
1831
1864
1927
1900
1817
1688
1611
1570
1489
1418
1335
1260
1126
949
820
716
635
535
350
172
30
-32
-93
-157
-270
-387
-492
-566
-651
-773
-812
-791
-779
-861
-943
-1037
-1019
-940
-918
-944
-948
-950
-969
-957
-962
-945
-955
-1007
-1044
-1059
-1071
-1070
-1086
-1085
-1070
-1054
-1008
-1020
-984
-950
-969
-1005
-1084
-1057
-996
-982
-940
-877
-826
-714
-612
-478
-349
-283
-238
-162
-31
72
160
243
357
538
637
698
738
840
981
1077
1158
1195
1192
1272
1315
1331
1379
1436
1473
1487
1535
1534
1501
1472
1424
1436
1430
1308
1222
1182
1173
1092
962
806
778
747
650
549
441
315
265
213
139
64
-6
-69
-145
-235
-331
-392
-453
-531
-579
-617
-690
-741
-791
-856
-865
-901
-918
-921
-939
-947
-1006
-1055
-1039
-982
-1040
-1099
-1119
-1092
-1055
-1100
-1153
-1168
-1176
-1196
-1255
-1291
-1274
-1208
-1128
-1077
-1080
-1052
-920
-836
-749
-670
-595
-469
-325
-235
-156
-25
131
211
197
238
378
551
678
757
829
926
1070
1168
1229
1275
1343
1362
1324
1329
1338
1388
1381
1344
1281
1247
1282
1285
1159
1108
1115
1076
984
868
837
802
795
723
620
560
534
463
367
298
236
187
56
-28
-107
-174
-244
-291
-308
-407
-482
-567
-581
-618
-674
-717
-726
-740
-755
-758
-788
-776
-809
-803
-848
-869
-850
-869
-869
-884
-890
-900
-902
-912
-905
-889
-860
-800
-725
-656
-637
-571
-516
-499
-473
-391
-287
-245
-303
-249
-198
-143
-102
-128
-91
21
117
144
182
194
216
264
320
380
418
515
506
470
552
589
621
638
637
649
700
715
714
680
688
711
732
672
619
633
625
653
596
552
558
555
539
480
415
388
395
426
425
407
412
371
320
342
355
328
275
208
158
166
135
57
13
-26
-43
-87
-150
-218
-260
-283
-364
-441
-470
-480
-462
-473
-518
-599
-644
-680
-705
-757
-822
-871
-905
-885
-914
-1008
-1064
-1075
-1039
-1022
-1035
-1026
-974
-871
-837
-757
-675
-581
-463
-415
-350
-317
-236
-108
-29
25
51
126
223
276
355
431
457
468
496
546
631
654
677
705
662
672
694
725
683
670
651
646
677
657
695
728
763
792
778
772
750
784
815
838
826
788
716
694
653
641
616
560
483
390
363
316
256
186
107
-1
-100
-153
-167
-180
-248
-362
-467
-531
-602
-677
-752
-764
-788
-840
-921
-1012
-1008
-928
-926
-933
-952
-905
-846
-817
-764
-714
-669
-652
-646
-616
-547
-487
-435
-411
-400
-381
-341
-298
-269
-257
-242
-213
-149
-101
-55
-5
25
95
170
208
269
348
430
509
466
408
458
543
586
587
561
580
601
626
629
655
650
637
609
541
553
566
552
496
464
407
418
432
383
357
350
338
274
221
217
229
244
202
138
93
79
89
103
27
0
17
-3
-66
-139
-196
-230
-216
-208
-291
-394
-394
-357
-313
-366
-495
-552
-511
-488
-515
-555
-522
-459
-429
-410
-420
-365
-329
-352
-372
-392
-369
-343
-349
-358
-353
-312
-289
-287
-301
-269
-239
-213
-212
-185
-126
-87
-82
-94
-126
-93
-21
-13
1
42
119
184
210
220
256
289
308
343
391
368
363
363
377
340
299
281
314
374
396
429
451
478
456
435
427
446
452
392
332
342
343
341
325
294
301
310
294
257
273
263
216
168
94
65
37
53
32
-21
-39
-75
-120
-130
-108
-119
-128
-111
-133
-162
-178
-188
-180
-154
-143
-193
-196
-232
-258
-303
-338
-379
-418
-407
-421
-450
-510
-570
-583
-596
-632
-630
-578
-530
-485
-474
-480
-497
-486
-396
-335
-333
-330
-263
-207
-151
-133
-153
-145
-84
-1
27
85
195
269
338
359
395
454
492
535
576
621
661
681
695
733
730
721
712
679
619
592
588
567
533
509
480
463
436
372
318
245
178
128
75
-24
-100
-119
-181
-269
-313
-346
-386
-433
-448
-463
-448
-410
-452
-483
-532
-539
-543
-566
-570
-575
-598
-553
-532
-500
-466
-442
-428
-482
-449
-429
-401
-371
-363
-347
-316
-278
-184
-105
-92
-19
14
-32
-29
13
79
171
191
188
160
198
249
260
264
282
299
329
338
336
382
449
502
480
462
460
531
603
599
552
560
577
585
585
585
609
630
660
590
564
553
539
521
454
417
356
306
303
292
243
211
92
7
-28
-61
-50
-129
-262
-297
-321
-382
-427
-471
-468
-476
-497
-605
-632
-601
-614
-602
-659
-707
-701
-695
-711
-714
-695
-685
-671
-672
-652
-623
-573
-526
-490
-460
-425
-394
-332
-274
-243
-213
-175
-139
-50
-16
22
65
97
177
236
283
313
326
337
358
405
411
389
443
478
466
450
430
410
443
439
412
371
331
320
287
269
250
250
275
282
300
284
273
303
302
279
253
235
238
217
161
139
145
121
95
83
35
-12
-50
-65
-73
-64
-48
-55
-57
-70
-86
-81
-76
-75
-86
-168
-211
-247
-266
-316
-397
-410
-410
-392
-418
-458
-427
-403
-391
-415
-455
-431
-403
-406
-410
-422
-393
-392
-365
-337
-327
-286
-276
-276
-235
-199
-153
-106
-87
-65
0
86
153
189
263
303
341
357
337
359
399
430
463
469
469
505
482
470
429
428
409
378
393
389
396
380
397
459
454
421
444
473
477
456
411
369
347
295
243
203
164
140
75
-25
-62
-58
-102
-110
-136
-173
-175
-213
-244
-230
-243
-265
-280
-337
-318
-306
-311
-316
-348
-371
-427
-426
-373
-336
-325
-318
-337
-370
-384
-389
-408
-393
-393
-398
-400
-399
-353
-371
-375
-371
-367
-343
-350
-325
-316
-266
-247
-283
-228
-162
-100
-56
-36
23
83
126
168
255
324
352
378
386
406
472
500
529
544
556
587
577
576
593
605
640
613
576
544
545
541
505
453
382
345
288
259
229
183
169
98
6
-20
-46
-94
-182
-240
-305
-369
-368
-422
-413
-431
-476
-519
-561
-521
-489
-475
-490
-493
-477
-458
-473
-474
-450
-379
-343
-321
-293
-244
-187
-179
-132
-157
-150
-92
-58
-39
-17
4
17
29
50
42
48
45
69
104
77
78
86
80
59
17
-5
3
31
36
47
83
142
172
179
208
255
304
327
370
430
459
509
554
579
600
602
601
608
618
620
609
611
581
566
564
491
452
412
378
305
240
137
77
70
-6
-47
-104
-118
-178
-185
-249
-299
-338
-400
-435
-514
-554
-550
-509
-528
-551
-542
-555
-576
-574
-563
-546
-539
-534
-542
-549
-542
-545
-514
-473
-456
-427
-417
-417
-388
-370
-362
-349
-330
-259
-219
-196
-104
-60
-22
34
55
93
96
61
43
62
65
51
38
40
24
21
57
85
127
166
188
229
259
268
283
349
385
428
465
473
480
472
515
522
550
580
597
604
612
647
635
636
610
598
576
562
528
491
464
383
310
252
183
91
19
-48
-108
-184
-244
-287
-294
-306
-351
-395
-390
-399
-441
-489
-502
-521
-528
-559
-552
-528
-479
-461
-472
-448
-419
-391
-348
-315
-267
-180
-115
-82
-93
-74
-45
-9
16
30
25
64
79
120
160
143
123
75
28
-3
-2
13
-1
6
-7
-27
-43
-76
-56
-64
-21
-23
-32
-28
7
61
103
181
211
242
291
291
315
336
343
353
360
361
330
349
361
381
378
404
414
422
445
383
332
271
229
214
163
109
28
-22
-81
-156
-198
-258
-296
-332
-374
-424
-470
-465
-511
-555
-597
-651
-636
-647
-590
-574
-561
-531
-532
-524
-525
-503
-477
-435
-399
-364
-310
-248
-211
-157
-68
-49
-78
-74
-42
9
93
129
139
178
229
219
259
276
235
238
252
308
325
333
378
370
354
361
332
334
359
381
327
319
327
324
385
380
364
374
423
435
463
468
467
468
429
431
394
393
415
412
387
399
363
348
323
265
217
176
129
49
8
-50
-81
-72
-94
-159
-220
-256
-335
-401
-493
-531
-547
-606
-629
-661
-700
-740
-767
-834
-859
-874
-890
-853
-805
-745
-704
-668
-630
-599
-562
-518
-481
-383
-284
-241
-221
-160
-120
-66
-13
51
169
237
279
302
334
373
407
412
411
432
481
511
489
528
534
569
621
624
611
605
593
603
607
609
579
575
588
570
560
548
546
562
546
505
464
439
428
356
297
245
237
191
123
57
-6
-64
-121
-188
-243
-304
-351
-379
-376
-398
-450
-489
-555
-589
-624
-684
-724
-757
-780
-791
-834
-831
-850
-831
-799
-805
-795
-754
-729
-726
-719
-722
-687
-661
-647
-626
-539
-446
-379
-366
-339
-231
-185
-169
-142
-87
37
169
223
290
388
495
576
616
668
722
822
864
879
895
946
974
983
993
973
1003
1019
1015
982
984
968
910
870
802
753
702
691
647
578
495
396
349
271
231
194
158
107
37
2
-57
-88
-111
-193
-258
-289
-331
-345
-419
-471
-503
-512
-510
-536
-544
-603
-610
-636
-662
-707
-721
-732
-743
-729
-747
-728
-715
-681
-667
-666
-678
-658
-638
-642
-623
-635
-585
-565
-567
-559
-560
-510
-438
-422
-398
-355
-317
-269
-217
-172
-140
-59
3
54
96
170
238
293
319
349
403
447
501
542
569
626
626
652
671
698
759
786
814
833
845
865
876
869
877
866
842
790
758
735
693
642
559
534
521
493
475
448
407
364
273
229
181
131
109
26
-41
-101
-148
-200
-252
-289
-367
-424
-451
-494
-509
-532
-573
-612
-638
-670
-696
-712
-727
-736
-789
-813
-788
-762
-735
-713
-715
-729
-729
-713
-698
-667
-644
-633
-587
-556
-537
-535
-486
-418
-365
-321
-289
-239
-218
-167
-134
-147
-112
-77
-5
56
90
181
228
269
316
361
424
455
530
578
600
630
652
708
737
770
798
835
854
892
912
922
928
938
949
932
939
909
896
879
856
825
819
780
738
710
660
580
491
410
324
267
199
112
5
-74
-151
-217
-316
-410
-507
-587
-632
-707
-771
-835
-840
-883
-947
-1001
-1049
-1049
-1064
-1056
-1057
-1059
-1011
-1013
-1021
-970
-948
-941
-910
-877
-839
-771
-737
-728
-682
-573
-470
-405
-353
-328
-254
-204
-179
-160
-110
-41
12
45
71
128
161
219
245
286
342
401
439
460
486
529
581
593
645
714
804
865
893
911
937
970
986
989
982
964
970
940
909
893
896
901
864
828
759
708
678
610
553
480
387
346
308
237
176
127
58
-39
-146
-221
-283
-323
-395
-431
-526
-594
-620
-673
-700
-716
-725
-739
-780
-791
-818
-838
-862
-882
-891
-900
-911
-928
-884
-855
-839
-841
-818
-807
-782
-724
-653
-592
-536
-495
-465
-454
-403
-359
-347
-290
-215
-141
-97
-28
-8
12
83
161
218
289
351
408
479
496
541
599
661
684
737
764
763
790
794
819
816
832
855
854
854
882
893
946
967
953
954
923
886
840
804
775
732
685
608
517
446
363
309
218
110
35
-28
-103
-198
-289
-355
-454
-532
-603
-642
-664
-705
-748
-806
-864
-892
-921
-939
-964
-939
-932
-971
-957
-942
-923
-894
-873
-840
-811
-735
-675
-651
-574
-531
-481
-421
-385
-343
-261
-228
-172
-114
-65
-19
-23
15
16
38
38
51
85
127
184
196
231
279
290
332
349
399
428
464
483
472
489
492
524
543
556
544
542
584
616
615
595
578
611
621
632
601
589
601
581
557
530
497
501
497
443
403
368
336
308
291
256
223
193
122
59
5
-10
-41
-68
-93
-141
-198
-222
-300
-348
-367
-391
-408
-432
-419
-409
-414
-420
-418
-438
-460
-468
-469
-489
-510
-493
-489
-509
-511
-505
-520
-495
-513
-504
-517
-536
-517
-513
-476
-488
-450
-421
-384
-357
-328
-279
-260
-227
-212
-226
-210
-167
-135
-94
-68
-21
1
15
29
64
121
174
204
268
330
359
387
428
475
520
533
576
618
648
704
673
688
653
623
621
623
610
565
549
512
511
515
503
458
425
405
332
274
231
194
186
157
100
47
25
-3
-39
-58
-94
-143
-193
-209
-221
-278
-334
-369
-381
-384
-403
-391
-399
-416
-406
-395
-366
-362
-383
-364
-331
-323
-363
-385
-396
-370
-353
-382
-405
-418
-420
-425
-444
-433
-408
-369
-329
-317
-297
-290
-249
-206
-158
-102
-80
-35
0
4
28
61
70
118
160
189
217
264
307
336
371
408
459
453
443
440
414
423
427
439
439
417
433
412
385
356
347
353
353
362
364
372
357
335
304
265
231
209
169
145
124
121
97
61
30
8
2
-32
-75
-111
-127
-111
-137
-151
-160
-190
-222
-241
-250
-284
-320
-322
-329
-329
-302
-271
-245
-237
-216
-206
-214
-212
-214
-209
-220
-222
-223
-251
-251
-274
-266
-268
-250
-243
-247
-233
-265
-270
-255
-244
-208
-189
-162
-169
-159
-162
-169
-116
-101
-75
-39
-19
6
23
78
123
138
177
188
223
259
289
350
366
384
412
401
401
393
395
393
391
378
351
346
343
318
306
275
252
218
225
196
149
141
119
111
50
40
45
0
-32
-50
-25
-16
-7
-20
-76
-90
-88
-82
-90
-108
-118
-133
-162
-199
-229
-255
-259
-273
-271
-259
-244
-222
-223
-236
-235
-253
-240
-242
-255
-249
-254
-243
-246
-272
-254
-232
-249
-231
-193
-138
-148
-131
-129
-136
-108
-106
-67
-44
-19
36
80
113
119
139
180
194
212
238
237
245
253
232
239
236
264
302
299
311
326
317
311
343
355
371
395
369
384
373
386
349
324
307
287
241
196
147
102
69
42
42
-12
-29
-45
-44
-91
-114
-99
-119
-118
-138
-136
-155
-184
-186
-221
-268
-296
-316
-360
-366
-355
-358
-376
-391
-416
-423
-415
-430
-446
-464
-435
-462
-462
-456
-427
-369
-341
-283
-265
-238
-219
-199
-183
-162
-140
-117
-76
-65
-52
-19
17
47
79
133
168
206
250
286
313
356
387
421
467
493
523
528
533
553
552
549
518
462
445
437
423
410
381
308
276
263
249
230
208
175
138
123
116
87
49
15
-31
-70
-100
-127
-148
-198
-233
-255
-295
-316
-306
-291
-298
-293
-318
-315
-299
-294
-309
-321
-315
-297
-272
-255
-229
-209
-207
-179
-195
-190
-188
-168
-123
-96
-78
-76
-80
-82
-55
-56
-64
-73
-59
-70
-49
-41
-26
22
49
68
79
75
88
89
142
167
165
188
212
256
261
230
210
204
190
188
221
223
211
199
192
229
235
253
250
223
210
185
186
195
231
264
247
237
208
166
154
141
129
113
72
91
108
116
106
36
0
-47
-77
-107
-147
-185
-205
-228
-258
-286
-314
-317
-343
-361
-375
-415
-411
-388
-380
-368
-383
-387
-385
-370
-326
-296
-263
-261
-244
-237
-232
-235
-224
-199
-157
-111
-110
-92
-41
-5
35
37
28
51
85
117
135
127
130
144
150
141
124
128
113
124
131
118
109
130
106
88
93
113
117
145
180
172
180
190
226
247
255
258
276
249
235
252
213
182
149
122
163
175
164
175
163
160
150
125
97
77
86
71
68
46
26
32
11
17
-1
-55
-88
-81
-98
-83
-85
-82
-92
-105
-125
-167
-180
-217
-246
-245
-252
-258
-244
-234
-221
-229
-211
-224
-222
-212
-210
-236
-277
-265
-239
-181
-159
-118
-111
-131
-115
-106
-99
-75
-51
-35
-24
4
40
90
151
203
225
232
233
222
255
268
275
289
255
264
281
284
284
274
247
214
237
192
161
150
142
128
120
101
76
79
74
62
45
8
1
4
2
-11
-51
-91
-127
-130
-146
-114
-112
-96
-73
-88
-94
-107
-127
-154
-142
-164
-163
-141
-143
-119
-109
-125
-126
-145
-182
-178
-210
-232
-229
-257
-258
-263
-241
-234
-235
-222
-152
-137
-113
-61
-61
-34
-58
-79
-63
-79
-63
-64
-66
-47
-50
-18
13
45
72
86
116
129
162
194
230
239
255
294
315
358
388
402
390
376
389
373
351
331
325
307
274
262
259
241
229
224
206
215
203
179
158
144
117
66
33
-6
-35
-68
-105
-97
-123
-179
-213
-217
-213
-204
-209
-232
-246
-247
-221
-230
-245
-241
-274
-277
-272
-265
-275
-285
-292
-293
-300
-292
-257
-242
-220
-210
-204
-214
-191
-180
-152
-137
-134
-131
-119
-101
-81
-82
-79
-59
-52
3
46
84
114
113
142
153
156
199
229
270
288
270
255
274
284
289
296
278
281
294
311
321
316
287
277
287
286
254
239
220
208
174
148
130
109
64
17
0
-38
-69
-79
-89
-109
-154
-174
-185
-212
-210
-205
-226
-243
-266
-264
-275
-265
-261
-282
-260
-255
-250
-249
-226
-216
-203
-170
-155
-126
-100
-76
-95
-101
-109
-132
-131
-146
-130
-115
-110
-102
-85
-67
-64
-32
-26
-20
-38
-52
-67
-70
-33
3
46
59
72
82
80
91
107
110
89
70
82
92
113
127
162
200
207
227
235
269
287
287
265
232
248
271
276
273
294
311
306
326
346
315
296
282
236
252
269
241
198
145
117
91
60
32
22
2
-6
-29
-53
-77
-93
-69
-59
-82
-94
-121
-139
-167
-201
-236
-281
-288
-318
-322
-311
-292
-287
-314
-309
-300
-280
-273
-261
-239
-247
-250
-260
-233
-226
-209
-190
-188
-187
-218
-210
-219
-231
-230
-234
-212
-189
-178
-157
-148
-160
-153
-131
-111
-106
-60
-3
36
46
66
99
134
163
180
207
245
280
333
347
354
339
339
329
337
342
339
382
410
408
413
405
377
381
387
385
361
347
316
301
278
211
178
160
133
97
76
45
16
-32
-55
-111
-173
-206
-233
-247
-284
-263
-299
-300
-286
-325
-313
-344
-364
-380
-381
-367
-342
-323
-324
-321
-312
-309
-285
-272
-274
-276
-266
-245
-213
-158
-165
-137
-112
-99
-63
-21
26
32
37
61
86
109
160
163
175
187
194
212
202
193
176
183
205
209
222
239
247
232
218
194
185
195
197
218
214
204
196
205
195
195
201
199
192
172
173
170
140
108
100
92
104
86
71
69
60
50
42
34
12
21
17
9
-16
-32
-51
-108
-123
-169
-192
-196
-213
-205
-208
-225
-239
-251
-272
-273
-301
-301
-275
-263
-233
-218
-239
-236
-231
-238
-211
-235
-234
-238
-208
-183
-165
-126
-114
-71
-46
-36
-1
8
8
-22
-28
-46
-67
-82
-66
-41
-6
-8
16
26
46
86
85
110
123
132
150
174
198
218
218
200
212
228
213
227
225
227
231
242
238
247
228
220
211
198
207
208
221
208
209
200
188
188
160
138
105
77
36
26
-7
-31
-35
-63
-60
-83
-95
-111
-117
-135
-138
-127
-159
-134
-142
-150
-171
-210
-214
-205
-187
-182
-198
-195
-205
-215
-175
-173
-159
-178
-212
-239
-264
-264
-258
-260
-230
-195
-159
-159
-147
-125
-127
-117
-110
-140
-125
-94
-95
-54
-39
-22
20
53
69
85
107
123
119
150
146
160
193
244
278
291
312
315
331
341
351
343
368
390
431
476
470
472
459
443
435
436
407
372
344
291
243
213
206
190
187
176
131
108
84
67
42
18
-13
-62
-109
-151
-191
-235
-300
-322
-361
-392
-431
-441
-477
-513
-546
-596
-591
-590
-596
-594
-597
-579
-559
-524
-481
-462
-417
-416
-405
-384
-379
-350
-306
-284
-235
-187
-149
-97
-70
-45
-33
-13
-18
3
15
30
78
125
162
165
185
226
252
274
312
304
289
277
268
274
278
303
309
302
293
297
315
303
335
361
385
380
357
366
337
344
345
317
333
353
350
361
375
361
330
309
281
258
218
180
162
131
124
88
97
89
55
24
-15
-34
-52
-56
-68
-101
-147
-172
-212
-227
-256
-296
-308
-340
-377
-379
-435
-477
-479
-491
-482
-487
-476
-456
-426
-425
-425
-422
-411
-389
-387
-365
-347
-308
-285
-243
-211
-182
-132
-84
-40
6
7
35
62
102
123
127
181
176
189
231
281
319
334
351
363
386
379
371
384
376
385
375
360
341
328
332
323
314
279
258
240
212
202
181
160
143
124
112
86
54
48
30
2
-3
-14
-25
-67
-101
-135
-138
-132
-137
-128
-127
-117
-134
-138
-130
-138
-124
-141
-167
-188
-201
-203
-227
-258
-292
-307
-302
-320
-312
-267
-262
-271
-275
-279
-293
-298
-314
-293
-280
-292
-295
-270
-264
-230
-201
-198
-169
-132
-89
-92
-62
-11
35
72
106
131
159
194
226
279
295
292
285
291
302
299
306
301
307
273
283
291
269
260
266
262
237
262
255
252
244
241
229
216
213
225
220
205
204
194
183
156
158
133
105
92
83
82
71
74
72
43
12
-38
-68
-89
-71
-93
-132
-152
-172
-197
-215
-224
-249
-248
-267
-284
-296
-291
-317
-331
-347
-353
-346
-333
-315
-295
-273
-249
-255
-244
-228
-212
-198
-186
-173
-183
-171
-187
-158
-147
-136
-101
-89
-64
-58
-33
1
57
105
122
174
192
224
232
233
268
264
273
290
292
281
273
263
273
303
310
304
308
272
252
244
230
230
210
213
207
206
199
209
193
166
140
93
76
76
71
86
82
72
51
52
73
77
73
53
13
-3
-36
-66
-74
-104
-126
-146
-157
-162
-193
-238
-253
-316
-374
-394
-394
-376
-372
-374
-391
-390
-389
-390
-382
-382
-381
-371
-367
-357
-342
-305
-286
-262
-223
-223
-194
-154
-140
-125
-104
-69
-66
-39
-11
26
79
136
163
180
236
237
239
267
281
287
319
348
377
374
369
377
371
354
347
327
309
299
279
298
304
315
318
321
304
298
267
254
240
205
203
162
161
145
128
116
89
58
18
12
16
10
10
16
-16
-34
-43
-63
-84
-86
-120
-138
-171
-200
-203
-210
-211
-211
-222
-221
-237
-222
-222
-234
-231
-256
-274
-306
-332
-350
-345
-345
-335
-314
-295
-273
-264
-292
-281
-281
-264
-263
-254
-227
-208
-188
-161
-135
-125
-90
-62
-20
21
28
49
109
126
132
161
197
234
238
273
294
336
355
336
345
328
323
309
322
334
327
324
323
309
281
264
244
232
216
176
170
149
116
99
82
95
81
73
58
34
17
5
-29
-53
-58
-80
-112
-113
-104
-120
-131
-125
-117
-133
-108
-96
-104
-115
-147
-163
-169
-148
-152
-174
-191
-222
-227
-240
-222
-212
-214
-217
-210
-218
-218
-243
-241
-220
-223
-212
-223
-193
-167
-171
-121
-87
-74
-50
-5
3
-1
23
20
32
66
93
82
86
103
105
116
146
172
178
188
202
211
203
220
192
202
235
232
256
264
276
295
280
272
257
239
234
229
217
194
193
186
183
186
165
152
147
132
122
87
63
26
2
-29
-49
-60
-92
-77
-86
-108
-125
-128
-153
-167
-168
-169
-175
-174
-165
-168
-168
-201
-200
-222
-243
-261
-274
-253
-255
-245
-247
-231
-227
-221
-194
-178
-163
-166
-139
-118
-98
-94
-90
-83
-103
-85
-63
-83
-59
-41
-34
0
-2
5
14
52
74
93
119
98
116
128
149
194
195
207
216
178
192
185
193
231
216
205
189
185
182
177
179
159
154
159
154
165
155
142
141
132
134
128
92
63
36
4
-10
-29
-35
-32
-51
-48
-46
-63
-87
-77
-84
-84
-95
-88
-117
-113
-106
-134
-142
-152
-138
-128
-96
-130
-144
-159
-195
-190
-202
-186
-186
-166
-153
-140
-109
-114
-103
-82
-82
-90
-83
-70
-49
-47
-35
-29
-37
-49
-32
-26
12
32
36
53
66
73
71
61
32
33
23
28
39
47
67
78
76
84
80
90
77
66
75
108
141
170
205
201
169
160
169
188
193
186
178
194
205
193
187
186
189
161
151
120
98
61
36
14
-5
-32
-33
-31
-35
-50
-73
-109
-137
-156
-166
-176
-214
-218
-229
-233
-236
-211
-223
-213
-190
-199
-209
-192
-173
-153
-140
-155
-145
-109
-78
-44
-19
-16
-4
3
-17
-18
-16
-45
-42
-49
-59
-61
-64
-51
-37
-22
-45
-65
-69
-58
-40
-43
-25
-18
-13
16
63
88
118
116
129
117
122
143
138
157
145
134
121
112
127
127
126
131
95
83
86
79
79
52
43
56
56
91
95
96
69
66
64
72
81
70
99
83
59
47
50
46
31
13
17
-26
-32
-31
-15
-13
-34
-41
-54
-53
-46
-48
-46
-57
-68
-86
-124
-134
-166
-160
-148
-124
-93
-93
-87
-67
-62
-35
-28
-7
-7
13
26
17
30
47
45
36
42
49
51
46
54
44
60
73
79
92
89
69
55
83
88
92
92
77
75
69
59
53
19
-3
-6
-17
-12
-22
-25
-15
-5
5
-4
18
27
28
49
73
61
48
62
47
57
54
21
-6
-3
-28
-42
-63
-87
-77
-63
-47
-48
-61
-68
-56
-47
-68
-100
-112
-123
-123
-124
-156
-162
-176
-184
-196
-200
-220
-233
-255
-254
-230
-232
-226
-199
-182
-171
-122
-109
-122
-98
-79
-78
-45
-32
-12
11
39
89
109
124
126
141
153
114
107
115
102
106
105
135
119
117
116
114
124
144
160
187
208
200
222
223
209
214
201
198
190
183
176
170
158
111
88
91
86
88
81
78
50
24
-1
-41
-36
-47
-54
-66
-74
-76
-79
-63
-64
-70
-59
-61
-54
-84
-109
-127
-160
-181
-171
-171
-180
-178
-156
-145
-124
-105
-111
-96
-83
-49
-45
-38
-37
-31
-11
13
29
16
26
38
45
37
34
20
-2
1
-9
-6
-6
-17
8
4
19
52
83
98
120
146
129
130
107
100
104
81
60
58
65
65
56
51
39
25
47
50
48
47
29
26
12
-7
-11
1
23
8
21
16
1
6
6
9
15
11
23
29
34
24
19
13
-19
-22
-9
-15
-15
-47
-62
-93
-124
-143
-183
-179
-179
-204
-231
-269
-275
-263
-254
-239
-230
-220
-225
-210
-212
-195
-180
-171
-148
-132
-100
-57
-14
3
3
19
10
22
39
38
58
67
90
132
146
149
169
175
197
221
240
262
250
251
286
269
247
233
231
246
244
259
250
251
245
208
205
188
156
133
97
92
81
80
76
69
69
50
35
32
26
14
0
-8
5
23
14
1
-9
-34
-40
-65
-75
-87
-109
-124
-141
-160
-175
-180
-202
-223
-247
-243
-237
-212
-206
-192
-191
-181
-177
-182
-171
-164
-168
-170
-177
-205
-207
-208
-206
-197
-183
-174
-154
-134
-136
-113
-77
-46
-33
-1
17
36
72
84
112
101
110
121
113
130
144
157
157
162
178
195
196
183
185
185
176
178
195
196
170
158
134
96
97
84
101
88
65
54
67
88
93
108
93
106
92
84
77
69
63
38
30
22
4
-29
-29
-53
-64
-84
-94
-108
-118
-123
-161
-155
-148
-153
-151
-159
-167
-167
-178
-165
-180
-183
-189
-194
-196
-201
-194
-188
-176
-164
-148
-141
-111
-102
-89
-74
-59
-33
-45
-21
-8
4
26
30
45
54
79
106
119
118
111
112
111
103
115
118
136
145
161
192
196
208
186
173
168
161
139
125
132
132
128
129
163
149
171
158
149
127
111
88
66
52
17
15
-23
-32
-32
-34
-37
-36
-50
-64
-65
-85
-100
-111
-115
-90
-74
-88
-73
-91
-105
-71
-62
-69
-73
-79
-68
-62
-59
-70
-80
-91
-95
-86
-68
-75
-91
-84
-92
-98
-92
-88
-52
-61
-63
-54
-72
-62
-87
-81
-91
-90
-85
-93
-78
-59
-35
-18
4
47
53
73
84
73
76
61
59
49
39
39
44
55
58
73
85
82
85
64
39
36
26
29
39
66
80
111
129
152
174
172
157
147
142
115
133
142
126
109
113
121
120
119
136
138
124
135
118
112
94
69
48
35
22
-2
-22
-35
-54
-119
-126
-145
-185
-183
-203
-200
-218
-237
-242
-260
-284
-273
-269
-267
-271
-272
-272
-277
-252
-255
-262
-241
-234
-231
-208
-223
-213
-187
-167
-129
-124
-82
-58
-15
24
53
70
100
118
127
150
157
161
154
179
197
228
245
240
270
279
294
295
287
294
272
265
238
224
206
221
231
223
231
236
224
209
183
142
109
93
94
79
88
80
77
81
72
72
34
9
-11
-58
-72
-76
-87
-65
-69
-71
-64
-81
-72
-78
-68
-73
-108
-155
-189
-190
-200
-198
-199
-220
-230
-250
-268
-274
-288
-284
-303
-305
-315
-318
-288
-268
-248
-247
-233
-224
-199
-161
-140
-110
-106
-102
-110
-89
-83
-50
-51
-40
14
33
62
87
104
136
128
108
120
139
158
200
217
220
233
243
245
269
273
258
247
245
230
224
219
187
178
189
208
205
218
227
242
246
234
228
228
199
180
159
131
103
84
66
54
43
-1
-28
-56
-49
-49
-62
-56
-66
-96
-96
-99
-90
-85
-91
-82
-97
-105
-115
-133
-132
-166
-211
-211
-200
-200
-184
-181
-173
-178
-199
-200
-218
-217
-230
-234
-238
-246
-246
-234
-219
-190
-176
-163
-196
-184
-161
-157
-138
-133
-98
-80
-54
-53
-30
-14
-5
34
53
58
59
78
83
99
105
121
172
205
237
272
292
305
304
285
296
260
247
246
233
236
230
219
190
174
159
135
138
118
105
