3
-2
-5
-6
-5
-6
-4
-7
-12
-13
-15
-17
-19
-18
-18
-18
-14
-8
-1
1
1
-1
-4
-6
-6
-6
-5
1
-3
-3
-2
1
2
1
4
4
4
4
1
3
3
7
4
3
2
4
8
11
13
11
7
1
3
0
1
1
3
2
-1
-5
-4
-8
-10
-10
-10
-4
-2
2
5
4
4
5
5
4
5
9
2
0
1
2
4
9
10
11
16
12
10
6
4
2
-2
-2
-3
-5
-7
-10
-6
-4
-5
-3
-1
2
-2
-6
-12
-14
-18
-18
-18
-19
-18
-22
-22
-25
-23
-24
-25
-21
-22
-18
-18
-15
-14
-13
-11
-14
-12
-11
-7
-5
-7
-7
-5
-5
-2
2
3
5
7
13
21
25
31
32
32
33
29
26
26
27
27
27
26
26
23
17
17
19
19
18
21
17
14
13
9
7
3
-5
-10
-9
-10
-8
-12
-11
-9
-6
-6
-4
-2
1
1
-1
1
-2
-2
-2
-6
-10
-8
-6
-5
-1
0
-3
-4
-2
-5
-2
-1
1
1
1
2
4
6
8
9
8
7
0
-3
-2
-10
-5
-8
-11
-9
-10
-7
-11
-7
-8
-7
-3
-3
-1
2
-3
2
5
5
10
8
2
-1
-2
-5
-9
-13
-16
-17
-14
-11
-12
-7
-7
-4
-2
-6
-5
-5
-7
-10
-6
-3
-2
2
3
7
8
10
9
6
3
-6
-7
-9
-9
-9
-8
-4
-3
7
9
12
9
7
1
-2
3
-2
-4
-2
-2
-7
-4
-5
-6
-2
-1
-1
-1
-3
-3
-4
-6
-5
-4
-4
-3
-5
-5
-8
-10
-11
-7
-10
-9
-6
-4
0
1
6
10
17
19
19
25
25
23
25
20
15
14
14
16
20
19
15
16
11
5
-1
-3
-3
-6
-3
-2
0
-1
0
3
6
9
8
-4
-11
-16
-19
-16
-16
-15
-11
-8
-2
1
-2
-4
-3
-3
1
5
5
2
-4
-2
-2
0
1
4
5
12
20
21
22
21
15
14
14
15
21
16
17
16
9
6
2
0
-3
3
5
-3
-11
-15
-14
-12
-12
-11
-8
-9
-6
-2
-8
-12
-15
-20
-23
-28
-29
-26
-24
-23
-21
-29
-26
-27
-25
-20
-14
-13
-7
-2
-1
2
0
2
-2
-6
-7
-10
-6
-7
-13
-16
-16
-18
-18
-16
-13
-15
-18
-16
-12
1
4
8
12
17
17
20
26
24
30
30
27
23
20
15
18
23
18
12
9
12
14
13
13
17
21
23
26
37
33
26
22
13
10
18
20
23
21
20
19
21
20
24
25
24
22
19
15
18
16
11
3
1
-13
-22
-21
-23
-28
-33
-37
-37
-37
-43
-42
-44
-42
-35
-30
-33
-25
-15
-5
1
0
5
-1
3
5
3
1
1
-11
-3
7
7
22
18
18
22
21
15
12
3
-1
-2
20
28
-13
-32
-10
3
-15
-48
-51
-38
-17
-3
-11
-37
-30
5
11
-7
-19
12
52
34
5
10
47
56
53
37
42
59
53
45
34
42
32
9
-7
-4
5
9
-17
-33
-17
-21
-45
-68
-79
-64
-58
-75
-86
-89
-102
-130
-141
-144
-130
-124
-132
-140
-141
-133
-117
-120
-115
-106
-92
-74
-72
-63
-34
-13
-8
17
23
43
55
90
127
148
174
196
213
217
230
223
233
234
254
259
264
264
247
258
249
239
232
224
223
204
173
154
137
115
93
79
58
41
20
-1
-32
-66
-64
-78
-126
-161
-175
-187
-194
-195
-194
-224
-232
-221
-246
-271
-280
-278
-275
-280
-320
-311
-279
-260
-280
-350
-323
-261
-205
-287
-384
-328
-204
-137
-269
-359
-260
-50
9
-166
-289
-157
43
134
36
-50
79
266
343
220
129
309
579
631
495
437
586
712
652
557
580
694
727
595
488
531
562
522
429
421
455
388
294
224
272
282
193
87
57
76
11
-130
-204
-165
-137
-256
-426
-445
-386
-404
-491
-576
-585
-560
-589
-653
-693
-657
-617
-643
-677
-663
-630
-658
-730
-829
-775
-602
-478
-561
-748
-806
-642
-483
-519
-681
-725
-505
-311
-366
-595
-623
-320
31
131
11
37
322
601
611
509
699
1127
1362
1277
1040
1111
1380
1560
1527
1412
1454
1513
1445
1262
1183
1268
1351
1207
937
710
693
750
697
535
462
405
268
75
-151
-259
-280
-237
-286
-475
-679
-790
-807
-812
-815
-849
-885
-984
-1027
-1033
-956
-889
-834
-751
-729
-685
-700
-698
-629
-484
-422
-505
-646
-643
-549
-414
-352
-320
-300
-248
-269
-221
-206
-93
-315
-774
-650
-157
582
46
-1187
-1275
-169
732
107
-1462
-1689
-257
879
202
-1528
-2017
-277
1342
778
-931
-1370
396
1871
966
-744
-574
1568
2988
1703
-202
145
2227
3197
1942
562
1144
2742
2744
1360
526
1517
2695
2140
750
228
1049
1689
1224
477
369
700
651
102
-509
-536
-334
-351
-540
-795
-866
-1095
-1424
-1348
-973
-913
-1341
-1839
-1806
-1280
-1061
-1295
-1486
-1241
-823
-780
-1147
-1359
-1048
-468
-167
-407
-685
-551
-136
168
208
133
148
224
245
212
289
161
162
-664
-997
-511
548
800
-888
-2206
-1530
234
495
-1312
-2989
-2007
245
704
-1342
-3342
-2442
521
1483
-535
-2546
-1585
1267
1939
-173
-1509
195
2910
3056
466
-844
943
3540
3591
1480
633
2242
3700
2796
1045
984
2859
3772
2340
623
817
2423
2950
1530
327
767
1791
1412
-110
-946
-434
635
563
-411
-1308
-1362
-922
-966
-1444
-1515
-1124
-1409
-2243
-2489
-1806
-1147
-1456
-1899
-1700
-1258
-1024
-1305
-1392
-935
-244
-138
-579
-711
-271
149
51
-170
-36
222
114
-135
-152
128
372
231
-123
-284
-28
88
-149
-596
-1091
-917
-259
252
-255
-1597
-2024
-1038
-109
-595
-2156
-2818
-1563
-140
-527
-2346
-3218
-1743
315
378
-1344
-2248
-785
1340
1403
-200
-681
1210
3363
2973
922
478
2454
4231
3621
1910
1721
3350
4154
2922
1634
2210
3847
3912
2248
1233
1956
2946
2549
1276
997
1487
1516
632
-187
-182
133
-104
-774
-1311
-1481
-1458
-1923
-2469
-2434
-1923
-1772
-2516
-3199
-2914
-2118
-1857
-2113
-2243
-1816
-1415
-1552
-1884
-1691
-1054
-490
-761
-1325
-1221
-774
-387
-480
-652
-440
-303
-293
-464
-478
-137
225
273
41
-157
-519
-944
-541
380
999
85
-1558
-1745
-389
706
-91
-1914
-2227
-610
668
-161
-1784
-2029
-221
1442
736
-889
-1164
700
2376
1767
326
440
2407
3730
2799
1147
1365
3272
4247
3116
1639
2006
3550
3778
2323
1285
2073
3354
2928
1428
774
1444
2259
1679
501
49
449
821
257
-736
-1211
-1077
-952
-1343
-1952
-2280
-2211
-2234
-2444
-2495
-2603
-2579
-2719
-2666
-2395
-2334
-2330
-2467
-2179
-1750
-1609
-1792
-1793
-1405
-1012
-850
-1015
-1019
-577
-200
-146
-346
-397
58
355
434
292
102
414
630
709
506
461
119
-194
64
734
1350
419
-872
-871
366
1248
332
-1338
-1553
129
1324
308
-1843
-2296
-31
1866
1002
-1244
-1670
587
2464
1346
-839
-441
2241
3871
2199
-336
46
2682
4083
2642
692
1066
2795
3089
1517
399
1320
2736
2391
695
-180
665
1855
1514
149
-458
255
536
-97
-994
-1057
-422
-386
-1011
-1696
-1853
-1581
-1482
-1970
-2269
-1792
-1404
-1783
-2520
-2458
-1382
-1098
-1781
-2079
-1390
-447
-525
-1062
-1016
-113
383
28
-578
-441
268
374
46
-51
336
586
180
-139
123
612
727
376
131
294
472
-162
-723
-284
664
1100
-206
-1529
-1192
201
734
-517
-2100
-1889
-321
477
-645
-2356
-2261
-382
828
-134
-1611
-1385
630
1773
577
-780
-67
1988
2760
1463
196
895
2568
2975
1834
965
1678
2777
2468
1235
707
1716
2590
2061
830
513
1194
1851
1236
323
290
839
1194
392
-667
-1055
-483
169
-328
-1392
-1788
-1282
-1005
-1438
-1722
-1577
-1021
-1109
-1554
-1680
-1519
-1057
-825
-755
-1009
-1095
-1074
-788
-457
-326
-353
-516
-452
-349
-194
-97
42
245
113
33
-168
-158
12
89
82
73
63
92
-136
-791
-752
-153
824
548
-1069
-1983
-1147
295
295
-1494
-2665
-1519
196
273
-1552
-2900
-1539
723
776
-1128
-2127
-493
1714
1385
-665
-937
1186
3129
2303
33
-26
1905
3318
2489
913
1104
2594
3135
1975
870
1470
2866
3067
1692
794
1218
2130
2178
1136
511
732
1342
1425
514
-440
-448
155
285
-448
-1115
-1158
-1031
-1274
-1481
-1315
-1277
-1321
-1562
-1648
-1560
-1744
-1636
-1264
-863
-881
-1370
-1545
-1035
-483
-595
-1164
-1294
-714
-340
-759
-1194
-866
-376
-146
-710
-1039
-720
-232
-75
-362
-552
-300
-34
-741
-1210
-971
180
540
-739
-1895
-1423
34
391
-950
-2290
-1567
225
748
-681
-2403
-1717
689
1485
14
-1386
-341
1942
2281
343
-542
1267
3510
3312
1028
296
2094
3827
3215
1407
1212
2807
3668
2358
865
1285
2880
3223
1704
544
1120
2351
2052
807
189
668
1336
903
-23
-612
-645
-328
-341
-977
-1481
-1397
-1377
-1658
-2049
-2036
-1629
-1878
-2380
-2190
-1739
-1565
-1761
-1865
-1439
-1110
-1319
-1614
-1452
-621
-162
-701
-1407
-1287
-562
-165
-518
-993
-640
-107
-19
-502
-777
-351
86
17
-264
-436
-100
-271
-730
-784
-207
777
361
-1100
-1690
-702
638
498
-1121
-2018
-915
667
631
-1028
-2165
-627
1475
1447
-304
-1266
383
2299
1734
-193
-208
2016
3621
2479
267
530
2665
3640
2256
829
1557
3223
3116
1271
484
1822
3314
2561
726
310
1519
2044
1121
8
177
968
927
-98
-1107
-949
-187
169
-675
-1614
-1517
-896
-1022
-1937
-2193
-1395
-798
-1261
-2174
-2310
-1638
-1153
-1222
-1459
-1379
-1109
-1064
-1326
-1202
-722
-436
-669
-1047
-837
-384
-435
-680
-510
-34
228
-128
-595
-274
440
680
307
-251
21
-19
-402
-506
-58
831
220
-1267
-1789
-790
324
141
-1420
-2032
-1001
158
-90
-1695
-2478
-914
972
662
-1120
-1733
118
1917
1257
-721
-533
1671
3095
1774
-251
301
2525
3420
1826
491
1596
3467
3382
1576
901
2320
3447
2551
1009
1075
2304
2712
1527
361
689
1540
1672
911
-62
-252
-36
31
-292
-730
-869
-887
-1252
-1722
-1690
-1443
-1331
-1716
-2062
-2004
-1744
-1696
-1683
-1634
-1525
-1432
-1677
-1668
-1323
-908
-697
-927
-1166
-1001
-650
-530
-669
-697
-410
-129
-211
-527
-426
44
342
293
-108
-98
-494
-555
-102
426
723
-395
-1351
-1066
-177
133
-646
-1711
-1606
-610
-251
-899
-1858
-1726
-99
722
-147
-1309
-1066
782
1804
712
-539
245
2151
2746
1190
113
1288
3164
3242
1620
807
2174
3484
2710
1107
959
2505
3301
2240
943
1202
2363
2366
1196
333
618
1308
1098
244
-423
-434
-221
-357
-894
-1201
-1060
-994
-1317
-1784
-1754
-1365
-1208
-1514
-1874
-1733
-1531
-1465
-1372
-1258
-1113
-1048
-1133
-1220
-1004
-637
-518
-624
-849
-808
-575
-392
-418
-292
-93
-76
-192
-443
-274
25
143
-55
-269
-392
-790
-597
-144
473
167
-1077
-1534
-851
-198
-483
-1474
-1701
-642
79
-521
-1600
-1735
-526
783
363
-800
-1112
154
1607
1281
43
9
1584
2870
2242
701
665
2321
3465
2630
1268
1219
2706
3307
2206
1273
1533
2586
2571
1430
834
1356
2073
1736
751
242
526
929
734
42
-581
-693
-588
-705
-868
-1085
-1267
-1482
-1711
-1632
-1420
-1590
-1977
-1972
-1579
-1346
-1768
-2159
-1650
-916
-839
-1542
-2016
-1480
-727
-648
-1092
-1231
-814
-457
-566
-808
-688
-216
7
-82
-222
-168
100
240
438
335
305
-392
-415
282
846
843
-592
-1103
-257
729
440
-1084
-1783
-366
1142
518
-1428
-2347
-954
1223
1102
-792
-1519
-122
1787
1415
-576
-812
1379
2953
2043
-214
-339
1888
3294
2141
346
608
2265
2791
1435
450
1280
2621
2495
1022
352
1058
1946
1838
961
434
511
625
547
269
-41
-223
-367
-458
-674
-952
-1279
-1276
-1235
-1258
-1166
-1435
-1795
-1807
-1450
-867
-1034
-1741
-1894
-1210
-624
-958
-1680
-1569
-596
-233
-793
-1311
-983
-27
169
-452
-788
-369
338
304
-151
-225
158
483
376
199
116
410
568
-80
-342
-246
650
1070
-45
-953
-699
265
574
-435
-1466
-745
498
521
-784
-1933
-1014
917
946
-585
-1539
-434
1352
1043
-787
-1278
438
2082
1679
-226
-635
1051
2320
1541
50
19
1549
2468
1481
277
447
1726
2296
1327
349
402
1269
1728
1054
112
141
890
1269
613
-321
-493
183
616
129
-446
-566
-132
-225
-717
-866
-747
-467
-545
-758
-862
-793
-670
-581
-414
-538
-816
-928
-736
-402
-489
-596
-599
-483
-361
-536
-654
-501
-232
-141
-237
-417
-451
-273
-69
43
-100
-209
-651
-776
-397
54
297
-528
-1243
-1011
-221
89
-816
-1933
-1655
-258
179
-1080
-2611
-2443
-371
717
-536
-2106
-1715
524
1326
-426
-1837
-448
1983
2287
217
-1090
590
2816
2655
801
228
1818
3031
2154
743
1138
2630
2963
1954
1067
1545
2366
2338
1773
1317
1347
1493
1515
1416
1074
713
398
292
323
77
-349
-729
-655
-497
-605
-969
-1397
-1397
-1131
-857
-1027
-1407
-1508
-1180
-848
-949
-1207
-1312
-979
-624
-839
-1218
-1189
-626
-320
-548
-924
-917
-339
0
-10
-191
-235
-94
-11
-50
-220
-488
-506
63
472
307
-833
-1654
-901
356
377
-1053
-2176
-1682
-198
81
-1194
-2283
-1945
-305
267
-931
-2024
-1537
269
1016
-204
-1388
-578
1334
1940
619
-694
156
1902
2235
965
198
1237
2404
1978
805
818
2187
2985
1950
846
1186
2396
2551
1602
960
1571
2460
1934
912
444
919
1488
959
65
-156
13
3
-408
-761
-585
-316
-752
-1456
-1554
-997
-521
-883
-1532
-1502
-1027
-794
-1150
-1536
-1176
-684
-661
-1119
-1383
-1027
-469
-368
-610
-741
-535
-248
-154
-189
-161
-108
37
103
134
57
19
101
304
444
185
-451
-832
-302
319
363
-484
-1354
-1123
-272
-23
-748
-1556
-1477
-673
-350
-1055
-1949
-1844
-635
290
-364
-1533
-1625
-313
773
105
-1081
-748
965
1971
976
-329
-2
1571
2427
1546
708
1125
2131
2271
1388
1049
1707
2447
2079
1233
1195
1698
2041
1631
1058
1048
1094
1024
578
272
334
485
319
-52
-202
-191
-148
-423
-594
-223
43
-195
-698
-928
-428
-138
-351
-685
-746
-366
-215
-426
-637
-456
-39
48
-210
-553
-495
-264
-91
-204
-305
-241
-187
-119
-284
-387
-356
-323
-141
-221
-325
-1122
-1517
-905
-43
93
-1421
-2618
-1911
-481
-424
-1919
-3278
-2226
-431
-343
-2101
-3505
-2446
-58
486
-1342
-2701
-1635
635
1027
-832
-1826
-117
2097
2037
-102
-926
879
2857
2574
819
430
2084
3384
2522
985
1158
2822
3670
2525
1127
1246
2563
3083
2105
1155
1301
2018
2086
1208
381
408
880
1090
656
100
-118
44
29
-249
-191
-91
-246
-813
-1171
-749
-511
-768
-1213
-1076
-719
-817
-1296
-1551
-1073
-649
-796
-1266
-1524
-1168
-806
-811
-990
-949
-714
-677
-853
-889
-613
-339
-314
-497
-595
-540
-409
-524
-398
-396
-597
-1080
-1363
-853
-250
-303
-1169
-1647
-1034
-125
-220
-1211
-1896
-1206
-38
84
-1028
-1945
-1468
126
598
-554
-1528
-952
751
1209
122
-627
492
2081
2294
939
113
1344
2738
2696
1420
1031
2097
3087
2790
1720
1535
2372
2819
2152
1314
1336
2019
2305
1756
1113
1045
1237
1269
882
365
318
407
435
104
-272
-326
-389
-500
-594
-426
-494
-926
-1175
-1064
-772
-1001
-1470
-1467
-1064
-772
-1104
-1666
-1555
-1022
-893
-1286
-1692
-1468
-975
-949
-1268
-1477
-1095
-627
-781
-1235
-1260
-756
-415
-612
-949
-893
-633
-643
-1087
-1586
-1163
-269
147
-551
-1759
-1771
-631
81
-491
-1684
-1719
-461
312
-431
-1790
-1800
-307
920
149
-1191
-930
772
1924
889
-508
87
2130
2981
1791
446
1139
3013
3502
2284
1315
2163
3582
3396
1755
1134
2259
3511
2877
1250
921
2017
2816
1972
743
693
1628
1827
897
-135
-169
566
666
83
-487
-519
-278
-559
-1069
-1117
-744
-876
-1481
-1930
-1777
-1289
-1341
-1762
-1839
-1485
-1435
-1763
-2082
-1884
-1339
-1251
-1591
-1850
-1605
-1182
-1134
-1257
-1212
-993
-889
-999
-1106
-897
-433
-278
-393
-628
-705
-428
-21
116
-239
-535
-371
-120
-249
-663
-554
78
171
-456
-1037
-719
38
150
-666
-1078
-453
189
-145
-931
-876
135
774
153
-535
-272
853
1252
691
396
1098
2150
2216
1543
1254
1960
2743
2634
1937
1810
2382
2857
2477
1873
1874
2315
2413
1841
1339
1521
2063
1954
1205
751
1089
1510
1310
556
118
355
581
286
-270
-712
-714
-631
-891
-1235
-1545
-1599
-1517
-1572
-1795
-1919
-1902
-1825
-1747
-1790
-1836
-1837
-1764
-1490
-1431
-1730
-1940
-1707
-1312
-1189
-1405
-1617
-1416
-1127
-1010
-1167
-1293
-1056
-593
-412
-574
-829
-804
-253
134
-39
-831
-1061
-480
281
225
-826
-1119
-503
257
188
-848
-1274
-671
154
160
-500
-962
-551
457
785
442
124
558
1418
1547
1076
945
1696
2525
2540
1763
1414
1975
2766
2695
1999
1737
2290
2751
2226
1598
1746
2439
2533
1788
1220
1502
2038
1879
1208
890
1182
1470
1030
381
137
319
459
-62
-693
-725
-540
-611
-1096
-1378
-1119
-1049
-1490
-1989
-2005
-1716
-1570
-1977
-2369
-2250
-2007
-1916
-2259
-2513
-2243
-1903
-1675
-1863
-1996
-1814
-1529
-1351
-1466
-1468
-1201
-863
-717
-771
-734
-518
-332
-252
-211
-333
-287
-273
-89
-101
-590
-610
-93
845
897
-427
-1234
-388
877
1059
-352
-1280
-173
1333
1251
-268
-1167
91
2050
1920
385
-386
941
2679
2341
833
665
2242
3502
2756
1084
1088
2570
3500
2649
1398
1494
2557
2772
1712
900
1397
2394
2128
850
211
872
1687
1293
87
-360
241
660
26
-1008
-1335
-781
-429
-872
-1717
-1921
-1445
-1233
-1706
-2186
-1967
-1531
-1807
-2565
-2706
-2124
-1627
-1871
-2270
-2193
-1776
-1573
-1709
-1623
-1308
-991
-1228
-1572
-1397
-910
-589
-718
-755
-544
-327
-314
-341
-10
377
366
98
-114
255
680
720
553
587
842
816
308
-216
90
797
1088
436
-381
-295
488
969
434
-372
-416
405
913
397
-351
-434
502
1186
797
8
17
1063
1742
1334
404
554
1618
2332
1859
920
876
1740
2213
1648
985
1153
2026
2173
1262
530
933
1701
1749
832
299
728
1094
733
-14
-53
455
540
-134
-839
-903
-517
-270
-651
-1111
-1219
-1211
-1213
-1552
-1587
-1279
-1180
-1504
-1941
-1986
-1628
-1337
-1539
-1757
-1785
-1618
-1464
-1412
-1358
-1146
-984
-1039
-1090
-1023
-874
-748
-666
-570
-432
-319
-352
-422
-304
-34
100
-27
-281
-347
-71
92
-19
-194
-140
-72
-234
-257
58
572
452
-329
-716
-7
737
619
-339
-752
225
1089
767
-257
-477
691
1738
1266
76
25
1269
2144
1546
466
836
2092
2644
1897
986
1476
2512
2707
1777
1115
1597
2465
2381
1472
1045
1660
2229
1826
839
559
1146
1535
1105
342
65
345
523
58
-504
-678
-606
-634
-862
-1237
-1350
-1543
-1896
-2026
-1945
-1740
-1932
-2405
-2764
-2574
-2167
-2267
-2578
-2691
-2298
-1783
-1968
-2393
-2414
-1869
-1268
-1252
-1514
-1524
-1183
-809
-825
-864
-700
-426
-346
-526
-463
-86
433
574
322
80
197
522
667
610
570
815
1097
971
507
371
807
1503
1739
1201
585
674
1246
1670
1543
983
780
1035
1531
1518
900
536
1019
1771
1596
731
213
1026
2081
1809
653
263
1307
2263
1816
571
387
1414
2072
1422
193
65
994
1484
733
-306
-377
327
691
225
-487
-614
-255
-93
-453
-843
-962
-741
-815
-1277
-1614
-1655
-1355
-1373
-1635
-2015
-2182
-2116
-2095
-2162
-2236
-2125
-1966
-2049
-2288
-2188
-1743
-1373
-1307
-1332
-1248
-1055
-813
-668
-462
-140
89
196
32
-25
253
685
877
713
512
618
1025
1177
926
756
892
1068
997
679
508
714
1133
1193
836
480
435
656
777
697
554
636
735
506
227
225
502
776
553
62
-41
320
647
503
36
-140
240
599
351
23
79
565
819
418
115
391
1072
1179
650
217
344
873
900
601
428
752
1050
647
216
333
881
991
331
-287
-321
179
245
-184
-478
-476
-331
-654
-1103
-1178
-997
-1018
-1244
-1451
-1488
-1470
-1743
-1859
-1630
-1482
-1595
-1947
-2096
-1734
-1309
-1105
-1267
-1333
-1126
-906
-891
-805
-617
-387
-236
-379
-477
-253
201
484
323
152
265
640
757
551
510
702
1068
1017
695
737
1057
1315
1117
669
569
742
1065
1152
901
717
505
554
684
890
958
773
568
455
487
514
534
452
419
309
157
-8
-128
-62
189
393
293
61
-63
86
349
331
267
387
639
652
303
66
358
809
870
546
215
392
663
456
77
15
261
362
-20
-545
-622
-330
-198
-504
-896
-1011
-936
-964
-1127
-1293
-1312
-1294
-1366
-1467
-1518
-1506
-1528
-1617
-1559
-1454
-1456
-1444
-1368
-1209
-1124
-1096
-1136
-912
-453
-253
-339
-614
-516
15
366
361
115
157
602
930
900
555
649
1110
1469
1332
957
840
1088
1469
1478
1307
1196
1173
1243
1270
1194
1127
1144
1248
1291
1113
599
475
690
1164
1153
397
-105
-46
526
561
-86
-596
-504
-84
-51
-623
-1131
-854
-225
-87
-631
-1171
-897
-246
-48
-473
-838
-559
-5
108
-360
-530
-189
283
190
-360
-496
-168
175
45
-420
-484
-141
33
-202
-589
-550
-198
-74
-296
-666
-627
-321
-267
-448
-791
-850
-646
-453
-500
-601
-717
-787
-651
-489
-411
-400
-461
-543
-447
-336
-141
80
157
168
162
225
457
672
826
934
977
940
889
897
954
1124
1291
1269
1035
951
1051
1175
1200
1021
992
989
828
638
424
491
598
526
203
-38
-124
-84
-36
-144
-479
-698
-725
-567
-475
-807
-1111
-1124
-847
-708
-1098
-1522
-1423
-939
-679
-986
-1448
-1341
-798
-447
-511
-785
-682
-188
105
2
-216
-16
528
818
525
95
218
841
1189
813
396
508
831
885
621
446
715
942
723
244
-12
164
441
474
222
-39
-161
-124
-70
-205
-453
-588
-635
-709
-707
-707
-650
-678
-752
-666
-647
-761
-758
-592
-378
-301
-430
-351
-175
30
178
198
267
409
555
577
645
776
871
877
868
876
1036
1116
1041
883
816
878
864
764
635
599
534
422
342
271
97
8
-22
38
19
-199
-463
-631
-510
-321
-305
-632
-1002
-1020
-851
-791
-962
-1177
-1226
-1068
-927
-1051
-1204
-1269
-960
-630
-546
-689
-762
-445
73
246
51
-91
161
624
715
472
318
539
822
867
685
528
625
746
731
638
542
461
419
404
398
244
-51
-199
21
203
28
-280
-304
-134
-57
-295
-516
-447
-167
-35
-306
-535
-416
-119
-15
-179
-304
-189
85
259
193
197
339
544
619
564
529
646
774
763
682
633
730
782
839
794
834
933
734
460
201
226
378
281
53
-214
-220
-133
-129
-225
-398
-628
-719
-761
-813
-912
-1179
-1258
-1192
-1039
-1177
-1485
-1569
-1318
-1051
-1146
-1442
-1643
-1375
-960
-756
-889
-1131
-948
-489
-197
-228
-330
-60
433
665
495
360
578
990
1158
967
910
1103
1216
1119
1072
1283
1479
1224
811
710
1001
1093
770
430
583
813
672
175
-141
124
358
286
-71
-281
-192
-57
-29
-121
-258
-280
-240
-225
-178
-110
-106
-16
19
32
74
105
241
249
223
236
365
443
405
371
389
567
571
340
120
133
254
239
137
-13
-103
-183
-220
-284
-331
-423
-572
-654
-644
-718
-877
-963
-900
-782
-874
-1067
-1235
-1222
-1130
-1135
-1198
-1299
-1392
-1369
-1195
-935
-812
-866
-893
-660
-342
-219
-330
-308
50
385
476
338
418
756
1016
1081
988
1027
1144
1256
1293
1319
1342
1347
1192
1108
1224
1284
1181
1019
965
985
886
595
432
444
602
440
59
-91
-35
72
-27
-188
-260
-286
-409
-570
-564
-490
-417
-480
-631
-540
-498
-544
-577
-524
-359
-289
-311
-379
-228
-36
31
1
-97
-40
115
214
301
307
297
208
190
261
267
192
42
17
-3
-60
-120
-164
-166
-75
-123
-330
-527
-607
-563
-564
-630
-765
-859
-1006
-1126
-1041
-810
-691
-887
-1127
-1008
-774
-607
-668
-720
-538
-309
-255
-336
-230
70
293
378
344
365
530
763
1030
1086
1091
1047
983
1081
1171
1192
1145
1117
1160
1244
1173
947
826
921
1126
1043
700
477
431
561
588
375
151
17
89
138
14
-252
-382
-266
-243
-355
-639
-779
-596
-499
-482
-675
-829
-715
-557
-478
-527
-520
-400
-305
-280
-361
-300
-180
-47
-34
-106
-28
137
219
129
46
62
137
197
88
-54
-93
-5
-21
-181
-301
-318
-274
-378
-537
-624
-600
-564
-619
-714
-783
-813
-880
-948
-920
-787
-739
-805
-812
-604
-458
-425
-457
-359
-166
-106
-112
-87
76
334
425
486
509
591
776
919
994
951
896
1012
1182
1320
1320
1165
1130
1239
1296
1108
929
965
1063
994
718
493
492
562
437
172
38
60
40
12
-87
-165
-252
-357
-368
-419
-464
-502
-549
-423
-413
-467
-527
-524
-462
-440
-472
-484
-372
-251
-156
-153
-173
-74
46
80
57
-58
-82
30
104
28
-83
-82
-29
77
-44
-253
-274
-146
-52
-168
-413
-545
-490
-352
-383
-570
-660
-633
-632
-638
-676
-691
-669
-720
-743
-775
-727
-701
-643
-613
-672
-683
-627
-481
-329
-227
-132
-43
57
217
292
371
520
687
816
854
899
1046
1187
1244
1305
1273
1325
1446
1427
1397
1381
1407
1431
1346
1230
1133
1173
1131
1020
840
650
624
527
357
143
-19
-115
-208
-377
-559
-588
-574
-664
-798
-920
-964
-908
-912
-968
-1069
-1029
-977
-1030
-1053
-1016
-834
-697
-730
-772
-714
-557
-445
-470
-593
-576
-448
-387
-390
-416
-360
-192
-89
-112
-175
-171
-59
-2
-32
-144
-249
-174
-174
-247
-328
-362
-344
-376
-359
-365
-376
-352
-335
-303
-304
-278
-223
-161
-32
29
106
99
129
260
384
510
585
703
720
777
920
1064
1134
1146
1233
1346
1445
1439
1376
1378
1477
1467
1441
1380
1304
1299
1266
1227
1184
1075
959
819
664
542
407
282
176
14
-154
-361
-482
-588
-689
-827
-925
-1000
-1121
-1239
-1347
-1260
-1166
-1211
-1398
-1460
-1367
-1187
-1103
-1173
-1291
-1293
-1155
-1044
-1037
-1044
-943
-765
-604
-604
-665
-621
-441
-257
-235
-318
-300
-150
-69
-68
-72
5
106
104
20
-9
85
198
179
97
20
1
-45
-73
15
126
139
2
-29
22
179
254
200
213
268
363
376
308
300
439
664
816
694
552
591
823
1052
1043
913
870
1024
1144
1148
1116
1054
1081
1061
1007
988
1019
1034
945
853
806
742
593
483
433
319
172
-12
-158
-146
-173
-280
-415
-529
-591
-680
-735
-723
-782
-898
-997
-1000
-943
-940
-960
-1001
-967
-924
-976
-1009
-1010
-958
-908
-882
-858
-829
-730
-723
-719
-593
-452
-366
-376
-356
-280
-223
-176
-137
-78
-58
-1
39
106
167
156
202
230
268
251
188
206
222
203
163
111
115
153
137
100
109
157
183
111
43
27
95
208
253
261
290
284
262
304
378
473
559
594
608
664
679
715
747
739
808
899
943
897
825
864
962
991
876
718
663
687
699
669
579
485
377
280
166
87
16
-72
-155
-291
-322
-360
-418
-469
-577
-690
-792
-865
-942
-1023
-1100
-1116
-1111
-1185
-1331
-1364
-1298
-1218
-1252
-1378
-1382
-1283
-1169
-1134
-1191
-1142
-1043
-972
-918
-859
-747
-694
-610
-569
-401
-269
-238
-142
7
161
174
224
321
433
542
577
622
699
740
775
791
840
994
1103
1069
942
891
993
1049
1034
974
961
1015
1032
978
909
871
882
793
723
702
680
677
608
587
593
544
487
398
409
396
356
263
218
251
292
343
234
182
163
129
95
41
49
-43
-86
-119
-123
-38
-170
-335
-473
-477
-471
-563
-649
-711
-728
-796
-874
-948
-991
-969
-1049
-1053
-1121
-1124
-1141
-1211
-1221
-1211
-1119
-1089
-1059
-1035
-973
-951
-932
-903
-840
-751
-644
-564
-508
-437
-287
-219
-233
-182
-62
59
215
308
421
520
562
650
716
711
741
818
888
968
1018
1037
1070
1100
1103
1060
1001
1010
1031
996
948
884
827
782
698
641
582
524
508
499
410
274
245
264
282
228
142
96
46
-10
-45
-11
-5
-70
-162
-230
-219
-232
-248
-244
-252
-213
-184
-153
-84
-26
-34
-103
-123
-149
-215
-240
-218
-156
-164
-342
-510
-486
-346
-327
-506
-649
-677
-634
-616
-693
-774
-804
-822
-794
-845
-869
-808
-759
-698
-692
-738
-767
-775
-685
-587
-545
-536
-526
-429
-300
-146
-58
-35
54
165
313
390
393
411
537
653
658
682
705
817
905
921
942
924
920
906
947
973
942
847
752
771
751
740
703
675
671
583
471
382
382
394
360
297
257
243
214
145
87
39
34
26
-52
-163
-168
-109
-82
-118
-151
-144
-74
-28
-80
-110
-155
-93
-87
-167
-197
-145
-11
45
-60
-148
-150
-112
-99
-224
-347
-429
-376
-403
-575
-644
-689
-616
-662
-799
-914
-951
-932
-1000
-1106
-1165
-1170
-1163
-1152
-1183
-1158
-1069
-1011
-904
-791
-769
-715
-649
-578
-494
-448
-353
-191
-55
-17
6
115
301
427
420
457
589
764
857
843
929
1041
1132
1215
1178
1178
1169
1230
1296
1212
1112
1049
1077
1054
994
879
816
877
845
758
657
638
650
585
438
313
257
257
229
144
126
105
36
-39
-122
-111
-107
-126
-160
-204
-242
-260
-227
-246
-229
-291
-352
-308
-316
-320
-301
-324
-290
-261
-304
-358
-405
-381
-314
-336
-424
-530
-582
-547
-577
-644
-658
-707
-780
-817
-780
-737
-748
-792
-802
-863
-891
-858
-764
-728
-703
-716
-675
-571
-500
-430
-383
-288
-218
-221
-200
-109
23
135
203
222
277
417
526
634
745
849
864
884
878
935
1039
1102
1148
1128
1141
1145
1152
1190
1166
1112
1054
948
872
806
789
786
662
500
388
288
228
135
22
-62
-81
-117
-155
-234
-283
-286
-310
-383
-518
-605
-674
-622
-667
-736
-785
-755
-689
-705
-700
-674
-573
-469
-429
-472
-477
-424
-334
-291
-333
-359
-348
-273
-218
-216
-250
-250
-218
-263
-311
-312
-285
-238
-245
-247
-254
-260
-269
-332
-356
-292
-274
-281
-266
-264
-192
-128
-90
-116
-120
-100
-61
29
93
91
148
221
268
365
428
510
522
550
600
648
679
700
772
822
836
814
791
764
734
727
730
718
662
628
607
602
609
548
511
453
427
353
238
169
148
123
105
6
-142
-167
-173
-198
-248
-316
-376
-359
-385
-431
-517
-462
-423
-466
-494
-576
-525
-472
-433
-446
-510
-455
-361
-297
-318
-319
-296
-215
-185
-204
-236
-220
-152
-148
-187
-191
-144
-90
-151
-253
-313
-298
-263
-298
-345
-355
-309
-240
-260
-347
-329
-307
-302
-362
-399
-368
-294
-161
-105
-99
-109
-104
-119
-104
-83
-65
-18
41
76
84
147
227
294
403
473
475
486
497
540
576
623
681
664
617
599
591
588
587
562
547
540
499
470
466
525
528
487
420
384
321
279
260
210
184
115
82
34
4
1
-58
-142
-193
-242
-223
-236
-282
-335
-322
-278
-290
-308
-316
-314
-291
-320
-349
-373
-359
-271
-252
-260
-343
-412
-393
-333
-322
-303
-303
-288
-282
-351
-388
-371
-290
-297
-361
-392
-392
-352
-323
-284
-272
-246
-285
-358
-360
-326
-250
-204
-211
-230
-219
-153
-117
-84
-9
18
61
134
125
137
201
289
398
381
369
386
459
529
546
552
561
563
606
660
711
736
730
771
759
737
695
667
681
658
639
616
573
559
562
525
453
333
211
159
128
122
94
12
-83
-150
-184
-222
-295
-366
-425
-470
-470
-495
-520
-522
-487
-486
-532
-583
-591
-574
-566
-556
-562
-611
-608
-614
-622
-542
-496
-493
-536
-582
-546
-452
-351
-344
-419
-374
-325
-327
-336
-382
-329
-231
-183
-214
-291
-239
-119
17
43
26
22
49
89
94
47
33
114
168
231
208
199
272
322
351
383
408
450
510
540
554
593
591
565
590
685
747
741
682
636
707
766
706
627
600
565
551
509
435
395
343
334
292
206
126
99
107
91
39
-24
-138
-171
-122
-158
-230
-333
-349
-381
-406
-426
-482
-436
-460
-475
-490
-499
-471
-393
-374
-423
-412
-432
-423
-450
-481
-431
-425
-420
-440
-460
-431
-392
-382
-375
-392
-345
-308
-308
-311
-345
-339
-241
-184
-174
-151
-109
-23
-15
-61
-102
-64
30
87
99
15
-7
89
177
183
205
212
272
312
317
320
301
376
467
433
414
399
416
478
496
494
455
447
437
447
464
493
500
497
440
383
410
388
361
288
285
269
248
187
114
71
72
92
24
-97
-227
-244
-233
-271
-306
-309
-321
-272
-282
-341
-332
-324
-301
-271
-271
-284
-255
-236
-244
-232
-240
-277
-257
-299
-321
-268
-228
-191
-247
-214
-222
-219
-231
-268
-279
-306
-268
-255
-220
-265
-276
-262
-251
-178
-180
-214
-174
-148
-117
-118
-198
-172
-84
-30
-16
-21
14
99
141
135
132
127
168
209
231
238
276
323
337
329
325
350
382
462
511
520
508
485
521
505
499
504
476
473
461
467
456
457
450
446
405
377
337
314
297
248
243
162
94
46
32
20
-75
-127
-134
-144
-183
-231
-253
-255
-294
-335
-370
-374
-334
-357
-394
-433
-467
-465
-504
-520
-516
-487
-464
-489
-499
-529
-537
-510
-477
-437
-427
-435
-411
-383
-338
-326
-364
-353
-333
-284
-226
-244
-224
-183
-105
-74
-83
-51
-24
68
120
93
96
212
306
332
346
311
350
373
378
364
346
373
376
405
434
417
411
413
440
425
391
368
350
378
413
402
378
393
405
430
418
412
370
325
316
284
273
265
256
208
176
145
95
30
-1
8
-47
-113
-190
-224
-263
-265
-304
-325
-289
-303
-311
-374
-362
-297
-274
-324
-370
-352
-354
-368
-396
-432
-406
-392
-368
-369
-424
-425
-414
-381
-381
-384
-377
-365
-343
-321
-291
-306
-267
-261
-246
-213
-178
-82
-46
-12
28
56
58
104
156
169
180
200
196
223
259
273
291
307
321
335
397
456
469
451
459
442
421
467
468
480
498
482
450
433
419
420
403
368
336
314
285
280
223
165
120
72
36
16
11
-46
-82
-96
-159
-215
-257
-263
-300
-297
-303
-336
-333
-347
-350
-332
-301
-297
-283
-321
-355
-318
-285
-298
-315
-330
-318
-287
-259
-264
-262
-218
-211
-230
-247
-207
-159
-108
-76
-58
-53
-46
-35
17
46
7
-17
-46
-93
-82
-44
-32
-50
-46
-3
29
37
30
66
94
123
123
79
78
104
146
120
127
119
136
221
206
218
195
225
255
282
262
243
241
208
223
202
226
206
202
186
144
126
79
36
67
73
72
111
86
110
85
69
86
95
85
47
34
40
30
45
58
38
35
20
-3
12
9
48
33
19
45
14
-22
-21
-28
0
-3
-51
-61
-65
-86
-98
-161
-183
-181
-214
-215
-229
-235
-230
-253
-315
-322
-334
-343
-367
-379
-385
-384
-371
-361
-320
-304
-310
-322
-332
-274
-242
-220
-148
-140
-94
-68
-72
-10
22
44
53
71
147
175
235
287
311
374
397
429
421
453
480
501
503
478
440
440
447
458
457
417
410
375
341
313
303
294
256
183
122
129
94
66
-22
-72
-88
-105
-132
-158
-149
-162
-133
-153
-202
-208
-206
-203
-229
-273
-251
-219
-193
-210
-211
-219
-194
-203
-249
-259
-243
-211
-187
-182
-185
-157
-124
-124
-155
-154
-183
-182
-187
-195
-193
-196
-166
-192
-209
-226
-208
-157
-147
-134
-129
-134
-142
-171
-184
-201
-189
-151
-143
-101
-83
-46
24
86
104
83
65
70
87
117
117
144
177
226
299
355
384
442
492
441
429
418
463
484
470
460
471
498
483
445
395
394
393
379
345
298
277
229
194
121
41
0
-6
2
-30
-79
-133
-147
-157
-188
-242
-262
-239
-268
-285
-276
-261
-247
-237
-252
-243
-221
-212
-223
-238
-219
-183
-205
-233
-243
-244
-256
-243
-225
-220
-192
-225
-241
-244
-207
-241
-233
-234
-228
-246
-270
-262
-232
-191
-181
-160
-126
-91
-109
-118
-98
-21
0
8
34
68
107
164
167
161
197
207
218
201
203
209
253
307
295
297
318
373
403
393
373
374
389
354
318
327
333
301
276
211
170
191
179
155
110
61
72
32
-47
-56
-94
-118
-95
-130
-185
-203
-219
-251
-264
-286
-271
-260
-275
-280
-277
-246
-213
-205
-177
-188
-173
-182
-180
-154
-179
-169
-161
-187
-158
-142
-135
-92
-66
-25
3
20
-16
-31
-34
14
56
64
50
63
35
14
29
26
38
71
62
51
69
71
67
48
54
37
60
78
53
74
57
31
24
27
42
71
115
129
181
169
166
172
197
206
211
205
183
170
208
232
241
256
221
193
167
146
168
208
184
180
153
142
139
108
111
77
29
32
-1
-54
-74
-84
-106
-154
-175
-211
-241
-214
-218
-230
-237
-258
-265
-273
-276
-307
-316
-308
-321
-306
-278
-229
-198
-201
-208
-237
-267
-215
-181
-196
-190
-187
-130
-113
-103
-50
-20
27
-4
-49
-26
-32
19
54
12
-10
-15
7
7
48
107
105
68
45
19
-2
45
68
111
110
86
105
125
156
168
190
225
194
196
216
224
237
246
244
253
270
284
311
311
313
307
265
210
197
175
139
78
71
102
116
107
85
67
57
63
47
35
18
-7
-26
-51
-107
-156
-153
-159
-164
-178
-166
-170
-200
-192
-216
-226
-205
-180
-199
-230
-260
-278
-271
-255
-261
-262
-282
-304
-324
-348
-335
-282
-245
-212
-189
-197
-163
-143
-103
-83
-66
-52
-54
12
17
42
61
52
35
15
11
-18
6
22
55
65
87
140
172
215
244
240
252
267
255
244
265
253
273
291
307
342
342
325
284
282
249
264
269
256
217
210
228
202
202
222
207
206
186
153
125
60
55
38
-20
-57
-96
-113
-67
-87
-87
-122
-155
-132
-142
-155
-188
-235
-271
-291
-278
-259
-252
-257
-267
-295
-325
-313
-292
-292
-310
-310
-309
-291
-269
-241
-216
-194
-179
-177
-151
-151
-114
-105
-161
-202
-178
-179
-134
-127
-75
-87
-97
-70
-101
-115
-89
-19
35
71
84
102
153
157
182
193
191
205
196
221
219
289
315
319
314
331
331
338
346
368
324
298
303
281
280
269
260
269
297
277
269
241
255
274
249
197
171
168
141
126
106
69
27
-14
-55
-31
-39
-60
-75
-101
-72
-85
-117
-157
-202
-244
-277
-300
-336
-326
-316
-317
-296
-275
-272
-290
-284
-277
-295
-320
-316
-279
-303
-280
-261
-267
-239
-225
-233
-230
-223
-212
-219
-223
-183
-151
-113
-58
-54
-46
-34
-19
-9
13
5
32
64
78
75
56
87
141
155
152
153
167
174
160
205
240
270
301
306
300
307
301
273
256
239
268
302
304
325
321
312
306
298
265
239
180
165
155
152
123
77
77
58
27
-21
-37
-62
-49
-40
-58
-74
-90
-107
-96
-84
-103
-115
-124
-123
-110
-130
-145
-166
-181
-140
-127
-136
-146
-178
-163
-162
-175
-171
-189
-175
-165
-190
-194
-175
-177
-176
-196
-206
-220
-202
-205
-171
-128
-146
-112
-84
-94
-91
-105
-101
-86
-71
-64
-90
-62
-56
-43
-61
-70
-20
-9
8
7
49
42
53
58
67
62
86
88
74
63
59
109
85
115
124
131
140
164
192
178
154
150
168
152
158
170
167
197
213
211
216
218
221
224
224
213
230
190
161
163
122
135
108
66
69
55
71
96
102
94
69
19
14
3
29
7
-21
-18
-35
-53
-59
-95
-86
-109
-127
-144
-163
-157
-187
-196
-162
-154
-177
-198
-244
-247
-260
-263
-259
-265
-294
-290
-262
-242
-202
-179
-142
-152
-172
-137
-147
-96
-65
-83
-62
-61
-18
-2
6
5
5
28
37
56
64
98
107
113
132
139
136
168
184
196
215
260
244
228
194
181
170
129
142
173
187
176
176
189
207
185
190
173
158
143
121
89
53
45
30
12
4
-29
-69
-66
-66
-103
-125
-143
-143
-159
-182
-181
-185
-177
-160
-155
-143
-135
-142
-174
-189
-174
-150
-168
-202
-182
-158
-154
-151
-113
-131
-130
-97
-96
-92
-65
-82
-99
-111
-108
-52
9
60
95
111
106
79
48
65
55
87
101
83
86
74
81
94
97
84
87
68
64
97
70
63
80
99
78
90
131
129
174
182
148
124
100
79
71
79
73
44
50
32
30
58
68
76
80
62
60
101
109
115
102
85
98
93
92
106
86
50
48
19
-3
40
46
42
13
-10
-45
-114
-118
-146
-168
-189
-231
-278
-277
-262
-262
-260
-219
-176
-153
-132
-120
-92
-92
-101
-132
-144
-146
-125
-96
-29
25
30
11
-60
-33
-35
-25
7
-6
6
-37
-30
-18
0
41
76
91
57
48
54
49
56
66
73
59
42
28
35
51
34
21
11
17
4
-21
-4
22
-5
-16
-19
-2
3
3
21
19
0
-20
-16
8
19
22
34
20
1
-10
-21
12
60
63
96
68
35
44
41
59
60
68
65
54
88
104
122
109
99
77
85
107
134
182
174
136
85
84
73
82
54
50
7
-12
-35
-59
-57
-97
-94
-111
-126
-145
-167
-191
-154
-131
-126
-115
-131
-141
-121
-118
-146
-176
-197
-202
-188
-156
-160
-145
-121
-127
-117
-118
-104
-78
-67
-51
-52
-38
-6
4
47
34
39
58
54
62
49
63
89
129
100
92
91
97
81
79
108
134
164
191
179
171
182
209
233
234
234
238
222
193
191
178
196
179
173
155
127
115
86
92
78
57
62
45
46
42
65
31
-7
33
17
11
19
8
-22
-15
-41
-85
-133
-194
-234
-260
-250
-235
-232
-237
-250
-256
-286
-288
-294
-284
-243
-233
-214
-228
-233
-243
-261
-259
-260
-282
-290
-249
-200
-149
-129
-115
-150
-147
-143
-62
4
32
76
72
59
56
66
63
96
94
94
119
124
128
167
205
234
231
220
199
207
221
212
246
258
271
253
242
214
220
245
255
251
216
174
131
117
115
115
116
91
83
103
91
77
39
24
36
43
49
70
61
41
59
40
25
-11
-40
-52
-70
-82
-84
-59
-67
-68
-58
-57
-50
-66
-80
-79
-97
-91
-100
-99
-99
-124
-152
-206
-229
-221
-206
-198
-183
-180
-183
-206
-200
-208
-206
-174
-172
-149
-169
-167
-190
-218
-232
-230
-155
-90
-51
-57
-86
-133
-155
-111
-88
-78
-47
-10
8
34
43
22
55
70
109
136
127
180
209
227
228
230
262
252
255
275
272
277
271
262
249
226
235
225
235
261
231
220
182
153
120
118
115
85
63
57
50
47
40
5
4
4
29
39
20
-20
-64
-85
-85
-84
-101
-103
-159
-191
-194
-184
-159
-168
-188
-211
-219
-207
-142
-120
-103
-94
-121
-129
-115
-104
-96
-122
-149
-170
-173
-171
-180
-153
-135
-95
-49
-28
-22
-54
-66
-56
-57
-66
-70
-77
-85
-66
-75
-80
-87
-69
-50
-3
31
2
-2
17
13
14
58
77
86
82
92
86
113
142
148
136
128
133
157
206
241
288
323
314
296
304
269
283
279
276
276
270
272
236
223
187
174
167
137
120
88
51
28
9
-21
-27
-10
0
-3
-51
-88
-93
-146
-179
-188
-213
-203
-169
-193
-191
-190
-228
-269
-279
-299
-290
-276
-247
-208
-246
-249
-261
-272
-263
-227
-201
-169
-150
-131
-122
-127
-114
-118
-124
-109
-95
-75
-64
-51
-50
-54
-42
-40
-28
13
48
34
54
63
72
93
97
130
129
156
172
151
148
159
166
167
169
199
218
244
268
265
259
245
232
227
233
213
211
189
175
123
129
141
128
122
131
95
60
77
59
54
46
21
-3
-10
-36
-37
-38
-32
-43
-54
-56
-95
-102
-116
-105
-108
-115
-132
-183
-184
-182
-194
-155
-136
-152
-172
-182
-195
-194
-169
-174
-178
-157
-157
-142
-119
-108
-84
-74
-65
-60
-68
-54
-30
-12
-30
-60
-64
-44
-13
1
18
36
34
40
26
5
16
-10
3
-10
10
19
-7
10
28
43
40
63
34
41
30
30
73
75
109
102
97
96
75
85
102
141
164
151
170
136
117
94
93
105
115
137
137
147
127
91
70
36
33
43
47
54
24
10
-3
-6
-13
-43
-64
-83
-84
-83
-57
-51
-45
-28
-55
-66
-55
-68
-83
-97
-76
-61
-62
-56
-56
-56
-86
-65
-72
-90
-84
-98
-87
-83
-99
-123
-119
-129
-129
-85
-56
-41
-9
-12
-27
-31
-16
-25
-30
-18
13
-7
-15
22
0
16
49
63
96
120
120
115
95
65
63
43
28
56
70
83
68
52
47
39
67
73
80
63
73
84
93
126
104
87
61
44
18
-2
-36
-48
-29
-19
-11
-38
-45
-17
-4
23
32
14
10
13
9
18
14
3
-6
-14
-9
-25
-40
-59
-65
-61
-53
-52
-57
-60
-50
-16
-7
-4
-3
-12
-38
-46
-46
-37
-26
-13
14
6
-11
-23
-10
-13
23
19
-21
-66
-93
-76
-72
-98
-115
-115
-122
-78
-77
-50
-60
-58
-66
-81
-85
-68
-31
-16
-4
-51
-7
-3
5
35
18
41
51
55
77
99
112
87
70
62
49
41
32
32
36
41
25
24
19
20
44
67
93
94
101
63
43
27
13
31
46
58
79
91
62
74
59
58
76
72
99
86
74
58
73
86
88
77
74
87
75
48
42
53
43
10
1
-43
-67
-76
-98
-58
-62
-102
-115
-112
-112
-116
-150
-156
-148
-165
-154
-164
-123
-116
-124
-111
-112
-103
-73
-44
-39
-47
-86
-71
-59
-43
-25
-7
10
16
22
13
7
-9
-12
-6
40
76
54
52
27
6
14
13
17
3
1
16
25
39
63
70
85
82
76
82
55
33
37
28
36
37
46
42
37
37
33
46
46
49
39
21
6
15
23
12
9
5
23
27
55
65
74
87
61
84
38
26
39
44
42
66
45
5
-4
-44
-77
-68
-75
-80
-68
-70
-95
-124
-139
-132
-119
-133
-130
-147
-185
-200
-196
-188
-163
-166
-172
-134
-116
-104
-63
-57
-38
-30
-34
-12
-6
36
58
50
87
96
98
106
102
86
69
63
72
67
72
99
106
106
121
163
196
174
164
160
137
135
115
116
133
151
154
148
137
112
83
103
92
104
78
28
32
9
25
66
47
41
41
15
15
9
-23
-21
-43
-35
-48
-81
-93
-119
-98
-95
-145
-142
-122
-115
-109
-105
-110
-141
-152
-158
-129
-107
-137
-147
-147
-144
-123
-123
-115
-133
-151
-126
-117
-97
-83
-75
-67
-57
-27
-15
-6
6
38
31
15
16
0
15
41
38
44
25
29
47
30
41
42
25
11
34
26
55
63
54
65
68
82
103
117
137
129
120
136
124
123
140
154
154
141
101
86
48
77
102
103
80
48
47
19
41
55
40
8
-29
-42
-14
1
-17
-25
-39
-57
-55
-60
-75
-90
-79
-86
-76
-70
-78
-81
-75
-94
-109
-107
-112
-113
-119
-112
-102
-80
-87
-100
-104
-89
-101
-98
-90
-79
-64
-38
-18
-18
9
28
44
38
25
16
15
-3
20
44
57
63
40
36
56
42
36
11
11
51
70
75
58
68
66
61
51
42
47
38
20
34
41
27
29
16
5
8
21
49
61
86
110
109
114
96
97
99
93
89
89
80
63
67
78
70
74
66
58
34
2
-14
-49
-57
-52
-61
-82
-106
-114
-119
-117
-120
-104
-101
-93
-95
-107
-110
-121
-130
-146
-154
-146
-136
-134
-108
-116
-105
-107
-120
-105
-96
-86
-73
-50
-31
-19
35
45
34
25
18
5
-5
10
26
45
52
48
50
54
63
79
56
63
85
76
85
92
101
88
72
56
54
49
32
38
30
41
43
33
33
6
21
37
24
30
24
31
28
12
21
25
32
45
70
64
34
27
7
-6
-18
-20
-7
-5
8
17
-6
-18
2
-1
16
-8
-5
-5
-18
-3
-15
-23
-27
-33
-32
-12
-6
7
14
14
9
-9
-13
-9
-9
-11
-17
-39
-46
-38
-40
-35
-53
-50
-84
-114
-112
-113
-88
-67
-73
-55
-51
-38
-35
-15
-7
5
7
7
32
41
52
50
51
53
61
40
68
70
66
72
51
36
30
32
15
19
38
50
66
54
45
45
40
31
26
21
-5
-23
0
-15
-1
20
13
23
7
13
24
30
34
42
44
29
14
-2
1
11
7
-1
-9
0
-10
-38
-31
-52
-50
-41
-62
-76
-90
-73
-53
-26
-22
-14
-11
-26
-19
-11
3
20
14
-1
-12
-37
-53
-59
-60
-26
-27
-26
-26
-45
-49
-42
-16
4
-3
5
-11
-4
-12
-11
-14
-20
-2
-29
-12
-21
14
14
9
16
14
29
24
16
21
8
-23
-16
-25
-8
13
14
18
22
22
21
9
12
4
8
3
9
0
-15
2
-2
5
3
5
11
33
27
36
30
19
27
21
24
40
55
67
75
62
60
80
74
58
43
25
15
-6
-30
-38
-36
-33
-38
-30
-19
-15
-13
-23
-38
-24
-16
-9
-13
-30
-35
-62
-70
-69
-50
-34
-21
-13
-21
-34
-36
-18
-2
22
40
48
39
32
16
6
-2
4
12
9
9
-23
-27
-21
-25
-19
-22
-16
-19
-22
5
22
14
27
6
11
7
1
12
13
34
17
13
-8
-15
-8
12
27
46
51
46
44
44
38
22
19
9
12
19
33
26
37
43
49
49
32
34
26
7
-8
-17
-9
1
16
23
18
3
-18
-19
-23
-27
-18
-14
-14
-20
-6
-15
-24
-30
-33
-26
-16
-14
-24
-21
-37
-40
-55
-63
-57
-47
-44
-54
-67
-79
-74
-68
-65
-50
-70
-88
-88
-79
-52
-49
-48
-38
-30
-20
-32
-30
-30
-30
-24
-22
-12
4
34
42
25
11
18
36
14
31
52
59
59
56
58
52
59
70
86
81
87
74
68
67
67
58
61
81
78
79
84
91
70
56
43
35
29
23
47
43
54
50
37
26
12
8
12
7
-4
-13
-12
-3
1
-4
-8
-14
-17
-19
-19
-20
-13
-13
-19
-20
-23
-32
-42
-53
-57
-60
-58
-42
-44
-42
-62
-64
-57
-55
-51
-40
-42
-49
-57
-50
-52
-63
-56
-48
-43
-51
-54
-38
-43
-33
-14
11
17
18
15
2
3
3
-3
-3
13
37
41
35
36
37
34
37
45
43
43
57
52
42
48
46
32
22
12
5
-6
-17
-24
-18
-17
-27
-19
-15
-22
-20
-24
-33
-33
-33
-25
-25
-29
-23
-19
-12
-4
-2
-3
-15
-20
-23
-12
12
18
28
44
35
44
25
15
16
25
45
44
55
56
63
70
57
60
43
38
41
11
-13
-22
-10
2
3
16
12
3
-10
-17
-12
-13
-4
-10
-15
-14
-16
-25
-22
-9
-9
-16
-19
-37
-43
-59
-61
-50
-58
-40
-27
-32
-25
-29
-35
-47
-43
-28
-29
-17
-3
-5
-6
-23
-33
-36
-34
-22
-29
-10
-12
-18
-19
-23
-20
-21
1
-6
-4
16
26
51
53
46
48
52
37
38
56
75
71
75
77
49
30
15
18
26
22
28
31
31
32
30
31
22
23
24
18
12
19
20
16
18
11
23
21
18
13
2
22
25
20
16
11
6
-1
7
29
25
23
9
-2
-15
-42
-56
-73
-92
-85
-74
-59
-40
-29
-26
-34
-54
-64
-62
-60
-45
-21
-9
-18
-22
-21
-17
-26
-19
-28
-41
-50
-62
-51
-41
-35
-36
-37
-35
-34
-28
-20
-18
-14
-6
10
7
7
5
20
23
18
27
33
41
48
51
55
54
58
60
72
72
78
72
65
69
63
69
62
57
36
21
32
35
33
34
22
12
2
7
5
1
-5
-19
-26
-47
-68
-66
-71
-69
-47
-54
-54
-40
-25
-19
-12
-10
-13
-22
-18
-15
-2
13
5
8
0
-7
-8
-6
-5
-2
6
12
7
12
14
12
23
20
6
10
13
8
17
13
-3
-5
1
-11
1
8
15
23
20
23
16
29
15
15
16
18
18
5
0
-11
-21
-28
-17
-23
-27
-27
-20
-22
-23
-17
-13
-15
-22
-20
-2
3
-10
-10
-6
-14
-9
-9
-12
-5
-3
-6
-1
-2
-5
-11
-12
-16
-19
-14
-1
8
10
18
18
27
40
50
58
65
54
57
46
26
23
6
9
0
-6
-7
-10
-8
-20
-20
-19
-17
-28
-29
-34
-42
-52
-62
-74
-84
-81
-78
-74
-67
-64
-58
-63
-52
-47
-34
-22
-15
-3
-10
1
4
8
22
28
35
43
35
28
24
27
39
37
47
49
55
56
47
47
49
59
66
75
74
76
72
68
70
63
58
51
44
21
8
10
7
9
11
5
1
-12
-14
-25
-39
-35
-37
-39
-46
-54
-54
-56
-49
-46
-36
-34
-36
-36
-41
-51
-62
-61
-51
-48
-34
-27
-26
-25
-11
-7
-2
12
5
12
6
-1
-1
11
18
13
6
7
14
16
16
26
21
12
15
11
19
15
15
19
20
26
33
35
24
31
33
30
33
22
9
10
9
14
23
23
34
24
25
27
17
6
-2
-6
-16
-21
-19
-19
-14
-14
-6
5
8
6
-4
-3
-6
0
-4
-2
5
6
4
9
12
4
2
-6
-13
-18
-16
-19
-24
-23
-20
-24
-37
-36
-44
-46
-46
-58
-55
-49
-35
-32
-16
-8
-16
-11
-15
-15
-8
-8
2
5
-12
-9
3
8
14
20
23
36
33
27
30
19
11
5
12
9
2
-4
-10
-18
-17
-11
-1
1
-2
-8
-8
-14
-13
-14
-11
-3
-7
5
5
13
4
9
8
4
5
9
21
30
38
46
46
49
51
49
52
48
49
46
32
28
34
31
29
25
18
27
20
20
25
21
12
-1
-3
-10
-1
2
8
12
10
3
-6
-14
-27
-22
-34
-39
-47
-49
-61
-54
-58
-59
-59
-74
-64
-60
-59
-51
-48
-41
-29
-25
-11
-26
-21
-18
-21
-15
-17
-8
-8
1
-1
-8
-6
-9
-10
-4
12
18
18
26
29
34
28
15
10
13
14
16
23
16
15
10
13
13
20
17
16
14
11
18
14
26
28
22
12
0
5
12
14
8
14
9
-3
8
9
3
12
14
9
10
1
-10
-9
-10
-10
-11
-15
-20
-24
-17
-16
-11
-1
1
4
4
11
13
12
15
17
15
2
-10
-16
-23
-17
-12
-8
-12
-8
7
-6
-5
-2
-7
1
5
-9
-16
